51 
1844 
1.3461E-02   -4.0461E-03   
1.4808E-02   -2.7974E-03   
1.5854E-02   -1.7796E-03   
1.6565E-02   -8.8582E-04   
8.6359E-37   -1.1839E-03   
1.6814E-02   1.2115E-37   
1.6970E-02   -1.7034E-34   
1.7117E-02   -4.3433E-35   
1.7484E-02   2.1003E-35   
1.7846E-02   5.1965E-35   
1.8329E-02   1.3604E-34   
1.8939E-02   2.0521E-34   
1.9419E-02   2.5588E-34   
2.0252E-02   3.9525E-34   
2.0882E-02   4.7532E-34   
2.1572E-02   4.0848E-34   
2.1940E-02   6.2988E-34   
2.2718E-02   9.1057E-34   
2.3556E-02   1.2783E-33   
2.4000E-02   -2.3468E-30   
2.4000E-02   -1.3768E-34   
2.4000E-02   -1.3768E-34   
2.4000E-02   -1.3768E-34   
2.4000E-02   -1.3768E-34   
2.4000E-02   -1.3768E-34   
2.4000E-02   -1.3768E-34   
2.4000E-02   -1.3768E-34   
2.4000E-02   -1.3768E-34   
2.4000E-02   -1.3768E-34   
2.4000E-02   -1.3768E-34   
2.4000E-02   -1.3768E-34   
2.4000E-02   -1.3768E-34   
2.2739E-02   -8.0415E-04   
2.1394E-02   -1.4927E-03   
2.0770E-02   -1.7368E-03   
2.0153E-02   -1.9405E-03   
1.8922E-02   -2.2778E-03   
1.8306E-02   -2.4278E-03   
1.7067E-02   -2.7204E-03   
1.6442E-02   -2.8723E-03   
1.4990E-02   -3.3589E-03   
1.1870E-02   -5.1028E-03   
9.4073E-03   -6.5200E-03   
4.9327E-03   -9.4821E-03   
3.8357E-03   -1.0343E-02   
3.3638E-03   -1.0623E-02   
2.4747E-03   -1.1013E-02   
1.6205E-03   -1.1245E-02   
7.9655E-04   -1.1370E-02   
-3.2535E-37   -1.1405E-02   
1.3733E-33   -1.1137E-02   
1.4774E-33   -1.0870E-02   
1.4144E-33   -1.0508E-02   
1.3445E-33   -1.0301E-02   
1.1783E-33   -9.9739E-03   
1.0678E-33   -9.7970E-03   
9.7152E-34   -9.6483E-03   
8.6108E-34   -9.5634E-03   
7.0410E-34   -9.1118E-03   
1.1706E-02   -3.9383E-03   
2.3443E-02   -2.0251E-05   
2.2867E-02   -5.5840E-05   
2.2044E-02   -1.1693E-04   
2.1372E-02   -1.7508E-04   
2.0716E-02   -2.5088E-04   
1.9998E-02   -3.0293E-04   
1.9423E-02   -3.3048E-04   
1.8694E-02   -4.0188E-04   
1.7984E-02   -4.5687E-04   
1.7283E-02   -5.1331E-04   
1.6598E-02   -5.7293E-04   
1.5893E-02   -6.5995E-04   
1.5163E-02   -8.3841E-04   
1.4163E-02   -1.2954E-03   
1.3103E-02   -2.1942E-03   
1.4898E-02   -1.8934E-03   
1.5370E-02   -8.5176E-04   
1.5951E-02   -4.7812E-04   
1.6531E-02   -3.5338E-04   
1.7107E-02   -3.1377E-04   
1.7667E-02   -2.9819E-04   
1.8332E-02   -2.5814E-04   
1.8954E-02   -2.2857E-04   
1.9539E-02   -1.9648E-04   
2.0134E-02   -1.8997E-04   
2.0808E-02   -1.4103E-04   
2.1457E-02   -1.0268E-04   
2.2094E-02   -7.4934E-05   
2.2780E-02   -3.5081E-05   
2.3382E-02   -1.0200E-05   
1.6482E-02   -4.5017E-04   
1.6736E-02   -1.8821E-04   
1.7035E-02   -1.3608E-04   
1.7491E-02   -1.1850E-04   
1.7945E-02   -1.1244E-04   
1.8519E-02   -1.1255E-04   
1.9044E-02   -1.1123E-04   
1.9575E-02   -1.0469E-04   
2.0275E-02   -7.9390E-05   
2.0865E-02   -6.0339E-05   
2.1539E-02   -4.7459E-05   
2.2209E-02   -2.9634E-05   
2.2870E-02   -1.5113E-05   
2.3486E-02   -2.3986E-06   
2.3333E-02   -4.0180E-05   
2.2699E-02   -1.0274E-04   
2.1925E-02   -1.9744E-04   
2.1230E-02   -2.6089E-04   
2.0609E-02   -3.5600E-04   
1.9853E-02   -4.3951E-04   
1.9110E-02   -5.2198E-04   
1.8413E-02   -5.9467E-04   
1.7680E-02   -6.8835E-04   
1.6997E-02   -7.7804E-04   
1.6117E-02   -9.2035E-04   
1.5175E-02   -1.1189E-03   
1.4260E-02   -1.3736E-03   
1.3215E-02   -1.7938E-03   
1.1375E-02   -2.9011E-03   
4.7680E-03   -7.1305E-03   
2.3279E-02   -7.1928E-05   
2.2731E-02   -1.4687E-04   
2.1794E-02   -2.9202E-04   
2.1182E-02   -3.8919E-04   
2.0461E-02   -4.9098E-04   
1.9587E-02   -6.3107E-04   
1.8837E-02   -7.1820E-04   
1.8106E-02   -8.1875E-04   
1.7229E-02   -9.7205E-04   
1.6398E-02   -1.1484E-03   
1.5520E-02   -1.3491E-03   
1.4629E-02   -1.5378E-03   
1.3576E-02   -1.8941E-03   
1.2117E-02   -2.5430E-03   
7.3764E-03   -5.4662E-03   
1.3166E-03   -9.2565E-03   
2.3474E-02   -6.9641E-05   
2.2459E-02   -2.5031E-04   
2.1887E-02   -3.5123E-04   
2.1184E-02   -4.9472E-04   
2.0144E-02   -6.8331E-04   
1.9404E-02   -8.1787E-04   
1.8648E-02   -9.3734E-04   
1.7742E-02   -1.1108E-03   
1.6908E-02   -1.2955E-03   
1.6029E-02   -1.4750E-03   
1.5188E-02   -1.6810E-03   
1.4148E-02   -1.9554E-03   
1.2624E-02   -2.6514E-03   
9.4579E-03   -4.5053E-03   
3.6428E-03   -8.3203E-03   
1.0430E-03   -9.6660E-03   
2.3136E-02   -1.6788E-04   
2.2527E-02   -3.1314E-04   
2.1790E-02   -4.9460E-04   
2.1047E-02   -6.7451E-04   
1.9984E-02   -8.9256E-04   
1.9142E-02   -1.0361E-03   
1.8263E-02   -1.2385E-03   
1.7418E-02   -1.4369E-03   
1.6456E-02   -1.6217E-03   
1.5670E-02   -1.8010E-03   
1.4805E-02   -2.0907E-03   
1.3560E-02   -2.5522E-03   
1.0633E-02   -4.2516E-03   
5.5936E-03   -7.5999E-03   
2.0197E-03   -9.7202E-03   
1.0300E-03   -9.9009E-03   
2.3300E-02   -2.0270E-04   
2.2454E-02   -4.6372E-04   
2.1769E-02   -6.3592E-04   
2.0686E-02   -9.2466E-04   
1.9728E-02   -1.1749E-03   
1.8896E-02   -1.3276E-03   
1.7847E-02   -1.5567E-03   
1.7056E-02   -1.7425E-03   
1.6060E-02   -1.9606E-03   
1.5173E-02   -2.2191E-03   
1.4133E-02   -2.5825E-03   
1.2421E-02   -3.5032E-03   
8.2639E-03   -6.2671E-03   
3.5729E-03   -9.3935E-03   
2.0029E-03   -1.0030E-02   
9.4605E-04   -1.0179E-02   
2.3170E-02   -2.9487E-04   
2.2229E-02   -6.2365E-04   
2.1574E-02   -8.2033E-04   
2.0291E-02   -1.2144E-03   
1.9520E-02   -1.4068E-03   
1.8637E-02   -1.6303E-03   
1.7685E-02   -1.8145E-03   
1.6703E-02   -2.0507E-03   
1.5602E-02   -2.3553E-03   
1.4689E-02   -2.6487E-03   
1.3289E-02   -3.3716E-03   
1.0301E-02   -5.2912E-03   
5.0760E-03   -8.9946E-03   
3.1416E-03   -1.0022E-02   
1.9913E-03   -1.0330E-02   
9.8944E-04   -1.0463E-02   
2.3206E-02   -3.9137E-04   
2.2385E-02   -7.5488E-04   
2.1298E-02   -1.1221E-03   
2.0342E-02   -1.4577E-03   
1.9328E-02   -1.6451E-03   
1.8330E-02   -1.8741E-03   
1.7362E-02   -2.1173E-03   
1.6379E-02   -2.3709E-03   
1.5377E-02   -2.6442E-03   
1.3982E-02   -3.2153E-03   
1.1219E-02   -5.0196E-03   
6.7995E-03   -8.1519E-03   
4.0640E-03   -9.9005E-03   
2.9301E-03   -1.0382E-02   
1.8964E-03   -1.0643E-02   
1.0536E-03   -1.0744E-02   
2.2869E-02   -6.8459E-04   
2.1898E-02   -1.1753E-03   
2.1116E-02   -1.4157E-03   
1.9846E-02   -1.7956E-03   
1.9061E-02   -1.9867E-03   
1.7951E-02   -2.2494E-03   
1.6966E-02   -2.5055E-03   
1.6090E-02   -2.6903E-03   
1.4917E-02   -3.0575E-03   
1.2552E-02   -4.3166E-03   
9.3569E-03   -6.4125E-03   
5.1321E-03   -9.4931E-03   
3.7235E-03   -1.0346E-02   
2.7444E-03   -1.0702E-02   
1.8225E-03   -1.0934E-02   
8.1133E-04   -1.1123E-02   
3.2176E-03   -1.3535E-03   
6.1295E-03   -1.6906E-03   
8.7167E-03   -2.1004E-03   
1.0470E-02   -2.6548E-03   
1.1626E-02   -3.2101E-03   
1.2566E-02   -3.8062E-03   
1.3078E-02   -3.9825E-03   
1.3709E-02   -3.9597E-03   
1.3886E-02   -3.7907E-03   
1.4048E-02   -3.6077E-03   
1.4204E-02   -3.4303E-03   
1.4358E-02   -3.2611E-03   
1.4510E-02   -3.0997E-03   
1.4661E-02   -2.9453E-03   
1.4952E-02   -2.6555E-03   
1.5093E-02   -2.5190E-03   
1.5230E-02   -2.3872E-03   
1.5364E-02   -2.2598E-03   
1.5493E-02   -2.1358E-03   
1.5619E-02   -2.0147E-03   
1.5739E-02   -1.8960E-03   
1.5964E-02   -1.6649E-03   
1.6069E-02   -1.5516E-03   
1.6168E-02   -1.4392E-03   
1.6261E-02   -1.3276E-03   
1.6347E-02   -1.2166E-03   
1.6427E-02   -1.1060E-03   
1.6500E-02   -9.9579E-04   
1.6624E-02   -7.7614E-04   
1.6675E-02   -6.6687E-04   
1.6719E-02   -5.5833E-04   
1.6752E-02   -4.4590E-04   
1.6786E-02   -3.3955E-04   
1.6800E-02   -2.2975E-04   
1.6818E-02   -1.1177E-04   
1.6870E-02   -6.3004E-34   
1.6900E-02   -6.1014E-34   
1.6922E-02   -4.7107E-34   
1.6940E-02   -2.6366E-34   
1.6955E-02   -2.1148E-34   
1.6988E-02   -1.3589E-34   
1.7011E-02   -1.0687E-34   
1.7039E-02   -8.2348E-35   
1.7074E-02   -6.1450E-35   
1.7169E-02   -2.7773E-35   
1.7231E-02   -1.4081E-35   
1.7304E-02   -1.8990E-36   
1.7388E-02   9.6047E-36   
1.7592E-02   3.1429E-35   
1.7713E-02   4.1764E-35   
1.7993E-02   6.3127E-35   
1.8154E-02   7.4476E-35   
1.8518E-02   1.4648E-34   
1.8721E-02   1.1443E-34   
1.9172E-02   2.2419E-34   
1.9681E-02   2.9655E-34   
1.9959E-02   3.3585E-34   
2.0559E-02   4.0441E-34   
2.1220E-02   5.3467E-34   
2.2322E-02   7.7481E-34   
2.3129E-02   7.8535E-34   
2.4000E-02   -1.3768E-34   
2.4000E-02   -1.3768E-34   
2.4000E-02   -1.3768E-34   
2.4000E-02   -1.3768E-34   
2.4000E-02   -1.3768E-34   
2.2042E-02   -1.1925E-03   
1.9538E-02   -2.1175E-03   
1.7688E-02   -2.5736E-03   
1.5817E-02   -3.0430E-03   
1.3739E-02   -3.9909E-03   
6.7321E-03   -8.2361E-03   
4.3411E-03   -1.0002E-02   
2.9136E-03   -1.0843E-02   
2.0436E-03   -1.1143E-02   
1.2044E-03   -1.1319E-02   
3.9658E-04   -1.1401E-02   
1.0042E-33   -1.1272E-02   
1.4465E-33   -1.1001E-02   
1.4412E-33   -1.0743E-02   
2.1110E-33   -1.0622E-02   
2.1459E-33   -1.0401E-02   
1.3131E-33   -1.0209E-02   
1.2761E-33   -1.0123E-02   
1.2251E-33   -1.0045E-02   
1.1390E-33   -9.9088E-03   
1.1019E-33   -9.8499E-03   
1.0389E-33   -9.7503E-03   
1.0123E-33   -9.7099E-03   
9.8982E-34   -9.6758E-03   
9.5858E-34   -9.6271E-03   
9.3941E-34   -9.6111E-03   
9.1428E-34   -9.5972E-03   
8.8803E-34   -9.5822E-03   
8.3777E-34   -9.5384E-03   
8.1072E-34   -9.5023E-03   
7.8604E-34   -9.4528E-03   
7.6057E-34   -9.3825E-03   
7.3045E-34   -9.2755E-03   
6.7629E-34   -8.8649E-03   
6.4858E-34   -8.5040E-03   
6.1988E-34   -7.9991E-03   
5.9379E-34   -7.3322E-03   
5.7032E-34   -6.4895E-03   
8.3242E-34   -5.4261E-03   
7.6432E-34   -4.1999E-03   
5.6179E-34   -2.7351E-03   
1.3948E-02   -3.4514E-03   
1.5043E-02   -2.3537E-03   
1.5461E-02   -1.9688E-03   
1.4274E-02   -3.1014E-03   
1.6450E-02   -9.6298E-04   
1.3435E-02   -4.0218E-03   
9.6849E-03   -3.1195E-03   
1.6176E-02   -1.2812E-03   
1.6711E-02   -5.5311E-04   
1.5844E-02   -1.6146E-03   
1.4591E-02   -2.7827E-03   
1.6596E-02   -7.5667E-04   
1.4745E-02   -2.6338E-03   
1.3187E-02   -4.1303E-03   
1.5722E-02   -1.7301E-03   
1.6274E-02   -1.1738E-03   
1.6845E-02   -1.5777E-04   
4.2596E-03   -2.7181E-03   
1.2803E-02   -4.0933E-03   
1.5186E-02   -2.2215E-03   
1.5323E-02   -2.0931E-03   
1.6527E-02   -8.5936E-04   
1.1223E-02   -3.4545E-03   
1.6758E-02   -4.4979E-04   
7.2514E-03   -2.9654E-03   
1.2289E-02   -3.9475E-03   
1.6366E-02   -1.0678E-03   
1.6658E-02   -6.5467E-04   
1.3617E-02   -3.8358E-03   
1.6071E-02   -1.3904E-03   
1.5960E-02   -1.5015E-03   
1.4434E-02   -2.9385E-03   
1.3783E-02   -3.6399E-03   
1.4112E-02   -3.2723E-03   
1.4896E-02   -2.4911E-03   
1.5594E-02   -1.8481E-03   
2.3921E-03   -5.9181E-03   
2.0597E-03   -6.8358E-03   
1.7469E-03   -7.5954E-03   
1.4388E-03   -8.1888E-03   
1.1526E-03   -8.6264E-03   
9.1168E-04   -8.9364E-03   
7.2094E-04   -9.1496E-03   
5.7715E-04   -9.2928E-03   
4.7384E-04   -9.3881E-03   
1.6905E-02   -8.2759E-05   
4.0506E-04   -9.4517E-03   
1.6923E-02   -6.8509E-05   
3.4946E-04   -9.4949E-03   
1.6938E-02   -5.7761E-05   
2.9870E-04   -9.5262E-03   
1.6953E-02   -4.8881E-05   
2.5660E-04   -9.5505E-03   
1.6969E-02   -4.1837E-05   
2.2351E-04   -9.5704E-03   
1.6989E-02   -3.6295E-05   
2.0041E-04   -9.5882E-03   
1.7014E-02   -3.2070E-05   
1.8860E-04   -9.6067E-03   
1.7045E-02   -2.8995E-05   
1.8869E-04   -9.6281E-03   
1.7084E-02   -2.6886E-05   
1.9436E-04   -9.6545E-03   
1.7132E-02   -2.5571E-05   
2.0192E-04   -9.6866E-03   
1.7189E-02   -2.4955E-05   
2.1015E-04   -9.7245E-03   
1.7257E-02   -2.4936E-05   
2.1934E-04   -9.7685E-03   
1.7336E-02   -2.5381E-05   
2.2953E-04   -9.8187E-03   
1.7426E-02   -2.6135E-05   
2.3999E-04   -9.8748E-03   
1.7529E-02   -2.6915E-05   
2.5054E-04   -9.9369E-03   
1.7643E-02   -2.8172E-05   
2.6120E-04   -1.0005E-02   
1.7769E-02   -2.9652E-05   
2.7170E-04   -1.0079E-02   
1.7907E-02   -3.1574E-05   
2.8521E-04   -1.0159E-02   
1.8060E-02   -3.3236E-05   
3.0097E-04   -1.0246E-02   
1.8228E-02   -3.4296E-05   
3.1010E-04   -1.0341E-02   
1.8410E-02   -3.5292E-05   
3.1916E-04   -1.0443E-02   
1.8608E-02   -3.6141E-05   
3.4259E-04   -1.0553E-02   
1.8822E-02   -3.6189E-05   
3.5576E-04   -1.0673E-02   
1.9047E-02   -3.4757E-05   
3.5690E-04   -1.0800E-02   
1.9282E-02   -3.5597E-05   
3.6811E-04   -1.0931E-02   
1.9536E-02   -3.5124E-05   
3.8566E-04   -1.1070E-02   
1.4370E-02   -2.7778E-03   
1.5844E-02   -1.4593E-03   
1.6295E-02   -1.0332E-03   
1.3690E-02   -3.4833E-03   
1.6838E-02   -2.3585E-04   
8.2698E-03   -3.8993E-03   
1.5144E-02   -2.0600E-03   
1.6747E-02   -4.5256E-04   
1.1868E-02   -4.1470E-03   
1.3160E-02   -4.0914E-03   
1.2911E-02   -4.2197E-03   
1.5581E-02   -1.6892E-03   
1.4696E-02   -2.4726E-03   
1.6558E-02   -7.3726E-04   
1.6629E-02   -6.4180E-04   
1.4852E-02   -2.3297E-03   
1.5438E-02   -1.8081E-03   
1.6390E-02   -9.3274E-04   
1.6192E-02   -1.1359E-03   
1.3863E-02   -3.2938E-03   
1.3344E-02   -3.8896E-03   
5.4760E-03   -4.0255E-03   
1.4034E-02   -3.1134E-03   
1.4999E-02   -2.1942E-03   
1.5291E-02   -1.9311E-03   
1.6478E-02   -8.3417E-04   
1.6692E-02   -5.4719E-04   
1.4203E-02   -2.9417E-03   
1.5966E-02   -1.3487E-03   
1.2520E-02   -4.2071E-03   
1.3518E-02   -3.6820E-03   
1.6082E-02   -1.2410E-03   
1.6796E-02   -3.5448E-04   
1.0385E-02   -3.8757E-03   
1.5715E-02   -1.5731E-03   
1.4535E-02   -2.6218E-03   
2.5814E-03   -4.8159E-03   
4.4819E-03   -6.1110E-03   
3.9459E-03   -6.9511E-03   
3.3254E-03   -7.6388E-03   
2.6963E-03   -8.1700E-03   
2.1574E-03   -8.5655E-03   
1.7132E-03   -8.8547E-03   
1.3560E-03   -9.0624E-03   
1.6880E-02   -1.0732E-04   
1.0772E-03   -9.2099E-03   
8.6696E-04   -9.3137E-03   
1.6890E-02   -1.4662E-04   
7.1246E-04   -9.3850E-03   
1.6904E-02   -1.2578E-04   
6.0331E-04   -9.4355E-03   
1.6918E-02   -1.0584E-04   
5.2156E-04   -9.4739E-03   
1.6932E-02   -9.0166E-05   
4.5884E-04   -9.5050E-03   
1.6949E-02   -7.7929E-05   
4.1364E-04   -9.5327E-03   
1.6971E-02   -6.8379E-05   
3.8770E-04   -9.5596E-03   
1.6998E-02   -6.1238E-05   
3.7957E-04   -9.5881E-03   
1.7033E-02   -5.6243E-05   
3.8639E-04   -9.6181E-03   
1.7077E-02   -5.3025E-05   
3.9804E-04   -9.6515E-03   
1.7129E-02   -5.1125E-05   
4.1206E-04   -9.6886E-03   
1.7193E-02   -5.0566E-05   
4.2894E-04   -9.7306E-03   
1.7266E-02   -5.1211E-05   
4.4835E-04   -9.7783E-03   
1.7352E-02   -5.2681E-05   
4.6922E-04   -9.8319E-03   
1.7450E-02   -5.3945E-05   
4.9059E-04   -9.8912E-03   
1.7559E-02   -5.4783E-05   
5.1191E-04   -9.9563E-03   
1.7674E-02   -5.8332E-05   
5.3025E-04   -1.0027E-02   
1.7803E-02   -6.1184E-05   
5.4467E-04   -1.0102E-02   
1.7945E-02   -6.6318E-05   
5.8184E-04   -1.0181E-02   
1.8106E-02   -6.8596E-05   
6.1586E-04   -1.0271E-02   
1.8282E-02   -7.0087E-05   
6.1890E-04   -1.0369E-02   
1.8471E-02   -7.2278E-05   
6.4916E-04   -1.0469E-02   
1.8685E-02   -7.3406E-05   
7.4119E-04   -1.0581E-02   
1.8917E-02   -7.1995E-05   
7.1255E-04   -1.0715E-02   
1.9133E-02   -6.5761E-05   
7.2174E-04   -1.0841E-02   
1.9362E-02   -7.7721E-05   
7.5218E-04   -1.0972E-02   
1.9806E-02   -3.6442E-05   
1.5112E-02   -1.9033E-03   
1.5275E-02   -1.7741E-03   
1.4661E-02   -2.3182E-03   
1.5431E-02   -1.6554E-03   
1.4494E-02   -2.4641E-03   
1.2881E-02   -4.1691E-03   
1.3069E-02   -3.9524E-03   
1.3250E-02   -3.7344E-03   
1.3431E-02   -3.5253E-03   
1.3611E-02   -3.3258E-03   
1.2621E-02   -4.3186E-03   
1.3791E-02   -3.1356E-03   
1.4322E-02   -2.6192E-03   
1.5579E-02   -1.5396E-03   
1.3970E-02   -2.9547E-03   
1.4147E-02   -2.7828E-03   
1.2053E-02   -4.3962E-03   
1.5719E-02   -1.4253E-03   
1.6510E-02   -7.1833E-04   
1.6591E-02   -6.2800E-04   
1.6663E-02   -5.4023E-04   
1.6420E-02   -8.1085E-04   
1.0936E-02   -4.5531E-03   
1.5853E-02   -1.3142E-03   
1.6322E-02   -9.0554E-04   
1.6101E-02   -1.1031E-03   
1.5981E-02   -1.2069E-03   
1.6215E-02   -1.0029E-03   
8.8702E-03   -4.5900E-03   
7.0580E-03   -4.6540E-03   
1.6725E-02   -4.5302E-04   
1.6781E-02   -3.6398E-04   
1.6831E-02   -2.7216E-04   
4.9527E-03   -5.2345E-03   
5.7056E-03   -6.8835E-03   
4.6638E-03   -7.4915E-03   
3.8047E-03   -7.9689E-03   
3.0846E-03   -8.3373E-03   
2.4770E-03   -8.6225E-03   
1.9742E-03   -8.8443E-03   
1.6871E-02   -1.7515E-04   
1.5708E-03   -9.0167E-03   
1.2572E-03   -9.1499E-03   
1.6852E-02   -2.1179E-04   
1.0221E-03   -9.2526E-03   
1.6866E-02   -1.7334E-04   
8.5055E-04   -9.3310E-03   
1.6878E-02   -1.4668E-04   
7.2866E-04   -9.3926E-03   
1.6892E-02   -1.2620E-04   
6.4779E-04   -9.4435E-03   
1.6910E-02   -1.1040E-04   
6.0342E-04   -9.4858E-03   
1.6935E-02   -9.7929E-05   
5.9048E-04   -9.5225E-03   
1.6965E-02   -8.9132E-05   
5.8610E-04   -9.5639E-03   
1.7003E-02   -8.3599E-05   
5.9293E-04   -9.6045E-03   
1.7051E-02   -7.9895E-05   
6.0921E-04   -9.6429E-03   
1.7110E-02   -7.7871E-05   
6.2932E-04   -9.6842E-03   
1.7179E-02   -7.8381E-05   
6.5573E-04   -9.7296E-03   
1.7258E-02   -8.0589E-05   
6.8845E-04   -9.7801E-03   
1.7353E-02   -8.2730E-05   
7.2153E-04   -9.8367E-03   
1.7465E-02   -8.3680E-05   
7.5358E-04   -9.8994E-03   
1.7575E-02   -8.1320E-05   
7.8187E-04   -9.9686E-03   
1.7677E-02   -9.4649E-05   
7.9540E-04   -1.0044E-02   
7.8530E-04   -1.0115E-02   
9.3156E-04   -1.0296E-02   
1.8310E-02   -1.0881E-04   
1.0460E-03   -1.0632E-02   
1.0813E-03   -1.0860E-02   
1.8755E-02   -1.1316E-04   
2.0105E-02   -3.8037E-05   
1.6694E-02   -4.5329E-04   
1.6756E-02   -3.7132E-04   
1.6814E-02   -2.8692E-04   
1.4794E-02   -2.0552E-03   
1.4641E-02   -2.1691E-03   
1.2575E-02   -4.2603E-03   
1.2111E-02   -4.5100E-03   
1.3357E-02   -3.3677E-03   
1.2785E-02   -4.0234E-03   
1.3545E-02   -3.1678E-03   
1.2978E-02   -3.7952E-03   
1.4468E-02   -2.3102E-03   
1.5440E-02   -1.5157E-03   
1.3169E-02   -3.5770E-03   
1.6455E-02   -7.0011E-04   
1.6354E-02   -7.8965E-04   
1.3733E-02   -2.9776E-03   
1.3920E-02   -2.7969E-03   
1.6003E-02   -1.0758E-03   
1.6128E-02   -9.7692E-04   
1.6547E-02   -6.1255E-04   
1.0945E-02   -4.8467E-03   
1.6626E-02   -5.3179E-04   
1.4288E-02   -2.4632E-03   
1.5871E-02   -1.1793E-03   
1.4106E-02   -2.6256E-03   
1.6245E-02   -8.8176E-04   
1.5589E-02   -1.3996E-03   
1.5733E-02   -1.2874E-03   
6.8152E-03   -6.6606E-03   
5.7176E-03   -7.1955E-03   
4.7905E-03   -7.6093E-03   
3.9706E-03   -7.9530E-03   
3.2549E-03   -8.2464E-03   
2.6470E-03   -8.4981E-03   
2.1455E-03   -8.7119E-03   
1.7434E-03   -8.8912E-03   
1.6855E-02   -2.1757E-04   
1.6802E-02   -2.5169E-04   
1.4300E-03   -9.0398E-03   
1.6811E-02   -2.1380E-04   
1.1932E-03   -9.1628E-03   
1.6822E-02   -1.8254E-04   
1.0205E-03   -9.2660E-03   
1.6836E-02   -1.5917E-04   
9.0311E-04   -9.3513E-03   
1.6854E-02   -1.4133E-04   
8.3971E-04   -9.4174E-03   
1.6883E-02   -1.2619E-04   
8.5659E-04   -9.4621E-03   
1.6915E-02   -1.1813E-04   
8.1156E-04   -9.5318E-03   
1.6954E-02   -1.1296E-04   
8.0982E-04   -9.5824E-03   
1.7011E-02   -1.0874E-04   
8.2618E-04   -9.6311E-03   
1.7077E-02   -1.0680E-04   
8.9264E-04   -9.7211E-03   
1.0571E-03   -1.0067E-02   
1.7230E-02   -1.1460E-04   
9.4603E-04   -9.7728E-03   
9.8870E-04   -9.8337E-03   
1.0673E-03   -9.9776E-03   
1.7825E-02   -9.1343E-05   
1.8150E-02   -1.0154E-04   
1.8325E-02   -1.5369E-04   
1.7343E-02   -1.1732E-04   
1.4371E-03   -1.0741E-02   
1.8553E-02   -1.5635E-04   
1.0934E-03   -1.0537E-02   
1.7601E-02   -1.3482E-04   
1.2843E-03   -1.0215E-02   
1.6784E-02   -3.0224E-04   
1.6718E-02   -3.8390E-04   
1.6657E-02   -4.5598E-04   
1.5156E-02   -1.6070E-03   
1.5115E-02   -1.7457E-03   
1.5294E-02   -1.4992E-03   
1.4466E-02   -2.1593E-03   
1.6494E-02   -5.9876E-04   
1.2471E-02   -4.1023E-03   
1.6588E-02   -5.1480E-04   
1.2051E-02   -4.4366E-03   
1.1020E-02   -4.9482E-03   
1.2700E-02   -3.8587E-03   
1.3297E-02   -3.2098E-03   
1.3101E-02   -3.4190E-03   
1.4272E-02   -2.3100E-03   
1.2904E-02   -3.6343E-03   
1.3494E-02   -3.0101E-03   
1.5452E-02   -1.3821E-03   
1.6033E-02   -9.5567E-04   
1.6390E-02   -6.8469E-04   
1.3690E-02   -2.8204E-03   
1.6160E-02   -8.6187E-04   
1.6279E-02   -7.7190E-04   
1.5897E-02   -1.0545E-03   
1.3885E-02   -2.6407E-03   
1.4079E-02   -2.4708E-03   
1.5755E-02   -1.1587E-03   
1.5606E-02   -1.2682E-03   
7.9985E-03   -5.7516E-03   
7.5723E-03   -6.4057E-03   
6.6227E-03   -6.7699E-03   
5.7126E-03   -7.1173E-03   
4.8676E-03   -7.4457E-03   
4.1052E-03   -7.7543E-03   
3.4348E-03   -8.0390E-03   
2.8595E-03   -8.2965E-03   
2.3813E-03   -8.5259E-03   
1.6724E-02   -2.9931E-04   
1.9954E-03   -8.7261E-03   
1.6740E-02   -2.4819E-04   
1.6943E-03   -8.8992E-03   
1.4585E-03   -9.0522E-03   
1.6750E-02   -2.1548E-04   
1.6761E-02   -1.9157E-04   
1.2655E-03   -9.1924E-03   
1.6776E-02   -1.7450E-04   
1.0873E-03   -9.4090E-03   
1.6831E-02   -1.5478E-04   
1.0770E-03   -9.4672E-03   
1.6960E-02   -1.4041E-04   
1.6892E-02   -1.4517E-04   
1.0723E-03   -9.5404E-03   
1.1747E-03   -9.6937E-03   
8.4811E-04   -9.6768E-03   
1.2222E-03   -9.7587E-03   
1.2783E-03   -9.8225E-03   
1.3492E-03   -1.0554E-02   
1.3288E-03   -1.0451E-02   
1.3390E-03   -9.8943E-03   
1.7189E-02   -1.5504E-04   
1.7750E-02   -1.2445E-04   
1.7450E-02   -1.6741E-04   
1.8096E-02   -1.4674E-04   
1.7314E-02   -1.5876E-04   
1.7145E-02   -1.1045E-04   
1.4167E-03   -9.9806E-03   
1.2365E-03   -1.0345E-02   
1.3406E-03   -1.0099E-02   
1.8792E-02   -1.5760E-04   
1.3640E-03   -1.0865E-02   
1.3047E-03   -1.0653E-02   
1.8336E-02   -2.0292E-04   
1.4959E-02   -1.6817E-03   
1.6739E-02   -3.2687E-04   
1.6535E-02   -5.0665E-04   
1.2401E-02   -3.9236E-03   
1.6428E-02   -5.9097E-04   
1.2002E-02   -4.2351E-03   
9.7346E-03   -5.4821E-03   
1.4273E-02   -2.1569E-03   
1.3047E-02   -3.2608E-03   
1.2843E-02   -3.4763E-03   
1.2641E-02   -3.6937E-03   
1.5308E-02   -1.3784E-03   
1.3252E-02   -3.0521E-03   
1.6069E-02   -8.4622E-04   
1.3457E-02   -2.8533E-03   
1.6197E-02   -7.5786E-04   
1.6317E-02   -6.7336E-04   
1.5931E-02   -9.4000E-04   
1.3662E-02   -2.6648E-03   
1.4069E-02   -2.3179E-03   
1.5472E-02   -1.2580E-03   
1.5785E-02   -1.0397E-03   
1.3867E-02   -2.4867E-03   
1.5631E-02   -1.1458E-03   
9.2509E-03   -5.6234E-03   
8.4189E-03   -5.8957E-03   
1.4710E-02   -1.8488E-03   
7.5378E-03   -6.2067E-03   
1.4485E-02   -2.0013E-03   
6.6607E-03   -6.5292E-03   
5.8320E-03   -6.8515E-03   
5.0612E-03   -7.1686E-03   
4.3560E-03   -7.4761E-03   
3.7329E-03   -7.7700E-03   
3.1960E-03   -8.0422E-03   
1.5458E-03   -9.1970E-03   
1.6652E-02   -3.1824E-04   
2.7502E-03   -8.2880E-03   
2.3841E-03   -8.5110E-03   
1.6658E-02   -2.7885E-04   
2.0688E-03   -8.7267E-03   
1.6662E-02   -2.4894E-04   
1.6668E-02   -2.2771E-04   
1.1412E-03   -9.2970E-03   
1.6757E-02   -1.8781E-04   
1.4794E-03   -9.3248E-03   
1.2937E-03   -9.5907E-03   
1.7636E-02   -1.7458E-04   
1.7259E-02   -2.0769E-04   
1.6908E-02   -1.7796E-04   
1.5243E-03   -9.7267E-03   
1.6821E-02   -1.8117E-04   
1.6012E-03   -9.7957E-03   
1.0568E-03   -9.6129E-03   
1.6254E-03   -1.0587E-02   
1.6652E-03   -9.8714E-03   
1.7859E-02   -1.6596E-04   
1.6477E-03   -1.0125E-02   
1.6068E-03   -1.0240E-02   
1.7071E-02   -1.5324E-04   
1.6686E-03   -1.0457E-02   
1.4733E-03   -9.6578E-03   
1.7136E-02   -2.0120E-04   
1.8571E-02   -2.0457E-04   
1.8119E-02   -1.9806E-04   
1.6559E-02   -4.3533E-04   
1.6459E-02   -5.1217E-04   
1.6650E-02   -4.0608E-04   
1.1272E-02   -4.4859E-03   
1.2393E-02   -3.7537E-03   
1.5149E-02   -1.3832E-03   
1.2793E-02   -3.3201E-03   
1.6351E-02   -5.8870E-04   
1.2578E-02   -3.5447E-03   
1.3007E-02   -3.1030E-03   
8.6023E-03   -5.8230E-03   
1.3221E-02   -2.8952E-03   
1.4075E-02   -2.1668E-03   
1.5970E-02   -8.3554E-04   
1.6234E-02   -6.6719E-04   
1.6107E-02   -7.4888E-04   
1.5329E-02   -1.2569E-03   
1.3436E-02   -2.6979E-03   
1.5821E-02   -9.3027E-04   
1.3650E-02   -2.5113E-03   
1.3863E-02   -2.3348E-03   
1.5500E-02   -1.1404E-03   
1.5665E-02   -1.0320E-03   
1.4293E-02   -2.0039E-03   
1.0090E-02   -5.0697E-03   
9.2978E-03   -5.3148E-03   
8.4377E-03   -5.6082E-03   
1.0973E-02   -4.8361E-03   
7.6306E-03   -5.9008E-03   
1.4517E-02   -1.8444E-03   
1.4745E-02   -1.6858E-03   
6.8542E-03   -6.1984E-03   
1.6632E-02   -3.6675E-04   
1.4958E-02   -1.5296E-03   
6.1070E-03   -6.5039E-03   
5.4103E-03   -6.8186E-03   
4.1978E-03   -7.4314E-03   
1.6566E-02   -3.4641E-04   
3.7097E-03   -7.7130E-03   
3.3073E-03   -7.9720E-03   
1.6559E-02   -3.1417E-04   
1.6558E-02   -2.8600E-04   
2.1336E-03   -8.7894E-03   
1.4479E-03   -9.4419E-03   
1.6662E-02   -2.2791E-04   
1.7024E-02   -1.9719E-04   
1.8946E-03   -9.6465E-03   
1.7093E-03   -8.9841E-03   
1.7392E-02   -2.1819E-04   
2.2245E-03   -8.8476E-03   
1.7061E-02   -2.5396E-04   
1.4751E-03   -9.5840E-03   
1.9571E-03   -1.0148E-02   
1.8170E-03   -9.5733E-03   
1.7537E-03   -9.9268E-03   
1.6931E-02   -1.9862E-04   
1.7940E-02   -1.9501E-04   
1.6724E-02   -2.2588E-04   
1.7001E-03   -1.0015E-02   
1.6217E-03   -1.0348E-02   
1.8105E-02   -2.5283E-04   
1.8792E-02   -2.0253E-04   
1.6881E-03   -1.0809E-02   
2.0814E-03   -1.0458E-02   
1.7799E-02   -1.4262E-04   
1.6378E-02   -5.1957E-04   
1.2237E-02   -3.6613E-03   
1.4097E-02   -2.0182E-03   
1.2524E-02   -3.3911E-03   
1.2757E-02   -3.1618E-03   
1.6266E-02   -5.9248E-04   
1.2982E-02   -2.9458E-03   
1.5176E-02   -1.2645E-03   
1.6014E-02   -7.4229E-04   
1.6148E-02   -6.6543E-04   
1.3206E-02   -2.7399E-03   
1.5865E-02   -8.3042E-04   
1.3874E-02   -2.1857E-03   
1.3430E-02   -2.5447E-03   
1.5361E-02   -1.1432E-03   
1.3653E-02   -2.3604E-03   
1.5705E-02   -9.2688E-04   
1.5537E-02   -1.0313E-03   
1.0923E-02   -4.4860E-03   
9.9638E-03   -4.8115E-03   
1.6566E-02   -3.8459E-04   
9.2747E-03   -5.0303E-03   
1.4773E-02   -1.5427E-03   
1.4324E-02   -1.8548E-03   
1.4981E-02   -1.3977E-03   
8.5897E-03   -5.2575E-03   
7.8923E-03   -5.5097E-03   
1.4552E-02   -1.6962E-03   
7.2190E-03   -5.7884E-03   
6.5690E-03   -6.0778E-03   
5.9580E-03   -6.3775E-03   
1.6560E-02   -2.6632E-04   
5.4118E-03   -6.6705E-03   
2.9317E-03   -8.2428E-03   
4.9697E-03   -6.9301E-03   
1.6445E-02   -3.9343E-04   
1.6852E-02   -2.4131E-04   
1.6441E-02   -3.5394E-04   
2.1448E-03   -8.9856E-03   
1.7729E-03   -9.3881E-03   
1.6611E-02   -2.3576E-04   
2.4620E-03   -8.6385E-03   
1.6784E-02   -2.3311E-04   
2.3429E-03   -9.3287E-03   
2.0602E-03   -9.9006E-03   
1.8108E-03   -9.4731E-03   
1.9526E-03   -9.8389E-03   
1.6544E-02   -2.7751E-04   
1.7711E-02   -2.2751E-04   
2.3334E-03   -1.0038E-02   
1.7903E-02   -2.4458E-04   
1.8901E-03   -1.0251E-02   
1.8075E-02   -3.1452E-04   
2.1153E-03   -1.0720E-02   
1.8610E-02   -2.6006E-04   
1.9026E-02   -1.6804E-04   
2.3715E-03   -1.0532E-02   
1.7500E-02   -2.3806E-04   
1.6401E-02   -4.5999E-04   
1.1984E-02   -4.0063E-03   
1.2239E-02   -3.4622E-03   
1.2497E-02   -3.2260E-03   
1.3899E-02   -2.0406E-03   
1.2737E-02   -3.0030E-03   
1.6187E-02   -6.0028E-04   
1.6070E-02   -6.5692E-04   
1.2973E-02   -2.7899E-03   
1.0999E-02   -4.2583E-03   
1.5918E-02   -7.3813E-04   
1.5214E-02   -1.1524E-03   
1.3207E-02   -2.5867E-03   
1.3670E-02   -2.2129E-03   
1.5754E-02   -8.2986E-04   
1.3441E-02   -2.3944E-03   
1.5402E-02   -1.0363E-03   
1.5582E-02   -9.2914E-04   
1.0597E-02   -4.3306E-03   
1.4131E-02   -1.8740E-03   
1.4809E-02   -1.4136E-03   
1.5016E-02   -1.2782E-03   
1.0085E-02   -4.4485E-03   
1.4589E-02   -1.5595E-03   
9.4838E-03   -4.6273E-03   
8.9066E-03   -4.8325E-03   
1.4362E-02   -1.7133E-03   
1.6493E-02   -4.0541E-04   
7.2412E-03   -5.5500E-03   
8.3300E-03   -5.0519E-03   
1.6436E-02   -3.2814E-04   
7.7721E-03   -5.2929E-03   
1.6666E-02   -2.1918E-04   
3.4708E-03   -7.9655E-03   
4.6323E-03   -7.1506E-03   
3.3661E-03   -8.0956E-03   
6.7945E-03   -5.7867E-03   
1.6318E-02   -4.2906E-04   
1.6601E-02   -2.8063E-04   
1.6493E-02   -2.8150E-04   
3.0304E-03   -8.3838E-03   
2.4878E-03   -9.1323E-03   
2.3662E-03   -9.6754E-03   
1.7865E-02   -3.0662E-04   
1.6665E-02   -2.8866E-04   
2.5655E-03   -8.9625E-03   
1.7302E-02   -2.7724E-04   
2.4246E-03   -9.8834E-03   
1.7440E-02   -2.9970E-04   
2.2731E-03   -1.0181E-02   
2.1542E-03   -9.0721E-03   
1.8308E-02   -3.2059E-04   
1.6947E-02   -2.4738E-04   
1.9296E-02   -1.3096E-04   
2.6014E-03   -1.0349E-02   
1.1504E-02   -3.8797E-03   
1.6285E-02   -5.3322E-04   
1.2217E-02   -3.2965E-03   
1.2486E-02   -3.0639E-03   
1.2736E-02   -2.8454E-03   
1.3700E-02   -2.0703E-03   
1.6159E-02   -5.6466E-04   
1.1937E-02   -3.6909E-03   
1.5983E-02   -6.5017E-04   
1.3936E-02   -1.9003E-03   
1.2982E-02   -2.6352E-03   
1.5811E-02   -7.4024E-04   
1.3226E-02   -2.4351E-03   
1.3466E-02   -2.2472E-03   
1.5260E-02   -1.0469E-03   
1.5635E-02   -8.3420E-04   
1.5451E-02   -9.3574E-04   
1.1296E-02   -3.8000E-03   
1.4633E-02   -1.4336E-03   
1.5060E-02   -1.1671E-03   
1.4851E-02   -1.2958E-03   
1.6576E-02   -2.4808E-04   
1.0716E-02   -3.9520E-03   
1.4172E-02   -1.7369E-03   
1.0282E-02   -4.0659E-03   
1.4405E-02   -1.5810E-03   
1.6309E-02   -3.9793E-04   
8.9145E-03   -4.5389E-03   
9.8245E-03   -4.1937E-03   
8.5024E-03   -4.7302E-03   
9.3673E-03   -4.3528E-03   
4.9167E-03   -7.1219E-03   
1.6305E-02   -4.7656E-04   
1.6431E-02   -3.1195E-04   
6.4379E-03   -5.9959E-03   
1.6830E-02   -1.5076E-04   
3.8555E-03   -8.0500E-03   
1.6452E-02   -2.9189E-04   
1.6847E-02   -3.0661E-04   
1.6745E-02   -2.9765E-04   
1.6463E-02   -3.4260E-04   
1.6406E-02   -3.3636E-04   
1.7165E-02   -3.4493E-04   
1.6356E-02   -3.3602E-04   
2.6245E-03   -8.8389E-03   
3.5552E-03   -8.5222E-03   
4.4340E-03   -7.3156E-03   
4.9436E-03   -7.0270E-03   
2.8858E-03   -9.2642E-03   
1.7461E-02   -3.5426E-04   
2.5755E-03   -9.6901E-03   
3.2188E-03   -8.3594E-03   
1.8035E-02   -3.8273E-04   
2.3999E-03   -1.0279E-02   
1.9636E-02   -6.6571E-05   
2.8292E-03   -9.8166E-03   
1.9255E-02   -1.8236E-04   
1.7819E-02   -3.7515E-04   
1.7185E-02   -2.6147E-04   
2.6990E-03   -1.0000E-02   
1.1887E-02   -3.5666E-03   
1.2221E-02   -3.1291E-03   
1.2498E-02   -2.9054E-03   
1.3741E-02   -1.9333E-03   
1.6051E-02   -5.6351E-04   
1.2753E-02   -2.6908E-03   
1.3503E-02   -2.1052E-03   
1.5870E-02   -6.5921E-04   
1.3010E-02   -2.4820E-03   
1.3261E-02   -2.2868E-03   
1.5696E-02   -7.4664E-04   
1.4683E-02   -1.3180E-03   
1.5311E-02   -9.4823E-04   
1.5509E-02   -8.4140E-04   
1.5108E-02   -1.0650E-03   
1.1466E-02   -3.5451E-03   
1.4900E-02   -1.1875E-03   
1.6205E-02   -4.9919E-04   
1.3981E-02   -1.7672E-03   
1.4454E-02   -1.4585E-03   
1.1261E-02   -3.5313E-03   
1.4219E-02   -1.6085E-03   
1.0944E-02   -3.5644E-03   
9.9296E-03   -3.8651E-03   
1.0265E-02   -3.7409E-03   
1.6181E-02   -4.7416E-04   
1.0607E-02   -3.6386E-03   
1.6296E-02   -3.7661E-04   
1.6705E-02   -2.0061E-04   
8.1232E-03   -4.9334E-03   
1.6315E-02   -3.4209E-04   
1.6251E-02   -4.0402E-04   
5.1158E-03   -6.8815E-03   
1.6409E-02   -3.1147E-04   
1.6201E-02   -3.9992E-04   
1.6307E-02   -4.1450E-04   
5.0248E-03   -7.3247E-03   
1.6973E-02   -3.1321E-04   
1.6617E-02   -3.6521E-04   
6.2331E-03   -6.1427E-03   
1.6899E-02   -3.8449E-04   
3.2966E-03   -9.1996E-03   
2.6044E-03   -9.2879E-03   
5.2176E-03   -7.2866E-03   
5.2672E-03   -7.0117E-03   
1.7763E-02   -4.5055E-04   
1.8261E-02   -3.9010E-04   
3.1506E-03   -9.4974E-03   
2.7001E-03   -1.0120E-02   
1.9486E-02   -1.4858E-04   
3.1810E-03   -9.7279E-03   
1.1877E-02   -3.3932E-03   
1.2276E-02   -2.9664E-03   
1.3550E-02   -1.9708E-03   
1.2509E-02   -2.7593E-03   
1.5911E-02   -6.0085E-04   
1.3791E-02   -1.8035E-03   
1.2784E-02   -2.5391E-03   
1.3305E-02   -2.1457E-03   
1.5761E-02   -6.6968E-04   
1.4738E-02   -1.2129E-03   
1.3050E-02   -2.3346E-03   
1.4510E-02   -1.3460E-03   
1.1905E-02   -3.1982E-03   
1.5583E-02   -7.5478E-04   
1.5158E-02   -9.7454E-04   
1.4952E-02   -1.0901E-03   
1.1683E-02   -3.1597E-03   
1.4274E-02   -1.4896E-03   
1.4033E-02   -1.6425E-03   
1.6160E-02   -4.4861E-04   
1.6288E-02   -3.5326E-04   
1.0982E-02   -3.2448E-03   
1.1445E-02   -3.1699E-03   
6.6167E-03   -5.9032E-03   
1.1214E-02   -3.1968E-03   
1.6284E-02   -3.6450E-04   
9.5984E-03   -4.0165E-03   
6.8130E-03   -6.1137E-03   
1.6030E-02   -4.7340E-04   
7.7493E-03   -5.1652E-03   
1.6078E-02   -4.8224E-04   
1.6159E-02   -4.0238E-04   
1.6374E-02   -4.3009E-04   
6.0423E-03   -6.5575E-03   
3.9143E-03   -9.3369E-03   
5.6738E-03   -7.1348E-03   
1.6988E-02   -4.2520E-04   
1.6734E-02   -3.7636E-04   
1.8212E-02   -4.6219E-04   
6.7113E-03   -5.9808E-03   
3.1480E-03   -9.8645E-03   
1.7550E-02   -4.4204E-04   
1.8533E-02   -3.3124E-04   
4.4517E-03   -8.5206E-03   
4.3112E-03   -8.1967E-03   
4.3443E-03   -8.3469E-03   
1.7695E-02   -5.3389E-04   
1.6025E-02   -5.2785E-04   
1.3603E-02   -1.8446E-03   
1.3358E-02   -2.0133E-03   
1.2195E-02   -2.8732E-03   
1.5497E-02   -7.5953E-04   
1.6121E-02   -4.2139E-04   
1.2538E-02   -2.6110E-03   
1.4573E-02   -1.2437E-03   
1.5840E-02   -5.9499E-04   
1.4797E-02   -1.1187E-03   
1.5655E-02   -6.8418E-04   
1.2825E-02   -2.3933E-03   
1.4335E-02   -1.3804E-03   
1.3847E-02   -1.6824E-03   
1.4092E-02   -1.5271E-03   
1.1974E-02   -2.8785E-03   
1.5191E-02   -9.1101E-04   
1.5009E-02   -1.0050E-03   
1.1669E-02   -2.8541E-03   
1.1815E-02   -2.8620E-03   
9.1797E-03   -4.2485E-03   
1.0750E-02   -3.3189E-03   
1.6138E-02   -4.3167E-04   
8.4822E-03   -4.8026E-03   
1.6127E-02   -4.1133E-04   
1.5845E-02   -5.5691E-04   
7.4485E-03   -5.5488E-03   
1.5988E-02   -4.7198E-04   
1.6129E-02   -4.9856E-04   
1.7333E-02   -4.3168E-04   
1.6466E-02   -4.4652E-04   
7.3759E-03   -5.8710E-03   
8.4210E-03   -4.7247E-03   
6.4554E-03   -6.0425E-03   
1.7243E-02   -3.8495E-04   
1.6726E-02   -4.8171E-04   
6.3318E-03   -6.7942E-03   
3.7787E-03   -9.6201E-03   
5.1656E-03   -8.3145E-03   
8.2818E-03   -5.0433E-03   
1.7618E-02   -3.6563E-04   
1.7936E-02   -5.3331E-04   
1.8484E-02   -3.9714E-04   
1.8772E-02   -2.8693E-04   
6.0347E-03   -7.1252E-03   
6.1635E-03   -7.3596E-03   
1.5539E-02   -7.0895E-04   
1.3155E-02   -2.0680E-03   
1.3409E-02   -1.8944E-03   
1.5958E-02   -4.9580E-04   
1.5089E-02   -9.2316E-04   
1.4869E-02   -1.0329E-03   
1.5697E-02   -6.3842E-04   
1.3659E-02   -1.7293E-03   
1.4642E-02   -1.1514E-03   
1.4405E-02   -1.2809E-03   
1.2887E-02   -2.2532E-03   
1.4159E-02   -1.4215E-03   
1.3910E-02   -1.5713E-03   
1.2310E-02   -2.6852E-03   
1.2225E-02   -2.6394E-03   
1.2124E-02   -2.6045E-03   
1.1527E-02   -2.8640E-03   
1.0475E-02   -3.4435E-03   
1.2570E-02   -2.4640E-03   
1.5991E-02   -5.0773E-04   
1.5766E-02   -5.5317E-04   
1.5326E-02   -8.1429E-04   
1.5802E-02   -5.5154E-04   
9.0520E-03   -4.3742E-03   
8.3929E-03   -4.7478E-03   
8.0590E-03   -5.6334E-03   
1.5891E-02   -5.6980E-04   
1.0101E-02   -3.6607E-03   
1.5909E-02   -4.9855E-04   
9.2377E-03   -4.5142E-03   
1.6181E-02   -5.2509E-04   
9.7016E-03   -4.0388E-03   
1.6840E-02   -5.0182E-04   
1.7104E-02   -5.1288E-04   
1.6593E-02   -4.6147E-04   
1.9005E-02   -2.8159E-04   
8.0538E-03   -5.9264E-03   
8.0069E-03   -5.8099E-03   
5.8711E-03   -7.9691E-03   
1.7652E-02   -6.1806E-04   
3.7242E-03   -9.8270E-03   
1.8152E-02   -5.3697E-04   
1.8758E-02   -3.3954E-04   
1.5627E-02   -6.4492E-04   
1.3200E-02   -1.9606E-03   
1.2939E-02   -2.1390E-03   
1.4953E-02   -9.5330E-04   
1.5813E-02   -5.7209E-04   
1.4722E-02   -1.0677E-03   
1.3463E-02   -1.7885E-03   
1.4485E-02   -1.1906E-03   
1.3724E-02   -1.6244E-03   
1.4236E-02   -1.3251E-03   
1.2461E-02   -2.4290E-03   
1.3982E-02   -1.4701E-03   
1.2039E-02   -2.5763E-03   
1.5414E-02   -7.3750E-04   
1.5566E-02   -6.3929E-04   
1.2713E-02   -2.3004E-03   
1.1165E-02   -3.0005E-03   
1.1957E-02   -2.5639E-03   
1.0381E-02   -3.4882E-03   
1.5185E-02   -8.4335E-04   
1.5611E-02   -6.3846E-04   
1.6825E-02   -5.6917E-04   
1.5756E-02   -5.7315E-04   
1.5657E-02   -6.4624E-04   
1.0368E-02   -3.5401E-03   
1.5928E-02   -5.9369E-04   
1.6282E-02   -5.4638E-04   
1.5733E-02   -5.6434E-04   
9.9034E-03   -4.5572E-03   
1.0213E-02   -3.7693E-03   
1.0780E-02   -3.5634E-03   
1.7058E-02   -4.6877E-04   
1.9050E-02   -3.4623E-04   
9.9694E-03   -4.3784E-03   
1.6434E-02   -5.6030E-04   
1.7002E-02   -5.9259E-04   
1.7351E-02   -7.2699E-04   
8.4227E-03   -5.8047E-03   
7.7058E-03   -6.4944E-03   
1.7330E-02   -6.3563E-04   
1.9209E-02   -2.3025E-04   
1.8443E-02   -4.6585E-04   
3.0632E-03   -1.0191E-02   
7.8221E-03   -5.6936E-03   
1.2965E-02   -2.0518E-03   
1.2699E-02   -2.2396E-03   
1.4814E-02   -9.9179E-04   
1.5523E-02   -6.6590E-04   
1.4574E-02   -1.1096E-03   
1.3526E-02   -1.6928E-03   
1.2405E-02   -2.3831E-03   
1.4324E-02   -1.2385E-03   
1.1859E-02   -2.5834E-03   
1.3799E-02   -1.5297E-03   
1.0863E-02   -3.1636E-03   
1.4064E-02   -1.3788E-03   
1.5049E-02   -8.8014E-04   
1.2367E-02   -2.3397E-03   
1.5358E-02   -7.3508E-04   
1.5691E-02   -5.8778E-04   
1.5280E-02   -7.7473E-04   
1.5535E-02   -6.4473E-04   
1.5448E-02   -7.1863E-04   
1.5705E-02   -6.5992E-04   
1.1463E-02   -3.4445E-03   
1.1201E-02   -3.0867E-03   
1.0807E-02   -3.6385E-03   
1.0781E-02   -3.4906E-03   
1.6473E-02   -6.7291E-04   
1.8362E-02   -5.3690E-04   
6.4153E-03   -7.7208E-03   
1.1381E-02   -2.8784E-03   
9.7748E-03   -4.3828E-03   
1.6286E-02   -6.6497E-04   
1.7202E-02   -5.9173E-04   
1.9283E-02   -2.6672E-04   
1.8741E-02   -4.6871E-04   
1.7389E-02   -8.0158E-04   
9.9377E-03   -4.9555E-03   
3.4989E-03   -1.0109E-02   
1.6106E-02   -6.5877E-04   
2.7662E-03   -1.0209E-02   
1.4674E-02   -1.0382E-03   
1.5522E-02   -6.5285E-04   
1.4915E-02   -9.2444E-04   
1.4424E-02   -1.1612E-03   
1.3604E-02   -1.6048E-03   
1.2694E-02   -2.1745E-03   
9.7023E-03   -3.9031E-03   
1.1706E-02   -2.6488E-03   
1.5152E-02   -8.1660E-04   
1.2338E-02   -2.3086E-03   
1.5318E-02   -7.3866E-04   
1.3245E-02   -1.8681E-03   
1.3889E-02   -1.4438E-03   
1.1525E-02   -3.2543E-03   
1.1753E-02   -2.9037E-03   
1.5451E-02   -7.4457E-04   
1.1513E-02   -2.9664E-03   
1.1506E-02   -2.7862E-03   
1.1428E-02   -2.8860E-03   
1.1044E-02   -3.1698E-03   
1.1952E-02   -2.8549E-03   
1.1221E-02   -3.7246E-03   
1.6667E-02   -6.8699E-04   
1.8046E-02   -6.3111E-04   
1.6130E-02   -7.7810E-04   
1.5055E-02   -8.5834E-04   
1.5766E-02   -7.7655E-04   
1.6903E-02   -7.0288E-04   
8.8036E-03   -6.0485E-03   
4.8351E-03   -8.8292E-03   
1.5952E-02   -7.7227E-04   
1.7472E-02   -5.2627E-04   
1.0312E-02   -4.8547E-03   
9.6832E-03   -5.0170E-03   
1.7715E-02   -7.6060E-04   
1.7048E-02   -8.5407E-04   
1.4785E-02   -9.7533E-04   
1.4544E-02   -1.0888E-03   
1.5289E-02   -7.4846E-04   
1.2272E-02   -2.3155E-03   
1.5353E-02   -7.2930E-04   
1.5024E-02   -8.6574E-04   
1.4280E-02   -1.2186E-03   
1.2708E-02   -2.1109E-03   
1.3703E-02   -1.5239E-03   
1.3995E-02   -1.3659E-03   
1.2548E-02   -2.4297E-03   
1.2344E-02   -2.4858E-03   
1.2998E-02   -1.9731E-03   
1.1956E-02   -2.5240E-03   
1.2140E-02   -2.4026E-03   
1.2107E-02   -2.4500E-03   
1.3306E-02   -1.7812E-03   
1.5538E-02   -7.5596E-04   
1.4821E-02   -9.7751E-04   
1.5621E-02   -8.8846E-04   
1.1947E-02   -2.6000E-03   
1.5524E-02   -8.2173E-04   
1.1264E-02   -3.9494E-03   
1.6306E-02   -7.9178E-04   
1.2494E-02   -2.8491E-03   
6.3666E-03   -7.3513E-03   
1.0841E-02   -4.6033E-03   
1.5190E-02   -8.7069E-04   
1.5789E-02   -8.9081E-04   
1.2703E-02   -2.4846E-03   
1.1587E-02   -3.8621E-03   
6.8032E-03   -7.6244E-03   
1.7105E-02   -9.2628E-04   
1.8069E-02   -7.2099E-04   
1.4680E-02   -1.0225E-03   
1.4898E-02   -9.2145E-04   
1.3395E-02   -1.6961E-03   
1.2431E-02   -2.2401E-03   
1.3819E-02   -1.4521E-03   
1.2588E-02   -2.2299E-03   
1.2758E-02   -2.0388E-03   
1.4866E-02   -9.8873E-04   
1.3059E-02   -1.8920E-03   
1.2679E-02   -2.0849E-03   
1.5767E-02   -6.6695E-04   
1.4126E-02   -1.2935E-03   
1.5116E-02   -8.2390E-04   
1.2763E-02   -2.1856E-03   
1.5455E-02   -1.0103E-03   
1.2951E-02   -2.1439E-03   
1.5481E-02   -8.9172E-04   
4.6670E-03   -8.5290E-03   
1.1626E-02   -4.1782E-03   
1.5953E-02   -9.0226E-04   
4.8638E-03   -8.9432E-03   
1.3392E-02   -2.1606E-03   
1.2329E-02   -3.1261E-03   
1.5217E-02   -9.1155E-04   
1.6484E-02   -8.1291E-04   
7.1636E-03   -7.4829E-03   
1.3287E-02   -2.3353E-03   
1.2658E-02   -3.0637E-03   
9.4411E-03   -5.7169E-03   
1.6742E-02   -9.9331E-04   
1.2772E-02   -2.3529E-03   
1.8450E-02   -6.7372E-04   
1.3510E-02   -1.6180E-03   
1.3086E-02   -1.9589E-03   
1.4454E-02   -1.1297E-03   
1.3179E-02   -1.8013E-03   
1.4554E-02   -1.1136E-03   
1.3127E-02   -2.1050E-03   
1.2482E-02   -2.2653E-03   
1.5764E-02   -1.0360E-03   
1.3937E-02   -1.3941E-03   
1.3246E-02   -1.9296E-03   
1.3011E-02   -1.8951E-03   
1.4894E-02   -1.0219E-03   
1.5607E-02   -1.0204E-03   
1.4745E-02   -9.9591E-04   
1.2683E-02   -2.1142E-03   
1.5226E-02   -9.6703E-04   
9.7246E-03   -4.7880E-03   
1.3267E-02   -2.1170E-03   
1.3257E-02   -2.4938E-03   
1.3332E-02   -2.5581E-03   
1.2919E-02   -3.0492E-03   
1.3161E-02   -3.1443E-03   
1.6800E-02   -1.0817E-03   
5.2560E-03   -8.9672E-03   
1.6277E-02   -9.4733E-04   
1.8761E-02   -5.5852E-04   
1.3629E-02   -1.5539E-03   
1.3316E-02   -1.7236E-03   
1.4270E-02   -1.2304E-03   
1.3502E-02   -1.7471E-03   
1.4572E-02   -1.1433E-03   
1.5264E-02   -1.0208E-03   
1.4919E-02   -1.0664E-03   
1.3411E-02   -1.9021E-03   
1.5420E-02   -1.1583E-03   
1.5271E-02   -1.1433E-03   
1.6407E-02   -1.0490E-03   
1.5922E-02   -1.0592E-03   
1.3912E-02   -2.2770E-03   
1.3761E-02   -2.1802E-03   
1.2915E-02   -2.0159E-03   
1.6632E-02   -8.5135E-04   
1.7423E-02   -8.6440E-04   
1.6351E-02   -1.2775E-03   
1.3523E-02   -2.7999E-03   
1.2763E-02   -3.5783E-03   
1.3857E-02   -2.4981E-03   
1.3730E-02   -1.9113E-03   
7.3290E-03   -7.5964E-03   
1.8811E-02   -6.3079E-04   
1.3426E-02   -1.6689E-03   
1.4568E-02   -1.0869E-03   
1.3113E-02   -1.8717E-03   
1.4017E-02   -1.3676E-03   
1.5030E-02   -1.3140E-03   
1.4235E-02   -1.2808E-03   
1.3738E-02   -1.5073E-03   
1.4593E-02   -1.1852E-03   
1.3656E-02   -1.7235E-03   
1.4938E-02   -1.1836E-03   
1.3827E-02   -1.7049E-03   
1.4943E-02   -1.2544E-03   
1.6709E-02   -9.1330E-04   
1.5578E-02   -1.1742E-03   
1.6094E-02   -1.0904E-03   
1.7659E-02   -8.6939E-04   
1.3785E-02   -2.0505E-03   
1.6425E-02   -9.6859E-04   
1.3856E-02   -1.9334E-03   
1.6084E-02   -1.1925E-03   
1.3387E-02   -1.7564E-03   
1.4044E-02   -1.6883E-03   
1.4129E-02   -2.2727E-03   
1.6028E-02   -1.3062E-03   
1.6740E-02   -1.1901E-03   
1.3715E-02   -2.2913E-03   
1.4145E-02   -2.4468E-03   
1.3680E-02   -2.9574E-03   
5.4436E-03   -9.0249E-03   
1.3513E-02   -1.6450E-03   
1.4040E-02   -1.5405E-03   
1.3887E-02   -1.4528E-03   
1.4282E-02   -1.3034E-03   
1.4145E-02   -1.8523E-03   
1.3865E-02   -1.5696E-03   
1.4655E-02   -1.4241E-03   
1.5284E-02   -1.2778E-03   
1.4309E-02   -2.6138E-03   
1.5745E-02   -1.3401E-03   
1.3095E-02   -1.8487E-03   
1.4177E-02   -1.7356E-03   
1.5719E-02   -1.2020E-03   
1.4637E-02   -1.2243E-03   
1.4603E-02   -1.3585E-03   
1.4383E-02   -2.0738E-03   
4.5966E-03   -9.7199E-03   
1.4361E-02   -2.2699E-03   
1.5937E-02   -1.4201E-03   
1.7024E-02   -1.0856E-03   
1.4947E-02   -1.1155E-03   
1.2881E-02   -1.9791E-03   
1.3704E-02   -1.6120E-03   
1.4216E-02   -1.5257E-03   
1.3986E-02   -1.4640E-03   
1.5370E-02   -1.3208E-03   
1.4409E-02   -1.3757E-03   
1.4374E-02   -1.5785E-03   
1.4032E-02   -1.4074E-03   
1.5617E-02   -1.5825E-03   
1.3756E-02   -1.5513E-03   
1.7339E-02   -1.0230E-03   
1.5646E-02   -1.4694E-03   
1.4170E-02   -2.0583E-03   
1.4378E-02   -1.5139E-03   
1.4662E-02   -2.3877E-03   
3.8444E-03   -1.0169E-02   
1.4706E-02   -1.2498E-03   
1.4523E-02   -1.8335E-03   
1.5023E-02   -1.4246E-03   
1.5098E-02   -1.5059E-03   
1.4673E-02   -1.8675E-03   
1.5650E-02   -1.6798E-03   
1.4427E-02   -1.6990E-03   
1.4611E-02   -2.2865E-03   
1.4725E-02   -2.4592E-03   
1.4931E-02   -1.6759E-03   
1.4454E-02   -1.7699E-03   
1.5048E-02   -2.3916E-03   
1.4834E-02   -1.9057E-03   
1.5833E-02   -1.2335E-03   
1.6097E-02   -1.5616E-03   
1.5244E-02   -1.7802E-03   
1.4730E-02   -1.6013E-03   
1.5355E-02   -1.5016E-03   
1.4575E-02   -2.0914E-03   
1.5240E-02   -1.8897E-03   
1.6520E-02   -1.3433E-03   
1.5526E-02   -2.1514E-03   
1.4940E-02   -1.9507E-03   
1.4748E-02   -1.6763E-03   
1.5131E-02   -2.0416E-03   
1.5442E-02   -2.0058E-03   
1.5943E-02   -1.8063E-03   
1.6192E-02   -1.6289E-03   
1.5720E-02   -1.9891E-03   
3.7998E-04   -1.1219E-02   
1.5005E-02   -2.1865E-03   
1.4363E-02   -2.7007E-03   
1.9538E-02   -2.6031E-04   
8.8531E-04   -1.0390E-02   
2.0421E-02   -3.4533E-05   
1.9176E-02   -5.8813E-04   
6.8551E-04   -1.1273E-02   
3.4157E-03   -1.0277E-02   
1.5597E-02   -2.2236E-03   
1.9746E-02   -1.3242E-04   
1.0486E-03   -1.1224E-02   
4.1846E-03   -9.6926E-03   
1.4889E-03   -1.1149E-02   
1.9375E-03   -1.1059E-02   
2.3831E-03   -1.0943E-02   
2.8458E-03   -1.0796E-02   
2.0730E-02   -3.0777E-05   
3.3168E-03   -1.0606E-02   
3.8222E-03   -1.0350E-02   
1.9025E-02   -4.7288E-04   
4.3556E-03   -1.0029E-02   
2.1049E-02   -2.8431E-05   
5.0877E-03   -9.5325E-03   
6.9097E-03   -8.1354E-03   
1.6495E-02   -1.4645E-03   
9.8386E-03   -6.0915E-03   
2.1387E-02   -2.5213E-05   
1.7894E-02   -6.0043E-04   
1.1593E-02   -5.0457E-03   
1.1713E-02   -3.9113E-03   
2.5845E-03   -1.0605E-02   
1.9125E-02   -4.0516E-04   
1.3657E-02   -3.8435E-03   
1.4898E-02   -3.2260E-03   
2.1738E-02   -2.0971E-05   
1.5671E-02   -2.9379E-03   
9.8786E-03   -5.7747E-03   
1.6344E-02   -2.7469E-03   
1.6852E-02   -2.6609E-03   
2.2104E-02   -1.6730E-05   
1.7449E-02   -2.4741E-03   
1.8108E-02   -2.3308E-03   
1.1293E-03   -1.0974E-02   
1.8718E-02   -2.1856E-03   
2.2529E-02   -1.3326E-05   
1.9885E-02   -8.0956E-05   
1.1827E-02   -4.3420E-03   
1.9368E-02   -2.0101E-03   
1.9982E-02   -1.8656E-03   
1.8518E-02   -7.3466E-04   
2.3005E-02   -5.7046E-06   
1.7691E-02   -9.5346E-04   
1.6992E-02   -1.1713E-03   
2.1157E-02   -1.5121E-03   
2.3457E-02   -2.1905E-04   
2.3553E-02   -2.3955E-04   
2.3550E-02   -3.1642E-05   
2.3603E-02   -7.6949E-06   
2.3493E-02   -1.1347E-04   
5.0625E-03   -9.4998E-03   
2.2392E-02   -9.7059E-04   
1.2952E-03   -1.1064E-02   
1.7929E-02   -9.6227E-04   
1.7407E-02   -1.1091E-03   
2.3027E-03   -1.0776E-02   
1.6763E-02   -1.4412E-03   
3.0036E-03   -1.0485E-02   
1.9796E-02   -2.1324E-04   
1.6161E-02   -1.8118E-03   
1.9474E-02   -4.8066E-04   
3.3245E-03   -1.0442E-02   
1.2114E-02   -4.2450E-03   
2.2385E-03   -1.0890E-02   
1.3806E-02   -3.1304E-03   
3.1956E-03   -1.0588E-02   
1.8378E-02   -8.3769E-04   
1.8547E-02   -2.0760E-03   
1.5545E-02   -2.8401E-03   
4.2966E-03   -1.0041E-02   
9.6873E-03   -6.0542E-03   
7.0788E-03   -8.0961E-03   
7.5640E-03   -7.6808E-03   
2.1200E-02   -5.4841E-05   
1.6118E-02   -2.0783E-03   
2.0018E-02   -1.1584E-04   
1.9247E-02   -6.4841E-04   
2.0583E-02   -6.1123E-05   
2.2472E-02   -3.0152E-05   
1.5174E-02   -2.4486E-03   
1.6586E-02   -2.5459E-03   
1.9324E-02   -2.9961E-04   
1.9375E-02   -4.1695E-04   
1.6476E-02   -1.5379E-03   
1.3719E-02   -3.0105E-03   
2.3295E-02   -1.6613E-06   
2.0597E-02   -1.6878E-03   
1.1447E-02   -4.9738E-03   
1.9515E-02   -1.8244E-03   
2.3591E-02   -1.3964E-04   
2.3694E-02   -3.1876E-06   
2.3666E-02   -1.6570E-05   
2.3622E-02   -6.6610E-05   
1.7542E-02   -2.2871E-03   
1.4123E-02   -3.3630E-03   
2.1894E-02   -3.8470E-05   
2.1714E-02   -1.0838E-03   
2.3056E-02   -1.7267E-05   
2.2421E-02   -8.2782E-04   
2.2872E-02   -2.7590E-04   
2.3110E-02   -2.5631E-05   
2.3018E-02   -8.0598E-05   
2.2734E-02   -5.1061E-04   
1.8236E-02   -9.6365E-04   
1.5476E-02   -2.7337E-03   
1.9916E-02   -1.6195E-04   
2.0240E-02   -1.3162E-04   
2.1001E-02   -9.0610E-05   
1.4601E-03   -1.0932E-02   
1.4906E-02   -2.6536E-03   
1.7233E-02   -1.2791E-03   
9.3456E-03   -6.4090E-03   
1.9825E-02   -2.6468E-04   
2.1687E-02   -6.7195E-05   
2.0400E-02   -1.6088E-03   
4.2423E-03   -1.0025E-02   
1.5005E-02   -2.8712E-03   
1.1444E-02   -4.9265E-03   
1.6494E-02   -2.4614E-03   
1.4199E-02   -3.0025E-03   
1.8134E-02   -2.0741E-03   
1.6622E-02   -1.6930E-03   
1.3230E-02   -3.7650E-03   
1.9069E-02   -7.6392E-04   
1.9549E-02   -5.4584E-04   
1.7076E-02   -2.3205E-03   
1.6590E-02   -1.8385E-03   
2.2086E-02   -5.2816E-05   
1.6191E-02   -2.1820E-03   
2.1343E-02   -7.8720E-05   
1.3176E-02   -3.6546E-03   
1.9679E-02   -3.3825E-04   
1.5979E-02   -2.5977E-03   
1.7013E-02   -1.4671E-03   
2.0608E-02   -1.0128E-04   
1.9755E-02   -3.8550E-04   
2.2287E-02   -4.3365E-04   
2.2637E-02   -5.5223E-05   
2.2518E-02   -1.4694E-04   
2.2722E-02   -2.8639E-05   
1.8635E-02   -8.4259E-04   
2.0956E-02   -1.3295E-03   
2.1880E-02   -8.5834E-04   
2.3004E-02   -6.1079E-05   
2.2785E-02   -4.1211E-04   
2.2869E-02   -1.5773E-04   
2.2799E-02   -2.0533E-04   
1.5880E-02   -2.5030E-03   
1.2736E-02   -4.0198E-03   
2.1804E-02   -8.6910E-05   
1.9963E-02   -1.6672E-03   
1.4729E-02   -2.8843E-03   
1.6627E-02   -1.9530E-03   
1.5775E-02   -2.4177E-03   
1.9942E-02   -4.9924E-04   
2.0453E-02   -1.5079E-04   
1.7719E-02   -2.0925E-03   
2.1157E-02   -1.1251E-04   
2.2443E-02   -2.2066E-04   
2.2657E-02   -8.9144E-05   
2.0126E-02   -3.4706E-04   
1.8091E-02   -1.1021E-03   
2.0165E-02   -2.4130E-04   
1.7572E-02   -1.2710E-03   
2.2297E-02   -3.1773E-04   
2.1182E-02   -1.0591E-03   
1.9394E-02   -7.4828E-04   
1.8732E-02   -1.8642E-03   
1.7041E-02   -1.6312E-03   
1.5291E-02   -2.5785E-03   
1.6898E-02   -2.2389E-03   
1.9099E-02   -8.4521E-04   
2.2436E-02   -4.9896E-05   
2.0872E-02   -1.2435E-03   
2.2008E-02   -6.3064E-04   
1.7884E-02   -1.8893E-03   
1.7532E-02   -1.5401E-03   
1.8975E-02   -9.6052E-04   
1.9790E-02   -6.8441E-04   
1.7301E-02   -2.0218E-03   
1.6286E-02   -2.2758E-03   
2.1917E-02   -1.0463E-04   
2.0591E-02   -1.2434E-03   
2.1168E-02   -1.5147E-04   
2.1577E-02   -1.2656E-04   
1.6793E-02   -2.1464E-03   
2.0394E-02   -2.6147E-04   
2.0457E-02   -1.9575E-04   
2.0231E-02   -3.9798E-04   
1.7024E-02   -1.5553E-03   
1.7092E-02   -1.8479E-03   
2.0058E-02   -5.5488E-04   
1.8911E-02   -1.6818E-03   
1.8433E-02   -1.0978E-03   
1.7939E-02   -1.2493E-03   
1.7416E-02   -1.6839E-03   
1.9400E-02   -8.9246E-04   
1.9699E-02   -7.8722E-04   
1.9149E-02   -1.8406E-03   
2.0342E-02   -4.4706E-04   
1.7188E-02   -1.9346E-03   
2.2254E-02   -8.1679E-05   
2.0764E-02   -2.0001E-04   
2.0496E-02   -3.1360E-04   
1.9965E-02   -1.4356E-03   
2.1023E-02   -2.1145E-04   
1.7850E-02   -1.3683E-03   
1.8686E-02   -1.1103E-03   
1.9747E-02   -8.6314E-04   
1.7546E-02   -1.7399E-03   
2.0892E-02   -2.7511E-04   
2.0899E-02   -1.0398E-03   
2.0201E-02   -5.8968E-04   
2.0739E-02   -3.9372E-04   
1.9712E-02   -1.6464E-03   
2.1729E-02   -1.4473E-04   
1.8091E-02   -1.3850E-03   
1.8607E-02   -1.2241E-03   
2.2391E-02   -9.5609E-05   
2.0551E-02   -5.4072E-04   
2.1935E-02   -1.5721E-04   
1.8038E-02   -1.6148E-03   
2.0939E-02   -3.2092E-04   
2.1513E-02   -1.9690E-04   
2.0857E-02   -4.3169E-04   
1.8999E-02   -1.1961E-03   
2.1207E-02   -2.2286E-04   
1.9524E-02   -1.0279E-03   
2.0299E-02   -7.4769E-04   
2.1214E-02   -3.2420E-04   
2.0437E-02   -8.2065E-04   
1.8159E-02   -1.6892E-03   
1.9889E-02   -1.0096E-03   
1.8434E-02   -1.3979E-03   
1.9361E-02   -1.1821E-03   
2.1587E-02   -2.2964E-04   
2.2319E-02   -1.3952E-04   
2.0728E-02   -8.2526E-04   
2.0279E-02   -9.7686E-04   
2.1678E-02   -2.6278E-04   
1.8546E-02   -1.5032E-03   
1.9117E-02   -1.3681E-03   
2.1456E-02   -3.3077E-04   
2.1197E-02   -7.3224E-04   
2.0193E-02   -1.1187E-03   
2.2083E-02   -2.0665E-04   
2.1415E-02   -3.8699E-04   
2.1130E-02   -8.6230E-04   
2.2249E-02   -2.2201E-04   
2.0642E-02   -1.0312E-03   
2.0977E-02   -4.7111E-04   
2.0665E-02   -5.9423E-04   
2.0833E-02   -6.4081E-04   
2.1354E-02   -5.2645E-04   
