51 
1844 
3.0802E-03   -2.2541E-03   
4.3022E-03   -1.8163E-03   
5.3381E-03   -1.2667E-03   
6.0378E-03   -6.5224E-04   
1.1725E-36   -1.4689E-03   
6.2779E-03   -8.7405E-37   
6.4046E-03   -5.6052E-35   
6.5758E-03   -5.6348E-36   
6.9624E-03   1.8109E-35   
7.3229E-03   2.9076E-35   
7.7901E-03   6.3796E-35   
8.3699E-03   8.8730E-35   
8.8210E-03   1.0725E-34   
9.5961E-03   1.6198E-34   
1.0178E-02   1.9498E-34   
1.0811E-02   1.6961E-34   
1.1146E-02   2.6192E-34   
1.1852E-02   3.8488E-34   
1.2606E-02   5.5459E-34   
1.3000E-02   -8.4391E-31   
1.3000E-02   -1.4931E-34   
1.3000E-02   -1.4931E-34   
1.3000E-02   -1.4931E-34   
1.3000E-02   -1.4931E-34   
1.3000E-02   -1.4931E-34   
1.3000E-02   -1.4931E-34   
1.3000E-02   -1.4931E-34   
1.3000E-02   -1.4931E-34   
1.3000E-02   -1.4931E-34   
1.3000E-02   -1.4931E-34   
1.3000E-02   -1.4931E-34   
1.3000E-02   -1.4931E-34   
1.2128E-02   -5.8771E-04   
1.0930E-02   -1.2620E-03   
1.0404E-02   -1.4928E-03   
9.8951E-03   -1.6834E-03   
8.9040E-03   -1.9941E-03   
8.4175E-03   -2.1268E-03   
7.4562E-03   -2.3673E-03   
6.9816E-03   -2.4811E-03   
6.0454E-03   -2.7064E-03   
5.1330E-03   -2.9354E-03   
4.6880E-03   -3.0531E-03   
3.8281E-03   -3.2915E-03   
3.0161E-03   -3.5271E-03   
2.6302E-03   -3.6395E-03   
1.9010E-03   -3.8436E-03   
1.2258E-03   -4.0034E-03   
5.9651E-04   -4.1041E-03   
1.4250E-36   -4.1347E-03   
5.5953E-34   -3.9359E-03   
5.9214E-34   -3.7449E-03   
5.6092E-34   -3.4969E-03   
5.3320E-34   -3.3599E-03   
4.7256E-34   -3.1532E-03   
4.3440E-34   -3.0548E-03   
3.9934E-34   -2.9960E-03   
3.8352E-34   -3.0103E-03   
3.5658E-34   -2.7905E-03   
2.3079E-03   -2.2826E-03   
1.2512E-02   -3.8016E-05   
1.2001E-02   -8.3162E-05   
1.1266E-02   -1.4903E-04   
1.0665E-02   -2.0656E-04   
1.0081E-02   -2.7903E-04   
9.4289E-03   -3.2264E-04   
8.8997E-03   -3.4087E-04   
8.2393E-03   -3.9676E-04   
7.5899E-03   -4.3268E-04   
6.9462E-03   -4.6643E-04   
6.3141E-03   -5.0066E-04   
5.6634E-03   -5.5721E-04   
4.9970E-03   -6.8997E-04   
4.0972E-03   -1.0345E-03   
3.2120E-03   -1.5787E-03   
4.4891E-03   -1.3114E-03   
5.0271E-03   -6.3755E-04   
5.6005E-03   -3.8027E-04   
6.1579E-03   -2.9856E-04   
6.7056E-03   -2.7884E-04   
7.2340E-03   -2.7643E-04   
7.8507E-03   -2.5073E-04   
8.4262E-03   -2.3134E-04   
8.9654E-03   -2.0688E-04   
9.5195E-03   -2.0776E-04   
1.0132E-02   -1.6281E-04   
1.0722E-02   -1.2660E-04   
1.1300E-02   -1.0019E-04   
1.1915E-02   -5.5930E-05   
1.2452E-02   -2.2282E-05   
5.9610E-03   -3.0867E-04   
6.2346E-03   -1.3812E-04   
6.5486E-03   -1.1279E-04   
6.9987E-03   -1.0699E-04   
7.4376E-03   -1.0642E-04   
7.9853E-03   -1.1136E-04   
8.4807E-03   -1.1414E-04   
8.9778E-03   -1.1142E-04   
9.6242E-03   -8.9002E-05   
1.0168E-02   -7.1313E-05   
1.0784E-02   -6.0375E-05   
1.1394E-02   -4.2441E-05   
1.1991E-02   -2.6690E-05   
1.2543E-02   -7.9851E-06   
1.2418E-02   -6.1722E-05   
1.1863E-02   -1.3512E-04   
1.1183E-02   -2.3331E-04   
1.0561E-02   -2.9444E-04   
1.0017E-02   -3.8367E-04   
9.3404E-03   -4.5592E-04   
8.6734E-03   -5.2220E-04   
8.0429E-03   -5.7493E-04   
7.3842E-03   -6.4106E-04   
6.7677E-03   -7.0064E-04   
5.9754E-03   -7.9766E-04   
5.1263E-03   -9.4340E-04   
4.2927E-03   -1.1459E-03   
3.4231E-03   -1.4429E-03   
2.4241E-03   -1.9241E-03   
1.4083E-03   -2.4960E-03   
1.2379E-02   -9.5524E-05   
1.1904E-02   -1.7776E-04   
1.1092E-02   -3.2432E-04   
1.0559E-02   -4.1758E-04   
9.9253E-03   -5.1135E-04   
9.1604E-03   -6.3450E-04   
8.4897E-03   -7.0276E-04   
7.8365E-03   -7.7715E-04   
7.0618E-03   -8.8823E-04   
6.3304E-03   -1.0144E-03   
5.5529E-03   -1.1561E-03   
4.7434E-03   -1.2930E-03   
3.8402E-03   -1.5678E-03   
2.9660E-03   -1.8431E-03   
1.9658E-03   -2.2660E-03   
9.3769E-04   -2.7305E-03   
1.2551E-02   -8.5685E-05   
1.1685E-02   -2.7603E-04   
1.1193E-02   -3.7647E-04   
1.0592E-02   -5.1212E-04   
9.6955E-03   -6.8578E-04   
9.0566E-03   -8.0359E-04   
8.3949E-03   -9.0152E-04   
7.6069E-03   -1.0358E-03   
6.8839E-03   -1.1714E-03   
6.1070E-03   -1.2907E-03   
5.3674E-03   -1.4324E-03   
4.4364E-03   -1.6274E-03   
3.4958E-03   -1.9572E-03   
2.6263E-03   -2.2171E-03   
1.7737E-03   -2.5620E-03   
8.5908E-04   -2.8866E-03   
1.2270E-02   -1.8253E-04   
1.1759E-02   -3.2564E-04   
1.1140E-02   -4.9857E-04   
1.0516E-02   -6.6647E-04   
9.6136E-03   -8.6801E-04   
8.8904E-03   -9.9523E-04   
8.1482E-03   -1.1643E-03   
7.4350E-03   -1.3205E-03   
6.5913E-03   -1.4449E-03   
5.9016E-03   -1.5590E-03   
5.1826E-03   -1.7595E-03   
4.2257E-03   -2.0189E-03   
3.2811E-03   -2.3055E-03   
2.4476E-03   -2.5667E-03   
1.5550E-03   -2.8542E-03   
8.0508E-04   -3.0549E-03   
1.2420E-02   -2.0073E-04   
1.1721E-02   -4.4527E-04   
1.1150E-02   -6.1018E-04   
1.0253E-02   -8.7872E-04   
9.4609E-03   -1.1059E-03   
8.7586E-03   -1.2435E-03   
7.8823E-03   -1.4344E-03   
7.2229E-03   -1.5786E-03   
6.3702E-03   -1.7271E-03   
5.6200E-03   -1.8896E-03   
4.7632E-03   -2.1060E-03   
4.0569E-03   -2.3140E-03   
3.2019E-03   -2.5794E-03   
2.3526E-03   -2.8336E-03   
1.5284E-03   -3.0749E-03   
7.1433E-04   -3.2545E-03   
1.2319E-02   -2.7635E-04   
1.1550E-02   -5.7560E-04   
1.1012E-02   -7.5864E-04   
9.9654E-03   -1.1197E-03   
9.3322E-03   -1.2974E-03   
8.6104E-03   -1.4946E-03   
7.8221E-03   -1.6491E-03   
7.0205E-03   -1.8317E-03   
6.1276E-03   -2.0474E-03   
5.3803E-03   -2.2215E-03   
4.6452E-03   -2.3997E-03   
3.8737E-03   -2.6222E-03   
3.0196E-03   -2.9081E-03   
2.2978E-03   -3.0916E-03   
1.4803E-03   -3.3134E-03   
7.3247E-04   -3.4489E-03   
1.2374E-02   -3.4111E-04   
1.1710E-02   -6.5097E-04   
1.0823E-02   -9.9558E-04   
1.0046E-02   -1.3041E-03   
9.2098E-03   -1.4902E-03   
8.3979E-03   -1.6939E-03   
7.6216E-03   -1.8936E-03   
6.8416E-03   -2.0863E-03   
6.0592E-03   -2.2828E-03   
5.2017E-03   -2.4689E-03   
4.4318E-03   -2.7351E-03   
3.6343E-03   -2.9352E-03   
2.9161E-03   -3.1255E-03   
2.1677E-03   -3.3487E-03   
1.4010E-03   -3.5519E-03   
7.7745E-04   -3.6439E-03   
1.2179E-02   -5.3471E-04   
1.1364E-02   -9.8430E-04   
1.0701E-02   -1.2253E-03   
9.6560E-03   -1.5867E-03   
9.0209E-03   -1.7644E-03   
8.1347E-03   -1.9954E-03   
7.3613E-03   -2.2009E-03   
6.6731E-03   -2.3327E-03   
5.8407E-03   -2.5309E-03   
5.0490E-03   -2.7738E-03   
4.3904E-03   -2.9357E-03   
3.5912E-03   -3.1702E-03   
2.7728E-03   -3.4081E-03   
2.0487E-03   -3.6016E-03   
1.3599E-03   -3.7672E-03   
6.0535E-04   -3.9204E-03   
4.2655E-04   -1.4928E-03   
8.2992E-04   -1.5368E-03   
1.2424E-03   -1.6145E-03   
1.6563E-03   -1.7262E-03   
2.0531E-03   -1.8515E-03   
2.4470E-03   -2.0116E-03   
2.7913E-03   -2.1515E-03   
3.2859E-03   -2.2654E-03   
3.4384E-03   -2.2109E-03   
3.5829E-03   -2.1436E-03   
3.7258E-03   -2.0764E-03   
3.8699E-03   -2.0108E-03   
4.0147E-03   -1.9460E-03   
4.1590E-03   -1.8813E-03   
4.4435E-03   -1.7508E-03   
4.5823E-03   -1.6846E-03   
4.7181E-03   -1.6175E-03   
4.8507E-03   -1.5495E-03   
4.9794E-03   -1.4805E-03   
5.1039E-03   -1.4103E-03   
5.2236E-03   -1.3390E-03   
5.4473E-03   -1.1934E-03   
5.5508E-03   -1.1190E-03   
5.6483E-03   -1.0435E-03   
5.7395E-03   -9.6698E-04   
5.8243E-03   -8.8955E-04   
5.9024E-03   -8.1125E-04   
5.9736E-03   -7.3213E-04   
6.0947E-03   -5.7162E-04   
6.1443E-03   -4.9030E-04   
6.1862E-03   -4.0820E-04   
6.2177E-03   -3.2563E-04   
6.2497E-03   -2.4446E-04   
6.2639E-03   -1.6394E-04   
6.2791E-03   -7.9777E-05   
6.3168E-03   -2.4633E-34   
6.3391E-03   -2.3264E-34   
6.3565E-03   -1.7506E-34   
6.3718E-03   -9.4935E-35   
6.3871E-03   -7.3126E-35   
6.4261E-03   -4.1983E-35   
6.4529E-03   -3.0331E-35   
6.4862E-03   -2.0653E-35   
6.5269E-03   -1.2535E-35   
6.6334E-03   2.6320E-37   
6.7004E-03   5.3313E-36   
6.7773E-03   9.7989E-36   
6.8646E-03   1.3980E-35   
7.0711E-03   2.1853E-35   
7.1912E-03   2.5529E-35   
7.4665E-03   3.2932E-35   
7.6221E-03   3.6830E-35   
7.9707E-03   6.7275E-35   
8.1639E-03   5.0878E-35   
8.5888E-03   9.5619E-35   
9.0661E-03   1.2341E-34   
9.3246E-03   1.3894E-34   
9.8806E-03   1.6649E-34   
1.0488E-02   2.2105E-34   
1.1494E-02   3.2665E-34   
1.2223E-02   3.3904E-34   
1.3000E-02   -1.4931E-34   
1.3000E-02   -1.4931E-34   
1.3000E-02   -1.4931E-34   
1.3000E-02   -1.4931E-34   
1.3000E-02   -1.4931E-34   
1.1489E-02   -9.8161E-04   
9.3964E-03   -1.8482E-03   
7.9351E-03   -2.2500E-03   
6.5110E-03   -2.5938E-03   
5.5857E-03   -2.8201E-03   
4.2527E-03   -3.1718E-03   
3.4157E-03   -3.4105E-03   
2.2585E-03   -3.7457E-03   
1.5570E-03   -3.9296E-03   
9.0582E-04   -4.0616E-03   
2.9641E-04   -4.1306E-03   
4.1353E-34   -4.0361E-03   
5.8390E-34   -3.8383E-03   
5.7478E-34   -3.6568E-03   
8.3714E-34   -3.5741E-03   
8.4814E-34   -3.4255E-03   
5.2162E-34   -3.2999E-03   
5.0823E-34   -3.2454E-03   
4.8952E-34   -3.1966E-03   
4.5873E-34   -3.1152E-03   
4.4593E-34   -3.0824E-03   
4.2501E-34   -3.0325E-03   
4.1603E-34   -3.0152E-03   
4.0687E-34   -3.0031E-03   
3.9405E-34   -2.9937E-03   
3.9125E-34   -2.9960E-03   
3.9015E-34   -3.0011E-03   
3.8743E-34   -3.0067E-03   
3.8295E-34   -3.0084E-03   
3.7623E-34   -2.9967E-03   
3.7209E-34   -2.9718E-03   
3.6845E-34   -2.9304E-03   
3.6083E-34   -2.8702E-03   
3.4855E-34   -2.6921E-03   
3.4137E-34   -2.5771E-03   
3.3158E-34   -2.4479E-03   
3.2259E-34   -2.3079E-03   
3.1424E-34   -2.1595E-03   
4.6171E-34   -2.0023E-03   
4.3133E-34   -1.8416E-03   
3.2034E-34   -1.6611E-03   
3.5498E-03   -2.0884E-03   
4.5571E-03   -1.5883E-03   
4.9601E-03   -1.3683E-03   
3.8391E-03   -1.9457E-03   
5.9224E-03   -6.9727E-04   
3.1137E-03   -2.3014E-03   
1.4658E-03   -1.8313E-03   
5.6562E-03   -9.2103E-04   
6.1739E-03   -3.9973E-04   
5.3329E-03   -1.1454E-03   
4.1297E-03   -1.8038E-03   
6.0636E-03   -5.4856E-04   
4.2742E-03   -1.7325E-03   
2.9113E-03   -2.3042E-03   
5.2142E-03   -1.2201E-03   
5.7518E-03   -8.4635E-04   
6.2966E-03   -1.1207E-04   
5.7063E-04   -1.6674E-03   
2.6228E-03   -2.2175E-03   
4.6938E-03   -1.5154E-03   
4.8270E-03   -1.4419E-03   
5.9968E-03   -6.2289E-04   
1.8714E-03   -1.9454E-03   
6.2173E-03   -3.2419E-04   
1.0250E-03   -1.7351E-03   
2.2744E-03   -2.0922E-03   
5.8406E-03   -7.7178E-04   
6.1227E-03   -4.7417E-04   
3.2650E-03   -2.2364E-03   
5.5543E-03   -9.9583E-04   
5.4464E-03   -1.0707E-03   
3.9846E-03   -1.8749E-03   
3.4065E-03   -2.1619E-03   
3.6942E-03   -2.0167E-03   
4.4170E-03   -1.6608E-03   
5.0895E-03   -1.2944E-03   
3.9488E-04   -2.0976E-03   
4.0807E-04   -2.2507E-03   
4.2055E-04   -2.3958E-03   
4.2816E-04   -2.5295E-03   
4.2993E-04   -2.6487E-03   
4.2593E-04   -2.7510E-03   
4.1321E-04   -2.8342E-03   
3.9039E-04   -2.8976E-03   
3.5835E-04   -2.9419E-03   
6.3415E-03   -5.7047E-05   
3.2024E-04   -2.9697E-03   
6.3568E-03   -4.6299E-05   
2.7988E-04   -2.9845E-03   
6.3712E-03   -3.8373E-05   
2.4132E-04   -2.9899E-03   
6.3871E-03   -3.2162E-05   
2.0861E-04   -2.9895E-03   
6.4063E-03   -2.7535E-05   
1.8439E-04   -2.9866E-03   
6.4303E-03   -2.4160E-05   
1.7045E-04   -2.9838E-03   
6.4604E-03   -2.1843E-05   
1.6595E-04   -2.9823E-03   
6.4974E-03   -2.0406E-05   
1.6561E-04   -2.9840E-03   
6.5423E-03   -1.9674E-05   
1.6732E-04   -2.9899E-03   
6.5957E-03   -1.9498E-05   
1.7011E-04   -3.0004E-03   
6.6582E-03   -1.9819E-05   
1.7357E-04   -3.0157E-03   
6.7306E-03   -2.0558E-05   
1.7796E-04   -3.0361E-03   
6.8131E-03   -2.1608E-05   
1.8336E-04   -3.0615E-03   
6.9061E-03   -2.2867E-05   
1.8922E-04   -3.0920E-03   
7.0099E-03   -2.4111E-05   
1.9530E-04   -3.1277E-03   
7.1240E-03   -2.5716E-05   
2.0150E-04   -3.1686E-03   
7.2486E-03   -2.7530E-05   
2.0760E-04   -3.2145E-03   
7.3843E-03   -2.9748E-05   
2.1609E-04   -3.2652E-03   
7.5328E-03   -3.1772E-05   
2.2610E-04   -3.3215E-03   
7.6944E-03   -3.3246E-05   
2.3124E-04   -3.3838E-03   
7.8687E-03   -3.4679E-05   
2.3663E-04   -3.4514E-03   
8.0574E-03   -3.6069E-05   
2.5297E-04   -3.5250E-03   
8.2611E-03   -3.6689E-05   
2.6217E-04   -3.6068E-03   
8.4730E-03   -3.5837E-05   
2.6323E-04   -3.6944E-03   
8.6938E-03   -3.7174E-05   
2.7233E-04   -3.7864E-03   
8.9316E-03   -3.7495E-05   
2.8678E-04   -3.8860E-03   
3.9626E-03   -1.7995E-03   
5.3384E-03   -1.0322E-03   
5.7717E-03   -7.3776E-04   
3.3763E-03   -2.1049E-03   
6.2874E-03   -1.6693E-04   
1.2684E-03   -1.9370E-03   
4.6728E-03   -1.4144E-03   
6.2036E-03   -3.2216E-04   
2.0944E-03   -2.1704E-03   
2.9405E-03   -2.3374E-03   
2.7411E-03   -2.3528E-03   
5.0865E-03   -1.1841E-03   
4.2563E-03   -1.6465E-03   
6.0239E-03   -5.2701E-04   
6.0919E-03   -4.5835E-04   
4.3998E-03   -1.5697E-03   
4.9507E-03   -1.2599E-03   
5.8634E-03   -6.6664E-04   
5.6729E-03   -8.0988E-04   
3.5218E-03   -2.0280E-03   
3.0891E-03   -2.2633E-03   
7.8717E-04   -1.8698E-03   
3.6681E-03   -1.9518E-03   
4.5370E-03   -1.4926E-03   
4.8114E-03   -1.3365E-03   
5.9476E-03   -5.9641E-04   
6.1517E-03   -3.9016E-04   
3.8153E-03   -1.8758E-03   
5.4558E-03   -9.5716E-04   
2.4500E-03   -2.2810E-03   
3.2323E-03   -2.1830E-03   
5.5675E-03   -8.8305E-04   
6.2487E-03   -2.5178E-04   
1.6812E-03   -2.0360E-03   
5.2152E-03   -1.1081E-03   
4.1101E-03   -1.7231E-03   
3.7532E-04   -1.9366E-03   
8.1589E-04   -2.2157E-03   
8.3835E-04   -2.3667E-03   
8.4597E-04   -2.5031E-03   
8.3861E-04   -2.6213E-03   
8.2381E-04   -2.7198E-03   
7.9558E-04   -2.7968E-03   
7.5015E-04   -2.8525E-03   
6.3227E-03   -7.5437E-05   
6.8981E-04   -2.8899E-03   
6.2038E-04   -2.9133E-03   
6.3277E-03   -1.0006E-04   
5.4884E-04   -2.9267E-03   
6.3398E-03   -8.4304E-05   
4.8173E-04   -2.9339E-03   
6.3539E-03   -7.0040E-05   
4.2413E-04   -2.9377E-03   
6.3708E-03   -5.9458E-05   
3.7986E-04   -2.9401E-03   
6.3919E-03   -5.1751E-05   
3.5050E-04   -2.9428E-03   
6.4187E-03   -4.6222E-05   
3.3786E-04   -2.9460E-03   
6.4521E-03   -4.2593E-05   
3.3511E-04   -2.9504E-03   
6.4931E-03   -4.0558E-05   
3.3630E-04   -2.9578E-03   
6.5424E-03   -3.9776E-05   
3.3927E-04   -2.9689E-03   
6.6009E-03   -3.9926E-05   
3.4426E-04   -2.9839E-03   
6.6694E-03   -4.1039E-05   
3.5171E-04   -3.0032E-03   
6.7474E-03   -4.2982E-05   
3.6149E-04   -3.0272E-03   
6.8358E-03   -4.5499E-05   
3.7293E-04   -3.0560E-03   
6.9364E-03   -4.7752E-05   
3.8519E-04   -3.0899E-03   
7.0457E-03   -4.9509E-05   
3.9758E-04   -3.1289E-03   
7.1605E-03   -5.3558E-05   
4.0765E-04   -3.1730E-03   
7.2874E-03   -5.7119E-05   
4.1495E-04   -3.2209E-03   
7.4265E-03   -6.2680E-05   
4.3976E-04   -3.2711E-03   
7.5821E-03   -6.5866E-05   
4.6150E-04   -3.3300E-03   
7.7510E-03   -6.8135E-05   
4.6060E-04   -3.3963E-03   
7.9323E-03   -7.1347E-05   
4.8064E-04   -3.4625E-03   
8.1352E-03   -7.3603E-05   
5.4685E-04   -3.5372E-03   
8.3546E-03   -7.3401E-05   
5.2533E-04   -3.6309E-03   
8.5574E-03   -6.8060E-05   
5.3306E-04   -3.7190E-03   
8.7737E-03   -8.1657E-05   
5.5777E-04   -3.8113E-03   
9.1833E-03   -3.9540E-05   
4.6627E-03   -1.3165E-03   
4.8127E-03   -1.2343E-03   
4.2488E-03   -1.5618E-03   
4.9564E-03   -1.1571E-03   
4.1005E-03   -1.6411E-03   
2.7662E-03   -2.3738E-03   
2.9136E-03   -2.2927E-03   
3.0589E-03   -2.2084E-03   
3.2051E-03   -2.1259E-03   
3.3521E-03   -2.0445E-03   
2.5645E-03   -2.4018E-03   
3.5004E-03   -1.9637E-03   
3.9503E-03   -1.7216E-03   
5.0950E-03   -1.0805E-03   
3.6496E-03   -1.8831E-03   
3.7999E-03   -1.8024E-03   
2.2609E-03   -2.3455E-03   
5.2272E-03   -1.0035E-03   
5.9770E-03   -5.0737E-04   
6.0540E-03   -4.4295E-04   
6.1213E-03   -3.8035E-04   
5.8915E-03   -5.7330E-04   
1.8922E-03   -2.2466E-03   
5.3536E-03   -9.2735E-04   
5.7980E-03   -6.4063E-04   
5.5889E-03   -7.8021E-04   
5.4743E-03   -8.5291E-04   
5.6970E-03   -7.0961E-04   
1.4757E-03   -2.1238E-03   
1.1168E-03   -2.0402E-03   
6.1800E-03   -3.1826E-04   
6.2319E-03   -2.5502E-04   
6.2770E-03   -1.9017E-04   
7.8610E-04   -2.0579E-03   
1.2566E-03   -2.4953E-03   
1.2180E-03   -2.6056E-03   
1.1798E-03   -2.6930E-03   
1.1289E-03   -2.7557E-03   
1.0598E-03   -2.7966E-03   
9.7621E-04   -2.8217E-03   
6.3130E-03   -1.2173E-04   
8.8529E-04   -2.8371E-03   
7.9502E-04   -2.8472E-03   
6.2924E-03   -1.4354E-04   
7.1178E-04   -2.8550E-03   
6.3066E-03   -1.1565E-04   
6.4010E-04   -2.8622E-03   
6.3211E-03   -9.7220E-05   
5.8319E-04   -2.8698E-03   
6.3391E-03   -8.3936E-05   
5.4202E-04   -2.8783E-03   
6.3623E-03   -7.4462E-05   
5.1895E-04   -2.8867E-03   
6.3925E-03   -6.7617E-05   
5.1513E-04   -2.8935E-03   
6.4297E-03   -6.3599E-05   
5.1396E-04   -2.9045E-03   
6.4741E-03   -6.1892E-05   
5.1181E-04   -2.9193E-03   
6.5285E-03   -6.1481E-05   
5.1581E-04   -2.9362E-03   
6.5936E-03   -6.2260E-05   
5.2267E-04   -2.9564E-03   
6.6668E-03   -6.4855E-05   
5.3478E-04   -2.9796E-03   
6.7501E-03   -6.8667E-05   
5.5272E-04   -3.0067E-03   
6.8478E-03   -7.2323E-05   
5.7160E-04   -3.0391E-03   
6.9605E-03   -7.4787E-05   
5.9011E-04   -3.0769E-03   
7.0694E-03   -7.3891E-05   
6.0561E-04   -3.1206E-03   
7.1730E-03   -8.7236E-05   
6.0976E-04   -3.1701E-03   
5.9715E-04   -3.2187E-03   
6.9648E-04   -3.3353E-03   
7.7859E-03   -1.0602E-04   
7.7149E-04   -3.5656E-03   
7.9992E-04   -3.7260E-03   
8.2089E-03   -1.1385E-04   
9.4612E-03   -4.2270E-05   
6.1491E-03   -3.1489E-04   
6.2065E-03   -2.5700E-04   
6.2591E-03   -1.9781E-04   
4.3857E-03   -1.4096E-03   
4.2538E-03   -1.4769E-03   
2.5820E-03   -2.4125E-03   
2.3678E-03   -2.4557E-03   
3.1847E-03   -2.0661E-03   
2.7362E-03   -2.3247E-03   
3.3351E-03   -1.9812E-03   
2.8862E-03   -2.2373E-03   
4.1026E-03   -1.5585E-03   
4.9764E-03   -1.0637E-03   
3.0354E-03   -2.1513E-03   
5.9246E-03   -4.8998E-04   
5.8299E-03   -5.5380E-04   
3.4868E-03   -1.8965E-03   
3.6399E-03   -1.8117E-03   
5.5008E-03   -7.5745E-04   
5.6176E-03   -6.8724E-04   
6.0113E-03   -4.2767E-04   
2.0408E-03   -2.4112E-03   
6.0858E-03   -3.7045E-04   
3.9484E-03   -1.6423E-03   
5.3776E-03   -8.3058E-04   
3.7941E-03   -1.7270E-03   
5.7274E-03   -6.1948E-04   
5.1144E-03   -9.8417E-04   
5.2485E-03   -9.0636E-04   
1.5636E-03   -2.5929E-03   
1.4888E-03   -2.6640E-03   
1.4106E-03   -2.7065E-03   
1.3201E-03   -2.7298E-03   
1.2211E-03   -2.7421E-03   
1.1201E-03   -2.7496E-03   
1.0228E-03   -2.7562E-03   
9.3361E-04   -2.7637E-03   
6.2965E-03   -1.4977E-04   
6.2476E-03   -1.6950E-04   
8.5575E-04   -2.7730E-03   
6.2586E-03   -1.4274E-04   
7.9154E-04   -2.7841E-03   
6.2739E-03   -1.2194E-04   
7.4194E-04   -2.7969E-03   
6.2931E-03   -1.0746E-04   
7.0761E-04   -2.8102E-03   
6.3188E-03   -9.7404E-05   
6.9218E-04   -2.8220E-03   
6.3544E-03   -8.9394E-05   
7.1674E-04   -2.8245E-03   
6.3930E-03   -8.6592E-05   
6.8982E-04   -2.8521E-03   
6.4401E-03   -8.5840E-05   
6.9163E-04   -2.8722E-03   
6.5033E-03   -8.5803E-05   
6.9621E-04   -2.8955E-03   
6.5745E-03   -8.7160E-05   
7.2549E-04   -2.9455E-03   
8.0738E-04   -3.1698E-03   
6.7381E-03   -9.8833E-05   
7.5777E-04   -2.9742E-03   
7.8186E-04   -3.0118E-03   
8.2452E-04   -3.1058E-03   
7.3161E-03   -8.5473E-05   
7.6314E-03   -9.7620E-05   
7.8119E-03   -1.4970E-04   
6.8524E-03   -1.0358E-04   
1.0615E-03   -3.6333E-03   
8.0285E-03   -1.5480E-04   
8.0764E-04   -3.4973E-03   
7.1125E-03   -1.2353E-04   
9.6554E-04   -3.2613E-03   
6.2313E-03   -2.0610E-04   
6.1701E-03   -2.6333E-04   
6.1144E-03   -3.1437E-04   
4.7302E-03   -1.1268E-03   
4.6814E-03   -1.2166E-03   
4.8566E-03   -1.0535E-03   
4.1226E-03   -1.4754E-03   
5.9627E-03   -4.1508E-04   
2.5549E-03   -2.3580E-03   
6.0503E-03   -3.5548E-04   
2.3826E-03   -2.4533E-03   
2.1599E-03   -2.5116E-03   
2.7150E-03   -2.2675E-03   
3.1719E-03   -2.0040E-03   
3.0195E-03   -2.0923E-03   
3.9589E-03   -1.5622E-03   
2.8686E-03   -2.1795E-03   
3.3263E-03   -1.9157E-03   
4.9996E-03   -9.7337E-04   
5.5341E-03   -6.7084E-04   
5.8664E-03   -4.7638E-04   
3.4823E-03   -1.8272E-03   
5.6523E-03   -6.0345E-04   
5.7631E-03   -5.3884E-04   
5.4090E-03   -7.4174E-04   
3.6399E-03   -1.7386E-03   
3.7989E-03   -1.6503E-03   
5.2776E-03   -8.1610E-04   
5.1407E-03   -8.9365E-04   
1.4763E-03   -2.3477E-03   
1.7426E-03   -2.6270E-03   
1.6435E-03   -2.6459E-03   
1.5391E-03   -2.6542E-03   
1.4339E-03   -2.6570E-03   
1.3318E-03   -2.6588E-03   
1.2356E-03   -2.6621E-03   
1.1473E-03   -2.6682E-03   
1.0687E-03   -2.6775E-03   
6.1786E-03   -2.0170E-04   
1.0017E-03   -2.6897E-03   
6.1981E-03   -1.6684E-04   
9.4769E-04   -2.7040E-03   
9.0486E-04   -2.7206E-03   
6.2141E-03   -1.4595E-04   
6.2331E-03   -1.3202E-04   
8.6999E-04   -2.7406E-03   
6.2576E-03   -1.2366E-04   
8.5178E-04   -2.7817E-03   
6.3282E-03   -1.1633E-04   
8.7061E-04   -2.7941E-03   
6.4709E-03   -1.1338E-04   
6.3968E-03   -1.1336E-04   
8.8431E-04   -2.8174E-03   
9.5399E-04   -2.8896E-03   
7.0105E-04   -2.9218E-03   
9.7816E-04   -2.9322E-03   
1.0098E-03   -2.9743E-03   
9.9626E-04   -3.5011E-03   
9.8393E-04   -3.4286E-03   
1.0453E-03   -3.0220E-03   
6.7164E-03   -1.3497E-04   
7.2530E-03   -1.1571E-04   
6.9778E-03   -1.5133E-04   
7.5916E-03   -1.4051E-04   
6.8418E-03   -1.4105E-04   
6.6485E-03   -9.2805E-05   
1.0913E-03   -3.0803E-03   
9.2054E-04   -3.3567E-03   
1.0194E-03   -3.1736E-03   
8.2548E-03   -1.5867E-04   
1.0107E-03   -3.7241E-03   
9.6277E-04   -3.5733E-03   
7.8368E-03   -1.9749E-04   
4.5649E-03   -1.1798E-03   
6.1898E-03   -2.2181E-04   
6.0025E-03   -3.4812E-04   
2.5472E-03   -2.2960E-03   
5.9042E-03   -4.0829E-04   
2.3734E-03   -2.3896E-03   
1.9985E-03   -2.5585E-03   
3.9822E-03   -1.4797E-03   
3.0110E-03   -2.0316E-03   
2.8576E-03   -2.1215E-03   
2.7073E-03   -2.2089E-03   
4.8820E-03   -9.7504E-04   
3.1677E-03   -1.9402E-03   
5.5733E-03   -5.9265E-04   
3.3265E-03   -1.8484E-03   
5.6916E-03   -5.2854E-04   
5.8014E-03   -4.6747E-04   
5.4470E-03   -6.6077E-04   
3.4875E-03   -1.7564E-03   
3.8146E-03   -1.5723E-03   
5.0301E-03   -8.8995E-04   
5.3138E-03   -7.3309E-04   
3.6504E-03   -1.6643E-03   
5.1745E-03   -8.0965E-04   
1.9474E-03   -2.5647E-03   
1.8458E-03   -2.5705E-03   
4.3498E-03   -1.2894E-03   
1.7358E-03   -2.5712E-03   
4.1590E-03   -1.3854E-03   
1.6280E-03   -2.5704E-03   
1.5277E-03   -2.5696E-03   
1.4351E-03   -2.5705E-03   
1.3505E-03   -2.5745E-03   
1.2746E-03   -2.5818E-03   
1.2083E-03   -2.5925E-03   
1.0540E-03   -2.6997E-03   
6.1172E-03   -2.1543E-04   
1.1529E-03   -2.6060E-03   
1.1077E-03   -2.6222E-03   
6.1293E-03   -1.8973E-04   
1.0704E-03   -2.6429E-03   
6.1417E-03   -1.7169E-04   
6.1570E-03   -1.6047E-04   
8.4454E-04   -2.7605E-03   
6.2770E-03   -1.4557E-04   
1.0759E-03   -2.7241E-03   
1.0402E-03   -2.8196E-03   
7.1608E-03   -1.6095E-04   
6.8091E-03   -1.8494E-04   
6.4415E-03   -1.4718E-04   
1.2123E-03   -2.8813E-03   
6.3477E-03   -1.4505E-04   
1.2618E-03   -2.9231E-03   
8.7971E-04   -2.8515E-03   
1.2002E-03   -3.5169E-03   
1.3004E-03   -2.9735E-03   
7.3713E-03   -1.5588E-04   
1.2473E-03   -3.1736E-03   
1.2035E-03   -3.2622E-03   
6.5953E-03   -1.3007E-04   
1.2348E-03   -3.4201E-03   
1.1754E-03   -2.8418E-03   
6.6852E-03   -1.7623E-04   
8.0593E-03   -2.0235E-04   
7.6299E-03   -1.8983E-04   
6.0275E-03   -2.9730E-04   
5.9361E-03   -3.5202E-04   
6.1081E-03   -2.7693E-04   
2.2205E-03   -2.4165E-03   
2.5667E-03   -2.2359E-03   
4.7550E-03   -9.8397E-04   
2.8514E-03   -2.0632E-03   
5.8373E-03   -4.0707E-04   
2.6956E-03   -2.1553E-03   
3.0105E-03   -1.9695E-03   
1.7262E-03   -2.4896E-03   
3.1722E-03   -1.8750E-03   
3.8420E-03   -1.4931E-03   
5.4907E-03   -5.8743E-04   
5.7305E-03   -4.6404E-04   
5.6151E-03   -5.2377E-04   
4.9146E-03   -8.9454E-04   
3.3364E-03   -1.7798E-03   
5.3564E-03   -6.5707E-04   
3.5029E-03   -1.6845E-03   
3.6715E-03   -1.5891E-03   
5.0677E-03   -8.1064E-04   
5.2151E-03   -7.3166E-04   
4.0204E-03   -1.3950E-03   
2.0441E-03   -2.4898E-03   
1.9306E-03   -2.4846E-03   
1.8192E-03   -2.4840E-03   
2.1738E-03   -2.4955E-03   
1.7200E-03   -2.4823E-03   
4.2069E-03   -1.2945E-03   
4.4004E-03   -1.1903E-03   
1.6297E-03   -2.4814E-03   
6.0958E-03   -2.4886E-04   
4.5856E-03   -1.0847E-03   
1.5472E-03   -2.4830E-03   
1.4732E-03   -2.4878E-03   
1.3536E-03   -2.5073E-03   
6.0443E-03   -2.3687E-04   
1.3104E-03   -2.5206E-03   
1.2818E-03   -2.5353E-03   
6.0458E-03   -2.1718E-04   
6.0556E-03   -2.0132E-04   
1.1524E-03   -2.6299E-03   
1.1119E-03   -2.7508E-03   
6.2074E-03   -1.8080E-04   
6.5724E-03   -1.6956E-04   
1.4609E-03   -2.8160E-03   
1.0195E-03   -2.6780E-03   
6.9422E-03   -1.9717E-04   
1.2597E-03   -2.6250E-03   
6.6357E-03   -2.2297E-04   
1.1617E-03   -2.8056E-03   
1.4745E-03   -3.1718E-03   
1.3973E-03   -2.7827E-03   
1.3563E-03   -3.0103E-03   
6.4782E-03   -1.6780E-04   
7.4583E-03   -1.8444E-04   
6.2780E-03   -1.8421E-04   
1.3030E-03   -3.0838E-03   
1.2060E-03   -3.3415E-03   
7.6341E-03   -2.4185E-04   
8.2666E-03   -2.0324E-04   
1.2506E-03   -3.6776E-03   
1.5398E-03   -3.4100E-03   
7.3065E-03   -1.3338E-04   
5.8664E-03   -3.5871E-04   
2.5098E-03   -2.2040E-03   
3.8813E-03   -1.4132E-03   
2.6905E-03   -2.0993E-03   
2.8547E-03   -2.0030E-03   
5.7653E-03   -4.1168E-04   
3.0191E-03   -1.9063E-03   
4.7946E-03   -9.0722E-04   
5.5386E-03   -5.2238E-04   
5.6584E-03   -4.6525E-04   
3.1864E-03   -1.8086E-03   
5.4050E-03   -5.8800E-04   
3.7029E-03   -1.5132E-03   
3.3565E-03   -1.7104E-03   
4.9569E-03   -8.1930E-04   
3.5288E-03   -1.6119E-03   
5.2624E-03   -6.5977E-04   
5.1127E-03   -7.3708E-04   
2.1471E-03   -2.3877E-03   
2.0071E-03   -2.3996E-03   
6.0388E-03   -2.6201E-04   
1.9100E-03   -2.3972E-03   
4.4445E-03   -1.1027E-03   
4.0671E-03   -1.3108E-03   
4.6241E-03   -1.0020E-03   
1.8223E-03   -2.3938E-03   
1.7415E-03   -2.3927E-03   
4.2566E-03   -1.2068E-03   
1.6694E-03   -2.3944E-03   
1.6064E-03   -2.3995E-03   
1.5528E-03   -2.4080E-03   
6.0691E-03   -1.9207E-04   
1.5110E-03   -2.4186E-03   
1.2660E-03   -2.5549E-03   
1.4860E-03   -2.4290E-03   
5.9403E-03   -2.7280E-04   
6.4228E-03   -2.0525E-04   
5.9476E-03   -2.4931E-04   
1.2928E-03   -2.6452E-03   
1.2880E-03   -2.7223E-03   
6.1471E-03   -1.8168E-04   
1.2607E-03   -2.5980E-03   
6.3469E-03   -1.9462E-04   
1.6051E-03   -2.7214E-03   
1.5882E-03   -2.9735E-03   
1.3548E-03   -2.7471E-03   
1.5088E-03   -2.9342E-03   
6.1189E-03   -2.2416E-04   
7.2511E-03   -2.1142E-04   
1.7623E-03   -3.0680E-03   
7.4398E-03   -2.3066E-04   
1.4128E-03   -3.2560E-03   
7.6264E-03   -2.9997E-04   
1.5671E-03   -3.6067E-03   
8.1128E-03   -2.5715E-04   
8.4772E-03   -1.7149E-04   
1.7530E-03   -3.4623E-03   
7.0526E-03   -2.1735E-04   
5.8934E-03   -3.1790E-04   
2.3794E-03   -2.3155E-03   
2.5401E-03   -2.1316E-03   
2.7017E-03   -2.0381E-03   
3.7438E-03   -1.4375E-03   
2.8675E-03   -1.9412E-03   
5.6993E-03   -4.1994E-04   
5.5957E-03   -4.6295E-04   
3.0373E-03   -1.8421E-03   
2.1622E-03   -2.3279E-03   
5.4615E-03   -5.2432E-04   
4.8428E-03   -8.3428E-04   
3.2106E-03   -1.7415E-03   
3.5639E-03   -1.5392E-03   
5.3168E-03   -5.9351E-04   
3.3867E-03   -1.6404E-03   
5.0070E-03   -7.4841E-04   
5.1649E-03   -6.6824E-04   
2.0946E-03   -2.3167E-03   
3.9295E-03   -1.3338E-03   
4.4934E-03   -1.0230E-03   
4.6714E-03   -9.2604E-04   
2.0152E-03   -2.3074E-03   
4.3079E-03   -1.1248E-03   
1.9337E-03   -2.3042E-03   
1.8632E-03   -2.3026E-03   
4.1187E-03   -1.2290E-03   
5.9763E-03   -2.7822E-04   
1.7090E-03   -2.3169E-03   
1.8023E-03   -2.3040E-03   
5.9554E-03   -2.3591E-04   
1.7508E-03   -2.3088E-03   
6.1656E-03   -1.5828E-04   
1.4035E-03   -2.5088E-03   
1.4795E-03   -2.4390E-03   
1.4458E-03   -2.5199E-03   
1.6828E-03   -2.3253E-03   
5.8350E-03   -3.0315E-04   
6.1859E-03   -2.3171E-04   
6.0579E-03   -2.2186E-04   
1.4446E-03   -2.5529E-03   
1.5839E-03   -2.6776E-03   
1.7499E-03   -2.8535E-03   
7.4256E-03   -2.8837E-04   
6.2587E-03   -2.4276E-04   
1.5318E-03   -2.6429E-03   
6.8777E-03   -2.4962E-04   
1.8234E-03   -2.9634E-03   
7.0190E-03   -2.7331E-04   
1.7038E-03   -3.1829E-03   
1.3412E-03   -2.6589E-03   
7.8480E-03   -3.1033E-04   
6.5206E-03   -2.1388E-04   
8.7215E-03   -1.3647E-04   
1.9277E-03   -3.3176E-03   
2.2625E-03   -2.2523E-03   
5.7885E-03   -3.7120E-04   
2.5551E-03   -2.0726E-03   
2.7210E-03   -1.9769E-03   
2.8915E-03   -1.8782E-03   
3.6077E-03   -1.4670E-03   
5.6824E-03   -3.9800E-04   
2.4019E-03   -2.2069E-03   
5.5282E-03   -4.6366E-04   
3.7936E-03   -1.3624E-03   
3.0668E-03   -1.7765E-03   
5.3777E-03   -5.3235E-04   
3.2459E-03   -1.6733E-03   
3.4265E-03   -1.5701E-03   
4.8980E-03   -7.6529E-04   
5.2240E-03   -6.0417E-04   
5.0639E-03   -6.8152E-04   
2.2237E-03   -2.2155E-03   
4.3637E-03   -1.0482E-03   
4.7258E-03   -8.5476E-04   
4.5476E-03   -9.4917E-04   
6.0993E-03   -1.8468E-04   
2.1231E-03   -2.2178E-03   
3.9833E-03   -1.2566E-03   
2.0554E-03   -2.2128E-03   
4.1743E-03   -1.1513E-03   
5.8385E-03   -2.8587E-04   
1.9054E-03   -2.2157E-03   
1.9966E-03   -2.2100E-03   
1.8770E-03   -2.2224E-03   
1.9466E-03   -2.2109E-03   
1.6952E-03   -2.4196E-03   
5.8142E-03   -3.3333E-04   
5.9642E-03   -2.2977E-04   
1.6731E-03   -2.3334E-03   
6.3149E-03   -1.0954E-04   
1.7217E-03   -2.5196E-03   
6.0064E-03   -2.2416E-04   
6.4503E-03   -2.6568E-04   
6.3448E-03   -2.5426E-04   
6.0816E-03   -2.8521E-04   
6.0141E-03   -2.7522E-04   
6.7730E-03   -3.0871E-04   
5.9536E-03   -2.6953E-04   
1.4824E-03   -2.6198E-03   
1.8543E-03   -2.6015E-03   
1.4878E-03   -2.4475E-03   
1.6243E-03   -2.4122E-03   
1.8970E-03   -2.7320E-03   
7.0585E-03   -3.2411E-04   
1.8779E-03   -2.8728E-03   
1.5387E-03   -2.5487E-03   
7.6121E-03   -3.6380E-04   
1.7864E-03   -3.2633E-03   
9.0282E-03   -7.1344E-05   
2.0543E-03   -2.9488E-03   
8.6960E-03   -1.8885E-04   
7.4055E-03   -3.5174E-04   
6.7597E-03   -2.3276E-04   
2.0072E-03   -3.0498E-03   
2.3971E-03   -2.1642E-03   
2.5824E-03   -2.0111E-03   
2.7525E-03   -1.9151E-03   
3.6594E-03   -1.3959E-03   
5.5996E-03   -4.0456E-04   
2.9258E-03   -1.8145E-03   
3.4744E-03   -1.5005E-03   
5.4410E-03   -4.7727E-04   
3.1076E-03   -1.7097E-03   
3.2912E-03   -1.6047E-03   
5.2901E-03   -5.4496E-04   
4.4240E-03   -9.7684E-04   
4.9582E-03   -7.0065E-04   
5.1285E-03   -6.1856E-04   
4.7843E-03   -7.8893E-04   
2.2878E-03   -2.1416E-03   
4.6068E-03   -8.8064E-04   
5.7319E-03   -3.5402E-04   
3.8493E-03   -1.2894E-03   
4.2343E-03   -1.0781E-03   
2.2456E-03   -2.1258E-03   
4.0417E-03   -1.1829E-03   
2.1905E-03   -2.1176E-03   
2.0713E-03   -2.1194E-03   
2.1012E-03   -2.1153E-03   
5.7209E-03   -3.4077E-04   
2.1413E-03   -2.1145E-03   
5.8410E-03   -2.7633E-04   
6.2194E-03   -1.5143E-04   
1.8586E-03   -2.2322E-03   
5.9018E-03   -2.6842E-04   
5.8961E-03   -3.3348E-04   
1.5991E-03   -2.4019E-03   
5.9577E-03   -2.3468E-04   
5.8353E-03   -3.2495E-04   
5.9626E-03   -3.4679E-04   
1.9356E-03   -2.4576E-03   
6.5764E-03   -2.7514E-04   
6.2503E-03   -3.1263E-04   
1.6905E-03   -2.3372E-03   
6.5330E-03   -3.3827E-04   
2.0916E-03   -2.7393E-03   
1.7395E-03   -2.7207E-03   
2.0377E-03   -2.4650E-03   
1.8263E-03   -2.4122E-03   
7.3784E-03   -4.2107E-04   
7.8274E-03   -3.7583E-04   
2.1468E-03   -2.8232E-03   
2.0192E-03   -3.1353E-03   
8.9036E-03   -1.5653E-04   
2.2425E-03   -2.9407E-03   
2.4134E-03   -2.1069E-03   
2.6327E-03   -1.9490E-03   
3.5283E-03   -1.4328E-03   
2.7840E-03   -1.8574E-03   
5.4873E-03   -4.3875E-04   
3.7168E-03   -1.3269E-03   
2.9687E-03   -1.7506E-03   
3.3426E-03   -1.5376E-03   
5.3588E-03   -4.9300E-04   
4.4882E-03   -9.1108E-04   
3.1558E-03   -1.6436E-03   
4.2993E-03   -1.0096E-03   
2.4485E-03   -2.0390E-03   
5.2065E-03   -5.5995E-04   
4.8437E-03   -7.3052E-04   
4.6687E-03   -8.1854E-04   
2.3903E-03   -2.0241E-03   
4.1052E-03   -1.1132E-03   
3.9099E-03   -1.2197E-03   
5.7162E-03   -3.2847E-04   
5.8623E-03   -2.7112E-04   
2.2658E-03   -2.0172E-03   
2.3364E-03   -2.0193E-03   
1.7864E-03   -2.3090E-03   
2.2959E-03   -2.0167E-03   
5.8441E-03   -2.7369E-04   
2.0498E-03   -2.1278E-03   
2.1722E-03   -2.3499E-03   
5.7042E-03   -3.8810E-04   
1.8430E-03   -2.2474E-03   
5.7633E-03   -4.0022E-04   
5.7814E-03   -3.2114E-04   
6.0392E-03   -3.6416E-04   
1.9985E-03   -2.3789E-03   
2.5319E-03   -2.8562E-03   
2.1875E-03   -2.4648E-03   
6.6344E-03   -3.7767E-04   
6.3699E-03   -3.2638E-04   
7.8067E-03   -4.4339E-04   
1.9422E-03   -2.3163E-03   
2.2748E-03   -3.0059E-03   
7.1739E-03   -4.0763E-04   
8.0632E-03   -3.2487E-04   
2.3585E-03   -2.6831E-03   
2.0840E-03   -2.5854E-03   
2.1816E-03   -2.6246E-03   
7.3440E-03   -4.9727E-04   
5.5919E-03   -3.8590E-04   
3.5866E-03   -1.3680E-03   
3.3990E-03   -1.4732E-03   
2.6136E-03   -1.9185E-03   
5.1455E-03   -5.7142E-04   
5.7140E-03   -3.2253E-04   
2.8250E-03   -1.7978E-03   
4.3693E-03   -9.4622E-04   
5.4393E-03   -4.4232E-04   
4.5562E-03   -8.5131E-04   
5.2802E-03   -5.1185E-04   
3.0173E-03   -1.6876E-03   
4.1741E-03   -1.0478E-03   
3.7789E-03   -1.2611E-03   
3.9758E-03   -1.1536E-03   
2.5317E-03   -1.9248E-03   
4.8866E-03   -6.9050E-04   
4.7335E-03   -7.6372E-04   
2.4587E-03   -1.9173E-03   
2.4884E-03   -1.9208E-03   
2.0233E-03   -2.1475E-03   
2.2444E-03   -2.0220E-03   
5.7122E-03   -3.2299E-04   
2.1544E-03   -2.1980E-03   
5.7360E-03   -3.2175E-04   
5.5616E-03   -4.5921E-04   
2.0907E-03   -2.2802E-03   
5.6496E-03   -3.8150E-04   
5.8261E-03   -4.1819E-04   
6.9646E-03   -3.9254E-04   
6.1379E-03   -3.8238E-04   
2.3293E-03   -2.3407E-03   
1.9619E-03   -2.1967E-03   
1.8175E-03   -2.3203E-03   
6.8625E-03   -3.4728E-04   
6.4038E-03   -4.2185E-04   
2.3503E-03   -2.4492E-03   
2.5627E-03   -2.9486E-03   
2.6639E-03   -2.7126E-03   
2.2758E-03   -2.2401E-03   
7.2119E-03   -3.3828E-04   
7.5708E-03   -5.0345E-04   
8.0403E-03   -3.8755E-04   
8.2739E-03   -2.8617E-04   
2.3925E-03   -2.4968E-03   
2.6319E-03   -2.5768E-03   
5.1936E-03   -5.3861E-04   
3.2665E-03   -1.5198E-03   
3.4537E-03   -1.4148E-03   
5.5665E-03   -3.7772E-04   
4.8159E-03   -7.0908E-04   
4.6328E-03   -7.9568E-04   
5.3269E-03   -4.8216E-04   
3.6464E-03   -1.3079E-03   
4.4449E-03   -8.8781E-04   
4.2493E-03   -9.8669E-04   
3.0785E-03   -1.6249E-03   
4.0480E-03   -1.0914E-03   
3.8456E-03   -1.1992E-03   
2.7019E-03   -1.8411E-03   
2.6755E-03   -1.8293E-03   
2.6470E-03   -1.8219E-03   
2.4387E-03   -1.9175E-03   
2.2233E-03   -2.0359E-03   
2.8696E-03   -1.7379E-03   
5.5780E-03   -3.7860E-04   
5.4580E-03   -4.4551E-04   
5.0120E-03   -6.2096E-04   
5.5066E-03   -4.4984E-04   
2.1750E-03   -2.1473E-03   
2.0276E-03   -2.1942E-03   
2.5984E-03   -2.3584E-03   
5.6189E-03   -4.7429E-04   
2.1945E-03   -2.0636E-03   
5.5445E-03   -3.8892E-04   
2.4934E-03   -2.1995E-03   
5.8912E-03   -4.4462E-04   
2.3866E-03   -2.1197E-03   
6.5206E-03   -4.4330E-04   
6.7764E-03   -4.6092E-04   
6.2679E-03   -3.9982E-04   
8.4913E-03   -2.8490E-04   
2.8003E-03   -2.4382E-03   
2.6894E-03   -2.3991E-03   
2.8708E-03   -2.7099E-03   
7.3323E-03   -5.7455E-04   
2.6321E-03   -3.0362E-03   
7.7765E-03   -5.1283E-04   
8.2783E-03   -3.3748E-04   
5.2808E-03   -4.9459E-04   
3.3147E-03   -1.4697E-03   
3.1305E-03   -1.5733E-03   
4.7194E-03   -7.4269E-04   
5.4331E-03   -4.3355E-04   
4.5284E-03   -8.3341E-04   
3.5092E-03   -1.3620E-03   
4.3322E-03   -9.2963E-04   
3.7122E-03   -1.2515E-03   
4.1279E-03   -1.0329E-03   
2.8269E-03   -1.7335E-03   
3.9193E-03   -1.1411E-03   
2.6309E-03   -1.8160E-03   
5.1037E-03   -5.6967E-04   
5.3034E-03   -5.1949E-04   
2.9773E-03   -1.6608E-03   
2.4027E-03   -1.9445E-03   
2.6214E-03   -1.8155E-03   
2.3292E-03   -2.0358E-03   
4.9118E-03   -6.5455E-04   
5.3591E-03   -5.2388E-04   
6.5305E-03   -5.0409E-04   
5.4021E-03   -4.4283E-04   
5.4151E-03   -5.3467E-04   
2.4051E-03   -2.0461E-03   
5.6689E-03   -4.9812E-04   
5.9997E-03   -4.6733E-04   
5.4116E-03   -4.4821E-04   
2.9974E-03   -2.2922E-03   
2.5609E-03   -2.0951E-03   
2.8015E-03   -2.0841E-03   
6.7165E-03   -4.1924E-04   
8.5545E-03   -3.4979E-04   
2.8990E-03   -2.2458E-03   
6.1528E-03   -4.8447E-04   
6.7072E-03   -5.3087E-04   
7.0863E-03   -6.6606E-04   
2.9643E-03   -2.4617E-03   
3.0038E-03   -2.5589E-03   
7.0339E-03   -5.8081E-04   
8.6664E-03   -2.3673E-04   
8.0255E-03   -4.5267E-04   
2.2724E-03   -3.1985E-03   
2.4759E-03   -2.3424E-03   
3.1645E-03   -1.5363E-03   
2.9840E-03   -1.6392E-03   
4.6206E-03   -7.8275E-04   
5.2120E-03   -5.2043E-04   
4.4228E-03   -8.7689E-04   
3.5713E-03   -1.3131E-03   
2.8153E-03   -1.7217E-03   
4.2159E-03   -9.7850E-04   
2.6115E-03   -1.8256E-03   
3.7857E-03   -1.1991E-03   
2.3763E-03   -1.9776E-03   
4.0016E-03   -1.0869E-03   
4.8157E-03   -6.9293E-04   
2.8161E-03   -1.7109E-03   
5.1423E-03   -6.0116E-04   
5.3617E-03   -4.6128E-04   
5.0077E-03   -6.0771E-04   
5.2584E-03   -5.1799E-04   
5.2330E-03   -5.9184E-04   
5.4741E-03   -5.5001E-04   
3.2262E-03   -2.1347E-03   
2.6900E-03   -1.9769E-03   
2.8868E-03   -2.1113E-03   
2.7280E-03   -2.0603E-03   
6.2304E-03   -5.8713E-04   
7.9748E-03   -5.1852E-04   
3.0537E-03   -2.7225E-03   
2.5893E-03   -1.9148E-03   
2.7660E-03   -2.2243E-03   
6.0477E-03   -5.7413E-04   
6.8966E-03   -5.3620E-04   
8.7474E-03   -2.7471E-04   
8.3066E-03   -4.6267E-04   
7.1497E-03   -7.3651E-04   
3.3582E-03   -2.4332E-03   
2.5614E-03   -3.1775E-03   
5.8711E-03   -5.6298E-04   
2.0604E-03   -3.2024E-03   
4.5215E-03   -8.2871E-04   
5.2295E-03   -5.1800E-04   
4.7207E-03   -7.3653E-04   
4.3139E-03   -9.2786E-04   
3.6448E-03   -1.2666E-03   
2.9988E-03   -1.6167E-03   
2.1754E-03   -2.0932E-03   
2.5927E-03   -1.8518E-03   
4.9166E-03   -6.4887E-04   
2.8255E-03   -1.7052E-03   
5.0902E-03   -5.9858E-04   
3.3619E-03   -1.4268E-03   
3.8707E-03   -1.1492E-03   
3.1146E-03   -2.0731E-03   
2.9687E-03   -1.9554E-03   
5.2523E-03   -6.1695E-04   
2.8337E-03   -1.9605E-03   
2.5685E-03   -1.8912E-03   
2.6503E-03   -1.9190E-03   
2.5917E-03   -1.9832E-03   
3.1185E-03   -1.9629E-03   
3.2925E-03   -2.2070E-03   
6.4213E-03   -6.0611E-04   
7.7099E-03   -5.9890E-04   
5.9375E-03   -6.7067E-04   
4.8822E-03   -6.9972E-04   
5.5840E-03   -6.5775E-04   
6.6517E-03   -6.2852E-04   
3.3868E-03   -2.5978E-03   
2.7776E-03   -2.8218E-03   
5.7633E-03   -6.5979E-04   
7.1297E-03   -4.8369E-04   
3.5275E-03   -2.4554E-03   
3.2217E-03   -2.4100E-03   
7.4443E-03   -7.0975E-04   
6.8440E-03   -7.7242E-04   
4.6278E-03   -7.8456E-04   
4.4289E-03   -8.7750E-04   
5.0457E-03   -5.9975E-04   
2.8226E-03   -1.7189E-03   
5.0819E-03   -5.7721E-04   
4.8258E-03   -6.9514E-04   
4.2089E-03   -9.8349E-04   
3.0273E-03   -1.5947E-03   
3.7340E-03   -1.2209E-03   
3.9707E-03   -1.1010E-03   
3.2485E-03   -1.8274E-03   
3.1060E-03   -1.8320E-03   
3.2029E-03   -1.5035E-03   
2.7487E-03   -1.8100E-03   
2.7889E-03   -1.7610E-03   
2.8451E-03   -1.7920E-03   
3.4207E-03   -1.3855E-03   
5.3486E-03   -6.3134E-04   
4.7011E-03   -8.0150E-04   
5.4829E-03   -7.5293E-04   
2.8401E-03   -1.8494E-03   
5.3615E-03   -6.9018E-04   
3.5033E-03   -2.2914E-03   
6.1115E-03   -6.8875E-04   
3.5620E-03   -2.0403E-03   
2.7480E-03   -2.6041E-03   
3.7272E-03   -2.4632E-03   
5.0432E-03   -7.2189E-04   
5.6471E-03   -7.6029E-04   
3.4299E-03   -1.8808E-03   
3.6848E-03   -2.3117E-03   
3.2193E-03   -2.7500E-03   
6.9249E-03   -8.4103E-04   
7.7654E-03   -6.8430E-04   
4.5526E-03   -8.2813E-04   
4.7350E-03   -7.4598E-04   
3.4996E-03   -1.3425E-03   
2.9579E-03   -1.6931E-03   
3.8379E-03   -1.1771E-03   
3.1258E-03   -1.7146E-03   
3.0820E-03   -1.5705E-03   
4.7595E-03   -8.1593E-04   
3.2616E-03   -1.4685E-03   
3.0595E-03   -1.6061E-03   
5.5396E-03   -5.5886E-04   
4.0917E-03   -1.0528E-03   
4.9152E-03   -6.6588E-04   
3.2513E-03   -1.7057E-03   
5.3636E-03   -8.5586E-04   
3.3893E-03   -1.6993E-03   
5.3460E-03   -7.5140E-04   
2.4820E-03   -2.7067E-03   
3.9946E-03   -2.4494E-03   
5.8105E-03   -7.7585E-04   
2.8763E-03   -2.8659E-03   
3.8073E-03   -1.7597E-03   
3.6292E-03   -2.1345E-03   
5.0896E-03   -7.6020E-04   
6.2901E-03   -7.1397E-04   
3.4021E-03   -2.7818E-03   
3.8404E-03   -1.8645E-03   
3.8546E-03   -2.1568E-03   
3.5998E-03   -2.6116E-03   
6.6030E-03   -8.8798E-04   
3.3971E-03   -1.8174E-03   
8.1076E-03   -6.5089E-04   
3.5971E-03   -1.2991E-03   
3.4055E-03   -1.5761E-03   
4.3698E-03   -9.1922E-04   
3.3586E-03   -1.4233E-03   
4.4850E-03   -9.1652E-04   
3.5338E-03   -1.6987E-03   
3.0390E-03   -1.7178E-03   
5.6739E-03   -8.8845E-04   
3.9470E-03   -1.1407E-03   
3.5368E-03   -1.5691E-03   
3.2571E-03   -1.4888E-03   
4.8052E-03   -8.4799E-04   
5.5162E-03   -8.6949E-04   
4.6200E-03   -8.1117E-04   
3.1148E-03   -1.6414E-03   
5.1204E-03   -8.1031E-04   
3.0658E-03   -2.3412E-03   
3.6643E-03   -1.7183E-03   
3.9012E-03   -1.9471E-03   
4.0287E-03   -1.9968E-03   
4.0678E-03   -2.1901E-03   
4.3673E-03   -2.2787E-03   
6.6923E-03   -9.7122E-04   
3.1708E-03   -2.9500E-03   
6.1388E-03   -8.2770E-04   
8.3579E-03   -5.4926E-04   
3.7001E-03   -1.2617E-03   
3.4654E-03   -1.3805E-03   
4.2297E-03   -1.0105E-03   
3.6886E-03   -1.4405E-03   
4.5202E-03   -9.4625E-04   
5.1784E-03   -8.5943E-04   
4.8490E-03   -8.8918E-04   
3.6832E-03   -1.5641E-03   
5.3825E-03   -9.8515E-04   
5.2302E-03   -9.6758E-04   
6.3013E-03   -9.2465E-04   
5.8363E-03   -9.1468E-04   
4.3798E-03   -1.8667E-03   
4.1667E-03   -1.7846E-03   
3.2706E-03   -1.5963E-03   
6.4454E-03   -7.5416E-04   
7.2050E-03   -7.9597E-04   
6.3373E-03   -1.1291E-03   
4.4009E-03   -2.1560E-03   
4.3608E-03   -2.4024E-03   
4.4667E-03   -2.0262E-03   
3.9985E-03   -1.5867E-03   
3.5574E-03   -2.8347E-03   
8.4318E-03   -6.1936E-04   
3.5593E-03   -1.3536E-03   
4.4810E-03   -8.8954E-04   
3.3713E-03   -1.5017E-03   
4.0271E-03   -1.1264E-03   
5.0559E-03   -1.1099E-03   
4.2205E-03   -1.0594E-03   
3.8004E-03   -1.2357E-03   
4.5612E-03   -9.8548E-04   
3.8306E-03   -1.4304E-03   
4.9140E-03   -9.9392E-04   
3.9966E-03   -1.4226E-03   
4.9465E-03   -1.0560E-03   
6.5414E-03   -8.1356E-04   
5.5431E-03   -1.0043E-03   
6.0143E-03   -9.4921E-04   
7.4318E-03   -8.0945E-04   
4.1273E-03   -1.6986E-03   
6.2887E-03   -8.5256E-04   
4.1367E-03   -1.6096E-03   
6.0436E-03   -1.0405E-03   
3.5758E-03   -1.4367E-03   
4.2081E-03   -1.4136E-03   
4.5969E-03   -1.8815E-03   
6.0345E-03   -1.1401E-03   
6.6777E-03   -1.0672E-03   
4.1970E-03   -1.8609E-03   
4.7068E-03   -2.0175E-03   
4.6402E-03   -2.2424E-03   
3.2951E-03   -2.9935E-03   
3.6417E-03   -1.3475E-03   
4.1375E-03   -1.2873E-03   
3.9337E-03   -1.2000E-03   
4.2836E-03   -1.0834E-03   
4.3897E-03   -1.5488E-03   
3.9692E-03   -1.3067E-03   
4.7238E-03   -1.1966E-03   
5.2930E-03   -1.0855E-03   
4.9601E-03   -2.1467E-03   
5.7714E-03   -1.1577E-03   
3.3269E-03   -1.4699E-03   
4.3680E-03   -1.4549E-03   
5.6917E-03   -1.0340E-03   
4.6236E-03   -1.0219E-03   
4.6436E-03   -1.1392E-03   
4.7483E-03   -1.7319E-03   
3.1990E-03   -3.1175E-03   
4.8305E-03   -1.8910E-03   
5.9928E-03   -1.2375E-03   
6.9096E-03   -9.8418E-04   
4.8973E-03   -9.3391E-04   
3.2063E-03   -1.5578E-03   
3.8251E-03   -1.3343E-03   
4.3148E-03   -1.2785E-03   
4.0462E-03   -1.2171E-03   
5.3948E-03   -1.1258E-03   
4.4504E-03   -1.1512E-03   
4.5015E-03   -1.3245E-03   
4.0652E-03   -1.1666E-03   
5.7489E-03   -1.3657E-03   
3.8460E-03   -1.2820E-03   
7.1864E-03   -9.3965E-04   
5.7283E-03   -1.2679E-03   
4.5166E-03   -1.7104E-03   
4.4771E-03   -1.2697E-03   
5.1950E-03   -1.9910E-03   
2.8293E-03   -3.2729E-03   
4.7048E-03   -1.0463E-03   
4.7637E-03   -1.5366E-03   
5.0924E-03   -1.2049E-03   
5.1985E-03   -1.2770E-03   
4.9370E-03   -1.5710E-03   
5.8260E-03   -1.4522E-03   
4.6074E-03   -1.4252E-03   
5.0834E-03   -1.9070E-03   
5.2978E-03   -2.0536E-03   
5.1061E-03   -1.4175E-03   
4.6647E-03   -1.4826E-03   
5.5996E-03   -2.0343E-03   
5.1203E-03   -1.6093E-03   
5.8147E-03   -1.0665E-03   
6.2110E-03   -1.3712E-03   
5.4709E-03   -1.5197E-03   
4.8705E-03   -1.3480E-03   
5.4530E-03   -1.2832E-03   
4.9537E-03   -1.7537E-03   
5.5175E-03   -1.6122E-03   
6.5291E-03   -1.1965E-03   
5.9422E-03   -1.8602E-03   
5.2486E-03   -1.6504E-03   
4.9203E-03   -1.4116E-03   
5.4819E-03   -1.7345E-03   
5.7760E-03   -1.7234E-03   
6.1759E-03   -1.5808E-03   
6.3360E-03   -1.4366E-03   
6.0470E-03   -1.7293E-03   
2.8406E-04   -3.9951E-03   
5.4311E-03   -1.8485E-03   
5.0821E-03   -2.2158E-03   
8.9835E-03   -2.7200E-04   
6.5793E-04   -3.4019E-03   
9.7541E-03   -3.9353E-05   
8.7596E-03   -5.8701E-04   
5.1353E-04   -4.0326E-03   
2.5289E-03   -3.3014E-03   
6.0535E-03   -1.9304E-03   
9.1426E-03   -1.4233E-04   
7.8659E-04   -3.9917E-03   
2.8601E-03   -3.0407E-03   
1.1196E-03   -3.9307E-03   
1.4611E-03   -3.8615E-03   
1.8034E-03   -3.7793E-03   
2.1588E-03   -3.6860E-03   
1.0039E-02   -3.5917E-05   
2.5232E-03   -3.5840E-03   
2.9081E-03   -3.4695E-03   
8.5757E-03   -4.7291E-04   
3.3061E-03   -3.3520E-03   
1.0333E-02   -3.4359E-05   
3.7120E-03   -3.2312E-03   
4.1308E-03   -3.1078E-03   
6.5576E-03   -1.3048E-03   
4.6054E-03   -2.9647E-03   
1.0643E-02   -3.1637E-05   
7.5555E-03   -5.6537E-04   
4.9799E-03   -2.8927E-03   
3.8120E-03   -2.3473E-03   
1.9148E-03   -3.5208E-03   
8.6458E-03   -4.0908E-04   
5.4250E-03   -2.7375E-03   
5.9186E-03   -2.6245E-03   
1.0964E-02   -2.7696E-05   
6.3793E-03   -2.5130E-03   
3.9780E-03   -2.7173E-03   
6.8907E-03   -2.3818E-03   
7.2870E-03   -2.3216E-03   
1.1297E-02   -2.3690E-05   
7.7477E-03   -2.1760E-03   
8.2651E-03   -2.0561E-03   
8.3909E-04   -3.8069E-03   
8.7487E-03   -1.9295E-03   
1.1682E-02   -2.0956E-05   
9.2627E-03   -8.8290E-05   
4.2634E-03   -2.5446E-03   
9.2703E-03   -1.7720E-03   
9.7668E-03   -1.6341E-03   
8.1945E-03   -7.1010E-04   
1.2112E-02   -1.0940E-05   
7.4951E-03   -8.8864E-04   
6.9134E-03   -1.0616E-03   
1.0736E-02   -1.2958E-03   
1.2559E-02   -2.0196E-04   
1.2644E-02   -2.0906E-04   
1.2610E-02   -4.8041E-05   
1.2649E-02   -1.8296E-05   
1.2575E-02   -1.2052E-04   
3.4353E-03   -3.1213E-03   
1.1798E-02   -7.7649E-04   
9.6723E-04   -3.8697E-03   
7.7246E-03   -9.0507E-04   
7.2864E-03   -1.0219E-03   
1.7141E-03   -3.6488E-03   
6.8081E-03   -1.2971E-03   
2.2266E-03   -3.4422E-03   
9.2107E-03   -2.2745E-04   
6.3941E-03   -1.5990E-03   
9.0004E-03   -4.8943E-04   
2.4678E-03   -3.4311E-03   
4.4563E-03   -2.5840E-03   
1.6776E-03   -3.7348E-03   
4.9367E-03   -2.3849E-03   
2.3952E-03   -3.5439E-03   
8.1016E-03   -8.0289E-04   
8.6073E-03   -1.8489E-03   
6.2540E-03   -2.4360E-03   
3.1841E-03   -3.2954E-03   
4.0828E-03   -2.7861E-03   
4.0017E-03   -3.0495E-03   
3.9208E-03   -2.9568E-03   
1.0475E-02   -6.6969E-05   
6.4866E-03   -1.8343E-03   
9.3932E-03   -1.2698E-04   
8.8479E-03   -6.4524E-04   
9.9067E-03   -7.0196E-05   
1.1633E-02   -4.5674E-05   
5.7576E-03   -2.0972E-03   
7.0563E-03   -2.2280E-03   
8.7965E-03   -3.0830E-04   
8.8844E-03   -4.2548E-04   
6.5730E-03   -1.3701E-03   
4.7374E-03   -2.2809E-03   
1.2372E-02   -4.2008E-06   
1.0272E-02   -1.4650E-03   
4.7487E-03   -2.8169E-03   
9.3854E-03   -1.6226E-03   
1.2664E-02   -1.3393E-04   
1.2729E-02   -9.3204E-06   
1.2709E-02   -2.8621E-05   
1.2681E-02   -7.5607E-05   
7.8045E-03   -2.0290E-03   
5.4735E-03   -2.5861E-03   
1.1108E-02   -5.1790E-05   
1.1179E-02   -9.3658E-04   
1.2160E-02   -3.2166E-05   
1.1773E-02   -6.9003E-04   
1.2058E-02   -2.8084E-04   
1.2212E-02   -4.5494E-05   
1.2146E-02   -1.0933E-04   
1.1973E-02   -4.5871E-04   
8.0168E-03   -9.1569E-04   
6.1653E-03   -2.3538E-03   
9.3086E-03   -1.7527E-04   
9.6022E-03   -1.4614E-04   
1.0298E-02   -1.0759E-04   
1.0856E-03   -3.7709E-03   
5.6069E-03   -2.2606E-03   
7.1900E-03   -1.1706E-03   
4.2728E-03   -2.8903E-03   
9.2543E-03   -2.8119E-04   
1.0925E-02   -8.6420E-05   
1.0108E-02   -1.4159E-03   
3.0845E-03   -3.2442E-03   
5.8302E-03   -2.4324E-03   
4.6270E-03   -2.7732E-03   
6.9619E-03   -2.1600E-03   
5.1947E-03   -2.3719E-03   
8.2653E-03   -1.8554E-03   
6.7867E-03   -1.5179E-03   
5.0790E-03   -2.6359E-03   
8.7247E-03   -7.5010E-04   
9.0937E-03   -5.5332E-04   
7.4224E-03   -2.0551E-03   
6.8240E-03   -1.6457E-03   
1.1287E-02   -7.2457E-05   
6.6034E-03   -1.9271E-03   
1.0611E-02   -9.6777E-05   
4.8427E-03   -2.5284E-03   
9.1421E-03   -3.5307E-04   
6.5583E-03   -2.2580E-03   
7.0603E-03   -1.3324E-03   
9.9369E-03   -1.1612E-04   
9.2294E-03   -4.0133E-04   
1.1569E-02   -4.3082E-04   
1.1792E-02   -8.1367E-05   
1.1711E-02   -1.8088E-04   
1.1861E-02   -4.6159E-05   
8.3460E-03   -8.1376E-04   
1.0555E-02   -1.1721E-03   
1.1285E-02   -7.6547E-04   
1.2128E-02   -8.8720E-05   
1.2002E-02   -3.8646E-04   
1.2031E-02   -1.8438E-04   
1.1979E-02   -2.2726E-04   
6.4486E-03   -2.1818E-03   
4.8367E-03   -2.6279E-03   
1.1038E-02   -1.1182E-04   
9.7465E-03   -1.4824E-03   
5.6016E-03   -2.4116E-03   
6.9107E-03   -1.7468E-03   
6.3214E-03   -2.1102E-03   
9.4446E-03   -5.1476E-04   
9.8051E-03   -1.6936E-04   
7.9209E-03   -1.8740E-03   
1.0448E-02   -1.3423E-04   
1.1663E-02   -2.5055E-04   
1.1820E-02   -1.2101E-04   
9.5631E-03   -3.6895E-04   
7.9346E-03   -1.0385E-03   
9.5641E-03   -2.6181E-04   
7.5114E-03   -1.1761E-03   
1.1556E-02   -3.3781E-04   
1.0711E-02   -9.5787E-04   
9.0224E-03   -7.4003E-04   
8.7372E-03   -1.6786E-03   
7.1605E-03   -1.4804E-03   
5.9431E-03   -2.2224E-03   
7.2527E-03   -1.9881E-03   
8.7822E-03   -8.2458E-04   
1.1606E-02   -7.2520E-05   
1.0472E-02   -1.1131E-03   
1.1360E-02   -5.9369E-04   
8.0173E-03   -1.7104E-03   
7.5848E-03   -1.4148E-03   
8.7086E-03   -9.2743E-04   
9.3688E-03   -6.8579E-04   
7.5444E-03   -1.8163E-03   
6.7280E-03   -2.0081E-03   
1.1146E-02   -1.3386E-04   
1.0230E-02   -1.1285E-03   
1.0469E-02   -1.7859E-04   
1.0839E-02   -1.5536E-04   
7.1348E-03   -1.9122E-03   
9.7842E-03   -2.8598E-04   
9.8217E-03   -2.1800E-04   
9.6792E-03   -4.2062E-04   
7.1106E-03   -1.4117E-03   
7.2988E-03   -1.6696E-03   
9.5723E-03   -5.6828E-04   
8.8593E-03   -1.5304E-03   
8.2536E-03   -1.0422E-03   
7.8492E-03   -1.1675E-03   
7.5336E-03   -1.5362E-03   
9.0782E-03   -8.6987E-04   
9.3194E-03   -7.7737E-04   
9.0830E-03   -1.6484E-03   
9.7997E-03   -4.6915E-04   
7.4171E-03   -1.7438E-03   
1.1449E-02   -1.1017E-04   
1.0109E-02   -2.2639E-04   
9.8970E-03   -3.4021E-04   
9.7216E-03   -1.3043E-03   
1.0353E-02   -2.4154E-04   
7.8126E-03   -1.2709E-03   
8.4939E-03   -1.0569E-03   
9.3883E-03   -8.4449E-04   
7.6729E-03   -1.5858E-03   
1.0252E-02   -3.0599E-04   
1.0463E-02   -9.5856E-04   
9.7175E-03   -6.0112E-04   
1.0151E-02   -4.2116E-04   
9.5342E-03   -1.4774E-03   
1.0986E-02   -1.7730E-04   
8.0440E-03   -1.2899E-03   
8.4619E-03   -1.1557E-03   
1.1579E-02   -1.2775E-04   
1.0025E-02   -5.5740E-04   
1.1180E-02   -1.9244E-04   
8.0754E-03   -1.4848E-03   
1.0312E-02   -3.5202E-04   
1.0803E-02   -2.3110E-04   
1.0273E-02   -4.5752E-04   
8.8118E-03   -1.1325E-03   
1.0528E-02   -2.5535E-04   
9.2364E-03   -9.8712E-04   
9.8579E-03   -7.4103E-04   
1.0568E-02   -3.5675E-04   
1.0005E-02   -8.0091E-04   
8.2057E-03   -1.5460E-03   
9.5613E-03   -9.6745E-04   
8.3633E-03   -1.3038E-03   
9.1347E-03   -1.1181E-03   
1.0882E-02   -2.6517E-04   
1.1527E-02   -1.7475E-04   
1.0266E-02   -7.9792E-04   
9.9030E-03   -9.3245E-04   
1.0976E-02   -2.9735E-04   
8.4972E-03   -1.3914E-03   
8.9679E-03   -1.2745E-03   
1.0793E-02   -3.6250E-04   
1.0663E-02   -7.0885E-04   
9.8601E-03   -1.0484E-03   
1.1332E-02   -2.4218E-04   
1.0772E-02   -4.1449E-04   
1.0631E-02   -8.1260E-04   
1.1487E-02   -2.5514E-04   
1.0236E-02   -9.6350E-04   
1.0396E-02   -4.9314E-04   
1.0147E-02   -6.0456E-04   
1.0313E-02   -6.4284E-04   
1.0756E-02   -5.3668E-04   
