51 
1844 
3.6522E-03   -2.4291E-03   
4.9222E-03   -1.9695E-03   
5.9918E-03   -1.3715E-03   
6.7190E-03   -7.0591E-04   
1.1411E-36   -1.3582E-03   
6.9693E-03   -7.6646E-37   
7.1057E-03   -6.9441E-35   
7.2824E-03   -8.8892E-36   
7.6814E-03   2.0327E-35   
8.0545E-03   3.3949E-35   
8.5393E-03   7.5826E-35   
9.1423E-03   1.0609E-34   
9.6127E-03   1.2837E-34   
1.0423E-02   1.9370E-34   
1.1032E-02   2.3270E-34   
1.1696E-02   2.0184E-34   
1.2048E-02   3.1158E-34   
1.2790E-02   4.5675E-34   
1.3584E-02   6.5605E-34   
1.4000E-02   -9.6979E-31   
1.4000E-02   -1.5282E-34   
1.4000E-02   -1.5282E-34   
1.4000E-02   -1.5282E-34   
1.4000E-02   -1.5282E-34   
1.4000E-02   -1.5282E-34   
1.4000E-02   -1.5282E-34   
1.4000E-02   -1.5282E-34   
1.4000E-02   -1.5282E-34   
1.4000E-02   -1.5282E-34   
1.4000E-02   -1.5282E-34   
1.4000E-02   -1.5282E-34   
1.4000E-02   -1.5282E-34   
1.3022E-02   -6.4289E-04   
1.1772E-02   -1.3485E-03   
1.1213E-02   -1.5892E-03   
1.0669E-02   -1.7879E-03   
9.6041E-03   -2.1134E-03   
9.0798E-03   -2.2534E-03   
8.0417E-03   -2.5104E-03   
7.5278E-03   -2.6334E-03   
6.5129E-03   -2.8811E-03   
5.5220E-03   -3.1378E-03   
5.0382E-03   -3.2715E-03   
4.1038E-03   -3.5461E-03   
3.2230E-03   -3.8217E-03   
2.8057E-03   -3.9545E-03   
2.0205E-03   -4.1979E-03   
1.2987E-03   -4.3902E-03   
6.3053E-04   -4.5121E-03   
1.0985E-36   -4.5493E-03   
6.6303E-34   -4.3388E-03   
7.0357E-34   -4.1358E-03   
6.6821E-34   -3.8744E-03   
6.3624E-34   -3.7318E-03   
5.6652E-34   -3.5193E-03   
5.2326E-34   -3.4182E-03   
4.8409E-34   -3.3590E-03   
4.5702E-34   -3.3800E-03   
4.1075E-34   -3.0826E-03   
2.8407E-03   -2.4697E-03   
1.3483E-02   -3.6331E-05   
1.2944E-02   -8.1362E-05   
1.2169E-02   -1.4843E-04   
1.1535E-02   -2.0767E-04   
1.0918E-02   -2.8268E-04   
1.0233E-02   -3.2845E-04   
9.6783E-03   -3.4824E-04   
8.9840E-03   -4.0778E-04   
8.3035E-03   -4.4762E-04   
7.6302E-03   -4.8665E-04   
6.9716E-03   -5.2814E-04   
6.2954E-03   -5.9561E-04   
5.6031E-03   -7.4522E-04   
4.6691E-03   -1.1205E-03   
3.7567E-03   -1.7035E-03   
5.1080E-03   -1.4247E-03   
5.6585E-03   -6.9845E-04   
6.2519E-03   -4.1651E-04   
6.8294E-03   -3.2162E-04   
7.3974E-03   -2.9453E-04   
7.9464E-03   -2.8787E-04   
8.5902E-03   -2.5826E-04   
9.1917E-03   -2.3658E-04   
9.7561E-03   -2.1036E-04   
1.0335E-02   -2.1035E-04   
1.0979E-02   -1.6375E-04   
1.1599E-02   -1.2633E-04   
1.2206E-02   -9.9058E-05   
1.2855E-02   -5.4196E-05   
1.3421E-02   -2.0953E-05   
6.6405E-03   -3.4188E-04   
6.9242E-03   -1.5469E-04   
7.2485E-03   -1.2331E-04   
7.7147E-03   -1.1341E-04   
8.1701E-03   -1.1076E-04   
8.7392E-03   -1.1441E-04   
9.2552E-03   -1.1642E-04   
9.7739E-03   -1.1304E-04   
1.0451E-02   -8.9692E-05   
1.1020E-02   -7.1415E-05   
1.1667E-02   -5.9948E-05   
1.2307E-02   -4.1562E-05   
1.2936E-02   -2.5563E-05   
1.3517E-02   -7.2850E-06   
1.3384E-02   -6.0293E-05   
1.2796E-02   -1.3439E-04   
1.2076E-02   -2.3517E-04   
1.1420E-02   -2.9829E-04   
1.0844E-02   -3.9111E-04   
1.0130E-02   -4.6682E-04   
9.4275E-03   -5.3700E-04   
8.7640E-03   -5.9375E-04   
8.0702E-03   -6.6570E-04   
7.4223E-03   -7.3172E-04   
6.5905E-03   -8.4018E-04   
5.7013E-03   -1.0030E-03   
4.8330E-03   -1.2284E-03   
3.9341E-03   -1.5549E-03   
2.8946E-03   -2.0656E-03   
1.7443E-03   -2.7330E-03   
1.3341E-02   -9.5155E-05   
1.2837E-02   -1.7907E-04   
1.1975E-02   -3.3027E-04   
1.1410E-02   -4.2710E-04   
1.0739E-02   -5.2481E-04   
9.9284E-03   -6.5410E-04   
9.2205E-03   -7.2656E-04   
8.5306E-03   -8.0650E-04   
7.7106E-03   -9.2678E-04   
6.9353E-03   -1.0644E-03   
6.1125E-03   -1.2206E-03   
5.2625E-03   -1.3737E-03   
4.3062E-03   -1.6766E-03   
3.3971E-03   -1.9842E-03   
2.3111E-03   -2.4680E-03   
1.0697E-03   -3.0546E-03   
1.3522E-02   -8.6336E-05   
1.2601E-02   -2.8198E-04   
1.2079E-02   -3.8587E-04   
1.1439E-02   -5.2735E-04   
1.0486E-02   -7.0886E-04   
9.8073E-03   -8.3288E-04   
9.1054E-03   -9.3671E-04   
8.2679E-03   -1.0807E-03   
7.4982E-03   -1.2275E-03   
6.6739E-03   -1.3592E-03   
5.8872E-03   -1.5161E-03   
4.8984E-03   -1.7338E-03   
3.8806E-03   -2.1019E-03   
2.9472E-03   -2.4034E-03   
1.9897E-03   -2.8319E-03   
9.6123E-04   -3.2269E-03   
1.3222E-02   -1.8722E-04   
1.2677E-02   -3.3594E-04   
1.2017E-02   -5.1636E-04   
1.1351E-02   -6.9203E-04   
1.0389E-02   -9.0294E-04   
9.6196E-03   -1.0366E-03   
8.8269E-03   -1.2166E-03   
8.0645E-03   -1.3845E-03   
7.1669E-03   -1.5210E-03   
6.4323E-03   -1.6477E-03   
5.6585E-03   -1.8698E-03   
4.6272E-03   -2.1620E-03   
3.6022E-03   -2.4912E-03   
2.6905E-03   -2.8031E-03   
1.7090E-03   -3.1583E-03   
8.8551E-04   -3.4033E-03   
1.3380E-02   -2.0928E-04   
1.2633E-02   -4.6541E-04   
1.2022E-02   -6.3726E-04   
1.1063E-02   -9.1860E-04   
1.0215E-02   -1.1576E-03   
9.4659E-03   -1.3022E-03   
8.5286E-03   -1.5057E-03   
7.8224E-03   -1.6614E-03   
6.9113E-03   -1.8250E-03   
6.1066E-03   -2.0062E-03   
5.1840E-03   -2.2502E-03   
4.4190E-03   -2.4876E-03   
3.4891E-03   -2.7962E-03   
2.5629E-03   -3.1008E-03   
1.6630E-03   -3.3945E-03   
7.7659E-04   -3.6129E-03   
1.3271E-02   -2.9064E-04   
1.2447E-02   -6.0537E-04   
1.1871E-02   -7.9711E-04   
1.0749E-02   -1.1766E-03   
1.0071E-02   -1.3631E-03   
9.2967E-03   -1.5716E-03   
8.4527E-03   -1.7362E-03   
7.5922E-03   -1.9339E-03   
6.6318E-03   -2.1714E-03   
5.8277E-03   -2.3670E-03   
5.0353E-03   -2.5708E-03   
4.2000E-03   -2.8274E-03   
3.2710E-03   -3.1606E-03   
2.4884E-03   -3.3831E-03   
1.6010E-03   -3.6505E-03   
7.9153E-04   -3.8157E-03   
1.3328E-02   -3.6428E-04   
1.2615E-02   -6.9216E-04   
1.1663E-02   -1.0535E-03   
1.0830E-02   -1.3777E-03   
9.9343E-03   -1.5706E-03   
9.0632E-03   -1.7857E-03   
8.2285E-03   -1.9993E-03   
7.3886E-03   -2.2084E-03   
6.5449E-03   -2.4251E-03   
5.6213E-03   -2.6361E-03   
4.7855E-03   -2.9366E-03   
3.9244E-03   -3.1720E-03   
3.1479E-03   -3.3988E-03   
2.3372E-03   -3.6642E-03   
1.5083E-03   -3.9071E-03   
8.3664E-04   -4.0208E-03   
1.3114E-02   -5.7852E-04   
1.2235E-02   -1.0548E-03   
1.1528E-02   -1.3029E-03   
1.0410E-02   -1.6796E-03   
9.7278E-03   -1.8657E-03   
8.7747E-03   -2.1100E-03   
7.9408E-03   -2.3305E-03   
7.1987E-03   -2.4743E-03   
6.2991E-03   -2.6940E-03   
5.4403E-03   -2.9658E-03   
4.7281E-03   -3.1525E-03   
3.8624E-03   -3.4246E-03   
2.9777E-03   -3.7055E-03   
2.1972E-03   -3.9380E-03   
1.4563E-03   -4.1371E-03   
6.4670E-04   -4.3176E-03   
5.3710E-04   -1.3887E-03   
1.0327E-03   -1.4573E-03   
1.5346E-03   -1.5718E-03   
2.0164E-03   -1.7313E-03   
2.4774E-03   -1.9011E-03   
2.9338E-03   -2.1106E-03   
3.3263E-03   -2.2921E-03   
3.8783E-03   -2.4576E-03   
4.0377E-03   -2.4024E-03   
4.1854E-03   -2.3288E-03   
4.3314E-03   -2.2549E-03   
4.4789E-03   -2.1828E-03   
4.6272E-03   -2.1116E-03   
4.7752E-03   -2.0406E-03   
5.0676E-03   -1.8979E-03   
5.2105E-03   -1.8257E-03   
5.3506E-03   -1.7526E-03   
5.4874E-03   -1.6786E-03   
5.6204E-03   -1.6036E-03   
5.7491E-03   -1.5274E-03   
5.8731E-03   -1.4500E-03   
6.1051E-03   -1.2920E-03   
6.2125E-03   -1.2114E-03   
6.3138E-03   -1.1296E-03   
6.4086E-03   -1.0467E-03   
6.4968E-03   -9.6285E-04   
6.5781E-03   -8.7806E-04   
6.6522E-03   -7.9239E-04   
6.7783E-03   -6.1865E-04   
6.8300E-03   -5.3064E-04   
6.8737E-03   -4.4180E-04   
6.9065E-03   -3.5247E-04   
6.9399E-03   -2.6462E-04   
6.9547E-03   -1.7742E-04   
6.9706E-03   -8.6380E-05   
7.0113E-03   -2.9570E-34   
7.0357E-03   -2.8052E-34   
7.0546E-03   -2.1208E-34   
7.0710E-03   -1.1564E-34   
7.0873E-03   -8.9742E-35   
7.1280E-03   -5.2660E-35   
7.1557E-03   -3.8710E-35   
7.1901E-03   -2.7073E-35   
7.2320E-03   -1.7266E-35   
7.3418E-03   -1.6891E-36   
7.4109E-03   4.5345E-36   
7.4903E-03   1.0045E-35   
7.5803E-03   1.5217E-35   
7.7938E-03   2.4975E-35   
7.9181E-03   2.9540E-35   
8.2033E-03   3.8720E-35   
8.3648E-03   4.3529E-35   
8.7269E-03   8.0094E-35   
8.9279E-03   6.0668E-35   
9.3704E-03   1.1431E-34   
9.8686E-03   1.4756E-34   
1.0139E-02   1.6604E-34   
1.0720E-02   1.9869E-34   
1.1357E-02   2.6332E-34   
1.2413E-02   3.8779E-34   
1.3181E-02   4.0125E-34   
1.4000E-02   -1.5282E-34   
1.4000E-02   -1.5282E-34   
1.4000E-02   -1.5282E-34   
1.4000E-02   -1.5282E-34   
1.4000E-02   -1.5282E-34   
1.2361E-02   -1.0542E-03   
1.0134E-02   -1.9601E-03   
8.5592E-03   -2.3845E-03   
7.0180E-03   -2.7567E-03   
6.0137E-03   -3.0080E-03   
4.5652E-03   -3.4077E-03   
3.6561E-03   -3.6848E-03   
2.4047E-03   -4.0809E-03   
1.6520E-03   -4.3013E-03   
9.5836E-04   -4.4606E-03   
3.1333E-04   -4.5442E-03   
4.8898E-34   -4.4453E-03   
6.9299E-34   -4.2349E-03   
6.8354E-34   -4.0425E-03   
9.9652E-34   -3.9554E-03   
1.0115E-33   -3.7999E-03   
6.2304E-34   -3.6697E-03   
6.0771E-34   -3.6137E-03   
5.8604E-34   -3.5637E-03   
5.5077E-34   -3.4803E-03   
5.3627E-34   -3.4466E-03   
5.1276E-34   -3.3950E-03   
5.0270E-34   -3.3773E-03   
4.9236E-34   -3.3652E-03   
4.7859E-34   -3.3587E-03   
4.7444E-34   -3.3636E-03   
4.7014E-34   -3.3714E-03   
4.6417E-34   -3.3781E-03   
4.5310E-34   -3.3739E-03   
4.4316E-34   -3.3550E-03   
4.3575E-34   -3.3197E-03   
4.2886E-34   -3.2642E-03   
4.1813E-34   -3.1855E-03   
3.9974E-34   -2.9559E-03   
3.8959E-34   -2.8074E-03   
3.7705E-34   -2.6393E-03   
3.6549E-34   -2.4553E-03   
3.5484E-34   -2.2590E-03   
5.1980E-34   -2.0509E-03   
4.8525E-34   -1.8384E-03   
3.5900E-34   -1.6045E-03   
4.1483E-03   -2.2675E-03   
5.1830E-03   -1.7223E-03   
5.5996E-03   -1.4837E-03   
4.4445E-03   -2.1114E-03   
6.5993E-03   -7.5655E-04   
3.6994E-03   -2.4960E-03   
1.8179E-03   -1.8460E-03   
6.3221E-03   -9.9910E-04   
6.8615E-03   -4.3386E-04   
5.9860E-03   -1.2422E-03   
4.7429E-03   -1.9565E-03   
6.7465E-03   -5.9528E-04   
4.8915E-03   -1.8789E-03   
3.4766E-03   -2.4838E-03   
5.8628E-03   -1.3231E-03   
6.4216E-03   -9.1817E-04   
6.9899E-03   -1.2174E-04   
7.2438E-04   -1.6140E-03   
3.1504E-03   -2.3648E-03   
5.3242E-03   -1.6432E-03   
5.4618E-03   -1.5635E-03   
6.6769E-03   -6.7589E-04   
2.2857E-03   -2.0054E-03   
6.9069E-03   -3.5191E-04   
1.2865E-03   -1.7135E-03   
2.7522E-03   -2.2002E-03   
6.5141E-03   -8.3733E-04   
6.8081E-03   -5.1460E-04   
3.8573E-03   -2.4293E-03   
6.2161E-03   -1.0802E-03   
6.1039E-03   -1.1612E-03   
4.5938E-03   -2.0340E-03   
4.0019E-03   -2.3479E-03   
4.2960E-03   -2.1890E-03   
5.0386E-03   -1.8009E-03   
5.7336E-03   -1.4036E-03   
5.0635E-04   -2.1757E-03   
5.2056E-04   -2.3766E-03   
5.3048E-04   -2.5674E-03   
5.3335E-04   -2.7424E-03   
5.2940E-04   -2.8976E-03   
5.1969E-04   -3.0304E-03   
5.0112E-04   -3.1390E-03   
4.7213E-04   -3.2225E-03   
4.3360E-04   -3.2825E-03   
7.0386E-03   -6.2704E-05   
3.8871E-04   -3.3218E-03   
7.0551E-03   -5.1240E-05   
3.4127E-04   -3.3447E-03   
7.0705E-03   -4.2787E-05   
2.9523E-04   -3.3552E-03   
7.0873E-03   -3.6122E-05   
2.5448E-04   -3.3573E-03   
7.1074E-03   -3.1117E-05   
2.2162E-04   -3.3545E-03   
7.1322E-03   -2.7420E-05   
1.9851E-04   -3.3497E-03   
7.1632E-03   -2.4827E-05   
1.8674E-04   -3.3460E-03   
7.2014E-03   -2.3153E-05   
1.8534E-04   -3.3460E-03   
7.2476E-03   -2.2215E-05   
1.8754E-04   -3.3510E-03   
7.3027E-03   -2.1857E-05   
1.9078E-04   -3.3613E-03   
7.3672E-03   -2.2012E-05   
1.9439E-04   -3.3770E-03   
7.4418E-03   -2.2600E-05   
1.9875E-04   -3.3980E-03   
7.5270E-03   -2.3513E-05   
2.0397E-04   -3.4242E-03   
7.6229E-03   -2.4644E-05   
2.0953E-04   -3.4557E-03   
7.7302E-03   -2.5751E-05   
2.1525E-04   -3.4922E-03   
7.8483E-03   -2.7240E-05   
2.2110E-04   -3.5341E-03   
7.9773E-03   -2.8951E-05   
2.2690E-04   -3.5810E-03   
8.1179E-03   -3.1089E-05   
2.3540E-04   -3.6330E-03   
8.2719E-03   -3.3019E-05   
2.4560E-04   -3.6910E-03   
8.4395E-03   -3.4384E-05   
2.5058E-04   -3.7556E-03   
8.6206E-03   -3.5719E-05   
2.5592E-04   -3.8259E-03   
8.8168E-03   -3.7006E-05   
2.7310E-04   -3.9029E-03   
9.0288E-03   -3.7512E-05   
2.8251E-04   -3.9888E-03   
9.2495E-03   -3.6519E-05   
2.8314E-04   -4.0813E-03   
9.4797E-03   -3.7809E-05   
2.9231E-04   -4.1788E-03   
9.7278E-03   -3.8003E-05   
3.0692E-04   -4.2846E-03   
4.5687E-03   -1.9520E-03   
5.9915E-03   -1.1214E-03   
6.4425E-03   -8.0227E-04   
3.9674E-03   -2.2848E-03   
6.9808E-03   -1.8191E-04   
1.5927E-03   -1.9709E-03   
5.3012E-03   -1.5350E-03   
6.8932E-03   -3.5082E-04   
2.5634E-03   -2.2862E-03   
3.5190E-03   -2.5345E-03   
3.2991E-03   -2.5366E-03   
5.7298E-03   -1.2858E-03   
4.8712E-03   -1.7860E-03   
6.7055E-03   -5.7347E-04   
6.7765E-03   -4.9887E-04   
5.0192E-03   -1.7028E-03   
5.5890E-03   -1.3679E-03   
6.5381E-03   -7.2510E-04   
6.3395E-03   -8.8051E-04   
4.1163E-03   -2.2008E-03   
3.6741E-03   -2.4577E-03   
1.0043E-03   -1.8776E-03   
4.2663E-03   -2.1177E-03   
5.1608E-03   -1.6195E-03   
5.4447E-03   -1.4507E-03   
6.6259E-03   -6.4886E-04   
6.8389E-03   -4.2476E-04   
4.4174E-03   -2.0349E-03   
6.1135E-03   -1.0401E-03   
2.9691E-03   -2.4347E-03   
3.8203E-03   -2.3702E-03   
6.2297E-03   -9.5982E-04   
6.9404E-03   -2.7424E-04   
2.0882E-03   -2.1034E-03   
5.8635E-03   -1.2036E-03   
4.7206E-03   -1.8691E-03   
4.8125E-04   -1.9644E-03   
1.0385E-03   -2.3248E-03   
1.0635E-03   -2.5203E-03   
1.0634E-03   -2.6989E-03   
1.0436E-03   -2.8547E-03   
1.0162E-03   -2.9854E-03   
9.7482E-04   -3.0889E-03   
9.1517E-04   -3.1657E-03   
7.0181E-03   -8.2399E-05   
8.3971E-04   -3.2193E-03   
7.5472E-04   -3.2546E-03   
7.0244E-03   -1.1033E-04   
6.6753E-04   -3.2766E-03   
7.0375E-03   -9.3612E-05   
5.8489E-04   -3.2894E-03   
7.0525E-03   -7.8347E-05   
5.1199E-04   -3.2963E-03   
7.0701E-03   -6.6947E-05   
4.5277E-04   -3.2999E-03   
7.0920E-03   -5.8561E-05   
4.0913E-04   -3.3021E-03   
7.1196E-03   -5.2449E-05   
3.8336E-04   -3.3043E-03   
7.1541E-03   -4.8315E-05   
3.7508E-04   -3.3083E-03   
7.1963E-03   -4.5847E-05   
3.7683E-04   -3.3152E-03   
7.2470E-03   -4.4691E-05   
3.8063E-04   -3.3264E-03   
7.3073E-03   -4.4497E-05   
3.8599E-04   -3.3418E-03   
7.3779E-03   -4.5293E-05   
3.9351E-04   -3.3617E-03   
7.4583E-03   -4.6961E-05   
4.0304E-04   -3.3865E-03   
7.5496E-03   -4.9227E-05   
4.1398E-04   -3.4161E-03   
7.6535E-03   -5.1193E-05   
4.2556E-04   -3.4508E-03   
7.7665E-03   -5.2638E-05   
4.3721E-04   -3.4906E-03   
7.8853E-03   -5.6529E-05   
4.4642E-04   -3.5356E-03   
8.0166E-03   -5.9890E-05   
4.5280E-04   -3.5847E-03   
8.1607E-03   -6.5356E-05   
4.7848E-04   -3.6361E-03   
8.3220E-03   -6.8305E-05   
5.0080E-04   -3.6968E-03   
8.4974E-03   -7.0362E-05   
4.9872E-04   -3.7658E-03   
8.6858E-03   -7.3378E-05   
5.1950E-04   -3.8347E-03   
8.8968E-03   -7.5416E-05   
5.8998E-04   -3.9122E-03   
9.1253E-03   -7.4956E-05   
5.6569E-04   -4.0113E-03   
9.3368E-03   -6.9313E-05   
5.7291E-04   -4.1045E-03   
9.5620E-03   -8.2977E-05   
5.9806E-04   -4.2022E-03   
9.9907E-03   -3.9996E-05   
5.2894E-03   -1.4299E-03   
5.4449E-03   -1.3412E-03   
4.8616E-03   -1.6946E-03   
5.5941E-03   -1.2577E-03   
4.7086E-03   -1.7803E-03   
3.3371E-03   -2.5735E-03   
3.4910E-03   -2.4888E-03   
3.6392E-03   -2.3969E-03   
3.7886E-03   -2.3068E-03   
3.9391E-03   -2.2181E-03   
3.1142E-03   -2.5897E-03   
4.0911E-03   -2.1301E-03   
4.5537E-03   -1.8674E-03   
5.7380E-03   -1.1750E-03   
4.2443E-03   -2.0425E-03   
4.3989E-03   -1.9550E-03   
2.7713E-03   -2.5045E-03   
5.8755E-03   -1.0916E-03   
6.6569E-03   -5.5361E-04   
6.7373E-03   -4.8350E-04   
6.8077E-03   -4.1535E-04   
6.5676E-03   -6.2531E-04   
2.3530E-03   -2.3672E-03   
6.0070E-03   -1.0093E-03   
6.4701E-03   -6.9845E-04   
6.2520E-03   -8.4992E-04   
6.1326E-03   -9.2870E-04   
6.3647E-03   -7.7334E-04   
1.8516E-03   -2.2074E-03   
1.4168E-03   -2.0968E-03   
6.8691E-03   -3.4772E-04   
6.9234E-03   -2.7880E-04   
6.9707E-03   -2.0807E-04   
1.0036E-03   -2.1210E-03   
1.5879E-03   -2.6786E-03   
1.5305E-03   -2.8249E-03   
1.4732E-03   -2.9438E-03   
1.4016E-03   -3.0322E-03   
1.3096E-03   -3.0933E-03   
1.2017E-03   -3.1341E-03   
7.0084E-03   -1.3343E-04   
1.0860E-03   -3.1613E-03   
9.7129E-04   -3.1803E-03   
6.9876E-03   -1.5865E-04   
8.6436E-04   -3.1946E-03   
7.0028E-03   -1.2880E-04   
7.7017E-04   -3.2062E-03   
7.0180E-03   -1.0900E-04   
6.9229E-04   -3.2167E-03   
7.0367E-03   -9.4622E-05   
6.3226E-04   -3.2270E-03   
7.0607E-03   -8.4235E-05   
5.9370E-04   -3.2363E-03   
7.0917E-03   -7.6577E-05   
5.8034E-04   -3.2440E-03   
7.1299E-03   -7.1869E-05   
5.7534E-04   -3.2562E-03   
7.1756E-03   -6.9603E-05   
5.7425E-04   -3.2714E-03   
7.2316E-03   -6.8664E-05   
5.7878E-04   -3.2887E-03   
7.2986E-03   -6.8929E-05   
5.8571E-04   -3.3095E-03   
7.3740E-03   -7.1108E-05   
5.9762E-04   -3.3336E-03   
7.4598E-03   -7.4565E-05   
6.1518E-04   -3.3613E-03   
7.5606E-03   -7.7806E-05   
6.3316E-04   -3.3943E-03   
7.6771E-03   -7.9764E-05   
6.5049E-04   -3.4328E-03   
7.7900E-03   -7.8272E-05   
6.6457E-04   -3.4773E-03   
7.8966E-03   -9.1810E-05   
6.6651E-04   -3.5282E-03   
6.5085E-04   -3.5786E-03   
7.5503E-04   -3.6975E-03   
8.5321E-03   -1.0935E-04   
8.3154E-04   -3.9380E-03   
8.5916E-04   -4.1074E-03   
8.9719E-03   -1.1654E-04   
1.0281E-02   -4.2626E-05   
6.8371E-03   -3.4514E-04   
6.8972E-03   -2.8198E-04   
6.9524E-03   -2.1730E-04   
5.0017E-03   -1.5306E-03   
4.8650E-03   -1.6031E-03   
3.1443E-03   -2.6150E-03   
2.9090E-03   -2.6478E-03   
3.7639E-03   -2.2406E-03   
3.3053E-03   -2.5227E-03   
3.9181E-03   -2.1484E-03   
3.4585E-03   -2.4273E-03   
4.7086E-03   -1.6910E-03   
5.6141E-03   -1.1576E-03   
3.6111E-03   -2.3335E-03   
6.6024E-03   -5.3604E-04   
6.5035E-03   -6.0547E-04   
4.0739E-03   -2.0564E-03   
4.2314E-03   -1.9645E-03   
6.1600E-03   -8.2653E-04   
6.2818E-03   -7.5041E-04   
6.6930E-03   -4.6816E-04   
2.5408E-03   -2.5737E-03   
6.7709E-03   -4.0574E-04   
4.5494E-03   -1.7814E-03   
6.0316E-03   -9.0572E-04   
4.3903E-03   -1.8729E-03   
6.3965E-03   -6.7685E-04   
5.7576E-03   -1.0718E-03   
5.8972E-03   -9.8769E-04   
1.9750E-03   -2.8019E-03   
1.8772E-03   -2.9006E-03   
1.7734E-03   -2.9648E-03   
1.6536E-03   -3.0054E-03   
1.5231E-03   -3.0316E-03   
1.3900E-03   -3.0503E-03   
1.2610E-03   -3.0658E-03   
1.1415E-03   -3.0805E-03   
6.9915E-03   -1.6463E-04   
6.9409E-03   -1.8800E-04   
1.0352E-03   -3.0957E-03   
6.9524E-03   -1.5933E-04   
9.4486E-04   -3.1118E-03   
6.9684E-03   -1.3688E-04   
8.7202E-04   -3.1290E-03   
6.9882E-03   -1.2112E-04   
8.1848E-04   -3.1465E-03   
7.0145E-03   -1.0998E-04   
7.8788E-04   -3.1620E-03   
7.0511E-03   -1.0089E-04   
8.0813E-04   -3.1662E-03   
7.0907E-03   -9.7350E-05   
7.7401E-04   -3.1969E-03   
7.1389E-03   -9.5964E-05   
7.7628E-04   -3.2173E-03   
7.2039E-03   -9.5178E-05   
7.8106E-04   -3.2415E-03   
7.2771E-03   -9.5856E-05   
8.0974E-04   -3.2929E-03   
8.8069E-04   -3.5221E-03   
7.4454E-03   -1.0671E-04   
8.4187E-04   -3.3217E-03   
8.6418E-04   -3.3597E-03   
9.0285E-04   -3.4552E-03   
8.0450E-03   -8.9408E-05   
8.3719E-03   -1.0108E-04   
8.5567E-03   -1.5429E-04   
7.5634E-03   -1.1081E-04   
1.1418E-03   -4.0032E-03   
8.7819E-03   -1.5894E-04   
8.7169E-04   -3.8651E-03   
7.8317E-03   -1.3004E-04   
1.0479E-03   -3.6125E-03   
6.9235E-03   -2.2727E-04   
6.8594E-03   -2.8984E-04   
6.8010E-03   -3.4546E-04   
5.3574E-03   -1.2261E-03   
5.3076E-03   -1.3226E-03   
5.4887E-03   -1.1472E-03   
4.7274E-03   -1.6012E-03   
6.6423E-03   -4.5560E-04   
3.1146E-03   -2.5578E-03   
6.7340E-03   -3.9056E-04   
2.9363E-03   -2.6588E-03   
2.6938E-03   -2.7073E-03   
3.2787E-03   -2.4589E-03   
3.7469E-03   -2.1721E-03   
3.5906E-03   -2.2680E-03   
4.5579E-03   -1.6946E-03   
3.4360E-03   -2.3631E-03   
3.9055E-03   -2.0762E-03   
5.6375E-03   -1.0607E-03   
6.1946E-03   -7.3369E-04   
6.5416E-03   -5.2240E-04   
4.0660E-03   -1.9804E-03   
6.3180E-03   -6.6057E-04   
6.4337E-03   -5.9037E-04   
6.0640E-03   -8.1049E-04   
4.2284E-03   -1.8848E-03   
4.3926E-03   -1.7895E-03   
5.9270E-03   -8.9092E-04   
5.7844E-03   -9.7470E-04   
1.8673E-03   -2.4862E-03   
2.2053E-03   -2.8535E-03   
2.0830E-03   -2.8856E-03   
1.9491E-03   -2.9057E-03   
1.8105E-03   -2.9193E-03   
1.6726E-03   -2.9306E-03   
1.5404E-03   -2.9425E-03   
1.4171E-03   -2.9564E-03   
1.3058E-03   -2.9728E-03   
6.8686E-03   -2.2408E-04   
1.2090E-03   -2.9915E-03   
6.8890E-03   -1.8647E-04   
1.1286E-03   -3.0122E-03   
1.0632E-03   -3.0356E-03   
6.9053E-03   -1.6382E-04   
6.9247E-03   -1.4854E-04   
1.0079E-03   -3.0630E-03   
6.9496E-03   -1.3912E-04   
9.6106E-04   -3.1162E-03   
7.0216E-03   -1.3004E-04   
9.7739E-04   -3.1299E-03   
7.1683E-03   -1.2487E-04   
7.0922E-03   -1.2585E-04   
9.9281E-04   -3.1538E-03   
1.0637E-03   -3.2266E-03   
7.8500E-04   -3.2688E-03   
1.0845E-03   -3.2696E-03   
1.1137E-03   -3.3118E-03   
1.0747E-03   -3.8646E-03   
1.0631E-03   -3.7882E-03   
1.1473E-03   -3.3597E-03   
7.4203E-03   -1.4491E-04   
7.9780E-03   -1.2116E-04   
7.6900E-03   -1.5987E-04   
8.3282E-03   -1.4552E-04   
7.5497E-03   -1.5017E-04   
7.3532E-03   -1.0112E-04   
1.1924E-03   -3.4186E-03   
9.9651E-04   -3.7141E-03   
1.1096E-03   -3.5189E-03   
9.0174E-03   -1.6237E-04   
1.0850E-03   -4.1007E-03   
1.0372E-03   -3.9419E-03   
8.5796E-03   -2.0344E-04   
5.1850E-03   -1.2832E-03   
6.8802E-03   -2.4521E-04   
6.6841E-03   -3.8354E-04   
3.1016E-03   -2.4887E-03   
6.5812E-03   -4.4920E-04   
2.9230E-03   -2.5907E-03   
2.5122E-03   -2.7639E-03   
4.5799E-03   -1.6053E-03   
3.5776E-03   -2.2007E-03   
3.4201E-03   -2.2985E-03   
3.2661E-03   -2.3937E-03   
5.5142E-03   -1.0628E-03   
3.7386E-03   -2.1016E-03   
6.2353E-03   -6.4971E-04   
3.9022E-03   -2.0023E-03   
6.3589E-03   -5.8010E-04   
6.4737E-03   -5.1368E-04   
6.1034E-03   -7.2356E-04   
4.0681E-03   -1.9030E-03   
4.4062E-03   -1.7048E-03   
5.6685E-03   -9.7115E-04   
5.9643E-03   -8.0181E-04   
4.2365E-03   -1.8039E-03   
5.8190E-03   -8.8452E-04   
2.4593E-03   -2.7798E-03   
2.3417E-03   -2.7924E-03   
4.9614E-03   -1.4010E-03   
2.2087E-03   -2.7995E-03   
4.7632E-03   -1.5041E-03   
2.0719E-03   -2.8051E-03   
1.9379E-03   -2.8107E-03   
1.8092E-03   -2.8186E-03   
1.6879E-03   -2.8298E-03   
1.5766E-03   -2.8449E-03   
1.4776E-03   -2.8634E-03   
1.1968E-03   -3.0177E-03   
6.8042E-03   -2.3988E-04   
1.3929E-03   -2.8849E-03   
1.3226E-03   -2.9094E-03   
6.8165E-03   -2.1211E-04   
1.2620E-03   -2.9392E-03   
6.8290E-03   -1.9246E-04   
6.8443E-03   -1.8000E-04   
9.6705E-04   -3.0895E-03   
6.9664E-03   -1.6157E-04   
1.2114E-03   -3.0466E-03   
1.1654E-03   -3.1498E-03   
7.8792E-03   -1.6868E-04   
7.5125E-03   -1.9618E-04   
7.1352E-03   -1.6074E-04   
1.3411E-03   -3.2055E-03   
7.0388E-03   -1.5986E-04   
1.3889E-03   -3.2465E-03   
9.8646E-04   -3.1895E-03   
1.2937E-03   -3.8757E-03   
1.4253E-03   -3.2973E-03   
8.0982E-03   -1.6232E-04   
1.3554E-03   -3.5105E-03   
1.3046E-03   -3.6057E-03   
7.2954E-03   -1.4097E-04   
1.3335E-03   -3.7719E-03   
1.3073E-03   -3.1664E-03   
7.3848E-03   -1.8828E-04   
8.8110E-03   -2.0774E-04   
8.3648E-03   -1.9632E-04   
6.7102E-03   -3.2885E-04   
6.6146E-03   -3.8861E-04   
6.7947E-03   -3.0575E-04   
2.7609E-03   -2.6184E-03   
3.1173E-03   -2.4219E-03   
5.3809E-03   -1.0725E-03   
3.4092E-03   -2.2336E-03   
6.5111E-03   -4.4867E-04   
3.2491E-03   -2.3338E-03   
3.5728E-03   -2.1320E-03   
2.1747E-03   -2.6665E-03   
3.7394E-03   -2.0298E-03   
4.4321E-03   -1.6191E-03   
6.1486E-03   -6.4467E-04   
6.3994E-03   -5.1069E-04   
6.2787E-03   -5.7561E-04   
5.5473E-03   -9.7629E-04   
3.9088E-03   -1.9272E-03   
6.0083E-03   -7.2006E-04   
4.0809E-03   -1.8246E-03   
4.2554E-03   -1.7220E-03   
5.7069E-03   -8.8589E-04   
5.8607E-03   -8.0067E-04   
4.6173E-03   -1.5139E-03   
2.5751E-03   -2.6992E-03   
2.4456E-03   -2.6944E-03   
2.3110E-03   -2.6956E-03   
2.7190E-03   -2.7036E-03   
2.1849E-03   -2.6965E-03   
4.8111E-03   -1.4061E-03   
5.0122E-03   -1.2943E-03   
2.0642E-03   -2.6993E-03   
6.7818E-03   -2.7599E-04   
5.2047E-03   -1.1809E-03   
1.9491E-03   -2.7059E-03   
1.8419E-03   -2.7172E-03   
1.6589E-03   -2.7526E-03   
6.7275E-03   -2.6383E-04   
1.5881E-03   -2.7749E-03   
1.5349E-03   -2.7988E-03   
6.7285E-03   -2.4251E-04   
6.7380E-03   -2.2511E-04   
1.3349E-03   -2.9279E-03   
1.2484E-03   -3.0747E-03   
6.8915E-03   -1.9937E-04   
7.2686E-03   -1.8253E-04   
1.6139E-03   -3.1232E-03   
1.1835E-03   -2.9869E-03   
7.6495E-03   -2.0779E-04   
1.4371E-03   -2.9242E-03   
7.3296E-03   -2.3735E-04   
1.2979E-03   -3.1293E-03   
1.6001E-03   -3.4998E-03   
1.5516E-03   -3.0919E-03   
1.4823E-03   -3.3335E-03   
7.1714E-03   -1.8180E-04   
8.1866E-03   -1.9148E-04   
6.9636E-03   -2.0168E-04   
1.4200E-03   -3.4134E-03   
1.3047E-03   -3.6894E-03   
8.3653E-03   -2.4998E-04   
9.0271E-03   -2.0810E-04   
1.3431E-03   -4.0451E-03   
1.6617E-03   -3.7515E-03   
8.0323E-03   -1.3927E-04   
6.5414E-03   -3.9652E-04   
3.0528E-03   -2.3851E-03   
4.4703E-03   -1.5326E-03   
3.2387E-03   -2.2712E-03   
3.4078E-03   -2.1667E-03   
6.4355E-03   -4.5424E-04   
3.5774E-03   -2.0622E-03   
5.4210E-03   -9.8989E-04   
6.1983E-03   -5.7456E-04   
6.3236E-03   -5.1252E-04   
3.7501E-03   -1.9569E-03   
6.0585E-03   -6.4566E-04   
4.2851E-03   -1.6397E-03   
3.9260E-03   -1.8512E-03   
5.5903E-03   -8.9528E-04   
4.1046E-03   -1.7455E-03   
5.9094E-03   -7.2326E-04   
5.7530E-03   -8.0669E-04   
2.6768E-03   -2.5853E-03   
2.5214E-03   -2.5969E-03   
6.7220E-03   -2.9092E-04   
2.4082E-03   -2.5933E-03   
5.0562E-03   -1.1999E-03   
4.6636E-03   -1.4229E-03   
5.2433E-03   -1.0917E-03   
2.3002E-03   -2.5896E-03   
2.1945E-03   -2.5899E-03   
4.8607E-03   -1.3115E-03   
2.0949E-03   -2.5951E-03   
2.0032E-03   -2.6052E-03   
1.9209E-03   -2.6203E-03   
6.7513E-03   -2.1464E-04   
1.8521E-03   -2.6386E-03   
1.4947E-03   -2.8290E-03   
1.8035E-03   -2.6568E-03   
6.6182E-03   -3.0343E-04   
7.1110E-03   -2.2144E-04   
6.6251E-03   -2.7782E-04   
1.4648E-03   -2.9487E-03   
1.4457E-03   -3.0352E-03   
6.8299E-03   -2.0152E-04   
1.4531E-03   -2.8885E-03   
7.0336E-03   -2.1144E-04   
1.7805E-03   -3.0143E-03   
1.7337E-03   -3.2838E-03   
1.5127E-03   -3.0573E-03   
1.6519E-03   -3.2456E-03   
6.7964E-03   -2.4569E-04   
7.9693E-03   -2.2048E-04   
1.9147E-03   -3.3776E-03   
8.1640E-03   -2.3934E-04   
1.5303E-03   -3.5917E-03   
8.3528E-03   -3.1005E-04   
1.6840E-03   -3.9601E-03   
8.8630E-03   -2.6399E-04   
9.2486E-03   -1.7509E-04   
1.8886E-03   -3.8001E-03   
7.7627E-03   -2.2793E-04   
6.5694E-03   -3.5242E-04   
2.9227E-03   -2.5080E-03   
3.0782E-03   -2.3043E-03   
3.2450E-03   -2.2029E-03   
4.3248E-03   -1.5576E-03   
3.4162E-03   -2.0982E-03   
6.3661E-03   -4.6355E-04   
6.2576E-03   -5.1034E-04   
3.5918E-03   -1.9914E-03   
2.6851E-03   -2.5178E-03   
6.1170E-03   -5.7690E-04   
5.4701E-03   -9.1126E-04   
3.7713E-03   -1.8833E-03   
4.1378E-03   -1.6665E-03   
5.9655E-03   -6.5176E-04   
3.9538E-03   -1.7749E-03   
5.6416E-03   -8.1886E-04   
5.8067E-03   -7.3245E-04   
2.6075E-03   -2.5035E-03   
4.5180E-03   -1.4467E-03   
5.1055E-03   -1.1139E-03   
5.2912E-03   -1.0099E-03   
2.5152E-03   -2.4909E-03   
4.9121E-03   -1.2230E-03   
2.4177E-03   -2.4855E-03   
2.3283E-03   -2.4836E-03   
4.7150E-03   -1.3346E-03   
6.6563E-03   -3.0901E-04   
2.1051E-03   -2.5074E-03   
2.2455E-03   -2.4862E-03   
6.6323E-03   -2.6293E-04   
2.1705E-03   -2.4942E-03   
6.8524E-03   -1.7727E-04   
1.6451E-03   -2.7721E-03   
1.7775E-03   -2.6745E-03   
1.6756E-03   -2.7896E-03   
2.0574E-03   -2.5218E-03   
6.5072E-03   -3.3669E-04   
6.8644E-03   -2.5229E-04   
6.7344E-03   -2.4460E-04   
1.6553E-03   -2.8334E-03   
1.7663E-03   -2.9692E-03   
1.9168E-03   -3.1475E-03   
8.1446E-03   -2.9907E-04   
6.9383E-03   -2.6255E-04   
1.7194E-03   -2.9355E-03   
7.5784E-03   -2.6271E-04   
1.9868E-03   -3.2626E-03   
7.7232E-03   -2.8610E-04   
1.8463E-03   -3.5031E-03   
1.5128E-03   -2.9630E-03   
8.5829E-03   -3.1979E-04   
7.2113E-03   -2.2920E-04   
9.5053E-03   -1.3888E-04   
2.0814E-03   -3.6393E-03   
2.7864E-03   -2.4343E-03   
6.4595E-03   -4.1055E-04   
3.0878E-03   -2.2383E-03   
3.2596E-03   -2.1348E-03   
3.4363E-03   -2.0285E-03   
4.1803E-03   -1.5881E-03   
6.3479E-03   -4.3996E-04   
2.9350E-03   -2.3861E-03   
6.1862E-03   -5.1125E-04   
4.3738E-03   -1.4763E-03   
3.6181E-03   -1.9193E-03   
6.0285E-03   -5.8564E-04   
3.8041E-03   -1.8087E-03   
3.9917E-03   -1.6983E-03   
5.5264E-03   -8.3679E-04   
5.8675E-03   -6.6323E-04   
5.6999E-03   -7.4663E-04   
2.7375E-03   -2.3913E-03   
4.9683E-03   -1.1404E-03   
5.3464E-03   -9.3294E-04   
5.1603E-03   -1.0342E-03   
6.7816E-03   -2.0588E-04   
2.6229E-03   -2.3908E-03   
4.5715E-03   -1.3633E-03   
2.5427E-03   -2.3830E-03   
4.7706E-03   -1.2507E-03   
6.5099E-03   -3.1770E-04   
2.3421E-03   -2.3856E-03   
2.4689E-03   -2.3782E-03   
2.2954E-03   -2.3959E-03   
2.4017E-03   -2.3790E-03   
1.9715E-03   -2.6618E-03   
6.4860E-03   -3.6954E-04   
6.6403E-03   -2.5573E-04   
2.0289E-03   -2.5365E-03   
7.0089E-03   -1.2308E-04   
1.9495E-03   -2.7877E-03   
6.6822E-03   -2.4827E-04   
7.1341E-03   -2.8369E-04   
7.0261E-03   -2.7322E-04   
6.7522E-03   -3.0911E-04   
6.6839E-03   -3.0008E-04   
7.4647E-03   -3.2481E-04   
6.6228E-03   -2.9551E-04   
1.6723E-03   -2.9126E-03   
2.0628E-03   -2.8695E-03   
1.7712E-03   -2.6890E-03   
1.9113E-03   -2.6486E-03   
2.0865E-03   -3.0089E-03   
7.7598E-03   -3.3841E-04   
2.0520E-03   -3.1624E-03   
1.7526E-03   -2.8281E-03   
8.3326E-03   -3.7614E-04   
1.9318E-03   -3.5861E-03   
9.8279E-03   -7.2289E-05   
2.2353E-03   -3.2374E-03   
9.4759E-03   -1.9241E-04   
8.1185E-03   -3.6475E-04   
7.4573E-03   -2.4628E-04   
2.1788E-03   -3.3484E-03   
2.9244E-03   -2.3378E-03   
3.1104E-03   -2.1697E-03   
3.2874E-03   -2.0664E-03   
4.2309E-03   -1.5110E-03   
6.2603E-03   -4.4711E-04   
3.4673E-03   -1.9584E-03   
4.0381E-03   -1.6227E-03   
6.0940E-03   -5.2593E-04   
3.6563E-03   -1.8461E-03   
3.8473E-03   -1.7339E-03   
5.9358E-03   -5.9911E-04   
5.0292E-03   -1.0633E-03   
5.5880E-03   -7.6688E-04   
5.7664E-03   -6.7850E-04   
5.4060E-03   -8.6179E-04   
2.7980E-03   -2.3090E-03   
5.2203E-03   -9.6022E-04   
6.3993E-03   -3.9215E-04   
4.4290E-03   -1.3974E-03   
4.8310E-03   -1.1717E-03   
2.7467E-03   -2.2895E-03   
4.6299E-03   -1.2837E-03   
2.6802E-03   -2.2779E-03   
2.5212E-03   -2.2776E-03   
2.5650E-03   -2.2725E-03   
6.3870E-03   -3.7765E-04   
2.6187E-03   -2.2725E-03   
6.5114E-03   -3.0689E-04   
6.9070E-03   -1.6878E-04   
2.2596E-03   -2.4112E-03   
6.5705E-03   -2.9570E-04   
6.5571E-03   -3.6199E-04   
1.8988E-03   -2.6319E-03   
6.6323E-03   -2.6049E-04   
6.4960E-03   -3.5455E-04   
6.6238E-03   -3.7442E-04   
2.1873E-03   -2.7052E-03   
7.2637E-03   -2.9203E-04   
6.9233E-03   -3.3478E-04   
2.0305E-03   -2.5457E-03   
7.2132E-03   -3.5779E-04   
2.2925E-03   -3.0078E-03   
1.9217E-03   -3.0053E-03   
2.2853E-03   -2.7078E-03   
2.1013E-03   -2.6537E-03   
8.0842E-03   -4.3672E-04   
8.5560E-03   -3.8762E-04   
2.3436E-03   -3.0971E-03   
2.1874E-03   -3.4402E-03   
9.6944E-03   -1.5907E-04   
2.4376E-03   -3.2215E-03   
2.9347E-03   -2.2733E-03   
3.1581E-03   -2.1012E-03   
4.0908E-03   -1.5493E-03   
3.3150E-03   -2.0026E-03   
6.1417E-03   -4.8399E-04   
4.2876E-03   -1.4364E-03   
3.5072E-03   -1.8883E-03   
3.8971E-03   -1.6610E-03   
6.0068E-03   -5.4267E-04   
5.0943E-03   -9.9224E-04   
3.7022E-03   -1.7740E-03   
4.8966E-03   -1.0977E-03   
2.9639E-03   -2.1974E-03   
5.8470E-03   -6.1492E-04   
5.4665E-03   -7.9853E-04   
5.2833E-03   -8.9305E-04   
2.8943E-03   -2.1783E-03   
4.6935E-03   -1.2084E-03   
4.4893E-03   -1.3220E-03   
6.3809E-03   -3.6394E-04   
6.5308E-03   -2.9974E-04   
2.7375E-03   -2.1656E-03   
2.8296E-03   -2.1706E-03   
2.1269E-03   -2.5154E-03   
2.7786E-03   -2.1659E-03   
6.5133E-03   -3.0336E-04   
2.4855E-03   -2.2890E-03   
2.4615E-03   -2.5697E-03   
6.3554E-03   -4.2169E-04   
2.2266E-03   -2.4329E-03   
6.4142E-03   -4.3284E-04   
6.4419E-03   -3.5200E-04   
6.7009E-03   -3.9100E-04   
2.2830E-03   -2.6096E-03   
2.7530E-03   -3.1193E-03   
2.4371E-03   -2.6997E-03   
7.3148E-03   -3.9748E-04   
7.0456E-03   -3.4741E-04   
8.5287E-03   -4.5775E-04   
2.2620E-03   -2.5327E-03   
2.4683E-03   -3.2911E-03   
7.8725E-03   -4.2407E-04   
8.8061E-03   -3.3402E-04   
2.5823E-03   -2.9353E-03   
2.3049E-03   -2.8389E-03   
2.4018E-03   -2.8776E-03   
8.0415E-03   -5.1602E-04   
6.2510E-03   -4.2655E-04   
4.1482E-03   -1.4792E-03   
3.9521E-03   -1.5912E-03   
3.1318E-03   -2.0662E-03   
5.7817E-03   -6.2684E-04   
6.3754E-03   -3.5601E-04   
3.3525E-03   -1.9369E-03   
4.9675E-03   -1.0292E-03   
6.0901E-03   -4.8746E-04   
5.1634E-03   -9.2755E-04   
5.9231E-03   -5.6263E-04   
3.5531E-03   -1.8194E-03   
4.7629E-03   -1.1377E-03   
4.3492E-03   -1.3653E-03   
4.5553E-03   -1.2506E-03   
3.0385E-03   -2.0704E-03   
5.5099E-03   -7.5498E-04   
5.3493E-03   -8.3362E-04   
2.9474E-03   -2.0585E-03   
2.9859E-03   -2.0638E-03   
2.4421E-03   -2.3141E-03   
2.7050E-03   -2.1714E-03   
6.3753E-03   -3.5737E-04   
2.5185E-03   -2.3890E-03   
6.3965E-03   -3.5405E-04   
6.2022E-03   -4.9723E-04   
2.4187E-03   -2.4886E-03   
6.3009E-03   -4.1630E-04   
6.4766E-03   -4.5007E-04   
7.6562E-03   -4.0995E-04   
6.8008E-03   -4.0828E-04   
2.6159E-03   -2.5529E-03   
2.3542E-03   -2.3748E-03   
2.1451E-03   -2.5334E-03   
7.5541E-03   -3.6392E-04   
7.0719E-03   -4.4564E-04   
2.6081E-03   -2.6752E-03   
2.7801E-03   -3.2190E-03   
2.9050E-03   -2.9576E-03   
2.6084E-03   -2.4390E-03   
7.9181E-03   -3.5200E-04   
8.2774E-03   -5.2124E-04   
8.7771E-03   -3.9892E-04   
9.0289E-03   -2.9340E-04   
2.6428E-03   -2.7270E-03   
2.8841E-03   -2.8085E-03   
5.8308E-03   -5.9100E-04   
3.8094E-03   -1.6395E-03   
4.0052E-03   -1.5279E-03   
6.2212E-03   -4.1635E-04   
5.4339E-03   -7.7433E-04   
5.2415E-03   -8.6722E-04   
5.9710E-03   -5.3012E-04   
4.2070E-03   -1.4142E-03   
5.0442E-03   -9.6592E-04   
4.8390E-03   -1.0717E-03   
3.6126E-03   -1.7512E-03   
4.6278E-03   -1.1835E-03   
4.4156E-03   -1.2985E-03   
3.2192E-03   -1.9817E-03   
3.1859E-03   -1.9673E-03   
3.1497E-03   -1.9576E-03   
2.9187E-03   -2.0582E-03   
2.6711E-03   -2.1880E-03   
3.3931E-03   -1.8712E-03   
6.2350E-03   -4.1811E-04   
6.0996E-03   -4.8598E-04   
5.6403E-03   -6.7979E-04   
6.1477E-03   -4.8899E-04   
2.5622E-03   -2.3264E-03   
2.4085E-03   -2.3773E-03   
2.8825E-03   -2.5647E-03   
6.2588E-03   -5.1142E-04   
2.6266E-03   -2.2213E-03   
6.1956E-03   -4.2731E-04   
2.8272E-03   -2.3866E-03   
6.5408E-03   -4.7610E-04   
2.7665E-03   -2.2974E-03   
7.1907E-03   -4.6655E-04   
7.4544E-03   -4.8236E-04   
6.9333E-03   -4.2450E-04   
9.2558E-03   -2.9150E-04   
3.0795E-03   -2.6493E-03   
2.9692E-03   -2.6084E-03   
3.1258E-03   -2.9484E-03   
8.0223E-03   -5.9653E-04   
2.8494E-03   -3.3117E-03   
8.4911E-03   -5.3007E-04   
9.0295E-03   -3.4630E-04   
5.9211E-03   -5.4292E-04   
3.8554E-03   -1.5853E-03   
3.6626E-03   -1.6953E-03   
5.3303E-03   -8.0966E-04   
6.0819E-03   -4.7726E-04   
5.1294E-03   -9.0690E-04   
4.0592E-03   -1.4708E-03   
4.9231E-03   -1.0099E-03   
4.2721E-03   -1.3534E-03   
4.7084E-03   -1.1202E-03   
3.3420E-03   -1.8646E-03   
4.4894E-03   -1.2358E-03   
3.1267E-03   -1.9502E-03   
5.7346E-03   -6.2375E-04   
5.9340E-03   -5.6469E-04   
3.5024E-03   -1.7882E-03   
2.8618E-03   -2.0892E-03   
3.1097E-03   -1.9492E-03   
2.7528E-03   -2.1957E-03   
5.5327E-03   -7.1505E-04   
5.9893E-03   -5.6764E-04   
7.1952E-03   -5.2935E-04   
6.0473E-03   -4.8640E-04   
6.0447E-03   -5.7734E-04   
2.8160E-03   -2.2114E-03   
6.3074E-03   -5.3488E-04   
6.6501E-03   -4.9779E-04   
6.0534E-03   -4.9032E-04   
3.3076E-03   -2.4815E-03   
2.9330E-03   -2.2671E-03   
3.1598E-03   -2.2507E-03   
7.3961E-03   -4.3971E-04   
9.3169E-03   -3.5822E-04   
3.2143E-03   -2.4312E-03   
6.8063E-03   -5.1337E-04   
7.3759E-03   -5.5548E-04   
7.7573E-03   -6.9347E-04   
3.2491E-03   -2.6715E-03   
3.2804E-03   -2.7784E-03   
7.7108E-03   -6.0487E-04   
9.4420E-03   -2.4155E-04   
8.7562E-03   -4.6649E-04   
2.4560E-03   -3.4993E-03   
2.7614E-03   -2.5498E-03   
3.6934E-03   -1.6551E-03   
3.5049E-03   -1.7643E-03   
5.2237E-03   -8.5177E-04   
5.8464E-03   -5.6980E-04   
5.0155E-03   -9.5264E-04   
4.1201E-03   -1.4181E-03   
3.3241E-03   -1.8509E-03   
4.7976E-03   -1.0614E-03   
3.0913E-03   -1.9608E-03   
4.3453E-03   -1.2968E-03   
2.8217E-03   -2.1281E-03   
4.5722E-03   -1.1771E-03   
5.4292E-03   -7.5540E-04   
3.3191E-03   -1.8384E-03   
5.7611E-03   -6.5145E-04   
6.0029E-03   -5.0543E-04   
5.6314E-03   -6.6384E-04   
5.8898E-03   -5.6465E-04   
5.8535E-03   -6.3973E-04   
6.1028E-03   -5.9176E-04   
3.5714E-03   -2.3018E-03   
3.0984E-03   -2.1339E-03   
3.2344E-03   -2.2799E-03   
3.0996E-03   -2.2256E-03   
6.8763E-03   -6.1860E-04   
8.6976E-03   -5.3518E-04   
3.3198E-03   -2.9573E-03   
3.0337E-03   -2.0641E-03   
3.0840E-03   -2.4090E-03   
6.6889E-03   -6.0736E-04   
7.5721E-03   -5.5946E-04   
9.5240E-03   -2.8037E-04   
9.0489E-03   -4.7590E-04   
7.8168E-03   -7.6685E-04   
3.6685E-03   -2.6314E-03   
2.7663E-03   -3.4667E-03   
6.5081E-03   -5.9828E-04   
2.2286E-03   -3.5110E-03   
5.1163E-03   -9.0013E-04   
5.8622E-03   -5.6598E-04   
5.3264E-03   -8.0127E-04   
4.8974E-03   -1.0064E-03   
4.1929E-03   -1.3681E-03   
3.5151E-03   -1.7395E-03   
2.5919E-03   -2.2585E-03   
3.0617E-03   -1.9906E-03   
5.5330E-03   -7.0714E-04   
3.3231E-03   -1.8323E-03   
5.7100E-03   -6.5042E-04   
3.9003E-03   -1.5389E-03   
4.4306E-03   -1.2430E-03   
3.4706E-03   -2.2343E-03   
3.3614E-03   -2.1058E-03   
5.8697E-03   -6.6485E-04   
3.2342E-03   -2.1136E-03   
3.0238E-03   -2.0351E-03   
3.0863E-03   -2.0700E-03   
3.0085E-03   -2.1420E-03   
3.5024E-03   -2.1121E-03   
3.6278E-03   -2.3815E-03   
7.0720E-03   -6.3626E-04   
8.4140E-03   -6.2008E-04   
6.5652E-03   -7.0868E-04   
5.4877E-03   -7.5823E-04   
6.2032E-03   -7.0043E-04   
7.3088E-03   -6.5743E-04   
3.6842E-03   -2.8121E-03   
3.0180E-03   -3.0739E-03   
6.3870E-03   -6.9977E-04   
7.8196E-03   -5.0326E-04   
3.8458E-03   -2.6526E-03   
3.5268E-03   -2.6085E-03   
8.1267E-03   -7.3730E-04   
7.4946E-03   -8.0631E-04   
5.2255E-03   -8.5183E-04   
5.0153E-03   -9.5148E-04   
5.6666E-03   -6.5327E-04   
3.3122E-03   -1.8477E-03   
5.7076E-03   -6.3019E-04   
5.4346E-03   -7.5584E-04   
4.7828E-03   -1.0650E-03   
3.5391E-03   -1.7158E-03   
4.2823E-03   -1.3189E-03   
4.5316E-03   -1.1908E-03   
3.6664E-03   -1.9628E-03   
3.5301E-03   -1.9699E-03   
3.7287E-03   -1.6196E-03   
3.2140E-03   -1.9488E-03   
3.2666E-03   -1.8941E-03   
3.3071E-03   -1.9303E-03   
3.9572E-03   -1.4945E-03   
5.9658E-03   -6.7751E-04   
5.2922E-03   -8.6622E-04   
6.0888E-03   -8.0024E-04   
3.2818E-03   -1.9929E-03   
5.9721E-03   -7.3766E-04   
3.8371E-03   -2.4719E-03   
6.7428E-03   -7.2535E-04   
3.9334E-03   -2.1929E-03   
3.0045E-03   -2.8354E-03   
4.0568E-03   -2.6571E-03   
5.6453E-03   -7.7666E-04   
6.2563E-03   -8.0541E-04   
3.8306E-03   -2.0185E-03   
4.0261E-03   -2.4914E-03   
3.4944E-03   -2.9828E-03   
7.5723E-03   -8.7786E-04   
8.4643E-03   -7.0921E-04   
5.1433E-03   -8.9771E-04   
5.3358E-03   -8.0939E-04   
4.0354E-03   -1.4485E-03   
3.4399E-03   -1.8231E-03   
4.3870E-03   -1.2716E-03   
3.5853E-03   -1.8447E-03   
3.5897E-03   -1.6903E-03   
5.3479E-03   -8.7936E-04   
3.7850E-03   -1.5822E-03   
3.5574E-03   -1.7290E-03   
6.1687E-03   -5.9959E-04   
4.6545E-03   -1.1384E-03   
5.5263E-03   -7.2339E-04   
3.7042E-03   -1.8328E-03   
5.9545E-03   -9.0857E-04   
3.8364E-03   -1.8234E-03   
5.9490E-03   -8.0095E-04   
2.7116E-03   -2.9570E-03   
4.3414E-03   -2.6367E-03   
6.4228E-03   -8.1940E-04   
3.1206E-03   -3.1190E-03   
4.2345E-03   -1.8828E-03   
3.9891E-03   -2.2964E-03   
5.6874E-03   -8.1488E-04   
6.9250E-03   -7.4973E-04   
3.6871E-03   -3.0125E-03   
4.2491E-03   -1.9967E-03   
4.2221E-03   -2.3181E-03   
3.9096E-03   -2.8222E-03   
7.2321E-03   -9.2925E-04   
3.8132E-03   -1.9498E-03   
8.8251E-03   -6.7303E-04   
4.1333E-03   -1.4020E-03   
3.8846E-03   -1.6937E-03   
4.9482E-03   -9.9497E-04   
3.8818E-03   -1.5342E-03   
5.0602E-03   -9.8890E-04   
3.9759E-03   -1.8203E-03   
3.5054E-03   -1.8497E-03   
6.2692E-03   -9.3827E-04   
4.4970E-03   -1.2317E-03   
4.0109E-03   -1.6835E-03   
3.7702E-03   -1.6042E-03   
5.3891E-03   -9.1103E-04   
6.1092E-03   -9.2052E-04   
5.2111E-03   -8.7839E-04   
3.5975E-03   -1.7676E-03   
5.7122E-03   -8.6572E-04   
3.3716E-03   -2.5350E-03   
4.0999E-03   -1.8396E-03   
4.2986E-03   -2.0868E-03   
4.4240E-03   -2.1399E-03   
4.4425E-03   -2.3516E-03   
4.7505E-03   -2.4439E-03   
7.3170E-03   -1.0164E-03   
3.4298E-03   -3.2015E-03   
6.7563E-03   -8.6988E-04   
9.0953E-03   -5.6602E-04   
4.2368E-03   -1.3616E-03   
3.9894E-03   -1.4888E-03   
4.7943E-03   -1.0914E-03   
4.1864E-03   -1.5464E-03   
5.0903E-03   -1.0183E-03   
5.7651E-03   -9.1523E-04   
5.4275E-03   -9.5229E-04   
4.1531E-03   -1.6753E-03   
5.9578E-03   -1.0428E-03   
5.8041E-03   -1.0265E-03   
6.9145E-03   -9.7007E-04   
6.4337E-03   -9.6389E-04   
4.8066E-03   -1.9940E-03   
4.5972E-03   -1.9066E-03   
3.7533E-03   -1.7177E-03   
7.0819E-03   -7.9022E-04   
7.8688E-03   -8.2897E-04   
6.9308E-03   -1.1857E-03   
4.7971E-03   -2.3096E-03   
4.7336E-03   -2.5787E-03   
4.8793E-03   -2.1671E-03   
4.4601E-03   -1.6946E-03   
3.8490E-03   -3.0658E-03   
9.1668E-03   -6.3916E-04   
4.0828E-03   -1.4596E-03   
5.0611E-03   -9.6164E-04   
3.8716E-03   -1.6171E-03   
4.5764E-03   -1.2151E-03   
5.6072E-03   -1.1774E-03   
4.7764E-03   -1.1416E-03   
4.3369E-03   -1.3328E-03   
5.1252E-03   -1.0575E-03   
4.3259E-03   -1.5327E-03   
5.4789E-03   -1.0589E-03   
4.4902E-03   -1.5212E-03   
5.5032E-03   -1.1227E-03   
7.1756E-03   -8.5156E-04   
6.1207E-03   -1.0609E-03   
6.6140E-03   -9.9832E-04   
8.1045E-03   -8.4201E-04   
4.5706E-03   -1.8136E-03   
6.9090E-03   -8.9453E-04   
4.5952E-03   -1.7175E-03   
6.6343E-03   -1.0941E-03   
4.0796E-03   -1.5453E-03   
4.7020E-03   -1.5082E-03   
5.0317E-03   -2.0078E-03   
6.6141E-03   -1.1995E-03   
7.2923E-03   -1.1181E-03   
4.6174E-03   -1.9894E-03   
5.1328E-03   -2.1547E-03   
5.0423E-03   -2.4003E-03   
3.5597E-03   -3.2447E-03   
4.1619E-03   -1.4516E-03   
4.6549E-03   -1.3777E-03   
4.4719E-03   -1.2928E-03   
4.8343E-03   -1.1646E-03   
4.8625E-03   -1.6498E-03   
4.4861E-03   -1.4015E-03   
5.2569E-03   -1.2729E-03   
5.8534E-03   -1.1489E-03   
5.3884E-03   -2.2918E-03   
6.3386E-03   -1.2202E-03   
3.8384E-03   -1.5840E-03   
4.8557E-03   -1.5497E-03   
6.2704E-03   -1.0905E-03   
5.1821E-03   -1.0935E-03   
5.1845E-03   -1.2143E-03   
5.2073E-03   -1.8440E-03   
3.4497E-03   -3.3810E-03   
5.2756E-03   -2.0158E-03   
6.5601E-03   -1.3032E-03   
7.5425E-03   -1.0289E-03   
5.4701E-03   -9.9729E-04   
3.7044E-03   -1.6780E-03   
4.3405E-03   -1.4336E-03   
4.8324E-03   -1.3651E-03   
4.5781E-03   -1.3076E-03   
5.9530E-03   -1.1902E-03   
4.9890E-03   -1.2304E-03   
5.0123E-03   -1.4103E-03   
4.6058E-03   -1.2553E-03   
6.2921E-03   -1.4417E-03   
4.3712E-03   -1.3792E-03   
7.8360E-03   -9.8041E-04   
6.2814E-03   -1.3376E-03   
4.9693E-03   -1.8227E-03   
4.9966E-03   -1.3531E-03   
5.6496E-03   -2.1202E-03   
3.0468E-03   -3.5597E-03   
5.2601E-03   -1.1171E-03   
5.2485E-03   -1.6331E-03   
5.6316E-03   -1.2768E-03   
5.7314E-03   -1.3520E-03   
5.4232E-03   -1.6685E-03   
6.3636E-03   -1.5338E-03   
5.1040E-03   -1.5155E-03   
5.5398E-03   -2.0305E-03   
5.7529E-03   -2.1869E-03   
5.6180E-03   -1.5024E-03   
5.1543E-03   -1.5761E-03   
6.0735E-03   -2.1625E-03   
5.6095E-03   -1.7082E-03   
6.3940E-03   -1.1236E-03   
6.7748E-03   -1.4444E-03   
5.9852E-03   -1.6088E-03   
5.3846E-03   -1.4306E-03   
5.9938E-03   -1.3563E-03   
5.4194E-03   -1.8656E-03   
6.0245E-03   -1.7079E-03   
7.1244E-03   -1.2561E-03   
6.4491E-03   -1.9716E-03   
5.7390E-03   -1.7513E-03   
5.4271E-03   -1.4979E-03   
5.9752E-03   -1.8400E-03   
6.2852E-03   -1.8256E-03   
6.7184E-03   -1.6691E-03   
6.8995E-03   -1.5135E-03   
6.5702E-03   -1.8298E-03   
3.0266E-04   -4.4005E-03   
5.9111E-03   -1.9636E-03   
5.5121E-03   -2.3648E-03   
9.7709E-03   -2.7714E-04   
7.1196E-04   -3.7680E-03   
1.0588E-02   -3.9566E-05   
9.5125E-03   -6.0459E-04   
5.4578E-04   -4.4378E-03   
2.7252E-03   -3.6007E-03   
6.5614E-03   -2.0462E-03   
9.9447E-03   -1.4424E-04   
8.3691E-04   -4.3897E-03   
3.0929E-03   -3.3092E-03   
1.1926E-03   -4.3170E-03   
1.5579E-03   -4.2334E-03   
1.9249E-03   -4.1345E-03   
2.3070E-03   -4.0226E-03   
1.0886E-02   -3.6019E-05   
2.6994E-03   -3.9007E-03   
3.1153E-03   -3.7653E-03   
9.3293E-03   -4.8586E-04   
3.5459E-03   -3.6268E-03   
1.1194E-02   -3.4307E-05   
3.9857E-03   -3.4856E-03   
4.4399E-03   -3.3425E-03   
7.1440E-03   -1.3714E-03   
4.9553E-03   -3.1786E-03   
1.1519E-02   -3.1453E-05   
8.2559E-03   -5.8581E-04   
5.3598E-03   -3.0943E-03   
4.1571E-03   -2.5284E-03   
2.0591E-03   -3.8570E-03   
9.4075E-03   -4.1939E-04   
5.8444E-03   -2.9210E-03   
6.3788E-03   -2.7939E-03   
1.1856E-02   -2.7368E-05   
6.8776E-03   -2.6702E-03   
4.3043E-03   -2.9281E-03   
7.4311E-03   -2.5264E-03   
7.8590E-03   -2.4608E-03   
1.2206E-02   -2.3219E-05   
8.3566E-03   -2.3039E-03   
8.9146E-03   -2.1761E-03   
8.9919E-04   -4.1927E-03   
9.4352E-03   -2.0421E-03   
1.2611E-02   -2.0307E-05   
1.0073E-02   -8.9265E-05   
4.6196E-03   -2.7349E-03   
9.9957E-03   -1.8761E-03   
1.0529E-02   -1.7324E-03   
8.9109E-03   -7.3497E-04   
1.3063E-02   -1.0391E-05   
8.1635E-03   -9.2525E-04   
7.5392E-03   -1.1108E-03   
1.1566E-02   -1.3810E-03   
1.3528E-02   -2.1373E-04   
1.3617E-02   -2.2466E-04   
1.3586E-02   -4.7058E-05   
1.3629E-02   -1.7112E-05   
1.3547E-02   -1.2424E-04   
3.7005E-03   -3.3775E-03   
1.2691E-02   -8.3943E-04   
1.0339E-03   -4.2565E-03   
8.4023E-03   -9.4182E-04   
7.9332E-03   -1.0670E-03   
1.8389E-03   -3.9999E-03   
7.4074E-03   -1.3619E-03   
2.3954E-03   -3.7620E-03   
1.0011E-02   -2.3103E-04   
6.9465E-03   -1.6874E-03   
9.7722E-03   -5.0223E-04   
2.6527E-03   -3.7413E-03   
4.8216E-03   -2.7734E-03   
1.7952E-03   -4.0922E-03   
5.3456E-03   -2.5498E-03   
2.5679E-03   -3.8636E-03   
8.8057E-03   -8.3288E-04   
9.2835E-03   -1.9540E-03   
6.7457E-03   -2.5882E-03   
3.4215E-03   -3.5710E-03   
4.4111E-03   -2.9997E-03   
4.3070E-03   -3.2839E-03   
4.2275E-03   -3.1872E-03   
1.1342E-02   -6.6815E-05   
7.0264E-03   -1.9395E-03   
1.0207E-02   -1.2837E-04   
9.6002E-03   -6.6564E-04   
1.0747E-02   -7.0548E-05   
1.2559E-02   -4.4464E-05   
6.2363E-03   -2.2287E-03   
7.6128E-03   -2.3602E-03   
9.5727E-03   -3.1486E-04   
9.6558E-03   -4.3588E-04   
7.1541E-03   -1.4410E-03   
5.1420E-03   -2.4405E-03   
1.3337E-02   -3.9000E-06   
1.1069E-02   -1.5565E-03   
5.1174E-03   -3.0176E-03   
1.0119E-02   -1.7156E-03   
1.3640E-02   -1.4065E-04   
1.3714E-02   -8.5815E-06   
1.3692E-02   -2.7621E-05   
1.3660E-02   -7.7136E-05   
8.4198E-03   -2.1453E-03   
5.9039E-03   -2.7579E-03   
1.2007E-02   -5.1078E-05   
1.2043E-02   -9.9603E-04   
1.3114E-02   -3.0666E-05   
1.2680E-02   -7.3778E-04   
1.2994E-02   -2.9098E-04   
1.3168E-02   -4.3629E-05   
1.3095E-02   -1.0844E-04   
1.2899E-02   -4.8496E-04   
8.7077E-03   -9.5231E-04   
6.6544E-03   -2.5004E-03   
1.0117E-02   -1.7757E-04   
1.0425E-02   -1.4757E-04   
1.1155E-02   -1.0776E-04   
1.1637E-03   -4.1485E-03   
6.0654E-03   -2.4062E-03   
7.8192E-03   -1.2254E-03   
4.6060E-03   -3.1068E-03   
1.0053E-02   -2.8602E-04   
1.1813E-02   -8.5744E-05   
1.0894E-02   -1.5002E-03   
3.3197E-03   -3.5202E-03   
6.2928E-03   -2.5883E-03   
4.9905E-03   -2.9733E-03   
7.5139E-03   -2.2872E-03   
5.6203E-03   -2.5318E-03   
8.9171E-03   -1.9593E-03   
7.3666E-03   -1.5982E-03   
5.4803E-03   -2.8173E-03   
9.4630E-03   -7.7619E-04   
9.8648E-03   -5.6891E-04   
8.0100E-03   -2.1733E-03   
7.3964E-03   -1.7351E-03   
1.2194E-02   -7.1354E-05   
7.1441E-03   -2.0385E-03   
1.1483E-02   -9.6538E-05   
5.2359E-03   -2.7062E-03   
9.9308E-03   -3.6035E-04   
7.0786E-03   -2.3945E-03   
7.6694E-03   -1.3984E-03   
1.0777E-02   -1.1677E-04   
1.0018E-02   -4.1020E-04   
1.2473E-02   -4.4762E-04   
1.2724E-02   -7.9602E-05   
1.2634E-02   -1.8158E-04   
1.2798E-02   -4.4648E-05   
9.0611E-03   -8.4392E-04   
1.1374E-02   -1.2417E-03   
1.2161E-02   -8.0934E-04   
1.3077E-02   -8.7154E-05   
1.2932E-02   -4.0578E-04   
1.2970E-02   -1.8683E-04   
1.2914E-02   -2.3223E-04   
6.9651E-03   -2.3133E-03   
5.2230E-03   -2.8133E-03   
1.1931E-02   -1.1104E-04   
1.0507E-02   -1.5676E-03   
6.0503E-03   -2.5687E-03   
7.4811E-03   -1.8432E-03   
6.8337E-03   -2.2374E-03   
1.0235E-02   -5.2823E-04   
1.0636E-02   -1.7087E-04   
8.5485E-03   -1.9784E-03   
1.1311E-02   -1.3447E-04   
1.2579E-02   -2.5471E-04   
1.2752E-02   -1.1977E-04   
1.0370E-02   -3.7615E-04   
8.6116E-03   -1.0828E-03   
1.0379E-02   -2.6565E-04   
8.1562E-03   -1.2302E-03   
1.2462E-02   -3.4705E-04   
1.1546E-02   -1.0102E-03   
9.7761E-03   -7.6557E-04   
9.4255E-03   -1.7708E-03   
7.7636E-03   -1.5564E-03   
6.4249E-03   -2.3615E-03   
7.8313E-03   -2.1014E-03   
9.5177E-03   -8.5508E-04   
1.2530E-02   -7.0983E-05   
1.1288E-02   -1.1759E-03   
1.2245E-02   -6.2218E-04   
8.6573E-03   -1.8023E-03   
8.2157E-03   -1.4850E-03   
9.4330E-03   -9.6418E-04   
1.0143E-02   -7.0832E-04   
8.1496E-03   -1.9162E-03   
7.2717E-03   -2.1248E-03   
1.2043E-02   -1.3314E-04   
1.1029E-02   -1.1892E-03   
1.1331E-02   -1.7934E-04   
1.1720E-02   -1.5528E-04   
7.7093E-03   -2.0200E-03   
1.0607E-02   -2.9015E-04   
1.0651E-02   -2.2037E-04   
1.0488E-02   -4.2975E-04   
7.7160E-03   -1.4830E-03   
7.8968E-03   -1.7589E-03   
1.0365E-02   -5.8449E-04   
9.5599E-03   -1.6116E-03   
8.9465E-03   -1.0863E-03   
8.5120E-03   -1.2202E-03   
8.1536E-03   -1.6153E-03   
9.8255E-03   -9.0340E-04   
1.0085E-02   -8.0546E-04   
9.7956E-03   -1.7407E-03   
1.0610E-02   -4.8043E-04   
8.0180E-03   -1.8383E-03   
1.2362E-02   -1.0890E-04   
1.0951E-02   -2.2857E-04   
1.0722E-02   -3.4606E-04   
1.0484E-02   -1.3741E-03   
1.1205E-02   -2.4383E-04   
8.4660E-03   -1.3308E-03   
9.1983E-03   -1.1020E-03   
1.0153E-02   -8.7701E-04   
8.2979E-03   -1.6684E-03   
1.1096E-02   -3.1034E-04   
1.1282E-02   -1.0075E-03   
1.0515E-02   -6.1928E-04   
1.0982E-02   -4.3029E-04   
1.0280E-02   -1.5597E-03   
1.1873E-02   -1.7744E-04   
8.7085E-03   -1.3509E-03   
9.1579E-03   -1.2075E-03   
1.2499E-02   -1.2656E-04   
1.0841E-02   -5.7353E-04   
1.2075E-02   -1.9285E-04   
8.7299E-03   -1.5599E-03   
1.1155E-02   -3.5813E-04   
1.1678E-02   -2.3276E-04   
1.1107E-02   -4.6857E-04   
9.5283E-03   -1.1834E-03   
1.1388E-02   -2.5790E-04   
9.9847E-03   -1.0290E-03   
1.0654E-02   -7.6824E-04   
1.1423E-02   -3.6317E-04   
1.0805E-02   -8.3300E-04   
8.8648E-03   -1.6259E-03   
1.0328E-02   -1.0093E-03   
9.0447E-03   -1.3660E-03   
9.8699E-03   -1.1690E-03   
1.1759E-02   -2.6797E-04   
1.2441E-02   -1.7479E-04   
1.1081E-02   -8.3156E-04   
1.0691E-02   -9.7375E-04   
1.1855E-02   -3.0169E-04   
9.1814E-03   -1.4603E-03   
9.6856E-03   -1.3364E-03   
1.1659E-02   -3.6963E-04   
1.1504E-02   -7.3883E-04   
1.0640E-02   -1.0985E-03   
1.2232E-02   -2.4463E-04   
1.1634E-02   -4.2438E-04   
1.1466E-02   -8.5090E-04   
1.2394E-02   -2.5871E-04   
1.1042E-02   -1.0102E-03   
1.1234E-02   -5.0647E-04   
1.0966E-02   -6.2392E-04   
1.1139E-02   -6.6544E-04   
1.1610E-02   -5.5438E-04   
