51 
1844 
1.7956E-03   -1.6192E-03   
2.8410E-03   -1.3082E-03   
3.7337E-03   -9.3171E-04   
4.3223E-03   -4.8433E-04   
1.2694E-36   -1.4601E-03   
4.5225E-03   -8.0092E-37   
4.6199E-03   -2.7218E-35   
4.7699E-03   -1.0998E-36   
5.1023E-03   1.0492E-35   
5.4065E-03   1.5819E-35   
5.7956E-03   3.3805E-35   
6.2732E-03   4.6728E-35   
6.6419E-03   5.6549E-35   
7.2715E-03   8.5784E-35   
7.7415E-03   1.0382E-34   
8.2509E-03   9.1010E-35   
8.5199E-03   1.4053E-34   
9.0853E-03   2.0749E-34   
9.6863E-03   3.0084E-34   
1.0000E-02   -5.1363E-31   
1.0000E-02   -1.2521E-34   
1.0000E-02   -1.2521E-34   
1.0000E-02   -1.2521E-34   
1.0000E-02   -1.2521E-34   
1.0000E-02   -1.2521E-34   
1.0000E-02   -1.2521E-34   
1.0000E-02   -1.2521E-34   
1.0000E-02   -1.2521E-34   
1.0000E-02   -1.2521E-34   
1.0000E-02   -1.2521E-34   
1.0000E-02   -1.2521E-34   
1.0000E-02   -1.2521E-34   
9.3988E-03   -4.2842E-04   
8.4165E-03   -9.7603E-04   
8.0012E-03   -1.1641E-03   
7.6041E-03   -1.3193E-03   
6.8383E-03   -1.5702E-03   
6.4644E-03   -1.6758E-03   
5.7286E-03   -1.8636E-03   
5.3666E-03   -1.9504E-03   
4.6541E-03   -2.1179E-03   
3.9609E-03   -2.2826E-03   
3.6233E-03   -2.3654E-03   
2.9698E-03   -2.5297E-03   
2.3506E-03   -2.6881E-03   
2.0550E-03   -2.7625E-03   
1.4927E-03   -2.8958E-03   
9.6685E-04   -2.9985E-03   
4.7195E-04   -3.0626E-03   
1.8193E-36   -3.0820E-03   
3.0352E-34   -2.9250E-03   
3.1968E-34   -2.7748E-03   
3.0164E-34   -2.5768E-03   
2.8615E-34   -2.4645E-03   
2.5235E-34   -2.2855E-03   
2.3058E-34   -2.1882E-03   
2.0839E-34   -2.1020E-03   
1.9124E-34   -2.0518E-03   
1.9972E-34   -2.0360E-03   
1.2402E-03   -1.6477E-03   
9.6134E-03   -3.5096E-05   
9.2086E-03   -7.4372E-05   
8.6239E-03   -1.3006E-04   
8.1449E-03   -1.7802E-04   
7.6806E-03   -2.3801E-04   
7.1590E-03   -2.7398E-04   
6.7329E-03   -2.8887E-04   
6.2048E-03   -3.3437E-04   
5.6822E-03   -3.6282E-04   
5.1626E-03   -3.8827E-04   
4.6488E-03   -4.1184E-04   
4.1156E-03   -4.4979E-04   
3.5677E-03   -5.4368E-04   
2.8209E-03   -7.9276E-04   
2.0650E-03   -1.1828E-03   
3.0277E-03   -9.5214E-04   
3.5127E-03   -4.6883E-04   
4.0039E-03   -2.9110E-04   
4.4746E-03   -2.4096E-04   
4.9309E-03   -2.3230E-04   
5.3671E-03   -2.3345E-04   
5.8688E-03   -2.1353E-04   
6.3359E-03   -1.9775E-04   
6.7716E-03   -1.7746E-04   
7.2207E-03   -1.7848E-04   
7.7120E-03   -1.4086E-04   
8.1845E-03   -1.1056E-04   
8.6470E-03   -8.8508E-05   
9.1377E-03   -5.0804E-05   
9.5643E-03   -2.1075E-05   
4.2575E-03   -2.1656E-04   
4.4936E-03   -1.0005E-04   
4.7642E-03   -8.9675E-05   
5.1439E-03   -9.0021E-05   
5.5097E-03   -9.1157E-05   
5.9625E-03   -9.5935E-05   
6.3688E-03   -9.8477E-05   
6.7737E-03   -9.6254E-05   
7.2966E-03   -7.7206E-05   
7.7346E-03   -6.2225E-05   
8.2308E-03   -5.3181E-05   
8.7192E-03   -3.8066E-05   
9.1970E-03   -2.4661E-05   
9.6364E-03   -7.8549E-06   
9.5403E-03   -5.5212E-05   
9.1015E-03   -1.1781E-04   
8.5641E-03   -1.9955E-04   
8.0693E-03   -2.5035E-04   
7.6397E-03   -3.2336E-04   
7.1017E-03   -3.8238E-04   
6.5712E-03   -4.3600E-04   
6.0685E-03   -4.7809E-04   
5.5449E-03   -5.2980E-04   
5.0541E-03   -5.7536E-04   
4.4239E-03   -6.4769E-04   
3.7494E-03   -7.5507E-04   
3.0858E-03   -9.0338E-04   
2.3886E-03   -1.1190E-03   
1.5935E-03   -1.4618E-03   
7.9524E-04   -1.8314E-03   
9.5114E-03   -8.2887E-05   
9.1379E-03   -1.5177E-04   
8.4980E-03   -2.7263E-04   
8.0785E-03   -3.4892E-04   
7.5780E-03   -4.2547E-04   
6.9754E-03   -5.2489E-04   
6.4437E-03   -5.7972E-04   
5.9270E-03   -6.3823E-04   
5.3176E-03   -7.2399E-04   
4.7451E-03   -8.1953E-04   
4.1375E-03   -9.2450E-04   
3.5004E-03   -1.0232E-03   
2.8065E-03   -1.2224E-03   
2.1304E-03   -1.4162E-03   
1.3835E-03   -1.7018E-03   
6.5316E-04   -1.9716E-03   
9.6476E-03   -7.2987E-05   
8.9693E-03   -2.3041E-04   
8.5832E-03   -3.1282E-04   
8.1121E-03   -4.2271E-04   
7.4090E-03   -5.6329E-04   
6.9083E-03   -6.5769E-04   
6.3881E-03   -7.3556E-04   
5.7716E-03   -8.4009E-04   
5.2082E-03   -9.4345E-04   
4.6008E-03   -1.0317E-03   
4.0263E-03   -1.1348E-03   
3.3049E-03   -1.2734E-03   
2.5964E-03   -1.5069E-03   
1.9367E-03   -1.6811E-03   
1.3113E-03   -1.9036E-03   
6.4129E-04   -2.0901E-03   
9.4297E-03   -1.5113E-04   
9.0311E-03   -2.6730E-04   
8.5488E-03   -4.0696E-04   
8.0625E-03   -5.4215E-04   
7.3578E-03   -7.0474E-04   
6.7918E-03   -8.0695E-04   
6.2150E-03   -9.3944E-04   
5.6618E-03   -1.0599E-03   
5.0031E-03   -1.1528E-03   
4.4664E-03   -1.2355E-03   
3.9161E-03   -1.3811E-03   
3.1853E-03   -1.5638E-03   
2.4696E-03   -1.7597E-03   
1.8425E-03   -1.9308E-03   
1.1754E-03   -2.1104E-03   
6.1225E-04   -2.2281E-03   
9.5491E-03   -1.6158E-04   
9.0065E-03   -3.5738E-04   
8.5623E-03   -4.9091E-04   
7.8660E-03   -7.0667E-04   
7.2522E-03   -8.8816E-04   
6.7051E-03   -9.9847E-04   
6.0251E-03   -1.1478E-03   
5.5146E-03   -1.2580E-03   
4.8528E-03   -1.3677E-03   
4.2742E-03   -1.4850E-03   
3.6171E-03   -1.6378E-03   
3.0794E-03   -1.7821E-03   
2.4313E-03   -1.9615E-03   
1.7889E-03   -2.1267E-03   
1.1664E-03   -2.2792E-03   
5.4741E-04   -2.3896E-03   
9.4721E-03   -2.1916E-04   
8.8765E-03   -4.5712E-04   
8.4606E-03   -6.0404E-04   
7.6511E-03   -8.9278E-04   
7.1607E-03   -1.0354E-03   
6.6025E-03   -1.1917E-03   
5.9913E-03   -1.3128E-03   
5.3725E-03   -1.4518E-03   
4.6854E-03   -1.6114E-03   
4.1109E-03   -1.7355E-03   
3.5469E-03   -1.8590E-03   
2.9582E-03   -2.0112E-03   
2.3099E-03   -2.2049E-03   
1.7594E-03   -2.3212E-03   
1.1366E-03   -2.4634E-03   
5.6360E-04   -2.5474E-03   
9.5171E-03   -2.6268E-04   
9.0068E-03   -5.0653E-04   
8.3216E-03   -7.8320E-04   
7.7216E-03   -1.0304E-03   
7.0724E-03   -1.1832E-03   
6.4447E-03   -1.3454E-03   
5.8464E-03   -1.5006E-03   
5.2467E-03   -1.6468E-03   
4.6465E-03   -1.7918E-03   
3.9875E-03   -1.9227E-03   
3.4021E-03   -2.1120E-03   
2.7908E-03   -2.2447E-03   
2.2410E-03   -2.3685E-03   
1.6691E-03   -2.5150E-03   
1.0814E-03   -2.6475E-03   
6.0065E-04   -2.7033E-03   
9.3767E-03   -4.0051E-04   
8.7534E-03   -7.5514E-04   
8.2338E-03   -9.5617E-04   
7.4221E-03   -1.2505E-03   
6.9309E-03   -1.3940E-03   
6.2479E-03   -1.5774E-03   
5.6543E-03   -1.7365E-03   
5.1262E-03   -1.8354E-03   
4.4893E-03   -1.9806E-03   
3.8869E-03   -2.1560E-03   
3.3831E-03   -2.2669E-03   
2.7729E-03   -2.4265E-03   
2.1461E-03   -2.5840E-03   
1.5887E-03   -2.7086E-03   
1.0570E-03   -2.8152E-03   
4.7211E-04   -2.9176E-03   
2.6285E-04   -1.4738E-03   
5.1674E-04   -1.4913E-03   
7.6500E-04   -1.5181E-03   
1.0053E-03   -1.5479E-03   
1.2288E-03   -1.5769E-03   
1.4524E-03   -1.6193E-03   
1.6388E-03   -1.6319E-03   
1.9365E-03   -1.5888E-03   
2.0687E-03   -1.5508E-03   
2.1997E-03   -1.5106E-03   
2.3285E-03   -1.4701E-03   
2.4580E-03   -1.4304E-03   
2.5871E-03   -1.3904E-03   
2.7150E-03   -1.3498E-03   
2.9647E-03   -1.2654E-03   
3.0855E-03   -1.2215E-03   
3.2031E-03   -1.1763E-03   
3.3174E-03   -1.1299E-03   
3.4279E-03   -1.0823E-03   
3.5343E-03   -1.0333E-03   
3.6363E-03   -9.8307E-04   
3.8261E-03   -8.7927E-04   
3.9136E-03   -8.2569E-04   
3.9957E-03   -7.7105E-04   
4.0725E-03   -7.1541E-04   
4.1437E-03   -6.5886E-04   
4.2091E-03   -6.0144E-04   
4.2687E-03   -5.4325E-04   
4.3698E-03   -4.2472E-04   
4.4111E-03   -3.6447E-04   
4.4461E-03   -3.0352E-04   
4.4723E-03   -2.4211E-04   
4.4987E-03   -1.8179E-04   
4.5108E-03   -1.2201E-04   
4.5232E-03   -5.9288E-05   
4.5516E-03   -1.2922E-34   
4.5679E-03   -1.2069E-34   
4.5808E-03   -8.9791E-35   
4.5926E-03   -4.8026E-35   
4.6051E-03   -3.6327E-35   
4.6386E-03   -1.9784E-35   
4.6621E-03   -1.3697E-35   
4.6914E-03   -8.7037E-36   
4.7271E-03   -4.5693E-36   
4.8200E-03   1.8248E-36   
4.8780E-03   4.3033E-36   
4.9443E-03   6.4684E-36   
5.0190E-03   8.4898E-36   
5.1945E-03   1.2301E-35   
5.2958E-03   1.4087E-35   
5.5265E-03   1.7730E-35   
5.6562E-03   1.9682E-35   
5.9449E-03   3.5621E-35   
6.1040E-03   2.6915E-35   
6.4524E-03   5.0492E-35   
6.8415E-03   6.5301E-35   
7.0515E-03   7.3657E-35   
7.5015E-03   8.8646E-35   
7.9914E-03   1.1821E-34   
8.7982E-03   1.7597E-34   
9.3814E-03   1.8391E-34   
1.0000E-02   -1.2521E-34   
1.0000E-02   -1.2521E-34   
1.0000E-02   -1.2521E-34   
1.0000E-02   -1.2521E-34   
1.0000E-02   -1.2521E-34   
8.8634E-03   -7.5049E-04   
7.2179E-03   -1.4529E-03   
6.0947E-03   -1.7726E-03   
5.0082E-03   -2.0349E-03   
4.3047E-03   -2.2004E-03   
3.2926E-03   -2.4478E-03   
2.6557E-03   -2.6102E-03   
1.7690E-03   -2.8321E-03   
1.2255E-03   -2.9512E-03   
7.1576E-04   -3.0356E-03   
2.3450E-04   -3.0794E-03   
2.2545E-34   -3.0037E-03   
3.1585E-34   -2.8483E-03   
3.0989E-34   -2.7050E-03   
4.5003E-34   -2.6390E-03   
4.5457E-34   -2.5187E-03   
2.7961E-34   -2.4141E-03   
2.7211E-34   -2.3675E-03   
2.6178E-34   -2.3247E-03   
2.4455E-34   -2.2497E-03   
2.3726E-34   -2.2173E-03   
2.2495E-34   -2.1622E-03   
2.1942E-34   -2.1393E-03   
2.1361E-34   -2.1193E-03   
2.0389E-34   -2.0873E-03   
1.9988E-34   -2.0751E-03   
1.9639E-34   -2.0653E-03   
1.9349E-34   -2.0576E-03   
1.8970E-34   -2.0478E-03   
1.8897E-34   -2.0453E-03   
1.8924E-34   -2.0440E-03   
1.9091E-34   -2.0432E-03   
1.9503E-34   -2.0419E-03   
2.0031E-34   -2.0193E-03   
2.0169E-34   -1.9901E-03   
1.9987E-34   -1.9488E-03   
1.9846E-34   -1.8969E-03   
1.9729E-34   -1.8348E-03   
2.9438E-34   -1.7595E-03   
2.7661E-34   -1.6751E-03   
2.0860E-34   -1.5722E-03   
2.1832E-03   -1.4799E-03   
3.0686E-03   -1.1519E-03   
3.4142E-03   -9.9796E-04   
2.4412E-03   -1.3902E-03   
4.2249E-03   -5.1313E-04   
1.7940E-03   -1.6153E-03   
8.6592E-04   -1.6146E-03   
4.0024E-03   -6.7650E-04   
4.4342E-03   -2.9451E-04   
3.7303E-03   -8.3890E-04   
2.6972E-03   -1.2977E-03   
4.3426E-03   -4.0402E-04   
2.8234E-03   -1.2501E-03   
1.6566E-03   -1.6524E-03   
3.6299E-03   -8.9251E-04   
4.0824E-03   -6.2211E-04   
4.5357E-03   -8.2449E-05   
3.4662E-04   -1.5732E-03   
1.5008E-03   -1.6735E-03   
3.1863E-03   -1.1013E-03   
3.3005E-03   -1.0498E-03   
4.2870E-03   -4.5860E-04   
1.0933E-03   -1.6354E-03   
4.4703E-03   -2.3889E-04   
6.1671E-04   -1.5930E-03   
1.3166E-03   -1.6699E-03   
4.1567E-03   -5.6765E-04   
4.3917E-03   -3.4931E-04   
1.9256E-03   -1.5708E-03   
3.9168E-03   -7.3084E-04   
3.8261E-03   -7.8502E-04   
2.5697E-03   -1.3445E-03   
2.0540E-03   -1.5252E-03   
2.3123E-03   -1.4353E-03   
2.9475E-03   -1.2015E-03   
3.5242E-03   -9.4555E-04   
2.1332E-04   -1.8000E-03   
2.0224E-04   -1.8672E-03   
1.9317E-04   -1.9241E-03   
1.8158E-04   -1.9698E-03   
1.6570E-04   -2.0026E-03   
1.4620E-04   -2.0225E-03   
1.2544E-04   -2.0317E-03   
1.1545E-04   -2.0354E-03   
1.1144E-04   -2.0372E-03   
4.5690E-03   -4.0544E-05   
1.0967E-04   -2.0388E-03   
4.5805E-03   -3.2334E-05   
1.0921E-04   -2.0412E-03   
4.5920E-03   -2.6355E-05   
1.0965E-04   -2.0448E-03   
4.6053E-03   -2.1817E-05   
1.1078E-04   -2.0499E-03   
4.6219E-03   -1.8581E-05   
1.1247E-04   -2.0568E-03   
4.6430E-03   -1.6369E-05   
1.1463E-04   -2.0658E-03   
4.6694E-03   -1.5014E-05   
1.1719E-04   -2.0770E-03   
4.7020E-03   -1.4362E-05   
1.2011E-04   -2.0906E-03   
4.7414E-03   -1.4260E-05   
1.2336E-04   -2.1067E-03   
4.7880E-03   -1.4584E-05   
1.2681E-04   -2.1254E-03   
4.8423E-03   -1.5286E-05   
1.3036E-04   -2.1469E-03   
4.9048E-03   -1.6295E-05   
1.3439E-04   -2.1714E-03   
4.9757E-03   -1.7520E-05   
1.3906E-04   -2.1991E-03   
5.0551E-03   -1.8883E-05   
1.4398E-04   -2.2299E-03   
5.1433E-03   -2.0204E-05   
1.4898E-04   -2.2641E-03   
5.2399E-03   -2.1768E-05   
1.5403E-04   -2.3015E-03   
5.3448E-03   -2.3481E-05   
1.5896E-04   -2.3422E-03   
5.4586E-03   -2.5503E-05   
1.6566E-04   -2.3861E-03   
5.5826E-03   -2.7338E-05   
1.7357E-04   -2.4337E-03   
5.7169E-03   -2.8670E-05   
1.7774E-04   -2.4856E-03   
5.8613E-03   -2.9938E-05   
1.8208E-04   -2.5409E-03   
6.0169E-03   -3.1187E-05   
1.9489E-04   -2.6006E-03   
6.1845E-03   -3.1752E-05   
2.0233E-04   -2.6662E-03   
6.3582E-03   -3.1054E-05   
2.0352E-04   -2.7358E-03   
6.5386E-03   -3.2161E-05   
2.1110E-04   -2.8086E-03   
6.7325E-03   -3.2517E-05   
2.2313E-04   -2.8870E-03   
2.5597E-03   -1.2946E-03   
3.7362E-03   -7.5281E-04   
4.0988E-03   -5.3865E-04   
2.0418E-03   -1.4936E-03   
4.5268E-03   -1.2156E-04   
7.2793E-04   -1.6788E-03   
3.1726E-03   -1.0272E-03   
4.4575E-03   -2.3503E-04   
1.1796E-03   -1.7187E-03   
1.6533E-03   -1.6414E-03   
1.5166E-03   -1.6854E-03   
3.5239E-03   -8.6248E-04   
2.8148E-03   -1.1901E-03   
4.3086E-03   -3.8480E-04   
4.3650E-03   -3.3462E-04   
2.9386E-03   -1.1368E-03   
3.4091E-03   -9.1693E-04   
4.1752E-03   -4.8677E-04   
4.0164E-03   -5.9122E-04   
2.1716E-03   -1.4448E-03   
1.7824E-03   -1.5920E-03   
4.5793E-04   -1.6743E-03   
2.3012E-03   -1.3956E-03   
3.0566E-03   -1.0824E-03   
3.2909E-03   -9.7163E-04   
4.2452E-03   -4.3550E-04   
4.4145E-03   -2.8475E-04   
2.4308E-03   -1.3456E-03   
3.8347E-03   -6.9837E-04   
1.3622E-03   -1.7141E-03   
1.9123E-03   -1.5424E-03   
3.9283E-03   -6.4450E-04   
4.4947E-03   -1.8361E-04   
9.5182E-04   -1.6932E-03   
3.6325E-03   -8.0775E-04   
2.6881E-03   -1.2428E-03   
2.1646E-04   -1.7209E-03   
4.1977E-04   -1.8323E-03   
4.0108E-04   -1.8951E-03   
3.7500E-04   -1.9437E-03   
3.3914E-04   -1.9767E-03   
2.9943E-04   -1.9958E-03   
2.6096E-04   -2.0055E-03   
2.3805E-04   -2.0124E-03   
4.5550E-03   -5.4571E-05   
2.2685E-04   -2.0170E-03   
2.2152E-04   -2.0204E-03   
4.5571E-03   -7.0526E-05   
2.1939E-04   -2.0238E-03   
4.5664E-03   -5.8434E-05   
2.1939E-04   -2.0278E-03   
4.5781E-03   -4.7853E-05   
2.2097E-04   -2.0330E-03   
4.5926E-03   -4.0289E-05   
2.2377E-04   -2.0397E-03   
4.6111E-03   -3.5070E-05   
2.2749E-04   -2.0482E-03   
4.6348E-03   -3.1625E-05   
2.3268E-04   -2.0586E-03   
4.6644E-03   -2.9716E-05   
2.3905E-04   -2.0713E-03   
4.7005E-03   -2.9063E-05   
2.4517E-04   -2.0864E-03   
4.7437E-03   -2.9371E-05   
2.5088E-04   -2.1042E-03   
4.7948E-03   -3.0398E-05   
2.5703E-04   -2.1245E-03   
4.8542E-03   -3.2154E-05   
2.6439E-04   -2.1476E-03   
4.9214E-03   -3.4504E-05   
2.7316E-04   -2.1737E-03   
4.9974E-03   -3.7254E-05   
2.8296E-04   -2.2030E-03   
5.0831E-03   -3.9725E-05   
2.9317E-04   -2.2356E-03   
5.1757E-03   -4.1694E-05   
3.0334E-04   -2.2716E-03   
5.2727E-03   -4.5446E-05   
3.1166E-04   -2.3108E-03   
5.3794E-03   -4.8814E-05   
3.1775E-04   -2.3523E-03   
5.4959E-03   -5.3732E-05   
3.3713E-04   -2.3954E-03   
5.6256E-03   -5.6689E-05   
3.5434E-04   -2.4448E-03   
5.7657E-03   -5.8687E-05   
3.5407E-04   -2.4992E-03   
5.9157E-03   -6.1568E-05   
3.6990E-04   -2.5532E-03   
6.0828E-03   -6.3582E-05   
4.2148E-04   -2.6143E-03   
6.2629E-03   -6.3463E-05   
4.0564E-04   -2.6885E-03   
6.4284E-03   -5.8889E-05   
4.1251E-04   -2.7583E-03   
6.6057E-03   -7.0605E-05   
4.3290E-04   -2.8313E-03   
6.9373E-03   -3.4275E-05   
3.1690E-03   -9.5582E-04   
3.2959E-03   -8.9633E-04   
2.8151E-03   -1.1308E-03   
3.4167E-03   -8.4042E-04   
2.6878E-03   -1.1865E-03   
1.5114E-03   -1.6684E-03   
1.6427E-03   -1.6153E-03   
1.7736E-03   -1.5632E-03   
1.9045E-03   -1.5110E-03   
2.0352E-03   -1.4588E-03   
1.3738E-03   -1.7188E-03   
2.1660E-03   -1.4061E-03   
2.5582E-03   -1.2425E-03   
3.5333E-03   -7.8502E-04   
2.2968E-03   -1.3524E-03   
2.4278E-03   -1.2979E-03   
1.2159E-03   -1.7556E-03   
3.6443E-03   -7.2900E-04   
4.2691E-03   -3.6746E-04   
4.3328E-03   -3.2059E-04   
4.3885E-03   -2.7507E-04   
4.1982E-03   -4.1546E-04   
1.0284E-03   -1.7691E-03   
3.7502E-03   -6.7356E-04   
4.1206E-03   -4.6451E-04   
3.9467E-03   -5.6627E-04   
3.8511E-03   -6.1930E-04   
4.0367E-03   -5.1479E-04   
8.0859E-04   -1.7475E-03   
6.1971E-04   -1.7373E-03   
4.4370E-03   -2.2989E-04   
4.4797E-03   -1.8394E-04   
4.5167E-03   -1.3689E-04   
4.3384E-04   -1.7655E-03   
5.8414E-04   -1.9120E-03   
5.1700E-04   -1.9420E-03   
4.5523E-04   -1.9583E-03   
4.0274E-04   -1.9680E-03   
3.6836E-04   -1.9769E-03   
3.4822E-04   -1.9844E-03   
4.5461E-03   -8.7174E-05   
3.3732E-04   -1.9904E-03   
3.3206E-04   -1.9957E-03   
4.5278E-03   -1.0058E-04   
3.3052E-04   -2.0009E-03   
4.5393E-03   -7.9728E-05   
3.3168E-04   -2.0068E-03   
4.5517E-03   -6.6317E-05   
3.3492E-04   -2.0138E-03   
4.5676E-03   -5.7082E-05   
3.3949E-04   -2.0223E-03   
4.5884E-03   -5.0937E-05   
3.4663E-04   -2.0321E-03   
4.6153E-03   -4.6939E-05   
3.5913E-04   -2.0431E-03   
4.6483E-03   -4.5198E-05   
3.6866E-04   -2.0577E-03   
4.6877E-03   -4.5220E-05   
3.7410E-04   -2.0754E-03   
4.7355E-03   -4.6261E-05   
3.8180E-04   -2.0949E-03   
4.7922E-03   -4.8221E-05   
3.9033E-04   -2.1170E-03   
4.8558E-03   -5.1524E-05   
4.0195E-04   -2.1415E-03   
4.9276E-03   -5.5709E-05   
4.1759E-04   -2.1688E-03   
5.0113E-03   -5.9700E-05   
4.3358E-04   -2.1999E-03   
5.1069E-03   -6.2579E-05   
4.4900E-04   -2.2347E-03   
5.1985E-03   -6.2394E-05   
4.6196E-04   -2.2734E-03   
5.2870E-03   -7.4122E-05   
4.6613E-04   -2.3158E-03   
4.5718E-04   -2.3561E-03   
5.3471E-04   -2.4550E-03   
5.7978E-03   -9.1215E-05   
5.9504E-04   -2.6412E-03   
6.1944E-04   -2.7684E-03   
6.1463E-03   -9.8161E-05   
7.1628E-03   -3.6717E-05   
4.4108E-03   -2.2544E-04   
4.4580E-03   -1.8350E-04   
4.5011E-03   -1.4078E-04   
2.9372E-03   -1.0226E-03   
2.8260E-03   -1.0709E-03   
1.3651E-03   -1.6975E-03   
1.2189E-03   -1.7545E-03   
1.9029E-03   -1.4771E-03   
1.5033E-03   -1.6415E-03   
2.0350E-03   -1.4213E-03   
1.6380E-03   -1.5866E-03   
2.6972E-03   -1.1295E-03   
3.4365E-03   -7.7158E-04   
1.7708E-03   -1.5321E-03   
4.2255E-03   -3.5232E-04   
4.1472E-03   -3.9873E-04   
2.1674E-03   -1.3645E-03   
2.3001E-03   -1.3068E-03   
3.8742E-03   -5.4736E-04   
3.9712E-03   -4.9604E-04   
4.2971E-03   -3.0709E-04   
1.0488E-03   -1.8016E-03   
4.3586E-03   -2.6568E-04   
2.5655E-03   -1.1888E-03   
3.7716E-03   -6.0088E-04   
2.4331E-03   -1.2481E-03   
4.0623E-03   -4.4659E-04   
3.5520E-03   -7.1336E-04   
3.6641E-03   -6.5638E-04   
6.9076E-04   -1.8975E-03   
6.0839E-04   -1.9129E-03   
5.4751E-04   -1.9229E-03   
5.0420E-04   -1.9329E-03   
4.7559E-04   -1.9423E-03   
4.5810E-04   -1.9505E-03   
4.4845E-04   -1.9577E-03   
4.4423E-04   -1.9646E-03   
4.5318E-03   -1.0642E-04   
4.4911E-03   -1.1794E-04   
4.4396E-04   -1.9715E-03   
4.5005E-03   -9.8179E-05   
4.4682E-04   -1.9792E-03   
4.5141E-03   -8.3403E-05   
4.5189E-04   -1.9880E-03   
4.5316E-03   -7.3704E-05   
4.5891E-04   -1.9979E-03   
4.5549E-03   -6.7580E-05   
4.6999E-04   -2.0085E-03   
4.5868E-03   -6.3178E-05   
5.0345E-04   -2.0171E-03   
4.6213E-03   -6.2748E-05   
4.9691E-04   -2.0389E-03   
4.6633E-03   -6.3924E-05   
5.0617E-04   -2.0580E-03   
4.7188E-03   -6.5754E-05   
5.1551E-04   -2.0802E-03   
4.7808E-03   -6.8518E-05   
5.4492E-04   -2.1285E-03   
6.1721E-04   -2.3237E-03   
4.9228E-03   -8.0862E-05   
5.7208E-04   -2.1562E-03   
5.9265E-04   -2.1903E-03   
6.2877E-04   -2.2716E-03   
5.4063E-03   -7.3034E-05   
5.6693E-03   -8.3840E-05   
5.8239E-03   -1.2847E-04   
5.0204E-03   -8.6055E-05   
8.2033E-04   -2.7016E-03   
6.0024E-03   -1.3299E-04   
6.2205E-04   -2.5879E-03   
5.2417E-03   -1.0462E-04   
7.4004E-04   -2.4039E-03   
4.4778E-03   -1.4527E-04   
4.4276E-03   -1.8650E-04   
4.3819E-03   -2.2355E-04   
3.2334E-03   -8.1760E-04   
3.1893E-03   -8.8307E-04   
3.3395E-03   -7.6362E-04   
2.7216E-03   -1.0718E-03   
4.2570E-03   -2.9606E-04   
1.3649E-03   -1.6694E-03   
4.3291E-03   -2.5294E-04   
1.2134E-03   -1.7292E-03   
1.0549E-03   -1.7924E-03   
1.5065E-03   -1.6119E-03   
1.9079E-03   -1.4409E-03   
1.7746E-03   -1.4992E-03   
2.5832E-03   -1.1342E-03   
1.6419E-03   -1.5557E-03   
2.0419E-03   -1.3815E-03   
3.4589E-03   -7.0494E-04   
3.9030E-03   -4.8253E-04   
4.1776E-03   -3.4055E-04   
2.1764E-03   -1.3209E-03   
4.0008E-03   -4.3320E-04   
4.0924E-03   -3.8603E-04   
3.7993E-03   -5.3456E-04   
2.3116E-03   -1.2593E-03   
2.4472E-03   -1.1970E-03   
3.6903E-03   -5.8922E-04   
3.5765E-03   -6.4628E-04   
7.5334E-04   -1.8456E-03   
7.5345E-04   -1.8648E-03   
6.9131E-04   -1.8743E-03   
6.4270E-04   -1.8840E-03   
6.0735E-04   -1.8938E-03   
5.8356E-04   -1.9032E-03   
5.6897E-04   -1.9118E-03   
5.6123E-04   -1.9200E-03   
5.5867E-04   -1.9281E-03   
4.4349E-03   -1.4006E-04   
5.6038E-04   -1.9366E-03   
4.4520E-03   -1.1493E-04   
5.6556E-04   -1.9457E-03   
5.7228E-04   -1.9563E-03   
4.4667E-03   -1.0054E-04   
4.4848E-03   -9.1696E-05   
5.7679E-04   -1.9692E-03   
4.5081E-03   -8.7413E-05   
6.0536E-04   -2.0015E-03   
4.5721E-03   -8.5810E-05   
6.2871E-04   -2.0141E-03   
4.6973E-03   -8.8361E-05   
4.6326E-03   -8.6104E-05   
6.4800E-04   -2.0349E-03   
7.1534E-04   -2.1010E-03   
5.2345E-04   -2.1046E-03   
7.3772E-04   -2.1376E-03   
7.6479E-04   -2.1740E-03   
7.6752E-04   -2.5957E-03   
7.5682E-04   -2.5380E-03   
7.9440E-04   -2.2146E-03   
4.9115E-03   -1.1116E-04   
5.3576E-03   -9.8555E-05   
5.1337E-03   -1.2734E-04   
5.6414E-03   -1.2039E-04   
5.0182E-03   -1.1765E-04   
4.8453E-03   -7.4544E-05   
8.3188E-04   -2.2639E-03   
7.0702E-04   -2.4788E-03   
7.7951E-04   -2.3356E-03   
6.1881E-03   -1.3644E-04   
7.8305E-04   -2.7718E-03   
7.4283E-04   -2.6519E-03   
5.8503E-03   -1.6890E-04   
3.0979E-03   -8.5735E-04   
4.4437E-03   -1.5549E-04   
4.2900E-03   -2.4621E-04   
1.3821E-03   -1.6371E-03   
4.2092E-03   -2.8980E-04   
1.2322E-03   -1.6968E-03   
9.3327E-04   -1.8208E-03   
2.6114E-03   -1.0774E-03   
1.7849E-03   -1.4645E-03   
1.6515E-03   -1.5240E-03   
1.5204E-03   -1.5807E-03   
3.3643E-03   -7.0686E-04   
1.9201E-03   -1.4029E-03   
3.9367E-03   -4.2443E-04   
2.0564E-03   -1.3398E-03   
4.0342E-03   -3.7744E-04   
4.1247E-03   -3.3285E-04   
3.8326E-03   -4.7453E-04   
2.1936E-03   -1.2756E-03   
2.4704E-03   -1.1444E-03   
3.4875E-03   -6.4384E-04   
3.7225E-03   -5.2786E-04   
2.3318E-03   -1.2104E-03   
3.6071E-03   -5.8442E-04   
8.9590E-04   -1.8167E-03   
8.3588E-04   -1.8230E-03   
2.9187E-03   -9.3802E-04   
7.8368E-04   -1.8318E-03   
2.7592E-03   -1.0084E-03   
7.4228E-04   -1.8415E-03   
7.1273E-04   -1.8510E-03   
6.9322E-04   -1.8601E-03   
6.8165E-04   -1.8690E-03   
6.7641E-04   -1.8778E-03   
6.7640E-04   -1.8869E-03   
7.4800E-04   -1.9605E-03   
4.3856E-03   -1.4946E-04   
6.8089E-04   -1.8964E-03   
6.8898E-04   -1.9069E-03   
4.3972E-03   -1.3143E-04   
6.9805E-04   -1.9200E-03   
4.4097E-03   -1.1953E-04   
4.4252E-03   -1.1309E-04   
5.7798E-04   -1.9825E-03   
4.5359E-03   -1.0982E-04   
7.7846E-04   -1.9806E-03   
7.7309E-04   -2.0517E-03   
5.2878E-03   -1.3651E-04   
4.9992E-03   -1.5442E-04   
4.6802E-03   -1.1677E-04   
9.1346E-04   -2.1125E-03   
4.5983E-03   -1.1222E-04   
9.5469E-04   -2.1482E-03   
6.5190E-04   -2.0626E-03   
9.2515E-04   -2.6139E-03   
9.8732E-04   -2.1897E-03   
5.4612E-03   -1.3290E-04   
9.5409E-04   -2.3449E-03   
9.2262E-04   -2.4133E-03   
4.8078E-03   -1.0524E-04   
9.4989E-04   -2.5389E-03   
8.8133E-04   -2.0792E-03   
4.8936E-03   -1.4575E-04   
6.0332E-03   -1.7322E-04   
5.6795E-03   -1.6216E-04   
4.3111E-03   -2.0865E-04   
4.2362E-03   -2.4822E-04   
4.3767E-03   -1.9479E-04   
1.1253E-03   -1.7209E-03   
1.4175E-03   -1.6042E-03   
3.2629E-03   -7.1461E-04   
1.6655E-03   -1.4914E-03   
4.1551E-03   -2.8822E-04   
1.5309E-03   -1.5525E-03   
1.8020E-03   -1.4282E-03   
8.3349E-04   -1.8599E-03   
1.9398E-03   -1.3632E-03   
2.5031E-03   -1.0906E-03   
3.8704E-03   -4.2053E-04   
4.0675E-03   -3.2981E-04   
3.9727E-03   -3.7363E-04   
3.3953E-03   -6.4826E-04   
2.0789E-03   -1.2966E-03   
3.7599E-03   -4.7201E-04   
2.2191E-03   -1.2290E-03   
2.3605E-03   -1.1603E-03   
3.5219E-03   -5.8594E-04   
3.6435E-03   -5.2730E-04   
2.6518E-03   -1.0187E-03   
9.8718E-04   -1.7692E-03   
9.3060E-04   -1.7763E-03   
8.8024E-04   -1.7866E-03   
1.0597E-03   -1.7635E-03   
8.4475E-04   -1.7959E-03   
2.8068E-03   -9.4453E-04   
2.9675E-03   -8.6736E-04   
8.2054E-04   -1.8046E-03   
4.3673E-03   -1.7365E-04   
3.1217E-03   -7.8914E-04   
8.0522E-04   -1.8133E-03   
7.9720E-04   -1.8222E-03   
7.9850E-04   -1.8411E-03   
4.3273E-03   -1.6500E-04   
8.0766E-04   -1.8510E-03   
8.2431E-04   -1.8612E-03   
4.3308E-03   -1.5173E-04   
4.3419E-03   -1.4191E-04   
7.9722E-04   -1.9185E-03   
8.1647E-04   -2.0039E-03   
4.4853E-03   -1.3874E-04   
4.7971E-03   -1.3851E-04   
1.0995E-03   -2.0765E-03   
6.9042E-04   -1.9411E-03   
5.1123E-03   -1.6575E-04   
8.9930E-04   -1.9223E-03   
4.8616E-03   -1.8467E-04   
8.6610E-04   -2.0500E-03   
1.1283E-03   -2.3525E-03   
1.0469E-03   -2.0475E-03   
1.0318E-03   -2.2214E-03   
4.7166E-03   -1.3532E-04   
5.5374E-03   -1.5727E-04   
4.5484E-03   -1.4450E-04   
9.9396E-04   -2.2764E-03   
9.2608E-04   -2.4760E-03   
5.6903E-03   -2.0579E-04   
6.2026E-03   -1.7408E-04   
9.6822E-04   -2.7416E-03   
1.1849E-03   -2.5409E-03   
5.4046E-03   -1.1376E-04   
4.1801E-03   -2.5288E-04   
1.3943E-03   -1.5916E-03   
2.5454E-03   -1.0359E-03   
1.5480E-03   -1.5221E-03   
1.6874E-03   -1.4570E-03   
4.0973E-03   -2.9153E-04   
1.8265E-03   -1.3905E-03   
3.3005E-03   -6.5953E-04   
3.9117E-03   -3.7300E-04   
4.0097E-03   -3.3083E-04   
1.9672E-03   -1.3221E-03   
3.8023E-03   -4.2163E-04   
2.3976E-03   -1.1093E-03   
2.1094E-03   -1.2522E-03   
3.4342E-03   -5.9393E-04   
2.2530E-03   -1.1813E-03   
3.6854E-03   -4.7499E-04   
3.5624E-03   -5.3259E-04   
1.0974E-03   -1.7130E-03   
1.0195E-03   -1.7309E-03   
4.3214E-03   -1.8284E-04   
9.7909E-04   -1.7394E-03   
3.0110E-03   -8.0525E-04   
2.6991E-03   -9.6003E-04   
3.1595E-03   -7.3019E-04   
9.5101E-04   -1.7468E-03   
9.3176E-04   -1.7546E-03   
2.8556E-03   -8.8278E-04   
9.2083E-04   -1.7628E-03   
9.1691E-04   -1.7714E-03   
9.1880E-04   -1.7807E-03   
4.3567E-03   -1.3741E-04   
9.2742E-04   -1.7900E-03   
8.4873E-04   -1.8745E-03   
9.4547E-04   -1.7984E-03   
4.2438E-03   -1.9143E-04   
4.6782E-03   -1.6639E-04   
4.2531E-03   -1.7608E-04   
9.3654E-04   -1.9390E-03   
9.5206E-04   -1.9954E-03   
4.4309E-03   -1.3628E-04   
8.8532E-04   -1.9034E-03   
4.6106E-03   -1.5552E-04   
1.2016E-03   -2.0126E-03   
1.2080E-03   -2.2033E-03   
1.0090E-03   -2.0181E-03   
1.1449E-03   -2.1695E-03   
4.4204E-03   -1.7435E-04   
5.3706E-03   -1.7932E-04   
1.3457E-03   -2.2833E-03   
5.5291E-03   -1.9603E-04   
1.0831E-03   -2.4161E-03   
5.6925E-03   -2.5409E-04   
1.2122E-03   -2.6957E-03   
6.0837E-03   -2.1914E-04   
6.3709E-03   -1.4729E-04   
1.3515E-03   -2.5889E-03   
5.2073E-03   -1.8330E-04   
4.2036E-03   -2.2347E-04   
1.2669E-03   -1.6588E-03   
1.4435E-03   -1.5508E-03   
1.5787E-03   -1.4874E-03   
2.4422E-03   -1.0581E-03   
1.7173E-03   -1.4207E-03   
4.0447E-03   -2.9797E-04   
3.9605E-03   -3.2987E-04   
1.8587E-03   -1.3513E-03   
1.1385E-03   -1.6828E-03   
3.8511E-03   -3.7551E-04   
3.3451E-03   -6.0738E-04   
2.0025E-03   -1.2798E-03   
2.2942E-03   -1.1330E-03   
3.7330E-03   -4.2709E-04   
2.1480E-03   -1.2068E-03   
3.4797E-03   -5.4302E-04   
3.6089E-03   -4.8297E-04   
1.1122E-03   -1.6837E-03   
2.5948E-03   -9.8118E-04   
3.0581E-03   -7.4882E-04   
3.2044E-03   -6.7617E-04   
1.0852E-03   -1.6872E-03   
2.9056E-03   -8.2512E-04   
1.0608E-03   -1.6941E-03   
1.0469E-03   -1.7010E-03   
2.7502E-03   -9.0308E-04   
4.2712E-03   -1.9465E-04   
1.0487E-03   -1.7252E-03   
1.0411E-03   -1.7082E-03   
4.2632E-03   -1.6850E-04   
1.0418E-03   -1.7163E-03   
4.4355E-03   -1.1335E-04   
9.6772E-04   -1.8504E-03   
9.7323E-04   -1.8060E-03   
1.0192E-03   -1.8596E-03   
1.0646E-03   -1.7331E-03   
4.1606E-03   -2.1485E-04   
4.4813E-03   -1.8350E-04   
4.3648E-03   -1.6917E-04   
1.0339E-03   -1.8823E-03   
1.1793E-03   -1.9792E-03   
1.3254E-03   -2.1187E-03   
5.5263E-03   -2.4402E-04   
4.5470E-03   -1.9515E-04   
1.1322E-03   -1.9510E-03   
5.0682E-03   -2.0926E-04   
1.3881E-03   -2.2054E-03   
5.1894E-03   -2.2996E-04   
1.3049E-03   -2.3699E-03   
9.8091E-04   -1.9520E-03   
5.8749E-03   -2.6302E-04   
4.7629E-03   -1.7543E-04   
6.5669E-03   -1.1762E-04   
1.4818E-03   -2.4823E-03   
1.2316E-03   -1.6365E-03   
4.1179E-03   -2.6234E-04   
1.4789E-03   -1.5179E-03   
1.6155E-03   -1.4518E-03   
1.7557E-03   -1.3827E-03   
2.3421E-03   -1.0846E-03   
4.0332E-03   -2.8282E-04   
1.3299E-03   -1.6015E-03   
3.9083E-03   -3.3187E-04   
2.4938E-03   -1.0069E-03   
1.8997E-03   -1.3104E-03   
3.7860E-03   -3.8321E-04   
2.0464E-03   -1.2359E-03   
2.1940E-03   -1.1606E-03   
3.3954E-03   -5.5832E-04   
3.6610E-03   -4.3710E-04   
3.5307E-03   -4.9530E-04   
1.2342E-03   -1.6219E-03   
2.9591E-03   -7.7135E-04   
3.2549E-03   -6.2567E-04   
3.1093E-03   -6.9678E-04   
4.3863E-03   -1.3502E-04   
1.1917E-03   -1.6331E-03   
2.6486E-03   -9.2792E-04   
1.1752E-03   -1.6380E-03   
2.8044E-03   -8.4893E-04   
4.1670E-03   -2.0428E-04   
1.1720E-03   -1.6574E-03   
1.1674E-03   -1.6432E-03   
1.1849E-03   -1.6651E-03   
1.1666E-03   -1.6497E-03   
1.2039E-03   -1.8004E-03   
4.1410E-03   -2.3547E-04   
4.2747E-03   -1.6668E-04   
1.0894E-03   -1.7401E-03   
4.5574E-03   -7.8830E-05   
1.2602E-03   -1.8710E-03   
4.3174E-03   -1.6752E-04   
4.7149E-03   -2.1830E-04   
4.6232E-03   -2.0686E-04   
4.4055E-03   -2.2739E-04   
4.3436E-03   -2.1623E-04   
4.9925E-03   -2.5773E-04   
4.2877E-03   -2.0824E-04   
1.0873E-03   -1.9317E-03   
1.3818E-03   -1.9355E-03   
1.0034E-03   -1.8124E-03   
1.1295E-03   -1.7930E-03   
1.4296E-03   -2.0336E-03   
5.2308E-03   -2.7221E-04   
1.4251E-03   -2.1387E-03   
1.1150E-03   -1.8839E-03   
5.6902E-03   -3.0664E-04   
1.3709E-03   -2.4352E-03   
6.8124E-03   -6.1774E-05   
1.5651E-03   -2.2033E-03   
6.5510E-03   -1.6215E-04   
5.5197E-03   -2.9626E-04   
4.9671E-03   -1.9424E-04   
1.5335E-03   -2.2786E-03   
1.3485E-03   -1.5799E-03   
1.5240E-03   -1.4824E-03   
1.6610E-03   -1.4149E-03   
2.3961E-03   -1.0366E-03   
3.9697E-03   -2.8986E-04   
1.8018E-03   -1.3434E-03   
2.2462E-03   -1.1144E-03   
3.8409E-03   -3.4403E-04   
1.9492E-03   -1.2679E-03   
2.0979E-03   -1.1912E-03   
3.7188E-03   -3.9502E-04   
3.0160E-03   -7.2141E-04   
3.4501E-03   -5.1276E-04   
3.5881E-03   -4.5070E-04   
3.3087E-03   -5.7935E-04   
1.3099E-03   -1.5787E-03   
3.1645E-03   -6.4867E-04   
4.0761E-03   -2.5182E-04   
2.5500E-03   -9.5708E-04   
2.8622E-03   -7.9799E-04   
1.3051E-03   -1.5751E-03   
2.7060E-03   -8.7704E-04   
1.2966E-03   -1.5771E-03   
1.3082E-03   -1.5943E-03   
1.2974E-03   -1.5874E-03   
4.0703E-03   -2.4388E-04   
1.2936E-03   -1.5815E-03   
4.1735E-03   -1.9994E-04   
4.4853E-03   -1.1195E-04   
1.2028E-03   -1.6739E-03   
4.2391E-03   -2.0372E-04   
4.2572E-03   -2.6389E-04   
1.0923E-03   -1.7854E-03   
4.2739E-03   -1.7292E-04   
4.2004E-03   -2.5362E-04   
4.3190E-03   -2.7772E-04   
1.4216E-03   -1.8349E-03   
4.8226E-03   -2.2789E-04   
4.5566E-03   -2.5483E-04   
1.1325E-03   -1.7441E-03   
4.7990E-03   -2.8019E-04   
1.5808E-03   -2.0466E-03   
1.3064E-03   -2.0185E-03   
1.5061E-03   -1.8435E-03   
1.3177E-03   -1.7995E-03   
5.5083E-03   -3.5288E-04   
5.8672E-03   -3.1682E-04   
1.6295E-03   -2.1116E-03   
1.5461E-03   -2.3447E-03   
6.7168E-03   -1.3475E-04   
1.7098E-03   -2.2040E-03   
1.3879E-03   -1.5487E-03   
1.5825E-03   -1.4443E-03   
2.3029E-03   -1.0692E-03   
1.7060E-03   -1.3800E-03   
3.8819E-03   -3.1733E-04   
2.4546E-03   -9.8998E-04   
1.8543E-03   -1.3033E-03   
2.1539E-03   -1.1471E-03   
3.7786E-03   -3.5847E-04   
3.0761E-03   -6.7562E-04   
2.0042E-03   -1.2252E-03   
2.9238E-03   -7.5045E-04   
1.4444E-03   -1.5100E-03   
3.6561E-03   -4.0930E-04   
3.3634E-03   -5.3869E-04   
3.2219E-03   -6.0539E-04   
1.4331E-03   -1.5083E-03   
2.7673E-03   -8.2897E-04   
2.6101E-03   -9.0937E-04   
4.0709E-03   -2.3747E-04   
4.2012E-03   -2.0229E-04   
1.4339E-03   -1.5217E-03   
1.4239E-03   -1.5122E-03   
1.2244E-03   -1.7272E-03   
1.4250E-03   -1.5164E-03   
4.1810E-03   -2.0106E-04   
1.3238E-03   -1.6030E-03   
1.5923E-03   -1.7654E-03   
4.1040E-03   -3.0516E-04   
1.2174E-03   -1.6852E-03   
4.1603E-03   -3.1826E-04   
4.1493E-03   -2.4681E-04   
4.3892E-03   -2.9453E-04   
1.4546E-03   -1.7812E-03   
1.9290E-03   -2.1499E-03   
1.6258E-03   -1.8483E-03   
4.8907E-03   -3.1374E-04   
4.6604E-03   -2.6831E-04   
5.8598E-03   -3.7185E-04   
1.3852E-03   -1.7359E-03   
1.7379E-03   -2.2547E-03   
5.3392E-03   -3.4128E-04   
6.0521E-03   -2.7522E-04   
1.7834E-03   -2.0141E-03   
1.5603E-03   -1.9325E-03   
1.6407E-03   -1.9648E-03   
5.4918E-03   -4.1459E-04   
3.9684E-03   -2.7898E-04   
2.3632E-03   -1.0258E-03   
2.2137E-03   -1.1045E-03   
1.5920E-03   -1.4298E-03   
3.6118E-03   -4.2090E-04   
4.0806E-03   -2.3998E-04   
1.7591E-03   -1.3433E-03   
2.9892E-03   -7.0661E-04   
3.8480E-03   -3.2303E-04   
3.1390E-03   -6.3428E-04   
3.7199E-03   -3.7550E-04   
1.9114E-03   -1.2632E-03   
2.8330E-03   -7.8392E-04   
2.5169E-03   -9.4546E-04   
2.6744E-03   -8.6421E-04   
1.5584E-03   -1.4420E-03   
3.4042E-03   -5.1168E-04   
3.2813E-03   -5.6750E-04   
1.5607E-03   -1.4487E-03   
1.5540E-03   -1.4455E-03   
1.3346E-03   -1.6185E-03   
1.4486E-03   -1.5289E-03   
4.0730E-03   -2.3664E-04   
1.5297E-03   -1.6581E-03   
4.1054E-03   -2.4330E-04   
3.9998E-03   -3.6296E-04   
1.5040E-03   -1.7144E-03   
4.0516E-03   -2.9614E-04   
4.2200E-03   -3.3575E-04   
5.1654E-03   -3.2810E-04   
4.4774E-03   -3.1183E-04   
1.7188E-03   -1.7630E-03   
1.3230E-03   -1.6534E-03   
1.2674E-03   -1.7356E-03   
5.0734E-03   -2.9032E-04   
4.7080E-03   -3.4805E-04   
1.7526E-03   -1.8418E-03   
1.9576E-03   -2.2210E-03   
2.0223E-03   -2.0459E-03   
1.6516E-03   -1.6900E-03   
5.3591E-03   -2.8456E-04   
5.6768E-03   -4.2005E-04   
6.0420E-03   -3.2666E-04   
6.2186E-03   -2.4341E-04   
1.7921E-03   -1.8778E-03   
1.9871E-03   -1.9438E-03   
3.6553E-03   -3.9876E-04   
2.1245E-03   -1.1444E-03   
2.2723E-03   -1.0661E-03   
3.9598E-03   -2.8000E-04   
3.3542E-03   -5.2943E-04   
3.2086E-03   -5.9590E-04   
3.7616E-03   -3.5554E-04   
2.4250E-03   -9.8578E-04   
3.0590E-03   -6.6645E-04   
2.9035E-03   -7.4202E-04   
1.9772E-03   -1.2224E-03   
2.7435E-03   -8.2182E-04   
2.5829E-03   -9.0373E-04   
1.6805E-03   -1.3796E-03   
1.6822E-03   -1.3767E-03   
1.6869E-03   -1.3772E-03   
1.5751E-03   -1.4534E-03   
1.4630E-03   -1.5415E-03   
1.8169E-03   -1.3064E-03   
3.9626E-03   -2.7682E-04   
3.8984E-03   -3.4443E-04   
3.5092E-03   -4.6113E-04   
3.9464E-03   -3.5184E-04   
1.5240E-03   -1.6228E-03   
1.4013E-03   -1.6533E-03   
1.9370E-03   -1.7826E-03   
4.0552E-03   -3.7822E-04   
1.4713E-03   -1.5627E-03   
3.9505E-03   -2.9316E-04   
1.8242E-03   -1.6658E-03   
4.2825E-03   -3.5974E-04   
1.7101E-03   -1.6072E-03   
4.8088E-03   -3.6673E-04   
5.0226E-03   -3.8288E-04   
4.5905E-03   -3.2833E-04   
6.3952E-03   -2.4249E-04   
2.1056E-03   -1.8461E-03   
2.0142E-03   -1.8145E-03   
2.1828E-03   -2.0502E-03   
5.4935E-03   -4.7664E-04   
2.0156E-03   -2.2902E-03   
5.8449E-03   -4.2791E-04   
6.2287E-03   -2.8585E-04   
3.7303E-03   -3.6820E-04   
2.1793E-03   -1.1123E-03   
2.0348E-03   -1.1892E-03   
3.2859E-03   -5.5936E-04   
3.8494E-03   -3.2026E-04   
3.1349E-03   -6.2913E-04   
2.3320E-03   -1.0317E-03   
2.9799E-03   -7.0299E-04   
2.4915E-03   -9.4836E-04   
2.8187E-03   -7.8202E-04   
1.8092E-03   -1.3095E-03   
2.6545E-03   -8.6461E-04   
1.7018E-03   -1.3781E-03   
3.5902E-03   -4.2617E-04   
3.7847E-03   -4.0464E-04   
1.9144E-03   -1.2535E-03   
1.6068E-03   -1.4791E-03   
1.7225E-03   -1.3823E-03   
1.6129E-03   -1.5466E-03   
3.4380E-03   -4.9141E-04   
3.8388E-03   -4.1200E-04   
4.8280E-03   -4.1642E-04   
3.8316E-03   -3.3135E-04   
3.8931E-03   -4.2397E-04   
1.6962E-03   -1.5552E-03   
4.1055E-03   -4.0010E-04   
4.3799E-03   -3.8069E-04   
3.8528E-03   -3.4240E-04   
2.2446E-03   -1.7436E-03   
1.8543E-03   -1.5925E-03   
2.0539E-03   -1.5885E-03   
4.9659E-03   -3.4849E-04   
6.4543E-03   -2.9617E-04   
2.1606E-03   -1.7076E-03   
4.5117E-03   -3.9692E-04   
4.9779E-03   -4.3923E-04   
5.3074E-03   -5.4898E-04   
2.2363E-03   -1.8677E-03   
2.2755E-03   -1.9410E-03   
5.2521E-03   -4.8082E-04   
6.5319E-03   -2.0238E-04   
6.0387E-03   -3.7968E-04   
1.7441E-03   -2.4024E-03   
1.8369E-03   -1.7679E-03   
2.0798E-03   -1.1669E-03   
1.9374E-03   -1.2422E-03   
3.2174E-03   -5.9451E-04   
3.6838E-03   -3.9240E-04   
3.0623E-03   -6.6707E-04   
2.3969E-03   -9.9991E-04   
1.8243E-03   -1.3064E-03   
2.9002E-03   -7.4518E-04   
1.7436E-03   -1.3933E-03   
2.5640E-03   -9.1355E-04   
1.6163E-03   -1.5044E-03   
2.7326E-03   -8.2811E-04   
3.3708E-03   -5.2519E-04   
1.8504E-03   -1.3035E-03   
3.6675E-03   -4.7092E-04   
3.8064E-03   -3.4904E-04   
3.5219E-03   -4.5935E-04   
3.7391E-03   -3.9928E-04   
3.7480E-03   -4.6708E-04   
3.9501E-03   -4.3917E-04   
2.4060E-03   -1.6328E-03   
1.9303E-03   -1.5097E-03   
2.1290E-03   -1.6095E-03   
1.9869E-03   -1.5701E-03   
4.5959E-03   -4.8136E-04   
6.0063E-03   -4.3278E-04   
2.3257E-03   -2.0651E-03   
1.8078E-03   -1.4630E-03   
2.0508E-03   -1.6892E-03   
4.4422E-03   -4.6910E-04   
5.1334E-03   -4.4446E-04   
6.6019E-03   -2.3417E-04   
6.2675E-03   -3.8806E-04   
5.3684E-03   -6.0494E-04   
2.5421E-03   -1.8562E-03   
1.9674E-03   -2.3964E-03   
4.2924E-03   -4.5788E-04   
1.5803E-03   -2.3980E-03   
3.1505E-03   -6.3433E-04   
3.7069E-03   -3.9509E-04   
3.3057E-03   -5.6302E-04   
2.9893E-03   -7.1085E-04   
2.4705E-03   -9.6953E-04   
1.9705E-03   -1.2307E-03   
1.4833E-03   -1.5842E-03   
1.7584E-03   -1.4149E-03   
3.4587E-03   -4.9508E-04   
1.8848E-03   -1.3039E-03   
3.6150E-03   -4.6472E-04   
2.2340E-03   -1.0854E-03   
2.6453E-03   -8.8041E-04   
2.3073E-03   -1.5859E-03   
2.1640E-03   -1.4979E-03   
3.7741E-03   -4.8983E-04   
2.0505E-03   -1.4998E-03   
1.7680E-03   -1.4450E-03   
1.8701E-03   -1.4671E-03   
1.8431E-03   -1.5127E-03   
2.2907E-03   -1.5055E-03   
2.4679E-03   -1.6872E-03   
4.7563E-03   -4.9807E-04   
5.8027E-03   -4.9685E-04   
4.3696E-03   -5.4609E-04   
3.4617E-03   -5.4590E-04   
4.0718E-03   -5.3135E-04   
4.9486E-03   -5.1740E-04   
2.5767E-03   -1.9802E-03   
2.1173E-03   -2.1317E-03   
4.2227E-03   -5.3544E-04   
5.3151E-03   -4.0292E-04   
2.6761E-03   -1.8767E-03   
2.4331E-03   -1.8357E-03   
5.6027E-03   -5.8443E-04   
5.1264E-03   -6.3241E-04   
3.2435E-03   -6.0413E-04   
3.0905E-03   -6.7625E-04   
3.5685E-03   -4.6086E-04   
1.9117E-03   -1.3178E-03   
3.5875E-03   -4.3920E-04   
3.3970E-03   -5.3474E-04   
2.9217E-03   -7.5820E-04   
2.0163E-03   -1.2195E-03   
2.5559E-03   -9.3939E-04   
2.7380E-03   -8.4819E-04   
2.3691E-03   -1.4082E-03   
2.2490E-03   -1.4098E-03   
2.1297E-03   -1.1475E-03   
1.9079E-03   -1.3880E-03   
1.9150E-03   -1.3512E-03   
1.9971E-03   -1.3766E-03   
2.2979E-03   -1.0593E-03   
3.8636E-03   -5.0498E-04   
3.3343E-03   -6.2813E-04   
4.0077E-03   -6.0725E-04   
2.0189E-03   -1.4191E-03   
3.8900E-03   -5.5426E-04   
2.6430E-03   -1.7538E-03   
4.5165E-03   -5.6208E-04   
2.6613E-03   -1.5692E-03   
2.0798E-03   -1.9675E-03   
2.8328E-03   -1.8872E-03   
3.6211E-03   -5.7306E-04   
4.1462E-03   -6.1507E-04   
2.5302E-03   -1.4498E-03   
2.7875E-03   -1.7728E-03   
2.4561E-03   -2.0907E-03   
5.2010E-03   -6.8659E-04   
5.8585E-03   -5.6486E-04   
3.1948E-03   -6.4107E-04   
3.3364E-03   -5.7775E-04   
2.3768E-03   -1.0315E-03   
2.0547E-03   -1.3035E-03   
2.6523E-03   -9.1041E-04   
2.2291E-03   -1.3233E-03   
2.0857E-03   -1.2066E-03   
3.3957E-03   -6.4362E-04   
2.1961E-03   -1.1261E-03   
2.1017E-03   -1.2373E-03   
4.0093E-03   -4.4842E-04   
2.8474E-03   -8.1590E-04   
3.4750E-03   -5.1530E-04   
2.3384E-03   -1.3184E-03   
3.9294E-03   -6.8827E-04   
2.4565E-03   -1.3154E-03   
3.8917E-03   -6.0406E-04   
1.8810E-03   -2.0358E-03   
3.0410E-03   -1.8829E-03   
4.2845E-03   -6.2907E-04   
2.1964E-03   -2.1682E-03   
2.8166E-03   -1.3651E-03   
2.7260E-03   -1.6400E-03   
3.6734E-03   -6.0646E-04   
4.6673E-03   -5.8345E-04   
2.6003E-03   -2.1201E-03   
2.8598E-03   -1.4432E-03   
2.9063E-03   -1.6605E-03   
2.7437E-03   -1.9962E-03   
4.9477E-03   -7.2226E-04   
2.4908E-03   -1.4027E-03   
6.1301E-03   -5.3862E-04   
2.4689E-03   -1.0028E-03   
2.4329E-03   -1.2231E-03   
3.0605E-03   -7.1327E-04   
2.2892E-03   -1.0964E-03   
3.1782E-03   -7.1902E-04   
2.5789E-03   -1.3167E-03   
2.1492E-03   -1.3242E-03   
4.1924E-03   -7.1702E-04   
2.7527E-03   -8.8662E-04   
2.5476E-03   -1.2197E-03   
2.2316E-03   -1.1483E-03   
3.4485E-03   -6.7230E-04   
4.0590E-03   -7.0069E-04   
3.2575E-03   -6.3141E-04   
2.1858E-03   -1.2676E-03   
3.7134E-03   -6.4833E-04   
2.3040E-03   -1.7812E-03   
2.6917E-03   -1.3327E-03   
2.9195E-03   -1.5053E-03   
3.0269E-03   -1.5443E-03   
3.0774E-03   -1.6893E-03   
3.3201E-03   -1.7615E-03   
5.0308E-03   -7.8755E-04   
2.4299E-03   -2.2417E-03   
4.5624E-03   -6.7249E-04   
6.3198E-03   -4.5767E-04   
2.5646E-03   -9.7818E-04   
2.3873E-03   -1.0675E-03   
2.9718E-03   -7.8818E-04   
2.6415E-03   -1.1237E-03   
3.2239E-03   -7.4595E-04   
3.7748E-03   -6.8893E-04   
3.4996E-03   -7.0733E-04   
2.6729E-03   -1.2178E-03   
3.9702E-03   -7.9051E-04   
3.8410E-03   -7.7526E-04   
4.7090E-03   -7.4948E-04   
4.3299E-03   -7.3884E-04   
3.2909E-03   -1.4521E-03   
3.1103E-03   -1.3879E-03   
2.3159E-03   -1.2362E-03   
4.8003E-03   -6.1622E-04   
5.4209E-03   -6.5195E-04   
4.7657E-03   -9.0849E-04   
3.3364E-03   -1.6695E-03   
3.3242E-03   -1.8552E-03   
3.3763E-03   -1.5730E-03   
2.9419E-03   -1.2382E-03   
2.7246E-03   -2.1650E-03   
6.3877E-03   -5.1360E-04   
2.4760E-03   -1.0504E-03   
3.1601E-03   -6.9453E-04   
2.3687E-03   -1.1647E-03   
2.8291E-03   -8.7898E-04   
3.7241E-03   -8.8491E-04   
2.9880E-03   -8.3057E-04   
2.6580E-03   -9.6183E-04   
3.2743E-03   -7.7959E-04   
2.7639E-03   -1.1181E-03   
3.5817E-03   -7.9260E-04   
2.9047E-03   -1.1143E-03   
3.6227E-03   -8.4175E-04   
4.8873E-03   -6.6359E-04   
4.1052E-03   -8.0668E-04   
4.4803E-03   -7.6705E-04   
5.6053E-03   -6.6310E-04   
3.0661E-03   -1.3233E-03   
4.6882E-03   -6.9293E-04   
3.0592E-03   -1.2569E-03   
4.5174E-03   -8.3828E-04   
2.5367E-03   -1.1187E-03   
3.0810E-03   -1.1098E-03   
3.4647E-03   -1.4661E-03   
4.5237E-03   -9.1530E-04   
5.0312E-03   -8.6194E-04   
3.1445E-03   -1.4453E-03   
3.5649E-03   -1.5700E-03   
3.5315E-03   -1.7390E-03   
2.5293E-03   -2.2791E-03   
2.5590E-03   -1.0491E-03   
2.9908E-03   -1.0120E-03   
2.7742E-03   -9.3769E-04   
3.0567E-03   -8.5265E-04   
3.2551E-03   -1.2138E-03   
2.8487E-03   -1.0244E-03   
3.4660E-03   -9.4881E-04   
3.9144E-03   -8.6786E-04   
3.7753E-03   -1.6718E-03   
4.3142E-03   -9.2726E-04   
2.3014E-03   -1.1369E-03   
3.2214E-03   -1.1429E-03   
4.2313E-03   -8.3094E-04   
3.3401E-03   -8.1033E-04   
3.3864E-03   -9.0340E-04   
3.5683E-03   -1.3555E-03   
2.4615E-03   -2.3719E-03   
3.6505E-03   -1.4763E-03   
4.5029E-03   -9.9006E-04   
5.2071E-03   -7.9834E-04   
3.5533E-03   -7.4446E-04   
2.2314E-03   -1.2042E-03   
2.7280E-03   -1.0433E-03   
3.1405E-03   -1.0076E-03   
2.8877E-03   -9.5489E-04   
4.0044E-03   -8.9988E-04   
3.2247E-03   -9.1015E-04   
3.3067E-03   -1.0448E-03   
2.8858E-03   -9.1438E-04   
4.3234E-03   -1.0867E-03   
2.7267E-03   -1.0021E-03   
5.4240E-03   -7.6451E-04   
4.2945E-03   -1.0117E-03   
3.3808E-03   -1.3366E-03   
3.2750E-03   -1.0025E-03   
3.9475E-03   -1.5569E-03   
2.1814E-03   -2.4800E-03   
3.4165E-03   -8.3112E-04   
3.5554E-03   -1.2083E-03   
3.7709E-03   -9.5844E-04   
3.8687E-03   -1.0147E-03   
3.6993E-03   -1.2360E-03   
4.3950E-03   -1.1534E-03   
3.4118E-03   -1.1224E-03   
3.8520E-03   -1.4917E-03   
4.0335E-03   -1.6059E-03   
3.8144E-03   -1.1212E-03   
3.4675E-03   -1.1665E-03   
4.2697E-03   -1.5953E-03   
3.8503E-03   -1.2668E-03   
4.3360E-03   -8.5704E-04   
4.6929E-03   -1.0940E-03   
4.1195E-03   -1.2020E-03   
3.6134E-03   -1.0662E-03   
4.0752E-03   -1.0215E-03   
3.7340E-03   -1.3742E-03   
4.1668E-03   -1.2728E-03   
4.9274E-03   -9.6141E-04   
4.5258E-03   -1.4659E-03   
3.9571E-03   -1.2991E-03   
3.6636E-03   -1.1150E-03   
4.1508E-03   -1.3654E-03   
4.3828E-03   -1.3598E-03   
4.6862E-03   -1.2543E-03   
4.7994E-03   -1.1449E-03   
4.5976E-03   -1.3668E-03   
2.2235E-04   -2.9726E-03   
4.1214E-03   -1.4515E-03   
3.8765E-03   -1.7265E-03   
6.7931E-03   -2.3194E-04   
5.0575E-04   -2.5080E-03   
7.3997E-03   -3.4246E-05   
6.6480E-03   -4.8777E-04   
4.0331E-04   -3.0046E-03   
1.9482E-03   -2.4913E-03   
4.6190E-03   -1.5208E-03   
6.9097E-03   -1.2282E-04   
6.1683E-04   -2.9772E-03   
2.1929E-03   -2.3012E-03   
8.7660E-04   -2.9373E-03   
1.1423E-03   -2.8931E-03   
1.4078E-03   -2.8402E-03   
1.6824E-03   -2.7799E-03   
7.6297E-03   -3.1304E-05   
1.9631E-03   -2.7136E-03   
2.2584E-03   -2.6379E-03   
6.4865E-03   -3.9635E-04   
2.5631E-03   -2.5599E-03   
7.8667E-03   -3.0097E-05   
2.8730E-03   -2.4785E-03   
3.1922E-03   -2.3943E-03   
4.9622E-03   -1.0449E-03   
3.5531E-03   -2.2949E-03   
8.1162E-03   -2.7844E-05   
5.6731E-03   -4.6976E-04   
3.8402E-03   -2.2468E-03   
2.8901E-03   -1.8020E-03   
1.4796E-03   -2.6403E-03   
6.5356E-03   -3.4463E-04   
4.1771E-03   -2.1344E-03   
4.5538E-03   -2.0537E-03   
8.3739E-03   -2.4563E-05   
4.9052E-03   -1.9722E-03   
3.0459E-03   -2.0867E-03   
5.2956E-03   -1.8743E-03   
5.5991E-03   -1.8288E-03   
8.6410E-03   -2.1235E-05   
5.9516E-03   -1.7169E-03   
6.3488E-03   -1.6230E-03   
6.5168E-04   -2.8329E-03   
6.7209E-03   -1.5227E-03   
8.9495E-03   -1.9068E-05   
7.0037E-03   -7.6473E-05   
3.2579E-03   -1.9614E-03   
7.1235E-03   -1.3969E-03   
7.5078E-03   -1.2845E-03   
6.2071E-03   -5.8550E-04   
9.2928E-03   -1.0225E-05   
5.6658E-03   -7.2526E-04   
5.2195E-03   -8.5853E-04   
8.2628E-03   -1.0071E-03   
9.6584E-03   -1.5823E-04   
9.7274E-03   -1.5892E-04   
9.6922E-03   -4.2753E-05   
9.7218E-03   -1.7406E-05   
9.6685E-03   -9.8893E-05   
2.6469E-03   -2.3830E-03   
9.1055E-03   -5.8378E-04   
7.5371E-04   -2.8850E-03   
5.8518E-03   -7.3840E-04   
5.5138E-03   -8.2883E-04   
1.3289E-03   -2.7337E-03   
5.1610E-03   -1.0401E-03   
1.7193E-03   -2.5901E-03   
6.9726E-03   -1.9481E-04   
4.8609E-03   -1.2697E-03   
6.8312E-03   -4.0955E-04   
1.9076E-03   -2.5903E-03   
3.4115E-03   -1.9961E-03   
1.3051E-03   -2.8003E-03   
3.7744E-03   -1.8533E-03   
1.8582E-03   -2.6766E-03   
6.1430E-03   -6.5859E-04   
6.6116E-03   -1.4624E-03   
4.8056E-03   -1.9119E-03   
2.4619E-03   -2.5106E-03   
3.1323E-03   -2.1424E-03   
3.0865E-03   -2.3449E-03   
3.0165E-03   -2.2702E-03   
7.9822E-03   -5.8653E-05   
4.9528E-03   -1.4508E-03   
7.1118E-03   -1.0975E-04   
6.7253E-03   -5.3383E-04   
7.5241E-03   -6.1010E-05   
8.9110E-03   -4.1274E-05   
4.3984E-03   -1.6453E-03   
5.4193E-03   -1.7566E-03   
6.6457E-03   -2.6201E-04   
6.7303E-03   -3.5794E-04   
4.9813E-03   -1.0952E-03   
3.6107E-03   -1.7700E-03   
9.4999E-03   -4.0445E-06   
7.9000E-03   -1.1464E-03   
3.6553E-03   -2.1831E-03   
7.2124E-03   -1.2817E-03   
9.7389E-03   -1.0641E-04   
9.7851E-03   -9.0542E-06   
9.7701E-03   -2.6037E-05   
9.7505E-03   -6.3106E-05   
5.9932E-03   -1.6043E-03   
4.2068E-03   -2.0180E-03   
8.4903E-03   -4.6020E-05   
8.5999E-03   -7.2945E-04   
9.3323E-03   -2.9887E-05   
9.0606E-03   -5.3106E-04   
9.2656E-03   -2.2871E-04   
9.3746E-03   -4.1881E-05   
9.3263E-03   -9.5622E-05   
9.2060E-03   -3.6053E-04   
6.0870E-03   -7.4681E-04   
4.7330E-03   -1.8476E-03   
7.0471E-03   -1.5086E-04   
7.2824E-03   -1.2621E-04   
7.8417E-03   -9.3709E-05   
8.4281E-04   -2.8104E-03   
4.2913E-03   -1.7689E-03   
5.4526E-03   -9.4376E-04   
3.2879E-03   -2.2283E-03   
7.0135E-03   -2.3977E-04   
8.3449E-03   -7.6118E-05   
7.7729E-03   -1.1131E-03   
2.3798E-03   -2.4668E-03   
4.4761E-03   -1.9043E-03   
3.5574E-03   -2.1463E-03   
5.3437E-03   -1.7041E-03   
3.9757E-03   -1.8479E-03   
6.3464E-03   -1.4696E-03   
5.1647E-03   -1.2098E-03   
3.9019E-03   -2.0496E-03   
6.6374E-03   -6.1670E-04   
6.9134E-03   -4.6058E-04   
5.6976E-03   -1.6247E-03   
5.2047E-03   -1.3080E-03   
8.6348E-03   -6.4444E-05   
5.0511E-03   -1.5229E-03   
8.0928E-03   -8.4668E-05   
3.7104E-03   -1.9617E-03   
6.9305E-03   -2.9895E-04   
5.0341E-03   -1.7772E-03   
5.3651E-03   -1.0682E-03   
7.5509E-03   -1.0075E-04   
7.0062E-03   -3.3829E-04   
8.8859E-03   -3.4948E-04   
9.0405E-03   -7.2869E-05   
8.9835E-03   -1.5544E-04   
9.0932E-03   -4.2063E-05   
6.3402E-03   -6.6698E-04   
8.1168E-03   -9.2069E-04   
8.6762E-03   -6.0243E-04   
9.3101E-03   -7.8788E-05   
9.2262E-03   -3.0755E-04   
9.2393E-03   -1.5585E-04   
9.2008E-03   -1.8946E-04   
4.9449E-03   -1.7177E-03   
3.7121E-03   -2.0384E-03   
8.4373E-03   -9.8260E-05   
7.4914E-03   -1.1700E-03   
4.2966E-03   -1.8852E-03   
5.2806E-03   -1.3861E-03   
4.8414E-03   -1.6615E-03   
7.1918E-03   -4.2938E-04   
7.4482E-03   -1.4613E-04   
6.0791E-03   -1.4852E-03   
7.9642E-03   -1.1668E-04   
8.9501E-03   -2.1085E-04   
9.0662E-03   -1.0636E-04   
7.2722E-03   -3.1184E-04   
6.0336E-03   -8.4239E-04   
7.2620E-03   -2.2368E-04   
5.7094E-03   -9.4866E-04   
8.8701E-03   -2.7937E-04   
8.2317E-03   -7.5817E-04   
6.8749E-03   -6.0807E-04   
6.7090E-03   -1.3314E-03   
5.4575E-03   -1.1823E-03   
4.5521E-03   -1.7438E-03   
5.5627E-03   -1.5728E-03   
6.6906E-03   -6.7475E-04   
8.8912E-03   -6.4984E-05   
8.0498E-03   -8.7868E-04   
8.7280E-03   -4.7460E-04   
6.1477E-03   -1.3596E-03   
5.7883E-03   -1.1327E-03   
6.6413E-03   -7.5507E-04   
7.1475E-03   -5.6467E-04   
5.7825E-03   -1.4413E-03   
5.1537E-03   -1.5860E-03   
8.5259E-03   -1.1719E-04   
7.8595E-03   -8.9509E-04   
7.9849E-03   -1.5448E-04   
8.2810E-03   -1.3516E-04   
5.4668E-03   -1.5141E-03   
7.4421E-03   -2.4379E-04   
7.4659E-03   -1.8724E-04   
7.3711E-03   -3.5359E-04   
5.4123E-03   -1.1294E-03   
5.5809E-03   -1.3282E-03   
7.2997E-03   -4.7153E-04   
6.7994E-03   -1.2173E-03   
6.2884E-03   -8.4492E-04   
5.9775E-03   -9.4216E-04   
5.7569E-03   -1.2260E-03   
6.9312E-03   -7.0907E-04   
7.1161E-03   -6.3621E-04   
6.9776E-03   -1.3051E-03   
7.4729E-03   -3.9228E-04   
5.6787E-03   -1.3854E-03   
8.7673E-03   -9.7272E-05   
7.6987E-03   -1.9438E-04   
7.5386E-03   -2.8820E-04   
7.4670E-03   -1.0358E-03   
7.8964E-03   -2.0704E-04   
5.9573E-03   -1.0219E-03   
6.4811E-03   -8.5581E-04   
7.1766E-03   -6.8801E-04   
5.8701E-03   -1.2642E-03   
7.8214E-03   -2.6010E-04   
8.0359E-03   -7.6353E-04   
7.4194E-03   -4.9692E-04   
7.7510E-03   -3.5316E-04   
7.3256E-03   -1.1695E-03   
8.4007E-03   -1.5373E-04   
6.1424E-03   -1.0365E-03   
6.4637E-03   -9.3223E-04   
8.8737E-03   -1.1225E-04   
7.6624E-03   -4.6139E-04   
8.5578E-03   -1.6627E-04   
6.1809E-03   -1.1862E-03   
7.8738E-03   -2.9737E-04   
8.2583E-03   -1.9834E-04   
7.8522E-03   -3.8174E-04   
6.7397E-03   -9.1306E-04   
8.0388E-03   -2.1840E-04   
7.0664E-03   -7.9887E-04   
7.5432E-03   -6.0515E-04   
8.0801E-03   -3.0062E-04   
7.6643E-03   -6.5009E-04   
6.2871E-03   -1.2329E-03   
7.3232E-03   -7.8149E-04   
6.3964E-03   -1.0465E-03   
6.9947E-03   -9.0009E-04   
8.3250E-03   -2.2612E-04   
8.8352E-03   -1.5119E-04   
7.8722E-03   -6.4516E-04   
7.5919E-03   -7.5155E-04   
8.4032E-03   -2.5169E-04   
6.5079E-03   -1.1132E-03   
6.8724E-03   -1.0210E-03   
8.2614E-03   -3.0433E-04   
8.1820E-03   -5.7267E-04   
7.5646E-03   -8.4020E-04   
8.6839E-03   -2.0627E-04   
8.2490E-03   -3.4545E-04   
8.1622E-03   -6.5128E-04   
8.8096E-03   -2.1577E-04   
7.8575E-03   -7.7090E-04   
7.9536E-03   -4.0916E-04   
7.7637E-03   -4.9753E-04   
7.8994E-03   -5.2595E-04   
8.2452E-03   -4.4039E-04   
