51 
1844 
2.5706E-02   -5.3344E-03   
2.7097E-02   -3.3164E-03   
2.8101E-02   -2.0063E-03   
2.8782E-02   -9.8597E-04   
5.0586E-37   -7.9019E-04   
2.9021E-02   6.5988E-38   
2.9186E-02   -1.5529E-34   
2.9299E-02   -4.2242E-35   
2.9619E-02   1.6530E-35   
2.9953E-02   4.4114E-35   
3.0408E-02   1.1615E-34   
3.0994E-02   1.7429E-34   
3.1460E-02   2.1597E-34   
3.2276E-02   3.3026E-34   
3.2897E-02   3.9414E-34   
3.3581E-02   3.3602E-34   
3.3946E-02   5.1694E-34   
3.4721E-02   7.4190E-34   
3.5557E-02   1.0321E-33   
3.6000E-02   -4.0116E-30   
3.6000E-02   -1.3530E-34   
3.6000E-02   -1.3530E-34   
3.6000E-02   -1.3530E-34   
3.6000E-02   -1.3530E-34   
3.6000E-02   -1.3530E-34   
3.6000E-02   -1.3530E-34   
3.6000E-02   -1.3530E-34   
3.6000E-02   -1.3530E-34   
3.6000E-02   -1.3530E-34   
3.6000E-02   -1.3530E-34   
3.6000E-02   -1.3530E-34   
3.6000E-02   -1.3530E-34   
3.4741E-02   -8.0225E-04   
3.3401E-02   -1.4861E-03   
3.2778E-02   -1.7275E-03   
3.2162E-02   -1.9281E-03   
3.0933E-02   -2.2582E-03   
3.0317E-02   -2.4042E-03   
2.9077E-02   -2.6890E-03   
2.8449E-02   -2.8408E-03   
2.6454E-02   -3.7172E-03   
2.0482E-02   -7.5238E-03   
1.5332E-02   -1.0684E-02   
5.6832E-03   -1.7450E-02   
4.0215E-03   -1.8988E-02   
3.5517E-03   -1.9312E-02   
2.6553E-03   -1.9657E-02   
1.7553E-03   -1.9812E-02   
8.6719E-04   -1.9887E-02   
-2.6256E-37   -1.9906E-02   
1.1514E-33   -1.9616E-02   
1.2316E-33   -1.9334E-02   
1.1704E-33   -1.8946E-02   
1.1070E-33   -1.8718E-02   
9.6125E-34   -1.8333E-02   
8.6528E-34   -1.8098E-02   
7.7357E-34   -1.7852E-02   
6.6955E-34   -1.7629E-02   
5.4919E-34   -1.6896E-02   
2.2813E-02   -5.1425E-03   
3.5443E-02   -1.7041E-05   
3.4867E-02   -4.9654E-05   
3.4045E-02   -1.0632E-04   
3.3374E-02   -1.6011E-04   
3.2720E-02   -2.3027E-04   
3.2006E-02   -2.7618E-04   
3.1437E-02   -2.9882E-04   
3.0712E-02   -3.6190E-04   
3.0011E-02   -4.0979E-04   
2.9318E-02   -4.6164E-04   
2.8644E-02   -5.2304E-04   
2.7952E-02   -6.2335E-04   
2.7227E-02   -8.3366E-04   
2.6215E-02   -1.3734E-03   
2.5025E-02   -2.4998E-03   
2.7109E-02   -2.1562E-03   
2.7523E-02   -9.2023E-04   
2.8082E-02   -4.7955E-04   
2.8637E-02   -3.2533E-04   
2.9190E-02   -2.7589E-04   
2.9730E-02   -2.5928E-04   
3.0380E-02   -2.2436E-04   
3.0988E-02   -2.0035E-04   
3.1564E-02   -1.7349E-04   
3.2150E-02   -1.6981E-04   
3.2819E-02   -1.2638E-04   
3.3463E-02   -9.1922E-05   
3.4096E-02   -6.6766E-05   
3.4781E-02   -3.0077E-05   
3.5382E-02   -7.8215E-06   
2.8695E-02   -5.0401E-04   
2.8917E-02   -1.9154E-04   
2.9182E-02   -1.2181E-04   
2.9604E-02   -9.9094E-05   
3.0033E-02   -9.3435E-05   
3.0581E-02   -9.5026E-05   
3.1090E-02   -9.5404E-05   
3.1608E-02   -9.0993E-05   
3.2296E-02   -6.9717E-05   
3.2880E-02   -5.3223E-05   
3.3547E-02   -4.1863E-05   
3.4213E-02   -2.5690E-05   
3.4872E-02   -1.2416E-05   
3.5486E-02   -1.3570E-06   
3.5333E-02   -3.6091E-05   
3.4698E-02   -9.4827E-05   
3.3923E-02   -1.8452E-04   
3.3229E-02   -2.4301E-04   
3.2608E-02   -3.3254E-04   
3.1852E-02   -4.0860E-04   
3.1111E-02   -4.8284E-04   
3.0415E-02   -5.4747E-04   
2.9683E-02   -6.3324E-04   
2.9002E-02   -7.1760E-04   
2.8122E-02   -8.5973E-04   
2.7178E-02   -1.0721E-03   
2.6260E-02   -1.3645E-03   
2.5131E-02   -1.9073E-03   
2.2450E-02   -3.6677E-03   
8.8342E-03   -1.2534E-02   
3.5278E-02   -6.7531E-05   
3.4729E-02   -1.3916E-04   
3.3790E-02   -2.7812E-04   
3.3177E-02   -3.7068E-04   
3.2454E-02   -4.6612E-04   
3.1578E-02   -5.9739E-04   
3.0827E-02   -6.7562E-04   
3.0093E-02   -7.6731E-04   
2.9212E-02   -9.1089E-04   
2.8374E-02   -1.0805E-03   
2.7490E-02   -1.2796E-03   
2.6595E-02   -1.4800E-03   
2.5487E-02   -1.8979E-03   
2.3451E-02   -2.9867E-03   
1.4312E-02   -8.9160E-03   
1.7222E-03   -1.7225E-02   
3.5473E-02   -6.6681E-05   
3.4456E-02   -2.4151E-04   
3.3883E-02   -3.3869E-04   
3.3177E-02   -4.7738E-04   
3.2133E-02   -6.5727E-04   
3.1390E-02   -7.8461E-04   
3.0630E-02   -8.9520E-04   
2.9717E-02   -1.0575E-03   
2.8875E-02   -1.2323E-03   
2.7989E-02   -1.4031E-03   
2.7138E-02   -1.6024E-03   
2.6094E-02   -1.8883E-03   
2.3960E-02   -3.0094E-03   
1.8140E-02   -6.7502E-03   
5.7763E-03   -1.5187E-02   
1.0993E-03   -1.7966E-02   
3.5134E-02   -1.6360E-04   
3.4524E-02   -3.0577E-04   
3.3785E-02   -4.8312E-04   
3.3040E-02   -6.5847E-04   
3.1972E-02   -8.6855E-04   
3.1126E-02   -1.0040E-03   
3.0240E-02   -1.1975E-03   
2.9387E-02   -1.3849E-03   
2.8415E-02   -1.5553E-03   
2.7622E-02   -1.7269E-03   
2.6745E-02   -2.0049E-03   
2.5215E-02   -2.6507E-03   
1.9872E-02   -6.0496E-03   
9.2676E-03   -1.3446E-02   
2.2530E-03   -1.8011E-02   
1.0413E-03   -1.8289E-02   
3.5299E-02   -2.0019E-04   
3.4452E-02   -4.5753E-04   
3.3765E-02   -6.2602E-04   
3.2680E-02   -9.0877E-04   
3.1719E-02   -1.1532E-03   
3.0882E-02   -1.2993E-03   
2.9826E-02   -1.5181E-03   
2.9027E-02   -1.6926E-03   
2.8017E-02   -1.8912E-03   
2.7119E-02   -2.1377E-03   
2.5988E-02   -2.5681E-03   
2.2899E-02   -4.3998E-03   
1.4459E-02   -1.0287E-02   
4.4651E-03   -1.7317E-02   
2.0496E-03   -1.8501E-02   
9.5543E-04   -1.8608E-02   
3.5169E-02   -2.9226E-04   
3.4227E-02   -6.1719E-04   
3.3571E-02   -8.1076E-04   
3.2287E-02   -1.1984E-03   
3.1515E-02   -1.3865E-03   
3.0630E-02   -1.6046E-03   
2.9674E-02   -1.7814E-03   
2.8684E-02   -2.0054E-03   
2.7569E-02   -2.2782E-03   
2.6631E-02   -2.5847E-03   
2.4198E-02   -4.0423E-03   
1.8306E-02   -8.0625E-03   
6.9447E-03   -1.6359E-02   
3.4244E-03   -1.8446E-02   
2.0146E-03   -1.8854E-02   
1.0044E-03   -1.8923E-02   
3.5206E-02   -3.8958E-04   
3.4385E-02   -7.5029E-04   
3.3298E-02   -1.1128E-03   
3.2343E-02   -1.4440E-03   
3.1328E-02   -1.6252E-03   
3.0329E-02   -1.8481E-03   
2.9363E-02   -2.0853E-03   
2.8384E-02   -2.3311E-03   
2.7382E-02   -2.5706E-03   
2.5216E-02   -3.6570E-03   
1.9755E-02   -7.4018E-03   
1.0275E-02   -1.4409E-02   
4.6115E-03   -1.8236E-02   
2.9936E-03   -1.9006E-02   
1.9460E-03   -1.9177E-02   
1.0817E-03   -1.9227E-02   
3.4871E-02   -6.8243E-04   
3.3901E-02   -1.1701E-03   
3.3119E-02   -1.4069E-03   
3.1851E-02   -1.7804E-03   
3.1066E-02   -1.9667E-03   
2.9958E-02   -2.2219E-03   
2.8974E-02   -2.4716E-03   
2.8103E-02   -2.6554E-03   
2.6615E-02   -3.2406E-03   
2.2177E-02   -5.8777E-03   
1.5530E-02   -1.0496E-02   
6.2837E-03   -1.7429E-02   
3.9324E-03   -1.9018E-02   
2.8647E-03   -1.9330E-02   
1.9080E-03   -1.9485E-02   
8.5484E-04   -1.9619E-02   
6.8934E-03   -1.1547E-03   
1.3031E-02   -1.9383E-03   
1.8404E-02   -2.8286E-03   
2.1665E-02   -3.8506E-03   
2.3559E-02   -4.7274E-03   
2.4756E-02   -5.4087E-03   
2.5298E-02   -5.4230E-03   
2.5972E-02   -5.1097E-03   
2.6162E-02   -4.8164E-03   
2.6333E-02   -4.5220E-03   
2.6495E-02   -4.2454E-03   
2.6652E-02   -3.9881E-03   
2.6805E-02   -3.7486E-03   
2.6953E-02   -3.5252E-03   
2.7237E-02   -3.1208E-03   
2.7373E-02   -2.9370E-03   
2.7505E-02   -2.7634E-03   
2.7633E-02   -2.5992E-03   
2.7757E-02   -2.4422E-03   
2.7876E-02   -2.2916E-03   
2.7991E-02   -2.1465E-03   
2.8206E-02   -1.8702E-03   
2.8306E-02   -1.7374E-03   
2.8400E-02   -1.6072E-03   
2.8489E-02   -1.4794E-03   
2.8572E-02   -1.3536E-03   
2.8648E-02   -1.2294E-03   
2.8719E-02   -1.1069E-03   
2.8840E-02   -8.6716E-04   
2.8890E-02   -7.4789E-04   
2.8933E-02   -6.2664E-04   
2.8963E-02   -5.0211E-04   
2.8996E-02   -3.8304E-04   
2.9007E-02   -2.5546E-04   
2.9028E-02   -1.2785E-04   
2.9087E-02   -5.5128E-34   
2.9120E-02   -5.3646E-34   
2.9144E-02   -4.1697E-34   
2.9161E-02   -2.3574E-34   
2.9174E-02   -1.9093E-34   
2.9199E-02   -1.2512E-34   
2.9216E-02   -9.9416E-35   
2.9237E-02   -7.7472E-35   
2.9264E-02   -5.8609E-35   
2.9343E-02   -2.7943E-35   
2.9396E-02   -1.5395E-35   
2.9459E-02   -4.2318E-36   
2.9533E-02   6.2458E-36   
2.9717E-02   2.5907E-35   
2.9829E-02   3.5115E-35   
3.0091E-02   5.3826E-35   
3.0242E-02   6.3602E-35   
3.0589E-02   1.2486E-34   
3.0784E-02   9.7325E-35   
3.1219E-02   1.8945E-34   
3.1716E-02   2.4888E-34   
3.1988E-02   2.8080E-34   
3.2579E-02   3.3575E-34   
3.3232E-02   4.4083E-34   
3.4326E-02   6.3217E-34   
3.5131E-02   6.3550E-34   
3.6000E-02   -1.3530E-34   
3.6000E-02   -1.3530E-34   
3.6000E-02   -1.3530E-34   
3.6000E-02   -1.3530E-34   
3.6000E-02   -1.3530E-34   
3.4047E-02   -1.1884E-03   
3.1548E-02   -2.1017E-03   
2.9699E-02   -2.5457E-03   
2.7780E-02   -3.0336E-03   
2.4177E-02   -5.0781E-03   
9.5662E-03   -1.4637E-02   
4.5516E-03   -1.8520E-02   
3.1039E-03   -1.9523E-02   
2.2047E-03   -1.9747E-02   
1.3087E-03   -1.9857E-02   
4.3151E-04   -1.9904E-02   
8.4492E-34   -1.9761E-02   
1.2089E-33   -1.9473E-02   
1.1987E-33   -1.9199E-02   
1.7520E-33   -1.9069E-02   
1.7706E-33   -1.8829E-02   
1.0784E-33   -1.8613E-02   
1.0455E-33   -1.8514E-02   
1.0016E-33   -1.8421E-02   
9.2727E-34   -1.8250E-02   
8.9516E-34   -1.8172E-02   
8.3940E-34   -1.8029E-02   
8.1481E-34   -1.7965E-02   
7.9210E-34   -1.7906E-02   
7.5974E-34   -1.7804E-02   
7.4112E-34   -1.7761E-02   
7.1736E-34   -1.7719E-02   
6.9309E-34   -1.7676E-02   
6.4958E-34   -1.7577E-02   
6.2898E-34   -1.7516E-02   
6.1068E-34   -1.7436E-02   
5.9178E-34   -1.7322E-02   
5.7004E-34   -1.7153E-02   
5.2648E-34   -1.6497E-02   
5.0329E-34   -1.5884E-02   
4.7971E-34   -1.4979E-02   
4.5827E-34   -1.3717E-02   
4.3877E-34   -1.2038E-02   
6.3916E-34   -9.8238E-03   
5.8308E-34   -7.2129E-03   
4.2768E-34   -4.0891E-03   
2.6172E-02   -4.2735E-03   
2.7307E-02   -2.7277E-03   
2.7717E-02   -2.2450E-03   
2.6523E-02   -3.7512E-03   
2.8672E-02   -1.0763E-03   
2.5586E-02   -5.1972E-03   
2.0168E-02   -4.7206E-03   
2.8408E-02   -1.4350E-03   
2.8928E-02   -6.2292E-04   
2.8087E-02   -1.8206E-03   
2.6853E-02   -3.2999E-03   
2.8814E-02   -8.4781E-04   
2.7010E-02   -3.0969E-03   
2.5305E-02   -5.4531E-03   
2.7970E-02   -1.9571E-03   
2.8503E-02   -1.3129E-03   
2.9058E-02   -1.7587E-04   
9.1343E-03   -4.0557E-03   
2.4884E-02   -5.5788E-03   
2.7447E-02   -2.5592E-03   
2.7582E-02   -2.3982E-03   
2.8747E-02   -9.6119E-04   
2.2846E-02   -5.1341E-03   
2.8973E-02   -5.0946E-04   
1.5376E-02   -4.5984E-03   
2.4331E-02   -5.6075E-03   
2.8591E-02   -1.1935E-03   
2.8874E-02   -7.3523E-04   
2.5797E-02   -4.8793E-03   
2.8307E-02   -1.5600E-03   
2.8200E-02   -1.6885E-03   
2.6691E-02   -3.5176E-03   
2.5987E-02   -4.5659E-03   
2.6351E-02   -4.0028E-03   
2.7161E-02   -2.9068E-03   
2.7846E-02   -2.0984E-03   
4.9871E-03   -1.0804E-02   
4.1040E-03   -1.2646E-02   
3.2815E-03   -1.4123E-02   
2.5234E-03   -1.5235E-02   
1.8686E-03   -1.6022E-02   
1.3569E-03   -1.6559E-02   
9.8441E-04   -1.6919E-02   
7.2667E-04   -1.7160E-02   
5.5176E-04   -1.7322E-02   
2.9125E-02   -9.3952E-05   
4.3373E-04   -1.7434E-02   
2.9144E-02   -7.7663E-05   
3.5502E-04   -1.7515E-02   
2.9158E-02   -6.5223E-05   
3.0189E-04   -1.7578E-02   
2.9170E-02   -5.4735E-05   
2.5938E-04   -1.7631E-02   
2.9182E-02   -4.6189E-05   
2.2587E-04   -1.7679E-02   
2.9197E-02   -3.9244E-05   
2.0239E-04   -1.7725E-02   
2.9215E-02   -3.3719E-05   
1.8944E-04   -1.7772E-02   
2.9239E-02   -2.9453E-05   
1.8979E-04   -1.7822E-02   
2.9270E-02   -2.6272E-05   
1.9734E-04   -1.7875E-02   
2.9309E-02   -2.4000E-05   
2.0619E-04   -1.7932E-02   
2.9358E-02   -2.2535E-05   
2.1459E-04   -1.7994E-02   
2.9416E-02   -2.1776E-05   
2.2371E-04   -1.8061E-02   
2.9485E-02   -2.1577E-05   
2.3373E-04   -1.8132E-02   
2.9566E-02   -2.1766E-05   
2.4388E-04   -1.8209E-02   
2.9659E-02   -2.2095E-05   
2.5398E-04   -1.8289E-02   
2.9763E-02   -2.3018E-05   
2.6436E-04   -1.8375E-02   
2.9880E-02   -2.4176E-05   
2.7481E-04   -1.8464E-02   
3.0009E-02   -2.5805E-05   
2.8836E-04   -1.8558E-02   
3.0152E-02   -2.7271E-05   
3.0435E-04   -1.8659E-02   
3.0311E-02   -2.8318E-05   
3.1398E-04   -1.8765E-02   
3.0484E-02   -2.9364E-05   
3.2373E-04   -1.8878E-02   
3.0674E-02   -3.0245E-05   
3.4851E-04   -1.8998E-02   
3.0881E-02   -3.0497E-05   
3.6362E-04   -1.9127E-02   
3.1098E-02   -2.9454E-05   
3.6689E-04   -1.9262E-02   
3.1326E-02   -3.0515E-05   
3.8133E-04   -1.9402E-02   
3.1574E-02   -3.0202E-05   
4.0369E-04   -1.9550E-02   
2.6595E-02   -3.2934E-03   
2.8083E-02   -1.6452E-03   
2.8522E-02   -1.1594E-03   
2.5835E-02   -4.3176E-03   
2.9056E-02   -2.6803E-04   
1.7211E-02   -6.3192E-03   
2.7393E-02   -2.3618E-03   
2.8965E-02   -5.1124E-04   
2.3578E-02   -5.9649E-03   
2.5190E-02   -5.3017E-03   
2.4894E-02   -5.5870E-03   
2.7826E-02   -1.9142E-03   
2.6937E-02   -2.8845E-03   
2.8778E-02   -8.2857E-04   
2.8848E-02   -7.2220E-04   
2.7097E-02   -2.6996E-03   
2.7685E-02   -2.0557E-03   
2.8615E-02   -1.0466E-03   
2.8422E-02   -1.2752E-03   
2.6034E-02   -4.0315E-03   
2.5418E-02   -4.9594E-03   
1.1662E-02   -6.7879E-03   
2.6227E-02   -3.7666E-03   
2.7245E-02   -2.5288E-03   
2.7538E-02   -2.2040E-03   
2.8700E-02   -9.3651E-04   
2.8910E-02   -6.1671E-04   
2.6415E-02   -3.5213E-03   
2.8202E-02   -1.5177E-03   
2.4445E-02   -5.7522E-03   
2.5630E-02   -4.6266E-03   
2.8316E-02   -1.3946E-03   
2.9014E-02   -4.0062E-04   
2.1220E-02   -5.9311E-03   
2.7958E-02   -1.7776E-03   
2.6770E-02   -3.0820E-03   
5.5015E-03   -8.5118E-03   
9.0547E-03   -1.0946E-02   
7.6532E-03   -1.2589E-02   
6.1269E-03   -1.3934E-02   
4.6700E-03   -1.4967E-02   
3.4919E-03   -1.5731E-02   
2.5854E-03   -1.6290E-02   
1.9089E-03   -1.6693E-02   
2.9098E-02   -1.2186E-04   
1.4173E-03   -1.6980E-02   
1.0678E-03   -1.7184E-02   
2.9111E-02   -1.6627E-04   
8.2477E-04   -1.7332E-02   
2.9124E-02   -1.4231E-04   
6.5833E-04   -1.7442E-02   
2.9136E-02   -1.1901E-04   
5.4410E-04   -1.7526E-02   
2.9146E-02   -1.0025E-04   
4.6715E-04   -1.7595E-02   
2.9158E-02   -8.5130E-05   
4.1941E-04   -1.7656E-02   
2.9174E-02   -7.2901E-05   
3.9277E-04   -1.7714E-02   
2.9195E-02   -6.3291E-05   
3.8370E-04   -1.7774E-02   
2.9222E-02   -5.6057E-05   
3.9065E-04   -1.7834E-02   
2.9257E-02   -5.0830E-05   
4.0507E-04   -1.7894E-02   
2.9301E-02   -4.7128E-05   
4.2008E-04   -1.7954E-02   
2.9355E-02   -4.4988E-05   
4.3732E-04   -1.8018E-02   
2.9419E-02   -4.4251E-05   
4.5661E-04   -1.8087E-02   
2.9494E-02   -4.4499E-05   
4.7721E-04   -1.8161E-02   
2.9583E-02   -4.4802E-05   
4.9767E-04   -1.8240E-02   
2.9682E-02   -4.5019E-05   
5.1819E-04   -1.8323E-02   
2.9788E-02   -4.7891E-05   
5.3625E-04   -1.8410E-02   
2.9908E-02   -5.0079E-05   
5.5068E-04   -1.8500E-02   
3.0040E-02   -5.4624E-05   
5.8798E-04   -1.8592E-02   
3.0192E-02   -5.6616E-05   
6.2283E-04   -1.8695E-02   
3.0359E-02   -5.8358E-05   
6.2682E-04   -1.8805E-02   
3.0540E-02   -6.0489E-05   
6.5893E-04   -1.8914E-02   
3.0746E-02   -6.1862E-05   
7.5510E-04   -1.9039E-02   
3.0970E-02   -6.1086E-05   
7.2985E-04   -1.9182E-02   
3.1180E-02   -5.6119E-05   
7.4422E-04   -1.9316E-02   
3.1402E-02   -6.6950E-05   
7.8236E-04   -1.9456E-02   
3.1838E-02   -3.1614E-05   
2.7346E-02   -2.1706E-03   
2.7511E-02   -2.0163E-03   
2.6882E-02   -2.6845E-03   
2.7669E-02   -1.8762E-03   
2.6704E-02   -2.8726E-03   
2.4778E-02   -5.4260E-03   
2.5029E-02   -5.0575E-03   
2.5261E-02   -4.7049E-03   
2.5487E-02   -4.3783E-03   
2.5707E-02   -4.0758E-03   
2.4430E-02   -5.7500E-03   
2.5920E-02   -3.7960E-03   
2.6518E-02   -3.0771E-03   
2.7816E-02   -1.7407E-03   
2.6126E-02   -3.5374E-03   
2.6326E-02   -3.2984E-03   
2.3602E-02   -6.1083E-03   
2.7956E-02   -1.6084E-03   
2.8732E-02   -8.0914E-04   
2.8811E-02   -7.0806E-04   
2.8882E-02   -6.0971E-04   
2.8644E-02   -9.1260E-04   
2.1794E-02   -6.8004E-03   
2.8088E-02   -1.4809E-03   
2.8547E-02   -1.0186E-03   
2.8332E-02   -1.2409E-03   
2.8213E-02   -1.3585E-03   
2.8443E-02   -1.1280E-03   
1.8052E-02   -7.4284E-03   
1.4659E-02   -7.8480E-03   
2.8944E-02   -5.1193E-04   
2.9001E-02   -4.1162E-04   
2.9051E-02   -3.0836E-04   
1.0355E-02   -9.2520E-03   
1.0883E-02   -1.2027E-02   
8.5140E-03   -1.3287E-02   
6.6254E-03   -1.4298E-02   
5.1145E-03   -1.5096E-02   
3.9062E-03   -1.5726E-02   
2.9561E-03   -1.6218E-02   
2.9092E-02   -1.9875E-04   
2.2301E-03   -1.6598E-02   
1.6923E-03   -1.6889E-02   
2.9072E-02   -2.3983E-04   
1.3031E-03   -1.7111E-02   
2.9085E-02   -1.9547E-04   
1.0282E-03   -1.7281E-02   
2.9094E-02   -1.6396E-04   
8.4057E-04   -1.7415E-02   
2.9103E-02   -1.3902E-04   
7.1872E-04   -1.7523E-02   
2.9115E-02   -1.1909E-04   
6.5295E-04   -1.7610E-02   
2.9133E-02   -1.0277E-04   
6.3358E-04   -1.7685E-02   
2.9156E-02   -9.0496E-05   
6.1843E-04   -1.7765E-02   
2.9185E-02   -8.1849E-05   
6.1306E-04   -1.7840E-02   
2.9224E-02   -7.5289E-05   
6.2047E-04   -1.7905E-02   
2.9274E-02   -7.0738E-05   
6.4043E-04   -1.7970E-02   
2.9333E-02   -6.9055E-05   
6.6750E-04   -1.8036E-02   
2.9402E-02   -6.9280E-05   
7.0040E-04   -1.8108E-02   
2.9487E-02   -6.9758E-05   
7.3241E-04   -1.8184E-02   
2.9589E-02   -6.9617E-05   
7.6296E-04   -1.8266E-02   
2.9692E-02   -6.7185E-05   
7.9051E-04   -1.8353E-02   
2.9784E-02   -7.8196E-05   
8.0389E-04   -1.8444E-02   
7.9343E-04   -1.8527E-02   
9.4197E-04   -1.8737E-02   
3.0381E-02   -9.1260E-05   
1.0683E-03   -1.9108E-02   
1.1181E-03   -1.9352E-02   
3.0809E-02   -9.6229E-05   
3.2131E-02   -3.3139E-05   
2.8914E-02   -5.1254E-04   
2.8976E-02   -4.2012E-04   
2.9034E-02   -3.2495E-04   
2.7008E-02   -2.3539E-03   
2.6844E-02   -2.4951E-03   
2.4281E-02   -5.5877E-03   
2.3509E-02   -6.1222E-03   
2.5371E-02   -4.1361E-03   
2.4604E-02   -5.1756E-03   
2.5603E-02   -3.8402E-03   
2.4878E-02   -4.8001E-03   
2.6658E-02   -2.6719E-03   
2.7668E-02   -1.7120E-03   
2.5132E-02   -4.4551E-03   
2.8677E-02   -7.8951E-04   
2.8577E-02   -8.8969E-04   
2.5828E-02   -3.5670E-03   
2.6046E-02   -3.3150E-03   
2.8231E-02   -1.2106E-03   
2.8354E-02   -1.0995E-03   
2.8768E-02   -6.9143E-04   
2.1457E-02   -7.0661E-03   
2.8846E-02   -6.0079E-04   
2.6462E-02   -2.8686E-03   
2.8101E-02   -1.3275E-03   
2.6258E-02   -3.0829E-03   
2.8470E-02   -9.9278E-04   
2.7819E-02   -1.5784E-03   
2.7963E-02   -1.4502E-03   
1.2851E-02   -1.1191E-02   
1.0480E-02   -1.2391E-02   
8.5255E-03   -1.3353E-02   
6.8510E-03   -1.4175E-02   
5.4290E-03   -1.4882E-02   
4.2537E-03   -1.5483E-02   
3.3112E-03   -1.5983E-02   
2.5746E-03   -1.6392E-02   
2.9075E-02   -2.4664E-04   
2.9021E-02   -2.8424E-04   
2.0164E-03   -1.6723E-02   
2.9027E-02   -2.3994E-04   
1.6036E-03   -1.6990E-02   
2.9034E-02   -2.0244E-04   
1.3049E-03   -1.7206E-02   
2.9042E-02   -1.7337E-04   
1.1010E-03   -1.7379E-02   
2.9054E-02   -1.5022E-04   
9.8747E-04   -1.7510E-02   
2.9075E-02   -1.3023E-04   
9.9077E-04   -1.7598E-02   
2.9099E-02   -1.1802E-04   
9.0302E-04   -1.7724E-02   
2.9129E-02   -1.0887E-04   
8.6902E-04   -1.7815E-02   
2.9176E-02   -1.0101E-04   
8.6008E-04   -1.7902E-02   
2.9232E-02   -9.6056E-05   
9.1372E-04   -1.8045E-02   
1.0671E-03   -1.8489E-02   
2.9366E-02   -9.8441E-05   
9.6192E-04   -1.8120E-02   
1.0015E-03   -1.8202E-02   
1.0783E-03   -1.8385E-02   
2.9923E-02   -7.5422E-05   
3.0230E-02   -8.4785E-05   
3.0389E-02   -1.3030E-04   
2.9468E-02   -9.9205E-05   
1.4781E-03   -1.9247E-02   
3.0609E-02   -1.3340E-04   
1.1127E-03   -1.9008E-02   
2.9703E-02   -1.1277E-04   
1.2963E-03   -1.8670E-02   
2.9004E-02   -3.4212E-04   
2.8937E-02   -4.3425E-04   
2.8877E-02   -5.1556E-04   
2.7369E-02   -1.8153E-03   
2.7336E-02   -1.9805E-03   
2.7511E-02   -1.6908E-03   
2.6641E-02   -2.4788E-03   
2.8714E-02   -6.7576E-04   
2.4095E-02   -5.3213E-03   
2.8808E-02   -5.8160E-04   
2.3346E-02   -5.9404E-03   
2.1393E-02   -7.0637E-03   
2.4459E-02   -4.9092E-03   
2.5279E-02   -3.8995E-03   
2.5027E-02   -4.2121E-03   
2.6427E-02   -2.6678E-03   
2.4758E-02   -4.5467E-03   
2.5522E-02   -3.6108E-03   
2.7672E-02   -1.5559E-03   
2.8256E-02   -1.0745E-03   
2.8612E-02   -7.7189E-04   
2.5759E-02   -3.3446E-03   
2.8383E-02   -9.6971E-04   
2.8502E-02   -8.6928E-04   
2.8121E-02   -1.1853E-03   
2.5988E-02   -3.0997E-03   
2.6211E-02   -2.8748E-03   
2.7978E-02   -1.3024E-03   
2.7828E-02   -1.4262E-03   
1.5862E-02   -9.5737E-03   
1.4298E-02   -1.0460E-02   
1.2330E-02   -1.1339E-02   
1.0469E-02   -1.2203E-02   
8.7525E-03   -1.3024E-02   
7.2186E-03   -1.3791E-02   
5.8846E-03   -1.4489E-02   
4.7523E-03   -1.5106E-02   
3.8263E-03   -1.5643E-02   
2.8941E-02   -3.3684E-04   
3.0881E-03   -1.6099E-02   
2.8953E-02   -2.7661E-04   
2.5152E-03   -1.6480E-02   
2.0664E-03   -1.6804E-02   
2.8957E-02   -2.3659E-04   
2.8961E-02   -2.0597E-04   
1.6971E-03   -1.7090E-02   
2.8967E-02   -1.8230E-04   
1.3214E-03   -1.7508E-02   
2.9007E-02   -1.5277E-04   
1.2640E-03   -1.7613E-02   
2.9116E-02   -1.2895E-04   
2.9058E-02   -1.3787E-04   
1.2119E-03   -1.7744E-02   
1.2357E-03   -1.8012E-02   
8.6929E-04   -1.7977E-02   
1.2605E-03   -1.8112E-02   
1.3045E-03   -1.8206E-02   
1.3744E-03   -1.9041E-02   
1.3487E-03   -1.8930E-02   
1.3585E-03   -1.8306E-02   
2.9314E-02   -1.3369E-04   
2.9846E-02   -1.0366E-04   
2.9553E-02   -1.4184E-04   
3.0170E-02   -1.2350E-04   
2.9428E-02   -1.3517E-04   
2.9291E-02   -9.6943E-05   
1.4282E-03   -1.8418E-02   
1.2516E-03   -1.8809E-02   
1.3518E-03   -1.8546E-02   
3.0840E-02   -1.3535E-04   
1.4135E-03   -1.9375E-02   
1.3346E-03   -1.9144E-02   
3.0392E-02   -1.7414E-04   
2.7158E-02   -1.8998E-03   
2.8958E-02   -3.6946E-04   
2.8753E-02   -5.7150E-04   
2.3979E-02   -5.0345E-03   
2.8647E-02   -6.6582E-04   
2.3275E-02   -5.5924E-03   
1.8761E-02   -8.2850E-03   
2.6414E-02   -2.4709E-03   
2.4945E-02   -3.9757E-03   
2.4663E-02   -4.3057E-03   
2.4362E-02   -4.6519E-03   
2.7515E-02   -1.5476E-03   
2.5212E-02   -3.6691E-03   
2.8287E-02   -9.4995E-04   
2.5466E-02   -3.3876E-03   
2.8416E-02   -8.5172E-04   
2.8536E-02   -7.5769E-04   
2.8149E-02   -1.0543E-03   
2.5713E-02   -3.1287E-03   
2.6185E-02   -2.6733E-03   
2.7684E-02   -1.4108E-03   
2.8002E-02   -1.1656E-03   
2.5953E-02   -2.8916E-03   
2.7846E-02   -1.2844E-03   
1.7773E-02   -8.6174E-03   
1.6093E-02   -9.2844E-03   
2.6892E-02   -2.0966E-03   
1.4322E-02   -1.0066E-02   
2.6649E-02   -2.2798E-03   
1.2544E-02   -1.0878E-02   
1.0862E-02   -1.1690E-02   
9.2949E-03   -1.2484E-02   
7.8586E-03   -1.3242E-02   
6.5951E-03   -1.3957E-02   
5.5067E-03   -1.4604E-02   
2.0624E-03   -1.7112E-02   
2.8865E-02   -3.5568E-04   
4.6023E-03   -1.5172E-02   
3.8582E-03   -1.5672E-02   
2.8866E-02   -3.0806E-04   
3.2130E-03   -1.6140E-02   
2.8864E-02   -2.7041E-04   
2.8861E-02   -2.4199E-04   
1.4595E-03   -1.7294E-02   
2.8922E-02   -1.8196E-04   
1.8831E-03   -1.7350E-02   
1.4545E-03   -1.7829E-02   
2.9727E-02   -1.4737E-04   
2.9362E-02   -1.7871E-04   
2.9051E-02   -1.6157E-04   
1.6414E-03   -1.8053E-02   
2.8975E-02   -1.6992E-04   
1.6979E-03   -1.8163E-02   
1.1464E-03   -1.7874E-02   
1.6593E-03   -1.9095E-02   
1.7295E-03   -1.8276E-02   
2.9941E-02   -1.4002E-04   
1.6586E-03   -1.8602E-02   
1.6234E-03   -1.8722E-02   
2.9207E-02   -1.3486E-04   
1.6944E-03   -1.8961E-02   
1.6200E-03   -1.7939E-02   
2.9249E-02   -1.7463E-04   
3.0619E-02   -1.7658E-04   
3.0184E-02   -1.6899E-04   
2.8775E-02   -4.8966E-04   
2.8675E-02   -5.7574E-04   
2.8868E-02   -4.5854E-04   
2.1902E-02   -6.1410E-03   
2.3974E-02   -4.7666E-03   
2.7342E-02   -1.5480E-03   
2.4586E-02   -4.0733E-03   
2.8567E-02   -6.6102E-04   
2.4265E-02   -4.4269E-03   
2.4886E-02   -3.7453E-03   
1.6671E-02   -9.3252E-03   
2.5166E-02   -3.4447E-03   
2.6179E-02   -2.4780E-03   
2.8183E-02   -9.3450E-04   
2.8449E-02   -7.4817E-04   
2.8322E-02   -8.3862E-04   
2.7528E-02   -1.4047E-03   
2.5432E-02   -3.1705E-03   
2.8032E-02   -1.0395E-03   
2.5689E-02   -2.9200E-03   
2.5938E-02   -2.6903E-03   
2.7704E-02   -1.2737E-03   
2.7872E-02   -1.1526E-03   
2.6424E-02   -2.2773E-03   
1.9538E-02   -7.4009E-03   
1.8000E-02   -8.0231E-03   
1.6289E-02   -8.7526E-03   
2.1274E-02   -6.8126E-03   
1.4677E-02   -9.4873E-03   
2.6671E-02   -2.0853E-03   
2.6917E-02   -1.8982E-03   
1.3113E-02   -1.0235E-02   
2.8848E-02   -4.1229E-04   
2.7143E-02   -1.7167E-03   
1.1591E-02   -1.0996E-02   
1.0165E-02   -1.1775E-02   
7.6399E-03   -1.3254E-02   
2.8775E-02   -3.8444E-04   
6.6076E-03   -1.3915E-02   
5.7431E-03   -1.4511E-02   
2.8761E-02   -3.4400E-04   
2.8752E-02   -3.0744E-04   
3.2529E-03   -1.6277E-02   
1.7482E-03   -1.7562E-02   
2.8815E-02   -2.1846E-04   
2.9147E-02   -1.7350E-04   
2.1599E-03   -1.7899E-02   
2.4846E-03   -1.6678E-02   
2.9485E-02   -1.8709E-04   
3.2970E-03   -1.6392E-02   
2.9162E-02   -2.2246E-04   
1.6794E-03   -1.7812E-02   
1.9736E-03   -1.8654E-02   
2.1093E-03   -1.7777E-02   
1.8130E-03   -1.8352E-02   
2.9062E-02   -1.7767E-04   
3.0012E-02   -1.6577E-04   
2.8867E-02   -2.1058E-04   
1.7161E-03   -1.8475E-02   
1.6418E-03   -1.8841E-02   
3.0161E-02   -2.1852E-04   
3.0834E-02   -1.7577E-04   
1.7473E-03   -1.9339E-02   
2.1156E-03   -1.8997E-02   
2.9888E-02   -1.1926E-04   
2.8590E-02   -5.8120E-04   
2.3729E-02   -4.6362E-03   
2.6194E-02   -2.2891E-03   
2.4187E-02   -4.1983E-03   
2.4535E-02   -3.8421E-03   
2.8478E-02   -6.6214E-04   
2.4849E-02   -3.5205E-03   
2.7360E-02   -1.4075E-03   
2.8222E-02   -8.2719E-04   
2.8358E-02   -7.4273E-04   
2.5144E-02   -3.2272E-03   
2.8070E-02   -9.2420E-04   
2.5942E-02   -2.4965E-03   
2.5422E-02   -2.9608E-03   
2.7552E-02   -1.2712E-03   
2.5687E-02   -2.7187E-03   
2.7907E-02   -1.0307E-03   
2.7734E-02   -1.1464E-03   
2.1294E-02   -6.2158E-03   
1.9421E-02   -6.9843E-03   
2.8779E-02   -4.3040E-04   
1.8094E-02   -7.5289E-03   
2.6935E-02   -1.7253E-03   
2.6448E-02   -2.0916E-03   
2.7156E-02   -1.5587E-03   
1.6761E-02   -8.0996E-03   
1.5378E-02   -8.7265E-03   
2.6697E-02   -1.9039E-03   
1.4034E-02   -9.4178E-03   
1.2707E-02   -1.0125E-02   
1.1436E-02   -1.0848E-02   
2.8745E-02   -2.7998E-04   
1.0281E-02   -1.1547E-02   
4.9100E-03   -1.5112E-02   
9.3251E-03   -1.2160E-02   
2.8649E-02   -4.3376E-04   
2.8973E-02   -2.1651E-04   
2.8636E-02   -3.8396E-04   
3.0609E-03   -1.6665E-02   
2.2051E-03   -1.7456E-02   
2.8774E-02   -2.3270E-04   
3.8430E-03   -1.5958E-02   
2.8915E-02   -2.1269E-04   
2.9866E-03   -1.7296E-02   
2.1792E-03   -1.8302E-02   
2.1777E-03   -1.7602E-02   
2.0977E-03   -1.8209E-02   
2.8685E-02   -2.6446E-04   
2.9787E-02   -1.9463E-04   
2.4408E-03   -1.8507E-02   
2.9967E-02   -2.1034E-04   
1.9113E-03   -1.8759E-02   
3.0121E-02   -2.7539E-04   
2.1864E-03   -1.9281E-02   
3.0649E-02   -2.2755E-04   
3.1066E-02   -1.4575E-04   
2.4284E-03   -1.9105E-02   
2.9583E-02   -2.0468E-04   
2.8610E-02   -5.1163E-04   
2.3278E-02   -5.2182E-03   
2.3746E-02   -4.3345E-03   
2.4153E-02   -3.9554E-03   
2.5964E-02   -2.3111E-03   
2.4509E-02   -3.6141E-03   
2.8394E-02   -6.6762E-04   
2.8273E-02   -7.2891E-04   
2.4837E-02   -3.3023E-03   
2.1486E-02   -5.8123E-03   
2.8118E-02   -8.1754E-04   
2.7389E-02   -1.2753E-03   
2.5145E-02   -3.0176E-03   
2.5703E-02   -2.5259E-03   
2.7950E-02   -9.1809E-04   
2.5433E-02   -2.7593E-03   
2.7585E-02   -1.1460E-03   
2.7772E-02   -1.0273E-03   
2.0746E-02   -6.0186E-03   
2.6223E-02   -2.1087E-03   
2.6962E-02   -1.5704E-03   
2.7182E-02   -1.4166E-03   
1.9801E-02   -6.3347E-03   
2.6726E-02   -1.7381E-03   
1.8658E-02   -6.7813E-03   
1.7559E-02   -7.2950E-03   
2.6479E-02   -1.9176E-03   
2.8703E-02   -4.5136E-04   
1.4223E-02   -9.0219E-03   
1.6428E-02   -7.8319E-03   
2.8623E-02   -3.4941E-04   
1.5310E-02   -8.4114E-03   
2.8852E-02   -2.2792E-04   
5.9658E-03   -1.4509E-02   
8.5663E-03   -1.2669E-02   
5.6587E-03   -1.4784E-02   
1.3285E-02   -9.5780E-03   
2.8514E-02   -4.6827E-04   
2.8731E-02   -2.6160E-04   
2.8644E-02   -2.7511E-04   
4.8764E-03   -1.5400E-02   
3.3650E-03   -1.6916E-02   
2.7114E-03   -1.7907E-02   
2.9920E-02   -2.6731E-04   
2.8785E-02   -2.6434E-04   
3.6356E-03   -1.6583E-02   
2.9384E-02   -2.4100E-04   
2.6397E-03   -1.8256E-02   
2.9511E-02   -2.6077E-04   
2.3053E-03   -1.8714E-02   
3.0072E-03   -1.6832E-02   
3.0346E-02   -2.8219E-04   
2.9058E-02   -2.1897E-04   
3.1333E-02   -1.1353E-04   
2.6378E-03   -1.8939E-02   
2.2482E-02   -5.0849E-03   
2.8492E-02   -5.9287E-04   
2.3726E-02   -4.0882E-03   
2.4146E-02   -3.7210E-03   
2.4514E-02   -3.3927E-03   
2.5735E-02   -2.3424E-03   
2.8359E-02   -6.2347E-04   
2.3233E-02   -4.7233E-03   
2.8177E-02   -7.1581E-04   
2.6000E-02   -2.1346E-03   
2.4853E-02   -3.0906E-03   
2.8001E-02   -8.1395E-04   
2.5171E-02   -2.8142E-03   
2.5464E-02   -2.5657E-03   
2.7428E-02   -1.1510E-03   
2.7819E-02   -9.1658E-04   
2.7627E-02   -1.0280E-03   
2.2144E-02   -4.9993E-03   
2.6763E-02   -1.5865E-03   
2.7218E-02   -1.2850E-03   
2.6997E-02   -1.4297E-03   
2.8751E-02   -2.5311E-04   
2.1085E-02   -5.3704E-03   
2.6261E-02   -1.9393E-03   
2.0309E-02   -5.6732E-03   
2.6517E-02   -1.7565E-03   
2.8496E-02   -4.2785E-04   
1.7711E-02   -6.8282E-03   
1.9461E-02   -5.9980E-03   
1.6882E-02   -7.2736E-03   
1.8592E-02   -6.3857E-03   
8.9621E-03   -1.2581E-02   
2.8507E-02   -5.2591E-04   
2.8608E-02   -3.2525E-04   
1.2510E-02   -1.0063E-02   
2.9015E-02   -1.5322E-04   
6.3663E-03   -1.4626E-02   
2.8613E-02   -2.9278E-04   
2.8946E-02   -2.7365E-04   
2.8854E-02   -2.6871E-04   
2.8580E-02   -3.2010E-04   
2.8533E-02   -3.1998E-04   
2.9238E-02   -3.0394E-04   
2.8494E-02   -3.2644E-04   
3.8619E-03   -1.6340E-02   
5.4235E-03   -1.5589E-02   
8.1117E-03   -1.3048E-02   
9.1273E-03   -1.2385E-02   
3.7099E-03   -1.7132E-02   
2.9520E-02   -3.1132E-04   
2.9588E-03   -1.7918E-02   
5.1636E-03   -1.5335E-02   
3.0071E-02   -3.3933E-04   
2.4244E-03   -1.8840E-02   
3.1670E-02   -5.7631E-05   
3.1981E-03   -1.8121E-02   
3.1288E-02   -1.5943E-04   
2.9863E-02   -3.3128E-04   
2.9277E-02   -2.2753E-04   
2.9010E-03   -1.8432E-02   
2.3172E-02   -4.5408E-03   
2.3751E-02   -3.8445E-03   
2.4179E-02   -3.4964E-03   
2.5780E-02   -2.1687E-03   
2.8240E-02   -6.1483E-04   
2.4545E-02   -3.1796E-03   
2.5509E-02   -2.3818E-03   
2.8055E-02   -7.1946E-04   
2.4895E-02   -2.8834E-03   
2.5216E-02   -2.6181E-03   
2.7874E-02   -8.1433E-04   
2.6807E-02   -1.4481E-03   
2.7471E-02   -1.0346E-03   
2.7678E-02   -9.1733E-04   
2.7259E-02   -1.1641E-03   
2.2483E-02   -4.5816E-03   
2.7039E-02   -1.3009E-03   
2.8400E-02   -5.4663E-04   
2.6045E-02   -1.9690E-03   
2.6562E-02   -1.6084E-03   
2.2155E-02   -4.6097E-03   
2.6306E-02   -1.7821E-03   
2.1611E-02   -4.7279E-03   
1.9758E-02   -5.4719E-03   
2.0393E-02   -5.1812E-03   
2.8369E-02   -5.1358E-04   
2.1015E-02   -4.9269E-03   
2.8475E-02   -3.9780E-04   
2.8877E-02   -1.9988E-04   
1.6093E-02   -7.7363E-03   
2.8464E-02   -3.3996E-04   
2.8364E-02   -3.8471E-04   
9.5594E-03   -1.2065E-02   
2.8578E-02   -3.1891E-04   
2.8325E-02   -3.8752E-04   
2.8410E-02   -3.8889E-04   
8.8098E-03   -1.2981E-02   
2.9063E-02   -2.7706E-04   
2.8713E-02   -3.3218E-04   
1.2038E-02   -1.0406E-02   
2.8974E-02   -3.4320E-04   
4.3129E-03   -1.6984E-02   
3.3442E-03   -1.7198E-02   
9.0937E-03   -1.2871E-02   
9.5899E-03   -1.2317E-02   
2.9796E-02   -4.0265E-04   
3.0290E-02   -3.4763E-04   
3.8581E-03   -1.7542E-02   
2.8235E-03   -1.8618E-02   
3.1517E-02   -1.2988E-04   
3.6959E-03   -1.7940E-02   
2.3182E-02   -4.2781E-03   
2.3856E-02   -3.6077E-03   
2.5563E-02   -2.2100E-03   
2.4208E-02   -3.2936E-03   
2.8090E-02   -6.5029E-04   
2.5833E-02   -2.0060E-03   
2.4597E-02   -2.9715E-03   
2.5273E-02   -2.4335E-03   
2.7934E-02   -7.2419E-04   
2.6857E-02   -1.3225E-03   
2.4951E-02   -2.6861E-03   
2.6614E-02   -1.4729E-03   
2.3264E-02   -3.9930E-03   
2.7748E-02   -8.1608E-04   
2.7302E-02   -1.0566E-03   
2.7085E-02   -1.1850E-03   
2.2923E-02   -3.9727E-03   
2.6359E-02   -1.6374E-03   
2.6098E-02   -1.8153E-03   
2.8338E-02   -4.7866E-04   
2.8446E-02   -3.5884E-04   
2.1754E-02   -4.2550E-03   
2.2540E-02   -4.0352E-03   
1.2798E-02   -9.8858E-03   
2.2157E-02   -4.1287E-03   
2.8452E-02   -3.7770E-04   
1.9105E-02   -5.8109E-03   
1.2694E-02   -1.0267E-02   
2.8140E-02   -4.5870E-04   
1.5297E-02   -8.2558E-03   
2.8177E-02   -4.6049E-04   
2.8293E-02   -3.9759E-04   
2.8466E-02   -3.9861E-04   
1.1151E-02   -1.1277E-02   
4.9384E-03   -1.7178E-02   
9.9319E-03   -1.2510E-02   
2.9050E-02   -3.7988E-04   
2.8819E-02   -3.3888E-04   
3.0233E-02   -4.1642E-04   
1.2807E-02   -1.0037E-02   
3.5310E-03   -1.8176E-02   
2.9590E-02   -3.9396E-04   
3.0564E-02   -2.9358E-04   
6.6283E-03   -1.5459E-02   
6.8175E-03   -1.4840E-02   
6.7212E-03   -1.5137E-02   
2.9718E-02   -4.8245E-04   
2.8203E-02   -5.6791E-04   
2.5624E-02   -2.0505E-03   
2.5339E-02   -2.2625E-03   
2.3750E-02   -3.4850E-03   
2.7650E-02   -8.1491E-04   
2.8278E-02   -4.3374E-04   
2.4261E-02   -3.0867E-03   
2.6673E-02   -1.3500E-03   
2.8007E-02   -6.3658E-04   
2.6912E-02   -1.2098E-03   
2.7815E-02   -7.3341E-04   
2.4660E-02   -2.7738E-03   
2.6419E-02   -1.5050E-03   
2.5893E-02   -1.8555E-03   
2.6158E-02   -1.6739E-03   
2.3419E-02   -3.5258E-03   
2.7328E-02   -9.8011E-04   
2.7137E-02   -1.0836E-03   
2.2953E-02   -3.5443E-03   
2.3183E-02   -3.5304E-03   
1.8253E-02   -6.3111E-03   
2.1328E-02   -4.4247E-03   
2.8306E-02   -4.5273E-04   
1.6575E-02   -7.4899E-03   
2.8272E-02   -4.1491E-04   
2.7940E-02   -5.4049E-04   
1.4307E-02   -9.0720E-03   
2.8107E-02   -4.6495E-04   
2.8217E-02   -4.7028E-04   
2.9381E-02   -3.8405E-04   
2.8547E-02   -4.0949E-04   
1.3775E-02   -9.7095E-03   
1.6685E-02   -7.3162E-03   
1.2385E-02   -1.0191E-02   
2.9304E-02   -3.4054E-04   
2.8786E-02   -4.3581E-04   
1.1229E-02   -1.1722E-02   
4.5499E-03   -1.7712E-02   
7.8128E-03   -1.4943E-02   
1.5952E-02   -7.9568E-03   
2.9669E-02   -3.2190E-04   
2.9953E-02   -4.8333E-04   
3.0508E-02   -3.5584E-04   
3.0804E-02   -2.5337E-04   
1.0443E-02   -1.2433E-02   
1.0328E-02   -1.2862E-02   
2.7686E-02   -7.5402E-04   
2.5093E-02   -2.3339E-03   
2.5400E-02   -2.1093E-03   
2.8114E-02   -5.1701E-04   
2.7213E-02   -9.8671E-04   
2.6980E-02   -1.1073E-03   
2.7852E-02   -6.7834E-04   
2.5686E-02   -1.9051E-03   
2.6740E-02   -1.2390E-03   
2.6487E-02   -1.3845E-03   
2.4750E-02   -2.5846E-03   
2.6226E-02   -1.5444E-03   
2.5959E-02   -1.7175E-03   
2.3935E-02   -3.2129E-03   
2.3821E-02   -3.1607E-03   
2.3677E-02   -3.1235E-03   
2.2717E-02   -3.5843E-03   
2.0805E-02   -4.6869E-03   
2.4319E-02   -2.8858E-03   
2.8159E-02   -5.3820E-04   
2.7881E-02   -5.5280E-04   
2.7465E-02   -8.6935E-04   
2.7906E-02   -5.4284E-04   
1.7818E-02   -6.6003E-03   
1.6541E-02   -7.3717E-03   
1.4956E-02   -9.1156E-03   
2.7976E-02   -5.4623E-04   
2.0068E-02   -5.1295E-03   
2.8050E-02   -5.1037E-04   
1.7825E-02   -6.8023E-03   
2.8258E-02   -4.9057E-04   
1.9001E-02   -5.8645E-03   
2.8892E-02   -4.5316E-04   
2.9145E-02   -4.6169E-04   
2.8663E-02   -4.1952E-04   
3.1032E-02   -2.4976E-04   
1.4622E-02   -9.6755E-03   
1.4689E-02   -9.4605E-03   
9.1687E-03   -1.4136E-02   
2.9664E-02   -5.6406E-04   
4.2854E-03   -1.8095E-02   
3.0165E-02   -4.8854E-04   
3.0783E-02   -3.0277E-04   
2.7771E-02   -6.7874E-04   
2.5149E-02   -2.1915E-03   
2.4820E-02   -2.4305E-03   
2.7061E-02   -1.0121E-03   
2.7968E-02   -6.0336E-04   
2.6817E-02   -1.1381E-03   
2.5461E-02   -1.9719E-03   
2.6566E-02   -1.2749E-03   
2.5755E-02   -1.7721E-03   
2.6303E-02   -1.4260E-03   
2.4173E-02   -2.8469E-03   
2.6032E-02   -1.5916E-03   
2.3550E-02   -3.0933E-03   
2.7547E-02   -7.7768E-04   
2.7664E-02   -6.3794E-04   
2.4519E-02   -2.6562E-03   
2.2066E-02   -3.8597E-03   
2.3418E-02   -3.0842E-03   
2.0543E-02   -4.7825E-03   
2.7306E-02   -8.9229E-04   
2.7700E-02   -6.2866E-04   
2.8865E-02   -5.1679E-04   
2.7899E-02   -5.9625E-04   
2.7737E-02   -6.2880E-04   
2.0432E-02   -4.8724E-03   
2.8002E-02   -5.6370E-04   
2.8347E-02   -5.0555E-04   
2.7856E-02   -5.7291E-04   
1.8614E-02   -6.7562E-03   
1.9895E-02   -5.2973E-03   
2.0821E-02   -4.8508E-03   
2.9109E-02   -4.2020E-04   
3.1068E-02   -3.1109E-04   
1.8907E-02   -6.4211E-03   
2.8490E-02   -5.1422E-04   
2.9032E-02   -5.3804E-04   
2.9355E-02   -6.6896E-04   
1.5227E-02   -9.3600E-03   
1.3443E-02   -1.0836E-02   
2.9346E-02   -5.7960E-04   
3.1237E-02   -2.0315E-04   
3.0459E-02   -4.2166E-04   
3.2192E-03   -1.8729E-02   
1.4593E-02   -9.2848E-03   
2.4855E-02   -2.3111E-03   
2.4504E-02   -2.5730E-03   
2.6906E-02   -1.0463E-03   
2.7652E-02   -6.9258E-04   
2.6653E-02   -1.1762E-03   
2.5531E-02   -1.8466E-03   
2.4096E-02   -2.7872E-03   
2.6390E-02   -1.3194E-03   
2.3254E-02   -3.1229E-03   
2.5833E-02   -1.6516E-03   
2.1487E-02   -4.1663E-03   
2.6116E-02   -1.4777E-03   
2.7154E-02   -9.2439E-04   
2.4039E-02   -2.7274E-03   
2.7439E-02   -7.3315E-04   
2.7822E-02   -6.0480E-04   
2.7397E-02   -8.1028E-04   
2.7642E-02   -6.5250E-04   
2.7524E-02   -7.0811E-04   
2.7776E-02   -6.3523E-04   
2.1791E-02   -4.4999E-03   
2.1865E-02   -3.9746E-03   
2.0782E-02   -4.9740E-03   
2.0918E-02   -4.7316E-03   
2.8506E-02   -6.1907E-04   
3.0371E-02   -4.9021E-04   
1.0184E-02   -1.3535E-02   
2.2340E-02   -3.6265E-03   
1.8655E-02   -6.4605E-03   
2.8326E-02   -6.1494E-04   
2.9227E-02   -5.3693E-04   
3.1306E-02   -2.3740E-04   
3.0751E-02   -4.2685E-04   
2.9385E-02   -7.4277E-04   
1.8159E-02   -7.4729E-03   
3.7896E-03   -1.8604E-02   
2.8154E-02   -6.1397E-04   
2.8648E-03   -1.8751E-02   
2.6751E-02   -1.0887E-03   
2.7639E-02   -6.6969E-04   
2.7005E-02   -9.6460E-04   
2.6489E-02   -1.2238E-03   
2.5615E-02   -1.7306E-03   
2.4498E-02   -2.4816E-03   
1.9242E-02   -5.6246E-03   
2.2984E-02   -3.2328E-03   
2.7254E-02   -8.4791E-04   
2.3991E-02   -2.6818E-03   
2.7409E-02   -7.4661E-04   
2.5202E-02   -2.0672E-03   
2.5924E-02   -1.5419E-03   
2.2059E-02   -4.1782E-03   
2.2701E-02   -3.5963E-03   
2.7517E-02   -7.2717E-04   
2.2355E-02   -3.7327E-03   
2.2615E-02   -3.4689E-03   
2.2378E-02   -3.6341E-03   
2.1654E-02   -4.1514E-03   
2.2948E-02   -3.4742E-03   
2.1178E-02   -5.0149E-03   
2.8692E-02   -6.3037E-04   
3.0050E-02   -5.7989E-04   
2.8156E-02   -7.2441E-04   
2.7127E-02   -8.6842E-04   
2.7806E-02   -7.3405E-04   
2.8919E-02   -6.4446E-04   
1.5464E-02   -9.7762E-03   
6.7588E-03   -1.6037E-02   
2.7985E-02   -7.2349E-04   
2.9501E-02   -4.7435E-04   
1.8786E-02   -7.2312E-03   
1.7772E-02   -7.6377E-03   
2.9711E-02   -7.0498E-04   
2.9044E-02   -7.9240E-04   
2.6861E-02   -1.0118E-03   
2.6609E-02   -1.1348E-03   
2.7389E-02   -7.6697E-04   
2.3879E-02   -2.6884E-03   
2.7466E-02   -7.5478E-04   
2.7112E-02   -8.9328E-04   
2.6332E-02   -1.2769E-03   
2.4517E-02   -2.3885E-03   
2.5718E-02   -1.6238E-03   
2.6033E-02   -1.4419E-03   
2.4036E-02   -2.7423E-03   
2.3766E-02   -2.8675E-03   
2.4895E-02   -2.2011E-03   
2.3340E-02   -3.0093E-03   
2.3660E-02   -2.8183E-03   
2.3548E-02   -2.8716E-03   
2.5272E-02   -1.9485E-03   
2.7594E-02   -7.2866E-04   
2.6875E-02   -9.8729E-04   
2.7646E-02   -8.4213E-04   
2.3240E-02   -3.1089E-03   
2.7566E-02   -7.8687E-04   
2.0993E-02   -5.4018E-03   
2.8324E-02   -7.3432E-04   
2.3629E-02   -3.3175E-03   
1.0622E-02   -1.2806E-02   
1.9730E-02   -6.6650E-03   
2.7240E-02   -8.5479E-04   
2.7807E-02   -8.3858E-04   
2.4175E-02   -2.7693E-03   
2.1480E-02   -5.1889E-03   
1.0874E-02   -1.3296E-02   
2.9093E-02   -8.6424E-04   
3.0065E-02   -6.6913E-04   
2.6745E-02   -1.0556E-03   
2.6972E-02   -9.4553E-04   
2.5373E-02   -1.8312E-03   
2.4071E-02   -2.5508E-03   
2.5838E-02   -1.5284E-03   
2.4230E-02   -2.4847E-03   
2.4575E-02   -2.2767E-03   
2.6911E-02   -9.8638E-04   
2.4969E-02   -2.0846E-03   
2.4451E-02   -2.3301E-03   
2.7832E-02   -6.3723E-04   
2.6163E-02   -1.3478E-03   
2.7201E-02   -8.4123E-04   
2.4455E-02   -2.3897E-03   
2.7465E-02   -9.6068E-04   
2.4697E-02   -2.2943E-03   
2.7511E-02   -8.5157E-04   
6.9328E-03   -1.5456E-02   
2.1182E-02   -5.7514E-03   
2.7965E-02   -8.4528E-04   
6.6533E-03   -1.6258E-02   
2.5198E-02   -2.1999E-03   
2.3207E-02   -3.7855E-03   
2.7256E-02   -8.8611E-04   
2.8495E-02   -7.5268E-04   
1.1454E-02   -1.2934E-02   
2.4984E-02   -2.4247E-03   
2.3663E-02   -3.6147E-03   
1.6657E-02   -9.0088E-03   
2.8728E-02   -9.2845E-04   
2.4341E-02   -2.5807E-03   
3.0446E-02   -6.2632E-04   
2.5500E-02   -1.7238E-03   
2.4930E-02   -2.0709E-03   
2.6506E-02   -1.1673E-03   
2.5113E-02   -1.9544E-03   
2.6593E-02   -1.1269E-03   
2.4913E-02   -2.1988E-03   
2.4103E-02   -2.5635E-03   
2.7762E-02   -9.7599E-04   
2.5957E-02   -1.4484E-03   
2.5119E-02   -2.0026E-03   
2.4895E-02   -2.0712E-03   
2.6928E-02   -1.0083E-03   
2.7612E-02   -9.6500E-04   
2.6806E-02   -1.0183E-03   
2.4418E-02   -2.3410E-03   
2.7253E-02   -9.3342E-04   
1.8102E-02   -7.2113E-03   
2.5075E-02   -2.1817E-03   
2.4883E-02   -2.6413E-03   
2.4923E-02   -2.7041E-03   
2.3997E-02   -3.5385E-03   
2.4213E-02   -3.6567E-03   
2.8778E-02   -1.0165E-03   
7.1243E-03   -1.6256E-02   
2.8275E-02   -8.8407E-04   
3.0762E-02   -5.1534E-04   
2.5626E-02   -1.6334E-03   
2.5271E-02   -1.8420E-03   
2.6305E-02   -1.2627E-03   
2.5444E-02   -1.7842E-03   
2.6600E-02   -1.1442E-03   
2.7279E-02   -9.7889E-04   
2.6941E-02   -1.0426E-03   
2.5307E-02   -1.9364E-03   
2.7411E-02   -1.0998E-03   
2.7267E-02   -1.0906E-03   
2.8392E-02   -9.8258E-04   
2.7914E-02   -9.9555E-04   
2.5768E-02   -2.2416E-03   
2.5623E-02   -2.1671E-03   
2.4724E-02   -2.1781E-03   
2.8635E-02   -7.8921E-04   
2.9413E-02   -8.0540E-04   
2.8320E-02   -1.2083E-03   
2.4980E-02   -3.0216E-03   
2.3332E-02   -4.4924E-03   
2.5618E-02   -2.5118E-03   
2.5648E-02   -1.8903E-03   
1.1653E-02   -1.3186E-02   
3.0806E-02   -5.8770E-04   
2.5393E-02   -1.7571E-03   
2.6616E-02   -1.1097E-03   
2.4997E-02   -1.9948E-03   
2.6034E-02   -1.4059E-03   
2.7011E-02   -1.2576E-03   
2.6257E-02   -1.2999E-03   
2.5736E-02   -1.5643E-03   
2.6610E-02   -1.1739E-03   
2.5608E-02   -1.7346E-03   
2.6939E-02   -1.1433E-03   
2.5785E-02   -1.6916E-03   
2.6934E-02   -1.2064E-03   
2.8704E-02   -8.4963E-04   
2.7564E-02   -1.1112E-03   
2.8080E-02   -1.0240E-03   
2.9646E-02   -8.1275E-04   
2.5677E-02   -2.0182E-03   
2.8418E-02   -9.0401E-04   
2.5777E-02   -1.8926E-03   
2.8061E-02   -1.1236E-03   
2.5326E-02   -1.8214E-03   
2.6007E-02   -1.6504E-03   
2.6027E-02   -2.2015E-03   
2.7997E-02   -1.2352E-03   
2.8712E-02   -1.1244E-03   
2.5528E-02   -2.2960E-03   
2.6007E-02   -2.3946E-03   
2.5101E-02   -3.2686E-03   
7.4291E-03   -1.6389E-02   
2.5483E-02   -1.7082E-03   
2.6020E-02   -1.5274E-03   
2.5891E-02   -1.4888E-03   
2.6294E-02   -1.3071E-03   
2.6095E-02   -1.7882E-03   
2.5843E-02   -1.5764E-03   
2.6633E-02   -1.3747E-03   
2.7264E-02   -1.2162E-03   
2.6195E-02   -2.5769E-03   
2.7714E-02   -1.2689E-03   
2.4993E-02   -1.9938E-03   
2.6135E-02   -1.6786E-03   
2.7700E-02   -1.1355E-03   
2.6644E-02   -1.2012E-03   
2.6590E-02   -1.3197E-03   
2.6320E-02   -1.9848E-03   
5.4665E-03   -1.7903E-02   
2.6290E-02   -2.1755E-03   
2.7899E-02   -1.3476E-03   
2.9001E-02   -1.0225E-03   
2.6959E-02   -1.0825E-03   
2.4706E-02   -2.1600E-03   
2.5675E-02   -1.6397E-03   
2.6194E-02   -1.4950E-03   
2.5981E-02   -1.4755E-03   
2.7345E-02   -1.2550E-03   
2.6401E-02   -1.3500E-03   
2.6342E-02   -1.5285E-03   
2.6037E-02   -1.4278E-03   
2.7571E-02   -1.5069E-03   
2.5743E-02   -1.5859E-03   
2.9318E-02   -9.6308E-04   
2.7606E-02   -1.3953E-03   
2.6104E-02   -1.9833E-03   
2.6353E-02   -1.4721E-03   
2.6601E-02   -2.3128E-03   
4.1477E-03   -1.8731E-02   
2.6706E-02   -1.2173E-03   
2.6471E-02   -1.7602E-03   
2.6994E-02   -1.3615E-03   
2.7061E-02   -1.4364E-03   
2.6616E-02   -1.7859E-03   
2.7602E-02   -1.6045E-03   
2.6385E-02   -1.6367E-03   
2.6560E-02   -2.2029E-03   
2.6656E-02   -2.3856E-03   
2.6885E-02   -1.6006E-03   
2.6408E-02   -1.7034E-03   
2.6999E-02   -2.3063E-03   
2.6776E-02   -1.8209E-03   
2.7809E-02   -1.1649E-03   
2.8054E-02   -1.4908E-03   
2.7191E-02   -1.7006E-03   
2.6691E-02   -1.5364E-03   
2.7315E-02   -1.4281E-03   
2.6512E-02   -1.9984E-03   
2.7185E-02   -1.8107E-03   
2.8485E-02   -1.2759E-03   
2.7478E-02   -2.0737E-03   
2.6881E-02   -1.8666E-03   
2.6703E-02   -1.6064E-03   
2.7079E-02   -1.9641E-03   
2.7393E-02   -1.9292E-03   
2.7898E-02   -1.7344E-03   
2.8149E-02   -1.5593E-03   
2.7672E-02   -1.9138E-03   
4.0378E-04   -1.9708E-02   
2.6954E-02   -2.1083E-03   
2.6212E-02   -2.6701E-03   
3.1557E-02   -2.3289E-04   
8.9698E-04   -1.8838E-02   
3.2442E-02   -3.0247E-05   
3.1171E-02   -5.4933E-04   
7.3431E-04   -1.9776E-02   
3.5794E-03   -1.8881E-02   
2.7555E-02   -2.1481E-03   
3.1773E-02   -1.1598E-04   
1.1199E-03   -1.9741E-02   
5.0010E-03   -1.7833E-02   
1.5857E-03   -1.9692E-02   
2.0587E-03   -1.9636E-02   
2.5265E-03   -1.9560E-02   
3.0100E-03   -1.9453E-02   
3.2747E-02   -2.7097E-05   
3.5036E-03   -1.9294E-02   
4.0368E-03   -1.9025E-02   
3.1031E-02   -4.3362E-04   
4.6798E-03   -1.8572E-02   
3.3062E-02   -2.5004E-05   
6.0705E-03   -1.7519E-02   
1.0064E-02   -1.4387E-02   
2.8457E-02   -1.3975E-03   
1.6464E-02   -9.7717E-03   
3.3398E-02   -2.2176E-05   
2.9904E-02   -5.4852E-04   
2.0045E-02   -7.4295E-03   
2.1604E-02   -5.2596E-03   
2.6657E-03   -1.9205E-02   
3.1136E-02   -3.6847E-04   
2.4228E-02   -4.8420E-03   
2.6450E-02   -3.5179E-03   
3.3746E-02   -1.8349E-05   
2.7666E-02   -2.9188E-03   
1.7172E-02   -9.0974E-03   
2.8351E-02   -2.7089E-03   
2.8861E-02   -2.6280E-03   
3.4109E-02   -1.4473E-05   
2.9457E-02   -2.4437E-03   
3.0117E-02   -2.3050E-03   
1.1775E-03   -1.9476E-02   
3.0726E-02   -2.1640E-03   
3.4532E-02   -1.1287E-05   
3.1914E-02   -7.0568E-05   
2.1331E-02   -6.0430E-03   
3.1375E-02   -1.9925E-03   
3.1989E-02   -1.8517E-03   
3.0508E-02   -6.8814E-04   
3.5007E-02   -4.5268E-06   
2.9673E-02   -8.9751E-04   
2.8965E-02   -1.1083E-03   
3.3162E-02   -1.5040E-03   
3.5457E-02   -2.1764E-04   
3.5553E-02   -2.3865E-04   
3.5549E-02   -2.8817E-05   
3.5603E-02   -5.7930E-06   
3.5492E-02   -1.1128E-04   
6.2857E-03   -1.7445E-02   
3.4395E-02   -9.6737E-04   
1.3629E-03   -1.9583E-02   
2.9909E-02   -9.0964E-04   
2.9382E-02   -1.0507E-03   
2.3972E-03   -1.9361E-02   
2.8727E-02   -1.3775E-03   
3.0938E-03   -1.9128E-02   
3.1815E-02   -1.9016E-04   
2.8118E-02   -1.7425E-03   
3.1475E-02   -4.4568E-04   
3.4431E-03   -1.9105E-02   
2.1749E-02   -5.7959E-03   
2.3515E-03   -1.9481E-02   
2.5047E-02   -3.5098E-03   
3.3480E-03   -1.9260E-02   
3.0363E-02   -7.9001E-04   
3.0553E-02   -2.0525E-03   
2.7557E-02   -2.8070E-03   
4.7209E-03   -1.8575E-02   
1.6587E-02   -9.6916E-03   
1.0531E-02   -1.4258E-02   
1.1762E-02   -1.3314E-02   
3.3211E-02   -4.8462E-05   
2.8082E-02   -2.0127E-03   
3.2042E-02   -1.0185E-04   
3.1238E-02   -6.1068E-04   
3.2601E-02   -5.3913E-05   
3.4474E-02   -2.5922E-05   
2.7131E-02   -2.3705E-03   
2.8597E-02   -2.5097E-03   
3.1342E-02   -2.6868E-04   
3.1381E-02   -3.8211E-04   
2.8437E-02   -1.4712E-03   
2.5093E-02   -3.3436E-03   
3.5296E-02   -1.1529E-06   
3.2603E-02   -1.6771E-03   
1.9985E-02   -7.3211E-03   
3.1519E-02   -1.8070E-03   
3.5590E-02   -1.3841E-04   
3.5694E-02   -2.0812E-06   
3.5666E-02   -1.4509E-05   
3.5621E-02   -6.4749E-05   
2.9548E-02   -2.2567E-03   
2.5242E-02   -3.8974E-03   
3.3899E-02   -3.3687E-05   
3.3715E-02   -1.0769E-03   
3.5057E-02   -1.4027E-05   
3.4423E-02   -8.2387E-04   
3.4870E-02   -2.7091E-04   
3.5110E-02   -2.1475E-05   
3.5017E-02   -7.4554E-05   
3.4734E-02   -5.0679E-04   
3.0217E-02   -9.1561E-04   
2.7497E-02   -2.6780E-03   
3.1937E-02   -1.4334E-04   
3.2258E-02   -1.1665E-04   
3.3012E-02   -8.0541E-05   
1.5220E-03   -1.9453E-02   
2.6866E-02   -2.5774E-03   
2.9202E-02   -1.2204E-03   
1.5573E-02   -1.0476E-02   
3.1839E-02   -2.3850E-04   
3.3693E-02   -5.9541E-05   
3.2404E-02   -1.5964E-03   
4.7312E-03   -1.8515E-02   
2.6835E-02   -2.9249E-03   
2.0087E-02   -7.2170E-03   
2.8505E-02   -2.4252E-03   
2.5687E-02   -3.2571E-03   
3.0137E-02   -2.0475E-03   
2.8583E-02   -1.6305E-03   
2.3659E-02   -4.7510E-03   
3.1056E-02   -7.2500E-04   
3.1544E-02   -5.1132E-04   
2.9083E-02   -2.2871E-03   
2.8554E-02   -1.7792E-03   
3.4090E-02   -4.6439E-05   
2.8166E-02   -2.1250E-03   
3.3351E-02   -6.9995E-05   
2.3746E-02   -4.5555E-03   
3.1688E-02   -3.0806E-04   
2.7995E-02   -2.5576E-03   
2.8978E-02   -1.4079E-03   
3.2623E-02   -8.9746E-05   
3.1759E-02   -3.5459E-04   
3.4283E-02   -4.2575E-04   
3.4638E-02   -4.8657E-05   
3.4516E-02   -1.3781E-04   
3.4724E-02   -2.4315E-05   
3.0619E-02   -7.9864E-04   
3.2958E-02   -1.3192E-03   
3.3879E-02   -8.5123E-04   
3.5003E-02   -5.5167E-05   
3.4784E-02   -4.0786E-04   
3.4866E-02   -1.5114E-04   
3.4796E-02   -1.9880E-04   
2.7884E-02   -2.4525E-03   
2.2791E-02   -5.3026E-03   
3.3809E-02   -7.7624E-05   
3.1966E-02   -1.6522E-03   
2.6478E-02   -2.9585E-03   
2.8598E-02   -1.8998E-03   
2.7766E-02   -2.3549E-03   
3.1937E-02   -4.6894E-04   
3.2467E-02   -1.3463E-04   
2.9722E-02   -2.0631E-03   
3.3166E-02   -1.0079E-04   
3.4440E-02   -2.1138E-04   
3.4656E-02   -8.1250E-05   
3.2129E-02   -3.1994E-04   
3.0067E-02   -1.0544E-03   
3.2176E-02   -2.1823E-04   
2.9543E-02   -1.2179E-03   
3.4294E-02   -3.0840E-04   
3.3180E-02   -1.0486E-03   
3.1382E-02   -7.1368E-04   
3.0733E-02   -1.8412E-03   
2.9008E-02   -1.5767E-03   
2.7289E-02   -2.4910E-03   
2.8901E-02   -2.2041E-03   
3.1084E-02   -8.0813E-04   
3.4438E-02   -4.3645E-05   
3.2872E-02   -1.2321E-03   
3.4005E-02   -6.2265E-04   
2.9880E-02   -1.8598E-03   
2.9505E-02   -1.4941E-03   
3.0957E-02   -9.2398E-04   
3.1779E-02   -6.5394E-04   
2.9296E-02   -1.9880E-03   
2.8278E-02   -2.2285E-03   
3.3919E-02   -9.4357E-05   
3.2589E-02   -1.2300E-03   
3.3174E-02   -1.3702E-04   
3.3580E-02   -1.1444E-04   
2.8787E-02   -2.1077E-03   
3.2400E-02   -2.3867E-04   
3.2467E-02   -1.7642E-04   
3.2230E-02   -3.7093E-04   
2.8989E-02   -1.4982E-03   
2.9069E-02   -1.8038E-03   
3.2050E-02   -5.2616E-04   
3.0909E-02   -1.6591E-03   
3.0411E-02   -1.0558E-03   
2.9912E-02   -1.2025E-03   
2.9392E-02   -1.6408E-03   
3.1385E-02   -8.6075E-04   
3.1686E-02   -7.5743E-04   
3.1152E-02   -1.8206E-03   
3.2338E-02   -4.2085E-04   
2.9174E-02   -1.8965E-03   
3.4255E-02   -7.3174E-05   
3.2771E-02   -1.8166E-04   
3.2498E-02   -2.8997E-04   
3.1964E-02   -1.4190E-03   
3.3026E-02   -1.9370E-04   
2.9823E-02   -1.3233E-03   
3.0666E-02   -1.0730E-03   
3.1734E-02   -8.3554E-04   
2.9528E-02   -1.7020E-03   
3.2893E-02   -2.5485E-04   
3.2896E-02   -1.0270E-03   
3.2192E-02   -5.6295E-04   
3.2735E-02   -3.7122E-04   
3.1713E-02   -1.6294E-03   
3.3731E-02   -1.3209E-04   
3.0068E-02   -1.3453E-03   
3.0587E-02   -1.1886E-03   
3.4391E-02   -8.6682E-05   
3.2543E-02   -5.1729E-04   
3.3934E-02   -1.4492E-04   
3.0023E-02   -1.5815E-03   
3.2937E-02   -3.0033E-04   
3.3514E-02   -1.8180E-04   
3.2851E-02   -4.1036E-04   
3.0984E-02   -1.1659E-03   
3.3208E-02   -2.0562E-04   
3.1511E-02   -1.0010E-03   
3.2288E-02   -7.2468E-04   
3.3210E-02   -3.0573E-04   
3.2428E-02   -8.0056E-04   
3.0149E-02   -1.6593E-03   
3.1878E-02   -9.8674E-04   
3.0416E-02   -1.3647E-03   
3.1349E-02   -1.1565E-03   
3.3586E-02   -2.1433E-04   
3.4317E-02   -1.2928E-04   
3.2720E-02   -8.0830E-04   
3.2271E-02   -9.5772E-04   
3.3675E-02   -2.4795E-04   
3.0534E-02   -1.4742E-03   
3.1107E-02   -1.3433E-03   
3.3452E-02   -3.1429E-04   
3.3191E-02   -7.1848E-04   
3.2187E-02   -1.1008E-03   
3.4081E-02   -1.9464E-04   
3.3410E-02   -3.7057E-04   
3.3125E-02   -8.4957E-04   
3.4246E-02   -2.1123E-04   
3.2637E-02   -1.0162E-03   
3.2970E-02   -4.5136E-04   
3.2657E-02   -5.7285E-04   
3.2825E-02   -6.2199E-04   
3.3348E-02   -5.1123E-04   
