51 
1844 
2.0626E-02   -4.8626E-03   
2.1999E-02   -3.1394E-03   
2.3017E-02   -1.9302E-03   
2.3708E-02   -9.5070E-04   
6.5888E-37   -1.0070E-03   
2.3951E-02   8.9472E-38   
2.4112E-02   -1.7399E-34   
2.4237E-02   -4.6545E-35   
2.4572E-02   1.9138E-35   
2.4916E-02   5.0257E-35   
2.5380E-02   1.3262E-34   
2.5974E-02   1.9984E-34   
2.6445E-02   2.4848E-34   
2.7267E-02   3.8184E-34   
2.7891E-02   4.5720E-34   
2.8577E-02   3.9104E-34   
2.8943E-02   6.0214E-34   
2.9719E-02   8.6652E-34   
3.0556E-02   1.2094E-33   
3.1000E-02   -3.3181E-30   
3.1000E-02   -1.3614E-34   
3.1000E-02   -1.3614E-34   
3.1000E-02   -1.3614E-34   
3.1000E-02   -1.3614E-34   
3.1000E-02   -1.3614E-34   
3.1000E-02   -1.3614E-34   
3.1000E-02   -1.3614E-34   
3.1000E-02   -1.3614E-34   
3.1000E-02   -1.3614E-34   
3.1000E-02   -1.3614E-34   
3.1000E-02   -1.3614E-34   
3.1000E-02   -1.3614E-34   
2.9740E-02   -8.0309E-04   
2.8398E-02   -1.4888E-03   
2.7775E-02   -1.7312E-03   
2.7158E-02   -1.9329E-03   
2.5928E-02   -2.2655E-03   
2.5312E-02   -2.4128E-03   
2.4072E-02   -2.7002E-03   
2.3445E-02   -2.8518E-03   
2.1665E-02   -3.5752E-03   
1.6847E-02   -6.5421E-03   
1.2813E-02   -8.9772E-03   
5.3511E-03   -1.4138E-02   
3.9376E-03   -1.5376E-02   
3.4747E-03   -1.5697E-02   
2.5858E-03   -1.6065E-02   
1.7053E-03   -1.6251E-02   
8.4140E-04   -1.6345E-02   
-2.9263E-37   -1.6370E-02   
1.3303E-33   -1.6088E-02   
1.4272E-33   -1.5810E-02   
1.3607E-33   -1.5431E-02   
1.2894E-33   -1.5210E-02   
1.1233E-33   -1.4845E-02   
1.0134E-33   -1.4630E-02   
9.1182E-34   -1.4420E-02   
7.9523E-34   -1.4250E-02   
6.5128E-34   -1.3650E-02   
1.8178E-02   -4.6997E-03   
3.0443E-02   -1.8096E-05   
2.9867E-02   -5.1697E-05   
2.9044E-02   -1.0984E-04   
2.8373E-02   -1.6509E-04   
2.7718E-02   -2.3714E-04   
2.7003E-02   -2.8512E-04   
2.6431E-02   -3.0944E-04   
2.5705E-02   -3.7538E-04   
2.5001E-02   -4.2572E-04   
2.4305E-02   -4.7913E-04   
2.3627E-02   -5.3979E-04   
2.2930E-02   -6.3525E-04   
2.2203E-02   -8.3435E-04   
2.1195E-02   -1.3463E-03   
2.0057E-02   -2.3938E-03   
2.2038E-02   -2.0685E-03   
2.2471E-02   -8.9690E-04   
2.3036E-02   -4.7849E-04   
2.3600E-02   -3.3442E-04   
2.4161E-02   -2.8852E-04   
2.4707E-02   -2.7237E-04   
2.5363E-02   -2.3575E-04   
2.5975E-02   -2.0985E-04   
2.6554E-02   -1.8121E-04   
2.7143E-02   -1.7655E-04   
2.7814E-02   -1.3126E-04   
2.8460E-02   -9.5496E-05   
2.9095E-02   -6.9470E-05   
2.9781E-02   -3.1727E-05   
3.0382E-02   -8.6023E-06   
2.3623E-02   -4.8569E-04   
2.3855E-02   -1.9026E-04   
2.4132E-02   -1.2645E-04   
2.4564E-02   -1.0555E-04   
2.5002E-02   -9.9803E-05   
2.5559E-02   -1.0092E-04   
2.6073E-02   -1.0073E-04   
2.6596E-02   -9.5590E-05   
2.7288E-02   -7.2951E-05   
2.7874E-02   -5.5594E-05   
2.8543E-02   -4.3720E-05   
2.9211E-02   -2.6994E-05   
2.9871E-02   -1.3304E-05   
3.0486E-02   -1.6981E-06   
3.0333E-02   -3.7442E-05   
2.9698E-02   -9.7451E-05   
2.8923E-02   -1.8882E-04   
2.8228E-02   -2.4896E-04   
2.7607E-02   -3.4036E-04   
2.6851E-02   -4.1893E-04   
2.6109E-02   -4.9596E-04   
2.5413E-02   -5.6339E-04   
2.4681E-02   -6.5195E-04   
2.3998E-02   -7.3824E-04   
2.3119E-02   -8.8041E-04   
2.2174E-02   -1.0877E-03   
2.1257E-02   -1.3666E-03   
2.0159E-02   -1.8651E-03   
1.7806E-02   -3.3776E-03   
7.0877E-03   -1.0317E-02   
3.0278E-02   -6.8997E-05   
2.9729E-02   -1.4174E-04   
2.8790E-02   -2.8277E-04   
2.8178E-02   -3.7688E-04   
2.7455E-02   -4.7443E-04   
2.6579E-02   -6.0865E-04   
2.5829E-02   -6.8988E-04   
2.5096E-02   -7.8463E-04   
2.4216E-02   -9.3173E-04   
2.3380E-02   -1.1040E-03   
2.2498E-02   -1.3038E-03   
2.1604E-02   -1.4997E-03   
2.0516E-02   -1.8940E-03   
1.8702E-02   -2.8154E-03   
1.1349E-02   -7.5290E-03   
1.5397E-03   -1.3903E-02   
3.0473E-02   -6.7679E-05   
2.9457E-02   -2.4449E-04   
2.8884E-02   -3.4293E-04   
2.8178E-02   -4.8324E-04   
2.7135E-02   -6.6603E-04   
2.6393E-02   -7.9577E-04   
2.5634E-02   -9.0930E-04   
2.4723E-02   -1.0754E-03   
2.3884E-02   -1.2537E-03   
2.3000E-02   -1.4282E-03   
2.2153E-02   -1.6305E-03   
2.1109E-02   -1.9110E-03   
1.9213E-02   -2.8674E-03   
1.4455E-02   -5.8579E-03   
4.8592E-03   -1.2346E-02   
1.0685E-03   -1.4507E-02   
3.0134E-02   -1.6507E-04   
2.9524E-02   -3.0831E-04   
2.8786E-02   -4.8708E-04   
2.8041E-02   -6.6399E-04   
2.6974E-02   -8.7674E-04   
2.6130E-02   -1.0149E-03   
2.5245E-02   -1.2113E-03   
2.4395E-02   -1.4023E-03   
2.3426E-02   -1.5776E-03   
2.2635E-02   -1.7528E-03   
2.1762E-02   -2.0368E-03   
2.0348E-02   -2.6067E-03   
1.5966E-02   -5.3341E-03   
7.6974E-03   -1.1042E-02   
2.1481E-03   -1.4566E-02   
1.0383E-03   -1.4790E-02   
3.0299E-02   -2.0110E-04   
2.9452E-02   -4.5975E-04   
2.8766E-02   -6.2953E-04   
2.7681E-02   -9.1437E-04   
2.6720E-02   -1.1608E-03   
2.5885E-02   -1.3091E-03   
2.4830E-02   -1.5313E-03   
2.4033E-02   -1.7096E-03   
2.3027E-02   -1.9142E-03   
2.2132E-02   -2.1656E-03   
2.1049E-02   -2.5664E-03   
1.8499E-02   -4.0422E-03   
1.1823E-02   -8.6536E-03   
4.0890E-03   -1.4030E-02   
2.0283E-03   -1.4979E-02   
9.5320E-04   -1.5095E-02   
3.0169E-02   -2.9324E-04   
2.9227E-02   -6.1956E-04   
2.8571E-02   -8.1424E-04   
2.7287E-02   -1.2042E-03   
2.6515E-02   -1.3938E-03   
2.5631E-02   -1.6137E-03   
2.4675E-02   -1.7930E-03   
2.3688E-02   -2.0210E-03   
2.2577E-02   -2.3046E-03   
2.1648E-02   -2.5995E-03   
1.9627E-02   -3.7713E-03   
1.4921E-02   -6.9442E-03   
6.1573E-03   -1.3311E-02   
3.3050E-03   -1.4953E-02   
2.0090E-03   -1.5308E-02   
1.0007E-03   -1.5400E-02   
3.0206E-02   -3.9031E-04   
2.9385E-02   -7.5208E-04   
2.8298E-02   -1.1163E-03   
2.7342E-02   -1.4491E-03   
2.6327E-02   -1.6324E-03   
2.5328E-02   -1.8574E-03   
2.4361E-02   -2.0966E-03   
2.3380E-02   -2.3449E-03   
2.2379E-02   -2.5951E-03   
2.0516E-02   -3.4759E-03   
1.6144E-02   -6.4362E-03   
8.8034E-03   -1.1829E-02   
4.3794E-03   -1.4781E-02   
2.9753E-03   -1.5424E-02   
1.9315E-03   -1.5628E-02   
1.0733E-03   -1.5696E-02   
2.9870E-02   -6.8335E-04   
2.8899E-02   -1.1722E-03   
2.8117E-02   -1.4103E-03   
2.6848E-02   -1.7861E-03   
2.6063E-02   -1.9740E-03   
2.4954E-02   -2.2318E-03   
2.3969E-02   -2.4835E-03   
2.3097E-02   -2.6679E-03   
2.1732E-02   -3.1653E-03   
1.8124E-02   -5.2488E-03   
1.2911E-02   -8.8220E-03   
5.7816E-03   -1.4126E-02   
3.8473E-03   -1.5414E-02   
2.8247E-03   -1.5744E-02   
1.8790E-03   -1.5930E-02   
8.3972E-04   -1.6085E-02   
5.3287E-03   -1.2877E-03   
1.0106E-02   -1.8689E-03   
1.4302E-02   -2.5402E-03   
1.6957E-02   -3.3658E-03   
1.8574E-02   -4.1227E-03   
1.9700E-02   -4.8081E-03   
2.0229E-02   -4.8897E-03   
2.0885E-02   -4.6936E-03   
2.1070E-02   -4.4493E-03   
2.1236E-02   -4.1982E-03   
2.1396E-02   -3.9594E-03   
2.1552E-02   -3.7352E-03   
2.1705E-02   -3.5245E-03   
2.1854E-02   -3.3263E-03   
2.2140E-02   -2.9629E-03   
2.2278E-02   -2.7956E-03   
2.2412E-02   -2.6366E-03   
2.2541E-02   -2.4850E-03   
2.2667E-02   -2.3393E-03   
2.2789E-02   -2.1986E-03   
2.2906E-02   -2.0624E-03   
2.3124E-02   -1.8012E-03   
2.3226E-02   -1.6748E-03   
2.3322E-02   -1.5505E-03   
2.3412E-02   -1.4279E-03   
2.3496E-02   -1.3069E-03   
2.3573E-02   -1.1871E-03   
2.3644E-02   -1.0683E-03   
2.3766E-02   -8.3431E-04   
2.3817E-02   -7.1981E-04   
2.3860E-02   -6.0213E-04   
2.3891E-02   -4.8101E-04   
2.3925E-02   -3.6905E-04   
2.3937E-02   -2.4721E-04   
2.3957E-02   -1.2368E-04   
2.4014E-02   -6.2669E-34   
2.4045E-02   -6.0812E-34   
2.4068E-02   -4.7170E-34   
2.4085E-02   -2.6577E-34   
2.4099E-02   -2.1458E-34   
2.4127E-02   -1.3977E-34   
2.4146E-02   -1.1072E-34   
2.4169E-02   -8.6026E-35   
2.4199E-02   -6.4863E-35   
2.4283E-02   -3.0571E-35   
2.4339E-02   -1.6573E-35   
2.4406E-02   -4.1198E-36   
2.4483E-02   7.5959E-36   
2.4674E-02   2.9674E-35   
2.4788E-02   4.0061E-35   
2.5057E-02   6.1326E-35   
2.5211E-02   7.2518E-35   
2.5564E-02   1.4273E-34   
2.5762E-02   1.1145E-34   
2.6202E-02   2.1776E-34   
2.6704E-02   2.8710E-34   
2.6978E-02   3.2449E-34   
2.7571E-02   3.8923E-34   
2.8227E-02   5.1253E-34   
2.9324E-02   7.3796E-34   
3.0130E-02   7.4407E-34   
3.1000E-02   -1.3614E-34   
3.1000E-02   -1.3614E-34   
3.1000E-02   -1.3614E-34   
3.1000E-02   -1.3614E-34   
3.1000E-02   -1.3614E-34   
2.9045E-02   -1.1901E-03   
2.6543E-02   -2.1077E-03   
2.4694E-02   -2.5558E-03   
2.2792E-02   -3.0353E-03   
1.9797E-02   -4.6437E-03   
8.3494E-03   -1.1985E-02   
4.4540E-03   -1.4992E-02   
3.0285E-03   -1.5914E-02   
2.1439E-03   -1.6172E-02   
1.2704E-03   -1.6307E-02   
4.1881E-04   -1.6368E-02   
9.7451E-34   -1.6230E-02   
1.3991E-33   -1.5948E-02   
1.3905E-33   -1.5678E-02   
2.0343E-33   -1.5551E-02   
2.0608E-33   -1.5317E-02   
1.2573E-33   -1.5109E-02   
1.2200E-33   -1.5015E-02   
1.1696E-33   -1.4927E-02   
1.0843E-33   -1.4768E-02   
1.0475E-33   -1.4697E-02   
9.8401E-34   -1.4569E-02   
9.5641E-34   -1.4514E-02   
9.3171E-34   -1.4464E-02   
8.9724E-34   -1.4382E-02   
8.7656E-34   -1.4349E-02   
8.4979E-34   -1.4318E-02   
8.2218E-34   -1.4286E-02   
7.7231E-34   -1.4208E-02   
7.4740E-34   -1.4157E-02   
7.2512E-34   -1.4093E-02   
7.0237E-34   -1.4002E-02   
6.7585E-34   -1.3864E-02   
6.2464E-34   -1.3318E-02   
5.9760E-34   -1.2812E-02   
5.7001E-34   -1.2074E-02   
5.4500E-34   -1.1061E-02   
5.2239E-34   -9.7355E-03   
7.6164E-34   -8.0104E-03   
6.9637E-34   -5.9894E-03   
5.1122E-34   -3.5678E-03   
2.1099E-02   -3.9849E-03   
2.2217E-02   -2.6017E-03   
2.2630E-02   -2.1523E-03   
2.1440E-02   -3.5269E-03   
2.3597E-02   -1.0372E-03   
2.0544E-02   -4.7709E-03   
1.5742E-02   -4.0768E-03   
2.3329E-02   -1.3829E-03   
2.3854E-02   -5.9761E-04   
2.3005E-02   -1.7513E-03   
2.1764E-02   -3.1236E-03   
2.3740E-02   -8.1573E-04   
2.1920E-02   -2.9398E-03   
2.0277E-02   -4.9671E-03   
2.2886E-02   -1.8809E-03   
2.3425E-02   -1.2656E-03   
2.3986E-02   -1.6960E-04   
7.0547E-03   -3.5376E-03   
1.9873E-02   -5.0271E-03   
2.2359E-02   -2.4456E-03   
2.2494E-02   -2.2957E-03   
2.3672E-02   -9.2574E-04   
1.7981E-02   -4.4698E-03   
2.3900E-02   -4.8652E-04   
1.1922E-02   -3.9382E-03   
1.9337E-02   -4.9831E-03   
2.3515E-02   -1.1504E-03   
2.3800E-02   -7.0673E-04   
2.0743E-02   -4.5052E-03   
2.3227E-02   -1.5028E-03   
2.3119E-02   -1.6255E-03   
2.1604E-02   -3.3191E-03   
2.0923E-02   -4.2377E-03   
2.1272E-02   -3.7486E-03   
2.2071E-02   -2.7663E-03   
2.2761E-02   -2.0144E-03   
3.8753E-03   -8.7824E-03   
3.2330E-03   -1.0235E-02   
2.6342E-03   -1.1411E-02   
2.0690E-03   -1.2305E-02   
1.5679E-03   -1.2944E-02   
1.1661E-03   -1.3383E-02   
8.6603E-04   -1.3677E-02   
6.5342E-04   -1.3872E-02   
5.0753E-04   -1.4003E-02   
2.4050E-02   -8.9978E-05   
4.1158E-04   -1.4092E-02   
2.4069E-02   -7.4471E-05   
3.5044E-04   -1.4156E-02   
2.4083E-02   -6.2659E-05   
3.0053E-04   -1.4205E-02   
2.4096E-02   -5.2740E-05   
2.5737E-04   -1.4246E-02   
2.4109E-02   -4.4711E-05   
2.2405E-04   -1.4283E-02   
2.4126E-02   -3.8240E-05   
2.0122E-04   -1.4319E-02   
2.4146E-02   -3.3150E-05   
1.8900E-04   -1.4355E-02   
2.4173E-02   -2.9281E-05   
1.8924E-04   -1.4394E-02   
2.4207E-02   -2.6457E-05   
1.9600E-04   -1.4436E-02   
2.4249E-02   -2.4503E-05   
2.0440E-04   -1.4485E-02   
2.4300E-02   -2.3322E-05   
2.1301E-04   -1.4538E-02   
2.4362E-02   -2.2810E-05   
2.2236E-04   -1.4596E-02   
2.4434E-02   -2.2829E-05   
2.3251E-04   -1.4660E-02   
2.4518E-02   -2.3210E-05   
2.4279E-04   -1.4730E-02   
2.4614E-02   -2.3693E-05   
2.5305E-04   -1.4804E-02   
2.4721E-02   -2.4733E-05   
2.6349E-04   -1.4883E-02   
2.4841E-02   -2.6003E-05   
2.7393E-04   -1.4967E-02   
2.4973E-02   -2.7734E-05   
2.8751E-04   -1.5056E-02   
2.5120E-02   -2.9270E-05   
3.0351E-04   -1.5152E-02   
2.5281E-02   -3.0324E-05   
3.1303E-04   -1.5255E-02   
2.5458E-02   -3.1356E-05   
3.2260E-04   -1.5364E-02   
2.5650E-02   -3.2228E-05   
3.4696E-04   -1.5480E-02   
2.5860E-02   -3.2411E-05   
3.6141E-04   -1.5607E-02   
2.6080E-02   -3.1237E-05   
3.6388E-04   -1.5739E-02   
2.6310E-02   -3.2223E-05   
3.7709E-04   -1.5876E-02   
2.6560E-02   -3.1854E-05   
3.9758E-04   -1.6021E-02   
2.1520E-02   -3.1178E-03   
2.3002E-02   -1.5826E-03   
2.3445E-02   -1.1163E-03   
2.0793E-02   -4.0244E-03   
2.3981E-02   -2.5651E-04   
1.3425E-02   -5.3384E-03   
2.2309E-02   -2.2606E-03   
2.3891E-02   -4.9022E-04   
1.8711E-02   -5.2801E-03   
2.0198E-02   -4.8615E-03   
1.9922E-02   -5.0821E-03   
2.2743E-02   -1.8387E-03   
2.1856E-02   -2.7455E-03   
2.3703E-02   -7.9682E-04   
2.3773E-02   -6.9411E-04   
2.2014E-02   -2.5752E-03   
2.2601E-02   -1.9727E-03   
2.3539E-02   -1.0075E-03   
2.3344E-02   -1.2279E-03   
2.0981E-02   -3.7748E-03   
2.0406E-02   -4.5749E-03   
9.0166E-03   -5.6611E-03   
2.1165E-02   -3.5412E-03   
2.2162E-02   -2.4164E-03   
2.2454E-02   -2.1126E-03   
2.3625E-02   -9.0117E-04   
2.3835E-02   -5.9208E-04   
2.1345E-02   -3.3227E-03   
2.3122E-02   -1.4607E-03   
1.9500E-02   -5.1761E-03   
2.0602E-02   -4.2911E-03   
2.3237E-02   -1.3426E-03   
2.3939E-02   -3.8462E-04   
1.6669E-02   -5.1187E-03   
2.2876E-02   -1.7089E-03   
2.1691E-02   -2.9261E-03   
4.2499E-03   -6.9942E-03   
7.1135E-03   -8.9549E-03   
6.0879E-03   -1.0264E-02   
4.9500E-03   -1.1330E-02   
3.8415E-03   -1.2147E-02   
2.9273E-03   -1.2751E-02   
2.2091E-03   -1.3192E-02   
1.6618E-03   -1.3508E-02   
2.4024E-02   -1.1655E-04   
1.2573E-03   -1.3733E-02   
9.6690E-04   -1.3894E-02   
2.4036E-02   -1.5941E-04   
7.6365E-04   -1.4009E-02   
2.4049E-02   -1.3662E-04   
6.2259E-04   -1.4091E-02   
2.4061E-02   -1.1452E-04   
5.2630E-04   -1.4155E-02   
2.4073E-02   -9.6823E-05   
4.6064E-04   -1.4208E-02   
2.4087E-02   -8.2683E-05   
4.1560E-04   -1.4256E-02   
2.4104E-02   -7.1354E-05   
3.8944E-04   -1.4302E-02   
2.4128E-02   -6.2567E-05   
3.8046E-04   -1.4349E-02   
2.4157E-02   -5.6078E-05   
3.8833E-04   -1.4398E-02   
2.4195E-02   -5.1519E-05   
4.0206E-04   -1.4447E-02   
2.4242E-02   -4.8418E-05   
4.1704E-04   -1.4499E-02   
2.4299E-02   -4.6807E-05   
4.3462E-04   -1.4555E-02   
2.4366E-02   -4.6534E-05   
4.5416E-04   -1.4617E-02   
2.4445E-02   -4.7196E-05   
4.7491E-04   -1.4684E-02   
2.4537E-02   -4.7828E-05   
4.9578E-04   -1.4756E-02   
2.4639E-02   -4.8261E-05   
5.1649E-04   -1.4832E-02   
2.4749E-02   -5.1369E-05   
5.3455E-04   -1.4914E-02   
2.4871E-02   -5.3788E-05   
5.4901E-04   -1.4998E-02   
2.5007E-02   -5.8539E-05   
5.8641E-04   -1.5086E-02   
2.5162E-02   -6.0634E-05   
6.2116E-04   -1.5184E-02   
2.5332E-02   -6.2298E-05   
6.2493E-04   -1.5290E-02   
2.5516E-02   -6.4452E-05   
6.5648E-04   -1.5396E-02   
2.5724E-02   -6.5745E-05   
7.5136E-04   -1.5517E-02   
2.5951E-02   -6.4755E-05   
7.2484E-04   -1.5657E-02   
2.6163E-02   -5.9361E-05   
7.3728E-04   -1.5789E-02   
2.6388E-02   -7.0568E-05   
7.7245E-04   -1.5926E-02   
2.6826E-02   -3.3232E-05   
2.2267E-02   -2.0812E-03   
2.2431E-02   -1.9353E-03   
2.1808E-02   -2.5615E-03   
2.2589E-02   -1.8022E-03   
2.1634E-02   -2.7350E-03   
1.9845E-02   -4.9658E-03   
2.0064E-02   -4.6586E-03   
2.0274E-02   -4.3594E-03   
2.0481E-02   -4.0780E-03   
2.0683E-02   -3.8144E-03   
1.9530E-02   -5.2193E-03   
2.0883E-02   -3.5680E-03   
2.1454E-02   -2.9222E-03   
2.2736E-02   -1.6733E-03   
2.1078E-02   -3.3378E-03   
2.1268E-02   -3.1230E-03   
1.8800E-02   -5.4681E-03   
2.2876E-02   -1.5469E-03   
2.3657E-02   -7.7782E-04   
2.3737E-02   -6.8033E-04   
2.3807E-02   -5.8549E-04   
2.3568E-02   -8.7767E-04   
1.7264E-02   -5.9410E-03   
2.3008E-02   -1.4247E-03   
2.3471E-02   -9.7999E-04   
2.3254E-02   -1.1942E-03   
2.3134E-02   -1.3073E-03   
2.3366E-02   -1.0854E-03   
1.4187E-02   -6.2905E-03   
1.1431E-02   -6.5493E-03   
2.3869E-02   -4.9129E-04   
2.3925E-02   -3.9511E-04   
2.3975E-02   -2.9564E-04   
8.0483E-03   -7.5982E-03   
8.7088E-03   -9.9263E-03   
6.8957E-03   -1.0904E-02   
5.4352E-03   -1.1681E-02   
4.2511E-03   -1.2290E-02   
3.2902E-03   -1.2769E-02   
2.5251E-03   -1.3143E-02   
2.4016E-02   -1.9039E-04   
1.9339E-03   -1.3434E-02   
1.4911E-03   -1.3657E-02   
2.3997E-02   -2.3018E-04   
1.1672E-03   -1.3827E-02   
2.4010E-02   -1.8791E-04   
9.3870E-04   -1.3958E-02   
2.4020E-02   -1.5809E-04   
7.8249E-04   -1.4062E-02   
2.4031E-02   -1.3466E-04   
6.7952E-04   -1.4145E-02   
2.4045E-02   -1.1613E-04   
6.2318E-04   -1.4213E-02   
2.4065E-02   -1.0110E-04   
6.0741E-04   -1.4273E-02   
2.4091E-02   -8.9976E-05   
5.9821E-04   -1.4337E-02   
2.4123E-02   -8.2365E-05   
5.9956E-04   -1.4398E-02   
2.4165E-02   -7.6756E-05   
6.1501E-04   -1.4453E-02   
2.4218E-02   -7.3049E-05   
6.3654E-04   -1.4508E-02   
2.4280E-02   -7.2102E-05   
6.6381E-04   -1.4567E-02   
2.4352E-02   -7.2997E-05   
6.9686E-04   -1.4631E-02   
2.4441E-02   -7.4042E-05   
7.2951E-04   -1.4700E-02   
2.4546E-02   -7.4280E-05   
7.6054E-04   -1.4775E-02   
2.4651E-02   -7.1885E-05   
7.8811E-04   -1.4856E-02   
2.4746E-02   -8.3684E-05   
8.0150E-04   -1.4941E-02   
7.9128E-04   -1.5020E-02   
9.3963E-04   -1.5220E-02   
2.5356E-02   -9.7159E-05   
1.0620E-03   -1.5580E-02   
1.1065E-03   -1.5819E-02   
2.5790E-02   -1.0193E-04   
2.7121E-02   -3.4779E-05   
2.3839E-02   -4.9203E-04   
2.3901E-02   -4.0329E-04   
2.3959E-02   -3.1178E-04   
2.1936E-02   -2.2541E-03   
2.1777E-02   -2.3861E-03   
1.9423E-02   -5.0998E-03   
1.8766E-02   -5.5222E-03   
2.0379E-02   -3.8675E-03   
1.9702E-02   -4.7561E-03   
2.0593E-02   -3.6077E-03   
1.9938E-02   -4.4400E-03   
2.1595E-02   -2.5507E-03   
2.2591E-02   -1.6463E-03   
2.0162E-02   -4.1450E-03   
2.3601E-02   -7.5885E-04   
2.3502E-02   -8.5549E-04   
2.0803E-02   -3.3650E-03   
2.1009E-02   -3.1388E-03   
2.3154E-02   -1.1650E-03   
2.3278E-02   -1.0579E-03   
2.3693E-02   -6.6429E-04   
1.7067E-02   -6.2190E-03   
2.3771E-02   -5.7697E-04   
2.1405E-02   -2.7323E-03   
2.3023E-02   -1.2776E-03   
2.1210E-02   -2.9284E-03   
2.3394E-02   -9.5497E-04   
2.2741E-02   -1.5184E-03   
2.2885E-02   -1.3955E-03   
1.0313E-02   -9.3554E-03   
8.4712E-03   -1.0266E-02   
6.9434E-03   -1.0988E-02   
5.6237E-03   -1.1601E-02   
4.4957E-03   -1.2128E-02   
3.5577E-03   -1.2577E-02   
2.8002E-03   -1.2954E-02   
2.2046E-03   -1.3264E-02   
2.4000E-02   -2.3650E-04   
2.3946E-02   -2.7312E-04   
1.7515E-03   -1.3517E-02   
2.3953E-02   -2.3105E-04   
1.4152E-03   -1.3723E-02   
2.3962E-02   -1.9568E-04   
1.1710E-03   -1.3890E-02   
2.3971E-02   -1.6853E-04   
1.0048E-03   -1.4026E-02   
2.3986E-02   -1.4716E-04   
9.1364E-04   -1.4130E-02   
2.4009E-02   -1.2879E-04   
9.2390E-04   -1.4201E-02   
2.4036E-02   -1.1796E-04   
8.5596E-04   -1.4304E-02   
2.4069E-02   -1.1013E-04   
8.3727E-04   -1.4380E-02   
2.4119E-02   -1.0349E-04   
8.3918E-04   -1.4451E-02   
2.4179E-02   -9.9545E-05   
9.0364E-04   -1.4571E-02   
1.0645E-03   -1.4978E-02   
2.4319E-02   -1.0376E-04   
9.5663E-04   -1.4637E-02   
9.9803E-04   -1.4710E-02   
1.0752E-03   -1.4879E-02   
2.4889E-02   -8.0746E-05   
2.5202E-02   -9.0411E-05   
2.5366E-02   -1.3817E-04   
2.4424E-02   -1.0520E-04   
1.4658E-03   -1.5708E-02   
2.5589E-02   -1.4113E-04   
1.1076E-03   -1.5481E-02   
2.4667E-02   -1.2013E-04   
1.2939E-03   -1.5148E-02   
2.3929E-02   -3.2843E-04   
2.3862E-02   -4.1698E-04   
2.3802E-02   -4.9508E-04   
2.2297E-02   -1.7458E-03   
2.2261E-02   -1.9021E-03   
2.2438E-02   -1.6268E-03   
2.1583E-02   -2.3721E-03   
2.3640E-02   -6.4940E-04   
1.9268E-02   -4.8759E-03   
2.3734E-02   -5.5868E-04   
1.8645E-02   -5.3844E-03   
1.7058E-02   -6.2586E-03   
1.9579E-02   -4.5290E-03   
2.0298E-02   -3.6604E-03   
2.0071E-02   -3.9335E-03   
2.1377E-02   -2.5481E-03   
1.9836E-02   -4.2210E-03   
2.0523E-02   -3.4045E-03   
2.2598E-02   -1.4977E-03   
2.3181E-02   -1.0343E-03   
2.3537E-02   -7.4210E-04   
2.0743E-02   -3.1661E-03   
2.3308E-02   -9.3309E-04   
2.3426E-02   -8.3611E-04   
2.3045E-02   -1.1412E-03   
2.0959E-02   -2.9446E-03   
2.1170E-02   -2.7391E-03   
2.2903E-02   -1.2541E-03   
2.2753E-02   -1.3732E-03   
1.2562E-02   -8.0413E-03   
1.1466E-02   -8.8262E-03   
9.9190E-03   -9.4829E-03   
8.4515E-03   -1.0122E-02   
7.0977E-03   -1.0730E-02   
5.8860E-03   -1.1298E-02   
4.8300E-03   -1.1817E-02   
3.9320E-03   -1.2279E-02   
3.1961E-03   -1.2683E-02   
2.3867E-02   -3.2407E-04   
2.6080E-03   -1.3029E-02   
2.3880E-02   -2.6695E-04   
2.1509E-03   -1.3320E-02   
1.7936E-03   -1.3571E-02   
2.3886E-02   -2.2941E-04   
2.3893E-02   -2.0104E-04   
1.5009E-03   -1.3795E-02   
2.3902E-02   -1.7957E-04   
1.2128E-03   -1.4130E-02   
2.3947E-02   -1.5330E-04   
1.1765E-03   -1.4217E-02   
2.4062E-02   -1.3264E-04   
2.4001E-02   -1.4016E-04   
1.1443E-03   -1.4324E-02   
1.2023E-03   -1.4547E-02   
8.5702E-04   -1.4514E-02   
1.2373E-03   -1.4632E-02   
1.2893E-03   -1.4713E-02   
1.3676E-03   -1.5508E-02   
1.3437E-03   -1.5400E-02   
1.3500E-03   -1.4802E-02   
2.4271E-02   -1.4073E-04   
2.4812E-02   -1.1061E-04   
2.4517E-02   -1.5036E-04   
2.5144E-02   -1.3131E-04   
2.4388E-02   -1.4299E-04   
2.4241E-02   -1.0136E-04   
1.4251E-03   -1.4903E-02   
1.2481E-03   -1.5284E-02   
1.3493E-03   -1.5027E-02   
2.5823E-02   -1.4284E-04   
1.3977E-03   -1.5835E-02   
1.3261E-03   -1.5611E-02   
2.5372E-02   -1.8383E-04   
2.2092E-02   -1.8272E-03   
2.3883E-02   -3.5490E-04   
2.3679E-02   -5.4935E-04   
1.9169E-02   -4.6302E-03   
2.3573E-02   -6.4028E-04   
1.8581E-02   -5.0935E-03   
1.4978E-02   -7.1883E-03   
2.1368E-02   -2.3662E-03   
1.9999E-02   -3.7255E-03   
1.9752E-02   -4.0106E-03   
1.9495E-02   -4.3064E-03   
2.2445E-02   -1.4911E-03   
2.0238E-02   -3.4563E-03   
2.3213E-02   -9.1481E-04   
2.0472E-02   -3.2051E-03   
2.3342E-02   -8.1983E-04   
2.3462E-02   -7.2897E-04   
2.3075E-02   -1.0157E-03   
2.0702E-02   -2.9717E-03   
2.1149E-02   -2.5544E-03   
2.2612E-02   -1.3597E-03   
2.2928E-02   -1.1232E-03   
2.0928E-02   -2.7555E-03   
2.2774E-02   -1.2379E-03   
1.4195E-02   -7.4383E-03   
1.2861E-02   -7.9358E-03   
2.1832E-02   -2.0141E-03   
1.1455E-02   -8.5147E-03   
2.1595E-02   -2.1871E-03   
1.0049E-02   -9.1158E-03   
8.7205E-03   -9.7161E-03   
7.4855E-03   -1.0304E-02   
6.3556E-03   -1.0867E-02   
5.3621E-03   -1.1401E-02   
4.5072E-03   -1.1886E-02   
1.8346E-03   -1.3814E-02   
2.3792E-02   -3.4295E-04   
3.7974E-03   -1.2315E-02   
3.2148E-03   -1.2696E-02   
2.3795E-02   -2.9813E-04   
2.7117E-03   -1.3056E-02   
2.3795E-02   -2.6308E-04   
2.3795E-02   -2.3706E-04   
1.3129E-03   -1.3957E-02   
2.3865E-02   -1.8372E-04   
1.7036E-03   -1.4007E-02   
1.3787E-03   -1.4398E-02   
2.4695E-02   -1.5647E-04   
2.4326E-02   -1.8834E-04   
2.4002E-02   -1.6688E-04   
1.5842E-03   -1.4588E-02   
2.3922E-02   -1.7349E-04   
1.6512E-03   -1.4683E-02   
1.1008E-03   -1.4431E-02   
1.6499E-03   -1.5555E-02   
1.6972E-03   -1.4780E-02   
2.4912E-02   -1.4872E-04   
1.6573E-03   -1.5073E-02   
1.6196E-03   -1.5191E-02   
2.4159E-02   -1.4088E-04   
1.6878E-03   -1.5422E-02   
1.5493E-03   -1.4492E-02   
2.4209E-02   -1.8341E-04   
2.5602E-02   -1.8601E-04   
2.5161E-02   -1.7877E-04   
2.3702E-02   -4.7115E-04   
2.3602E-02   -5.5408E-04   
2.3794E-02   -4.4062E-04   
1.7461E-02   -5.5211E-03   
1.9160E-02   -4.3990E-03   
2.2277E-02   -1.4931E-03   
1.9683E-02   -3.8063E-03   
2.3494E-02   -6.3641E-04   
1.9407E-02   -4.1096E-03   
1.9946E-02   -3.5210E-03   
1.3289E-02   -7.9323E-03   
2.0197E-02   -3.2560E-03   
2.1147E-02   -2.3742E-03   
2.3111E-02   -9.0103E-04   
2.3376E-02   -7.2065E-04   
2.3249E-02   -8.0820E-04   
2.2461E-02   -1.3553E-03   
2.0441E-02   -3.0101E-03   
2.2961E-02   -1.0026E-03   
2.0681E-02   -2.7825E-03   
2.0916E-02   -2.5713E-03   
2.2635E-02   -1.2290E-03   
2.2802E-02   -1.1120E-03   
2.1382E-02   -2.1863E-03   
1.5575E-02   -6.5009E-03   
1.4337E-02   -6.9622E-03   
1.2974E-02   -7.5057E-03   
1.6966E-02   -6.0636E-03   
1.1691E-02   -8.0510E-03   
2.1621E-02   -2.0052E-03   
2.1860E-02   -1.8276E-03   
1.0451E-02   -8.6056E-03   
2.3775E-02   -3.9679E-04   
2.2081E-02   -1.6544E-03   
9.2506E-03   -9.1709E-03   
8.1293E-03   -9.7502E-03   
6.1569E-03   -1.0856E-02   
2.3704E-02   -3.7150E-04   
5.3558E-03   -1.1354E-02   
4.6890E-03   -1.1805E-02   
2.3692E-02   -3.3383E-04   
2.3686E-02   -3.0007E-04   
2.7653E-03   -1.3163E-02   
1.6134E-03   -1.4181E-02   
2.3763E-02   -2.2137E-04   
2.4104E-02   -1.8128E-04   
2.0413E-03   -1.4468E-02   
2.1426E-03   -1.3473E-02   
2.4452E-02   -1.9746E-04   
2.8316E-03   -1.3256E-02   
2.4126E-02   -2.3289E-04   
1.5851E-03   -1.4386E-02   
1.9693E-03   -1.5115E-02   
1.9782E-03   -1.4365E-02   
1.7848E-03   -1.4848E-02   
2.4016E-02   -1.8451E-04   
2.4987E-02   -1.7560E-04   
2.3817E-02   -2.1545E-04   
1.7108E-03   -1.4954E-02   
1.6371E-03   -1.5306E-02   
2.5141E-02   -2.3008E-04   
2.5819E-02   -1.8478E-04   
1.7287E-03   -1.5792E-02   
2.1070E-03   -1.5446E-02   
2.4856E-02   -1.2708E-04   
2.3518E-02   -5.6024E-04   
1.8947E-02   -4.2819E-03   
2.1163E-02   -2.1988E-03   
1.9336E-02   -3.9085E-03   
1.9635E-02   -3.6014E-03   
2.3406E-02   -6.3846E-04   
1.9912E-02   -3.3201E-03   
2.2298E-02   -1.3598E-03   
2.3152E-02   -7.9844E-04   
2.3287E-02   -7.1650E-04   
2.0176E-02   -3.0600E-03   
2.3001E-02   -8.9253E-04   
2.0922E-02   -2.3926E-03   
2.0431E-02   -2.8203E-03   
2.2487E-02   -1.2283E-03   
2.0680E-02   -2.5986E-03   
2.2839E-02   -9.9572E-04   
2.2667E-02   -1.1077E-03   
1.6952E-02   -5.5629E-03   
1.5446E-02   -6.1456E-03   
2.3707E-02   -4.1482E-04   
1.4375E-02   -6.5524E-03   
2.1881E-02   -1.6646E-03   
2.1408E-02   -2.0129E-03   
2.2097E-02   -1.5051E-03   
1.3304E-02   -6.9773E-03   
1.2201E-02   -7.4450E-03   
2.1649E-02   -1.8349E-03   
1.1132E-02   -7.9607E-03   
1.0085E-02   -8.4900E-03   
9.0895E-03   -9.0317E-03   
2.3682E-02   -2.7520E-04   
8.1900E-03   -9.5574E-03   
4.0530E-03   -1.2265E-02   
7.4514E-03   -1.0019E-02   
2.3580E-02   -4.2002E-04   
2.3931E-02   -2.2461E-04   
2.3570E-02   -3.7368E-04   
2.6638E-03   -1.3472E-02   
2.0152E-03   -1.4098E-02   
2.3718E-02   -2.3347E-04   
3.2445E-03   -1.2918E-02   
2.3870E-02   -2.1929E-04   
2.7080E-03   -1.3985E-02   
2.1246E-03   -1.4811E-02   
2.0148E-03   -1.4220E-02   
2.0313E-03   -1.4730E-02   
2.3636E-02   -2.6851E-04   
2.4760E-02   -2.0567E-04   
2.3940E-03   -1.4989E-02   
2.4944E-02   -2.2186E-04   
1.9065E-03   -1.5219E-02   
2.5104E-02   -2.8859E-04   
2.1645E-03   -1.5722E-02   
2.5635E-02   -2.3851E-04   
2.6052E-02   -1.5325E-04   
2.4120E-03   -1.5541E-02   
2.4553E-02   -2.1585E-04   
2.3539E-02   -4.9406E-04   
1.8574E-02   -4.7742E-03   
1.8955E-02   -4.0181E-03   
1.9302E-02   -3.6939E-03   
2.0944E-02   -2.2207E-03   
1.9609E-02   -3.3982E-03   
2.3324E-02   -6.4475E-04   
2.3204E-02   -7.0449E-04   
1.9899E-02   -3.1239E-03   
1.7095E-02   -5.2283E-03   
2.3050E-02   -7.9066E-04   
2.2330E-02   -1.2341E-03   
2.0176E-02   -2.8698E-03   
2.0694E-02   -2.4211E-03   
2.2884E-02   -8.8830E-04   
2.0440E-02   -2.6362E-03   
2.2523E-02   -1.1092E-03   
2.2708E-02   -9.9428E-04   
1.6488E-02   -5.3780E-03   
2.1193E-02   -2.0305E-03   
2.1911E-02   -1.5182E-03   
2.2126E-02   -1.3704E-03   
1.5713E-02   -5.6106E-03   
2.1681E-02   -1.6787E-03   
1.4787E-02   -5.9447E-03   
1.3897E-02   -6.3287E-03   
2.1441E-02   -1.8496E-03   
2.3632E-02   -4.3573E-04   
1.1243E-02   -7.6298E-03   
1.2990E-02   -6.7318E-03   
2.3559E-02   -3.4204E-04   
1.2101E-02   -7.1685E-03   
2.3788E-02   -2.2482E-04   
4.8884E-03   -1.1804E-02   
6.8721E-03   -1.0405E-02   
4.6690E-03   -1.2017E-02   
1.0509E-02   -8.0510E-03   
2.3447E-02   -4.5488E-04   
2.3686E-02   -2.6767E-04   
2.3592E-02   -2.7693E-04   
4.0796E-03   -1.2493E-02   
2.9867E-03   -1.3682E-02   
2.5610E-03   -1.4488E-02   
2.4900E-02   -2.8056E-04   
2.3743E-02   -2.7221E-04   
3.1737E-03   -1.3417E-02   
2.4355E-02   -2.5311E-04   
2.5449E-03   -1.4779E-02   
2.4486E-02   -2.7383E-04   
2.2932E-03   -1.5166E-02   
2.6372E-03   -1.3605E-02   
2.5332E-02   -2.9515E-04   
2.4019E-02   -2.2832E-04   
2.6319E-02   -1.1939E-04   
2.6289E-03   -1.5369E-02   
1.7895E-02   -4.6397E-03   
2.3422E-02   -5.7259E-04   
1.8931E-02   -3.8011E-03   
1.9289E-02   -3.4857E-03   
1.9609E-02   -3.1995E-03   
2.0725E-02   -2.2512E-03   
2.3291E-02   -6.0348E-04   
1.8524E-02   -4.3455E-03   
2.3111E-02   -6.9352E-04   
2.0979E-02   -2.0563E-03   
1.9910E-02   -2.9321E-03   
2.2936E-02   -7.8898E-04   
2.0197E-02   -2.6840E-03   
2.0467E-02   -2.4581E-03   
2.2371E-02   -1.1161E-03   
2.2756E-02   -8.8874E-04   
2.2568E-02   -9.9693E-04   
1.7604E-02   -4.5538E-03   
2.1720E-02   -1.5355E-03   
2.2165E-02   -1.2455E-03   
2.1948E-02   -1.3850E-03   
2.3691E-02   -2.5119E-04   
1.6733E-02   -4.8343E-03   
2.1232E-02   -1.8718E-03   
1.6089E-02   -5.0583E-03   
2.1480E-02   -1.6981E-03   
2.3432E-02   -4.1755E-04   
1.3982E-02   -5.9290E-03   
1.5396E-02   -5.3009E-03   
1.3323E-02   -6.2684E-03   
1.4691E-02   -5.5933E-03   
7.2196E-03   -1.0345E-02   
2.3439E-02   -5.0911E-04   
2.3548E-02   -3.2053E-04   
9.9088E-03   -8.4194E-03   
2.3952E-02   -1.5228E-04   
5.2855E-03   -1.1909E-02   
2.3558E-02   -2.9216E-04   
2.3911E-02   -2.8452E-04   
2.3816E-02   -2.7817E-04   
2.3539E-02   -3.2728E-04   
2.3489E-02   -3.2508E-04   
2.4211E-02   -3.1766E-04   
2.3446E-02   -3.2925E-04   
3.3279E-03   -1.3225E-02   
4.6219E-03   -1.2663E-02   
6.5267E-03   -1.0692E-02   
7.3256E-03   -1.0192E-02   
3.3577E-03   -1.3865E-02   
2.4498E-02   -3.2577E-04   
2.7929E-03   -1.4502E-02   
4.3251E-03   -1.2446E-02   
2.5058E-02   -3.5400E-04   
2.4189E-03   -1.5281E-02   
2.6658E-02   -6.0630E-05   
3.0400E-03   -1.4675E-02   
2.6276E-02   -1.6714E-04   
2.4847E-02   -3.4609E-04   
2.4245E-02   -2.3883E-04   
2.8142E-03   -1.4932E-02   
1.8465E-02   -4.1839E-03   
1.8944E-02   -3.5850E-03   
1.9311E-02   -3.2847E-03   
2.0767E-02   -2.0898E-03   
2.3176E-02   -5.9733E-04   
1.9632E-02   -3.0069E-03   
2.0508E-02   -2.2884E-03   
2.2992E-02   -6.9896E-04   
1.9944E-02   -2.7436E-03   
2.0236E-02   -2.5044E-03   
2.2814E-02   -7.9134E-04   
2.1765E-02   -1.4046E-03   
2.2417E-02   -1.0054E-03   
2.2621E-02   -8.9160E-04   
2.2208E-02   -1.1307E-03   
1.7875E-02   -4.1973E-03   
2.1992E-02   -1.2628E-03   
2.3334E-02   -5.3045E-04   
2.1024E-02   -1.9016E-03   
2.1526E-02   -1.5584E-03   
1.7592E-02   -4.2069E-03   
2.1277E-02   -1.7242E-03   
1.7135E-02   -4.2892E-03   
1.5610E-02   -4.8502E-03   
1.6126E-02   -4.6282E-03   
2.3305E-02   -5.0007E-04   
1.6639E-02   -4.4366E-03   
2.3414E-02   -3.9039E-04   
2.3818E-02   -1.9993E-04   
1.2702E-02   -6.6224E-03   
2.3413E-02   -3.4027E-04   
2.3324E-02   -3.9073E-04   
7.6479E-03   -9.9455E-03   
2.3520E-02   -3.1611E-04   
2.3282E-02   -3.9120E-04   
2.3374E-02   -3.9707E-04   
7.1844E-03   -1.0658E-02   
2.4031E-02   -2.8906E-04   
2.3679E-02   -3.4300E-04   
9.5492E-03   -8.6792E-03   
2.3947E-02   -3.5695E-04   
3.8811E-03   -1.3753E-02   
3.0263E-03   -1.3913E-02   
7.4309E-03   -1.0579E-02   
7.7296E-03   -1.0146E-02   
2.4783E-02   -4.1886E-04   
2.5279E-02   -3.6198E-04   
3.5572E-03   -1.4204E-02   
2.7718E-03   -1.5091E-02   
2.6505E-02   -1.3616E-04   
3.4776E-03   -1.4533E-02   
1.8465E-02   -3.9537E-03   
1.9027E-02   -3.3752E-03   
2.0560E-02   -2.1292E-03   
1.9331E-02   -3.1019E-03   
2.3029E-02   -6.3337E-04   
2.0819E-02   -1.9382E-03   
1.9673E-02   -2.8187E-03   
2.0288E-02   -2.3351E-03   
2.2875E-02   -7.0556E-04   
2.1816E-02   -1.2856E-03   
1.9992E-02   -2.5638E-03   
2.1579E-02   -1.4303E-03   
1.8522E-02   -3.7011E-03   
2.2692E-02   -7.9516E-04   
2.2253E-02   -1.0288E-03   
2.2040E-02   -1.1529E-03   
1.8224E-02   -3.6716E-03   
2.1330E-02   -1.5880E-03   
2.1075E-02   -1.7576E-03   
2.3278E-02   -4.6826E-04   
2.3392E-02   -3.5659E-04   
1.7231E-02   -3.8720E-03   
1.7895E-02   -3.7121E-03   
1.0152E-02   -8.2755E-03   
1.7569E-02   -3.7779E-03   
2.3394E-02   -3.7293E-04   
1.5085E-02   -5.1117E-03   
1.0176E-02   -8.5830E-03   
2.3101E-02   -4.6307E-04   
1.2080E-02   -7.0213E-03   
2.3142E-02   -4.6728E-04   
2.3247E-02   -3.9871E-04   
2.3433E-02   -4.0883E-04   
8.9576E-03   -9.3551E-03   
4.5088E-03   -1.3926E-02   
8.1078E-03   -1.0306E-02   
2.4028E-02   -3.9507E-04   
2.3789E-02   -3.5127E-04   
2.5225E-02   -4.3189E-04   
1.0197E-02   -8.3946E-03   
3.3685E-03   -1.4729E-02   
2.4575E-02   -4.1021E-04   
2.5552E-02   -3.0628E-04   
5.7013E-03   -1.2590E-02   
5.7447E-03   -1.2096E-02   
5.7049E-03   -1.2330E-02   
2.4709E-02   -4.9989E-04   
2.3143E-02   -5.5414E-04   
2.0618E-02   -1.9809E-03   
2.0347E-02   -2.1775E-03   
1.8929E-02   -3.2620E-03   
2.2598E-02   -7.9589E-04   
2.3224E-02   -4.2917E-04   
1.9372E-02   -2.9160E-03   
2.1638E-02   -1.3140E-03   
2.2950E-02   -6.2223E-04   
2.1873E-02   -1.1788E-03   
2.2761E-02   -7.1648E-04   
1.9726E-02   -2.6395E-03   
2.1390E-02   -1.4630E-03   
2.0877E-02   -1.7975E-03   
2.1134E-02   -1.6247E-03   
1.8638E-02   -3.2874E-03   
2.2282E-02   -9.5648E-04   
2.2093E-02   -1.0568E-03   
1.8231E-02   -3.2866E-03   
1.8430E-02   -3.2824E-03   
1.4409E-02   -5.5015E-03   
1.6880E-02   -4.0024E-03   
2.3249E-02   -4.4529E-04   
1.3132E-02   -6.4182E-03   
2.3222E-02   -4.1324E-04   
2.2906E-02   -5.4538E-04   
1.1377E-02   -7.6532E-03   
2.3066E-02   -4.6673E-04   
2.3186E-02   -4.7932E-04   
2.4363E-02   -4.0012E-04   
2.3518E-02   -4.2166E-04   
1.1040E-02   -8.1572E-03   
1.3169E-02   -6.2888E-03   
9.8449E-03   -8.5101E-03   
2.4282E-02   -3.5546E-04   
2.3764E-02   -4.5115E-04   
9.1343E-03   -9.7082E-03   
4.2260E-03   -1.4357E-02   
6.6875E-03   -1.2206E-02   
1.2685E-02   -6.7906E-03   
2.4651E-02   -3.3665E-04   
2.4946E-02   -5.0026E-04   
2.5499E-02   -3.6978E-04   
2.5792E-02   -2.6467E-04   
8.5574E-03   -1.0257E-02   
8.5503E-03   -1.0603E-02   
2.2636E-02   -7.3839E-04   
2.0118E-02   -2.2418E-03   
2.0404E-02   -2.0359E-03   
2.3061E-02   -5.0942E-04   
2.2171E-02   -9.6480E-04   
2.1942E-02   -1.0817E-03   
2.2799E-02   -6.6448E-04   
2.0677E-02   -1.8453E-03   
2.1706E-02   -1.2090E-03   
2.1459E-02   -1.3492E-03   
1.9804E-02   -2.4678E-03   
2.1202E-02   -1.5028E-03   
2.0940E-02   -1.6682E-03   
1.9084E-02   -3.0210E-03   
1.8980E-02   -2.9699E-03   
1.8851E-02   -2.9323E-03   
1.8029E-02   -3.3136E-03   
1.6454E-02   -4.2085E-03   
1.9418E-02   -2.7343E-03   
2.3102E-02   -5.2759E-04   
2.2841E-02   -5.5225E-04   
2.2418E-02   -8.5035E-04   
2.2870E-02   -5.4510E-04   
1.4098E-02   -5.7190E-03   
1.3074E-02   -6.3294E-03   
1.2014E-02   -7.7114E-03   
2.2945E-02   -5.5359E-04   
1.5861E-02   -4.5594E-03   
2.3002E-02   -5.0585E-04   
1.4179E-02   -5.8933E-03   
2.3230E-02   -5.0179E-04   
1.5062E-02   -5.1459E-03   
2.3873E-02   -4.6950E-04   
2.4130E-02   -4.7898E-04   
2.3638E-02   -4.3344E-04   
2.6022E-02   -2.6047E-04   
1.1820E-02   -8.1583E-03   
1.1838E-02   -7.9852E-03   
7.7676E-03   -1.1595E-02   
2.4658E-02   -5.8240E-04   
4.0491E-03   -1.4669E-02   
2.5159E-02   -5.0492E-04   
2.5773E-02   -3.1516E-04   
2.2721E-02   -6.6683E-04   
2.0168E-02   -2.1113E-03   
1.9866E-02   -2.3277E-03   
2.2024E-02   -9.9162E-04   
2.2915E-02   -5.9239E-04   
2.1784E-02   -1.1137E-03   
2.0461E-02   -1.9089E-03   
2.1537E-02   -1.2458E-03   
2.0743E-02   -1.7215E-03   
2.1279E-02   -1.3915E-03   
1.9286E-02   -2.6954E-03   
2.1013E-02   -1.5502E-03   
1.8739E-02   -2.9014E-03   
2.2501E-02   -7.6356E-04   
2.2630E-02   -6.3762E-04   
1.9595E-02   -2.5291E-03   
1.7488E-02   -3.5322E-03   
1.8625E-02   -2.8898E-03   
1.6255E-02   -4.2812E-03   
2.2264E-02   -8.7517E-04   
2.2668E-02   -6.3121E-04   
2.3850E-02   -5.3446E-04   
2.2850E-02   -5.8793E-04   
2.2708E-02   -6.3398E-04   
1.6183E-02   -4.3545E-03   
2.2975E-02   -5.7329E-04   
2.3323E-02   -5.1901E-04   
2.2813E-02   -5.6937E-04   
1.4922E-02   -5.8784E-03   
1.5802E-02   -4.6976E-03   
1.6585E-02   -4.3454E-03   
2.4090E-02   -4.3655E-04   
2.6061E-02   -3.2290E-04   
1.5120E-02   -5.6082E-03   
2.3469E-02   -5.2957E-04   
2.4020E-02   -5.5652E-04   
2.4352E-02   -6.8873E-04   
1.2329E-02   -7.9231E-03   
1.0998E-02   -9.0690E-03   
2.4339E-02   -5.9865E-04   
2.6227E-02   -2.1226E-04   
2.5452E-02   -4.3657E-04   
3.1548E-03   -1.5187E-02   
1.1702E-02   -7.8358E-03   
1.9897E-02   -2.2192E-03   
1.9580E-02   -2.4533E-03   
2.1873E-02   -1.0271E-03   
2.2607E-02   -6.8295E-04   
2.1625E-02   -1.1529E-03   
2.0528E-02   -1.7934E-03   
1.9215E-02   -2.6396E-03   
2.1366E-02   -1.2913E-03   
1.8485E-02   -2.9197E-03   
2.0820E-02   -1.6096E-03   
1.7017E-02   -3.7814E-03   
2.1096E-02   -1.4437E-03   
2.2117E-02   -9.0869E-04   
1.9164E-02   -2.5847E-03   
2.2410E-02   -7.3294E-04   
2.2776E-02   -5.9844E-04   
2.2357E-02   -7.9758E-04   
2.2604E-02   -6.4911E-04   
2.2496E-02   -7.1085E-04   
2.2750E-02   -6.4293E-04   
1.7442E-02   -4.0837E-03   
1.7378E-02   -3.6309E-03   
1.6573E-02   -4.4482E-03   
1.6643E-02   -4.2455E-03   
2.3493E-02   -6.3723E-04   
2.5367E-02   -5.0597E-04   
8.5836E-03   -1.1144E-02   
1.7738E-02   -3.3396E-03   
1.4891E-02   -5.6352E-03   
2.3311E-02   -6.3170E-04   
2.4217E-02   -5.5553E-04   
2.6297E-02   -2.4725E-04   
2.5746E-02   -4.4094E-04   
2.4385E-02   -7.6280E-04   
1.4676E-02   -6.4618E-03   
3.6678E-03   -1.5083E-02   
2.3136E-02   -6.2882E-04   
2.8251E-03   -1.5205E-02   
2.1723E-02   -1.0707E-03   
2.2598E-02   -6.6328E-04   
2.1973E-02   -9.5014E-04   
2.1465E-02   -1.2017E-03   
2.0609E-02   -1.6869E-03   
1.9573E-02   -2.3706E-03   
1.5207E-02   -4.9512E-03   
1.8259E-02   -3.0114E-03   
2.2218E-02   -8.3651E-04   
1.9123E-02   -2.5431E-03   
2.2377E-02   -7.4305E-04   
2.0217E-02   -1.9976E-03   
2.0910E-02   -1.5079E-03   
1.7627E-02   -3.8155E-03   
1.8104E-02   -3.3270E-03   
2.2492E-02   -7.3229E-04   
1.7799E-02   -3.4355E-03   
1.7954E-02   -3.2085E-03   
1.7779E-02   -3.3461E-03   
1.7188E-02   -3.7714E-03   
1.8333E-02   -3.2322E-03   
1.6980E-02   -4.5041E-03   
2.3682E-02   -6.4957E-04   
2.5047E-02   -5.9722E-04   
2.3145E-02   -7.4250E-04   
2.2101E-02   -8.6403E-04   
2.2790E-02   -7.4805E-04   
2.3912E-02   -6.6435E-04   
1.2635E-02   -8.2634E-03   
5.9467E-03   -1.3054E-02   
2.2972E-02   -7.3977E-04   
2.4489E-02   -4.9195E-04   
1.5201E-02   -6.2763E-03   
1.4342E-02   -6.5850E-03   
2.4711E-02   -7.2385E-04   
2.4043E-02   -8.1349E-04   
2.1833E-02   -9.9848E-04   
2.1585E-02   -1.1182E-03   
2.2354E-02   -7.5987E-04   
1.9028E-02   -2.5485E-03   
2.2426E-02   -7.4543E-04   
2.2080E-02   -8.8304E-04   
2.1312E-02   -1.2562E-03   
1.9589E-02   -2.2873E-03   
2.0710E-02   -1.5888E-03   
2.1017E-02   -1.4152E-03   
1.9229E-02   -2.6198E-03   
1.8984E-02   -2.7192E-03   
1.9933E-02   -2.1198E-03   
1.8573E-02   -2.8246E-03   
1.8841E-02   -2.6610E-03   
1.8758E-02   -2.7104E-03   
2.0284E-02   -1.8897E-03   
2.2573E-02   -7.3725E-04   
2.1855E-02   -9.8292E-04   
2.2635E-02   -8.5752E-04   
1.8507E-02   -2.9132E-03   
2.2549E-02   -7.9814E-04   
1.6891E-02   -4.8240E-03   
2.3316E-02   -7.5381E-04   
1.8960E-02   -3.1321E-03   
8.8071E-03   -1.0567E-02   
1.5976E-02   -5.8378E-03   
2.2221E-02   -8.5935E-04   
2.2799E-02   -8.5613E-04   
1.9374E-02   -2.6562E-03   
1.7313E-02   -4.6605E-03   
9.1461E-03   -1.0965E-02   
2.4095E-02   -8.8545E-04   
2.5065E-02   -6.8665E-04   
2.1721E-02   -1.0433E-03   
2.1945E-02   -9.3637E-04   
2.0379E-02   -1.7836E-03   
1.9205E-02   -2.4330E-03   
2.0829E-02   -1.5014E-03   
1.9363E-02   -2.3862E-03   
1.9643E-02   -2.1892E-03   
2.1894E-02   -9.8618E-04   
2.0001E-02   -2.0155E-03   
1.9535E-02   -2.2384E-03   
2.2808E-02   -6.4670E-04   
2.1147E-02   -1.3283E-03   
2.2170E-02   -8.3443E-04   
1.9569E-02   -2.3100E-03   
2.2459E-02   -9.7728E-04   
1.9790E-02   -2.2344E-03   
2.2498E-02   -8.6473E-04   
5.9687E-03   -1.2592E-02   
1.7157E-02   -5.1218E-03   
2.2959E-02   -8.6459E-04   
5.8994E-03   -1.3230E-02   
2.0269E-02   -2.1804E-03   
1.8640E-02   -3.5250E-03   
2.2241E-02   -8.9403E-04   
2.3489E-02   -7.7321E-04   
9.6348E-03   -1.0695E-02   
2.0097E-02   -2.3854E-03   
1.9048E-02   -3.3958E-03   
1.3597E-02   -7.6763E-03   
2.3731E-02   -9.5074E-04   
1.9503E-02   -2.4901E-03   
2.5446E-02   -6.4227E-04   
2.0501E-02   -1.6863E-03   
1.9986E-02   -2.0271E-03   
2.1486E-02   -1.1535E-03   
2.0135E-02   -1.8993E-03   
2.1577E-02   -1.1212E-03   
1.9991E-02   -2.1599E-03   
1.9244E-02   -2.4490E-03   
2.2760E-02   -9.9646E-04   
2.0947E-02   -1.4288E-03   
2.0163E-02   -1.9732E-03   
1.9937E-02   -2.0065E-03   
2.1914E-02   -1.0120E-03   
2.2608E-02   -9.8373E-04   
2.1783E-02   -1.0097E-03   
1.9516E-02   -2.2544E-03   
2.2241E-02   -9.4424E-04   
1.4550E-02   -6.2409E-03   
2.0145E-02   -2.1532E-03   
2.0024E-02   -2.5793E-03   
2.0079E-02   -2.6422E-03   
1.9356E-02   -3.3427E-03   
1.9586E-02   -3.4513E-03   
2.3784E-02   -1.0389E-03   
6.3374E-03   -1.3240E-02   
2.3274E-02   -9.0576E-04   
2.5760E-02   -5.2985E-04   
2.0624E-02   -1.6050E-03   
2.0285E-02   -1.7992E-03   
2.1290E-02   -1.2505E-03   
2.0462E-02   -1.7694E-03   
2.1588E-02   -1.1428E-03   
2.2271E-02   -9.9271E-04   
2.1931E-02   -1.0500E-03   
2.0342E-02   -1.9214E-03   
2.2411E-02   -1.1197E-03   
2.2266E-02   -1.1083E-03   
2.3395E-02   -1.0055E-03   
2.2915E-02   -1.0174E-03   
2.0822E-02   -2.2503E-03   
2.0672E-02   -2.1676E-03   
1.9793E-02   -2.1156E-03   
2.3632E-02   -8.1047E-04   
2.4414E-02   -8.2547E-04   
2.3328E-02   -1.2323E-03   
2.0192E-02   -2.9285E-03   
1.8898E-02   -4.1281E-03   
2.0711E-02   -2.4994E-03   
2.0674E-02   -1.8953E-03   
9.8204E-03   -1.0887E-02   
2.5806E-02   -6.0216E-04   
2.0402E-02   -1.7250E-03   
2.1597E-02   -1.1008E-03   
2.0037E-02   -1.9481E-03   
2.1025E-02   -1.3917E-03   
2.2015E-02   -1.2768E-03   
2.1246E-02   -1.2921E-03   
2.0734E-02   -1.5436E-03   
2.1601E-02   -1.1768E-03   
2.0622E-02   -1.7292E-03   
2.1936E-02   -1.1565E-03   
2.0796E-02   -1.6949E-03   
2.1934E-02   -1.2224E-03   
2.3704E-02   -8.7148E-04   
2.2566E-02   -1.1328E-03   
2.3082E-02   -1.0469E-03   
2.4649E-02   -8.3193E-04   
2.0714E-02   -2.0265E-03   
2.3418E-02   -9.2621E-04   
2.0802E-02   -1.9049E-03   
2.3066E-02   -1.1475E-03   
2.0345E-02   -1.7965E-03   
2.1016E-02   -1.6627E-03   
2.1065E-02   -2.2243E-03   
2.3005E-02   -1.2600E-03   
2.3719E-02   -1.1469E-03   
2.0597E-02   -2.2891E-03   
2.1061E-02   -2.4074E-03   
2.0330E-02   -3.1407E-03   
6.5905E-03   -1.3340E-02   
2.0490E-02   -1.6848E-03   
2.1024E-02   -1.5309E-03   
2.0886E-02   -1.4753E-03   
2.1287E-02   -1.3046E-03   
2.1109E-02   -1.8100E-03   
2.0847E-02   -1.5729E-03   
2.1638E-02   -1.3912E-03   
2.2268E-02   -1.2373E-03   
2.1243E-02   -2.5825E-03   
2.2722E-02   -1.2938E-03   
2.0029E-02   -1.9402E-03   
2.1146E-02   -1.6978E-03   
2.2704E-02   -1.1585E-03   
2.1639E-02   -1.2083E-03   
2.1592E-02   -1.3324E-03   
2.1339E-02   -2.0172E-03   
5.1008E-03   -1.4511E-02   
2.1313E-02   -2.2079E-03   
2.2909E-02   -1.3730E-03   
2.4007E-02   -1.0441E-03   
2.1952E-02   -1.0931E-03   
1.9769E-02   -2.0919E-03   
2.0682E-02   -1.6287E-03   
2.1198E-02   -1.5048E-03   
2.0979E-02   -1.4704E-03   
2.2351E-02   -1.2777E-03   
2.1400E-02   -1.3579E-03   
2.1350E-02   -1.5452E-03   
2.1032E-02   -1.4196E-03   
2.2584E-02   -1.5336E-03   
2.0744E-02   -1.5726E-03   
2.4323E-02   -9.8341E-04   
2.2618E-02   -1.4214E-03   
2.1124E-02   -2.0092E-03   
2.1358E-02   -1.4859E-03   
2.1617E-02   -2.3406E-03   
4.0182E-03   -1.5182E-02   
2.1703E-02   -1.2278E-03   
2.1486E-02   -1.7858E-03   
2.2001E-02   -1.3832E-03   
2.2071E-02   -1.4607E-03   
2.1633E-02   -1.8152E-03   
2.2616E-02   -1.6310E-03   
2.1396E-02   -1.6580E-03   
2.1574E-02   -2.2346E-03   
2.1674E-02   -2.4108E-03   
2.1898E-02   -1.6273E-03   
2.1420E-02   -1.7263E-03   
2.2007E-02   -2.3345E-03   
2.1793E-02   -1.8515E-03   
2.2815E-02   -1.1887E-03   
2.3066E-02   -1.5153E-03   
2.2206E-02   -1.7291E-03   
2.1701E-02   -1.5588E-03   
2.2326E-02   -1.4540E-03   
2.1529E-02   -2.0322E-03   
2.2201E-02   -1.8391E-03   
2.3495E-02   -1.2990E-03   
2.2489E-02   -2.0993E-03   
2.1898E-02   -1.8971E-03   
2.1716E-02   -1.6308E-03   
2.2093E-02   -1.9921E-03   
2.2406E-02   -1.9558E-03   
2.2910E-02   -1.7588E-03   
2.3161E-02   -1.5830E-03   
2.2684E-02   -1.9390E-03   
3.9533E-04   -1.6177E-02   
2.1968E-02   -2.1364E-03   
2.1270E-02   -2.6728E-03   
2.6549E-02   -2.4209E-04   
8.9417E-04   -1.5319E-02   
2.7434E-02   -3.1679E-05   
2.6172E-02   -5.6232E-04   
7.1673E-04   -1.6239E-02   
3.5112E-03   -1.5312E-02   
2.2563E-02   -2.1732E-03   
2.6763E-02   -1.2149E-04   
1.0942E-03   -1.6199E-02   
4.6589E-03   -1.4459E-02   
1.5508E-03   -1.6140E-02   
2.0148E-03   -1.6072E-02   
2.4741E-03   -1.5979E-02   
2.9497E-03   -1.5855E-02   
2.7740E-02   -2.8324E-05   
3.4334E-03   -1.5680E-02   
3.9572E-03   -1.5415E-02   
2.6028E-02   -4.4680E-04   
4.5109E-03   -1.5020E-02   
2.8057E-02   -2.6145E-05   
5.6529E-03   -1.4207E-02   
8.7171E-03   -1.1801E-02   
2.3467E-02   -1.4203E-03   
1.3652E-02   -8.2664E-03   
2.8393E-02   -2.3185E-05   
2.4899E-02   -5.6611E-04   
1.6476E-02   -6.4628E-03   
1.7440E-02   -4.7216E-03   
2.6415E-03   -1.5631E-02   
2.6131E-02   -3.8080E-04   
1.9793E-02   -4.4417E-03   
2.1625E-02   -3.4009E-03   
2.8743E-02   -1.9218E-05   
2.2669E-02   -2.9250E-03   
1.4087E-02   -7.7482E-03   
2.3347E-02   -2.7222E-03   
2.3856E-02   -2.6397E-03   
2.9107E-02   -1.5219E-05   
2.4453E-02   -2.4546E-03   
2.5112E-02   -2.3144E-03   
1.1615E-03   -1.5940E-02   
2.5722E-02   -2.1719E-03   
2.9531E-02   -1.1960E-05   
2.6903E-02   -7.4048E-05   
1.7330E-02   -5.3601E-03   
2.6372E-02   -1.9991E-03   
2.6985E-02   -1.8569E-03   
2.5510E-02   -7.0376E-04   
3.0006E-02   -4.9141E-06   
2.4677E-02   -9.1640E-04   
2.3972E-02   -1.1297E-03   
2.8159E-02   -1.5072E-03   
3.0457E-02   -2.1819E-04   
3.0553E-02   -2.3903E-04   
3.0549E-02   -2.9752E-05   
3.0603E-02   -6.4168E-06   
3.0492E-02   -1.1205E-04   
5.7709E-03   -1.4150E-02   
2.9394E-02   -9.6873E-04   
1.3394E-03   -1.6040E-02   
2.4914E-02   -9.2733E-04   
2.4388E-02   -1.0704E-03   
2.3664E-03   -1.5793E-02   
2.3737E-02   -1.3990E-03   
3.0673E-03   -1.5536E-02   
2.6807E-02   -1.9789E-04   
2.3129E-02   -1.7656E-03   
2.6473E-02   -4.5738E-04   
3.4037E-03   -1.5506E-02   
1.7689E-02   -5.1703E-03   
2.3123E-03   -1.5911E-02   
2.0341E-02   -3.3514E-03   
3.2971E-03   -1.5655E-02   
2.5366E-02   -8.0601E-04   
2.5550E-02   -2.0611E-03   
2.2552E-02   -2.8174E-03   
4.5328E-03   -1.5039E-02   
1.3662E-02   -8.2054E-03   
9.0643E-03   -1.1715E-02   
9.9701E-03   -1.0988E-02   
2.8207E-02   -5.0583E-05   
2.3090E-02   -2.0349E-03   
2.7033E-02   -1.0653E-04   
2.6239E-02   -6.2330E-04   
2.7594E-02   -5.6319E-05   
2.9473E-02   -2.7318E-05   
2.2141E-02   -2.3958E-03   
2.3592E-02   -2.5225E-03   
2.6335E-02   -2.7907E-04   
2.6378E-02   -3.9379E-04   
2.3447E-02   -1.4938E-03   
2.0340E-02   -3.2059E-03   
3.0295E-02   -1.3196E-06   
2.7600E-02   -1.6812E-03   
1.6379E-02   -6.3691E-03   
2.6516E-02   -1.8135E-03   
3.0590E-02   -1.3888E-04   
3.0694E-02   -2.4436E-06   
3.0666E-02   -1.5188E-05   
3.0622E-02   -6.5388E-05   
2.4545E-02   -2.2675E-03   
2.0589E-02   -3.6814E-03   
2.8897E-02   -3.5271E-05   
2.8714E-02   -1.0796E-03   
3.0057E-02   -1.5093E-05   
2.9422E-02   -8.2546E-04   
2.9871E-02   -2.7266E-04   
3.0110E-02   -2.2843E-05   
3.0017E-02   -7.6560E-05   
2.9734E-02   -5.0825E-04   
2.5221E-02   -9.3170E-04   
2.2488E-02   -2.6962E-03   
2.6929E-02   -1.4957E-04   
2.7251E-02   -1.2165E-04   
2.8008E-02   -8.3893E-05   
1.5015E-03   -1.5910E-02   
2.1879E-02   -2.6009E-03   
2.4210E-02   -1.2401E-03   
1.2935E-02   -8.8101E-03   
2.6833E-02   -2.4727E-04   
2.8691E-02   -6.2079E-05   
2.7401E-02   -1.6011E-03   
4.5188E-03   -1.4997E-02   
2.1901E-02   -2.8992E-03   
1.6438E-02   -6.2894E-03   
2.3500E-02   -2.4380E-03   
2.0884E-02   -3.1473E-03   
2.5134E-02   -2.0571E-03   
2.3593E-02   -1.6513E-03   
1.9282E-02   -4.3540E-03   
2.6059E-02   -7.3802E-04   
2.6544E-02   -5.2286E-04   
2.4079E-02   -2.2990E-03   
2.3562E-02   -1.7991E-03   
2.9088E-02   -4.8549E-05   
2.3172E-02   -2.1445E-03   
2.8348E-02   -7.2894E-05   
1.9308E-02   -4.1892E-03   
2.6684E-02   -3.1817E-04   
2.2988E-02   -2.5713E-03   
2.3987E-02   -1.4277E-03   
2.7617E-02   -9.3593E-05   
2.6757E-02   -3.6493E-04   
2.9284E-02   -4.2852E-04   
2.9638E-02   -5.0825E-05   
2.9516E-02   -1.4085E-04   
2.9723E-02   -2.5740E-05   
2.5623E-02   -8.1336E-04   
2.7956E-02   -1.3231E-03   
2.8879E-02   -8.5391E-04   
3.0003E-02   -5.7122E-05   
2.9784E-02   -4.0943E-04   
2.9867E-02   -1.5336E-04   
2.9797E-02   -2.0102E-04   
2.2881E-02   -2.4696E-03   
1.8564E-02   -4.7846E-03   
2.8807E-02   -8.0702E-05   
2.6964E-02   -1.6578E-03   
2.1574E-02   -2.9249E-03   
2.3604E-02   -1.9180E-03   
2.2767E-02   -2.3762E-03   
2.6937E-02   -4.7906E-04   
2.7461E-02   -1.4002E-04   
2.4719E-02   -2.0736E-03   
2.8162E-02   -1.0469E-04   
2.9440E-02   -2.1450E-04   
2.9656E-02   -8.3864E-05   
2.7127E-02   -3.2900E-04   
2.5073E-02   -1.0703E-03   
2.7171E-02   -2.2593E-04   
2.4551E-02   -1.2356E-03   
2.9294E-02   -3.1159E-04   
2.8180E-02   -1.0525E-03   
2.6384E-02   -7.2526E-04   
2.5731E-02   -1.8495E-03   
2.4016E-02   -1.5950E-03   
2.2288E-02   -2.5203E-03   
2.3898E-02   -2.2164E-03   
2.6087E-02   -8.2055E-04   
2.9437E-02   -4.5710E-05   
2.7871E-02   -1.2364E-03   
2.9006E-02   -6.2553E-04   
2.4879E-02   -1.8703E-03   
2.4511E-02   -1.5096E-03   
2.5961E-02   -9.3625E-04   
2.6781E-02   -6.6415E-04   
2.4296E-02   -1.9999E-03   
2.3278E-02   -2.2448E-03   
2.8918E-02   -9.7763E-05   
2.7589E-02   -1.2349E-03   
2.8172E-02   -1.4182E-04   
2.8579E-02   -1.1846E-04   
2.3787E-02   -2.1212E-03   
2.7397E-02   -2.4628E-04   
2.7463E-02   -1.8287E-04   
2.7229E-02   -3.7996E-04   
2.3997E-02   -1.5173E-03   
2.4074E-02   -1.8190E-03   
2.7051E-02   -5.3576E-04   
2.5908E-02   -1.6673E-03   
2.5416E-02   -1.0699E-03   
2.4919E-02   -1.2182E-03   
2.4397E-02   -1.6555E-03   
2.6388E-02   -8.7143E-04   
2.6689E-02   -7.6745E-04   
2.6149E-02   -1.8279E-03   
2.7338E-02   -4.2960E-04   
2.4177E-02   -1.9098E-03   
2.9254E-02   -7.5989E-05   
2.7768E-02   -1.8777E-04   
2.7496E-02   -2.9785E-04   
2.6963E-02   -1.4251E-03   
2.8024E-02   -1.9961E-04   
2.4829E-02   -1.3384E-03   
2.5670E-02   -1.0856E-03   
2.6737E-02   -8.4488E-04   
2.4531E-02   -1.7151E-03   
2.7891E-02   -2.6160E-04   
2.7896E-02   -1.0316E-03   
2.7194E-02   -5.7190E-04   
2.7736E-02   -3.7873E-04   
2.6711E-02   -1.6356E-03   
2.8729E-02   -1.3628E-04   
2.5073E-02   -1.3588E-03   
2.5592E-02   -1.2006E-03   
2.9391E-02   -8.9638E-05   
2.7544E-02   -5.2515E-04   
2.8934E-02   -1.4900E-04   
2.5026E-02   -1.5931E-03   
2.7937E-02   -3.0719E-04   
2.8513E-02   -1.8682E-04   
2.7852E-02   -4.1749E-04   
2.5987E-02   -1.1762E-03   
2.8207E-02   -2.1136E-04   
2.6513E-02   -1.0102E-03   
2.7290E-02   -7.3248E-04   
2.8211E-02   -3.1189E-04   
2.7430E-02   -8.0746E-04   
2.5150E-02   -1.6698E-03   
2.6880E-02   -9.9461E-04   
2.5420E-02   -1.3761E-03   
2.6351E-02   -1.1654E-03   
2.8585E-02   -2.1943E-04   
2.9317E-02   -1.3268E-04   
2.7722E-02   -8.1419E-04   
2.7272E-02   -9.6439E-04   
2.8675E-02   -2.5290E-04   
2.5536E-02   -1.4843E-03   
2.6108E-02   -1.3520E-03   
2.8452E-02   -3.1980E-04   
2.8192E-02   -7.2329E-04   
2.7188E-02   -1.1071E-03   
2.9081E-02   -1.9865E-04   
2.8411E-02   -3.7608E-04   
2.8126E-02   -8.5410E-04   
2.9247E-02   -2.1484E-04   
2.7638E-02   -1.0216E-03   
2.7971E-02   -4.5800E-04   
2.7659E-02   -5.8006E-04   
2.7826E-02   -6.2840E-04   
2.8349E-02   -5.1642E-04   
