51 
1844 
2.7731E-02   -5.5005E-03   
2.9130E-02   -3.3752E-03   
3.0129E-02   -2.0315E-03   
3.0807E-02   -9.9799E-04   
4.4261E-37   -6.8007E-04   
3.1044E-02   5.6567E-38   
3.1211E-02   -1.4525E-34   
3.1320E-02   -3.9748E-35   
3.1636E-02   1.5314E-35   
3.1966E-02   4.1046E-35   
3.2418E-02   1.0786E-34   
3.3001E-02   1.6147E-34   
3.3466E-02   1.9973E-34   
3.4279E-02   3.0466E-34   
3.4900E-02   3.6300E-34   
3.5583E-02   3.0900E-34   
3.5947E-02   4.7517E-34   
3.6721E-02   6.8111E-34   
3.7557E-02   9.4618E-34   
3.8000E-02   -4.2889E-30   
3.8000E-02   -1.3500E-34   
3.8000E-02   -1.3500E-34   
3.8000E-02   -1.3500E-34   
3.8000E-02   -1.3500E-34   
3.8000E-02   -1.3500E-34   
3.8000E-02   -1.3500E-34   
3.8000E-02   -1.3500E-34   
3.8000E-02   -1.3500E-34   
3.8000E-02   -1.3500E-34   
3.8000E-02   -1.3500E-34   
3.8000E-02   -1.3500E-34   
3.8000E-02   -1.3500E-34   
3.6742E-02   -8.0191E-04   
3.5402E-02   -1.4851E-03   
3.4780E-02   -1.7261E-03   
3.4163E-02   -1.9264E-03   
3.2935E-02   -2.2555E-03   
3.2320E-02   -2.4010E-03   
3.1080E-02   -2.6847E-03   
3.0452E-02   -2.8365E-03   
2.8375E-02   -3.7689E-03   
2.1957E-02   -7.9035E-03   
1.6360E-02   -1.1353E-02   
5.8185E-03   -1.8774E-02   
4.0532E-03   -2.0432E-02   
3.5801E-03   -2.0755E-02   
2.6804E-03   -2.1090E-02   
1.7732E-03   -2.1234E-02   
8.7628E-04   -2.1302E-02   
-2.4129E-37   -2.1320E-02   
1.0624E-33   -2.1027E-02   
1.1346E-33   -2.0743E-02   
1.0764E-33   -2.0353E-02   
1.0172E-33   -2.0122E-02   
8.8203E-34   -1.9731E-02   
7.9323E-34   -1.9489E-02   
7.0718E-34   -1.9230E-02   
6.1005E-34   -1.8986E-02   
5.0079E-34   -1.8192E-02   
2.4674E-02   -5.2993E-03   
3.7443E-02   -1.6675E-05   
3.6867E-02   -4.8946E-05   
3.6045E-02   -1.0511E-04   
3.5375E-02   -1.5838E-04   
3.4721E-02   -2.2790E-04   
3.4008E-02   -2.7310E-04   
3.3439E-02   -2.9518E-04   
3.2715E-02   -3.5732E-04   
3.2015E-02   -4.0443E-04   
3.1323E-02   -4.5583E-04   
3.0651E-02   -5.1758E-04   
2.9960E-02   -6.1963E-04   
2.9235E-02   -8.3380E-04   
2.8223E-02   -1.3828E-03   
2.7014E-02   -2.5358E-03   
2.9133E-02   -2.1851E-03   
2.9540E-02   -9.2822E-04   
3.0097E-02   -4.8016E-04   
3.0650E-02   -3.2249E-04   
3.1200E-02   -2.7179E-04   
3.1738E-02   -2.5494E-04   
3.2386E-02   -2.2054E-04   
3.2993E-02   -1.9714E-04   
3.3568E-02   -1.7087E-04   
3.4152E-02   -1.6750E-04   
3.4820E-02   -1.2470E-04   
3.5464E-02   -9.0688E-05   
3.6097E-02   -6.5830E-05   
3.6782E-02   -2.9506E-05   
3.7382E-02   -7.5519E-06   
3.0719E-02   -5.1023E-04   
3.0938E-02   -1.9206E-04   
3.1200E-02   -1.2036E-04   
3.1618E-02   -9.6999E-05   
3.2044E-02   -9.1335E-05   
3.2589E-02   -9.3056E-05   
3.3096E-02   -9.3609E-05   
3.3613E-02   -8.9431E-05   
3.4299E-02   -6.8611E-05   
3.4882E-02   -5.2409E-05   
3.5548E-02   -4.1222E-05   
3.6214E-02   -2.5240E-05   
3.6872E-02   -1.2110E-05   
3.7486E-02   -1.2393E-06   
3.7333E-02   -3.5623E-05   
3.6698E-02   -9.3915E-05   
3.5923E-02   -1.8302E-04   
3.5229E-02   -2.4093E-04   
3.4608E-02   -3.2982E-04   
3.3853E-02   -4.0502E-04   
3.3112E-02   -4.7831E-04   
3.2417E-02   -5.4202E-04   
3.1685E-02   -6.2688E-04   
3.1004E-02   -7.1067E-04   
3.0125E-02   -8.5290E-04   
2.9180E-02   -1.0672E-03   
2.8262E-02   -1.3642E-03   
2.7122E-02   -1.9222E-03   
2.4321E-02   -3.7724E-03   
9.5547E-03   -1.3409E-02   
3.7278E-02   -6.7021E-05   
3.6729E-02   -1.3826E-04   
3.5790E-02   -2.7649E-04   
3.5177E-02   -3.6850E-04   
3.4454E-02   -4.6321E-04   
3.3577E-02   -5.9345E-04   
3.2827E-02   -6.7066E-04   
3.2093E-02   -7.6133E-04   
3.1212E-02   -9.0375E-04   
3.0373E-02   -1.0725E-03   
2.9488E-02   -1.2715E-03   
2.8594E-02   -1.4737E-03   
2.7478E-02   -1.8998E-03   
2.5362E-02   -3.0488E-03   
1.5525E-02   -9.4517E-03   
1.8007E-03   -1.8555E-02   
3.7473E-02   -6.6333E-05   
3.6456E-02   -2.4046E-04   
3.5882E-02   -3.3720E-04   
3.5177E-02   -4.7532E-04   
3.4132E-02   -6.5418E-04   
3.3389E-02   -7.8068E-04   
3.2629E-02   -8.9025E-04   
3.1715E-02   -1.0512E-03   
3.0873E-02   -1.2249E-03   
2.9986E-02   -1.3945E-03   
2.9134E-02   -1.5929E-03   
2.8089E-02   -1.8810E-03   
2.5871E-02   -3.0616E-03   
1.9640E-02   -7.0902E-03   
6.1541E-03   -1.6317E-02   
1.1148E-03   -1.9351E-02   
3.7134E-02   -1.6308E-04   
3.6524E-02   -3.0487E-04   
3.5785E-02   -4.8172E-04   
3.5039E-02   -6.5651E-04   
3.3971E-02   -8.6562E-04   
3.3125E-02   -1.0001E-03   
3.2238E-02   -1.1925E-03   
3.1385E-02   -1.3787E-03   
3.0412E-02   -1.5475E-03   
2.9618E-02   -1.7179E-03   
2.8741E-02   -1.9939E-03   
2.7169E-02   -2.6670E-03   
2.1458E-02   -6.3219E-03   
9.9119E-03   -1.4395E-02   
2.2968E-03   -1.9388E-02   
1.0419E-03   -1.9690E-02   
3.7299E-02   -1.9987E-04   
3.6452E-02   -4.5673E-04   
3.5765E-02   -6.2477E-04   
3.4680E-02   -9.0677E-04   
3.3718E-02   -1.1505E-03   
3.2881E-02   -1.2957E-03   
3.1825E-02   -1.5133E-03   
3.1025E-02   -1.6866E-03   
3.0014E-02   -1.8830E-03   
2.9115E-02   -2.1279E-03   
2.7968E-02   -2.5688E-03   
2.4675E-02   -4.5347E-03   
1.5536E-02   -1.0924E-02   
4.6164E-03   -1.8629E-02   
2.0588E-03   -1.9908E-02   
9.5584E-04   -2.0014E-02   
3.7169E-02   -2.9191E-04   
3.6227E-02   -6.1633E-04   
3.5571E-02   -8.0951E-04   
3.4288E-02   -1.1964E-03   
3.3515E-02   -1.3839E-03   
3.2630E-02   -1.6013E-03   
3.1674E-02   -1.7771E-03   
3.0684E-02   -1.9997E-03   
2.9567E-02   -2.2688E-03   
2.8626E-02   -2.5791E-03   
2.6038E-02   -4.1443E-03   
1.9682E-02   -8.4945E-03   
7.2629E-03   -1.7572E-02   
3.4714E-03   -1.9841E-02   
2.0161E-03   -2.0271E-02   
1.0054E-03   -2.0332E-02   
3.7206E-02   -3.8931E-04   
3.6386E-02   -7.4963E-04   
3.5299E-02   -1.1116E-03   
3.4344E-02   -1.4422E-03   
3.3329E-02   -1.6226E-03   
3.2330E-02   -1.8447E-03   
3.1365E-02   -2.0810E-03   
3.0386E-02   -2.3260E-03   
2.9384E-02   -2.5620E-03   
2.7104E-02   -3.7251E-03   
2.1219E-02   -7.7734E-03   
1.0873E-02   -1.5430E-02   
4.7030E-03   -1.9614E-02   
2.9992E-03   -2.0435E-02   
1.9504E-03   -2.0596E-02   
1.0842E-03   -2.0639E-02   
3.6871E-02   -6.8207E-04   
3.5902E-02   -1.1693E-03   
3.5120E-02   -1.4056E-03   
3.3852E-02   -1.7783E-03   
3.3068E-02   -1.9640E-03   
3.1960E-02   -2.2183E-03   
3.0976E-02   -2.4672E-03   
3.0105E-02   -2.6501E-03   
2.8572E-02   -3.2685E-03   
2.3816E-02   -6.1183E-03   
1.6596E-02   -1.1153E-02   
6.4858E-03   -1.8748E-02   
3.9636E-03   -2.0457E-02   
2.8783E-03   -2.0762E-02   
1.9179E-03   -2.0905E-02   
8.6005E-04   -2.1032E-02   
7.5332E-03   -1.0793E-03   
1.4222E-02   -1.9507E-03   
2.0071E-02   -2.9359E-03   
2.3566E-02   -4.0364E-03   
2.5559E-02   -4.9553E-03   
2.6773E-02   -5.6235E-03   
2.7320E-02   -5.6124E-03   
2.8001E-02   -5.2548E-03   
2.8193E-02   -4.9430E-03   
2.8365E-02   -4.6326E-03   
2.8528E-02   -4.3423E-03   
2.8685E-02   -4.0732E-03   
2.8838E-02   -3.8236E-03   
2.8987E-02   -3.5915E-03   
2.9269E-02   -3.1731E-03   
2.9405E-02   -2.9837E-03   
2.9536E-02   -2.8053E-03   
2.9663E-02   -2.6368E-03   
2.9787E-02   -2.4762E-03   
2.9906E-02   -2.3222E-03   
3.0020E-02   -2.1743E-03   
3.0234E-02   -1.8931E-03   
3.0333E-02   -1.7581E-03   
3.0427E-02   -1.6261E-03   
3.0515E-02   -1.4966E-03   
3.0598E-02   -1.3692E-03   
3.0674E-02   -1.2437E-03   
3.0744E-02   -1.1199E-03   
3.0864E-02   -8.7846E-04   
3.0915E-02   -7.5730E-04   
3.0957E-02   -6.3521E-04   
3.0987E-02   -5.0964E-04   
3.1021E-02   -3.8809E-04   
3.1031E-02   -2.5935E-04   
3.1051E-02   -1.3027E-04   
3.1112E-02   -5.1214E-34   
3.1146E-02   -4.9954E-34   
3.1169E-02   -3.8849E-34   
3.1186E-02   -2.1995E-34   
3.1199E-02   -1.7837E-34   
3.1224E-02   -1.1718E-34   
3.1239E-02   -9.3207E-35   
3.1260E-02   -7.2713E-35   
3.1286E-02   -5.5071E-35   
3.1363E-02   -2.6349E-35   
3.1415E-02   -1.4585E-35   
3.1477E-02   -4.1177E-36   
3.1551E-02   5.6963E-36   
3.1733E-02   2.4077E-35   
3.1843E-02   3.2667E-35   
3.2102E-02   5.0062E-35   
3.2253E-02   5.9118E-35   
3.2598E-02   1.1587E-34   
3.2792E-02   9.0231E-35   
3.3226E-02   1.7529E-34   
3.3721E-02   2.2986E-34   
3.3992E-02   2.5911E-34   
3.4582E-02   3.0932E-34   
3.5233E-02   4.0557E-34   
3.6327E-02   5.8051E-34   
3.7131E-02   5.8280E-34   
3.8000E-02   -1.3500E-34   
3.8000E-02   -1.3500E-34   
3.8000E-02   -1.3500E-34   
3.8000E-02   -1.3500E-34   
3.8000E-02   -1.3500E-34   
3.6048E-02   -1.1877E-03   
3.3550E-02   -2.0995E-03   
3.1702E-02   -2.5420E-03   
2.9775E-02   -3.0335E-03   
2.5943E-02   -5.2421E-03   
1.0066E-02   -1.5692E-02   
4.5881E-03   -1.9927E-02   
3.1314E-03   -2.0963E-02   
2.2265E-03   -2.1174E-02   
1.3223E-03   -2.1275E-02   
4.3597E-04   -2.1318E-02   
7.8031E-34   -2.1173E-02   
1.1144E-33   -2.0883E-02   
1.1036E-33   -2.0607E-02   
1.6122E-33   -2.0477E-02   
1.6275E-33   -2.0234E-02   
9.9050E-34   -2.0016E-02   
9.5997E-34   -1.9916E-02   
9.1935E-34   -1.9821E-02   
8.5061E-34   -1.9646E-02   
8.2090E-34   -1.9565E-02   
7.6920E-34   -1.9417E-02   
7.4629E-34   -1.9350E-02   
7.2484E-34   -1.9288E-02   
6.9380E-34   -1.9179E-02   
6.7639E-34   -1.9131E-02   
6.5442E-34   -1.9085E-02   
6.3190E-34   -1.9037E-02   
5.9189E-34   -1.8930E-02   
5.7331E-34   -1.8864E-02   
5.5656E-34   -1.8776E-02   
5.3947E-34   -1.8651E-02   
5.1985E-34   -1.8468E-02   
4.8003E-34   -1.7765E-02   
4.5878E-34   -1.7110E-02   
4.3718E-34   -1.6137E-02   
4.1751E-34   -1.4776E-02   
3.9952E-34   -1.2954E-02   
5.8174E-34   -1.0540E-02   
5.3017E-34   -7.6876E-03   
3.8870E-34   -4.2783E-03   
2.8195E-02   -4.3712E-03   
2.9336E-02   -2.7693E-03   
2.9746E-02   -2.2756E-03   
2.8551E-02   -3.8262E-03   
3.0698E-02   -1.0894E-03   
2.7598E-02   -5.3461E-03   
2.1962E-02   -4.9664E-03   
3.0434E-02   -1.4523E-03   
3.0953E-02   -6.3170E-04   
3.0115E-02   -1.8435E-03   
2.8882E-02   -3.3583E-03   
3.0839E-02   -8.5875E-04   
2.9040E-02   -3.1489E-03   
2.7310E-02   -5.6247E-03   
2.9998E-02   -1.9823E-03   
3.0529E-02   -1.3287E-03   
3.1083E-02   -1.7958E-04   
9.9865E-03   -4.2452E-03   
2.6883E-02   -5.7751E-03   
2.9477E-02   -2.5966E-03   
2.9612E-02   -2.4320E-03   
3.0772E-02   -9.7321E-04   
2.4802E-02   -5.3831E-03   
3.0998E-02   -5.1755E-04   
1.6786E-02   -4.8522E-03   
2.6324E-02   -5.8312E-03   
3.0617E-02   -1.2079E-03   
3.0899E-02   -7.4497E-04   
2.7814E-02   -5.0086E-03   
3.0334E-02   -1.5791E-03   
3.0227E-02   -1.7094E-03   
2.8720E-02   -3.5837E-03   
2.8008E-02   -4.6782E-03   
2.8377E-02   -4.0882E-03   
2.9191E-02   -2.9532E-03   
2.9875E-02   -2.1261E-03   
5.4440E-03   -1.1605E-02   
4.4600E-03   -1.3604E-02   
3.5433E-03   -1.5202E-02   
2.7055E-03   -1.6402E-02   
1.9891E-03   -1.7249E-02   
1.4345E-03   -1.7827E-02   
1.0344E-03   -1.8215E-02   
7.5957E-04   -1.8475E-02   
5.7372E-04   -1.8651E-02   
3.1151E-02   -9.5322E-05   
4.4718E-04   -1.8774E-02   
3.1170E-02   -7.8729E-05   
3.5993E-04   -1.8863E-02   
3.1184E-02   -6.6074E-05   
3.0285E-04   -1.8931E-02   
3.1195E-02   -5.5398E-05   
2.6007E-04   -1.8989E-02   
3.1207E-02   -4.6684E-05   
2.2675E-04   -1.9042E-02   
3.1221E-02   -3.9584E-05   
2.0304E-04   -1.9093E-02   
3.1239E-02   -3.3917E-05   
1.8979E-04   -1.9145E-02   
3.1262E-02   -2.9523E-05   
1.9027E-04   -1.9199E-02   
3.1292E-02   -2.6226E-05   
1.9806E-04   -1.9256E-02   
3.1330E-02   -2.3849E-05   
2.0680E-04   -1.9316E-02   
3.1378E-02   -2.2291E-05   
2.1514E-04   -1.9381E-02   
3.1435E-02   -2.1449E-05   
2.2404E-04   -1.9451E-02   
3.1503E-02   -2.1178E-05   
2.3402E-04   -1.9525E-02   
3.1583E-02   -2.1302E-05   
2.4420E-04   -1.9603E-02   
3.1674E-02   -2.1578E-05   
2.5426E-04   -1.9686E-02   
3.1778E-02   -2.2461E-05   
2.6456E-04   -1.9774E-02   
3.1893E-02   -2.3579E-05   
2.7499E-04   -1.9865E-02   
3.2021E-02   -2.5171E-05   
2.8855E-04   -1.9961E-02   
3.2163E-02   -2.6612E-05   
3.0455E-04   -2.0063E-02   
3.2321E-02   -2.7653E-05   
3.1422E-04   -2.0171E-02   
3.2493E-02   -2.8701E-05   
3.2404E-04   -2.0284E-02   
3.2682E-02   -2.9583E-05   
3.4895E-04   -2.0405E-02   
3.2888E-02   -2.9855E-05   
3.6429E-04   -2.0536E-02   
3.3105E-02   -2.8853E-05   
3.6783E-04   -2.0672E-02   
3.3332E-02   -2.9938E-05   
3.8272E-04   -2.0812E-02   
3.3579E-02   -2.9642E-05   
4.0577E-04   -2.0961E-02   
2.8619E-02   -3.3516E-03   
3.0110E-02   -1.6659E-03   
3.0548E-02   -1.1738E-03   
2.7847E-02   -4.4170E-03   
3.1081E-02   -2.7255E-04   
1.8750E-02   -6.6981E-03   
2.9421E-02   -2.3951E-03   
3.0990E-02   -5.1861E-04   
2.5524E-02   -6.2107E-03   
2.7183E-02   -5.4559E-03   
2.6878E-02   -5.7657E-03   
2.9853E-02   -1.9391E-03   
2.8964E-02   -2.9303E-03   
3.0803E-02   -8.3935E-04   
3.0873E-02   -7.3179E-04   
2.9124E-02   -2.7406E-03   
2.9713E-02   -2.0831E-03   
3.0641E-02   -1.0598E-03   
3.0449E-02   -1.2910E-03   
2.8051E-02   -4.1178E-03   
2.7418E-02   -5.0927E-03   
1.2748E-02   -7.2267E-03   
2.8247E-02   -3.8420E-03   
2.9273E-02   -2.5658E-03   
2.9566E-02   -2.2342E-03   
3.0726E-02   -9.4846E-04   
3.0935E-02   -6.2524E-04   
2.8437E-02   -3.5874E-03   
3.0229E-02   -1.5367E-03   
2.6419E-02   -5.9575E-03   
2.7636E-02   -4.7415E-03   
3.0342E-02   -1.4119E-03   
3.1039E-02   -4.0638E-04   
2.3056E-02   -6.2363E-03   
2.9985E-02   -1.8003E-03   
2.8796E-02   -3.1335E-03   
6.0165E-03   -9.1079E-03   
9.8457E-03   -1.1732E-02   
8.2875E-03   -1.3508E-02   
6.6013E-03   -1.4965E-02   
5.0034E-03   -1.6087E-02   
3.7202E-03   -1.6919E-02   
2.7399E-03   -1.7527E-02   
2.0133E-03   -1.7967E-02   
3.1124E-02   -1.2403E-04   
1.4877E-03   -1.8280E-02   
1.1148E-03   -1.8502E-02   
3.1137E-02   -1.6861E-04   
8.5490E-04   -1.8664E-02   
3.1150E-02   -1.4422E-04   
6.7743E-04   -1.8785E-02   
3.1161E-02   -1.2051E-04   
5.5702E-04   -1.8878E-02   
3.1171E-02   -1.0139E-04   
4.7652E-04   -1.8953E-02   
3.1183E-02   -8.5957E-05   
4.2594E-04   -1.9020E-02   
3.1198E-02   -7.3434E-05   
3.9905E-04   -1.9084E-02   
3.1218E-02   -6.3556E-05   
3.8851E-04   -1.9149E-02   
3.1244E-02   -5.6079E-05   
3.9255E-04   -1.9214E-02   
3.1278E-02   -5.0633E-05   
4.0617E-04   -1.9277E-02   
3.1321E-02   -4.6734E-05   
4.2126E-04   -1.9340E-02   
3.1374E-02   -4.4419E-05   
4.3811E-04   -1.9407E-02   
3.1437E-02   -4.3526E-05   
4.5714E-04   -1.9479E-02   
3.1511E-02   -4.3635E-05   
4.7783E-04   -1.9556E-02   
3.1599E-02   -4.3826E-05   
4.9831E-04   -1.9637E-02   
3.1697E-02   -4.3967E-05   
5.1858E-04   -1.9722E-02   
3.1802E-02   -4.6757E-05   
5.3657E-04   -1.9811E-02   
3.1920E-02   -4.8864E-05   
5.5104E-04   -1.9902E-02   
3.2052E-02   -5.3336E-05   
5.8832E-04   -1.9996E-02   
3.2203E-02   -5.5288E-05   
6.2323E-04   -2.0100E-02   
3.2369E-02   -5.7050E-05   
6.2732E-04   -2.0212E-02   
3.2549E-02   -5.9167E-05   
6.5960E-04   -2.0322E-02   
3.2753E-02   -6.0562E-05   
7.5618E-04   -2.0448E-02   
3.2977E-02   -5.9853E-05   
7.3137E-04   -2.0592E-02   
3.3186E-02   -5.5026E-05   
7.4644E-04   -2.0727E-02   
3.3408E-02   -6.5725E-05   
7.8565E-04   -2.0868E-02   
3.3842E-02   -3.1063E-05   
2.9372E-02   -2.2000E-03   
2.9537E-02   -2.0430E-03   
2.8906E-02   -2.7250E-03   
2.9696E-02   -1.9006E-03   
2.8727E-02   -2.9179E-03   
2.6748E-02   -5.5875E-03   
2.7011E-02   -5.1963E-03   
2.7252E-02   -4.8236E-03   
2.7486E-02   -4.4803E-03   
2.7712E-02   -4.1637E-03   
2.6387E-02   -5.9381E-03   
2.7931E-02   -3.8722E-03   
2.8540E-02   -3.1283E-03   
2.9843E-02   -1.7631E-03   
2.8141E-02   -3.6038E-03   
2.8344E-02   -3.3565E-03   
2.5524E-02   -6.3375E-03   
2.9982E-02   -1.6287E-03   
3.0757E-02   -8.1975E-04   
3.0837E-02   -7.1750E-04   
3.0907E-02   -6.1803E-04   
3.0669E-02   -9.2438E-04   
2.3611E-02   -7.1140E-03   
3.0114E-02   -1.4995E-03   
3.0573E-02   -1.0316E-03   
3.0358E-02   -1.2565E-03   
3.0239E-02   -1.3756E-03   
3.0469E-02   -1.1422E-03   
1.9615E-02   -7.8636E-03   
1.5975E-02   -8.3523E-03   
3.0969E-02   -5.1910E-04   
3.1026E-02   -4.1745E-04   
3.1076E-02   -3.1298E-04   
1.1300E-02   -9.9030E-03   
1.1761E-02   -1.2848E-02   
9.1675E-03   -1.4227E-02   
7.1074E-03   -1.5336E-02   
5.4663E-03   -1.6212E-02   
4.1599E-03   -1.6905E-02   
3.1364E-03   -1.7447E-02   
3.1117E-02   -2.0177E-04   
2.3563E-03   -1.7864E-02   
1.7799E-03   -1.8183E-02   
3.1098E-02   -2.4315E-04   
1.3643E-03   -1.8426E-02   
3.1110E-02   -1.9802E-04   
1.0715E-03   -1.8613E-02   
3.1119E-02   -1.6594E-04   
8.7144E-04   -1.8760E-02   
3.1128E-02   -1.4049E-04   
7.4134E-04   -1.8877E-02   
3.1139E-02   -1.2010E-04   
6.7114E-04   -1.8972E-02   
3.1156E-02   -1.0337E-04   
6.4921E-04   -1.9053E-02   
3.1178E-02   -9.0713E-05   
6.3006E-04   -1.9138E-02   
3.1207E-02   -8.1727E-05   
6.2086E-04   -1.9219E-02   
3.1245E-02   -7.4854E-05   
6.2446E-04   -1.9289E-02   
3.1294E-02   -7.0024E-05   
6.4205E-04   -1.9357E-02   
3.1351E-02   -6.8097E-05   
6.6851E-04   -1.9427E-02   
3.1419E-02   -6.8097E-05   
7.0121E-04   -1.9502E-02   
3.1503E-02   -6.8383E-05   
7.3348E-04   -1.9581E-02   
3.1604E-02   -6.8110E-05   
7.6358E-04   -1.9665E-02   
3.1706E-02   -6.5657E-05   
7.9089E-04   -1.9754E-02   
3.1797E-02   -7.6404E-05   
8.0437E-04   -1.9847E-02   
7.9391E-04   -1.9931E-02   
9.4254E-04   -2.0144E-02   
3.2390E-02   -8.9297E-05   
1.0701E-03   -2.0519E-02   
1.1218E-03   -2.0765E-02   
3.2816E-02   -9.4317E-05   
3.4134E-02   -3.2580E-05   
3.0939E-02   -5.1960E-04   
3.1001E-02   -4.2597E-04   
3.1059E-02   -3.2958E-04   
2.9032E-02   -2.3868E-03   
2.8867E-02   -2.5310E-03   
2.6223E-02   -5.7594E-03   
2.5408E-02   -6.3360E-03   
2.7364E-02   -4.2263E-03   
2.6562E-02   -5.3220E-03   
2.7604E-02   -3.9180E-03   
2.6849E-02   -4.9246E-03   
2.8679E-02   -2.7118E-03   
2.9694E-02   -1.7337E-03   
2.7116E-02   -4.5612E-03   
3.0702E-02   -7.9988E-04   
3.0603E-02   -9.0120E-04   
2.7835E-02   -3.6343E-03   
2.8058E-02   -3.3734E-03   
3.0257E-02   -1.2258E-03   
3.0380E-02   -1.1134E-03   
3.0793E-02   -7.0065E-04   
2.3222E-02   -7.3758E-03   
3.0871E-02   -6.0893E-04   
2.8480E-02   -2.9136E-03   
3.0127E-02   -1.3441E-03   
2.8273E-02   -3.1339E-03   
3.0496E-02   -1.0055E-03   
2.9845E-02   -1.5982E-03   
2.9989E-02   -1.4684E-03   
1.3877E-02   -1.1904E-02   
1.1295E-02   -1.3225E-02   
9.1693E-03   -1.4287E-02   
7.3528E-03   -1.5196E-02   
5.8129E-03   -1.5978E-02   
4.5421E-03   -1.6641E-02   
3.5248E-03   -1.7193E-02   
2.7317E-03   -1.7643E-02   
3.1101E-02   -2.5021E-04   
3.1046E-02   -2.8803E-04   
2.1316E-03   -1.8006E-02   
3.1052E-02   -2.4296E-04   
1.6878E-03   -1.8299E-02   
3.1058E-02   -2.0473E-04   
1.3663E-03   -1.8535E-02   
3.1066E-02   -1.7502E-04   
1.1467E-03   -1.8723E-02   
3.1077E-02   -1.5129E-04   
1.0230E-03   -1.8864E-02   
3.1097E-02   -1.3077E-04   
1.0223E-03   -1.8959E-02   
3.1120E-02   -1.1810E-04   
9.2579E-04   -1.9093E-02   
3.1149E-02   -1.0852E-04   
8.8504E-04   -1.9191E-02   
3.1195E-02   -1.0026E-04   
8.7095E-04   -1.9284E-02   
3.1251E-02   -9.4970E-05   
9.2016E-04   -1.9436E-02   
1.0676E-03   -1.9894E-02   
3.1382E-02   -9.6742E-05   
9.6623E-04   -1.9515E-02   
1.0029E-03   -1.9600E-02   
1.0788E-03   -1.9789E-02   
3.1935E-02   -7.3675E-05   
3.2240E-02   -8.2921E-05   
3.2398E-02   -1.2768E-04   
3.1483E-02   -9.7274E-05   
1.4820E-03   -2.0661E-02   
3.2616E-02   -1.3082E-04   
1.1141E-03   -2.0419E-02   
3.1716E-02   -1.1037E-04   
1.2969E-03   -2.0079E-02   
3.1029E-02   -3.4685E-04   
3.0963E-02   -4.4019E-04   
3.0902E-02   -5.2257E-04   
2.9394E-02   -1.8382E-03   
2.9360E-02   -2.0064E-03   
2.9535E-02   -1.7119E-03   
2.8660E-02   -2.5139E-03   
3.0740E-02   -6.8470E-04   
2.6025E-02   -5.4773E-03   
3.0833E-02   -5.8941E-04   
2.5230E-02   -6.1374E-03   
2.3137E-02   -7.3573E-03   
2.6409E-02   -5.0413E-03   
2.7270E-02   -3.9800E-03   
2.7007E-02   -4.3071E-03   
2.8443E-02   -2.7073E-03   
2.6724E-02   -4.6589E-03   
2.7521E-02   -3.6798E-03   
2.9697E-02   -1.5751E-03   
3.0282E-02   -1.0880E-03   
3.0637E-02   -7.8194E-04   
2.7763E-02   -3.4037E-03   
3.0409E-02   -9.8200E-04   
3.0527E-02   -8.8044E-04   
3.0147E-02   -1.2000E-03   
2.7998E-02   -3.1510E-03   
2.8224E-02   -2.9196E-03   
3.0004E-02   -1.3185E-03   
2.9854E-02   -1.4438E-03   
1.7194E-02   -1.0161E-02   
1.5444E-02   -1.1091E-02   
1.3309E-02   -1.2063E-02   
1.1291E-02   -1.3020E-02   
9.4294E-03   -1.3930E-02   
7.7659E-03   -1.4779E-02   
6.3198E-03   -1.5551E-02   
5.0931E-03   -1.6233E-02   
4.0907E-03   -1.6825E-02   
3.0966E-02   -3.4120E-04   
3.2913E-03   -1.7326E-02   
3.0977E-02   -2.7989E-04   
2.6707E-03   -1.7744E-02   
2.1840E-03   -1.8099E-02   
3.0981E-02   -2.3905E-04   
3.0984E-02   -2.0768E-04   
1.7825E-03   -1.8409E-02   
3.0989E-02   -1.8330E-04   
1.3694E-03   -1.8860E-02   
3.1027E-02   -1.5268E-04   
1.3031E-03   -1.8973E-02   
3.1134E-02   -1.2782E-04   
3.1077E-02   -1.3721E-04   
1.2425E-03   -1.9113E-02   
1.2523E-03   -1.9398E-02   
8.7697E-04   -1.9364E-02   
1.2716E-03   -1.9504E-02   
1.3124E-03   -1.9603E-02   
1.3764E-03   -2.0454E-02   
1.3501E-03   -2.0342E-02   
1.3636E-03   -1.9709E-02   
3.1329E-02   -1.3143E-04   
3.1858E-02   -1.0138E-04   
3.1566E-02   -1.3907E-04   
3.2180E-02   -1.2091E-04   
3.1442E-02   -1.3264E-04   
3.1309E-02   -9.5548E-05   
1.4295E-03   -1.9825E-02   
1.2526E-03   -2.0219E-02   
1.3520E-03   -1.9954E-02   
3.2847E-02   -1.3283E-04   
1.4187E-03   -2.0790E-02   
1.3371E-03   -2.0557E-02   
3.2400E-02   -1.7090E-04   
2.9181E-02   -1.9237E-03   
3.0983E-02   -3.7445E-04   
3.0778E-02   -5.7903E-04   
2.5904E-02   -5.1757E-03   
3.0672E-02   -6.7446E-04   
2.5157E-02   -5.7685E-03   
2.0287E-02   -8.6967E-03   
2.8429E-02   -2.5054E-03   
2.6922E-02   -4.0611E-03   
2.6626E-02   -4.4072E-03   
2.6309E-02   -4.7717E-03   
2.9539E-02   -1.5663E-03   
2.7200E-02   -3.7404E-03   
3.0312E-02   -9.6174E-04   
2.7462E-02   -3.4480E-03   
3.0441E-02   -8.6244E-04   
3.0561E-02   -7.6738E-04   
3.0174E-02   -1.0672E-03   
2.7715E-02   -3.1807E-03   
2.8197E-02   -2.7125E-03   
2.9708E-02   -1.4278E-03   
3.0026E-02   -1.1797E-03   
2.7960E-02   -2.9365E-03   
2.9871E-02   -1.2999E-03   
1.9219E-02   -9.0631E-03   
1.7402E-02   -9.7997E-03   
2.8913E-02   -2.1237E-03   
1.5487E-02   -1.0665E-02   
2.8666E-02   -2.3103E-03   
1.3561E-02   -1.1564E-02   
1.1737E-02   -1.2464E-02   
1.0037E-02   -1.3343E-02   
8.4780E-03   -1.4182E-02   
7.1056E-03   -1.4972E-02   
5.9221E-03   -1.5685E-02   
2.1587E-03   -1.8430E-02   
3.0889E-02   -3.6002E-04   
4.9380E-03   -1.6310E-02   
4.1274E-03   -1.6860E-02   
3.0890E-02   -3.1146E-04   
3.4231E-03   -1.7372E-02   
3.0887E-02   -2.7294E-04   
3.0884E-02   -2.4374E-04   
1.5239E-03   -1.8630E-02   
3.0941E-02   -1.8150E-04   
1.9593E-03   -1.8688E-02   
1.4884E-03   -1.9202E-02   
3.1738E-02   -1.4439E-04   
3.1375E-02   -1.7560E-04   
3.1068E-02   -1.5992E-04   
1.6666E-03   -1.9439E-02   
3.0993E-02   -1.6885E-04   
1.7188E-03   -1.9555E-02   
1.1682E-03   -1.9252E-02   
1.6620E-03   -2.0510E-02   
1.7439E-03   -1.9673E-02   
3.1952E-02   -1.3715E-04   
1.6589E-03   -2.0013E-02   
1.6243E-03   -2.0135E-02   
3.1223E-02   -1.3296E-04   
1.6962E-03   -2.0375E-02   
1.6507E-03   -1.9317E-02   
3.1262E-02   -1.7181E-04   
3.2626E-02   -1.7342E-04   
3.2192E-02   -1.6573E-04   
3.0800E-02   -4.9596E-04   
3.0700E-02   -5.8308E-04   
3.0893E-02   -4.6466E-04   
2.3689E-02   -6.3642E-03   
2.5901E-02   -4.8949E-03   
2.9364E-02   -1.5662E-03   
2.6547E-02   -4.1653E-03   
3.0592E-02   -6.6935E-04   
2.6208E-02   -4.5371E-03   
2.6861E-02   -3.8215E-03   
1.8035E-02   -9.8563E-03   
2.7154E-02   -3.5082E-03   
2.8190E-02   -2.5122E-03   
3.0207E-02   -9.4573E-04   
3.0474E-02   -7.5745E-04   
3.0346E-02   -8.4886E-04   
2.9550E-02   -1.4211E-03   
2.7429E-02   -3.2238E-03   
3.0056E-02   -1.0518E-03   
2.7691E-02   -2.9656E-03   
2.7945E-02   -2.7297E-03   
2.9727E-02   -1.2885E-03   
2.9896E-02   -1.1661E-03   
2.8438E-02   -2.3072E-03   
2.1138E-02   -7.7348E-03   
1.9482E-02   -8.4224E-03   
1.7635E-02   -9.2278E-03   
2.3007E-02   -7.0849E-03   
1.5894E-02   -1.0040E-02   
2.8688E-02   -2.1117E-03   
2.8937E-02   -1.9215E-03   
1.4201E-02   -1.0867E-02   
3.0873E-02   -4.1757E-04   
2.9164E-02   -1.7372E-03   
1.2550E-02   -1.1709E-02   
1.1002E-02   -1.2570E-02   
8.2531E-03   -1.4202E-02   
3.0799E-02   -3.8886E-04   
7.1260E-03   -1.4931E-02   
6.1800E-03   -1.5586E-02   
3.0784E-02   -3.4750E-04   
3.0775E-02   -3.1001E-04   
3.4562E-03   -1.7520E-02   
1.8064E-03   -1.8915E-02   
3.0834E-02   -2.1764E-04   
3.1162E-02   -1.7102E-04   
2.2098E-03   -1.9270E-02   
2.6287E-03   -1.7959E-02   
3.1497E-02   -1.8370E-04   
3.4905E-03   -1.7645E-02   
3.1175E-02   -2.1910E-04   
1.7202E-03   -1.9182E-02   
1.9750E-03   -2.0068E-02   
2.1644E-03   -1.9141E-02   
1.8257E-03   -1.9753E-02   
3.1077E-02   -1.7553E-04   
3.2021E-02   -1.6252E-04   
3.0884E-02   -2.0911E-04   
1.7195E-03   -1.9883E-02   
1.6429E-03   -2.0254E-02   
3.2168E-02   -2.1466E-04   
3.2840E-02   -1.7274E-04   
1.7533E-03   -2.0756E-02   
2.1180E-03   -2.0416E-02   
3.1899E-02   -1.1669E-04   
3.0614E-02   -5.8831E-04   
2.5645E-02   -4.7602E-03   
2.8204E-02   -2.3188E-03   
2.6129E-02   -4.2989E-03   
2.6495E-02   -3.9248E-03   
3.0502E-02   -6.7015E-04   
2.6825E-02   -3.5885E-03   
2.9381E-02   -1.4234E-03   
3.0246E-02   -8.3687E-04   
3.0382E-02   -7.5159E-04   
2.7131E-02   -3.2835E-03   
3.0093E-02   -9.3485E-04   
2.7949E-02   -2.5308E-03   
2.7418E-02   -3.0076E-03   
2.9573E-02   -1.2855E-03   
2.7689E-02   -2.7586E-03   
2.9930E-02   -1.0424E-03   
2.9756E-02   -1.1593E-03   
2.3043E-02   -6.4527E-03   
2.1028E-02   -7.2958E-03   
3.0804E-02   -4.3571E-04   
1.9602E-02   -7.8961E-03   
2.8953E-02   -1.7453E-03   
2.8461E-02   -2.1175E-03   
2.9175E-02   -1.5765E-03   
1.8167E-02   -8.5260E-03   
1.6674E-02   -9.2178E-03   
2.8713E-02   -1.9267E-03   
1.5221E-02   -9.9808E-03   
1.3783E-02   -1.0761E-02   
1.2401E-02   -1.1557E-02   
3.0767E-02   -2.8170E-04   
1.1142E-02   -1.2328E-02   
5.2655E-03   -1.6245E-02   
1.0098E-02   -1.3001E-02   
3.0672E-02   -4.3846E-04   
3.0988E-02   -2.1396E-04   
3.0659E-02   -3.8751E-04   
3.2263E-03   -1.7941E-02   
2.2847E-03   -1.8798E-02   
3.0793E-02   -2.3259E-04   
4.0915E-03   -1.7171E-02   
3.0931E-02   -2.1064E-04   
3.1016E-03   -1.8618E-02   
2.2026E-03   -1.9697E-02   
2.2456E-03   -1.8954E-02   
2.1260E-03   -1.9600E-02   
3.0701E-02   -2.6329E-04   
3.1796E-02   -1.9099E-04   
2.4598E-03   -1.9912E-02   
3.1976E-02   -2.0652E-04   
1.9124E-03   -2.0174E-02   
3.2127E-02   -2.7097E-04   
2.1934E-03   -2.0703E-02   
3.2655E-02   -2.2386E-04   
3.3072E-02   -1.4322E-04   
2.4333E-03   -2.0528E-02   
3.1593E-02   -2.0102E-04   
3.0633E-02   -5.1760E-04   
2.5165E-02   -5.3746E-03   
2.5667E-02   -4.4453E-03   
2.6097E-02   -4.0463E-03   
2.7970E-02   -2.3409E-03   
2.6471E-02   -3.6884E-03   
3.0417E-02   -6.7537E-04   
3.0297E-02   -7.3717E-04   
2.6814E-02   -3.3630E-03   
2.3255E-02   -6.0236E-03   
3.0141E-02   -8.2662E-04   
2.9409E-02   -1.2890E-03   
2.7134E-02   -3.0674E-03   
2.7706E-02   -2.5606E-03   
2.9972E-02   -9.2812E-04   
2.7431E-02   -2.8005E-03   
2.9606E-02   -1.1583E-03   
2.9794E-02   -1.0385E-03   
2.2465E-02   -6.2528E-03   
2.8233E-02   -2.1344E-03   
2.8979E-02   -1.5877E-03   
2.9201E-02   -1.4320E-03   
2.1455E-02   -6.6026E-03   
2.8742E-02   -1.7577E-03   
2.0230E-02   -7.0945E-03   
1.9049E-02   -7.6605E-03   
2.8492E-02   -1.9400E-03   
3.0727E-02   -4.5668E-04   
1.5444E-02   -9.5585E-03   
1.7830E-02   -8.2511E-03   
3.0644E-02   -3.5200E-04   
1.6622E-02   -8.8879E-03   
3.0873E-02   -2.2906E-04   
6.4114E-03   -1.5583E-02   
9.2656E-03   -1.3561E-02   
6.0682E-03   -1.5883E-02   
1.4424E-02   -1.0169E-02   
3.0536E-02   -4.7287E-04   
3.0747E-02   -2.5975E-04   
3.0662E-02   -2.7469E-04   
5.2063E-03   -1.6558E-02   
3.5210E-03   -1.8208E-02   
2.7734E-03   -1.9273E-02   
3.1927E-02   -2.6290E-04   
3.0799E-02   -2.6189E-04   
3.8260E-03   -1.7846E-02   
3.1395E-02   -2.3704E-04   
2.6784E-03   -1.9645E-02   
3.1521E-02   -2.5648E-04   
2.3097E-03   -2.0131E-02   
3.1612E-03   -1.8121E-02   
3.2352E-02   -2.7784E-04   
3.1072E-02   -2.1598E-04   
3.3338E-02   -1.1155E-04   
2.6401E-03   -2.0364E-02   
2.4327E-02   -5.2435E-03   
3.0516E-02   -5.9975E-04   
2.5649E-02   -4.1889E-03   
2.6092E-02   -3.8029E-03   
2.6478E-02   -3.4592E-03   
2.7739E-02   -2.3725E-03   
3.0382E-02   -6.3027E-04   
2.5123E-02   -4.8565E-03   
3.0200E-02   -7.2337E-04   
2.8007E-02   -2.1604E-03   
2.6833E-02   -3.1445E-03   
3.0022E-02   -8.2241E-04   
2.7161E-02   -2.8579E-03   
2.7463E-02   -2.6016E-03   
2.9447E-02   -1.1628E-03   
2.9840E-02   -9.2599E-04   
2.9647E-02   -1.0385E-03   
2.3972E-02   -5.1591E-03   
2.8778E-02   -1.6034E-03   
2.9236E-02   -1.2982E-03   
2.9013E-02   -1.4447E-03   
3.0772E-02   -2.5389E-04   
2.2842E-02   -5.5661E-03   
2.8271E-02   -1.9615E-03   
2.2016E-02   -5.9003E-03   
2.8529E-02   -1.7758E-03   
3.0518E-02   -4.3143E-04   
1.9228E-02   -7.1679E-03   
2.1109E-02   -6.2575E-03   
1.8333E-02   -7.6555E-03   
2.0177E-02   -6.6829E-03   
9.6819E-03   -1.3461E-02   
3.0530E-02   -5.3164E-04   
3.0629E-02   -3.2698E-04   
1.3579E-02   -1.0702E-02   
3.1037E-02   -1.5362E-04   
6.8119E-03   -1.5704E-02   
3.0632E-02   -2.9315E-04   
3.0958E-02   -2.7018E-04   
3.0867E-02   -2.6571E-04   
3.0594E-02   -3.1791E-04   
3.0548E-02   -3.1849E-04   
3.1247E-02   -2.9945E-04   
3.0510E-02   -3.2572E-04   
4.0826E-03   -1.7583E-02   
5.7533E-03   -1.6753E-02   
8.7662E-03   -1.3977E-02   
9.8709E-03   -1.3248E-02   
3.8538E-03   -1.8436E-02   
3.1527E-02   -3.0655E-04   
3.0266E-03   -1.9283E-02   
5.5102E-03   -1.6485E-02   
3.2077E-02   -3.3441E-04   
2.4257E-03   -2.0261E-02   
3.3675E-02   -5.6612E-05   
3.2617E-03   -1.9497E-02   
3.3292E-02   -1.5681E-04   
3.1869E-02   -3.2633E-04   
3.1289E-02   -2.2387E-04   
2.9358E-03   -1.9829E-02   
2.5062E-02   -4.6670E-03   
2.5679E-02   -3.9356E-03   
2.6130E-02   -3.5700E-03   
2.7784E-02   -2.1947E-03   
3.0262E-02   -6.2082E-04   
2.6514E-02   -3.2390E-03   
2.7509E-02   -2.4130E-03   
3.0076E-02   -7.2646E-04   
2.6877E-02   -2.9308E-03   
2.7209E-02   -2.6562E-03   
2.9895E-02   -8.2215E-04   
2.8822E-02   -1.4627E-03   
2.9490E-02   -1.0445E-03   
2.9698E-02   -9.2606E-04   
2.9276E-02   -1.1753E-03   
2.4337E-02   -4.7193E-03   
2.9055E-02   -1.3137E-03   
3.0423E-02   -5.5216E-04   
2.8053E-02   -1.9913E-03   
2.8574E-02   -1.6251E-03   
2.3993E-02   -4.7551E-03   
2.8317E-02   -1.8013E-03   
2.3418E-02   -4.8874E-03   
2.1439E-02   -5.7029E-03   
2.2119E-02   -5.3854E-03   
3.0390E-02   -5.1824E-04   
2.2783E-02   -5.1064E-03   
3.0495E-02   -4.0043E-04   
3.0897E-02   -1.9998E-04   
1.7478E-02   -8.1616E-03   
3.0481E-02   -3.4006E-04   
3.0378E-02   -3.8293E-04   
1.0348E-02   -1.2897E-02   
3.0597E-02   -3.2001E-04   
3.0340E-02   -3.8653E-04   
3.0422E-02   -3.8638E-04   
9.4792E-03   -1.3897E-02   
3.1074E-02   -2.7319E-04   
3.0725E-02   -3.2875E-04   
1.3061E-02   -1.1079E-02   
3.0983E-02   -3.3873E-04   
4.4885E-03   -1.8274E-02   
3.4745E-03   -1.8510E-02   
9.7779E-03   -1.3775E-02   
1.0357E-02   -1.3170E-02   
3.1800E-02   -3.9722E-04   
3.2295E-02   -3.4280E-04   
3.9797E-03   -1.8875E-02   
2.8437E-03   -2.0026E-02   
3.3521E-02   -1.2774E-04   
3.7834E-03   -1.9300E-02   
2.5077E-02   -4.3930E-03   
2.5793E-02   -3.6893E-03   
2.7565E-02   -2.2371E-03   
2.6163E-02   -3.3602E-03   
3.0111E-02   -6.5610E-04   
2.7839E-02   -2.0286E-03   
2.6569E-02   -3.0238E-03   
2.7268E-02   -2.4666E-03   
2.9954E-02   -7.3058E-04   
2.8871E-02   -1.3349E-03   
2.6937E-02   -2.7274E-03   
2.8626E-02   -1.4872E-03   
2.5169E-02   -4.0967E-03   
2.9767E-02   -8.2325E-04   
2.9319E-02   -1.0661E-03   
2.9101E-02   -1.1959E-03   
2.4813E-02   -4.0802E-03   
2.8369E-02   -1.6540E-03   
2.8106E-02   -1.8346E-03   
3.0359E-02   -4.8231E-04   
3.0465E-02   -3.5978E-04   
2.3579E-02   -4.3943E-03   
2.4410E-02   -4.1511E-03   
1.3885E-02   -1.0511E-02   
2.4007E-02   -4.2555E-03   
3.0471E-02   -3.7948E-04   
2.0736E-02   -6.0726E-03   
1.3729E-02   -1.0922E-02   
3.0153E-02   -4.5750E-04   
1.6612E-02   -8.7296E-03   
3.0189E-02   -4.5848E-04   
3.0309E-02   -3.9745E-04   
3.0478E-02   -3.9542E-04   
1.2054E-02   -1.2029E-02   
5.1107E-03   -1.8476E-02   
1.0682E-02   -1.3377E-02   
3.1059E-02   -3.7491E-04   
3.0830E-02   -3.3490E-04   
3.2237E-02   -4.1118E-04   
1.3878E-02   -1.0676E-02   
3.5957E-03   -1.9552E-02   
3.1595E-02   -3.8854E-04   
3.2569E-02   -2.8928E-04   
7.0071E-03   -1.6600E-02   
7.2582E-03   -1.5929E-02   
7.1382E-03   -1.6252E-02   
3.1721E-02   -4.7658E-04   
3.0224E-02   -5.7268E-04   
2.7627E-02   -2.0740E-03   
2.7336E-02   -2.2913E-03   
2.5684E-02   -3.5634E-03   
2.9667E-02   -8.2148E-04   
3.0296E-02   -4.3549E-04   
2.6221E-02   -3.1458E-03   
2.8685E-02   -1.3622E-03   
3.0026E-02   -6.4157E-04   
2.8926E-02   -1.2203E-03   
2.9834E-02   -7.3927E-04   
2.6636E-02   -2.8198E-03   
2.8429E-02   -1.5192E-03   
2.7900E-02   -1.8750E-03   
2.8166E-02   -1.6904E-03   
2.5339E-02   -3.6101E-03   
2.9345E-02   -9.8822E-04   
2.9152E-02   -1.0928E-03   
2.4852E-02   -3.6365E-03   
2.5093E-02   -3.6187E-03   
1.9817E-02   -6.6163E-03   
2.3125E-02   -4.5793E-03   
3.0326E-02   -4.5541E-04   
1.7981E-02   -7.8999E-03   
3.0289E-02   -4.1570E-04   
2.9952E-02   -5.3915E-04   
1.5508E-02   -9.6205E-03   
3.0122E-02   -4.6463E-04   
3.0229E-02   -4.6751E-04   
3.1387E-02   -3.7873E-04   
3.0557E-02   -4.0563E-04   
1.4897E-02   -1.0312E-02   
1.8120E-02   -7.7074E-03   
1.3428E-02   -1.0845E-02   
3.1312E-02   -3.3563E-04   
3.0794E-02   -4.3082E-04   
1.2089E-02   -1.2513E-02   
4.6790E-03   -1.9050E-02   
8.2724E-03   -1.6030E-02   
1.7288E-02   -8.4047E-03   
3.1676E-02   -3.1700E-04   
3.1956E-02   -4.7761E-04   
3.2512E-02   -3.5112E-04   
3.2808E-02   -2.4954E-04   
1.1217E-02   -1.3290E-02   
1.1056E-02   -1.3752E-02   
2.9703E-02   -7.5948E-04   
2.7085E-02   -2.3653E-03   
2.7399E-02   -2.1343E-03   
3.0132E-02   -5.1977E-04   
2.9228E-02   -9.9428E-04   
2.8993E-02   -1.1161E-03   
2.9870E-02   -6.8320E-04   
2.7690E-02   -1.9253E-03   
2.8752E-02   -1.2493E-03   
2.8498E-02   -1.3965E-03   
2.6731E-02   -2.6247E-03   
2.8235E-02   -1.5585E-03   
2.7966E-02   -1.7341E-03   
2.5881E-02   -3.2800E-03   
2.5764E-02   -3.2277E-03   
2.5615E-02   -3.1910E-03   
2.4603E-02   -3.6816E-03   
2.2565E-02   -4.8632E-03   
2.6284E-02   -2.9383E-03   
3.0178E-02   -5.4195E-04   
2.9895E-02   -5.5328E-04   
2.9481E-02   -8.7594E-04   
2.9919E-02   -5.4238E-04   
1.9333E-02   -6.9351E-03   
1.7956E-02   -7.7693E-03   
1.6161E-02   -9.6591E-03   
2.9986E-02   -5.4405E-04   
2.1773E-02   -5.3416E-03   
3.0067E-02   -5.1213E-04   
1.9311E-02   -7.1485E-03   
3.0268E-02   -4.8706E-04   
2.0601E-02   -6.1353E-03   
3.0899E-02   -4.4780E-04   
3.1151E-02   -4.5596E-04   
3.0673E-02   -4.1504E-04   
3.3036E-02   -2.4612E-04   
1.5769E-02   -1.0265E-02   
1.5857E-02   -1.0033E-02   
9.7409E-03   -1.5142E-02   
3.1666E-02   -5.5786E-04   
4.3790E-03   -1.9462E-02   
3.2168E-02   -4.8297E-04   
3.2787E-02   -2.9856E-04   
2.9787E-02   -6.8297E-04   
2.7143E-02   -2.2189E-03   
2.6805E-02   -2.4658E-03   
2.9074E-02   -1.0193E-03   
2.9987E-02   -6.0725E-04   
2.8829E-02   -1.1466E-03   
2.7461E-02   -1.9934E-03   
2.8576E-02   -1.2848E-03   
2.7760E-02   -1.7892E-03   
2.8312E-02   -1.4378E-03   
2.6133E-02   -2.8997E-03   
2.8040E-02   -1.6055E-03   
2.5483E-02   -3.1613E-03   
2.9563E-02   -7.8266E-04   
2.9677E-02   -6.3837E-04   
2.6493E-02   -2.7001E-03   
2.3912E-02   -3.9789E-03   
2.5345E-02   -3.1533E-03   
2.2279E-02   -4.9683E-03   
2.9320E-02   -8.9830E-04   
2.9712E-02   -6.2813E-04   
3.0871E-02   -5.1097E-04   
2.9916E-02   -5.9929E-04   
2.9747E-02   -6.2738E-04   
2.2153E-02   -5.0648E-03   
3.0011E-02   -5.6077E-04   
3.0356E-02   -5.0126E-04   
2.9871E-02   -5.7438E-04   
2.0115E-02   -7.0917E-03   
2.1555E-02   -5.5223E-03   
2.2536E-02   -5.0402E-03   
3.1116E-02   -4.1482E-04   
3.3071E-02   -3.0706E-04   
2.0447E-02   -6.7307E-03   
3.0498E-02   -5.0926E-04   
3.1037E-02   -5.3191E-04   
3.1357E-02   -6.6228E-04   
1.6412E-02   -9.9170E-03   
1.4444E-02   -1.1526E-02   
3.1349E-02   -5.7320E-04   
3.3241E-02   -2.0005E-04   
3.2462E-02   -4.1658E-04   
3.2438E-03   -2.0143E-02   
1.5777E-02   -9.8459E-03   
2.6841E-02   -2.3427E-03   
2.6478E-02   -2.6145E-03   
2.8917E-02   -1.0531E-03   
2.9667E-02   -6.9609E-04   
2.8664E-02   -1.1843E-03   
2.7532E-02   -1.8647E-03   
2.6054E-02   -2.8388E-03   
2.8399E-02   -1.3291E-03   
2.5171E-02   -3.1955E-03   
2.7839E-02   -1.6658E-03   
2.3293E-02   -4.3075E-03   
2.8124E-02   -1.4892E-03   
2.9167E-02   -9.2996E-04   
2.5995E-02   -2.7776E-03   
2.9450E-02   -7.3358E-04   
2.9837E-02   -6.0721E-04   
2.9411E-02   -8.1483E-04   
2.9655E-02   -6.5395E-04   
2.9534E-02   -7.0753E-04   
2.9786E-02   -6.3295E-04   
2.3549E-02   -4.6559E-03   
2.3678E-02   -4.1010E-03   
2.2486E-02   -5.1718E-03   
2.2649E-02   -4.9133E-03   
3.0511E-02   -6.1312E-04   
3.2373E-02   -4.8483E-04   
1.0837E-02   -1.4479E-02   
2.4196E-02   -3.7310E-03   
2.0187E-02   -6.7744E-03   
3.0332E-02   -6.0950E-04   
3.1231E-02   -5.3073E-04   
3.3310E-02   -2.3405E-04   
3.2753E-02   -4.2204E-04   
3.1386E-02   -7.3595E-04   
1.9576E-02   -7.8619E-03   
3.8368E-03   -2.0008E-02   
3.0161E-02   -6.0921E-04   
2.8798E-03   -2.0166E-02   
2.8761E-02   -1.0950E-03   
2.9653E-02   -6.7213E-04   
2.9016E-02   -9.6979E-04   
2.8497E-02   -1.2315E-03   
2.7617E-02   -1.7455E-03   
2.6473E-02   -2.5201E-03   
2.0880E-02   -5.8773E-03   
2.4886E-02   -3.3124E-03   
2.9266E-02   -8.5205E-04   
2.5945E-02   -2.7307E-03   
2.9420E-02   -7.4815E-04   
2.7197E-02   -2.0909E-03   
2.7930E-02   -1.5535E-03   
2.3850E-02   -4.3135E-03   
2.4555E-02   -3.6955E-03   
2.9526E-02   -7.2580E-04   
2.4194E-02   -3.8420E-03   
2.4493E-02   -3.5632E-03   
2.4232E-02   -3.7393E-03   
2.3459E-02   -4.2915E-03   
2.4808E-02   -3.5636E-03   
2.2878E-02   -5.2075E-03   
3.0696E-02   -6.2402E-04   
3.2052E-02   -5.7398E-04   
3.0160E-02   -7.1851E-04   
2.9137E-02   -8.7026E-04   
2.9812E-02   -7.2961E-04   
3.0922E-02   -6.3782E-04   
1.6619E-02   -1.0365E-02   
7.0879E-03   -1.7224E-02   
2.9990E-02   -7.1824E-04   
3.1505E-02   -4.6846E-04   
2.0243E-02   -7.5985E-03   
1.9169E-02   -8.0428E-03   
3.1712E-02   -6.9854E-04   
3.1044E-02   -7.8526E-04   
2.8871E-02   -1.0166E-03   
2.8617E-02   -1.1407E-03   
2.9402E-02   -7.6968E-04   
2.5827E-02   -2.7380E-03   
2.9480E-02   -7.5822E-04   
2.9123E-02   -8.9706E-04   
2.8340E-02   -1.2842E-03   
2.6492E-02   -2.4238E-03   
2.7722E-02   -1.6358E-03   
2.8039E-02   -1.4512E-03   
2.5968E-02   -2.7869E-03   
2.5689E-02   -2.9214E-03   
2.6883E-02   -2.2291E-03   
2.5258E-02   -3.0756E-03   
2.5596E-02   -2.8744E-03   
2.5473E-02   -2.9294E-03   
2.7270E-02   -1.9686E-03   
2.9602E-02   -7.2611E-04   
2.8883E-02   -9.8914E-04   
2.9650E-02   -8.3722E-04   
2.5145E-02   -3.1796E-03   
2.9572E-02   -7.8340E-04   
2.2655E-02   -5.6211E-03   
3.0328E-02   -7.2791E-04   
2.5509E-02   -3.3859E-03   
1.1365E-02   -1.3688E-02   
2.1253E-02   -6.9823E-03   
2.9248E-02   -8.5363E-04   
2.9811E-02   -8.3290E-04   
2.6105E-02   -2.8108E-03   
2.3166E-02   -5.3894E-03   
1.1579E-02   -1.4217E-02   
3.1093E-02   -8.5702E-04   
3.2065E-02   -6.6312E-04   
2.8754E-02   -1.0601E-03   
2.8982E-02   -9.4896E-04   
2.7372E-02   -1.8476E-03   
2.6024E-02   -2.5928E-03   
2.7842E-02   -1.5377E-03   
2.6184E-02   -2.5200E-03   
2.6553E-02   -2.3073E-03   
2.8918E-02   -9.8684E-04   
2.6958E-02   -2.1085E-03   
2.6422E-02   -2.3624E-03   
2.9841E-02   -6.3435E-04   
2.8169E-02   -1.3547E-03   
2.9212E-02   -8.4386E-04   
2.6416E-02   -2.4185E-03   
2.9468E-02   -9.5535E-04   
2.6665E-02   -2.3159E-03   
2.9516E-02   -8.4745E-04   
7.3265E-03   -1.6594E-02   
2.2810E-02   -5.9918E-03   
2.9968E-02   -8.3896E-04   
6.9582E-03   -1.7463E-02   
2.7174E-02   -2.2073E-03   
2.5049E-02   -3.8824E-03   
2.9262E-02   -8.8381E-04   
3.0498E-02   -7.4587E-04   
1.2196E-02   -1.3817E-02   
2.6945E-02   -2.4392E-03   
2.5522E-02   -3.6962E-03   
1.7903E-02   -9.5257E-03   
3.0728E-02   -9.2089E-04   
2.6284E-02   -2.6137E-03   
3.2446E-02   -6.2083E-04   
2.7501E-02   -1.7368E-03   
2.6912E-02   -2.0866E-03   
2.8514E-02   -1.1724E-03   
2.7106E-02   -1.9736E-03   
2.8599E-02   -1.1292E-03   
2.6887E-02   -2.2130E-03   
2.6055E-02   -2.6046E-03   
2.9763E-02   -9.6927E-04   
2.7962E-02   -1.4553E-03   
2.7105E-02   -2.0133E-03   
2.6882E-02   -2.0938E-03   
2.8934E-02   -1.0075E-03   
2.9614E-02   -9.5891E-04   
2.8814E-02   -1.0216E-03   
2.6385E-02   -2.3717E-03   
2.9257E-02   -9.3012E-04   
1.9548E-02   -7.5835E-03   
2.7051E-02   -2.1923E-03   
2.6835E-02   -2.6642E-03   
2.6869E-02   -2.7269E-03   
2.5865E-02   -3.6115E-03   
2.6076E-02   -3.7337E-03   
3.0777E-02   -1.0089E-03   
7.4420E-03   -1.7456E-02   
3.0277E-02   -8.7685E-04   
3.2763E-02   -5.1035E-04   
2.7628E-02   -1.6434E-03   
2.7268E-02   -1.8569E-03   
2.8311E-02   -1.2672E-03   
2.7440E-02   -1.7898E-03   
2.8605E-02   -1.1451E-03   
2.9282E-02   -9.7455E-04   
2.8946E-02   -1.0405E-03   
2.7296E-02   -1.9422E-03   
2.9411E-02   -1.0933E-03   
2.9268E-02   -1.0848E-03   
3.0392E-02   -9.7486E-04   
2.9915E-02   -9.8830E-04   
2.7751E-02   -2.2391E-03   
2.7607E-02   -2.1676E-03   
2.6702E-02   -2.2003E-03   
3.0637E-02   -7.8210E-04   
3.1413E-02   -7.9854E-04   
3.0317E-02   -1.2001E-03   
2.6904E-02   -3.0563E-03   
2.5121E-02   -4.6299E-03   
2.7586E-02   -2.5165E-03   
2.7640E-02   -1.8891E-03   
1.2400E-02   -1.4094E-02   
3.2807E-02   -5.8271E-04   
2.7391E-02   -1.7684E-03   
2.8623E-02   -1.1130E-03   
2.6984E-02   -2.0113E-03   
2.8038E-02   -1.4110E-03   
2.9011E-02   -1.2514E-03   
2.8261E-02   -1.3030E-03   
2.7738E-02   -1.5716E-03   
2.8614E-02   -1.1734E-03   
2.7605E-02   -1.7370E-03   
2.8941E-02   -1.1392E-03   
2.7782E-02   -1.6909E-03   
2.8935E-02   -1.2013E-03   
3.0704E-02   -8.4228E-04   
2.9564E-02   -1.1040E-03   
3.0080E-02   -1.0163E-03   
3.1646E-02   -8.0615E-04   
2.7666E-02   -2.0158E-03   
3.0419E-02   -8.9657E-04   
2.7770E-02   -1.8889E-03   
3.0060E-02   -1.1155E-03   
2.7321E-02   -1.8304E-03   
2.8005E-02   -1.6467E-03   
2.8015E-02   -2.1939E-03   
2.9994E-02   -1.2268E-03   
3.0710E-02   -1.1167E-03   
2.7505E-02   -2.2991E-03   
2.7989E-02   -2.3903E-03   
2.7017E-02   -3.3166E-03   
7.7682E-03   -1.7602E-02   
2.7482E-02   -1.7165E-03   
2.8020E-02   -1.5267E-03   
2.7893E-02   -1.4937E-03   
2.8298E-02   -1.3084E-03   
2.8092E-02   -1.7812E-03   
2.7843E-02   -1.5780E-03   
2.8633E-02   -1.3694E-03   
2.9264E-02   -1.2093E-03   
2.8179E-02   -2.5748E-03   
2.9712E-02   -1.2605E-03   
2.6982E-02   -2.0126E-03   
2.8132E-02   -1.6725E-03   
2.9699E-02   -1.1278E-03   
2.8647E-02   -1.1992E-03   
2.8591E-02   -1.3158E-03   
2.8315E-02   -1.9740E-03   
5.6112E-03   -1.9257E-02   
2.8283E-02   -2.1645E-03   
2.9896E-02   -1.3389E-03   
3.1000E-02   -1.0151E-03   
2.8962E-02   -1.0793E-03   
2.6685E-02   -2.1841E-03   
2.7675E-02   -1.6439E-03   
2.8194E-02   -1.4921E-03   
2.7982E-02   -1.4777E-03   
2.9344E-02   -1.2474E-03   
2.8402E-02   -1.3477E-03   
2.8340E-02   -1.5232E-03   
2.8040E-02   -1.4310E-03   
2.9567E-02   -1.4978E-03   
2.7744E-02   -1.5908E-03   
3.1317E-02   -9.5608E-04   
2.9603E-02   -1.3865E-03   
2.8098E-02   -1.9749E-03   
2.8352E-02   -1.4679E-03   
2.8596E-02   -2.3031E-03   
4.1979E-03   -2.0148E-02   
2.8708E-02   -1.2142E-03   
2.8467E-02   -1.7517E-03   
2.8993E-02   -1.3544E-03   
2.9059E-02   -1.4284E-03   
2.8611E-02   -1.7760E-03   
2.9598E-02   -1.5954E-03   
2.8382E-02   -1.6298E-03   
2.8556E-02   -2.1921E-03   
2.8650E-02   -2.3765E-03   
2.8881E-02   -1.5917E-03   
2.8404E-02   -1.6959E-03   
2.8996E-02   -2.2962E-03   
2.8771E-02   -1.8105E-03   
2.9808E-02   -1.1569E-03   
3.0051E-02   -1.4823E-03   
2.9187E-02   -1.6909E-03   
2.8688E-02   -1.5291E-03   
2.9313E-02   -1.4195E-03   
2.8507E-02   -1.9869E-03   
2.9181E-02   -1.8010E-03   
3.0483E-02   -1.2679E-03   
2.9475E-02   -2.0646E-03   
2.8876E-02   -1.8562E-03   
2.8700E-02   -1.5984E-03   
2.9075E-02   -1.9544E-03   
2.9390E-02   -1.9199E-03   
2.9895E-02   -1.7258E-03   
3.0146E-02   -1.5510E-03   
2.9669E-02   -1.9049E-03   
4.0673E-04   -2.1121E-02   
2.8951E-02   -2.0984E-03   
2.8192E-02   -2.6687E-03   
3.3560E-02   -2.2975E-04   
8.9772E-04   -2.0247E-02   
3.4445E-02   -2.9757E-05   
3.3172E-02   -5.4482E-04   
7.4047E-04   -2.1189E-02   
3.6049E-03   -2.0305E-02   
2.9552E-02   -2.1391E-03   
3.3777E-02   -1.1411E-04   
1.1289E-03   -2.1156E-02   
5.1368E-03   -1.9179E-02   
1.5980E-03   -2.1111E-02   
2.0742E-03   -2.1060E-02   
2.5452E-03   -2.0989E-02   
3.0315E-03   -2.0889E-02   
3.4749E-02   -2.6676E-05   
3.5289E-03   -2.0736E-02   
4.0654E-03   -2.0467E-02   
3.3032E-02   -4.2909E-04   
4.7479E-03   -1.9991E-02   
3.5064E-02   -2.4612E-05   
6.2355E-03   -1.8839E-02   
1.0614E-02   -1.5414E-02   
3.0454E-02   -1.3896E-03   
1.7611E-02   -1.0361E-02   
3.5399E-02   -2.1829E-05   
3.1906E-02   -5.4255E-04   
2.1493E-02   -7.8035E-03   
2.3288E-02   -5.4642E-03   
2.6734E-03   -2.0633E-02   
3.3138E-02   -3.6425E-04   
2.6016E-02   -4.9935E-03   
2.8385E-02   -3.5609E-03   
3.5747E-02   -1.8049E-05   
2.9664E-02   -2.9163E-03   
1.8425E-02   -9.6220E-03   
3.0354E-02   -2.7039E-03   
3.0864E-02   -2.6236E-03   
3.6110E-02   -1.4215E-05   
3.1460E-02   -2.4397E-03   
3.2119E-02   -2.3016E-03   
1.1829E-03   -2.0890E-02   
3.2728E-02   -2.1611E-03   
3.6533E-02   -1.1054E-05   
3.3918E-02   -6.9382E-05   
2.2950E-02   -6.3043E-03   
3.3377E-02   -1.9901E-03   
3.3990E-02   -1.8497E-03   
3.2508E-02   -6.8273E-04   
3.7007E-02   -4.3930E-06   
3.1672E-02   -8.9098E-04   
3.0963E-02   -1.1008E-03   
3.5163E-02   -1.5028E-03   
3.7457E-02   -2.1744E-04   
3.7553E-02   -2.3850E-04   
3.7549E-02   -2.8493E-05   
3.7603E-02   -5.5775E-06   
3.7492E-02   -1.1101E-04   
6.4900E-03   -1.8758E-02   
3.6396E-02   -9.6684E-04   
1.3710E-03   -2.0999E-02   
3.1908E-02   -9.0349E-04   
3.1380E-02   -1.0439E-03   
2.4076E-03   -2.0786E-02   
3.0724E-02   -1.3700E-03   
3.1022E-03   -2.0562E-02   
3.3818E-02   -1.8752E-04   
3.0115E-02   -1.7343E-03   
3.3475E-02   -4.4163E-04   
3.4574E-03   -2.0542E-02   
2.3390E-02   -6.0346E-03   
2.3651E-03   -2.0907E-02   
2.6937E-02   -3.5688E-03   
3.3659E-03   -2.0698E-02   
3.2362E-02   -7.8445E-04   
3.2554E-02   -2.0494E-03   
2.9559E-02   -2.8034E-03   
4.7942E-03   -1.9985E-02   
1.7776E-02   -1.0272E-02   
1.1127E-02   -1.5264E-02   
1.2493E-02   -1.4232E-02   
3.5213E-02   -4.7731E-05   
3.0080E-02   -2.0047E-03   
3.4045E-02   -1.0025E-04   
3.3238E-02   -6.0629E-04   
3.4603E-02   -5.3088E-05   
3.6475E-02   -2.5439E-05   
2.9128E-02   -2.3614E-03   
3.0599E-02   -2.5047E-03   
3.3345E-02   -2.6514E-04   
3.3383E-02   -3.7809E-04   
3.0434E-02   -1.4633E-03   
2.7003E-02   -3.3953E-03   
3.7296E-02   -1.0953E-06   
3.4604E-02   -1.6756E-03   
2.1447E-02   -7.6892E-03   
3.3520E-02   -1.8046E-03   
3.7590E-02   -1.3825E-04   
3.7694E-02   -1.9561E-06   
3.7666E-02   -1.4274E-05   
3.7621E-02   -6.4526E-05   
3.1550E-02   -2.2527E-03   
2.7113E-02   -3.9788E-03   
3.5901E-02   -3.3140E-05   
3.5716E-02   -1.0759E-03   
3.7057E-02   -1.3659E-05   
3.6423E-02   -8.2328E-04   
3.6870E-02   -2.7029E-04   
3.7111E-02   -2.1002E-05   
3.7017E-02   -7.3856E-05   
3.6734E-02   -5.0627E-04   
3.2215E-02   -9.0998E-04   
2.9501E-02   -2.6716E-03   
3.3941E-02   -1.4120E-04   
3.4261E-02   -1.1493E-04   
3.5014E-02   -7.9387E-05   
1.5289E-03   -2.0870E-02   
2.8862E-02   -2.5690E-03   
3.1199E-02   -1.2135E-03   
1.6644E-02   -1.1129E-02   
3.3841E-02   -2.3550E-04   
3.5695E-02   -5.8664E-05   
3.4405E-02   -1.5947E-03   
4.8140E-03   -1.9918E-02   
2.8812E-02   -2.9346E-03   
2.1566E-02   -7.5747E-03   
3.0508E-02   -2.4202E-03   
2.7615E-02   -3.2982E-03   
3.2139E-02   -2.0440E-03   
3.0581E-02   -1.6232E-03   
2.5424E-02   -4.9017E-03   
3.3056E-02   -7.2045E-04   
3.3544E-02   -5.0731E-04   
3.1085E-02   -2.2827E-03   
3.0551E-02   -1.7721E-03   
3.6091E-02   -4.5710E-05   
3.0165E-02   -2.1180E-03   
3.5353E-02   -6.8995E-05   
2.5533E-02   -4.6940E-03   
3.3690E-02   -3.0458E-04   
2.9998E-02   -2.5525E-03   
3.0975E-02   -1.4010E-03   
3.4626E-02   -8.8425E-05   
3.3761E-02   -3.5103E-04   
3.6283E-02   -4.2477E-04   
3.6638E-02   -4.7906E-05   
3.6516E-02   -1.3675E-04   
3.6724E-02   -2.3822E-05   
3.2619E-02   -7.9351E-04   
3.4959E-02   -1.3178E-03   
3.5880E-02   -8.5026E-04   
3.7003E-02   -5.4489E-05   
3.6784E-02   -4.0730E-04   
3.6866E-02   -1.5036E-04   
3.6796E-02   -1.9802E-04   
2.9886E-02   -2.4463E-03   
2.4497E-02   -5.4999E-03   
3.5810E-02   -7.6559E-05   
3.3967E-02   -1.6501E-03   
2.8443E-02   -2.9709E-03   
3.0596E-02   -1.8933E-03   
2.9767E-02   -2.3473E-03   
3.3937E-02   -4.6542E-04   
3.4469E-02   -1.3278E-04   
3.1724E-02   -2.0591E-03   
3.5167E-02   -9.9447E-05   
3.6439E-02   -2.1028E-04   
3.6656E-02   -8.0342E-05   
3.4130E-02   -3.1681E-04   
3.2066E-02   -1.0487E-03   
3.4178E-02   -2.1558E-04   
3.1541E-02   -1.2116E-03   
3.6294E-02   -3.0728E-04   
3.5181E-02   -1.0472E-03   
3.3381E-02   -7.0961E-04   
3.2735E-02   -1.8382E-03   
3.1006E-02   -1.5702E-03   
2.9290E-02   -2.4806E-03   
3.0902E-02   -2.1994E-03   
3.3083E-02   -8.0376E-04   
3.6439E-02   -4.2931E-05   
3.4873E-02   -1.2306E-03   
3.6006E-02   -6.2162E-04   
3.1880E-02   -1.8560E-03   
3.1503E-02   -1.4885E-03   
3.2956E-02   -9.1964E-04   
3.3779E-02   -6.5035E-04   
3.1297E-02   -1.9836E-03   
3.0278E-02   -2.2226E-03   
3.5920E-02   -9.3177E-05   
3.4590E-02   -1.2282E-03   
3.5175E-02   -1.3536E-04   
3.5581E-02   -1.1305E-04   
3.0788E-02   -2.1027E-03   
3.4402E-02   -2.3605E-04   
3.4469E-02   -1.7420E-04   
3.4231E-02   -3.6780E-04   
3.0986E-02   -1.4915E-03   
3.1068E-02   -1.7984E-03   
3.4050E-02   -5.2280E-04   
3.2910E-02   -1.6561E-03   
3.2409E-02   -1.0509E-03   
3.1911E-02   -1.1969E-03   
3.1391E-02   -1.6355E-03   
3.3384E-02   -8.5697E-04   
3.3685E-02   -7.5388E-04   
3.3153E-02   -1.8179E-03   
3.4338E-02   -4.1780E-04   
3.1174E-02   -1.8916E-03   
3.6256E-02   -7.2199E-05   
3.4772E-02   -1.7955E-04   
3.4499E-02   -2.8724E-04   
3.3964E-02   -1.4169E-03   
3.5027E-02   -1.9165E-04   
3.1821E-02   -1.3179E-03   
3.2665E-02   -1.0685E-03   
3.3733E-02   -8.3222E-04   
3.1527E-02   -1.6972E-03   
3.4893E-02   -2.5251E-04   
3.4896E-02   -1.0253E-03   
3.4192E-02   -5.5980E-04   
3.4736E-02   -3.6860E-04   
3.3714E-02   -1.6271E-03   
3.5731E-02   -1.3063E-04   
3.2067E-02   -1.3405E-03   
3.2586E-02   -1.1843E-03   
3.6392E-02   -8.5656E-05   
3.4543E-02   -5.1452E-04   
3.5935E-02   -1.4351E-04   
3.2022E-02   -1.5773E-03   
3.4937E-02   -2.9794E-04   
3.5514E-02   -1.8006E-04   
3.4851E-02   -4.0786E-04   
3.2983E-02   -1.1622E-03   
3.5209E-02   -2.0363E-04   
3.3510E-02   -9.9770E-04   
3.4288E-02   -7.2191E-04   
3.5211E-02   -3.0357E-04   
3.4428E-02   -7.9810E-04   
3.2149E-02   -1.6555E-03   
3.3877E-02   -9.8391E-04   
3.2416E-02   -1.3606E-03   
3.3348E-02   -1.1533E-03   
3.5586E-02   -2.1255E-04   
3.6318E-02   -1.2810E-04   
3.4720E-02   -8.0620E-04   
3.4271E-02   -9.5533E-04   
3.5675E-02   -2.4622E-04   
3.2533E-02   -1.4705E-03   
3.3106E-02   -1.3401E-03   
3.5452E-02   -3.1236E-04   
3.5191E-02   -7.1676E-04   
3.4187E-02   -1.0985E-03   
3.6081E-02   -1.9324E-04   
3.5409E-02   -3.6863E-04   
3.5125E-02   -8.4794E-04   
3.6246E-02   -2.0996E-04   
3.4637E-02   -1.0143E-03   
3.4970E-02   -4.4903E-04   
3.4657E-02   -5.7030E-04   
3.4824E-02   -6.1972E-04   
3.5348E-02   -5.0940E-04   
