51 
1844 
2.6719E-02   -5.4192E-03   
2.8114E-02   -3.3467E-03   
2.9115E-02   -2.0193E-03   
2.9795E-02   -9.9215E-04   
4.7441E-37   -7.3711E-04   
3.0033E-02   6.1275E-38   
3.0199E-02   -1.5049E-34   
3.0310E-02   -4.1060E-35   
3.0628E-02   1.5939E-35   
3.0959E-02   4.2635E-35   
3.1413E-02   1.1215E-34   
3.1998E-02   1.6810E-34   
3.2463E-02   2.0812E-34   
3.3278E-02   3.1787E-34   
3.3899E-02   3.7906E-34   
3.4582E-02   3.2292E-34   
3.4946E-02   4.9669E-34   
3.5721E-02   7.1240E-34   
3.6557E-02   9.9037E-34   
3.7000E-02   -4.1502E-30   
3.7000E-02   -1.3514E-34   
3.7000E-02   -1.3514E-34   
3.7000E-02   -1.3514E-34   
3.7000E-02   -1.3514E-34   
3.7000E-02   -1.3514E-34   
3.7000E-02   -1.3514E-34   
3.7000E-02   -1.3514E-34   
3.7000E-02   -1.3514E-34   
3.7000E-02   -1.3514E-34   
3.7000E-02   -1.3514E-34   
3.7000E-02   -1.3514E-34   
3.7000E-02   -1.3514E-34   
3.5741E-02   -8.0208E-04   
3.4401E-02   -1.4856E-03   
3.3779E-02   -1.7268E-03   
3.3162E-02   -1.9272E-03   
3.1934E-02   -2.2569E-03   
3.1319E-02   -2.4026E-03   
3.0079E-02   -2.6868E-03   
2.9450E-02   -2.8386E-03   
2.7414E-02   -3.7434E-03   
2.1218E-02   -7.7147E-03   
1.5844E-02   -1.1019E-02   
5.7505E-03   -1.8113E-02   
4.0375E-03   -1.9710E-02   
3.5661E-03   -2.0034E-02   
2.6680E-03   -2.0374E-02   
1.7644E-03   -2.0523E-02   
8.7181E-04   -2.0595E-02   
-2.5294E-37   -2.0613E-02   
1.1084E-33   -2.0322E-02   
1.1847E-33   -2.0038E-02   
1.1249E-33   -1.9649E-02   
1.0634E-33   -1.9420E-02   
9.2282E-34   -1.9032E-02   
8.3029E-34   -1.8793E-02   
7.4127E-34   -1.8541E-02   
6.4053E-34   -1.8307E-02   
5.2560E-34   -1.7545E-02   
2.3743E-02   -5.2224E-03   
3.6443E-02   -1.6854E-05   
3.5867E-02   -4.9292E-05   
3.5045E-02   -1.0570E-04   
3.4375E-02   -1.5923E-04   
3.3720E-02   -2.2906E-04   
3.3007E-02   -2.7461E-04   
3.2438E-02   -2.9696E-04   
3.1714E-02   -3.5956E-04   
3.1013E-02   -4.0704E-04   
3.0321E-02   -4.5866E-04   
2.9648E-02   -5.2023E-04   
2.8956E-02   -6.2143E-04   
2.8231E-02   -8.3371E-04   
2.7219E-02   -1.3782E-03   
2.6019E-02   -2.5182E-03   
2.8121E-02   -2.1711E-03   
2.8532E-02   -9.2432E-04   
2.9090E-02   -4.7985E-04   
2.9644E-02   -3.2386E-04   
3.0195E-02   -2.7378E-04   
3.0734E-02   -2.5705E-04   
3.1383E-02   -2.2240E-04   
3.1991E-02   -1.9871E-04   
3.2566E-02   -1.7215E-04   
3.3151E-02   -1.6863E-04   
3.3819E-02   -1.2552E-04   
3.4464E-02   -9.1292E-05   
3.5097E-02   -6.6288E-05   
3.5782E-02   -2.9785E-05   
3.6382E-02   -7.6837E-06   
2.9707E-02   -5.0720E-04   
2.9928E-02   -1.9180E-04   
3.0191E-02   -1.2106E-04   
3.0611E-02   -9.8015E-05   
3.1038E-02   -9.2356E-05   
3.1586E-02   -9.4016E-05   
3.2093E-02   -9.4485E-05   
3.2610E-02   -9.0194E-05   
3.3298E-02   -6.9152E-05   
3.3881E-02   -5.2807E-05   
3.4548E-02   -4.1535E-05   
3.5213E-02   -2.5460E-05   
3.5872E-02   -1.2260E-05   
3.6486E-02   -1.2968E-06   
3.6333E-02   -3.5852E-05   
3.5698E-02   -9.4361E-05   
3.4923E-02   -1.8376E-04   
3.4229E-02   -2.4195E-04   
3.3608E-02   -3.3115E-04   
3.2853E-02   -4.0678E-04   
3.2111E-02   -4.8053E-04   
3.1416E-02   -5.4469E-04   
3.0684E-02   -6.2999E-04   
3.0003E-02   -7.1405E-04   
2.9123E-02   -8.5622E-04   
2.8179E-02   -1.0696E-03   
2.7261E-02   -1.3643E-03   
2.6127E-02   -1.9149E-03   
2.3384E-02   -3.7209E-03   
9.1926E-03   -1.2973E-02   
3.6278E-02   -6.7271E-05   
3.5729E-02   -1.3870E-04   
3.4790E-02   -2.7729E-04   
3.4177E-02   -3.6957E-04   
3.3454E-02   -4.6463E-04   
3.2577E-02   -5.9538E-04   
3.1827E-02   -6.7309E-04   
3.1093E-02   -7.6426E-04   
3.0212E-02   -9.0725E-04   
2.9374E-02   -1.0764E-03   
2.8489E-02   -1.2754E-03   
2.7594E-02   -1.4768E-03   
2.6482E-02   -1.8989E-03   
2.4406E-02   -3.0183E-03   
1.4916E-02   -9.1854E-03   
1.7607E-03   -1.7890E-02   
3.6473E-02   -6.6503E-05   
3.5456E-02   -2.4097E-04   
3.4883E-02   -3.3793E-04   
3.4177E-02   -4.7633E-04   
3.3133E-02   -6.5570E-04   
3.2389E-02   -7.8261E-04   
3.1629E-02   -8.9268E-04   
3.0716E-02   -1.0543E-03   
2.9874E-02   -1.2285E-03   
2.8987E-02   -1.3987E-03   
2.8136E-02   -1.5976E-03   
2.7091E-02   -1.8845E-03   
2.4915E-02   -3.0359E-03   
1.8888E-02   -6.9215E-03   
5.9642E-03   -1.5753E-02   
1.1067E-03   -1.8659E-02   
3.6134E-02   -1.6333E-04   
3.5524E-02   -3.0531E-04   
3.4785E-02   -4.8240E-04   
3.4040E-02   -6.5747E-04   
3.2972E-02   -8.6706E-04   
3.2125E-02   -1.0020E-03   
3.1239E-02   -1.1950E-03   
3.0386E-02   -1.3818E-03   
2.9414E-02   -1.5514E-03   
2.8620E-02   -1.7223E-03   
2.7743E-02   -1.9992E-03   
2.6192E-02   -2.6590E-03   
2.0663E-02   -6.1868E-03   
9.5883E-03   -1.3921E-02   
2.2746E-03   -1.8700E-02   
1.0416E-03   -1.8990E-02   
3.6299E-02   -2.0003E-04   
3.5452E-02   -4.5712E-04   
3.4765E-02   -6.2538E-04   
3.3680E-02   -9.0775E-04   
3.2718E-02   -1.1518E-03   
3.1882E-02   -1.2975E-03   
3.0825E-02   -1.5157E-03   
3.0026E-02   -1.6896E-03   
2.9016E-02   -1.8871E-03   
2.8117E-02   -2.1328E-03   
2.6977E-02   -2.5685E-03   
2.3786E-02   -4.4679E-03   
1.4995E-02   -1.0607E-02   
4.5404E-03   -1.7973E-02   
2.0540E-03   -1.9205E-02   
9.5569E-04   -1.9311E-02   
3.6169E-02   -2.9208E-04   
3.5227E-02   -6.1675E-04   
3.4571E-02   -8.1013E-04   
3.3287E-02   -1.1974E-03   
3.2515E-02   -1.3852E-03   
3.1630E-02   -1.6029E-03   
3.0674E-02   -1.7792E-03   
2.9684E-02   -2.0025E-03   
2.8568E-02   -2.2735E-03   
2.7628E-02   -2.5819E-03   
2.5117E-02   -4.0938E-03   
1.8992E-02   -8.2797E-03   
7.1033E-03   -1.6966E-02   
3.4478E-03   -1.9144E-02   
2.0154E-03   -1.9563E-02   
1.0049E-03   -1.9627E-02   
3.6206E-02   -3.8945E-04   
3.5385E-02   -7.4995E-04   
3.4299E-02   -1.1122E-03   
3.3343E-02   -1.4431E-03   
3.2328E-02   -1.6239E-03   
3.1330E-02   -1.8464E-03   
3.0364E-02   -2.0831E-03   
2.9385E-02   -2.3285E-03   
2.8383E-02   -2.5663E-03   
2.6159E-02   -3.6914E-03   
2.0485E-02   -7.5888E-03   
1.0573E-02   -1.4920E-02   
4.6571E-03   -1.8925E-02   
2.9965E-03   -1.9721E-02   
1.9483E-03   -1.9886E-02   
1.0830E-03   -1.9933E-02   
3.5871E-02   -6.8225E-04   
3.4901E-02   -1.1697E-03   
3.4120E-02   -1.4063E-03   
3.2851E-02   -1.7793E-03   
3.2067E-02   -1.9653E-03   
3.0959E-02   -2.2201E-03   
2.9975E-02   -2.4694E-03   
2.9104E-02   -2.6527E-03   
2.7593E-02   -3.2548E-03   
2.2995E-02   -5.9989E-03   
1.6061E-02   -1.0826E-02   
6.3845E-03   -1.8089E-02   
3.9480E-03   -1.9738E-02   
2.8716E-03   -2.0046E-02   
1.9130E-03   -2.0195E-02   
8.5750E-04   -2.0326E-02   
7.2123E-03   -1.1189E-03   
1.3625E-02   -1.9459E-03   
1.9236E-02   -2.8831E-03   
2.2615E-02   -3.9444E-03   
2.4559E-02   -4.8427E-03   
2.5765E-02   -5.5181E-03   
2.6310E-02   -5.5196E-03   
2.6987E-02   -5.1839E-03   
2.7178E-02   -4.8813E-03   
2.7349E-02   -4.5788E-03   
2.7512E-02   -4.2952E-03   
2.7669E-02   -4.0318E-03   
2.7822E-02   -3.7871E-03   
2.7970E-02   -3.5593E-03   
2.8254E-02   -3.1477E-03   
2.8389E-02   -2.9610E-03   
2.8521E-02   -2.7850E-03   
2.8648E-02   -2.6185E-03   
2.8772E-02   -2.4597E-03   
2.8891E-02   -2.3073E-03   
2.9006E-02   -2.1608E-03   
2.9220E-02   -1.8820E-03   
2.9320E-02   -1.7481E-03   
2.9414E-02   -1.6169E-03   
2.9503E-02   -1.4883E-03   
2.9585E-02   -1.3616E-03   
2.9661E-02   -1.2368E-03   
2.9731E-02   -1.1136E-03   
2.9852E-02   -8.7297E-04   
2.9903E-02   -7.5273E-04   
2.9945E-02   -6.3105E-04   
2.9975E-02   -5.0598E-04   
3.0009E-02   -3.8563E-04   
3.0019E-02   -2.5746E-04   
3.0040E-02   -1.2909E-04   
3.0100E-02   -5.3247E-34   
3.0133E-02   -5.1871E-34   
3.0157E-02   -4.0329E-34   
3.0174E-02   -2.2817E-34   
3.0187E-02   -1.8491E-34   
3.0212E-02   -1.2133E-34   
3.0228E-02   -9.6455E-35   
3.0249E-02   -7.5207E-35   
3.0276E-02   -5.6928E-35   
3.0353E-02   -2.7191E-35   
3.0405E-02   -1.5018E-35   
3.0468E-02   -4.1866E-36   
3.0542E-02   5.9739E-36   
3.0725E-02   2.5022E-35   
3.0836E-02   3.3933E-35   
3.1097E-02   5.2011E-35   
3.1248E-02   6.1440E-35   
3.1593E-02   1.2052E-34   
3.1788E-02   9.3901E-35   
3.2223E-02   1.8261E-34   
3.2719E-02   2.3969E-34   
3.2991E-02   2.7031E-34   
3.3580E-02   3.2295E-34   
3.4232E-02   4.2374E-34   
3.5326E-02   6.0711E-34   
3.6131E-02   6.0991E-34   
3.7000E-02   -1.3514E-34   
3.7000E-02   -1.3514E-34   
3.7000E-02   -1.3514E-34   
3.7000E-02   -1.3514E-34   
3.7000E-02   -1.3514E-34   
3.5047E-02   -1.1880E-03   
3.2549E-02   -2.1006E-03   
3.0700E-02   -2.5438E-03   
2.8777E-02   -3.0336E-03   
2.5059E-02   -5.1608E-03   
9.8149E-03   -1.5165E-02   
4.5700E-03   -1.9224E-02   
3.1178E-03   -2.0243E-02   
2.2157E-03   -2.0460E-02   
1.3156E-03   -2.0566E-02   
4.3378E-04   -2.0611E-02   
8.1368E-34   -2.0467E-02   
1.1632E-33   -2.0178E-02   
1.1527E-33   -1.9903E-02   
1.6843E-33   -1.9773E-02   
1.7012E-33   -1.9531E-02   
1.0358E-33   -1.9314E-02   
1.0040E-33   -1.9215E-02   
9.6171E-34   -1.9121E-02   
8.9007E-34   -1.8948E-02   
8.5912E-34   -1.8868E-02   
8.0530E-34   -1.8723E-02   
7.8152E-34   -1.8657E-02   
7.5940E-34   -1.8596E-02   
7.2764E-34   -1.8491E-02   
7.0960E-34   -1.8446E-02   
6.8673E-34   -1.8401E-02   
6.6327E-34   -1.8356E-02   
6.2143E-34   -1.8253E-02   
6.0185E-34   -1.8190E-02   
5.8429E-34   -1.8106E-02   
5.6628E-34   -1.7987E-02   
5.4558E-34   -1.7811E-02   
5.0384E-34   -1.7132E-02   
4.8159E-34   -1.6498E-02   
4.5897E-34   -1.5559E-02   
4.3839E-34   -1.4247E-02   
4.1962E-34   -1.2497E-02   
6.1114E-34   -1.0183E-02   
5.5725E-34   -7.4517E-03   
4.0864E-34   -4.1854E-03   
2.7184E-02   -4.3237E-03   
2.8322E-02   -2.7491E-03   
2.8731E-02   -2.2608E-03   
2.7537E-02   -3.7898E-03   
2.9685E-02   -1.0830E-03   
2.6592E-02   -5.2734E-03   
2.1063E-02   -4.8447E-03   
2.9421E-02   -1.4439E-03   
2.9940E-02   -6.2743E-04   
2.9102E-02   -1.8324E-03   
2.7868E-02   -3.3299E-03   
2.9827E-02   -8.5343E-04   
2.8025E-02   -3.1236E-03   
2.6308E-02   -5.5407E-03   
2.8984E-02   -1.9701E-03   
2.9516E-02   -1.3210E-03   
3.0071E-02   -1.7778E-04   
9.5590E-03   -4.1521E-03   
2.5884E-02   -5.6789E-03   
2.8463E-02   -2.5784E-03   
2.8597E-02   -2.4156E-03   
2.9760E-02   -9.6737E-04   
2.3823E-02   -5.2601E-03   
2.9986E-02   -5.1362E-04   
1.6079E-02   -4.7264E-03   
2.5328E-02   -5.7214E-03   
2.9604E-02   -1.2009E-03   
2.9887E-02   -7.4023E-04   
2.6806E-02   -4.9456E-03   
2.9321E-02   -1.5698E-03   
2.9214E-02   -1.6992E-03   
2.7706E-02   -3.5516E-03   
2.6998E-02   -4.6235E-03   
2.7364E-02   -4.0466E-03   
2.8176E-02   -2.9307E-03   
2.8861E-02   -2.1126E-03   
5.2147E-03   -1.1206E-02   
4.2815E-03   -1.3126E-02   
3.4123E-03   -1.4664E-02   
2.6144E-03   -1.5819E-02   
1.9289E-03   -1.6636E-02   
1.3956E-03   -1.7194E-02   
1.0092E-03   -1.7568E-02   
7.4285E-04   -1.7818E-02   
5.6237E-04   -1.7987E-02   
3.0138E-02   -9.4656E-05   
4.3995E-04   -1.8104E-02   
3.0157E-02   -7.8211E-05   
3.5684E-04   -1.8189E-02   
3.0171E-02   -6.5660E-05   
3.0230E-04   -1.8255E-02   
3.0183E-02   -5.5075E-05   
2.5966E-04   -1.8310E-02   
3.0195E-02   -4.6443E-05   
2.2638E-04   -1.8360E-02   
3.0209E-02   -3.9417E-05   
2.0271E-04   -1.8409E-02   
3.0227E-02   -3.3820E-05   
1.8952E-04   -1.8458E-02   
3.0251E-02   -2.9488E-05   
1.8997E-04   -1.8510E-02   
3.0281E-02   -2.6247E-05   
1.9770E-04   -1.8565E-02   
3.0320E-02   -2.3921E-05   
2.0654E-04   -1.8624E-02   
3.0368E-02   -2.2408E-05   
2.1485E-04   -1.8687E-02   
3.0426E-02   -2.1607E-05   
2.2386E-04   -1.8755E-02   
3.0494E-02   -2.1371E-05   
2.3389E-04   -1.8828E-02   
3.0575E-02   -2.1527E-05   
2.4406E-04   -1.8906E-02   
3.0667E-02   -2.1828E-05   
2.5413E-04   -1.8988E-02   
3.0770E-02   -2.2731E-05   
2.6447E-04   -1.9074E-02   
3.0886E-02   -2.3869E-05   
2.7491E-04   -1.9165E-02   
3.1015E-02   -2.5479E-05   
2.8847E-04   -1.9260E-02   
3.1158E-02   -2.6933E-05   
3.0447E-04   -1.9360E-02   
3.1316E-02   -2.7977E-05   
3.1411E-04   -1.9468E-02   
3.1489E-02   -2.9024E-05   
3.2389E-04   -1.9581E-02   
3.1678E-02   -2.9906E-05   
3.4874E-04   -1.9701E-02   
3.1884E-02   -3.0168E-05   
3.6397E-04   -1.9831E-02   
3.2101E-02   -2.9146E-05   
3.6738E-04   -1.9967E-02   
3.2329E-02   -3.0220E-05   
3.8204E-04   -2.0107E-02   
3.2576E-02   -2.9915E-05   
4.0476E-04   -2.0255E-02   
2.7607E-02   -3.3233E-03   
2.9097E-02   -1.6559E-03   
2.9536E-02   -1.1668E-03   
2.6841E-02   -4.3686E-03   
3.0069E-02   -2.7035E-04   
1.7979E-02   -6.5100E-03   
2.8407E-02   -2.3789E-03   
2.9977E-02   -5.1503E-04   
2.4551E-02   -6.0900E-03   
2.6187E-02   -5.3805E-03   
2.5886E-02   -5.6782E-03   
2.8840E-02   -1.9270E-03   
2.7951E-02   -2.9081E-03   
2.9791E-02   -8.3411E-04   
2.9860E-02   -7.2713E-04   
2.8111E-02   -2.7207E-03   
2.8699E-02   -2.0698E-03   
2.9628E-02   -1.0534E-03   
2.9436E-02   -1.2833E-03   
2.7043E-02   -4.0759E-03   
2.6418E-02   -5.0277E-03   
1.2203E-02   -7.0085E-03   
2.7238E-02   -3.8054E-03   
2.8260E-02   -2.5479E-03   
2.8553E-02   -2.2196E-03   
2.9713E-02   -9.4266E-04   
2.9923E-02   -6.2109E-04   
2.7426E-02   -3.5553E-03   
2.9216E-02   -1.5275E-03   
2.5432E-02   -5.8569E-03   
2.6633E-02   -4.6855E-03   
2.9329E-02   -1.4035E-03   
3.0027E-02   -4.0358E-04   
2.2137E-02   -6.0854E-03   
2.8972E-02   -1.7893E-03   
2.7783E-02   -3.1085E-03   
5.7580E-03   -8.8110E-03   
9.4492E-03   -1.1340E-02   
7.9698E-03   -1.3050E-02   
6.3639E-03   -1.4450E-02   
4.8366E-03   -1.5528E-02   
3.6059E-03   -1.6326E-02   
2.6624E-03   -1.6909E-02   
1.9607E-03   -1.7331E-02   
3.0111E-02   -1.2297E-04   
1.4519E-03   -1.7630E-02   
1.0906E-03   -1.7844E-02   
3.0124E-02   -1.6747E-04   
8.3917E-04   -1.7998E-02   
3.0137E-02   -1.4329E-04   
6.6738E-04   -1.8114E-02   
3.0149E-02   -1.1978E-04   
5.5009E-04   -1.8202E-02   
3.0159E-02   -1.0084E-04   
4.7118E-04   -1.8274E-02   
3.0171E-02   -8.5553E-05   
4.2140E-04   -1.8338E-02   
3.0186E-02   -7.3173E-05   
3.9526E-04   -1.8399E-02   
3.0206E-02   -6.3425E-05   
3.8578E-04   -1.8462E-02   
3.0233E-02   -5.6066E-05   
3.9152E-04   -1.8524E-02   
3.0267E-02   -5.0726E-05   
4.0569E-04   -1.8585E-02   
3.0311E-02   -4.6923E-05   
4.2069E-04   -1.8646E-02   
3.0364E-02   -4.4693E-05   
4.3767E-04   -1.8712E-02   
3.0428E-02   -4.3876E-05   
4.5688E-04   -1.8783E-02   
3.0503E-02   -4.4053E-05   
4.7756E-04   -1.8858E-02   
3.0591E-02   -4.4299E-05   
4.9801E-04   -1.8938E-02   
3.0690E-02   -4.4477E-05   
5.1839E-04   -1.9022E-02   
3.0795E-02   -4.7308E-05   
5.3643E-04   -1.9110E-02   
3.0914E-02   -4.9454E-05   
5.5089E-04   -1.9201E-02   
3.1046E-02   -5.3962E-05   
5.8819E-04   -1.9294E-02   
3.1197E-02   -5.5934E-05   
6.2306E-04   -1.9398E-02   
3.1364E-02   -5.7687E-05   
6.2709E-04   -1.9508E-02   
3.1545E-02   -5.9811E-05   
6.5928E-04   -1.9618E-02   
3.1749E-02   -6.1195E-05   
7.5566E-04   -1.9743E-02   
3.1974E-02   -6.0454E-05   
7.3064E-04   -1.9887E-02   
3.2183E-02   -5.5559E-05   
7.4537E-04   -2.0022E-02   
3.2405E-02   -6.6323E-05   
7.8405E-04   -2.0162E-02   
3.2840E-02   -3.1332E-05   
2.8359E-02   -2.1857E-03   
2.8524E-02   -2.0301E-03   
2.7894E-02   -2.7053E-03   
2.8683E-02   -1.8888E-03   
2.7716E-02   -2.8959E-03   
2.5763E-02   -5.5085E-03   
2.6020E-02   -5.1285E-03   
2.6257E-02   -4.7658E-03   
2.6487E-02   -4.4307E-03   
2.6710E-02   -4.1210E-03   
2.5408E-02   -5.8460E-03   
2.6925E-02   -3.8351E-03   
2.7529E-02   -3.1034E-03   
2.8830E-02   -1.7522E-03   
2.7134E-02   -3.5715E-03   
2.7335E-02   -3.3283E-03   
2.4563E-02   -6.2250E-03   
2.8969E-02   -1.6188E-03   
2.9745E-02   -8.1459E-04   
2.9824E-02   -7.1291E-04   
2.9895E-02   -6.1399E-04   
2.9657E-02   -9.1866E-04   
2.2702E-02   -6.9596E-03   
2.9101E-02   -1.4904E-03   
2.9561E-02   -1.0253E-03   
2.9345E-02   -1.2489E-03   
2.9227E-02   -1.3673E-03   
2.9457E-02   -1.1353E-03   
1.8833E-02   -7.6478E-03   
1.5316E-02   -8.1016E-03   
2.9957E-02   -5.1562E-04   
3.0014E-02   -4.1462E-04   
3.0064E-02   -3.1074E-04   
1.0826E-02   -9.5787E-03   
1.1321E-02   -1.2439E-02   
8.8403E-03   -1.3758E-02   
6.8660E-03   -1.4818E-02   
5.2899E-03   -1.5655E-02   
4.0325E-03   -1.6316E-02   
3.0456E-03   -1.6833E-02   
3.0105E-02   -2.0030E-04   
2.2925E-03   -1.7231E-02   
1.7354E-03   -1.7536E-02   
3.0085E-02   -2.4154E-04   
1.3331E-03   -1.7769E-02   
3.0098E-02   -1.9678E-04   
1.0492E-03   -1.7947E-02   
3.0107E-02   -1.6498E-04   
8.5515E-04   -1.8087E-02   
3.0116E-02   -1.3977E-04   
7.2894E-04   -1.8200E-02   
3.0128E-02   -1.1961E-04   
6.6110E-04   -1.8291E-02   
3.0144E-02   -1.0308E-04   
6.4072E-04   -1.8369E-02   
3.0167E-02   -9.0604E-05   
6.2379E-04   -1.8451E-02   
3.0196E-02   -8.1782E-05   
6.1660E-04   -1.8529E-02   
3.0235E-02   -7.5062E-05   
6.2195E-04   -1.8597E-02   
3.0284E-02   -7.0367E-05   
6.4111E-04   -1.8663E-02   
3.0342E-02   -6.8559E-05   
6.6798E-04   -1.8731E-02   
3.0411E-02   -6.8669E-05   
7.0082E-04   -1.8805E-02   
3.0495E-02   -6.9049E-05   
7.3302E-04   -1.8883E-02   
3.0597E-02   -6.8840E-05   
7.6326E-04   -1.8965E-02   
3.0699E-02   -6.6398E-05   
7.9071E-04   -1.9053E-02   
3.0790E-02   -7.7274E-05   
8.0417E-04   -1.9145E-02   
7.9372E-04   -1.9229E-02   
9.4227E-04   -1.9441E-02   
3.1386E-02   -9.0253E-05   
1.0692E-03   -1.9813E-02   
1.1200E-03   -2.0059E-02   
3.1813E-02   -9.5249E-05   
3.3133E-02   -3.2853E-05   
2.9926E-02   -5.1617E-04   
2.9989E-02   -4.2313E-04   
3.0047E-02   -3.2733E-04   
2.8020E-02   -2.3708E-03   
2.7856E-02   -2.5136E-03   
2.5252E-02   -5.6754E-03   
2.4458E-02   -6.2311E-03   
2.6367E-02   -4.1824E-03   
2.5584E-02   -5.2505E-03   
2.6603E-02   -3.8801E-03   
2.5864E-02   -4.8638E-03   
2.7669E-02   -2.6924E-03   
2.8681E-02   -1.7232E-03   
2.6124E-02   -4.5095E-03   
2.9690E-02   -7.9484E-04   
2.9590E-02   -8.9561E-04   
2.6831E-02   -3.6016E-03   
2.7052E-02   -3.3450E-03   
2.9244E-02   -1.2184E-03   
2.9368E-02   -1.1066E-03   
2.9781E-02   -6.9617E-04   
2.2339E-02   -7.2232E-03   
2.9859E-02   -6.0497E-04   
2.7471E-02   -2.8918E-03   
2.9114E-02   -1.3360E-03   
2.7266E-02   -3.1091E-03   
2.9483E-02   -9.9930E-04   
2.8832E-02   -1.5886E-03   
2.8976E-02   -1.4596E-03   
1.3363E-02   -1.1550E-02   
1.0887E-02   -1.2809E-02   
8.8466E-03   -1.3821E-02   
7.1011E-03   -1.4687E-02   
5.6201E-03   -1.5430E-02   
4.3971E-03   -1.6062E-02   
3.4172E-03   -1.6589E-02   
2.6524E-03   -1.7018E-02   
3.0088E-02   -2.4848E-04   
3.0034E-02   -2.8618E-04   
2.0732E-03   -1.7365E-02   
3.0040E-02   -2.4149E-04   
1.6447E-03   -1.7644E-02   
3.0046E-02   -2.0361E-04   
1.3345E-03   -1.7870E-02   
3.0054E-02   -1.7421E-04   
1.1230E-03   -1.8051E-02   
3.0065E-02   -1.5076E-04   
1.0045E-03   -1.8187E-02   
3.0086E-02   -1.3050E-04   
1.0058E-03   -1.8279E-02   
3.0110E-02   -1.1806E-04   
9.1379E-04   -1.8409E-02   
3.0139E-02   -1.0869E-04   
8.7642E-04   -1.8503E-02   
3.0186E-02   -1.0062E-04   
8.6510E-04   -1.8593E-02   
3.0242E-02   -9.5493E-05   
9.1678E-04   -1.8740E-02   
1.0674E-03   -1.9191E-02   
3.0374E-02   -9.7564E-05   
9.6391E-04   -1.8817E-02   
1.0021E-03   -1.8901E-02   
1.0786E-03   -1.9087E-02   
3.0929E-02   -7.4524E-05   
3.1235E-02   -8.3829E-05   
3.1394E-02   -1.2895E-04   
3.0475E-02   -9.8209E-05   
1.4801E-03   -1.9954E-02   
3.1612E-02   -1.3208E-04   
1.1135E-03   -1.9713E-02   
3.0710E-02   -1.1154E-04   
1.2966E-03   -1.9374E-02   
3.0017E-02   -3.4455E-04   
2.9950E-02   -4.3730E-04   
2.9890E-02   -5.1916E-04   
2.8382E-02   -1.8271E-03   
2.8348E-02   -1.9938E-03   
2.8523E-02   -1.7016E-03   
2.7651E-02   -2.4969E-03   
2.9727E-02   -6.8036E-04   
2.5060E-02   -5.4010E-03   
2.9821E-02   -5.8562E-04   
2.4288E-02   -6.0408E-03   
2.2264E-02   -7.2128E-03   
2.5434E-02   -4.9768E-03   
2.6274E-02   -3.9408E-03   
2.6017E-02   -4.2608E-03   
2.7435E-02   -2.6881E-03   
2.5741E-02   -4.6041E-03   
2.6522E-02   -3.6462E-03   
2.8685E-02   -1.5658E-03   
2.9269E-02   -1.0814E-03   
2.9625E-02   -7.7706E-04   
2.6761E-02   -3.3749E-03   
2.9396E-02   -9.7603E-04   
2.9515E-02   -8.7502E-04   
2.9134E-02   -1.1928E-03   
2.6993E-02   -3.1261E-03   
2.7218E-02   -2.8979E-03   
2.8991E-02   -1.3107E-03   
2.8841E-02   -1.4352E-03   
1.6527E-02   -9.8697E-03   
1.4870E-02   -1.0777E-02   
1.2819E-02   -1.1703E-02   
1.0879E-02   -1.2613E-02   
9.0898E-03   -1.3478E-02   
7.4911E-03   -1.4286E-02   
6.1011E-03   -1.5021E-02   
4.9217E-03   -1.5670E-02   
3.9574E-03   -1.6235E-02   
2.9954E-02   -3.3908E-04   
3.1885E-03   -1.6713E-02   
2.9965E-02   -2.7829E-04   
2.5918E-03   -1.7112E-02   
2.1242E-03   -1.7452E-02   
2.9969E-02   -2.3785E-04   
2.9973E-02   -2.0684E-04   
1.7390E-03   -1.7750E-02   
2.9979E-02   -1.8281E-04   
1.3447E-03   -1.8184E-02   
3.0017E-02   -1.5272E-04   
1.2828E-03   -1.8293E-02   
3.0125E-02   -1.2836E-04   
3.0068E-02   -1.3752E-04   
1.2267E-03   -1.8429E-02   
1.2437E-03   -1.8705E-02   
8.7289E-04   -1.8671E-02   
1.2658E-03   -1.8808E-02   
1.3083E-03   -1.8905E-02   
1.3754E-03   -1.9747E-02   
1.3494E-03   -1.9636E-02   
1.3610E-03   -1.9008E-02   
3.0322E-02   -1.3253E-04   
3.0852E-02   -1.0249E-04   
3.0559E-02   -1.4041E-04   
3.1175E-02   -1.2217E-04   
3.0435E-02   -1.3386E-04   
3.0300E-02   -9.6221E-05   
1.4289E-03   -1.9122E-02   
1.2521E-03   -1.9514E-02   
1.3520E-03   -1.9250E-02   
3.1843E-02   -1.3406E-04   
1.4162E-03   -2.0082E-02   
1.3359E-03   -1.9851E-02   
3.1396E-02   -1.7248E-04   
2.8170E-02   -1.9121E-03   
2.9970E-02   -3.7202E-04   
2.9766E-02   -5.7537E-04   
2.4941E-02   -5.1066E-03   
2.9660E-02   -6.7026E-04   
2.4216E-02   -5.6823E-03   
1.9523E-02   -8.4930E-03   
2.7421E-02   -2.4887E-03   
2.5934E-02   -4.0195E-03   
2.5644E-02   -4.3576E-03   
2.5335E-02   -4.7131E-03   
2.8527E-02   -1.5572E-03   
2.6206E-02   -3.7057E-03   
2.9300E-02   -9.5601E-04   
2.6464E-02   -3.4186E-03   
2.9429E-02   -8.5723E-04   
2.9549E-02   -7.6267E-04   
2.9162E-02   -1.0610E-03   
2.6714E-02   -3.1555E-03   
2.7191E-02   -2.6935E-03   
2.8696E-02   -1.4196E-03   
2.9014E-02   -1.1728E-03   
2.6957E-02   -2.9147E-03   
2.8859E-02   -1.2924E-03   
1.8495E-02   -8.8423E-03   
1.6746E-02   -9.5439E-03   
2.7903E-02   -2.1105E-03   
1.4903E-02   -1.0367E-02   
2.7658E-02   -2.2955E-03   
1.3051E-02   -1.1223E-02   
1.1298E-02   -1.2078E-02   
9.6647E-03   -1.2914E-02   
8.1669E-03   -1.3713E-02   
6.8489E-03   -1.4465E-02   
5.7130E-03   -1.5145E-02   
2.1097E-03   -1.7771E-02   
2.9877E-02   -3.5791E-04   
4.7688E-03   -1.5741E-02   
3.9917E-03   -1.6266E-02   
2.9878E-02   -3.0980E-04   
3.3171E-03   -1.6757E-02   
2.9876E-02   -2.7171E-04   
2.9873E-02   -2.4288E-04   
1.4909E-03   -1.7962E-02   
2.9932E-02   -1.8171E-04   
1.9206E-03   -1.8019E-02   
1.4710E-03   -1.8516E-02   
3.0733E-02   -1.4584E-04   
3.0369E-02   -1.7711E-04   
3.0060E-02   -1.6072E-04   
1.6537E-03   -1.8746E-02   
2.9984E-02   -1.6936E-04   
1.7081E-03   -1.8860E-02   
1.1569E-03   -1.8563E-02   
1.6607E-03   -1.9803E-02   
1.7366E-03   -1.8975E-02   
3.0947E-02   -1.3855E-04   
1.6588E-03   -1.9307E-02   
1.6239E-03   -1.9428E-02   
3.0215E-02   -1.3388E-04   
1.6954E-03   -1.9668E-02   
1.6350E-03   -1.8628E-02   
3.0256E-02   -1.7317E-04   
3.1623E-02   -1.7496E-04   
3.1188E-02   -1.6732E-04   
2.9788E-02   -4.9289E-04   
2.9688E-02   -5.7951E-04   
2.9881E-02   -4.6168E-04   
2.2795E-02   -6.2545E-03   
2.4937E-02   -4.8321E-03   
2.8353E-02   -1.5574E-03   
2.5566E-02   -4.1204E-03   
2.9580E-02   -6.6530E-04   
2.5236E-02   -4.4832E-03   
2.5873E-02   -3.7845E-03   
1.7352E-02   -9.5928E-03   
2.6160E-02   -3.4773E-03   
2.7185E-02   -2.4956E-03   
2.9195E-02   -9.4026E-04   
2.9462E-02   -7.5293E-04   
2.9334E-02   -8.4388E-04   
2.8539E-02   -1.4131E-03   
2.6431E-02   -3.1979E-03   
2.9045E-02   -1.0458E-03   
2.6690E-02   -2.9435E-03   
2.6941E-02   -2.7106E-03   
2.8716E-02   -1.2813E-03   
2.8885E-02   -1.1595E-03   
2.7431E-02   -2.2927E-03   
2.0337E-02   -7.5698E-03   
1.8739E-02   -8.2246E-03   
1.6961E-02   -8.9920E-03   
2.2140E-02   -6.9509E-03   
1.5284E-02   -9.7654E-03   
2.7680E-02   -2.0989E-03   
2.7927E-02   -1.9102E-03   
1.3656E-02   -1.0553E-02   
2.9861E-02   -4.1500E-04   
2.8154E-02   -1.7273E-03   
1.2069E-02   -1.1354E-02   
1.0582E-02   -1.2174E-02   
7.9448E-03   -1.3729E-02   
2.9787E-02   -3.8671E-04   
6.8653E-03   -1.4424E-02   
5.9602E-03   -1.5049E-02   
2.9773E-02   -3.4579E-04   
2.9764E-02   -3.0875E-04   
3.3536E-03   -1.6899E-02   
1.7767E-03   -1.8239E-02   
2.9825E-02   -2.1803E-04   
3.0155E-02   -1.7222E-04   
2.1845E-03   -1.8585E-02   
2.5558E-03   -1.7319E-02   
3.0491E-02   -1.8535E-04   
3.3930E-03   -1.7019E-02   
3.0168E-02   -2.2073E-04   
1.6993E-03   -1.8497E-02   
1.9743E-03   -1.9361E-02   
2.1364E-03   -1.8459E-02   
1.8191E-03   -1.9053E-02   
3.0070E-02   -1.7656E-04   
3.1017E-02   -1.6410E-04   
2.9875E-02   -2.0981E-04   
1.7176E-03   -1.9179E-02   
1.6424E-03   -1.9547E-02   
3.1164E-02   -2.1654E-04   
3.1837E-02   -1.7422E-04   
1.7504E-03   -2.0047E-02   
2.1169E-03   -1.9706E-02   
3.0894E-02   -1.1794E-04   
2.9602E-02   -5.8485E-04   
2.4686E-02   -4.6995E-03   
2.7199E-02   -2.3044E-03   
2.5157E-02   -4.2498E-03   
2.5515E-02   -3.8845E-03   
2.9490E-02   -6.6625E-04   
2.5837E-02   -3.5554E-03   
2.8371E-02   -1.4157E-03   
2.9234E-02   -8.3216E-04   
2.9370E-02   -7.4728E-04   
2.6137E-02   -3.2561E-03   
2.9082E-02   -9.2967E-04   
2.6946E-02   -2.5141E-03   
2.6420E-02   -2.9848E-03   
2.8563E-02   -1.2785E-03   
2.6688E-02   -2.7392E-03   
2.8918E-02   -1.0367E-03   
2.8745E-02   -1.1530E-03   
2.2167E-02   -6.3360E-03   
2.0223E-02   -7.1418E-03   
2.9792E-02   -4.3312E-04   
1.8846E-02   -7.7142E-03   
2.7944E-02   -1.7356E-03   
2.7455E-02   -2.1050E-03   
2.8166E-02   -1.5678E-03   
1.7462E-02   -8.3145E-03   
1.6024E-02   -8.9738E-03   
2.7705E-02   -1.9156E-03   
1.4625E-02   -9.7008E-03   
1.3243E-02   -1.0445E-02   
1.1917E-02   -1.1204E-02   
2.9756E-02   -2.8086E-04   
1.0710E-02   -1.1939E-02   
5.0866E-03   -1.5679E-02   
9.7096E-03   -1.2582E-02   
2.9661E-02   -4.3617E-04   
2.9981E-02   -2.1519E-04   
2.9648E-02   -3.8578E-04   
3.1428E-03   -1.7303E-02   
2.2444E-03   -1.8127E-02   
2.9784E-02   -2.3263E-04   
3.9663E-03   -1.6565E-02   
2.9923E-02   -2.1163E-04   
3.0437E-03   -1.7957E-02   
2.1906E-03   -1.9000E-02   
2.2112E-03   -1.8279E-02   
2.1115E-03   -1.8905E-02   
2.9693E-02   -2.6385E-04   
3.0791E-02   -1.9277E-04   
2.4501E-03   -1.9210E-02   
3.0971E-02   -2.0838E-04   
1.9119E-03   -1.9467E-02   
3.1124E-02   -2.7313E-04   
2.1900E-03   -1.9992E-02   
3.1652E-02   -2.2566E-04   
3.2069E-02   -1.4445E-04   
2.4309E-03   -1.9817E-02   
3.0588E-02   -2.0280E-04   
2.9622E-02   -5.1469E-04   
2.4221E-02   -5.2979E-03   
2.4706E-02   -4.3911E-03   
2.5125E-02   -4.0019E-03   
2.6967E-02   -2.3265E-03   
2.5489E-02   -3.6522E-03   
2.9406E-02   -6.7160E-04   
2.9285E-02   -7.3315E-04   
2.5825E-02   -3.3335E-03   
2.2370E-02   -5.9196E-03   
2.9129E-02   -8.2220E-04   
2.8400E-02   -1.2823E-03   
2.6139E-02   -3.0432E-03   
2.6705E-02   -2.5438E-03   
2.8961E-02   -9.2324E-04   
2.6432E-02   -2.7804E-03   
2.8596E-02   -1.1523E-03   
2.8783E-02   -1.0330E-03   
2.1604E-02   -6.1373E-03   
2.7228E-02   -2.1219E-03   
2.7971E-02   -1.5793E-03   
2.8191E-02   -1.4245E-03   
2.0627E-02   -6.4703E-03   
2.7734E-02   -1.7482E-03   
1.9442E-02   -6.9395E-03   
1.8302E-02   -7.4793E-03   
2.7486E-02   -1.9291E-03   
2.9715E-02   -4.5409E-04   
1.4831E-02   -9.2917E-03   
1.7127E-02   -8.0430E-03   
2.9634E-02   -3.5073E-04   
1.5964E-02   -8.6512E-03   
2.9863E-02   -2.2850E-04   
6.1873E-03   -1.5047E-02   
8.9142E-03   -1.3116E-02   
5.8622E-03   -1.5334E-02   
1.3852E-02   -9.8751E-03   
2.9525E-02   -4.7063E-04   
2.9739E-02   -2.6064E-04   
2.9653E-02   -2.7488E-04   
5.0403E-03   -1.5980E-02   
3.4424E-03   -1.7562E-02   
2.7420E-03   -1.8590E-02   
3.0923E-02   -2.6505E-04   
2.9792E-02   -2.6307E-04   
3.7301E-03   -1.7215E-02   
3.0390E-02   -2.3896E-04   
2.6587E-03   -1.8951E-02   
3.0516E-02   -2.5857E-04   
2.3075E-03   -1.9422E-02   
3.0835E-03   -1.7477E-02   
3.1349E-02   -2.7996E-04   
3.0065E-02   -2.1743E-04   
3.2336E-02   -1.1252E-04   
2.6390E-03   -1.9652E-02   
2.3404E-02   -5.1657E-03   
2.9504E-02   -5.9640E-04   
2.4687E-02   -4.1396E-03   
2.5119E-02   -3.7629E-03   
2.5496E-02   -3.4267E-03   
2.6737E-02   -2.3578E-03   
2.9371E-02   -6.2696E-04   
2.4178E-02   -4.7912E-03   
2.9189E-02   -7.1969E-04   
2.7003E-02   -2.1479E-03   
2.5843E-02   -3.1183E-03   
2.9012E-02   -8.1829E-04   
2.6166E-02   -2.8366E-03   
2.6463E-02   -2.5841E-03   
2.8437E-02   -1.1571E-03   
2.8829E-02   -9.2141E-04   
2.8638E-02   -1.0334E-03   
2.3057E-02   -5.0806E-03   
2.7771E-02   -1.5952E-03   
2.8227E-02   -1.2917E-03   
2.8005E-02   -1.4374E-03   
2.9762E-02   -2.5350E-04   
2.1962E-02   -5.4696E-03   
2.7266E-02   -1.9507E-03   
2.1161E-02   -5.7882E-03   
2.7523E-02   -1.7664E-03   
2.9507E-02   -4.2968E-04   
1.8467E-02   -6.9996E-03   
2.0284E-02   -6.1292E-03   
1.7605E-02   -7.4660E-03   
1.9383E-02   -6.5357E-03   
9.3202E-03   -1.3022E-02   
2.9519E-02   -5.2884E-04   
2.9619E-02   -3.2613E-04   
1.3042E-02   -1.0384E-02   
3.0026E-02   -1.5342E-04   
6.5879E-03   -1.5166E-02   
2.9623E-02   -2.9296E-04   
2.9952E-02   -2.7186E-04   
2.9861E-02   -2.6716E-04   
2.9587E-02   -3.1896E-04   
2.9541E-02   -3.1920E-04   
3.0242E-02   -3.0163E-04   
2.9502E-02   -3.2606E-04   
3.9715E-03   -1.6962E-02   
5.5876E-03   -1.6172E-02   
8.4372E-03   -1.3514E-02   
9.4972E-03   -1.2818E-02   
3.7813E-03   -1.7784E-02   
3.0524E-02   -3.0887E-04   
2.9923E-03   -1.8601E-02   
5.3358E-03   -1.5910E-02   
3.1074E-02   -3.3681E-04   
2.4251E-03   -1.9550E-02   
3.2672E-02   -5.7110E-05   
3.2297E-03   -1.8809E-02   
3.2290E-02   -1.5809E-04   
3.0866E-02   -3.2874E-04   
3.0283E-02   -2.2565E-04   
2.9182E-03   -1.9131E-02   
2.4116E-02   -4.6051E-03   
2.4714E-02   -3.8910E-03   
2.5154E-02   -3.5341E-03   
2.6782E-02   -2.1821E-03   
2.9251E-02   -6.1790E-04   
2.5529E-02   -3.2101E-03   
2.6509E-02   -2.3979E-03   
2.9066E-02   -7.2305E-04   
2.5886E-02   -2.9077E-03   
2.6212E-02   -2.6376E-03   
2.8885E-02   -8.1833E-04   
2.7815E-02   -1.4556E-03   
2.8481E-02   -1.0396E-03   
2.8688E-02   -9.2180E-04   
2.8268E-02   -1.1698E-03   
2.3409E-02   -4.6516E-03   
2.8047E-02   -1.3074E-03   
2.9412E-02   -5.4946E-04   
2.7049E-02   -1.9805E-03   
2.7568E-02   -1.6169E-03   
2.3073E-02   -4.6836E-03   
2.7312E-02   -1.7919E-03   
2.2513E-02   -4.8088E-03   
2.0596E-02   -5.5887E-03   
2.1255E-02   -5.2846E-03   
2.9380E-02   -5.1597E-04   
2.1898E-02   -5.0179E-03   
2.9485E-02   -3.9914E-04   
2.9888E-02   -1.9992E-04   
1.6783E-02   -7.9504E-03   
2.9473E-02   -3.3999E-04   
2.9371E-02   -3.8378E-04   
9.9516E-03   -1.2482E-02   
2.9588E-02   -3.1946E-04   
2.9333E-02   -3.8700E-04   
2.9416E-02   -3.8759E-04   
9.1430E-03   -1.3440E-02   
3.0069E-02   -2.7507E-04   
2.9719E-02   -3.3041E-04   
1.2548E-02   -1.0744E-02   
2.9979E-02   -3.4090E-04   
4.4002E-03   -1.7629E-02   
3.4089E-03   -1.7855E-02   
9.4342E-03   -1.3324E-02   
9.9717E-03   -1.2745E-02   
3.0798E-02   -3.9987E-04   
3.1293E-02   -3.4516E-04   
3.9186E-03   -1.8209E-02   
2.8335E-03   -1.9322E-02   
3.2519E-02   -1.2879E-04   
3.7394E-03   -1.8620E-02   
2.4129E-02   -4.3367E-03   
2.4824E-02   -3.6494E-03   
2.6564E-02   -2.2239E-03   
2.5185E-02   -3.3277E-03   
2.9101E-02   -6.5326E-04   
2.6836E-02   -2.0176E-03   
2.5582E-02   -2.9983E-03   
2.6271E-02   -2.4505E-03   
2.8944E-02   -7.2746E-04   
2.7864E-02   -1.3289E-03   
2.5944E-02   -2.7073E-03   
2.7620E-02   -1.4802E-03   
2.4216E-02   -4.0459E-03   
2.8758E-02   -8.1975E-04   
2.8311E-02   -1.0615E-03   
2.8093E-02   -1.1906E-03   
2.3867E-02   -4.0274E-03   
2.7364E-02   -1.6459E-03   
2.7102E-02   -1.8252E-03   
2.9349E-02   -4.8053E-04   
2.9456E-02   -3.5931E-04   
2.2665E-02   -4.3256E-03   
2.3474E-02   -4.0941E-03   
1.3339E-02   -1.0200E-02   
2.3081E-02   -4.1931E-03   
2.9462E-02   -3.7860E-04   
1.9919E-02   -5.9430E-03   
1.3209E-02   -1.0596E-02   
2.9147E-02   -4.5807E-04   
1.5952E-02   -8.4942E-03   
2.9183E-02   -4.5944E-04   
2.9301E-02   -3.9750E-04   
2.9472E-02   -3.9696E-04   
1.1601E-02   -1.1655E-02   
5.0243E-03   -1.7828E-02   
1.0305E-02   -1.2945E-02   
3.0054E-02   -3.7733E-04   
2.9824E-02   -3.3683E-04   
3.1235E-02   -4.1374E-04   
1.3340E-02   -1.0358E-02   
3.5632E-03   -1.8865E-02   
3.0593E-02   -3.9118E-04   
3.1566E-02   -2.9138E-04   
6.8169E-03   -1.6030E-02   
7.0368E-03   -1.5385E-02   
6.9287E-03   -1.5695E-02   
3.0719E-02   -4.7945E-04   
2.9214E-02   -5.7035E-04   
2.6626E-02   -2.0626E-03   
2.6337E-02   -2.2772E-03   
2.4716E-02   -3.5250E-03   
2.8659E-02   -8.1827E-04   
2.9287E-02   -4.3462E-04   
2.5240E-02   -3.1169E-03   
2.7679E-02   -1.3562E-03   
2.9017E-02   -6.3913E-04   
2.7919E-02   -1.2152E-03   
2.8825E-02   -7.3641E-04   
2.5648E-02   -2.7974E-03   
2.7424E-02   -1.5123E-03   
2.6896E-02   -1.8655E-03   
2.7162E-02   -1.6823E-03   
2.4378E-02   -3.5688E-03   
2.8337E-02   -9.8425E-04   
2.8144E-02   -1.0883E-03   
2.3901E-02   -3.5912E-03   
2.4137E-02   -3.5754E-03   
1.9033E-02   -6.4651E-03   
2.2225E-02   -4.5030E-03   
2.9316E-02   -4.5409E-04   
1.7276E-02   -7.6963E-03   
2.9280E-02   -4.1530E-04   
2.8946E-02   -5.3979E-04   
1.4906E-02   -9.3477E-03   
2.9115E-02   -4.6477E-04   
2.9223E-02   -4.6884E-04   
3.0384E-02   -3.8132E-04   
2.9552E-02   -4.0750E-04   
1.4334E-02   -1.0012E-02   
1.7400E-02   -7.5133E-03   
1.2904E-02   -1.0520E-02   
3.0308E-02   -3.3802E-04   
2.9790E-02   -4.3325E-04   
1.1658E-02   -1.2119E-02   
4.6143E-03   -1.8381E-02   
8.0417E-03   -1.5487E-02   
1.6618E-02   -8.1822E-03   
3.0673E-02   -3.1939E-04   
3.0955E-02   -4.8040E-04   
3.1510E-02   -3.5342E-04   
3.1806E-02   -2.5141E-04   
1.0828E-02   -1.2862E-02   
1.0690E-02   -1.3308E-02   
2.8695E-02   -7.5680E-04   
2.6089E-02   -2.3500E-03   
2.6399E-02   -2.1221E-03   
2.9123E-02   -5.1841E-04   
2.8221E-02   -9.9058E-04   
2.7987E-02   -1.1118E-03   
2.8861E-02   -6.8082E-04   
2.6688E-02   -1.9155E-03   
2.7746E-02   -1.2442E-03   
2.7493E-02   -1.3906E-03   
2.5740E-02   -2.6051E-03   
2.7230E-02   -1.5516E-03   
2.6962E-02   -1.7260E-03   
2.4908E-02   -3.2471E-03   
2.4792E-02   -3.1949E-03   
2.4645E-02   -3.1579E-03   
2.3659E-02   -3.6338E-03   
2.1684E-02   -4.7761E-03   
2.5301E-02   -2.9126E-03   
2.9169E-02   -5.4012E-04   
2.8888E-02   -5.5303E-04   
2.8473E-02   -8.7271E-04   
2.8913E-02   -5.4259E-04   
1.8573E-02   -6.7690E-03   
1.7246E-02   -7.5720E-03   
1.5557E-02   -9.3888E-03   
2.8981E-02   -5.4510E-04   
2.0919E-02   -5.2367E-03   
2.9059E-02   -5.1126E-04   
1.8566E-02   -6.9767E-03   
2.9263E-02   -4.8875E-04   
1.9799E-02   -6.0012E-03   
2.9896E-02   -4.5041E-04   
3.0148E-02   -4.5875E-04   
2.9668E-02   -4.1721E-04   
3.2034E-02   -2.4790E-04   
1.5193E-02   -9.9714E-03   
1.5271E-02   -9.7479E-03   
9.4537E-03   -1.4640E-02   
3.0665E-02   -5.6089E-04   
4.3321E-03   -1.8779E-02   
3.1166E-02   -4.8569E-04   
3.1785E-02   -3.0062E-04   
2.8779E-02   -6.8090E-04   
2.6146E-02   -2.2055E-03   
2.5812E-02   -2.4485E-03   
2.8068E-02   -1.0158E-03   
2.8978E-02   -6.0534E-04   
2.7823E-02   -1.1424E-03   
2.6461E-02   -1.9829E-03   
2.7571E-02   -1.2800E-03   
2.6757E-02   -1.7809E-03   
2.7308E-02   -1.4321E-03   
2.5152E-02   -2.8739E-03   
2.7036E-02   -1.5987E-03   
2.4516E-02   -3.1280E-03   
2.8555E-02   -7.8022E-04   
2.8670E-02   -6.3814E-04   
2.5506E-02   -2.6787E-03   
2.2988E-02   -3.9202E-03   
2.4381E-02   -3.1194E-03   
2.1409E-02   -4.8766E-03   
2.8313E-02   -8.9536E-04   
2.8706E-02   -6.2837E-04   
2.9868E-02   -5.1380E-04   
2.8908E-02   -5.9779E-04   
2.8742E-02   -6.2805E-04   
2.1291E-02   -4.9697E-03   
2.9007E-02   -5.6218E-04   
2.9352E-02   -5.0334E-04   
2.8864E-02   -5.7365E-04   
1.9363E-02   -6.9251E-03   
2.0723E-02   -5.4109E-03   
2.1677E-02   -4.9465E-03   
3.0112E-02   -4.1744E-04   
3.2070E-02   -3.0903E-04   
1.9675E-02   -6.5771E-03   
2.9494E-02   -5.1167E-04   
3.0035E-02   -5.3490E-04   
3.0356E-02   -6.6554E-04   
1.5817E-02   -9.6399E-03   
1.3942E-02   -1.1182E-02   
3.0348E-02   -5.7632E-04   
3.2239E-02   -2.0156E-04   
3.1460E-02   -4.1906E-04   
3.2315E-03   -1.9436E-02   
1.5183E-02   -9.5668E-03   
2.5848E-02   -2.3272E-03   
2.5491E-02   -2.5942E-03   
2.7911E-02   -1.0498E-03   
2.8660E-02   -6.9437E-04   
2.7659E-02   -1.1803E-03   
2.6531E-02   -1.8559E-03   
2.5074E-02   -2.8136E-03   
2.7394E-02   -1.3243E-03   
2.4212E-02   -3.1599E-03   
2.6836E-02   -1.6588E-03   
2.2389E-02   -4.2379E-03   
2.7120E-02   -1.4836E-03   
2.8160E-02   -9.2722E-04   
2.5016E-02   -2.7530E-03   
2.8445E-02   -7.3335E-04   
2.8830E-02   -6.0602E-04   
2.8404E-02   -8.1259E-04   
2.8649E-02   -6.5322E-04   
2.8529E-02   -7.0779E-04   
2.8781E-02   -6.3404E-04   
2.2669E-02   -4.5787E-03   
2.2770E-02   -4.0387E-03   
2.1632E-02   -5.0739E-03   
2.1782E-02   -4.8234E-03   
2.9508E-02   -6.1601E-04   
3.1372E-02   -4.8746E-04   
1.0509E-02   -1.4008E-02   
2.3267E-02   -3.6795E-03   
1.9419E-02   -6.6187E-03   
2.9329E-02   -6.1214E-04   
3.0229E-02   -5.3375E-04   
3.2308E-02   -2.3569E-04   
3.1752E-02   -4.2439E-04   
3.0386E-02   -7.3928E-04   
1.8865E-02   -7.6686E-03   
3.8132E-03   -1.9306E-02   
2.9158E-02   -6.1152E-04   
2.8723E-03   -1.9459E-02   
2.7756E-02   -1.0919E-03   
2.8646E-02   -6.7092E-04   
2.8010E-02   -9.6724E-04   
2.7493E-02   -1.2278E-03   
2.6616E-02   -1.7382E-03   
2.5485E-02   -2.5013E-03   
2.0060E-02   -5.7522E-03   
2.3934E-02   -3.2733E-03   
2.8260E-02   -8.5001E-04   
2.4967E-02   -2.7067E-03   
2.8415E-02   -7.4737E-04   
2.6200E-02   -2.0793E-03   
2.6927E-02   -1.5478E-03   
2.2953E-02   -4.2466E-03   
2.3627E-02   -3.6466E-03   
2.8521E-02   -7.2645E-04   
2.3273E-02   -3.7881E-03   
2.3553E-02   -3.5168E-03   
2.3304E-02   -3.6875E-03   
2.2555E-02   -4.2224E-03   
2.3877E-02   -3.5195E-03   
2.2027E-02   -5.1121E-03   
2.9694E-02   -6.2711E-04   
3.1051E-02   -5.7687E-04   
2.9158E-02   -7.2138E-04   
2.8132E-02   -8.6934E-04   
2.8809E-02   -7.3176E-04   
2.9921E-02   -6.4106E-04   
1.6039E-02   -1.0072E-02   
6.9228E-03   -1.6632E-02   
2.8987E-02   -7.2079E-04   
3.0503E-02   -4.7133E-04   
1.9513E-02   -7.4160E-03   
1.8468E-02   -7.8415E-03   
3.0712E-02   -7.0169E-04   
3.0044E-02   -7.8875E-04   
2.7866E-02   -1.0143E-03   
2.7613E-02   -1.1378E-03   
2.8395E-02   -7.6834E-04   
2.4853E-02   -2.7137E-03   
2.8473E-02   -7.5653E-04   
2.8117E-02   -8.9519E-04   
2.7336E-02   -1.2807E-03   
2.5504E-02   -2.4065E-03   
2.6720E-02   -1.6300E-03   
2.7036E-02   -1.4466E-03   
2.5001E-02   -2.7649E-03   
2.4727E-02   -2.8949E-03   
2.5889E-02   -2.2154E-03   
2.4298E-02   -3.0431E-03   
2.4628E-02   -2.8469E-03   
2.4510E-02   -2.9010E-03   
2.6271E-02   -1.9587E-03   
2.8598E-02   -7.2733E-04   
2.7879E-02   -9.8822E-04   
2.8648E-02   -8.3959E-04   
2.4192E-02   -3.1449E-03   
2.8569E-02   -7.8508E-04   
2.1823E-02   -5.5124E-03   
2.9326E-02   -7.3103E-04   
2.4568E-02   -3.3522E-03   
1.0992E-02   -1.3248E-02   
2.0490E-02   -6.8247E-03   
2.8244E-02   -8.5417E-04   
2.8809E-02   -8.3565E-04   
2.5140E-02   -2.7904E-03   
2.2321E-02   -5.2900E-03   
1.1225E-02   -1.3757E-02   
3.0093E-02   -8.6055E-04   
3.1065E-02   -6.6606E-04   
2.7749E-02   -1.0579E-03   
2.7977E-02   -9.4727E-04   
2.6372E-02   -1.8396E-03   
2.5047E-02   -2.5722E-03   
2.6840E-02   -1.5332E-03   
2.5207E-02   -2.5027E-03   
2.5564E-02   -2.2923E-03   
2.7915E-02   -9.8659E-04   
2.5963E-02   -2.0968E-03   
2.5436E-02   -2.3466E-03   
2.8836E-02   -6.3574E-04   
2.7166E-02   -1.3513E-03   
2.8206E-02   -8.4255E-04   
2.5435E-02   -2.4044E-03   
2.8467E-02   -9.5794E-04   
2.5680E-02   -2.3053E-03   
2.8513E-02   -8.4944E-04   
7.1288E-03   -1.6026E-02   
2.1994E-02   -5.8725E-03   
2.8966E-02   -8.4204E-04   
6.8053E-03   -1.6861E-02   
2.6185E-02   -2.2037E-03   
2.4127E-02   -3.8346E-03   
2.8259E-02   -8.8491E-04   
2.9496E-02   -7.4919E-04   
1.1824E-02   -1.3376E-02   
2.5964E-02   -2.4321E-03   
2.4591E-02   -3.6559E-03   
1.7278E-02   -9.2685E-03   
2.9728E-02   -9.2459E-04   
2.5312E-02   -2.5975E-03   
3.1446E-02   -6.2352E-04   
2.6500E-02   -1.7304E-03   
2.5921E-02   -2.0790E-03   
2.7510E-02   -1.1699E-03   
2.6109E-02   -1.9642E-03   
2.7596E-02   -1.1280E-03   
2.5899E-02   -2.2060E-03   
2.5078E-02   -2.5845E-03   
2.8763E-02   -9.7254E-04   
2.6959E-02   -1.4520E-03   
2.6111E-02   -2.0081E-03   
2.5888E-02   -2.0827E-03   
2.7931E-02   -1.0079E-03   
2.8613E-02   -9.6187E-04   
2.7810E-02   -1.0200E-03   
2.5401E-02   -2.3567E-03   
2.8255E-02   -9.3171E-04   
1.8823E-02   -7.3987E-03   
2.6063E-02   -2.1871E-03   
2.5859E-02   -2.6530E-03   
2.5895E-02   -2.7157E-03   
2.4930E-02   -3.5754E-03   
2.5144E-02   -3.6956E-03   
2.9778E-02   -1.0126E-03   
7.2826E-03   -1.6857E-02   
2.9276E-02   -8.8037E-04   
3.1763E-02   -5.1279E-04   
2.6627E-02   -1.6385E-03   
2.6270E-02   -1.8496E-03   
2.7308E-02   -1.2650E-03   
2.6442E-02   -1.7871E-03   
2.7602E-02   -1.1446E-03   
2.8281E-02   -9.7665E-04   
2.7944E-02   -1.0415E-03   
2.6301E-02   -1.9394E-03   
2.8411E-02   -1.0964E-03   
2.8268E-02   -1.0876E-03   
2.9392E-02   -9.7863E-04   
2.8915E-02   -9.9184E-04   
2.6759E-02   -2.2404E-03   
2.6614E-02   -2.1674E-03   
2.5713E-02   -2.1894E-03   
2.9636E-02   -7.8557E-04   
3.0413E-02   -8.0189E-04   
2.9318E-02   -1.2041E-03   
2.5941E-02   -3.0392E-03   
2.4226E-02   -4.5618E-03   
2.6602E-02   -2.5142E-03   
2.6644E-02   -1.8896E-03   
1.2026E-02   -1.3641E-02   
3.1806E-02   -5.8516E-04   
2.6392E-02   -1.7629E-03   
2.7620E-02   -1.1114E-03   
2.5990E-02   -2.0033E-03   
2.7036E-02   -1.4085E-03   
2.8011E-02   -1.2544E-03   
2.7259E-02   -1.3014E-03   
2.6737E-02   -1.5680E-03   
2.7612E-02   -1.1736E-03   
2.6606E-02   -1.7358E-03   
2.7940E-02   -1.1412E-03   
2.6783E-02   -1.6912E-03   
2.7934E-02   -1.2038E-03   
2.9704E-02   -8.4587E-04   
2.8564E-02   -1.1075E-03   
2.9080E-02   -1.0201E-03   
3.0646E-02   -8.0938E-04   
2.6671E-02   -2.0169E-03   
2.9418E-02   -9.0020E-04   
2.6773E-02   -1.8907E-03   
2.9060E-02   -1.1194E-03   
2.6323E-02   -1.8260E-03   
2.7006E-02   -1.6485E-03   
2.7021E-02   -2.1976E-03   
2.8995E-02   -1.2309E-03   
2.9711E-02   -1.1205E-03   
2.6516E-02   -2.2976E-03   
2.6997E-02   -2.3924E-03   
2.6059E-02   -3.2929E-03   
7.5980E-03   -1.6996E-02   
2.6482E-02   -1.7125E-03   
2.7020E-02   -1.5270E-03   
2.6892E-02   -1.4913E-03   
2.7296E-02   -1.3077E-03   
2.7093E-02   -1.7846E-03   
2.6843E-02   -1.5772E-03   
2.7633E-02   -1.3720E-03   
2.8264E-02   -1.2126E-03   
2.7187E-02   -2.5759E-03   
2.8713E-02   -1.2646E-03   
2.5987E-02   -2.0034E-03   
2.7133E-02   -1.6755E-03   
2.8699E-02   -1.1315E-03   
2.7645E-02   -1.2002E-03   
2.7591E-02   -1.3177E-03   
2.7317E-02   -1.9793E-03   
5.5387E-03   -1.8580E-02   
2.7286E-02   -2.1699E-03   
2.8897E-02   -1.3432E-03   
3.0001E-02   -1.0188E-03   
2.7961E-02   -1.0808E-03   
2.5695E-02   -2.1723E-03   
2.6675E-02   -1.6418E-03   
2.7194E-02   -1.4935E-03   
2.6981E-02   -1.4766E-03   
2.8345E-02   -1.2511E-03   
2.7401E-02   -1.3488E-03   
2.7341E-02   -1.5258E-03   
2.7039E-02   -1.4294E-03   
2.8569E-02   -1.5022E-03   
2.6743E-02   -1.5884E-03   
3.0317E-02   -9.5951E-04   
2.8605E-02   -1.3908E-03   
2.7101E-02   -1.9790E-03   
2.7352E-02   -1.4699E-03   
2.7598E-02   -2.3079E-03   
4.1726E-03   -1.9440E-02   
2.7707E-02   -1.2157E-03   
2.7469E-02   -1.7559E-03   
2.7993E-02   -1.3579E-03   
2.8060E-02   -1.4323E-03   
2.7613E-02   -1.7808E-03   
2.8600E-02   -1.5999E-03   
2.7383E-02   -1.6332E-03   
2.7558E-02   -2.1974E-03   
2.7653E-02   -2.3810E-03   
2.7883E-02   -1.5961E-03   
2.7406E-02   -1.6995E-03   
2.7997E-02   -2.3012E-03   
2.7773E-02   -1.8155E-03   
2.8808E-02   -1.1608E-03   
2.9052E-02   -1.4865E-03   
2.8189E-02   -1.6956E-03   
2.7689E-02   -1.5327E-03   
2.8314E-02   -1.4237E-03   
2.7509E-02   -1.9925E-03   
2.8183E-02   -1.8058E-03   
2.9484E-02   -1.2718E-03   
2.8476E-02   -2.0691E-03   
2.7879E-02   -1.8613E-03   
2.7702E-02   -1.6023E-03   
2.8077E-02   -1.9591E-03   
2.8391E-02   -1.9245E-03   
2.8897E-02   -1.7300E-03   
2.9148E-02   -1.5551E-03   
2.8671E-02   -1.9093E-03   
4.0528E-04   -2.0415E-02   
2.7952E-02   -2.1033E-03   
2.7202E-02   -2.6695E-03   
3.2558E-02   -2.3129E-04   
8.9736E-04   -1.9542E-02   
3.3444E-02   -2.9997E-05   
3.2172E-02   -5.4703E-04   
7.3744E-04   -2.0482E-02   
3.5921E-03   -1.9593E-02   
2.8553E-02   -2.1435E-03   
3.2775E-02   -1.1502E-04   
1.1245E-03   -2.0449E-02   
5.0688E-03   -1.8506E-02   
1.5920E-03   -2.0401E-02   
2.0666E-03   -2.0348E-02   
2.5360E-03   -2.0275E-02   
3.0209E-03   -2.0171E-02   
3.3748E-02   -2.6882E-05   
3.5164E-03   -2.0015E-02   
4.0512E-03   -1.9746E-02   
3.2032E-02   -4.3131E-04   
4.7138E-03   -1.9282E-02   
3.4063E-02   -2.4803E-05   
6.1531E-03   -1.8180E-02   
1.0338E-02   -1.4901E-02   
2.9455E-02   -1.3935E-03   
1.7036E-02   -1.0067E-02   
3.4398E-02   -2.1999E-05   
3.0905E-02   -5.4546E-04   
2.0768E-02   -7.6175E-03   
2.2444E-02   -5.3627E-03   
2.6698E-03   -1.9919E-02   
3.2137E-02   -3.6632E-04   
2.5121E-02   -4.9184E-03   
2.7417E-02   -3.5397E-03   
3.4747E-02   -1.8196E-05   
2.8665E-02   -2.9176E-03   
1.7797E-02   -9.3609E-03   
2.9353E-02   -2.7064E-03   
2.9862E-02   -2.6258E-03   
3.5110E-02   -1.4341E-05   
3.0459E-02   -2.4417E-03   
3.1118E-02   -2.3033E-03   
1.1803E-03   -2.0183E-02   
3.1727E-02   -2.1625E-03   
3.5532E-02   -1.1168E-05   
3.2916E-02   -6.9961E-05   
2.2139E-02   -6.1746E-03   
3.2376E-02   -1.9913E-03   
3.2989E-02   -1.8507E-03   
3.1508E-02   -6.8538E-04   
3.6007E-02   -4.4584E-06   
3.0672E-02   -8.9418E-04   
2.9964E-02   -1.1045E-03   
3.4162E-02   -1.5034E-03   
3.6457E-02   -2.1754E-04   
3.6553E-02   -2.3857E-04   
3.6549E-02   -2.8651E-05   
3.6603E-02   -5.6828E-06   
3.6492E-02   -1.1115E-04   
6.3878E-03   -1.8102E-02   
3.5395E-02   -9.6710E-04   
1.3670E-03   -2.0291E-02   
3.0908E-02   -9.0651E-04   
3.0381E-02   -1.0472E-03   
2.4026E-03   -2.0074E-02   
2.9725E-02   -1.3737E-03   
3.0982E-03   -1.9845E-02   
3.2816E-02   -1.8881E-04   
2.9116E-02   -1.7383E-03   
3.2475E-02   -4.4361E-04   
3.4500E-03   -1.9824E-02   
2.2568E-02   -5.9162E-03   
2.3584E-03   -2.0194E-02   
2.5991E-02   -3.5397E-03   
3.3570E-03   -1.9979E-02   
3.1362E-02   -7.8718E-04   
3.1554E-02   -2.0510E-03   
2.8558E-02   -2.8052E-03   
4.7576E-03   -1.9280E-02   
1.7180E-02   -9.9828E-03   
1.0829E-02   -1.4762E-02   
1.2127E-02   -1.3774E-02   
3.4212E-02   -4.8088E-05   
2.9081E-02   -2.0086E-03   
3.3044E-02   -1.0103E-04   
3.2238E-02   -6.0844E-04   
3.3602E-02   -5.3492E-05   
3.5475E-02   -2.5675E-05   
2.8129E-02   -2.3659E-03   
2.9598E-02   -2.5072E-03   
3.2344E-02   -2.6687E-04   
3.2382E-02   -3.8006E-04   
2.9435E-02   -1.4672E-03   
2.6047E-02   -3.3698E-03   
3.6296E-02   -1.1235E-06   
3.3604E-02   -1.6763E-03   
2.0714E-02   -7.5062E-03   
3.2520E-02   -1.8058E-03   
3.6590E-02   -1.3833E-04   
3.6694E-02   -2.0173E-06   
3.6666E-02   -1.4389E-05   
3.6621E-02   -6.4635E-05   
3.0549E-02   -2.2546E-03   
2.6177E-02   -3.9385E-03   
3.4900E-02   -3.3407E-05   
3.4715E-02   -1.0764E-03   
3.6057E-02   -1.3839E-05   
3.5423E-02   -8.2357E-04   
3.5870E-02   -2.7059E-04   
3.6111E-02   -2.1233E-05   
3.6017E-02   -7.4198E-05   
3.5734E-02   -5.0653E-04   
3.1216E-02   -9.1274E-04   
2.8499E-02   -2.6748E-03   
3.2939E-02   -1.4225E-04   
3.3260E-02   -1.1577E-04   
3.4013E-02   -7.9952E-05   
1.5256E-03   -2.0162E-02   
2.7864E-02   -2.5732E-03   
3.0200E-02   -1.2169E-03   
1.6107E-02   -1.0804E-02   
3.2840E-02   -2.3697E-04   
3.4694E-02   -5.9093E-05   
3.3404E-02   -1.5955E-03   
4.7725E-03   -1.9216E-02   
2.7823E-02   -2.9298E-03   
2.0825E-02   -7.3969E-03   
2.9506E-02   -2.4227E-03   
2.6650E-02   -3.2779E-03   
3.1138E-02   -2.0457E-03   
2.9582E-02   -1.6268E-03   
2.4541E-02   -4.8270E-03   
3.2056E-02   -7.2268E-04   
3.2544E-02   -5.0927E-04   
3.0084E-02   -2.2849E-03   
2.9553E-02   -1.7756E-03   
3.5090E-02   -4.6067E-05   
2.9166E-02   -2.1214E-03   
3.4352E-02   -6.9484E-05   
2.4639E-02   -4.6254E-03   
3.2689E-02   -3.0628E-04   
2.8997E-02   -2.5550E-03   
2.9976E-02   -1.4044E-03   
3.3624E-02   -8.9071E-05   
3.2760E-02   -3.5277E-04   
3.5283E-02   -4.2525E-04   
3.5638E-02   -4.8273E-05   
3.5516E-02   -1.3727E-04   
3.5724E-02   -2.4063E-05   
3.1619E-02   -7.9603E-04   
3.3958E-02   -1.3185E-03   
3.4880E-02   -8.5074E-04   
3.6003E-02   -5.4821E-05   
3.5784E-02   -4.0757E-04   
3.5866E-02   -1.5074E-04   
3.5796E-02   -1.9840E-04   
2.8885E-02   -2.4494E-03   
2.3643E-02   -5.4021E-03   
3.4809E-02   -7.7080E-05   
3.2966E-02   -1.6511E-03   
2.7460E-02   -2.9648E-03   
2.9597E-02   -1.8965E-03   
2.8766E-02   -2.3510E-03   
3.2937E-02   -4.6715E-04   
3.3468E-02   -1.3368E-04   
3.0723E-02   -2.0611E-03   
3.4167E-02   -1.0010E-04   
3.5440E-02   -2.1082E-04   
3.5656E-02   -8.0786E-05   
3.3130E-02   -3.1834E-04   
3.1067E-02   -1.0515E-03   
3.3177E-02   -2.1687E-04   
3.0542E-02   -1.2147E-03   
3.5294E-02   -3.0783E-04   
3.4181E-02   -1.0479E-03   
3.2381E-02   -7.1160E-04   
3.1734E-02   -1.8397E-03   
3.0007E-02   -1.5734E-03   
2.8289E-02   -2.4857E-03   
2.9901E-02   -2.2017E-03   
3.2083E-02   -8.0591E-04   
3.5439E-02   -4.3280E-05   
3.3873E-02   -1.2314E-03   
3.5006E-02   -6.2212E-04   
3.0880E-02   -1.8579E-03   
3.0504E-02   -1.4913E-03   
3.1956E-02   -9.2177E-04   
3.2779E-02   -6.5211E-04   
3.0297E-02   -1.9858E-03   
2.9278E-02   -2.2255E-03   
3.4919E-02   -9.3754E-05   
3.3589E-02   -1.2291E-03   
3.4175E-02   -1.3617E-04   
3.4581E-02   -1.1373E-04   
2.9787E-02   -2.1052E-03   
3.3401E-02   -2.3733E-04   
3.3468E-02   -1.7529E-04   
3.3230E-02   -3.6934E-04   
2.9987E-02   -1.4948E-03   
3.0069E-02   -1.8011E-03   
3.3050E-02   -5.2445E-04   
3.1909E-02   -1.6576E-03   
3.1410E-02   -1.0533E-03   
3.0911E-02   -1.1997E-03   
3.0391E-02   -1.6381E-03   
3.2384E-02   -8.5883E-04   
3.2686E-02   -7.5562E-04   
3.2152E-02   -1.8192E-03   
3.3338E-02   -4.1929E-04   
3.0174E-02   -1.8940E-03   
3.5255E-02   -7.2676E-05   
3.3772E-02   -1.8058E-04   
3.3498E-02   -2.8858E-04   
3.2964E-02   -1.4179E-03   
3.4027E-02   -1.9266E-04   
3.0822E-02   -1.3206E-03   
3.1665E-02   -1.0707E-03   
3.2733E-02   -8.3385E-04   
3.0527E-02   -1.6995E-03   
3.3893E-02   -2.5365E-04   
3.3896E-02   -1.0261E-03   
3.3192E-02   -5.6134E-04   
3.3736E-02   -3.6989E-04   
3.2714E-02   -1.6282E-03   
3.4731E-02   -1.3134E-04   
3.1067E-02   -1.3429E-03   
3.1587E-02   -1.1864E-03   
3.5392E-02   -8.6158E-05   
3.3543E-02   -5.1588E-04   
3.4934E-02   -1.4420E-04   
3.1022E-02   -1.5794E-03   
3.3937E-02   -2.9911E-04   
3.4514E-02   -1.8091E-04   
3.3851E-02   -4.0908E-04   
3.1983E-02   -1.1640E-03   
3.4209E-02   -2.0460E-04   
3.2510E-02   -9.9932E-04   
3.3288E-02   -7.2327E-04   
3.4210E-02   -3.0463E-04   
3.3428E-02   -7.9931E-04   
3.1149E-02   -1.6574E-03   
3.2878E-02   -9.8530E-04   
3.1416E-02   -1.3626E-03   
3.2348E-02   -1.1549E-03   
3.4586E-02   -2.1342E-04   
3.5318E-02   -1.2868E-04   
3.3720E-02   -8.0723E-04   
3.3271E-02   -9.5651E-04   
3.4675E-02   -2.4707E-04   
3.1534E-02   -1.4723E-03   
3.2107E-02   -1.3417E-03   
3.4452E-02   -3.1331E-04   
3.4191E-02   -7.1761E-04   
3.3187E-02   -1.0997E-03   
3.5081E-02   -1.9393E-04   
3.4410E-02   -3.6958E-04   
3.4125E-02   -8.4874E-04   
3.5246E-02   -2.1058E-04   
3.3637E-02   -1.0153E-03   
3.3970E-02   -4.5018E-04   
3.3657E-02   -5.7155E-04   
3.3824E-02   -6.2084E-04   
3.4348E-02   -5.1030E-04   
