51 
1844 
3.9825E-02   -6.2427E-03   
4.1264E-02   -3.6100E-03   
4.2243E-02   -2.1318E-03   
4.2911E-02   -1.0484E-03   
0.0000E+00   3.1229E-04   
4.3141E-02   0.0000E+00   
4.3315E-02   -6.7331E-36   
4.3411E-02   -1.9494E-36   
4.3705E-02   6.8911E-37   
4.4022E-02   1.8562E-36   
4.4462E-02   4.6472E-36   
4.5033E-02   6.6394E-36   
4.5490E-02   7.9365E-36   
4.6295E-02   1.1539E-35   
4.6911E-02   1.3337E-35   
4.7589E-02   1.1038E-35   
4.7952E-02   1.6838E-35   
4.8724E-02   2.3618E-35   
4.9557E-02   3.2022E-35   
5.0000E-02   -5.9509E-30   
5.0000E-02   -1.3374E-34   
5.0000E-02   -1.3374E-34   
5.0000E-02   -1.3374E-34   
5.0000E-02   -1.3374E-34   
5.0000E-02   -1.3374E-34   
5.0000E-02   -1.3374E-34   
5.0000E-02   -1.3374E-34   
5.0000E-02   -1.3374E-34   
5.0000E-02   -1.3374E-34   
5.0000E-02   -1.3374E-34   
5.0000E-02   -1.3374E-34   
5.0000E-02   -1.3374E-34   
4.8744E-02   -7.9994E-04   
4.7409E-02   -1.4796E-03   
4.6789E-02   -1.7188E-03   
4.6175E-02   -1.9171E-03   
4.4950E-02   -2.2420E-03   
4.4336E-02   -2.3850E-03   
4.3098E-02   -2.6639E-03   
4.2468E-02   -2.8162E-03   
3.9977E-02   -4.0389E-03   
3.1050E-02   -1.0021E-02   
2.2818E-02   -1.5189E-02   
6.7313E-03   -2.6678E-02   
4.2024E-03   -2.9048E-02   
3.7116E-03   -2.9377E-02   
2.7946E-03   -2.9669E-02   
1.8519E-03   -2.9757E-02   
9.1544E-04   -2.9795E-02   
-0.0000E+00   -2.9805E-02   
4.0250E-35   -2.9501E-02   
4.1502E-35   -2.9211E-02   
3.8077E-35   -2.8812E-02   
3.5413E-35   -2.8574E-02   
3.0021E-35   -2.8161E-02   
2.6517E-35   -2.7892E-02   
2.2688E-35   -2.7539E-02   
1.8814E-35   -2.7099E-02   
1.5397E-35   -2.5858E-02   
3.5940E-02   -6.0286E-03   
4.9444E-02   -1.5223E-05   
4.8869E-02   -4.6075E-05   
4.8048E-02   -1.0003E-04   
4.7379E-02   -1.5108E-04   
4.6727E-02   -2.1768E-04   
4.6016E-02   -2.5969E-04   
4.5451E-02   -2.7925E-04   
4.4731E-02   -3.3718E-04   
4.4035E-02   -3.8097E-04   
4.3349E-02   -4.3084E-04   
4.2684E-02   -4.9490E-04   
4.1999E-02   -6.0555E-04   
4.1278E-02   -8.3715E-04   
4.0262E-02   -1.4256E-03   
3.8970E-02   -2.6891E-03   
4.1228E-02   -2.2989E-03   
4.1616E-02   -9.6303E-04   
4.2165E-02   -4.8487E-04   
4.2708E-02   -3.1199E-04   
4.3248E-02   -2.5508E-04   
4.3775E-02   -2.3664E-04   
4.4416E-02   -2.0410E-04   
4.5015E-02   -1.8318E-04   
4.5585E-02   -1.5943E-04   
4.6164E-02   -1.5747E-04   
4.6829E-02   -1.1748E-04   
4.7470E-02   -8.5459E-05   
4.8101E-02   -6.1932E-05   
4.8784E-02   -2.7174E-05   
4.9383E-02   -6.4674E-06   
4.2820E-02   -5.3591E-04   
4.3027E-02   -1.9515E-04   
4.3275E-02   -1.1510E-04   
4.3678E-02   -8.8596E-05   
4.4092E-02   -8.2600E-05   
4.4625E-02   -8.4652E-05   
4.5123E-02   -8.5861E-05   
4.5633E-02   -8.2663E-05   
4.6314E-02   -6.3830E-05   
4.6892E-02   -4.8916E-05   
4.7555E-02   -3.8511E-05   
4.8218E-02   -2.3366E-05   
4.8874E-02   -1.0858E-05   
4.9487E-02   -7.6792E-07   
4.9333E-02   -3.3757E-05   
4.8699E-02   -9.0208E-05   
4.7925E-02   -1.7679E-04   
4.7232E-02   -2.3215E-04   
4.6612E-02   -3.1811E-04   
4.5858E-02   -3.8938E-04   
4.5118E-02   -4.5829E-04   
4.4425E-02   -5.1773E-04   
4.3695E-02   -5.9851E-04   
4.3015E-02   -6.7996E-04   
4.2139E-02   -8.2350E-04   
4.1195E-02   -1.0475E-03   
4.0278E-02   -1.3663E-03   
3.9097E-02   -1.9886E-03   
3.5694E-02   -4.2822E-03   
1.4144E-02   -1.8482E-02   
4.9278E-02   -6.5008E-05   
4.8730E-02   -1.3463E-04   
4.7791E-02   -2.6969E-04   
4.7179E-02   -3.5930E-04   
4.6456E-02   -4.5067E-04   
4.5579E-02   -5.7618E-04   
4.4828E-02   -6.4855E-04   
4.4095E-02   -7.3427E-04   
4.3213E-02   -8.7112E-04   
4.2373E-02   -1.0361E-03   
4.1487E-02   -1.2353E-03   
4.0593E-02   -1.4474E-03   
3.9451E-02   -1.9102E-03   
3.6942E-02   -3.3490E-03   
2.3146E-02   -1.2440E-02   
2.4022E-03   -2.6506E-02   
4.9473E-02   -6.4970E-05   
4.8457E-02   -2.3619E-04   
4.7883E-02   -3.3100E-04   
4.7178E-02   -4.6657E-04   
4.6133E-02   -6.4081E-04   
4.5388E-02   -7.6340E-04   
4.4627E-02   -8.6809E-04   
4.3711E-02   -1.0225E-03   
4.2866E-02   -1.1899E-03   
4.1977E-02   -1.3539E-03   
4.1123E-02   -1.5489E-03   
4.0079E-02   -1.8503E-03   
3.7444E-02   -3.3217E-03   
2.8944E-02   -8.9325E-03   
8.5998E-03   -2.2979E-02   
1.2907E-03   -2.7648E-02   
4.9134E-02   -1.6100E-04   
4.8524E-02   -3.0117E-04   
4.7786E-02   -4.7581E-04   
4.7041E-02   -6.4810E-04   
4.5972E-02   -8.5291E-04   
4.5124E-02   -9.8311E-04   
4.4236E-02   -1.1706E-03   
4.3380E-02   -1.3504E-03   
4.2403E-02   -1.5097E-03   
4.1607E-02   -1.6736E-03   
4.0727E-02   -1.9421E-03   
3.8954E-02   -2.7495E-03   
3.1232E-02   -7.7909E-03   
1.4014E-02   -1.9928E-02   
2.6289E-03   -2.7609E-02   
1.0659E-03   -2.8113E-02   
4.9300E-02   -1.9853E-04   
4.8453E-02   -4.5333E-04   
4.7767E-02   -6.1934E-04   
4.6682E-02   -8.9793E-04   
4.5721E-02   -1.1383E-03   
4.4884E-02   -1.2800E-03   
4.3825E-02   -1.4920E-03   
4.3023E-02   -1.6592E-03   
4.2008E-02   -1.8437E-03   
4.1101E-02   -2.0736E-03   
3.9878E-02   -2.5754E-03   
3.5495E-02   -5.2497E-03   
2.2302E-02   -1.4531E-02   
5.5991E-03   -2.6429E-02   
2.1431E-03   -2.8332E-02   
9.5589E-04   -2.8472E-02   
4.9170E-02   -2.9037E-04   
4.8230E-02   -6.1252E-04   
4.7574E-02   -8.0389E-04   
4.6292E-02   -1.1868E-03   
4.5521E-02   -1.3718E-03   
4.4637E-02   -1.5859E-03   
4.3681E-02   -1.7576E-03   
4.2690E-02   -1.9740E-03   
4.1571E-02   -2.2235E-03   
4.0597E-02   -2.5569E-03   
3.7192E-02   -4.6783E-03   
2.8207E-02   -1.0893E-02   
9.2751E-03   -2.4745E-02   
3.7863E-03   -2.8154E-02   
2.0207E-03   -2.8772E-02   
1.0081E-03   -2.8802E-02   
4.9208E-02   -3.8796E-04   
4.8389E-02   -7.4644E-04   
4.7304E-02   -1.1055E-03   
4.6351E-02   -1.4333E-03   
4.5337E-02   -1.6102E-03   
4.4340E-02   -1.8285E-03   
4.3378E-02   -2.0609E-03   
4.2403E-02   -2.3021E-03   
4.1403E-02   -2.5254E-03   
3.8523E-02   -4.0899E-03   
3.0246E-02   -9.8216E-03   
1.4638E-02   -2.1389E-02   
5.2876E-03   -2.7813E-02   
3.0224E-03   -2.8983E-02   
1.9665E-03   -2.9101E-02   
1.0934E-03   -2.9117E-02   
4.8873E-02   -6.8014E-04   
4.7907E-02   -1.1651E-03   
4.7127E-02   -1.3993E-03   
4.5862E-02   -1.7679E-03   
4.5079E-02   -1.9507E-03   
4.3974E-02   -2.2006E-03   
4.2993E-02   -2.4459E-03   
4.2122E-02   -2.6255E-03   
4.0361E-02   -3.4171E-03   
3.3869E-02   -7.4357E-03   
2.3263E-02   -1.4920E-02   
7.7349E-03   -2.6570E-02   
4.1347E-03   -2.9037E-02   
2.9325E-03   -2.9330E-02   
1.9579E-03   -2.9418E-02   
8.8166E-04   -2.9515E-02   
1.1529E-02   -3.1046E-04   
2.1589E-02   -1.7945E-03   
3.0334E-02   -3.4362E-03   
3.5118E-02   -5.0014E-03   
3.7573E-02   -6.0989E-03   
3.8821E-02   -6.6309E-03   
3.9394E-02   -6.4792E-03   
4.0111E-02   -5.8904E-03   
4.0315E-02   -5.4870E-03   
4.0494E-02   -5.0997E-03   
4.0661E-02   -4.7450E-03   
4.0821E-02   -4.4223E-03   
4.0975E-02   -4.1278E-03   
4.1122E-02   -3.8580E-03   
4.1401E-02   -3.3811E-03   
4.1534E-02   -3.1689E-03   
4.1663E-02   -2.9709E-03   
4.1787E-02   -2.7858E-03   
4.1908E-02   -2.6105E-03   
4.2024E-02   -2.4438E-03   
4.2136E-02   -2.2846E-03   
4.2346E-02   -1.9844E-03   
4.2443E-02   -1.8414E-03   
4.2535E-02   -1.7021E-03   
4.2622E-02   -1.5660E-03   
4.2703E-02   -1.4327E-03   
4.2778E-02   -1.3019E-03   
4.2848E-02   -1.1736E-03   
4.2968E-02   -9.2237E-04   
4.3017E-02   -7.9638E-04   
4.3058E-02   -6.6932E-04   
4.3087E-02   -5.3737E-04   
4.3122E-02   -4.0790E-04   
4.3131E-02   -2.7480E-04   
4.3149E-02   -1.3996E-04   
4.3215E-02   -2.1091E-35   
4.3252E-02   -2.2171E-35   
4.3276E-02   -1.7181E-35   
4.3293E-02   -9.8940E-36   
4.3305E-02   -8.1472E-36   
4.3326E-02   -5.5067E-36   
4.3339E-02   -4.4347E-36   
4.3357E-02   -3.4972E-36   
4.3380E-02   -2.6746E-36   
4.3449E-02   -1.3076E-36   
4.3497E-02   -7.3885E-37   
4.3555E-02   -2.3146E-37   
4.3625E-02   2.3843E-37   
4.3798E-02   1.0973E-36   
4.3903E-02   1.4876E-36   
4.4155E-02   2.2345E-36   
4.4301E-02   2.6009E-36   
4.4637E-02   4.9397E-36   
4.4827E-02   3.7686E-36   
4.5254E-02   7.0491E-36   
4.5743E-02   8.9188E-36   
4.6011E-02   9.8819E-36   
4.6595E-02   1.1442E-35   
4.7242E-02   1.4612E-35   
4.8330E-02   2.0218E-35   
4.9132E-02   1.9840E-35   
5.0000E-02   -1.3374E-34   
5.0000E-02   -1.3374E-34   
5.0000E-02   -1.3374E-34   
5.0000E-02   -1.3374E-34   
5.0000E-02   -1.3374E-34   
4.8053E-02   -1.1839E-03   
4.5563E-02   -2.0881E-03   
4.3719E-02   -2.5235E-03   
4.1761E-02   -3.0325E-03   
3.6703E-02   -6.1211E-03   
1.3282E-02   -2.1906E-02   
4.8743E-03   -2.8308E-02   
3.2561E-03   -2.9573E-02   
2.3242E-03   -2.9721E-02   
1.3813E-03   -2.9780E-02   
4.5512E-04   -2.9804E-02   
3.0153E-35   -2.9652E-02   
4.1389E-35   -2.9354E-02   
3.9876E-35   -2.9073E-02   
5.7679E-35   -2.8940E-02   
5.7001E-35   -2.8691E-02   
3.4231E-35   -2.8463E-02   
3.2959E-35   -2.8358E-02   
3.1403E-35   -2.8257E-02   
2.8833E-35   -2.8068E-02   
2.7618E-35   -2.7979E-02   
2.5567E-35   -2.7805E-02   
2.4634E-35   -2.7717E-02   
2.3619E-35   -2.7627E-02   
2.1826E-35   -2.7451E-02   
2.1042E-35   -2.7362E-02   
2.0297E-35   -2.7274E-02   
1.9546E-35   -2.7188E-02   
1.8152E-35   -2.7001E-02   
1.7559E-35   -2.6881E-02   
1.7024E-35   -2.6729E-02   
1.6496E-35   -2.6529E-02   
1.5951E-35   -2.6255E-02   
1.4809E-35   -2.5258E-02   
1.4151E-35   -2.4341E-02   
1.3455E-35   -2.2968E-02   
1.2772E-35   -2.1002E-02   
1.2076E-35   -1.8299E-02   
1.7404E-35   -1.4646E-02   
1.5564E-35   -1.0293E-02   
1.1271E-35   -5.1238E-03   
4.0283E-02   -4.7779E-03   
4.1458E-02   -2.9337E-03   
4.1863E-02   -2.3968E-03   
4.0660E-02   -4.1304E-03   
4.2803E-02   -1.1432E-03   
3.9619E-02   -6.0015E-03   
3.2938E-02   -6.2469E-03   
4.2542E-02   -1.5223E-03   
4.3056E-02   -6.6838E-04   
4.2228E-02   -1.9351E-03   
4.1001E-02   -3.5918E-03   
4.2943E-02   -9.0305E-04   
4.1160E-02   -3.3553E-03   
3.9298E-02   -6.3946E-03   
4.2113E-02   -2.0826E-03   
4.2636E-02   -1.3928E-03   
4.3185E-02   -1.9441E-04   
1.5330E-02   -5.1129E-03   
3.8834E-02   -6.6802E-03   
4.1598E-02   -2.7446E-03   
4.1731E-02   -2.5657E-03   
4.2876E-02   -1.0224E-03   
3.6588E-02   -6.6283E-03   
4.3101E-02   -5.4695E-04   
2.5544E-02   -6.1954E-03   
3.8240E-02   -6.8858E-03   
4.2722E-02   -1.2666E-03   
4.3003E-02   -7.8495E-04   
3.9863E-02   -5.5654E-03   
4.2443E-02   -1.6556E-03   
4.2338E-02   -1.7930E-03   
4.0835E-02   -3.8493E-03   
4.0079E-02   -5.1530E-03   
4.0477E-02   -4.4389E-03   
4.1312E-02   -3.1369E-03   
4.1991E-02   -2.2362E-03   
8.3223E-03   -1.6240E-02   
6.6843E-03   -1.9198E-02   
5.1496E-03   -2.1537E-02   
3.8048E-03   -2.3272E-02   
2.7125E-03   -2.4488E-02   
1.9066E-03   -2.5318E-02   
1.3492E-03   -2.5881E-02   
9.7991E-04   -2.6268E-02   
7.3699E-04   -2.6541E-02   
4.3258E-02   -1.0084E-04   
5.7307E-04   -2.6740E-02   
4.3277E-02   -8.3085E-05   
4.5696E-04   -2.6892E-02   
4.3290E-02   -6.9603E-05   
3.7281E-04   -2.7013E-02   
4.3300E-02   -5.8187E-05   
3.1485E-04   -2.7115E-02   
4.3310E-02   -4.8809E-05   
2.7837E-04   -2.7209E-02   
4.3321E-02   -4.1099E-05   
2.5610E-04   -2.7302E-02   
4.3337E-02   -3.4872E-05   
2.4183E-04   -2.7395E-02   
4.3357E-02   -2.9963E-05   
2.3541E-04   -2.7487E-02   
4.3384E-02   -2.6196E-05   
2.3452E-04   -2.7578E-02   
4.3418E-02   -2.3392E-05   
2.3650E-04   -2.7667E-02   
4.3462E-02   -2.1446E-05   
2.3564E-04   -2.7756E-02   
4.3515E-02   -2.0254E-05   
2.3468E-04   -2.7844E-02   
4.3579E-02   -1.9666E-05   
2.3772E-04   -2.7933E-02   
4.3654E-02   -1.9503E-05   
2.4540E-04   -2.8023E-02   
4.3741E-02   -1.9537E-05   
2.5518E-04   -2.8114E-02   
4.3840E-02   -2.0224E-05   
2.6474E-04   -2.8208E-02   
4.3951E-02   -2.1152E-05   
2.7490E-04   -2.8305E-02   
4.4075E-02   -2.2565E-05   
2.8854E-04   -2.8407E-02   
4.4213E-02   -2.3871E-05   
3.0472E-04   -2.8513E-02   
4.4367E-02   -2.4863E-05   
3.1462E-04   -2.8626E-02   
4.4535E-02   -2.5897E-05   
3.2474E-04   -2.8743E-02   
4.4719E-02   -2.6762E-05   
3.5019E-04   -2.8867E-02   
4.4921E-02   -2.7105E-05   
3.6647E-04   -2.9001E-02   
4.5134E-02   -2.6272E-05   
3.7123E-04   -2.9140E-02   
4.5358E-02   -2.7446E-05   
3.8804E-04   -2.9283E-02   
4.5602E-02   -2.7220E-05   
4.1420E-04   -2.9435E-02   
4.0717E-02   -3.5834E-03   
4.2221E-02   -1.7490E-03   
4.2655E-02   -1.2322E-03   
3.9878E-02   -4.8311E-03   
4.3184E-02   -2.9043E-04   
2.8227E-02   -8.7491E-03   
4.1535E-02   -2.5268E-03   
4.3094E-02   -5.4770E-04   
3.7198E-02   -7.3739E-03   
3.9104E-02   -6.1398E-03   
3.8743E-02   -6.5754E-03   
4.1966E-02   -2.0383E-03   
4.1073E-02   -3.1116E-03   
4.2908E-02   -8.8300E-04   
4.2977E-02   -7.7088E-04   
4.1236E-02   -2.9024E-03   
4.1827E-02   -2.1917E-03   
4.2746E-02   -1.1132E-03   
4.2556E-02   -1.3549E-03   
4.0106E-02   -4.4723E-03   
3.9381E-02   -5.6688E-03   
1.9574E-02   -9.6493E-03   
4.0321E-02   -4.1473E-03   
4.1386E-02   -2.7120E-03   
4.1680E-02   -2.3535E-03   
4.2830E-02   -9.9702E-04   
4.3039E-02   -6.5976E-04   
4.0524E-02   -3.8525E-03   
4.2339E-02   -1.6127E-03   
3.8232E-02   -6.9103E-03   
3.9638E-02   -5.2293E-03   
4.2451E-02   -1.4816E-03   
4.3144E-02   -4.2912E-04   
3.4197E-02   -7.7856E-03   
4.2097E-02   -1.8911E-03   
4.0900E-02   -3.3378E-03   
9.2688E-03   -1.2482E-02   
1.4760E-02   -1.6233E-02   
1.2198E-02   -1.8810E-02   
9.4980E-03   -2.0969E-02   
7.0282E-03   -2.2653E-02   
5.1113E-03   -2.3909E-02   
3.6958E-03   -2.4833E-02   
2.6793E-03   -2.5507E-02   
4.3229E-02   -1.3264E-04   
1.9631E-03   -2.5991E-02   
1.4642E-03   -2.6341E-02   
4.3243E-02   -1.7815E-04   
1.1182E-03   -2.6597E-02   
4.3256E-02   -1.5210E-04   
8.7959E-04   -2.6792E-02   
4.3266E-02   -1.2678E-04   
7.1877E-04   -2.6948E-02   
4.3275E-02   -1.0627E-04   
6.1589E-04   -2.7079E-02   
4.3284E-02   -8.9566E-05   
5.5480E-04   -2.7194E-02   
4.3296E-02   -7.5884E-05   
5.2078E-04   -2.7300E-02   
4.3313E-02   -6.4939E-05   
4.9827E-04   -2.7405E-02   
4.3337E-02   -5.6487E-05   
4.8532E-04   -2.7506E-02   
4.3367E-02   -5.0151E-05   
4.7996E-04   -2.7602E-02   
4.3406E-02   -4.5436E-05   
4.7583E-04   -2.7691E-02   
4.3455E-02   -4.2385E-05   
4.7520E-04   -2.7781E-02   
4.3514E-02   -4.0825E-05   
4.7850E-04   -2.7873E-02   
4.3584E-02   -4.0323E-05   
4.8867E-04   -2.7967E-02   
4.3667E-02   -4.0003E-05   
5.0235E-04   -2.8061E-02   
4.3761E-02   -3.9779E-05   
5.1953E-04   -2.8155E-02   
4.3862E-02   -4.2175E-05   
5.3632E-04   -2.8251E-02   
4.3976E-02   -4.3894E-05   
5.5088E-04   -2.8348E-02   
4.4104E-02   -4.8005E-05   
5.8837E-04   -2.8447E-02   
4.4250E-02   -4.9738E-05   
6.2370E-04   -2.8556E-02   
4.4412E-02   -5.1533E-05   
6.2826E-04   -2.8671E-02   
4.4588E-02   -5.3554E-05   
6.6126E-04   -2.8786E-02   
4.4788E-02   -5.5004E-05   
7.5947E-04   -2.8916E-02   
4.5008E-02   -5.4553E-05   
7.3664E-04   -2.9063E-02   
4.5214E-02   -5.0312E-05   
7.5468E-04   -2.9201E-02   
4.5432E-02   -6.0427E-05   
7.9862E-04   -2.9345E-02   
4.5862E-02   -2.8679E-05   
4.1479E-02   -2.3163E-03   
4.1646E-02   -2.1489E-03   
4.1005E-02   -2.8845E-03   
4.1806E-02   -1.9977E-03   
4.0819E-02   -3.0968E-03   
3.8542E-02   -6.3131E-03   
3.8872E-02   -5.8023E-03   
3.9175E-02   -5.3317E-03   
3.9453E-02   -4.9069E-03   
3.9715E-02   -4.5258E-03   
3.8108E-02   -6.7989E-03   
3.9961E-02   -4.1814E-03   
4.0622E-02   -3.3307E-03   
4.1953E-02   -1.8521E-03   
4.0194E-02   -3.8701E-03   
4.0414E-02   -3.5878E-03   
3.7068E-02   -7.4102E-03   
4.2092E-02   -1.7103E-03   
4.2862E-02   -8.6270E-04   
4.2941E-02   -7.5576E-04   
4.3011E-02   -6.5170E-04   
4.2774E-02   -9.7216E-04   
3.4588E-02   -8.6475E-03   
4.2223E-02   -1.5743E-03   
4.2679E-02   -1.0842E-03   
4.2465E-02   -1.3194E-03   
4.2348E-02   -1.4442E-03   
4.2576E-02   -1.1998E-03   
2.9162E-02   -1.0187E-02   
2.4135E-02   -1.1131E-02   
4.3074E-02   -5.4779E-04   
4.3131E-02   -4.4095E-04   
4.3181E-02   -3.3152E-04   
1.7213E-02   -1.3606E-02   
1.7138E-02   -1.7509E-02   
1.3175E-02   -1.9640E-02   
1.0070E-02   -2.1378E-02   
7.6422E-03   -2.2763E-02   
5.7494E-03   -2.3863E-02   
4.2941E-03   -2.4722E-02   
4.3222E-02   -2.1385E-04   
3.2018E-03   -2.5382E-02   
2.4027E-03   -2.5884E-02   
4.3203E-02   -2.5670E-04   
1.8308E-03   -2.6265E-02   
4.3215E-02   -2.0859E-04   
1.4326E-03   -2.6560E-02   
4.3222E-02   -1.7426E-04   
1.1627E-03   -2.6794E-02   
4.3229E-02   -1.4681E-04   
9.8675E-04   -2.6982E-02   
4.3238E-02   -1.2463E-04   
8.8823E-04   -2.7131E-02   
4.3252E-02   -1.0623E-04   
8.4785E-04   -2.7254E-02   
4.3271E-02   -9.2064E-05   
8.0199E-04   -2.7381E-02   
4.3297E-02   -8.1709E-05   
7.6346E-04   -2.7499E-02   
4.3331E-02   -7.3557E-05   
7.3655E-04   -2.7601E-02   
4.3376E-02   -6.7563E-05   
7.2720E-04   -2.7697E-02   
4.3429E-02   -6.4593E-05   
7.3198E-04   -2.7792E-02   
4.3493E-02   -6.3618E-05   
7.4482E-04   -2.7892E-02   
4.3572E-02   -6.3042E-05   
7.5721E-04   -2.7992E-02   
4.3669E-02   -6.2141E-05   
7.7221E-04   -2.8092E-02   
4.3767E-02   -5.9526E-05   
7.9181E-04   -2.8193E-02   
4.3854E-02   -6.9113E-05   
8.0372E-04   -2.8294E-02   
7.9362E-04   -2.8382E-02   
9.4338E-04   -2.8607E-02   
4.4431E-02   -8.0987E-05   
1.0762E-03   -2.8995E-02   
1.1360E-03   -2.9247E-02   
4.4848E-02   -8.6110E-05   
4.6151E-02   -3.0162E-05   
4.3043E-02   -5.4806E-04   
4.3106E-02   -4.4962E-04   
4.3165E-02   -3.4834E-04   
4.1129E-02   -2.5159E-03   
4.0957E-02   -2.6719E-03   
3.7869E-02   -6.5393E-03   
3.6835E-02   -7.3282E-03   
3.9311E-02   -4.6017E-03   
3.8301E-02   -5.9713E-03   
3.9589E-02   -4.2349E-03   
3.8671E-02   -5.4650E-03   
4.0761E-02   -2.8685E-03   
4.1800E-02   -1.8204E-03   
3.9006E-02   -5.0102E-03   
4.2807E-02   -8.4188E-04   
4.2708E-02   -9.4790E-04   
3.9849E-02   -3.9046E-03   
4.0096E-02   -3.6060E-03   
4.2363E-02   -1.2873E-03   
4.2486E-02   -1.1697E-03   
4.2897E-02   -7.3797E-04   
3.3912E-02   -8.8955E-03   
4.2976E-02   -6.4186E-04   
4.0551E-02   -3.0905E-03   
4.2233E-02   -1.4111E-03   
4.0331E-02   -3.3358E-03   
4.2601E-02   -1.0569E-03   
4.1951E-02   -1.6778E-03   
4.2096E-02   -1.5414E-03   
2.0183E-02   -1.5894E-02   
1.6322E-02   -1.7982E-02   
1.3161E-02   -1.9684E-02   
1.0485E-02   -2.1157E-02   
8.2351E-03   -2.2421E-02   
6.3929E-03   -2.3489E-02   
4.9277E-03   -2.4371E-02   
3.7925E-03   -2.5083E-02   
4.3206E-02   -2.6465E-04   
4.3151E-02   -3.0361E-04   
2.9415E-03   -2.5654E-02   
4.3156E-02   -2.5549E-04   
2.3156E-03   -2.6111E-02   
4.3160E-02   -2.1444E-04   
1.8603E-03   -2.6477E-02   
4.3165E-02   -1.8223E-04   
1.5436E-03   -2.6763E-02   
4.3173E-02   -1.5620E-04   
1.3567E-03   -2.6973E-02   
4.3191E-02   -1.3357E-04   
1.3304E-03   -2.7108E-02   
4.3210E-02   -1.1909E-04   
1.1725E-03   -2.7303E-02   
4.3236E-02   -1.0775E-04   
1.0841E-03   -2.7441E-02   
4.3278E-02   -9.7832E-05   
1.0301E-03   -2.7572E-02   
4.3329E-02   -9.1114E-05   
1.0254E-03   -2.7784E-02   
1.0665E-03   -2.8350E-02   
4.3452E-02   -9.0229E-05   
1.0441E-03   -2.7888E-02   
1.0511E-03   -2.7999E-02   
1.0870E-03   -2.8233E-02   
4.3988E-02   -6.6485E-05   
4.4284E-02   -7.5086E-05   
4.4435E-02   -1.1651E-04   
4.3548E-02   -8.9688E-05   
1.4961E-03   -2.9151E-02   
4.4649E-02   -1.1973E-04   
1.1186E-03   -2.8894E-02   
4.3771E-02   -1.0060E-04   
1.2974E-03   -2.8547E-02   
4.3134E-02   -3.6609E-04   
4.3067E-02   -4.6429E-04   
4.3006E-02   -5.5094E-04   
4.1492E-02   -1.9294E-03   
4.1462E-02   -2.1087E-03   
4.1635E-02   -1.7963E-03   
4.0736E-02   -2.6517E-03   
4.2844E-02   -7.2095E-04   
3.7618E-02   -6.1800E-03   
4.2938E-02   -6.2106E-04   
3.6583E-02   -7.0485E-03   
3.3720E-02   -8.7942E-03   
3.8116E-02   -5.6242E-03   
3.9203E-02   -4.3120E-03   
3.8880E-02   -4.7079E-03   
4.0507E-02   -2.8620E-03   
3.8523E-02   -5.1417E-03   
3.9497E-02   -3.9578E-03   
4.1799E-02   -1.6524E-03   
4.2386E-02   -1.1426E-03   
4.2741E-02   -8.2277E-04   
3.9769E-02   -3.6405E-03   
4.2513E-02   -1.0319E-03   
4.2631E-02   -9.2578E-04   
4.2251E-02   -1.2596E-03   
4.0027E-02   -3.3541E-03   
4.0273E-02   -3.0959E-03   
4.2107E-02   -1.3834E-03   
4.1957E-02   -1.5146E-03   
2.5330E-02   -1.3354E-02   
2.2506E-02   -1.4591E-02   
1.9371E-02   -1.6144E-02   
1.6410E-02   -1.7693E-02   
1.3673E-02   -1.9172E-02   
1.1226E-02   -2.0551E-02   
9.0986E-03   -2.1797E-02   
7.2955E-03   -2.2891E-02   
5.8277E-03   -2.3835E-02   
4.3069E-02   -3.5913E-04   
4.6594E-03   -2.4627E-02   
4.3079E-02   -2.9364E-04   
3.7499E-03   -2.5280E-02   
3.0303E-03   -2.5826E-02   
4.3080E-02   -2.4958E-04   
4.3081E-02   -2.1530E-04   
2.4292E-03   -2.6295E-02   
4.3083E-02   -1.8810E-04   
1.7786E-03   -2.6955E-02   
4.3114E-02   -1.5319E-04   
1.6527E-03   -2.7112E-02   
4.3213E-02   -1.2396E-04   
4.3160E-02   -1.3531E-04   
1.5316E-03   -2.7310E-02   
1.4271E-03   -2.7702E-02   
1.0036E-03   -2.7686E-02   
1.4017E-03   -2.7846E-02   
1.4076E-03   -2.7979E-02   
1.3827E-03   -2.8936E-02   
1.3540E-03   -2.8821E-02   
1.4267E-03   -2.8118E-02   
4.3394E-02   -1.2268E-04   
4.3910E-02   -9.2003E-05   
4.3621E-02   -1.2786E-04   
4.4222E-02   -1.1001E-04   
4.3503E-02   -1.2260E-04   
4.3383E-02   -9.0360E-05   
1.4574E-03   -2.8265E-02   
1.2542E-03   -2.8692E-02   
1.3512E-03   -2.8419E-02   
4.4875E-02   -1.2197E-04   
1.4385E-03   -2.9281E-02   
1.3458E-03   -2.9041E-02   
4.4433E-02   -1.5703E-04   
4.1272E-02   -2.0187E-03   
4.3087E-02   -3.9480E-04   
4.2882E-02   -6.0966E-04   
3.7481E-02   -5.8101E-03   
4.2775E-02   -7.0966E-04   
3.6506E-02   -6.5773E-03   
2.9600E-02   -1.0843E-02   
4.0488E-02   -2.6406E-03   
3.8789E-02   -4.4190E-03   
3.8416E-02   -4.8430E-03   
3.8006E-02   -5.2978E-03   
4.1635E-02   -1.6415E-03   
3.9128E-02   -4.0350E-03   
4.2415E-02   -1.0098E-03   
3.9435E-02   -3.6923E-03   
4.2544E-02   -9.0615E-04   
4.2664E-02   -8.0685E-04   
4.2276E-02   -1.1198E-03   
3.9718E-02   -3.3875E-03   
4.0240E-02   -2.8666E-03   
4.1806E-02   -1.4964E-03   
4.2127E-02   -1.2371E-03   
3.9986E-02   -3.1140E-03   
4.1971E-02   -1.3626E-03   
2.8074E-02   -1.1426E-02   
2.5463E-02   -1.2594E-02   
4.0995E-02   -2.2307E-03   
2.2704E-02   -1.3983E-02   
4.0738E-02   -2.4301E-03   
1.9899E-02   -1.5430E-02   
1.7230E-02   -1.6884E-02   
1.4725E-02   -1.8304E-02   
1.2414E-02   -1.9656E-02   
1.0377E-02   -2.0926E-02   
8.6133E-03   -2.2065E-02   
2.8657E-03   -2.6312E-02   
4.2991E-02   -3.7804E-04   
7.1400E-03   -2.3055E-02   
5.9186E-03   -2.3916E-02   
4.2990E-02   -3.2583E-04   
4.8479E-03   -2.4707E-02   
4.2984E-02   -2.8395E-04   
4.2978E-02   -2.5167E-04   
2.0392E-03   -2.6622E-02   
4.3023E-02   -1.8062E-04   
2.5346E-03   -2.6683E-02   
1.7829E-03   -2.7416E-02   
4.3788E-02   -1.3210E-04   
4.3431E-02   -1.6310E-04   
4.3141E-02   -1.5404E-04   
1.8863E-03   -2.7725E-02   
4.3071E-02   -1.6546E-04   
1.9020E-03   -2.7881E-02   
1.3924E-03   -2.7505E-02   
1.6711E-03   -2.9003E-02   
1.8778E-03   -2.8037E-02   
4.3997E-02   -1.2517E-04   
1.6611E-03   -2.8486E-02   
1.6253E-03   -2.8615E-02   
4.3293E-02   -1.2580E-04   
1.7019E-03   -2.8867E-02   
1.9149E-03   -2.7560E-02   
4.3323E-02   -1.6072E-04   
4.4655E-02   -1.5978E-04   
4.4230E-02   -1.5192E-04   
4.2902E-02   -5.2175E-04   
4.2802E-02   -6.1315E-04   
4.2997E-02   -4.8958E-04   
3.4528E-02   -7.4355E-03   
3.7498E-02   -5.4690E-03   
4.1453E-02   -1.6396E-03   
3.8336E-02   -4.5589E-03   
4.2693E-02   -7.0343E-04   
3.7900E-02   -5.0205E-03   
3.8728E-02   -4.1413E-03   
2.6371E-02   -1.2712E-02   
3.9081E-02   -3.7691E-03   
4.0232E-02   -2.6466E-03   
4.2307E-02   -9.9171E-04   
4.2575E-02   -7.9546E-04   
4.2447E-02   -8.9079E-04   
4.1643E-02   -1.4876E-03   
3.9401E-02   -3.4388E-03   
4.2155E-02   -1.1022E-03   
3.9695E-02   -3.1464E-03   
3.9969E-02   -2.8847E-03   
4.1822E-02   -1.3490E-03   
4.1993E-02   -1.2213E-03   
4.0494E-02   -2.4251E-03   
3.0911E-02   -9.4418E-03   
2.8593E-02   -1.0530E-02   
2.5960E-02   -1.1801E-02   
3.3545E-02   -8.4174E-03   
2.3461E-02   -1.3095E-02   
4.0757E-02   -2.2158E-03   
4.1015E-02   -2.0141E-03   
2.1007E-02   -1.4417E-02   
4.2975E-02   -4.3927E-04   
4.1249E-02   -1.8196E-03   
1.8587E-02   -1.5763E-02   
1.6303E-02   -1.7141E-02   
1.2185E-02   -1.9745E-02   
4.2898E-02   -4.0736E-04   
1.0474E-02   -2.0899E-02   
9.0220E-03   -2.1928E-02   
4.2881E-02   -3.6247E-04   
4.2869E-02   -3.2139E-04   
4.8361E-03   -2.4925E-02   
2.2602E-03   -2.7004E-02   
4.2911E-02   -2.1549E-04   
4.3227E-02   -1.6153E-04   
2.5851E-03   -2.7458E-02   
3.6415E-03   -2.5605E-02   
4.3548E-02   -1.6991E-04   
4.7997E-03   -2.5101E-02   
4.3230E-02   -2.0577E-04   
2.0533E-03   -2.7373E-02   
1.9927E-03   -2.8547E-02   
2.5787E-03   -2.7285E-02   
1.9420E-03   -2.8140E-02   
4.3146E-02   -1.6753E-04   
4.4063E-02   -1.4882E-04   
4.2957E-02   -2.0419E-04   
1.7636E-03   -2.8322E-02   
1.6463E-03   -2.8740E-02   
4.4201E-02   -1.9818E-04   
4.4866E-02   -1.5960E-04   
1.7762E-03   -2.9258E-02   
2.1253E-03   -2.8923E-02   
4.3948E-02   -1.0604E-04   
4.2715E-02   -6.1762E-04   
3.7195E-02   -5.3193E-03   
4.0246E-02   -2.4363E-03   
3.7823E-02   -4.7407E-03   
3.8291E-02   -4.2790E-03   
4.2602E-02   -7.0316E-04   
3.8698E-02   -3.8736E-03   
4.1466E-02   -1.4881E-03   
4.2344E-02   -8.7681E-04   
4.2481E-02   -7.8809E-04   
3.9063E-02   -3.5146E-03   
4.2190E-02   -9.7874E-04   
3.9975E-02   -2.6660E-03   
3.9395E-02   -3.1969E-03   
4.1663E-02   -1.3440E-03   
3.9696E-02   -2.9163E-03   
4.2024E-02   -1.0906E-03   
4.1848E-02   -1.2124E-03   
3.3694E-02   -7.6141E-03   
3.0875E-02   -8.8998E-03   
4.2905E-02   -4.5765E-04   
2.8892E-02   -9.8368E-03   
4.1028E-02   -1.8261E-03   
4.0516E-02   -2.2205E-03   
4.1256E-02   -1.6485E-03   
2.6875E-02   -1.0825E-02   
2.4745E-02   -1.1912E-02   
4.0779E-02   -2.0176E-03   
2.2654E-02   -1.3115E-02   
2.0553E-02   -1.4345E-02   
1.8508E-02   -1.5599E-02   
4.2858E-02   -2.8977E-04   
1.6621E-02   -1.6811E-02   
7.6002E-03   -2.2954E-02   
1.5035E-02   -1.7870E-02   
4.2770E-02   -4.5831E-04   
4.3052E-02   -2.0434E-04   
4.2753E-02   -4.0294E-04   
4.3521E-03   -2.5540E-02   
2.8634E-03   -2.6817E-02   
4.2875E-02   -2.3337E-04   
5.7498E-03   -2.4377E-02   
4.2999E-02   -2.0324E-04   
3.8868E-03   -2.6497E-02   
2.3919E-03   -2.8035E-02   
2.7462E-03   -2.7029E-02   
2.3514E-03   -2.7909E-02   
4.2774E-02   -2.5986E-04   
4.3839E-02   -1.7578E-04   
2.6076E-03   -2.8313E-02   
4.4013E-02   -1.9033E-04   
1.9197E-03   -2.8664E-02   
4.4156E-02   -2.5196E-04   
2.2197E-03   -2.9223E-02   
4.4680E-02   -2.0785E-04   
4.5097E-02   -1.3225E-04   
2.4516E-03   -2.9055E-02   
4.3640E-02   -1.8588E-04   
4.2732E-02   -5.4248E-04   
3.6552E-02   -6.0923E-03   
3.7252E-02   -4.9442E-03   
3.7806E-02   -4.4446E-03   
4.0000E-02   -2.4592E-03   
3.8278E-02   -4.0059E-03   
4.2515E-02   -7.0750E-04   
4.2393E-02   -7.7152E-04   
3.8698E-02   -3.6169E-03   
3.4025E-02   -7.0547E-03   
4.2235E-02   -8.6438E-04   
4.1492E-02   -1.3457E-03   
3.9075E-02   -3.2718E-03   
3.9719E-02   -2.6987E-03   
4.2064E-02   -9.6986E-04   
3.9414E-02   -2.9671E-03   
4.1693E-02   -1.2093E-03   
4.1883E-02   -1.0846E-03   
3.2962E-02   -7.4223E-03   
4.0277E-02   -2.2373E-03   
4.1051E-02   -1.6585E-03   
4.1279E-02   -1.4952E-03   
3.1598E-02   -7.9724E-03   
4.0806E-02   -1.8375E-03   
2.9907E-02   -8.7329E-03   
2.8270E-02   -9.6112E-03   
4.0547E-02   -2.0303E-03   
4.2827E-02   -4.7885E-04   
2.3105E-02   -1.2543E-02   
2.6549E-02   -1.0525E-02   
4.2735E-02   -3.6373E-04   
2.4817E-02   -1.1508E-02   
4.2964E-02   -2.3467E-04   
9.3081E-03   -2.1912E-02   
1.3750E-02   -1.8745E-02   
8.7343E-03   -2.2371E-02   
2.1601E-02   -1.3485E-02   
4.2630E-02   -4.9261E-04   
4.2815E-02   -2.5343E-04   
4.2739E-02   -2.7437E-04   
7.3674E-03   -2.3411E-02   
4.5668E-03   -2.5894E-02   
3.2142E-03   -2.7422E-02   
4.3960E-02   -2.4408E-04   
4.2863E-02   -2.5293E-04   
5.0943E-03   -2.5359E-02   
4.3442E-02   -2.2081E-04   
2.9626E-03   -2.7936E-02   
4.3562E-02   -2.3857E-04   
2.3455E-03   -2.8617E-02   
4.2105E-03   -2.5804E-02   
4.4377E-02   -2.5895E-04   
4.3131E-02   -2.0441E-04   
4.5361E-02   -1.0295E-04   
2.6481E-03   -2.8896E-02   
3.5515E-02   -5.9916E-03   
4.2614E-02   -6.2837E-04   
3.7255E-02   -4.6416E-03   
3.7823E-02   -4.1612E-03   
3.8305E-02   -3.7433E-03   
3.9758E-02   -2.4936E-03   
4.2478E-02   -6.5881E-04   
3.6544E-02   -5.4698E-03   
4.2293E-02   -7.5522E-04   
4.0041E-02   -2.2641E-03   
3.8732E-02   -3.3704E-03   
4.2113E-02   -8.5803E-04   
3.9115E-02   -3.0383E-03   
3.9455E-02   -2.7480E-03   
4.1527E-02   -1.2120E-03   
4.1927E-02   -9.6557E-04   
4.1732E-02   -1.0825E-03   
3.5078E-02   -5.9228E-03   
4.0841E-02   -1.6734E-03   
4.1311E-02   -1.3533E-03   
4.1083E-02   -1.5067E-03   
4.2858E-02   -2.5825E-04   
3.3567E-02   -6.5365E-03   
4.0316E-02   -2.0520E-03   
3.2473E-02   -7.0545E-03   
4.0584E-02   -1.8552E-03   
4.2609E-02   -4.4726E-04   
2.8628E-02   -8.9858E-03   
3.1243E-02   -7.6029E-03   
2.7352E-02   -9.7239E-03   
2.9957E-02   -8.2501E-03   
1.4299E-02   -1.8554E-02   
4.2627E-02   -5.5576E-04   
4.2716E-02   -3.3534E-04   
2.0337E-02   -1.4308E-02   
4.3127E-02   -1.5600E-04   
9.6914E-03   -2.2045E-02   
4.2713E-02   -2.9613E-04   
4.3013E-02   -2.5655E-04   
4.2926E-02   -2.5432E-04   
4.2657E-02   -3.1027E-04   
4.2615E-02   -3.1388E-04   
4.3290E-02   -2.8095E-04   
4.2582E-02   -3.2436E-04   
5.5469E-03   -2.4970E-02   
7.8909E-03   -2.3634E-02   
1.2973E-02   -1.9396E-02   
1.4636E-02   -1.8240E-02   
4.8114E-03   -2.6196E-02   
4.3564E-02   -2.8641E-04   
3.4996E-03   -2.7421E-02   
7.7716E-03   -2.3284E-02   
4.4101E-02   -3.1306E-04   
2.4325E-03   -2.8773E-02   
4.5696E-02   -5.2202E-05   
3.6981E-03   -2.7701E-02   
4.5314E-02   -1.4546E-04   
4.3897E-02   -3.0504E-04   
4.3340E-02   -2.0906E-04   
3.1818E-03   -2.8171E-02   
3.6491E-02   -5.2499E-03   
3.7319E-02   -4.3447E-03   
3.7891E-02   -3.8921E-03   
3.9811E-02   -2.3009E-03   
4.2352E-02   -6.4648E-04   
3.8364E-02   -3.4933E-03   
3.9512E-02   -2.5414E-03   
4.2164E-02   -7.5634E-04   
3.8796E-02   -3.1302E-03   
3.9177E-02   -2.8147E-03   
4.1980E-02   -8.5559E-04   
4.0883E-02   -1.5240E-03   
4.1568E-02   -1.0866E-03   
4.1780E-02   -9.6338E-04   
4.1350E-02   -1.2231E-03   
3.5593E-02   -5.3728E-03   
4.1123E-02   -1.3677E-03   
4.2516E-02   -5.7574E-04   
4.0090E-02   -2.0825E-03   
4.0628E-02   -1.6948E-03   
3.5168E-02   -5.4565E-03   
4.0363E-02   -1.8810E-03   
3.4425E-02   -5.6722E-03   
3.1772E-02   -6.9031E-03   
3.2703E-02   -6.4298E-03   
4.2481E-02   -5.3850E-04   
3.3591E-02   -6.0083E-03   
4.2582E-02   -4.1259E-04   
4.2983E-02   -2.0145E-04   
2.6114E-02   -1.0489E-02   
4.2557E-02   -3.4213E-04   
4.2440E-02   -3.7729E-04   
1.5384E-02   -1.7700E-02   
4.2681E-02   -3.2595E-04   
4.2406E-02   -3.8427E-04   
4.2480E-02   -3.7754E-04   
1.3756E-02   -1.9220E-02   
4.3125E-02   -2.5766E-04   
4.2778E-02   -3.1555E-04   
1.9543E-02   -1.4891E-02   
4.3028E-02   -3.2058E-04   
5.6390E-03   -2.5940E-02   
4.3511E-03   -2.6322E-02   
1.4145E-02   -1.9021E-02   
1.5265E-02   -1.8094E-02   
4.3824E-02   -3.7364E-04   
4.4316E-02   -3.2168E-04   
4.7851E-03   -2.6807E-02   
2.9883E-03   -2.8439E-02   
4.5541E-02   -1.1848E-04   
4.3640E-03   -2.7400E-02   
3.6541E-02   -4.9230E-03   
3.7485E-02   -4.0544E-03   
3.9577E-02   -2.3495E-03   
3.7950E-02   -3.6524E-03   
4.2197E-02   -6.8138E-04   
3.9871E-02   -2.1218E-03   
3.8443E-02   -3.2488E-03   
3.9251E-02   -2.6054E-03   
4.2037E-02   -7.5842E-04   
4.0932E-02   -1.3883E-03   
3.8875E-02   -2.9027E-03   
4.0680E-02   -1.5482E-03   
3.6695E-02   -4.5752E-03   
4.1847E-02   -8.5445E-04   
4.1390E-02   -1.1071E-03   
4.1167E-02   -1.2427E-03   
3.6266E-02   -4.5852E-03   
4.0417E-02   -1.7240E-03   
4.0146E-02   -1.9148E-03   
4.2446E-02   -4.9867E-04   
4.2544E-02   -3.6531E-04   
3.4701E-02   -5.0851E-03   
3.5766E-02   -4.7069E-03   
2.0744E-02   -1.4044E-02   
3.5257E-02   -4.8746E-03   
4.2555E-02   -3.8829E-04   
3.0792E-02   -7.4497E-03   
2.0270E-02   -1.4630E-02   
4.2213E-02   -4.5455E-04   
2.4841E-02   -1.1346E-02   
4.2245E-02   -4.5199E-04   
4.2379E-02   -3.9879E-04   
4.2530E-02   -3.8346E-04   
1.7795E-02   -1.6324E-02   
6.2176E-03   -2.6185E-02   
1.5452E-02   -1.8400E-02   
4.3097E-02   -3.5432E-04   
4.2879E-02   -3.1913E-04   
4.4254E-02   -3.8817E-04   
2.0641E-02   -1.4289E-02   
4.0298E-03   -2.7752E-02   
4.3623E-02   -3.6524E-04   
4.4590E-02   -2.7057E-04   
9.4339E-03   -2.3328E-02   
1.0088E-02   -2.2340E-02   
9.8156E-03   -2.2824E-02   
4.3740E-02   -4.5089E-04   
4.2311E-02   -5.9369E-04   
3.9648E-02   -2.1722E-03   
3.9331E-02   -2.4126E-03   
3.7371E-02   -3.9173E-03   
4.1743E-02   -8.5056E-04   
4.2375E-02   -4.4446E-04   
3.8037E-02   -3.4058E-03   
4.0739E-02   -1.4152E-03   
4.2108E-02   -6.6381E-04   
4.0986E-02   -1.2664E-03   
4.1913E-02   -7.6529E-04   
3.8534E-02   -3.0185E-03   
4.0478E-02   -1.5803E-03   
3.9936E-02   -1.9565E-03   
4.0209E-02   -1.7607E-03   
3.6956E-02   -3.9996E-03   
4.1414E-02   -1.0240E-03   
4.1217E-02   -1.1330E-03   
3.6370E-02   -4.0749E-03   
3.6665E-02   -4.0333E-03   
2.9487E-02   -8.2446E-03   
3.4098E-02   -5.3570E-03   
4.2408E-02   -4.6804E-04   
2.6733E-02   -1.0146E-02   
4.2363E-02   -4.2085E-04   
4.2006E-02   -5.3572E-04   
2.3051E-02   -1.2684E-02   
4.2186E-02   -4.6538E-04   
4.2280E-02   -4.5762E-04   
4.3419E-02   -3.5613E-04   
4.2605E-02   -3.9058E-04   
2.1967E-02   -1.3704E-02   
2.7055E-02   -9.8336E-03   
2.0022E-02   -1.4555E-02   
4.3349E-02   -3.1508E-04   
4.2833E-02   -4.1036E-04   
1.7539E-02   -1.7060E-02   
5.5112E-03   -2.7010E-02   
1.1201E-02   -2.2412E-02   
2.5626E-02   -1.0874E-02   
4.3709E-02   -2.9613E-04   
4.3972E-02   -4.5238E-04   
4.4529E-02   -3.3041E-04   
4.4829E-02   -2.3288E-04   
1.6130E-02   -1.8246E-02   
1.5676E-02   -1.8917E-02   
4.1777E-02   -7.8419E-04   
3.9057E-02   -2.5000E-03   
3.9404E-02   -2.2402E-03   
4.2210E-02   -5.3306E-04   
4.1292E-02   -1.0283E-03   
4.1053E-02   -1.1553E-03   
4.1947E-02   -7.0523E-04   
3.9717E-02   -2.0104E-03   
4.0806E-02   -1.2947E-03   
4.0547E-02   -1.4492E-03   
3.8654E-02   -2.7986E-03   
4.0278E-02   -1.6195E-03   
4.0004E-02   -1.8049E-03   
3.7631E-02   -3.5820E-03   
3.7502E-02   -3.5329E-03   
3.7329E-02   -3.5017E-03   
3.6058E-02   -4.1500E-03   
3.3337E-02   -5.7628E-03   
3.8128E-02   -3.1705E-03   
4.2261E-02   -5.5905E-04   
4.1957E-02   -5.5765E-04   
4.1551E-02   -9.0553E-04   
4.1978E-02   -5.4278E-04   
2.8719E-02   -8.7426E-03   
2.6773E-02   -9.9349E-03   
2.3725E-02   -1.2695E-02   
4.2036E-02   -5.3694E-04   
3.2243E-02   -6.4430E-03   
4.2139E-02   -5.2155E-04   
2.8533E-02   -9.0242E-03   
4.2314E-02   -4.7379E-04   
3.0485E-02   -7.5732E-03   
4.2933E-02   -4.2550E-04   
4.3180E-02   -4.3161E-04   
4.2716E-02   -3.9707E-04   
4.5055E-02   -2.3025E-04   
2.2981E-02   -1.3577E-02   
2.3197E-02   -1.3241E-02   
1.3372E-02   -2.1018E-02   
4.3680E-02   -5.3046E-04   
4.9840E-03   -2.7598E-02   
4.4181E-02   -4.5836E-04   
4.4805E-02   -2.8017E-04   
4.1860E-02   -7.0272E-04   
3.9125E-02   -2.3369E-03   
3.8744E-02   -2.6197E-03   
4.1133E-02   -1.0519E-03   
4.2064E-02   -6.2528E-04   
4.0883E-02   -1.1848E-03   
3.9474E-02   -2.0847E-03   
4.0625E-02   -1.3296E-03   
3.9790E-02   -1.8621E-03   
4.0356E-02   -1.4900E-03   
3.7958E-02   -3.1365E-03   
4.0079E-02   -1.6663E-03   
3.7173E-02   -3.4772E-03   
4.1631E-02   -8.0581E-04   
4.1732E-02   -6.4273E-04   
3.8381E-02   -2.8939E-03   
3.5157E-02   -4.5679E-03   
3.7005E-02   -3.4772E-03   
3.2930E-02   -5.9226E-03   
4.1384E-02   -9.2594E-04   
4.1764E-02   -6.2835E-04   
4.2900E-02   -4.8637E-04   
4.1989E-02   -6.1406E-04   
4.1796E-02   -6.2372E-04   
3.2720E-02   -6.0575E-03   
4.2057E-02   -5.5026E-04   
4.2397E-02   -4.8437E-04   
4.1937E-02   -5.8289E-04   
2.9415E-02   -8.9201E-03   
3.1773E-02   -6.7059E-03   
3.3054E-02   -6.0332E-03   
4.3149E-02   -3.9218E-04   
4.5086E-02   -2.8939E-04   
2.9971E-02   -8.4084E-03   
4.2534E-02   -4.8913E-04   
4.3061E-02   -5.0558E-04   
4.3368E-02   -6.3255E-04   
2.3843E-02   -1.3038E-02   
2.0752E-02   -1.5449E-02   
4.3366E-02   -5.4512E-04   
4.5261E-02   -1.8657E-04   
4.4476E-02   -3.9422E-04   
3.4080E-03   -2.8579E-02   
2.3219E-02   -1.2987E-02   
3.8789E-02   -2.4809E-03   
3.8370E-02   -2.7983E-03   
4.0970E-02   -1.0844E-03   
4.1734E-02   -7.1318E-04   
4.0712E-02   -1.2214E-03   
3.9551E-02   -1.9424E-03   
3.7869E-02   -3.0724E-03   
4.0443E-02   -1.3729E-03   
3.6789E-02   -3.5393E-03   
3.9871E-02   -1.7276E-03   
3.4320E-02   -5.0165E-03   
4.0163E-02   -1.5408E-03   
4.1225E-02   -9.5612E-04   
3.7802E-02   -3.0055E-03   
4.1499E-02   -7.3804E-04   
4.1906E-02   -6.1957E-04   
4.1474E-02   -8.3650E-04   
4.1715E-02   -6.6262E-04   
4.1581E-02   -7.0763E-04   
4.1830E-02   -6.2549E-04   
3.4303E-02   -5.4732E-03   
3.4739E-02   -4.7384E-03   
3.2943E-02   -6.2140E-03   
3.3258E-02   -5.8612E-03   
4.2537E-02   -5.8810E-04   
4.4385E-02   -4.6100E-04   
1.4973E-02   -1.9976E-02   
3.5491E-02   -4.2460E-03   
2.9666E-02   -8.4704E-03   
4.2363E-02   -5.8714E-04   
4.3252E-02   -5.0383E-04   
4.5326E-02   -2.1940E-04   
4.4764E-02   -4.0075E-04   
4.3393E-02   -7.0533E-04   
2.8363E-02   -1.0007E-02   
4.1409E-03   -2.8378E-02   
4.2196E-02   -5.9021E-04   
2.9832E-03   -2.8624E-02   
4.0809E-02   -1.1250E-03   
4.1716E-02   -6.8494E-04   
4.1068E-02   -9.9462E-04   
4.0541E-02   -1.2675E-03   
3.9640E-02   -1.8103E-03   
3.8368E-02   -2.6916E-03   
3.0974E-02   -7.2095E-03   
3.6423E-02   -3.6936E-03   
4.1323E-02   -8.7230E-04   
3.7743E-02   -2.9546E-03   
4.1473E-02   -7.5740E-04   
3.9188E-02   -2.1937E-03   
3.9964E-02   -1.6050E-03   
3.4786E-02   -5.0141E-03   
3.5835E-02   -4.1952E-03   
4.1569E-02   -7.2240E-04   
3.5394E-02   -4.3916E-03   
3.5906E-02   -4.0228E-03   
3.5521E-02   -4.2606E-03   
3.4484E-02   -5.0010E-03   
3.6117E-02   -4.0149E-03   
3.3302E-02   -6.2295E-03   
4.2718E-02   -5.9684E-04   
4.4061E-02   -5.4763E-04   
4.2184E-02   -6.9394E-04   
4.1183E-02   -8.8101E-04   
4.1843E-02   -7.1221E-04   
4.2940E-02   -6.0893E-04   
2.3844E-02   -1.3687E-02   
9.1793E-03   -2.4237E-02   
4.2018E-02   -6.9694E-04   
4.3527E-02   -4.4290E-04   
2.9258E-02   -9.6229E-03   
2.7844E-02   -1.0280E-02   
4.3718E-02   -6.6954E-04   
4.3052E-02   -7.5327E-04   
4.0918E-02   -1.0402E-03   
4.0661E-02   -1.1691E-03   
4.1458E-02   -7.8386E-04   
3.7598E-02   -2.9671E-03   
4.1541E-02   -7.7532E-04   
4.1175E-02   -9.1598E-04   
4.0379E-02   -1.3185E-03   
3.8392E-02   -2.5813E-03   
3.9748E-02   -1.6888E-03   
4.0073E-02   -1.4933E-03   
3.7655E-02   -3.0033E-03   
3.7333E-02   -3.1828E-03   
3.8838E-02   -2.3522E-03   
3.6875E-02   -3.3913E-03   
3.7309E-02   -3.1373E-03   
3.7132E-02   -3.2034E-03   
3.9268E-02   -2.0560E-03   
4.1641E-02   -7.1741E-04   
4.0922E-02   -1.0001E-03   
4.1675E-02   -8.1758E-04   
3.6698E-02   -3.5222E-03   
4.1604E-02   -7.7053E-04   
3.2854E-02   -6.7987E-03   
4.2348E-02   -7.0062E-04   
3.6923E-02   -3.7320E-03   
1.6074E-02   -1.8802E-02   
3.0642E-02   -8.7204E-03   
4.1284E-02   -8.5125E-04   
4.1832E-02   -8.0949E-04   
3.7781E-02   -3.0148E-03   
3.3493E-02   -6.4659E-03   
1.6032E-02   -1.9562E-02   
4.3096E-02   -8.2426E-04   
4.4070E-02   -6.3611E-04   
4.0797E-02   -1.0824E-03   
4.1028E-02   -9.6658E-04   
3.9379E-02   -1.9191E-03   
3.7819E-02   -2.7870E-03   
3.9871E-02   -1.5801E-03   
3.7983E-02   -2.6852E-03   
3.8462E-02   -2.4443E-03   
4.0953E-02   -9.9173E-04   
3.8924E-02   -2.2137E-03   
3.8304E-02   -2.5091E-03   
4.1883E-02   -6.2414E-04   
4.0203E-02   -1.3874E-03   
4.1262E-02   -8.5790E-04   
3.8249E-02   -2.5529E-03   
4.1487E-02   -9.3374E-04   
3.8534E-02   -2.4173E-03   
4.1543E-02   -8.3156E-04   
9.8444E-03   -2.3307E-02   
3.2798E-02   -7.2953E-03   
4.1986E-02   -8.1230E-04   
8.8921E-03   -2.4586E-02   
3.9079E-02   -2.2434E-03   
3.6255E-02   -4.3816E-03   
4.1294E-02   -8.7632E-04   
4.2514E-02   -7.1634E-04   
1.6867E-02   -1.8927E-02   
3.8776E-02   -2.5101E-03   
3.6816E-02   -4.1164E-03   
2.5669E-02   -1.2421E-02   
4.2731E-02   -8.8671E-04   
3.8028E-02   -2.7735E-03   
4.4451E-02   -5.9624E-04   
3.9516E-02   -1.7938E-03   
3.8843E-02   -2.1584E-03   
4.0552E-02   -1.1972E-03   
3.9088E-02   -2.0579E-03   
4.0632E-02   -1.1422E-03   
3.8781E-02   -2.2794E-03   
3.7840E-02   -2.7970E-03   
4.1775E-02   -9.4057E-04   
3.9989E-02   -1.4878E-03   
3.9055E-02   -2.0625E-03   
3.8835E-02   -2.1947E-03   
4.0964E-02   -1.0065E-03   
4.1629E-02   -9.3349E-04   
4.0856E-02   -1.0388E-03   
3.8245E-02   -2.5129E-03   
4.1284E-02   -9.1809E-04   
2.8516E-02   -9.6260E-03   
3.8960E-02   -2.2428E-03   
3.8616E-02   -2.7771E-03   
3.8617E-02   -2.8407E-03   
3.7201E-02   -3.9887E-03   
3.7370E-02   -4.1359E-03   
4.2777E-02   -9.7384E-04   
9.4473E-03   -2.4544E-02   
4.2287E-02   -8.4520E-04   
4.4770E-02   -4.8819E-04   
3.9647E-02   -1.6877E-03   
3.9264E-02   -1.9228E-03   
4.0342E-02   -1.2899E-03   
3.9432E-02   -1.8155E-03   
4.0633E-02   -1.1519E-03   
4.1303E-02   -9.5768E-04   
4.0971E-02   -1.0341E-03   
3.9261E-02   -1.9692E-03   
4.1421E-02   -1.0658E-03   
4.1281E-02   -1.0613E-03   
4.2396E-02   -9.4017E-04   
4.1924E-02   -9.5672E-04   
3.9677E-02   -2.2303E-03   
3.9544E-02   -2.1729E-03   
3.8611E-02   -2.3021E-03   
4.2649E-02   -7.5080E-04   
4.3417E-02   -7.6746E-04   
4.2312E-02   -1.1621E-03   
3.8525E-02   -3.2354E-03   
3.6008E-02   -5.3591E-03   
3.9438E-02   -2.5418E-03   
3.9616E-02   -1.8857E-03   
1.7097E-02   -1.9357E-02   
4.4811E-02   -5.6046E-04   
3.9394E-02   -1.8183E-03   
4.0660E-02   -1.1306E-03   
3.8940E-02   -2.0857E-03   
4.0064E-02   -1.4361E-03   
4.1017E-02   -1.2256E-03   
4.0288E-02   -1.3194E-03   
3.9758E-02   -1.6052E-03   
4.0637E-02   -1.1739E-03   
3.9601E-02   -1.7491E-03   
4.0957E-02   -1.1234E-03   
3.9780E-02   -1.6905E-03   
4.0945E-02   -1.1810E-03   
4.2712E-02   -8.0946E-04   
4.1571E-02   -1.0732E-03   
4.2085E-02   -9.8225E-04   
4.3648E-02   -7.7620E-04   
3.9624E-02   -2.0072E-03   
4.2426E-02   -8.6355E-04   
3.9746E-02   -1.8741E-03   
4.2060E-02   -1.0790E-03   
3.9312E-02   -1.8710E-03   
4.0005E-02   -1.6332E-03   
3.9963E-02   -2.1603E-03   
4.1990E-02   -1.1882E-03   
4.2706E-02   -1.0807E-03   
3.9408E-02   -2.3166E-03   
3.9909E-02   -2.3720E-03   
3.8592E-02   -3.5691E-03   
9.9062E-03   -2.4769E-02   
3.9488E-02   -1.7540E-03   
4.0029E-02   -1.5264E-03   
3.9914E-02   -1.5176E-03   
4.0320E-02   -1.3173E-03   
4.0083E-02   -1.7521E-03   
3.9852E-02   -1.5877E-03   
4.0637E-02   -1.3485E-03   
4.1269E-02   -1.1797E-03   
4.0102E-02   -2.5652E-03   
4.1709E-02   -1.2224E-03   
3.8944E-02   -2.0963E-03   
4.0128E-02   -1.6479E-03   
4.1703E-02   -1.0941E-03   
4.0666E-02   -1.1934E-03   
4.0601E-02   -1.3012E-03   
4.0297E-02   -1.9246E-03   
6.5195E-03   -2.7294E-02   
4.0252E-02   -2.1143E-03   
4.1888E-02   -1.2986E-03   
4.2998E-02   -9.8100E-04   
4.0983E-02   -1.0677E-03   
3.8602E-02   -2.2927E-03   
3.9681E-02   -1.6642E-03   
4.0200E-02   -1.4824E-03   
3.9998E-02   -1.4900E-03   
4.1346E-02   -1.2145E-03   
4.0414E-02   -1.3408E-03   
4.0341E-02   -1.5024E-03   
4.0061E-02   -1.4478E-03   
4.1557E-02   -1.4550E-03   
3.9758E-02   -1.6144E-03   
4.3315E-02   -9.2387E-04   
4.1596E-02   -1.3456E-03   
4.0080E-02   -1.9381E-03   
4.0356E-02   -1.4517E-03   
4.0576E-02   -2.2562E-03   
4.5161E-03   -2.8586E-02   
4.0723E-02   -1.2031E-03   
4.0457E-02   -1.7147E-03   
4.0993E-02   -1.3240E-03   
4.1055E-02   -1.3930E-03   
4.0597E-02   -1.7314E-03   
4.1587E-02   -1.5519E-03   
4.0377E-02   -1.6009E-03   
4.0545E-02   -2.1429E-03   
4.0618E-02   -2.3278E-03   
4.0873E-02   -1.5517E-03   
4.0398E-02   -1.6643E-03   
4.0992E-02   -2.2446E-03   
4.0755E-02   -1.7618E-03   
4.1809E-02   -1.1211E-03   
4.2041E-02   -1.4416E-03   
4.1173E-02   -1.6448E-03   
4.0684E-02   -1.4979E-03   
4.1307E-02   -1.3800E-03   
4.0491E-02   -1.9325E-03   
4.1168E-02   -1.7543E-03   
4.2476E-02   -1.2302E-03   
4.1467E-02   -2.0186E-03   
4.0861E-02   -1.8067E-03   
4.0694E-02   -1.5633E-03   
4.1064E-02   -1.9065E-03   
4.1378E-02   -1.8717E-03   
4.1884E-02   -1.6832E-03   
4.2136E-02   -1.5107E-03   
4.1658E-02   -1.8597E-03   
4.1915E-04   -2.9599E-02   
4.0939E-02   -2.0488E-03   
4.0087E-02   -2.6591E-03   
4.5574E-02   -2.1603E-04   
8.9924E-04   -2.8712E-02   
4.6459E-02   -2.7643E-05   
4.5175E-02   -5.2490E-04   
7.6682E-04   -2.9675E-02   
3.7620E-03   -2.8800E-02   
4.1550E-02   -2.0958E-03   
4.5795E-02   -1.0596E-04   
1.1675E-03   -2.9649E-02   
5.9985E-03   -2.7178E-02   
1.6509E-03   -2.9618E-02   
2.1415E-03   -2.9589E-02   
2.6272E-03   -2.9546E-02   
3.1276E-03   -2.9481E-02   
4.6761E-02   -2.4866E-05   
3.6425E-03   -2.9354E-02   
4.2164E-03   -2.9069E-02   
4.5041E-02   -4.0910E-04   
5.1764E-03   -2.8414E-02   
4.7074E-02   -2.2935E-05   
7.2901E-03   -2.6689E-02   
1.4127E-02   -2.1447E-02   
4.2445E-02   -1.3516E-03   
2.4786E-02   -1.3718E-02   
4.7407E-02   -2.0353E-05   
4.3919E-02   -5.1606E-04   
3.0434E-02   -9.8898E-03   
3.3600E-02   -6.5653E-03   
2.7015E-03   -2.9176E-02   
4.5149E-02   -3.4568E-04   
3.6899E-02   -5.8081E-03   
4.0059E-02   -3.7858E-03   
4.7753E-02   -1.6786E-05   
4.1661E-02   -2.9046E-03   
2.6202E-02   -1.2571E-02   
4.2373E-02   -2.6801E-03   
4.2881E-02   -2.6023E-03   
4.8115E-02   -1.3139E-05   
4.3476E-02   -2.4201E-03   
4.4134E-02   -2.2846E-03   
1.2044E-03   -2.9377E-02   
4.4741E-02   -2.1466E-03   
4.8536E-02   -1.0096E-05   
4.5936E-02   -6.4246E-05   
3.2870E-02   -7.7270E-03   
4.5389E-02   -1.9781E-03   
4.6001E-02   -1.8399E-03   
4.4511E-02   -6.5849E-04   
4.9009E-02   -3.8483E-06   
4.3671E-02   -8.6114E-04   
4.2959E-02   -1.0663E-03   
4.7171E-02   -1.4966E-03   
4.9458E-02   -2.1653E-04   
4.9554E-02   -2.3774E-04   
4.9549E-02   -2.7216E-05   
4.9603E-02   -4.7195E-06   
4.9492E-02   -1.0994E-04   
7.7569E-03   -2.6547E-02   
4.8400E-02   -9.6392E-04   
1.4044E-03   -2.9494E-02   
4.3906E-02   -8.7547E-04   
4.3376E-02   -1.0123E-03   
2.4478E-03   -2.9321E-02   
4.2716E-02   -1.3343E-03   
3.1340E-03   -2.9132E-02   
4.5832E-02   -1.7601E-04   
4.2105E-02   -1.6942E-03   
4.5481E-02   -4.2383E-04   
3.5326E-03   -2.9126E-02   
3.3424E-02   -7.3212E-03   
2.4217E-03   -2.9445E-02   
3.8358E-02   -3.8743E-03   
3.4503E-03   -2.9300E-02   
4.4362E-02   -7.5940E-04   
4.4567E-02   -2.0341E-03   
4.1575E-02   -2.7874E-03   
5.2574E-03   -2.8364E-02   
2.5147E-02   -1.3546E-02   
1.4889E-02   -2.1141E-02   
1.7076E-02   -1.9551E-02   
4.7221E-02   -4.4617E-05   
4.2078E-02   -1.9676E-03   
4.6061E-02   -9.3316E-05   
4.5240E-02   -5.8686E-04   
4.6616E-02   -4.9534E-05   
4.8478E-02   -2.3448E-05   
4.1127E-02   -2.3170E-03   
4.2616E-02   -2.4815E-03   
4.5359E-02   -2.4963E-04   
4.5391E-02   -3.6043E-04   
4.2425E-02   -1.4254E-03   
3.8533E-02   -3.6649E-03   
4.9297E-02   -8.6327E-07   
4.6613E-02   -1.6677E-03   
3.0473E-02   -9.7441E-03   
4.5530E-02   -1.7930E-03   
4.9591E-02   -1.3754E-04   
4.9695E-02   -1.4572E-06   
4.9666E-02   -1.3346E-05   
4.9622E-02   -6.3650E-05   
4.3565E-02   -2.2333E-03   
3.8444E-02   -4.4175E-03   
4.7906E-02   -3.0845E-05   
4.7720E-02   -1.0711E-03   
4.9059E-02   -1.2165E-05   
4.8427E-02   -8.2027E-04   
4.8871E-02   -2.6774E-04   
4.9112E-02   -1.9092E-05   
4.9017E-02   -7.1061E-05   
4.8736E-02   -5.0384E-04   
4.4213E-02   -8.8453E-04   
4.1526E-02   -2.6441E-03   
4.5956E-02   -1.3196E-04   
4.6274E-02   -1.0751E-04   
4.7023E-02   -7.4450E-05   
1.5563E-03   -2.9367E-02   
4.0842E-02   -2.5324E-03   
4.3193E-02   -1.1813E-03   
2.3315E-02   -1.4859E-02   
4.5852E-02   -2.2240E-04   
4.7700E-02   -5.4970E-05   
4.6413E-02   -1.5861E-03   
5.3340E-03   -2.8258E-02   
4.0701E-02   -2.9915E-03   
3.0687E-02   -9.5609E-03   
4.2526E-02   -2.3966E-03   
3.9236E-02   -3.5181E-03   
4.4151E-02   -2.0270E-03   
4.2573E-02   -1.5883E-03   
3.6178E-02   -5.7178E-03   
4.5056E-02   -7.0025E-04   
4.5547E-02   -4.8969E-04   
4.3101E-02   -2.2614E-03   
4.2547E-02   -1.7391E-03   
4.8095E-02   -4.2668E-05   
4.2170E-02   -2.0863E-03   
4.7360E-02   -6.4747E-05   
3.6396E-02   -5.4358E-03   
4.5699E-02   -2.8938E-04   
4.2020E-02   -2.5288E-03   
4.2968E-02   -1.3683E-03   
4.6637E-02   -8.2737E-05   
4.5768E-02   -3.3543E-04   
4.8285E-02   -4.2063E-04   
4.8640E-02   -4.4832E-05   
4.8517E-02   -1.3242E-04   
4.8726E-02   -2.1803E-05   
4.4618E-02   -7.7049E-04   
4.6965E-02   -1.3108E-03   
4.7883E-02   -8.4572E-04   
4.9004E-02   -5.1756E-05   
4.8786E-02   -4.0484E-04   
4.8867E-02   -1.4725E-04   
4.8797E-02   -1.9487E-04   
4.1905E-02   -2.4185E-03   
3.4911E-02   -6.5729E-03   
4.7814E-02   -7.2089E-05   
4.5976E-02   -1.6400E-03   
4.0279E-02   -3.0438E-03   
4.2597E-02   -1.8639E-03   
4.1781E-02   -2.3131E-03   
4.5940E-02   -4.5006E-04   
4.6480E-02   -1.2478E-04   
4.3736E-02   -2.0405E-03   
4.7174E-02   -9.3714E-05   
4.8440E-02   -2.0582E-04   
4.8657E-02   -7.6642E-05   
4.6136E-02   -3.0319E-04   
4.4063E-02   -1.0233E-03   
4.6187E-02   -2.0407E-04   
4.3536E-02   -1.1829E-03   
4.8294E-02   -3.0267E-04   
4.7185E-02   -1.0406E-03   
4.5381E-02   -6.9171E-04   
4.4745E-02   -1.8236E-03   
4.3001E-02   -1.5403E-03   
4.1309E-02   -2.4378E-03   
4.2917E-02   -2.1775E-03   
4.5082E-02   -7.8444E-04   
4.8442E-02   -3.9983E-05   
4.6878E-02   -1.2233E-03   
4.8008E-02   -6.1708E-04   
4.3890E-02   -1.8379E-03   
4.3501E-02   -1.4635E-03   
4.4955E-02   -9.0045E-04   
4.5779E-02   -6.3471E-04   
4.3308E-02   -1.9630E-03   
4.2292E-02   -2.1957E-03   
4.7923E-02   -8.8244E-05   
4.6595E-02   -1.2199E-03   
4.7181E-02   -1.2828E-04   
4.7586E-02   -1.0717E-04   
4.2800E-02   -2.0797E-03   
4.6409E-02   -2.2470E-04   
4.6478E-02   -1.6461E-04   
4.6235E-02   -3.5421E-04   
4.2980E-02   -1.4600E-03   
4.3071E-02   -1.7737E-03   
4.6052E-02   -5.0821E-04   
4.4918E-02   -1.6421E-03   
4.4407E-02   -1.0286E-03   
4.3907E-02   -1.1718E-03   
4.3391E-02   -1.6117E-03   
4.5384E-02   -8.4038E-04   
4.5685E-02   -7.3844E-04   
4.5163E-02   -1.8049E-03   
4.6341E-02   -4.0460E-04   
4.3181E-02   -1.8695E-03   
4.8258E-02   -6.8161E-05   
4.6779E-02   -1.7048E-04   
4.6504E-02   -2.7545E-04   
4.5971E-02   -1.4066E-03   
4.7032E-02   -1.8292E-04   
4.3818E-02   -1.2936E-03   
4.4663E-02   -1.0487E-03   
4.5733E-02   -8.1778E-04   
4.3530E-02   -1.6757E-03   
4.6897E-02   -2.4248E-04   
4.6900E-02   -1.0177E-03   
4.6193E-02   -5.4619E-04   
4.6738E-02   -3.5737E-04   
4.5723E-02   -1.6161E-03   
4.7735E-02   -1.2452E-04   
4.4066E-02   -1.3190E-03   
4.4586E-02   -1.1652E-03   
4.8394E-02   -8.1436E-05   
4.6543E-02   -5.0267E-04   
4.7937E-02   -1.3760E-04   
4.4026E-02   -1.5584E-03   
4.6940E-02   -2.8774E-04   
4.7517E-02   -1.7271E-04   
4.6853E-02   -3.9720E-04   
4.4984E-02   -1.1459E-03   
4.7213E-02   -1.9517E-04   
4.5511E-02   -9.8331E-04   
4.6288E-02   -7.0995E-04   
4.7212E-02   -2.9446E-04   
4.6429E-02   -7.8745E-04   
4.4155E-02   -1.6379E-03   
4.5879E-02   -9.7155E-04   
4.4417E-02   -1.3422E-03   
4.5350E-02   -1.1392E-03   
4.7588E-02   -2.0510E-04   
4.8319E-02   -1.2324E-04   
4.6722E-02   -7.9706E-04   
4.6273E-02   -9.4482E-04   
4.7676E-02   -2.3899E-04   
4.4538E-02   -1.4539E-03   
4.5110E-02   -1.3259E-03   
4.7453E-02   -3.0425E-04   
4.7193E-02   -7.0933E-04   
4.6190E-02   -1.0883E-03   
4.8082E-02   -1.8747E-04   
4.7411E-02   -3.6048E-04   
4.7128E-02   -8.4073E-04   
4.8247E-02   -2.0477E-04   
4.6641E-02   -1.0057E-03   
4.6971E-02   -4.3912E-04   
4.6657E-02   -5.5940E-04   
4.6825E-02   -6.1002E-04   
4.7349E-02   -5.0164E-04   
