51 
1844 
3.4796E-02   -5.9838E-03   
3.6220E-02   -3.5354E-03   
3.7206E-02   -2.0999E-03   
3.7877E-02   -1.0318E-03   
2.0655E-37   -1.7758E-04   
3.8109E-02   2.3594E-38   
3.8280E-02   -1.0119E-34   
3.8380E-02   -2.8352E-35   
3.8681E-02   1.0401E-35   
3.9003E-02   2.8135E-35   
3.9447E-02   7.2869E-35   
4.0022E-02   1.0751E-34   
4.0482E-02   1.3159E-34   
4.1289E-02   1.9784E-34   
4.1907E-02   2.3357E-34   
4.2587E-02   1.9714E-34   
4.2950E-02   3.0242E-34   
4.3723E-02   4.3061E-34   
4.4557E-02   5.9369E-34   
4.5000E-02   -5.2588E-30   
4.5000E-02   -1.3416E-34   
4.5000E-02   -1.3416E-34   
4.5000E-02   -1.3416E-34   
4.5000E-02   -1.3416E-34   
4.5000E-02   -1.3416E-34   
4.5000E-02   -1.3416E-34   
4.5000E-02   -1.3416E-34   
4.5000E-02   -1.3416E-34   
4.5000E-02   -1.3416E-34   
4.5000E-02   -1.3416E-34   
4.5000E-02   -1.3416E-34   
4.5000E-02   -1.3416E-34   
4.3743E-02   -8.0074E-04   
4.2406E-02   -1.4817E-03   
4.1785E-02   -1.7216E-03   
4.1170E-02   -1.9206E-03   
3.9944E-02   -2.2470E-03   
3.9329E-02   -2.3909E-03   
3.8090E-02   -2.6716E-03   
3.7461E-02   -2.8237E-03   
3.5127E-02   -3.9356E-03   
2.7207E-02   -9.1748E-03   
2.0062E-02   -1.3633E-02   
6.3220E-03   -2.3397E-02   
4.1463E-03   -2.5471E-02   
3.6632E-03   -2.5788E-02   
2.7540E-03   -2.6097E-02   
1.8250E-03   -2.6207E-02   
9.0242E-04   -2.6255E-02   
-1.5187E-37   -2.6267E-02   
6.9035E-34   -2.5967E-02   
7.2997E-34   -2.5678E-02   
6.8576E-34   -2.5282E-02   
6.4488E-34   -2.5046E-02   
5.5516E-34   -2.4637E-02   
4.9665E-34   -2.4376E-02   
4.3695E-34   -2.4075E-02   
3.7177E-34   -2.3738E-02   
3.0528E-34   -2.2694E-02   
3.1226E-02   -5.7673E-03   
4.4443E-02   -1.5687E-05   
4.3868E-02   -4.7007E-05   
4.3047E-02   -1.0171E-04   
4.2378E-02   -1.5353E-04   
4.1724E-02   -2.2114E-04   
4.1013E-02   -2.6428E-04   
4.0447E-02   -2.8472E-04   
3.9725E-02   -3.4411E-04   
3.9028E-02   -3.8902E-04   
3.8340E-02   -4.3933E-04   
3.7672E-02   -5.0244E-04   
3.6984E-02   -6.0990E-04   
3.6262E-02   -8.3536E-04   
3.5247E-02   -1.4104E-03   
3.3983E-02   -2.6381E-03   
3.6197E-02   -2.2630E-03   
3.6590E-02   -9.5109E-04   
3.7142E-02   -4.8276E-04   
3.7688E-02   -3.1515E-04   
3.8231E-02   -2.6054E-04   
3.8762E-02   -2.4278E-04   
3.9405E-02   -2.0969E-04   
4.0007E-02   -1.8795E-04   
4.0579E-02   -1.6334E-04   
4.1160E-02   -1.6089E-04   
4.1826E-02   -1.1992E-04   
4.2468E-02   -8.7212E-05   
4.3099E-02   -6.3224E-05   
4.3783E-02   -2.7935E-05   
4.4383E-02   -6.8172E-06   
3.7787E-02   -5.2747E-04   
3.7997E-02   -1.9390E-04   
3.8250E-02   -1.1664E-04   
3.8657E-02   -9.1306E-05   
3.9075E-02   -8.5497E-05   
3.9613E-02   -8.7489E-05   
4.0113E-02   -8.8497E-05   
4.0626E-02   -8.4971E-05   
4.1309E-02   -6.5457E-05   
4.1888E-02   -5.0097E-05   
4.2552E-02   -3.9419E-05   
4.3216E-02   -2.3986E-05   
4.3873E-02   -1.1266E-05   
4.4487E-02   -9.1954E-07   
4.4333E-02   -3.4354E-05   
4.3698E-02   -9.1413E-05   
4.2924E-02   -1.7885E-04   
4.2231E-02   -2.3510E-04   
4.1610E-02   -3.2208E-04   
4.0856E-02   -3.9474E-04   
4.0116E-02   -4.6521E-04   
3.9421E-02   -5.2616E-04   
3.8691E-02   -6.0838E-04   
3.8010E-02   -6.9060E-04   
3.7133E-02   -8.3355E-04   
3.6189E-02   -1.0539E-03   
3.5270E-02   -1.3648E-03   
3.4102E-02   -1.9659E-03   
3.0925E-02   -4.0937E-03   
1.2175E-02   -1.6408E-02   
4.4278E-02   -6.5647E-05   
4.3729E-02   -1.3581E-04   
4.2790E-02   -2.7195E-04   
4.2178E-02   -3.6239E-04   
4.1455E-02   -4.5493E-04   
4.0578E-02   -5.8212E-04   
3.9827E-02   -6.5623E-04   
3.9093E-02   -7.4374E-04   
3.8211E-02   -8.8262E-04   
3.7372E-02   -1.0489E-03   
3.6486E-02   -1.2480E-03   
3.5591E-02   -1.4562E-03   
3.4457E-02   -1.9067E-03   
3.2093E-02   -3.2389E-03   
1.9899E-02   -1.1243E-02   
2.1173E-03   -2.3202E-02   
4.4473E-02   -6.5400E-05   
4.3456E-02   -2.3758E-04   
4.2883E-02   -3.3305E-04   
4.2177E-02   -4.6950E-04   
4.1132E-02   -6.4536E-04   
4.0388E-02   -7.6935E-04   
3.9627E-02   -8.7580E-04   
3.8712E-02   -1.0327E-03   
3.7868E-02   -1.2024E-03   
3.6979E-02   -1.3685E-03   
3.6125E-02   -1.5647E-03   
3.5081E-02   -1.8609E-03   
3.2599E-02   -3.2249E-03   
2.5004E-02   -8.2063E-03   
7.5370E-03   -2.0230E-02   
1.1949E-03   -2.4196E-02   
4.4134E-02   -1.6167E-04   
4.3524E-02   -3.0238E-04   
4.2785E-02   -4.7778E-04   
4.2040E-02   -6.5095E-04   
4.0971E-02   -8.5726E-04   
4.0124E-02   -9.8898E-04   
3.9236E-02   -1.1782E-03   
3.8381E-02   -1.3604E-03   
3.7405E-02   -1.5233E-03   
3.6610E-02   -1.6898E-03   
3.5730E-02   -1.9608E-03   
3.4030E-02   -2.7193E-03   
2.7104E-02   -7.2137E-03   
1.2250E-02   -1.7661E-02   
2.4696E-03   -2.4194E-02   
1.0484E-03   -2.4602E-02   
4.4300E-02   -1.9897E-04   
4.3453E-02   -4.5448E-04   
4.2766E-02   -6.2119E-04   
4.1681E-02   -9.0098E-04   
4.0719E-02   -1.1425E-03   
3.9882E-02   -1.2854E-03   
3.8824E-02   -1.4995E-03   
3.8022E-02   -1.6688E-03   
3.7008E-02   -1.8580E-03   
3.6105E-02   -2.0941E-03   
3.4908E-02   -2.5732E-03   
3.0951E-02   -4.9722E-03   
1.9416E-02   -1.3075E-02   
5.1659E-03   -2.3198E-02   
2.0988E-03   -2.4827E-02   
9.5584E-04   -2.4942E-02   
4.4170E-02   -2.9090E-04   
4.3228E-02   -6.1384E-04   
4.2573E-02   -8.0585E-04   
4.1290E-02   -1.1902E-03   
4.0518E-02   -1.3761E-03   
3.9634E-02   -1.5914E-03   
3.8677E-02   -1.7644E-03   
3.7686E-02   -1.9831E-03   
3.6567E-02   -2.2398E-03   
3.5608E-02   -2.5649E-03   
3.2518E-02   -4.4717E-03   
2.4596E-02   -9.9358E-03   
8.4075E-03   -2.1784E-02   
3.6430E-03   -2.4703E-02   
2.0193E-03   -2.5229E-02   
1.0075E-03   -2.5269E-02   
4.4207E-02   -3.8846E-04   
4.3387E-02   -7.4760E-04   
4.2302E-02   -1.1077E-03   
4.1347E-02   -1.4365E-03   
4.0333E-02   -1.6147E-03   
3.9335E-02   -1.8343E-03   
3.8371E-02   -2.0681E-03   
3.7395E-02   -2.3106E-03   
3.6394E-02   -2.5382E-03   
3.3745E-02   -3.9472E-03   
2.6431E-02   -9.0068E-03   
1.3023E-02   -1.8944E-02   
5.0303E-03   -2.4416E-02   
3.0138E-03   -2.5427E-02   
1.9616E-03   -2.5556E-02   
1.0907E-03   -2.5581E-02   
4.3872E-02   -6.8089E-04   
4.2905E-02   -1.1667E-03   
4.2124E-02   -1.4016E-03   
4.0857E-02   -1.7717E-03   
4.0074E-02   -1.9556E-03   
3.8968E-02   -2.2071E-03   
3.7985E-02   -2.4537E-03   
3.7114E-02   -2.6344E-03   
3.5439E-02   -3.3601E-03   
2.9633E-02   -6.9150E-03   
2.0422E-02   -1.3389E-02   
7.2011E-03   -2.3336E-02   
4.0614E-03   -2.5473E-02   
2.9171E-03   -2.5763E-02   
1.9456E-03   -2.5871E-02   
8.7472E-04   -2.5978E-02   
9.8324E-03   -7.0389E-04   
1.8477E-02   -1.9137E-03   
2.6009E-02   -3.2634E-03   
3.0282E-02   -4.6366E-03   
3.2572E-02   -5.6754E-03   
3.3809E-02   -6.2669E-03   
3.4372E-02   -6.1716E-03   
3.5076E-02   -5.6717E-03   
3.5275E-02   -5.3027E-03   
3.5452E-02   -4.9438E-03   
3.5617E-02   -4.6124E-03   
3.5777E-02   -4.3088E-03   
3.5930E-02   -4.0298E-03   
3.6078E-02   -3.7728E-03   
3.6358E-02   -3.3153E-03   
3.6492E-02   -3.1104E-03   
3.6621E-02   -2.9187E-03   
3.6747E-02   -2.7388E-03   
3.6869E-02   -2.5681E-03   
3.6986E-02   -2.4053E-03   
3.7098E-02   -2.2496E-03   
3.7309E-02   -1.9553E-03   
3.7407E-02   -1.8147E-03   
3.7500E-02   -1.6777E-03   
3.7587E-02   -1.5436E-03   
3.7669E-02   -1.4121E-03   
3.7744E-02   -1.2830E-03   
3.7813E-02   -1.1561E-03   
3.7934E-02   -9.0823E-04   
3.7983E-02   -7.8330E-04   
3.8025E-02   -6.5848E-04   
3.8054E-02   -5.2939E-04   
3.8088E-02   -4.0171E-04   
3.8098E-02   -2.6992E-04   
3.8116E-02   -1.3687E-04   
3.8181E-02   -3.4333E-34   
3.8217E-02   -3.4173E-34   
3.8241E-02   -2.6583E-34   
3.8258E-02   -1.5148E-34   
3.8270E-02   -1.2356E-34   
3.8292E-02   -8.2065E-35   
3.8306E-02   -6.5598E-35   
3.8324E-02   -5.1402E-35   
3.8349E-02   -3.9097E-35   
3.8420E-02   -1.8917E-35   
3.8469E-02   -1.0607E-35   
3.8529E-02   -3.2095E-36   
3.8599E-02   3.6923E-36   
3.8776E-02   1.6498E-35   
3.8883E-02   2.2422E-35   
3.9137E-02   3.4187E-35   
3.9284E-02   4.0194E-35   
3.9623E-02   7.8002E-35   
3.9815E-02   6.0363E-35   
4.0244E-02   1.1589E-34   
4.0735E-02   1.5033E-34   
4.1004E-02   1.6858E-34   
4.1590E-02   1.9942E-34   
4.2239E-02   2.5941E-34   
4.3329E-02   3.6750E-34   
4.4132E-02   3.6635E-34   
4.5000E-02   -1.3416E-34   
4.5000E-02   -1.3416E-34   
4.5000E-02   -1.3416E-34   
4.5000E-02   -1.3416E-34   
4.5000E-02   -1.3416E-34   
4.3051E-02   -1.1854E-03   
4.0557E-02   -2.0924E-03   
3.8711E-02   -2.5304E-03   
3.6764E-02   -3.0331E-03   
3.2185E-02   -5.7779E-03   
1.1890E-02   -1.9346E-02   
4.7308E-03   -2.4828E-02   
3.2117E-03   -2.5989E-02   
2.2901E-03   -2.6162E-02   
1.3615E-03   -2.6236E-02   
4.4879E-04   -2.6266E-02   
5.0995E-34   -2.6116E-02   
7.2008E-34   -2.5821E-02   
7.0754E-34   -2.5541E-02   
1.0306E-33   -2.5409E-02   
1.0337E-33   -2.5161E-02   
6.2658E-34   -2.4936E-02   
6.0611E-34   -2.4832E-02   
5.7951E-34   -2.4732E-02   
5.3461E-34   -2.4546E-02   
5.1497E-34   -2.4459E-02   
4.8083E-34   -2.4297E-02   
4.6554E-34   -2.4221E-02   
4.5016E-34   -2.4146E-02   
4.2609E-34   -2.4005E-02   
4.1403E-34   -2.3937E-02   
3.9999E-34   -2.3870E-02   
3.8556E-34   -2.3805E-02   
3.6021E-34   -2.3662E-02   
3.4877E-34   -2.3567E-02   
3.3860E-34   -2.3442E-02   
3.2843E-34   -2.3274E-02   
3.1689E-34   -2.3039E-02   
2.9274E-34   -2.2167E-02   
2.7964E-34   -2.1360E-02   
2.6624E-34   -2.0154E-02   
2.5383E-34   -1.8442E-02   
2.4213E-34   -1.6111E-02   
3.5161E-34   -1.2983E-02   
3.1873E-34   -9.2664E-03   
2.3301E-34   -4.8399E-03   
3.5256E-02   -4.6440E-03   
3.6418E-02   -2.8819E-03   
3.6825E-02   -2.3584E-03   
3.5625E-02   -4.0325E-03   
3.7768E-02   -1.1257E-03   
3.4618E-02   -5.7753E-03   
2.8326E-02   -5.7600E-03   
3.7507E-02   -1.4998E-03   
3.8022E-02   -6.5603E-04   
3.7191E-02   -1.9059E-03   
3.5962E-02   -3.5177E-03   
3.7909E-02   -8.8858E-04   
3.6121E-02   -3.2900E-03   
3.4311E-02   -6.1252E-03   
3.7075E-02   -2.0507E-03   
3.7600E-02   -1.3721E-03   
3.8151E-02   -1.8970E-04   
1.3056E-02   -4.8150E-03   
3.3862E-02   -6.3572E-03   
3.6558E-02   -2.6979E-03   
3.6692E-02   -2.5234E-03   
3.7842E-02   -1.0063E-03   
3.1672E-02   -6.1668E-03   
3.8067E-02   -5.3865E-04   
2.1836E-02   -5.6802E-03   
3.3282E-02   -6.5030E-03   
3.7688E-02   -1.2476E-03   
3.7969E-02   -7.7173E-04   
3.4851E-02   -5.3763E-03   
3.7407E-02   -1.6310E-03   
3.7302E-02   -1.7662E-03   
3.5798E-02   -3.7645E-03   
3.5058E-02   -4.9943E-03   
3.5445E-02   -4.3248E-03   
3.6273E-02   -3.0789E-03   
3.6953E-02   -2.2013E-03   
7.0946E-03   -1.4354E-02   
5.7381E-03   -1.6908E-02   
4.4711E-03   -1.8935E-02   
3.3437E-03   -2.0444E-02   
2.4099E-03   -2.1505E-02   
1.7085E-03   -2.2228E-02   
1.2159E-03   -2.2716E-02   
8.8550E-04   -2.3049E-02   
6.6595E-04   -2.3280E-02   
3.8222E-02   -9.9066E-05   
5.1636E-04   -2.3446E-02   
3.8241E-02   -8.1662E-05   
4.0932E-04   -2.3570E-02   
3.8255E-02   -6.8436E-05   
3.3079E-04   -2.3666E-02   
3.8265E-02   -5.7254E-05   
2.7585E-04   -2.3746E-02   
3.8276E-02   -4.8086E-05   
2.4080E-04   -2.3818E-02   
3.8288E-02   -4.0570E-05   
2.1979E-04   -2.3889E-02   
3.8304E-02   -3.4522E-05   
2.0770E-04   -2.3962E-02   
3.8325E-02   -2.9778E-05   
2.0416E-04   -2.4035E-02   
3.8353E-02   -2.6163E-05   
2.0700E-04   -2.4107E-02   
3.8389E-02   -2.3499E-05   
2.1359E-04   -2.4181E-02   
3.8433E-02   -2.1682E-05   
2.1889E-04   -2.4257E-02   
3.8488E-02   -2.0608E-05   
2.2506E-04   -2.4335E-02   
3.8553E-02   -2.0129E-05   
2.3444E-04   -2.4417E-02   
3.8630E-02   -2.0067E-05   
2.4504E-04   -2.4502E-02   
3.8718E-02   -2.0186E-05   
2.5501E-04   -2.4591E-02   
3.8819E-02   -2.0946E-05   
2.6499E-04   -2.4684E-02   
3.8931E-02   -2.1943E-05   
2.7524E-04   -2.4780E-02   
3.9056E-02   -2.3422E-05   
2.8872E-04   -2.4880E-02   
3.9196E-02   -2.4780E-05   
3.0474E-04   -2.4985E-02   
3.9351E-02   -2.5794E-05   
3.1455E-04   -2.5096E-02   
3.9520E-02   -2.6838E-05   
3.2460E-04   -2.5213E-02   
3.9706E-02   -2.7713E-05   
3.4989E-04   -2.5336E-02   
3.9910E-02   -2.8036E-05   
3.6587E-04   -2.5469E-02   
4.0124E-02   -2.7148E-05   
3.7023E-04   -2.5607E-02   
4.0349E-02   -2.8294E-05   
3.8642E-04   -2.5749E-02   
4.0594E-02   -2.8045E-05   
4.1153E-04   -2.5901E-02   
3.5685E-02   -3.5099E-03   
3.7185E-02   -1.7224E-03   
3.7620E-02   -1.2133E-03   
3.4872E-02   -4.6945E-03   
3.8150E-02   -2.8479E-04   
2.4230E-02   -7.9479E-03   
3.6498E-02   -2.4852E-03   
3.8059E-02   -5.3854E-04   
3.2331E-02   -6.9510E-03   
3.4141E-02   -5.9027E-03   
3.3805E-02   -6.2899E-03   
3.6930E-02   -2.0068E-03   
3.6038E-02   -3.0545E-03   
3.7873E-02   -8.6881E-04   
3.7942E-02   -7.5813E-04   
3.6199E-02   -2.8515E-03   
3.6790E-02   -2.1573E-03   
3.7711E-02   -1.0959E-03   
3.7521E-02   -1.3343E-03   
3.5090E-02   -4.3570E-03   
3.4402E-02   -5.4724E-03   
1.6667E-02   -8.6919E-03   
3.5298E-02   -4.0492E-03   
3.6349E-02   -2.6659E-03   
3.6643E-02   -2.3158E-03   
3.7796E-02   -9.8124E-04   
3.8004E-02   -6.4855E-04   
3.5497E-02   -3.7680E-03   
3.7303E-02   -1.5883E-03   
3.3315E-02   -6.5685E-03   
3.4643E-02   -5.0657E-03   
3.7415E-02   -1.4591E-03   
3.8110E-02   -4.2196E-04   
2.9533E-02   -7.2039E-03   
3.7061E-02   -1.8621E-03   
3.5866E-02   -3.2733E-03   
7.8800E-03   -1.1127E-02   
1.2676E-02   -1.4409E-02   
1.0543E-02   -1.6651E-02   
8.2768E-03   -1.8513E-02   
6.1765E-03   -1.9957E-02   
4.5260E-03   -2.1031E-02   
3.2922E-03   -2.1821E-02   
2.3962E-03   -2.2394E-02   
3.8194E-02   -1.2991E-04   
1.7586E-03   -2.2805E-02   
1.3104E-03   -2.3099E-02   
3.8208E-02   -1.7505E-04   
9.9704E-04   -2.3313E-02   
3.8221E-02   -1.4951E-04   
7.7939E-04   -2.3474E-02   
3.8231E-02   -1.2470E-04   
6.3134E-04   -2.3601E-02   
3.8240E-02   -1.0463E-04   
5.3571E-04   -2.3707E-02   
3.8250E-02   -8.8326E-05   
4.7893E-04   -2.3799E-02   
3.8264E-02   -7.5012E-05   
4.4873E-04   -2.3884E-02   
3.8281E-02   -6.4407E-05   
4.3171E-04   -2.3969E-02   
3.8305E-02   -5.6269E-05   
4.2589E-04   -2.4052E-02   
3.8337E-02   -5.0224E-05   
4.2900E-04   -2.4131E-02   
3.8377E-02   -4.5778E-05   
4.3521E-04   -2.4207E-02   
3.8427E-02   -4.2973E-05   
4.4584E-04   -2.4285E-02   
3.8488E-02   -4.1641E-05   
4.6034E-04   -2.4367E-02   
3.8559E-02   -4.1350E-05   
4.7969E-04   -2.4453E-02   
3.8644E-02   -4.1211E-05   
4.9988E-04   -2.4541E-02   
3.8739E-02   -4.1121E-05   
5.1956E-04   -2.4631E-02   
3.8841E-02   -4.3661E-05   
5.3708E-04   -2.4725E-02   
3.8957E-02   -4.5522E-05   
5.5140E-04   -2.4821E-02   
3.9086E-02   -4.9766E-05   
5.8852E-04   -2.4919E-02   
3.9234E-02   -5.1584E-05   
6.2363E-04   -2.5027E-02   
3.9397E-02   -5.3381E-05   
6.2810E-04   -2.5141E-02   
3.9574E-02   -5.5444E-05   
6.6091E-04   -2.5254E-02   
3.9776E-02   -5.6883E-05   
7.5860E-04   -2.5383E-02   
3.9997E-02   -5.6351E-05   
7.3513E-04   -2.5529E-02   
4.0204E-02   -5.1914E-05   
7.5222E-04   -2.5666E-02   
4.0423E-02   -6.2231E-05   
7.9462E-04   -2.5809E-02   
4.0855E-02   -2.9491E-05   
3.6444E-02   -2.2795E-03   
3.6610E-02   -2.1153E-03   
3.5973E-02   -2.8344E-03   
3.6770E-02   -1.9668E-03   
3.5790E-02   -3.0406E-03   
3.3630E-02   -6.0591E-03   
3.3933E-02   -5.5946E-03   
3.4211E-02   -5.1604E-03   
3.4471E-02   -4.7656E-03   
3.4719E-02   -4.4078E-03   
3.3227E-02   -6.4931E-03   
3.4954E-02   -4.0821E-03   
3.5596E-02   -3.2670E-03   
3.6917E-02   -1.8237E-03   
3.5179E-02   -3.7852E-03   
3.5393E-02   -3.5146E-03   
3.2253E-02   -7.0234E-03   
3.7056E-02   -1.6842E-03   
3.7827E-02   -8.4878E-04   
3.7907E-02   -7.4335E-04   
3.7977E-02   -6.4082E-04   
3.7739E-02   -9.5667E-04   
2.9995E-02   -8.0788E-03   
3.7188E-02   -1.5503E-03   
3.7644E-02   -1.0672E-03   
3.7430E-02   -1.2991E-03   
3.7312E-02   -1.4221E-03   
3.7541E-02   -1.1812E-03   
2.5149E-02   -9.2842E-03   
2.0682E-02   -1.0032E-02   
3.8039E-02   -5.3863E-04   
3.8096E-02   -4.3338E-04   
3.8146E-02   -3.2558E-04   
1.4699E-02   -1.2114E-02   
1.4869E-02   -1.5628E-02   
1.1483E-02   -1.7437E-02   
8.8185E-03   -1.8905E-02   
6.7217E-03   -2.0072E-02   
5.0751E-03   -2.0997E-02   
3.8000E-03   -2.1720E-02   
3.8188E-02   -2.0998E-04   
2.8364E-03   -2.2275E-02   
2.1271E-03   -2.2697E-02   
3.8168E-02   -2.5227E-04   
1.6169E-03   -2.3017E-02   
3.8180E-02   -2.0510E-04   
1.2597E-03   -2.3264E-02   
3.8188E-02   -1.7148E-04   
1.0168E-03   -2.3460E-02   
3.8196E-02   -1.4467E-04   
8.5849E-04   -2.3617E-02   
3.8205E-02   -1.2305E-04   
7.7087E-04   -2.3741E-02   
3.8220E-02   -1.0518E-04   
7.3755E-04   -2.3844E-02   
3.8240E-02   -9.1499E-05   
7.0308E-04   -2.3951E-02   
3.8266E-02   -8.1587E-05   
6.7806E-04   -2.4051E-02   
3.8302E-02   -7.3854E-05   
6.6592E-04   -2.4138E-02   
3.8348E-02   -6.8248E-05   
6.7072E-04   -2.4221E-02   
3.8403E-02   -6.5630E-05   
6.8879E-04   -2.4304E-02   
3.8468E-02   -6.4990E-05   
7.1438E-04   -2.4393E-02   
3.8549E-02   -6.4717E-05   
7.3948E-04   -2.4483E-02   
3.8647E-02   -6.4044E-05   
7.6567E-04   -2.4574E-02   
3.8746E-02   -6.1503E-05   
7.9165E-04   -2.4669E-02   
3.8834E-02   -7.1490E-05   
8.0484E-04   -2.4767E-02   
7.9416E-04   -2.4854E-02   
9.4325E-04   -2.5076E-02   
3.9417E-02   -8.3779E-05   
1.0745E-03   -2.5459E-02   
1.1317E-03   -2.5710E-02   
3.9837E-02   -8.8892E-05   
4.1145E-02   -3.0985E-05   
3.8009E-02   -5.3891E-04   
3.8071E-02   -4.4199E-04   
3.8130E-02   -3.4226E-04   
3.6097E-02   -2.4753E-03   
3.5928E-02   -2.6277E-03   
3.3015E-02   -6.2636E-03   
3.2064E-02   -6.9725E-03   
3.4336E-02   -4.4785E-03   
3.3410E-02   -5.7462E-03   
3.4598E-02   -4.1331E-03   
3.3746E-02   -5.2812E-03   
3.5735E-02   -2.8194E-03   
3.6765E-02   -1.7927E-03   
3.4054E-02   -4.8600E-03   
3.7772E-02   -8.2827E-04   
3.7673E-02   -9.3276E-04   
3.4847E-02   -3.8183E-03   
3.5085E-02   -3.5323E-03   
3.7328E-02   -1.2675E-03   
3.7451E-02   -1.1515E-03   
3.7863E-02   -7.2588E-04   
2.9433E-02   -8.3311E-03   
3.7941E-02   -6.3122E-04   
3.5529E-02   -3.0350E-03   
3.7198E-02   -1.3895E-03   
3.5313E-02   -3.2722E-03   
3.7566E-02   -1.0402E-03   
3.6916E-02   -1.6523E-03   
3.7061E-02   -1.5179E-03   
1.7520E-02   -1.4296E-02   
1.4195E-02   -1.6056E-02   
1.1469E-02   -1.7484E-02   
9.1553E-03   -1.8715E-02   
7.2037E-03   -1.9772E-02   
5.6001E-03   -2.0666E-02   
4.3203E-03   -2.1405E-02   
3.3258E-03   -2.2003E-02   
3.8172E-02   -2.5998E-04   
3.8116E-02   -2.9851E-04   
2.5779E-03   -2.2484E-02   
3.8121E-02   -2.5135E-04   
2.0267E-03   -2.2870E-02   
3.8126E-02   -2.1118E-04   
1.6261E-03   -2.3180E-02   
3.8132E-02   -1.7976E-04   
1.3487E-03   -2.3423E-02   
3.8141E-02   -1.5445E-04   
1.1869E-03   -2.3603E-02   
3.8160E-02   -1.3249E-04   
1.1700E-03   -2.3720E-02   
3.8180E-02   -1.1860E-04   
1.0392E-03   -2.3887E-02   
3.8207E-02   -1.0783E-04   
9.7284E-04   -2.4007E-02   
3.8250E-02   -9.8462E-05   
9.3838E-04   -2.4122E-02   
3.8303E-02   -9.2223E-05   
9.6314E-04   -2.4307E-02   
1.0675E-03   -2.4821E-02   
3.8428E-02   -9.2249E-05   
9.9668E-04   -2.4400E-02   
1.0198E-03   -2.4499E-02   
1.0803E-03   -2.4710E-02   
3.8970E-02   -6.8851E-05   
3.9269E-02   -7.7705E-05   
3.9422E-02   -1.2027E-04   
3.8526E-02   -9.2091E-05   
1.4919E-03   -2.5611E-02   
3.9637E-02   -1.2348E-04   
1.1174E-03   -2.5359E-02   
3.8752E-02   -1.0379E-04   
1.2973E-03   -2.5015E-02   
3.8100E-02   -3.5984E-04   
3.8033E-02   -4.5649E-04   
3.7972E-02   -5.4178E-04   
3.6460E-02   -1.9004E-03   
3.6429E-02   -2.0763E-03   
3.6603E-02   -1.7693E-03   
3.5711E-02   -2.6085E-03   
3.7809E-02   -7.0920E-04   
3.2783E-02   -5.9334E-03   
3.7903E-02   -6.1081E-04   
3.1840E-02   -6.7227E-03   
2.9283E-02   -8.2614E-03   
3.3234E-02   -5.4233E-03   
3.4232E-02   -4.2032E-03   
3.3933E-02   -4.5747E-03   
3.5487E-02   -2.8135E-03   
3.3604E-02   -4.9784E-03   
3.4508E-02   -3.8684E-03   
3.6765E-02   -1.6276E-03   
3.7352E-02   -1.1249E-03   
3.7707E-02   -8.0952E-04   
3.4769E-02   -3.5651E-03   
3.7478E-02   -1.0157E-03   
3.7597E-02   -9.1106E-04   
3.7217E-02   -1.2403E-03   
3.5019E-02   -3.2901E-03   
3.5258E-02   -3.0406E-03   
3.7073E-02   -1.3625E-03   
3.6923E-02   -1.4918E-03   
2.1904E-02   -1.2096E-02   
1.9523E-02   -1.3196E-02   
1.6805E-02   -1.4502E-02   
1.4238E-02   -1.5800E-02   
1.1868E-02   -1.7035E-02   
9.7491E-03   -1.8186E-02   
7.9064E-03   -1.9228E-02   
6.3440E-03   -2.0144E-02   
5.0707E-03   -2.0936E-02   
3.8035E-02   -3.5325E-04   
4.0566E-03   -2.1603E-02   
3.8045E-02   -2.8907E-04   
3.2676E-03   -2.2154E-02   
2.6448E-03   -2.2618E-02   
3.8047E-02   -2.4601E-04   
3.8049E-02   -2.1265E-04   
2.1266E-03   -2.3019E-02   
3.8052E-02   -1.8633E-04   
1.5752E-03   -2.3589E-02   
3.8085E-02   -1.5280E-04   
1.4755E-03   -2.3728E-02   
3.8186E-02   -1.2502E-04   
3.8132E-02   -1.3571E-04   
1.3822E-03   -2.3901E-02   
1.3334E-03   -2.4248E-02   
9.2896E-04   -2.4221E-02   
1.3302E-03   -2.4375E-02   
1.3536E-03   -2.4492E-02   
1.3809E-03   -2.5399E-02   
1.3529E-03   -2.5285E-02   
1.3894E-03   -2.4616E-02   
3.8372E-02   -1.2542E-04   
3.8892E-02   -9.5089E-05   
3.8602E-02   -1.3150E-04   
3.9207E-02   -1.1366E-04   
3.8482E-02   -1.2581E-04   
3.8358E-02   -9.1922E-05   
1.4380E-03   -2.4748E-02   
1.2540E-03   -2.5158E-02   
1.3508E-03   -2.4887E-02   
3.9865E-02   -1.2566E-04   
1.4325E-03   -2.5741E-02   
1.3433E-03   -2.5503E-02   
3.9421E-02   -1.6173E-04   
3.6242E-02   -1.9885E-03   
3.8053E-02   -3.8818E-04   
3.7848E-02   -5.9970E-04   
3.2650E-02   -5.5883E-03   
3.7741E-02   -6.9821E-04   
3.1764E-02   -6.2897E-03   
2.5683E-02   -1.0016E-02   
3.5469E-02   -2.5982E-03   
3.3842E-02   -4.3003E-03   
3.3499E-02   -4.6961E-03   
3.3126E-02   -5.1172E-03   
3.6603E-02   -1.6173E-03   
3.4157E-02   -3.9389E-03   
3.7381E-02   -9.9414E-04   
3.4447E-02   -3.6142E-03   
3.7510E-02   -8.9192E-04   
3.7630E-02   -7.9400E-04   
3.7242E-02   -1.1027E-03   
3.4719E-02   -3.3223E-03   
3.5227E-02   -2.8183E-03   
3.6774E-02   -1.4743E-03   
3.7094E-02   -1.2185E-03   
3.4978E-02   -3.0583E-03   
3.6938E-02   -1.3423E-03   
2.4344E-02   -1.0507E-02   
2.2059E-02   -1.1494E-02   
3.5968E-02   -2.1969E-03   
1.9649E-02   -1.2662E-02   
3.5715E-02   -2.3924E-03   
1.7210E-02   -1.3876E-02   
1.4892E-02   -1.5093E-02   
1.2723E-02   -1.6281E-02   
1.0727E-02   -1.7413E-02   
8.9685E-03   -1.8477E-02   
7.4487E-03   -1.9434E-02   
2.5369E-03   -2.3038E-02   
3.7957E-02   -3.7208E-04   
6.1809E-03   -2.0267E-02   
5.1320E-03   -2.0994E-02   
3.7956E-02   -3.2101E-04   
4.2150E-03   -2.1666E-02   
3.7952E-02   -2.8018E-04   
3.7946E-02   -2.4886E-04   
1.7912E-03   -2.3300E-02   
3.7996E-02   -1.8064E-04   
2.2632E-03   -2.3361E-02   
1.6352E-03   -2.4002E-02   
3.8771E-02   -1.3615E-04   
3.8412E-02   -1.6713E-04   
3.8116E-02   -1.5574E-04   
1.7748E-03   -2.4280E-02   
3.8045E-02   -1.6632E-04   
1.8081E-03   -2.4419E-02   
1.2734E-03   -2.4072E-02   
1.6684E-03   -2.5462E-02   
1.8071E-03   -2.4558E-02   
3.8981E-02   -1.2916E-04   
1.6591E-03   -2.4954E-02   
1.6254E-03   -2.5079E-02   
3.8269E-02   -1.2798E-04   
1.7002E-03   -2.5327E-02   
1.7826E-03   -2.4134E-02   
3.8302E-02   -1.6424E-04   
3.9645E-02   -1.6441E-04   
3.9217E-02   -1.5657E-04   
3.7868E-02   -5.1332E-04   
3.7768E-02   -6.0333E-04   
3.7963E-02   -4.8148E-04   
2.9985E-02   -7.0433E-03   
3.2657E-02   -5.2690E-03   
3.6423E-02   -1.6159E-03   
3.3418E-02   -4.4263E-03   
3.7660E-02   -6.9229E-04   
3.3021E-02   -4.8547E-03   
3.3780E-02   -4.0354E-03   
2.2861E-02   -1.1593E-02   
3.4109E-02   -3.6844E-03   
3.5218E-02   -2.6045E-03   
3.7274E-02   -9.7669E-04   
3.7542E-02   -7.8303E-04   
3.7413E-02   -8.7708E-04   
3.6612E-02   -1.4660E-03   
3.4413E-02   -3.3699E-03   
3.7122E-02   -1.0857E-03   
3.4694E-02   -3.0892E-03   
3.4961E-02   -2.8360E-03   
3.6791E-02   -1.3294E-03   
3.6961E-02   -1.2033E-03   
3.5476E-02   -2.3879E-03   
2.6801E-02   -8.7919E-03   
2.4752E-02   -9.7131E-03   
2.2440E-02   -1.0789E-02   
2.9124E-02   -7.9235E-03   
2.0253E-02   -1.1879E-02   
3.5734E-02   -2.1828E-03   
3.5989E-02   -1.9846E-03   
1.8113E-02   -1.2991E-02   
3.7941E-02   -4.3216E-04   
3.6221E-02   -1.7932E-03   
1.6012E-02   -1.4123E-02   
1.4035E-02   -1.5281E-02   
1.0492E-02   -1.7470E-02   
3.7865E-02   -4.0120E-04   
9.0261E-03   -1.8442E-02   
7.7872E-03   -1.9310E-02   
3.7849E-02   -3.5740E-04   
3.7837E-02   -3.1744E-04   
4.2213E-03   -2.1854E-02   
2.0425E-03   -2.3643E-02   
3.7885E-02   -2.1588E-04   
3.8204E-02   -1.6448E-04   
2.4061E-03   -2.4057E-02   
3.1824E-03   -2.2431E-02   
3.8530E-02   -1.7442E-04   
4.2169E-03   -2.2009E-02   
3.8211E-02   -2.1003E-04   
1.8901E-03   -2.3969E-02   
1.9821E-03   -2.5015E-02   
2.3820E-03   -2.3903E-02   
1.8810E-03   -2.4650E-02   
3.8122E-02   -1.6994E-04   
3.9048E-02   -1.5341E-04   
3.7932E-02   -2.0551E-04   
1.7376E-03   -2.4808E-02   
1.6453E-03   -2.5202E-02   
3.9189E-02   -2.0376E-04   
3.9857E-02   -1.6408E-04   
1.7694E-03   -2.5715E-02   
2.1228E-03   -2.5378E-02   
3.8931E-02   -1.0956E-04   
3.7682E-02   -6.0799E-04   
3.2370E-02   -5.1235E-03   
3.5232E-02   -2.3991E-03   
3.2940E-02   -4.5891E-03   
3.3368E-02   -4.1598E-03   
3.7569E-02   -6.9231E-04   
3.3746E-02   -3.7795E-03   
3.6438E-02   -1.4670E-03   
3.7312E-02   -8.6368E-04   
3.7448E-02   -7.7609E-04   
3.4089E-02   -3.4396E-03   
3.7158E-02   -9.6431E-04   
3.4966E-02   -2.6235E-03   
3.4404E-02   -3.1364E-03   
3.6633E-02   -1.3249E-03   
3.4694E-02   -2.8667E-03   
3.6993E-02   -1.0748E-03   
3.6818E-02   -1.1950E-03   
2.9224E-02   -7.1835E-03   
2.6730E-02   -8.2867E-03   
3.7871E-02   -4.5042E-04   
2.4971E-02   -9.0834E-03   
3.6003E-02   -1.8001E-03   
3.5498E-02   -2.1877E-03   
3.6230E-02   -1.6252E-03   
2.3190E-02   -9.9219E-03   
2.1321E-02   -1.0843E-02   
3.5757E-02   -1.9885E-03   
1.9492E-02   -1.1861E-02   
1.7665E-02   -1.2901E-02   
1.5896E-02   -1.3961E-02   
3.7827E-02   -2.8686E-04   
1.4271E-02   -1.4986E-02   
6.5796E-03   -2.0180E-02   
1.2912E-02   -1.5881E-02   
3.7737E-02   -4.5166E-04   
3.8030E-02   -2.0727E-04   
3.7721E-02   -3.9766E-04   
3.8487E-03   -2.2388E-02   
2.5946E-03   -2.3487E-02   
3.7847E-02   -2.3279E-04   
5.0177E-03   -2.1392E-02   
3.7976E-02   -2.0541E-04   
3.5324E-03   -2.3229E-02   
2.2981E-03   -2.4570E-02   
2.5117E-03   -2.3676E-02   
2.2405E-03   -2.4456E-02   
3.7749E-02   -2.6063E-04   
3.8824E-02   -1.8085E-04   
2.5350E-03   -2.4820E-02   
3.9000E-02   -1.9577E-04   
1.9160E-03   -2.5126E-02   
3.9146E-02   -2.5842E-04   
2.2120E-03   -2.5673E-02   
3.9671E-02   -2.1331E-04   
4.0088E-02   -1.3599E-04   
2.4457E-03   -2.5504E-02   
3.8623E-02   -1.9088E-04   
3.7700E-02   -5.3424E-04   
3.1792E-02   -5.8375E-03   
3.2411E-02   -4.7697E-03   
3.2916E-02   -4.3081E-03   
3.4989E-02   -2.4216E-03   
3.3350E-02   -3.8992E-03   
3.7483E-02   -6.9689E-04   
3.7361E-02   -7.6015E-04   
3.3741E-02   -3.5332E-03   
2.9506E-02   -6.6734E-03   
3.7204E-02   -8.5188E-04   
3.6465E-02   -1.3270E-03   
3.4096E-02   -3.2055E-03   
3.4713E-02   -2.6547E-03   
3.7034E-02   -9.5605E-04   
3.4420E-02   -2.9135E-03   
3.6664E-02   -1.1925E-03   
3.6854E-02   -1.0693E-03   
2.8551E-02   -6.9833E-03   
3.5262E-02   -2.2044E-03   
3.6027E-02   -1.6354E-03   
3.6253E-02   -1.4745E-03   
2.7327E-02   -7.4503E-03   
3.5784E-02   -1.8116E-03   
2.5823E-02   -8.0997E-03   
2.4370E-02   -8.8485E-03   
3.5528E-02   -2.0012E-03   
3.7794E-02   -4.7151E-04   
1.9842E-02   -1.1349E-02   
2.2853E-02   -9.6279E-03   
3.7705E-02   -3.5960E-04   
2.1335E-02   -1.0467E-02   
3.7934E-02   -2.3259E-04   
8.0492E-03   -1.9301E-02   
1.1817E-02   -1.6622E-02   
7.5743E-03   -1.9694E-02   
1.8537E-02   -1.2152E-02   
3.7599E-02   -4.8592E-04   
3.7791E-02   -2.5518E-04   
3.7713E-02   -2.7410E-04   
6.4233E-03   -2.0578E-02   
4.1010E-03   -2.2708E-02   
3.0099E-03   -2.4039E-02   
3.8948E-02   -2.5044E-04   
3.7841E-02   -2.5559E-04   
4.5330E-03   -2.2246E-02   
3.8425E-02   -2.2614E-04   
2.8280E-03   -2.4492E-02   
3.8548E-02   -2.4453E-04   
2.3264E-03   -2.5084E-02   
3.7406E-03   -2.2617E-02   
3.9368E-02   -2.6540E-04   
3.8111E-02   -2.0804E-04   
4.0353E-02   -1.0588E-04   
2.6449E-03   -2.5345E-02   
3.0829E-02   -5.7209E-03   
3.7582E-02   -6.1890E-04   
3.2404E-02   -4.4834E-03   
3.2923E-02   -4.0385E-03   
3.3368E-02   -3.6478E-03   
3.4750E-02   -2.4548E-03   
3.7446E-02   -6.4929E-04   
3.1768E-02   -5.2517E-03   
3.7262E-02   -7.4458E-04   
3.5028E-02   -2.2307E-03   
3.3768E-02   -3.2957E-03   
3.7083E-02   -8.4613E-04   
3.4131E-02   -2.9794E-03   
3.4457E-02   -2.7007E-03   
3.6500E-02   -1.1956E-03   
3.6898E-02   -9.5235E-04   
3.6703E-02   -1.0678E-03   
3.0422E-02   -5.6438E-03   
3.5820E-02   -1.6504E-03   
3.6286E-02   -1.3351E-03   
3.6059E-02   -1.4862E-03   
3.7829E-02   -2.5651E-04   
2.9061E-02   -6.1732E-03   
3.5300E-02   -2.0226E-03   
2.8072E-02   -6.6158E-03   
3.5565E-02   -1.8293E-03   
3.7578E-02   -4.4178E-04   
2.4651E-02   -8.2736E-03   
2.6971E-02   -7.0856E-03   
2.3528E-02   -8.9080E-03   
2.5827E-02   -7.6414E-03   
1.2309E-02   -1.6474E-02   
3.7595E-02   -5.4770E-04   
3.7687E-02   -3.3227E-04   
1.7446E-02   -1.2853E-02   
3.8097E-02   -1.5502E-04   
8.4430E-03   -1.9433E-02   
3.7685E-02   -2.9478E-04   
3.7994E-02   -2.6087E-04   
3.7906E-02   -2.5784E-04   
3.7635E-02   -3.1243E-04   
3.7592E-02   -3.1500E-04   
3.8275E-02   -2.8706E-04   
3.7557E-02   -3.2438E-04   
4.9013E-03   -2.1910E-02   
6.9599E-03   -2.0792E-02   
1.1157E-02   -1.7174E-02   
1.2583E-02   -1.6201E-02   
4.3854E-03   -2.2980E-02   
3.8551E-02   -2.9316E-04   
3.2824E-03   -2.4043E-02   
6.7857E-03   -2.0475E-02   
3.9092E-02   -3.2035E-04   
2.4284E-03   -2.5228E-02   
4.0688E-02   -5.3705E-05   
3.4987E-03   -2.4296E-02   
4.0306E-02   -1.4934E-04   
3.8887E-02   -3.1228E-04   
3.8322E-02   -2.1387E-04   
3.0663E-03   -2.4706E-02   
3.1710E-02   -5.0420E-03   
3.2453E-02   -4.2019E-03   
3.2978E-02   -3.7818E-03   
3.4800E-02   -2.2666E-03   
3.7322E-02   -6.3779E-04   
3.3417E-02   -3.4077E-03   
3.4509E-02   -2.4998E-03   
3.7135E-02   -7.4624E-04   
3.3824E-02   -3.0641E-03   
3.4187E-02   -2.7628E-03   
3.6952E-02   -8.4429E-04   
3.5862E-02   -1.5035E-03   
3.6541E-02   -1.0724E-03   
3.6752E-02   -9.5077E-04   
3.6325E-02   -1.2070E-03   
3.0876E-02   -5.1351E-03   
3.6100E-02   -1.3496E-03   
3.7485E-02   -5.6779E-04   
3.5076E-02   -2.0528E-03   
3.5609E-02   -1.6717E-03   
3.0482E-02   -5.1985E-03   
3.5346E-02   -1.8548E-03   
2.9804E-02   -5.3799E-03   
2.7416E-02   -6.4409E-03   
2.8248E-02   -6.0313E-03   
3.7451E-02   -5.3157E-04   
2.9048E-02   -5.6681E-03   
3.7553E-02   -4.0825E-04   
3.7954E-02   -2.0069E-04   
2.2447E-02   -9.5657E-03   
3.7531E-02   -3.4102E-04   
3.7418E-02   -3.7872E-04   
1.3217E-02   -1.5740E-02   
3.7653E-02   -3.2363E-04   
3.7383E-02   -3.8455E-04   
3.7460E-02   -3.8008E-04   
1.1915E-02   -1.7041E-02   
3.8107E-02   -2.6267E-04   
3.7759E-02   -3.1967E-04   
1.6768E-02   -1.3349E-02   
3.8012E-02   -3.2651E-04   
5.1318E-03   -2.2764E-02   
3.9584E-03   -2.3083E-02   
1.2265E-02   -1.6874E-02   
1.3152E-02   -1.6086E-02   
3.8815E-02   -3.8170E-04   
3.9308E-02   -3.2892E-04   
4.4264E-03   -2.3519E-02   
2.9192E-03   -2.4942E-02   
4.0534E-02   -1.2164E-04   
4.1035E-03   -2.4040E-02   
3.1744E-02   -4.7341E-03   
3.2598E-02   -3.9273E-03   
3.4571E-02   -2.3129E-03   
3.3027E-02   -3.5522E-03   
3.7168E-02   -6.7273E-04   
3.4858E-02   -2.0913E-03   
3.3487E-02   -3.1730E-03   
3.4255E-02   -2.5598E-03   
3.7009E-02   -7.4889E-04   
3.5911E-02   -1.3703E-03   
3.3895E-02   -2.8445E-03   
3.5661E-02   -1.5277E-03   
3.1872E-02   -4.4046E-03   
3.6820E-02   -8.4376E-04   
3.6366E-02   -1.0931E-03   
3.6144E-02   -1.2268E-03   
3.1470E-02   -4.4029E-03   
3.5400E-02   -1.7006E-03   
3.5131E-02   -1.8883E-03   
3.7417E-02   -4.9294E-04   
3.7517E-02   -3.6307E-04   
3.0031E-02   -4.8265E-03   
3.1007E-02   -4.5037E-03   
1.7813E-02   -1.2619E-02   
3.0538E-02   -4.6453E-03   
3.7527E-02   -3.8500E-04   
2.6547E-02   -6.9151E-03   
1.7471E-02   -1.3133E-02   
3.7192E-02   -4.5502E-04   
2.1341E-02   -1.0303E-02   
3.7225E-02   -4.5368E-04   
3.7355E-02   -3.9786E-04   
3.7512E-02   -3.8710E-04   
1.5332E-02   -1.4582E-02   
5.7326E-03   -2.2993E-02   
1.3403E-02   -1.6348E-02   
3.8083E-02   -3.6115E-04   
3.7862E-02   -3.2418E-04   
3.9247E-02   -3.9609E-04   
1.7751E-02   -1.2831E-02   
3.8331E-03   -2.4350E-02   
3.8613E-02   -3.7316E-04   
3.9582E-02   -2.7698E-04   
8.3834E-03   -2.0552E-02   
8.8638E-03   -1.9699E-02   
8.6569E-03   -2.0114E-02   
3.8733E-02   -4.5973E-04   
3.7282E-02   -5.8643E-04   
3.4638E-02   -2.1398E-03   
3.4330E-02   -2.3726E-03   
3.2485E-02   -3.7934E-03   
3.6718E-02   -8.4047E-04   
3.7348E-02   -4.4104E-04   
3.3101E-02   -3.3167E-03   
3.5720E-02   -1.3971E-03   
3.7081E-02   -6.5606E-04   
3.5965E-02   -1.2506E-03   
3.6886E-02   -7.5625E-04   
3.3568E-02   -2.9515E-03   
3.5460E-02   -1.5596E-03   
3.4922E-02   -1.9294E-03   
3.5193E-02   -1.7371E-03   
3.2096E-02   -3.8610E-03   
3.6390E-02   -1.0116E-03   
3.6194E-02   -1.1191E-03   
3.1546E-02   -3.9154E-03   
3.1821E-02   -3.8839E-03   
2.5398E-02   -7.6077E-03   
2.9487E-02   -5.0631E-03   
3.7380E-02   -4.6347E-04   
2.3019E-02   -9.2551E-03   
3.7338E-02   -4.1866E-04   
3.6987E-02   -5.3632E-04   
1.9836E-02   -1.1456E-02   
3.7164E-02   -4.6460E-04   
3.7262E-02   -4.6050E-04   
3.8408E-02   -3.6375E-04   
3.7588E-02   -3.9532E-04   
1.8948E-02   -1.2339E-02   
2.3264E-02   -8.9934E-03   
1.7202E-02   -1.3056E-02   
3.8336E-02   -3.2194E-04   
3.7819E-02   -4.1710E-04   
1.5204E-02   -1.5209E-02   
5.1450E-03   -2.3712E-02   
9.9379E-03   -1.9785E-02   
2.2082E-02   -9.8908E-03   
3.8697E-02   -3.0318E-04   
3.8966E-02   -4.6108E-04   
3.9523E-02   -3.3753E-04   
3.9822E-02   -2.3858E-04   
1.4022E-02   -1.6222E-02   
1.3693E-02   -1.6805E-02   
3.6752E-02   -7.7549E-04   
3.4064E-02   -2.4549E-03   
3.4400E-02   -2.2050E-03   
3.7183E-02   -5.2819E-04   
3.6270E-02   -1.0164E-03   
3.6032E-02   -1.1417E-03   
3.6921E-02   -6.9746E-04   
3.4705E-02   -1.9820E-03   
3.5786E-02   -1.2789E-03   
3.5529E-02   -1.4310E-03   
3.3679E-02   -2.7398E-03   
3.5262E-02   -1.5986E-03   
3.4989E-02   -1.7810E-03   
3.2720E-02   -3.4767E-03   
3.2594E-02   -3.4255E-03   
3.2430E-02   -3.3914E-03   
3.1258E-02   -3.9781E-03   
2.8805E-02   -5.4200E-03   
3.3181E-02   -3.0907E-03   
3.7233E-02   -5.5299E-04   
3.6935E-02   -5.5561E-04   
3.6527E-02   -8.9517E-04   
3.6957E-02   -5.4207E-04   
2.4746E-02   -8.0313E-03   
2.3031E-02   -9.0784E-03   
2.0501E-02   -1.1479E-02   
3.7018E-02   -5.3883E-04   
2.7831E-02   -6.0190E-03   
3.7114E-02   -5.1789E-04   
2.4626E-02   -8.2847E-03   
3.7298E-02   -4.7787E-04   
2.6309E-02   -7.0127E-03   
3.7921E-02   -4.3293E-04   
3.8169E-02   -4.3984E-04   
3.7700E-02   -4.0288E-04   
4.0048E-02   -2.3569E-04   
1.9904E-02   -1.2245E-02   
2.0066E-02   -1.1953E-02   
1.1811E-02   -1.8606E-02   
3.8675E-02   -5.3994E-04   
4.7163E-03   -2.4225E-02   
3.9176E-02   -4.6687E-04   
3.9798E-02   -2.8648E-04   
3.6835E-02   -6.9562E-04   
3.4128E-02   -2.2972E-03   
3.3762E-02   -2.5674E-03   
3.6112E-02   -1.0403E-03   
3.7038E-02   -6.1883E-04   
3.5863E-02   -1.1713E-03   
3.4466E-02   -2.0541E-03   
3.5607E-02   -1.3139E-03   
3.4777E-02   -1.8374E-03   
3.5340E-02   -1.4719E-03   
3.3017E-02   -3.0542E-03   
3.5064E-02   -1.6454E-03   
3.2282E-02   -3.3642E-03   
3.6608E-02   -7.9753E-04   
3.6712E-02   -6.4064E-04   
3.3418E-02   -2.8275E-03   
3.0438E-02   -4.3480E-03   
3.2125E-02   -3.3607E-03   
2.8445E-02   -5.5578E-03   
3.6362E-02   -9.1610E-04   
3.6745E-02   -6.2767E-04   
3.7889E-02   -4.9465E-04   
3.6964E-02   -6.0861E-04   
3.6778E-02   -6.2439E-04   
2.8269E-02   -5.6770E-03   
3.7041E-02   -5.5334E-04   
3.7382E-02   -4.8976E-04   
3.6914E-02   -5.7946E-04   
2.5479E-02   -8.1974E-03   
2.7463E-02   -6.2470E-03   
2.8625E-02   -5.6493E-03   
3.8137E-02   -3.9976E-04   
4.0080E-02   -2.9547E-04   
2.5943E-02   -7.7475E-03   
3.7521E-02   -4.9571E-04   
3.8052E-02   -5.1453E-04   
3.8363E-02   -6.4288E-04   
2.0677E-02   -1.1785E-02   
1.8056E-02   -1.3862E-02   
3.8359E-02   -5.5480E-04   
4.0254E-02   -1.9118E-04   
3.9471E-02   -4.0193E-04   
3.3324E-03   -2.5074E-02   
2.0045E-02   -1.1727E-02   
3.3803E-02   -2.4338E-03   
3.3405E-02   -2.7350E-03   
3.5951E-02   -1.0732E-03   
3.6711E-02   -7.0688E-04   
3.5694E-02   -1.2082E-03   
3.4541E-02   -1.9161E-03   
3.2932E-02   -2.9907E-03   
3.5426E-02   -1.3574E-03   
3.1925E-02   -3.4148E-03   
3.4858E-02   -1.7063E-03   
2.9686E-02   -4.7492E-03   
3.5148E-02   -1.5228E-03   
3.6204E-02   -9.4668E-04   
3.2867E-02   -2.9254E-03   
3.6481E-02   -7.3588E-04   
3.6882E-02   -6.1487E-04   
3.6452E-02   -8.2862E-04   
3.6694E-02   -6.5908E-04   
3.6564E-02   -7.0697E-04   
3.6814E-02   -6.2748E-04   
2.9781E-02   -5.1577E-03   
3.0092E-02   -4.4976E-03   
2.8539E-02   -5.8098E-03   
2.8791E-02   -5.4957E-03   
3.7527E-02   -5.9650E-04   
3.9380E-02   -4.6925E-04   
1.3198E-02   -1.7725E-02   
3.0752E-02   -4.0543E-03   
2.5656E-02   -7.8033E-03   
3.7351E-02   -5.9453E-04   
3.8244E-02   -5.1303E-04   
4.0320E-02   -2.2442E-04   
3.9760E-02   -4.0810E-04   
3.8390E-02   -7.1603E-04   
2.4640E-02   -9.1541E-03   
4.0049E-03   -2.4905E-02   
3.7183E-02   -5.9636E-04   
2.9341E-03   -2.5108E-02   
3.5792E-02   -1.1142E-03   
3.6694E-02   -6.8003E-04   
3.6050E-02   -9.8556E-04   
3.5525E-02   -1.2546E-03   
3.4630E-02   -1.7881E-03   
3.3401E-02   -2.6324E-03   
2.6714E-02   -6.6921E-03   
3.1590E-02   -3.5545E-03   
3.6303E-02   -8.6483E-04   
3.2811E-02   -2.8756E-03   
3.6454E-02   -7.5361E-04   
3.4188E-02   -2.1590E-03   
3.4950E-02   -1.5871E-03   
3.0191E-02   -4.7455E-03   
3.1103E-02   -4.0069E-03   
3.6553E-02   -7.2296E-04   
3.0693E-02   -4.1844E-03   
3.1121E-02   -3.8531E-03   
3.0785E-02   -4.0659E-03   
2.9850E-02   -4.7321E-03   
3.1375E-02   -3.8447E-03   
2.8912E-02   -5.8320E-03   
3.7710E-02   -6.0607E-04   
3.9057E-02   -5.5679E-04   
3.7175E-02   -7.0216E-04   
3.6166E-02   -8.7668E-04   
3.6831E-02   -7.1777E-04   
3.7933E-02   -6.1885E-04   
2.0768E-02   -1.2349E-02   
8.2755E-03   -2.1342E-02   
3.7007E-02   -7.0393E-04   
3.8519E-02   -4.5165E-04   
2.5443E-02   -8.8181E-03   
2.4166E-02   -9.3893E-03   
3.8715E-02   -6.7967E-04   
3.8048E-02   -7.6444E-04   
3.5901E-02   -1.0315E-03   
3.5644E-02   -1.1588E-03   
3.6438E-02   -7.7842E-04   
3.2676E-02   -2.8858E-03   
3.6519E-02   -7.6895E-04   
3.6156E-02   -9.0890E-04   
3.5364E-02   -1.3062E-03   
3.3423E-02   -2.5268E-03   
3.4736E-02   -1.6705E-03   
3.5059E-02   -1.4784E-03   
3.2766E-02   -2.9241E-03   
3.2460E-02   -3.0869E-03   
3.3850E-02   -2.3102E-03   
3.2011E-02   -3.2768E-03   
3.2410E-02   -3.0432E-03   
3.2253E-02   -3.1044E-03   
3.4265E-02   -2.0263E-03   
3.6626E-02   -7.1983E-04   
3.5908E-02   -9.9565E-04   
3.6665E-02   -8.2396E-04   
3.1859E-02   -3.3964E-03   
3.6592E-02   -7.7445E-04   
2.8556E-02   -6.3375E-03   
3.7340E-02   -7.0987E-04   
3.2140E-02   -3.6017E-03   
1.4054E-02   -1.6712E-02   
2.6676E-02   -8.0320E-03   
3.6270E-02   -8.5144E-04   
3.6824E-02   -8.1727E-04   
3.2897E-02   -2.9396E-03   
2.9145E-02   -6.0446E-03   
1.4124E-02   -1.7376E-02   
3.8094E-02   -8.3576E-04   
3.9068E-02   -6.4554E-04   
3.5781E-02   -1.0741E-03   
3.6011E-02   -9.5991E-04   
3.4373E-02   -1.8948E-03   
3.2889E-02   -2.7181E-03   
3.4859E-02   -1.5652E-03   
3.3051E-02   -2.6263E-03   
3.3490E-02   -2.3970E-03   
3.5940E-02   -9.8938E-04   
3.3932E-02   -2.1778E-03   
3.3342E-02   -2.4580E-03   
3.6867E-02   -6.2711E-04   
3.5190E-02   -1.3756E-03   
3.6244E-02   -8.5247E-04   
3.3305E-02   -2.5051E-03   
3.6479E-02   -9.4086E-04   
3.3576E-02   -2.3815E-03   
3.6532E-02   -8.3657E-04   
8.7555E-03   -2.0539E-02   
2.8591E-02   -6.7821E-03   
3.6978E-02   -8.2130E-04   
8.0565E-03   -2.1645E-02   
3.4109E-02   -2.2310E-03   
3.1554E-02   -4.1913E-03   
3.6282E-02   -8.7831E-04   
3.7507E-02   -7.2646E-04   
1.4869E-02   -1.6840E-02   
3.3833E-02   -2.4847E-03   
3.2082E-02   -3.9563E-03   
2.2370E-02   -1.1260E-02   
3.7729E-02   -8.9871E-04   
3.3118E-02   -2.7155E-03   
3.9449E-02   -6.0480E-04   
3.4507E-02   -1.7743E-03   
3.3863E-02   -2.1335E-03   
3.5537E-02   -1.1880E-03   
3.4090E-02   -2.0292E-03   
3.5619E-02   -1.1370E-03   
3.3814E-02   -2.2563E-03   
3.2913E-02   -2.7281E-03   
3.6770E-02   -9.5035E-04   
3.4978E-02   -1.4761E-03   
3.4068E-02   -2.0455E-03   
3.3847E-02   -2.1600E-03   
3.5952E-02   -1.0062E-03   
3.6622E-02   -9.4203E-04   
3.5841E-02   -1.0322E-03   
3.3291E-02   -2.4633E-03   
3.6273E-02   -9.2171E-04   
2.4717E-02   -8.8157E-03   
3.3988E-02   -2.2252E-03   
3.3692E-02   -2.7359E-03   
3.3707E-02   -2.7990E-03   
3.2452E-02   -3.8448E-03   
3.2639E-02   -3.9813E-03   
3.7776E-02   -9.8624E-04   
8.5834E-03   -2.1619E-02   
3.7282E-02   -8.5613E-04   
3.9767E-02   -4.9586E-04   
3.4638E-02   -1.6723E-03   
3.4262E-02   -1.9003E-03   
3.5330E-02   -1.2814E-03   
3.4431E-02   -1.8065E-03   
3.5622E-02   -1.1489E-03   
3.6295E-02   -9.6306E-04   
3.5961E-02   -1.0357E-03   
3.4269E-02   -1.9599E-03   
3.6416E-02   -1.0751E-03   
3.6275E-02   -1.0691E-03   
3.7393E-02   -9.5232E-04   
3.6919E-02   -9.6761E-04   
3.4701E-02   -2.2337E-03   
3.4563E-02   -2.1711E-03   
3.3639E-02   -2.2666E-03   
3.7643E-02   -7.6162E-04   
3.8415E-02   -7.7836E-04   
3.7313E-02   -1.1756E-03   
3.3666E-02   -3.1676E-03   
3.1438E-02   -5.0755E-03   
3.4490E-02   -2.5329E-03   
3.4621E-02   -1.8869E-03   
1.5089E-02   -1.7205E-02   
3.9809E-02   -5.6818E-04   
3.4390E-02   -1.8012E-03   
3.5646E-02   -1.1239E-03   
3.3951E-02   -2.0601E-03   
3.5053E-02   -1.4268E-03   
3.6013E-02   -1.2343E-03   
3.5277E-02   -1.3130E-03   
3.4749E-02   -1.5933E-03   
3.5628E-02   -1.1730E-03   
3.4599E-02   -1.7447E-03   
3.5950E-02   -1.1284E-03   
3.4779E-02   -1.6903E-03   
3.5940E-02   -1.1877E-03   
3.7708E-02   -8.2090E-04   
3.6567E-02   -1.0838E-03   
3.7082E-02   -9.9413E-04   
3.8647E-02   -7.8672E-04   
3.4636E-02   -2.0104E-03   
3.7423E-02   -8.7503E-04   
3.4752E-02   -1.8793E-03   
3.7058E-02   -1.0919E-03   
3.4311E-02   -1.8570E-03   
3.5003E-02   -1.6374E-03   
3.4980E-02   -2.1728E-03   
3.6991E-02   -1.2019E-03   
3.7707E-02   -1.0935E-03   
3.4440E-02   -2.3105E-03   
3.4936E-02   -2.3790E-03   
3.3753E-02   -3.4717E-03   
8.9860E-03   -2.1811E-02   
3.4483E-02   -1.7410E-03   
3.5024E-02   -1.5259E-03   
3.4905E-02   -1.5088E-03   
3.5310E-02   -1.3135E-03   
3.5084E-02   -1.7620E-03   
3.4846E-02   -1.5838E-03   
3.5634E-02   -1.3554E-03   
3.6266E-02   -1.1898E-03   
3.5129E-02   -2.5690E-03   
3.6708E-02   -1.2358E-03   
3.3953E-02   -2.0676E-03   
3.5128E-02   -1.6561E-03   
3.6700E-02   -1.1058E-03   
3.5657E-02   -1.1948E-03   
3.5596E-02   -1.3057E-03   
3.5302E-02   -1.9422E-03   
6.1244E-03   -2.3966E-02   
3.5261E-02   -2.1327E-03   
3.6890E-02   -1.3130E-03   
3.7998E-02   -9.9309E-04   
3.5974E-02   -1.0712E-03   
3.3627E-02   -2.2551E-03   
3.4676E-02   -1.6568E-03   
3.5196E-02   -1.4851E-03   
3.4990E-02   -1.4850E-03   
3.6344E-02   -1.2259E-03   
3.5408E-02   -1.3425E-03   
3.5339E-02   -1.5092E-03   
3.5052E-02   -1.4413E-03   
3.6559E-02   -1.4703E-03   
3.4750E-02   -1.6058E-03   
3.8315E-02   -9.3525E-04   
3.6597E-02   -1.3602E-03   
3.5084E-02   -1.9511E-03   
3.5353E-02   -1.4568E-03   
3.5582E-02   -2.2735E-03   
4.3744E-03   -2.5085E-02   
3.5716E-02   -1.2064E-03   
3.5459E-02   -1.7277E-03   
3.5991E-02   -1.3345E-03   
3.6055E-02   -1.4054E-03   
3.5600E-02   -1.7473E-03   
3.6589E-02   -1.5676E-03   
3.5377E-02   -1.6107E-03   
3.5547E-02   -2.1607E-03   
3.5629E-02   -2.3463E-03   
3.5874E-02   -1.5658E-03   
3.5398E-02   -1.6752E-03   
3.5992E-02   -2.2641E-03   
3.5759E-02   -1.7793E-03   
3.6807E-02   -1.1336E-03   
3.7043E-02   -1.4564E-03   
3.6176E-02   -1.6614E-03   
3.5684E-02   -1.5086E-03   
3.6307E-02   -1.3940E-03   
3.5495E-02   -1.9521E-03   
3.6171E-02   -1.7713E-03   
3.7477E-02   -1.2437E-03   
3.6468E-02   -2.0357E-03   
3.5865E-02   -1.8246E-03   
3.5695E-02   -1.5756E-03   
3.6066E-02   -1.9240E-03   
3.6381E-02   -1.8895E-03   
3.6887E-02   -1.6988E-03   
3.7139E-02   -1.5253E-03   
3.6661E-02   -1.8764E-03   
4.1509E-04   -2.6063E-02   
3.5941E-02   -2.0672E-03   
3.5125E-02   -2.6632E-03   
4.0568E-02   -2.2073E-04   
8.9899E-04   -2.5180E-02   
4.1454E-02   -2.8361E-05   
4.0174E-02   -5.3178E-04   
7.5812E-04   -2.6137E-02   
3.6924E-03   -2.5272E-02   
3.6549E-02   -2.1115E-03   
4.0788E-02   -1.0874E-04   
1.1547E-03   -2.6109E-02   
5.6226E-03   -2.3865E-02   
1.6333E-03   -2.6073E-02   
2.1190E-03   -2.6037E-02   
2.5994E-03   -2.5983E-02   
3.0944E-03   -2.5904E-02   
4.1757E-02   -2.5479E-05   
3.6029E-03   -2.5769E-02   
4.1495E-03   -2.5494E-02   
4.0038E-02   -4.1600E-04   
4.9893E-03   -2.4927E-02   
4.2071E-02   -2.3501E-05   
6.8263E-03   -2.3434E-02   
1.2611E-02   -1.8964E-02   
3.7447E-02   -1.3653E-03   
2.1731E-02   -1.2359E-02   
4.2404E-02   -2.0849E-05   
3.8914E-02   -5.2524E-04   
2.6653E-02   -9.0558E-03   
2.9260E-02   -6.1336E-03   
2.6933E-03   -2.5619E-02   
4.0144E-02   -3.5207E-04   
3.2331E-02   -5.4897E-03   
3.5182E-02   -3.6998E-03   
4.2751E-02   -1.7208E-05   
3.6660E-02   -2.9089E-03   
2.2903E-02   -1.1385E-02   
3.7365E-02   -2.6887E-03   
3.7874E-02   -2.6101E-03   
4.3113E-02   -1.3496E-05   
3.8469E-02   -2.4273E-03   
3.9127E-02   -2.2909E-03   
1.1977E-03   -2.5838E-02   
3.9735E-02   -2.1520E-03   
4.3535E-02   -1.0411E-05   
4.0929E-02   -6.5996E-05   
2.8690E-02   -7.1646E-03   
4.0384E-02   -1.9826E-03   
4.0996E-02   -1.8436E-03   
3.9509E-02   -6.6693E-04   
4.4008E-02   -4.0257E-06   
3.8670E-02   -8.7164E-04   
3.7959E-02   -1.0786E-03   
4.2167E-02   -1.4990E-03   
4.4458E-02   -2.1685E-04   
4.4554E-02   -2.3803E-04   
4.4549E-02   -2.7620E-05   
4.4603E-02   -4.9940E-06   
4.4492E-02   -1.1028E-04   
7.2103E-03   -2.3324E-02   
4.3398E-02   -9.6506E-04   
1.3938E-03   -2.5953E-02   
3.8906E-02   -8.8532E-04   
3.8377E-02   -1.0235E-03   
2.4361E-03   -2.5766E-02   
3.7718E-02   -1.3471E-03   
3.1240E-03   -2.5567E-02   
4.0826E-02   -1.7994E-04   
3.7107E-02   -1.7088E-03   
4.0478E-02   -4.2995E-04   
3.5011E-03   -2.5557E-02   
2.9201E-02   -6.8155E-03   
2.4040E-03   -2.5889E-02   
3.3581E-02   -3.7572E-03   
3.4178E-03   -2.5720E-02   
3.9361E-02   -7.6815E-04   
3.9561E-02   -2.0398E-03   
3.6568E-02   -2.7932E-03   
5.0505E-03   -2.4891E-02   
2.2021E-02   -1.2227E-02   
1.3273E-02   -1.8727E-02   
1.5120E-02   -1.7380E-02   
4.2218E-02   -4.5666E-05   
3.7077E-02   -1.9808E-03   
4.1055E-02   -9.5678E-05   
4.0239E-02   -5.9357E-04   
4.1611E-02   -5.0740E-05   
4.3477E-02   -2.4103E-05   
3.6125E-02   -2.3334E-03   
3.7608E-02   -2.4899E-03   
4.0354E-02   -2.5495E-04   
4.0388E-02   -3.6651E-04   
3.7427E-02   -1.4391E-03   
3.3711E-02   -3.5610E-03   
4.4296E-02   -9.3830E-07   
4.1610E-02   -1.6707E-03   
2.6656E-02   -8.9220E-03   
4.0526E-02   -1.7973E-03   
4.4591E-02   -1.3778E-04   
4.4695E-02   -1.6171E-06   
4.4666E-02   -1.3641E-05   
4.4622E-02   -6.3926E-05   
3.8558E-02   -2.2404E-03   
3.3700E-02   -4.2464E-03   
4.2904E-02   -3.1609E-05   
4.2718E-02   -1.0729E-03   
4.4058E-02   -1.2650E-05   
4.3425E-02   -8.2140E-04   
4.3871E-02   -2.6858E-04   
4.4111E-02   -1.9710E-05   
4.4017E-02   -7.1960E-05   
4.3735E-02   -5.0470E-04   
3.9213E-02   -8.9344E-04   
3.6515E-02   -2.6538E-03   
4.0950E-02   -1.3511E-04   
4.1270E-02   -1.1004E-04   
4.2020E-02   -7.6118E-05   
1.5479E-03   -2.5825E-02   
3.5847E-02   -2.5450E-03   
3.8194E-02   -1.1928E-03   
2.0478E-02   -1.3344E-02   
4.0848E-02   -2.2688E-04   
4.2698E-02   -5.6205E-05   
4.1409E-02   -1.5893E-03   
5.1050E-03   -2.4802E-02   
3.5741E-02   -2.9692E-03   
2.6831E-02   -8.7675E-03   
3.7518E-02   -2.4051E-03   
3.4380E-02   -3.4327E-03   
3.9146E-02   -2.0332E-03   
3.7575E-02   -1.6008E-03   
3.1662E-02   -5.3971E-03   
4.0055E-02   -7.0723E-04   
4.0546E-02   -4.9575E-04   
3.8093E-02   -2.2691E-03   
3.7547E-02   -1.7508E-03   
4.3093E-02   -4.3677E-05   
3.7166E-02   -2.0975E-03   
4.2357E-02   -6.6175E-05   
3.1840E-02   -5.1457E-03   
4.0696E-02   -2.9459E-04   
3.7010E-02   -2.5373E-03   
3.7969E-02   -1.3799E-03   
4.1633E-02   -8.4667E-05   
4.0765E-02   -3.4078E-04   
4.3284E-02   -4.2201E-04   
4.3640E-02   -4.5837E-05   
4.3516E-02   -1.3383E-04   
4.3726E-02   -2.2463E-05   
3.9618E-02   -7.7850E-04   
4.1962E-02   -1.3134E-03   
4.2882E-02   -8.4734E-04   
4.4004E-02   -5.2639E-05   
4.3785E-02   -4.0568E-04   
4.3866E-02   -1.4825E-04   
4.3796E-02   -1.9589E-04   
3.6896E-02   -2.4284E-03   
3.0532E-02   -6.1492E-03   
4.2812E-02   -7.3579E-05   
4.0972E-02   -1.6437E-03   
3.5338E-02   -3.0151E-03   
3.7595E-02   -1.8743E-03   
3.6773E-02   -2.3252E-03   
4.0938E-02   -4.5532E-04   
4.1476E-02   -1.2750E-04   
3.8730E-02   -2.0473E-03   
4.2172E-02   -9.5646E-05   
4.3440E-02   -2.0728E-04   
4.3657E-02   -7.7848E-05   
4.1134E-02   -3.0784E-04   
3.9063E-02   -1.0322E-03   
4.1184E-02   -2.0799E-04   
3.8537E-02   -1.1930E-03   
4.3294E-02   -3.0418E-04   
4.2183E-02   -1.0430E-03   
4.0381E-02   -6.9787E-04   
3.9740E-02   -1.8289E-03   
3.8001E-02   -1.5509E-03   
3.6299E-02   -2.4526E-03   
3.7910E-02   -2.1854E-03   
4.0082E-02   -7.9112E-04   
4.3441E-02   -4.0953E-05   
4.1876E-02   -1.2259E-03   
4.3007E-02   -6.1864E-04   
3.8885E-02   -1.8443E-03   
3.8500E-02   -1.4723E-03   
3.9954E-02   -9.0709E-04   
4.0778E-02   -6.4006E-04   
3.8302E-02   -1.9703E-03   
3.7285E-02   -2.2053E-03   
4.2922E-02   -8.9883E-05   
4.1592E-02   -1.2229E-03   
4.2179E-02   -1.3066E-04   
4.2584E-02   -1.0914E-04   
3.7793E-02   -2.0879E-03   
4.1406E-02   -2.2856E-04   
4.1475E-02   -1.6787E-04   
4.1233E-02   -3.5884E-04   
3.7981E-02   -1.4712E-03   
3.8068E-02   -1.7824E-03   
4.1051E-02   -5.1319E-04   
3.9914E-02   -1.6471E-03   
3.9407E-02   -1.0364E-03   
3.8907E-02   -1.1806E-03   
3.8389E-02   -1.6200E-03   
4.0383E-02   -8.4609E-04   
4.0685E-02   -7.4373E-04   
4.0158E-02   -1.8097E-03   
4.1339E-02   -4.0909E-04   
3.8177E-02   -1.8773E-03   
4.3257E-02   -6.9493E-05   
4.1777E-02   -1.7355E-04   
4.1502E-02   -2.7946E-04   
4.0968E-02   -1.4103E-03   
4.2030E-02   -1.8587E-04   
3.8818E-02   -1.3021E-03   
3.9663E-02   -1.0556E-03   
4.0732E-02   -8.2272E-04   
3.8528E-02   -1.6832E-03   
4.1896E-02   -2.4587E-04   
4.1898E-02   -1.0204E-03   
4.1192E-02   -5.5082E-04   
4.1737E-02   -3.6117E-04   
4.0719E-02   -1.6201E-03   
4.2733E-02   -1.2656E-04   
3.9065E-02   -1.3265E-03   
3.9585E-02   -1.1718E-03   
4.3393E-02   -8.2822E-05   
4.1543E-02   -5.0668E-04   
4.2936E-02   -1.3956E-04   
3.9023E-02   -1.5650E-03   
4.1939E-02   -2.9118E-04   
4.2516E-02   -1.7516E-04   
4.1852E-02   -4.0079E-04   
3.9982E-02   -1.1515E-03   
4.2211E-02   -1.9801E-04   
4.0509E-02   -9.8826E-04   
4.1287E-02   -7.1402E-04   
4.2211E-02   -2.9752E-04   
4.1428E-02   -7.9108E-04   
3.9152E-02   -1.6441E-03   
4.0878E-02   -9.7580E-04   
3.9415E-02   -1.3486E-03   
4.0348E-02   -1.1441E-03   
4.2587E-02   -2.0758E-04   
4.3318E-02   -1.2483E-04   
4.1720E-02   -8.0018E-04   
4.1271E-02   -9.4844E-04   
4.2676E-02   -2.4140E-04   
3.9535E-02   -1.4597E-03   
4.0108E-02   -1.3309E-03   
4.2452E-02   -3.0695E-04   
4.2191E-02   -7.1186E-04   
4.1188E-02   -1.0919E-03   
4.3081E-02   -1.8937E-04   
4.2410E-02   -3.6320E-04   
4.2126E-02   -8.4322E-04   
4.3246E-02   -2.0648E-04   
4.1639E-02   -1.0087E-03   
4.1970E-02   -4.4245E-04   
4.1657E-02   -5.6308E-04   
4.1824E-02   -6.1330E-04   
4.2348E-02   -5.0424E-04   
