51 
1844 
4.3813E-03   -2.6082E-03   
5.6711E-03   -2.0836E-03   
6.7563E-03   -1.4425E-03   
7.4983E-03   -7.4218E-04   
1.1192E-36   -1.3074E-03   
7.7545E-03   -4.2007E-37   
7.8980E-03   -8.7820E-35   
8.0805E-03   -1.4309E-35   
8.4921E-03   2.1852E-35   
8.8767E-03   3.9007E-35   
9.3756E-03   9.0185E-35   
9.9954E-03   1.2812E-34   
1.0479E-02   1.5586E-34   
1.1311E-02   2.3597E-34   
1.1937E-02   2.8324E-34   
1.2620E-02   2.4497E-34   
1.2983E-02   3.7807E-34   
1.3749E-02   5.5251E-34   
1.4569E-02   7.8995E-34   
1.5000E-02   -1.1018E-30   
1.5000E-02   -1.5101E-34   
1.5000E-02   -1.5101E-34   
1.5000E-02   -1.5101E-34   
1.5000E-02   -1.5101E-34   
1.5000E-02   -1.5101E-34   
1.5000E-02   -1.5101E-34   
1.5000E-02   -1.5101E-34   
1.5000E-02   -1.5101E-34   
1.5000E-02   -1.5101E-34   
1.5000E-02   -1.5101E-34   
1.5000E-02   -1.5101E-34   
1.5000E-02   -1.5101E-34   
1.3914E-02   -7.0102E-04   
1.2619E-02   -1.4184E-03   
1.2031E-02   -1.6647E-03   
1.1453E-02   -1.8685E-03   
1.0318E-02   -2.2045E-03   
9.7563E-03   -2.3509E-03   
8.6390E-03   -2.6250E-03   
8.0834E-03   -2.7592E-03   
6.9827E-03   -3.0372E-03   
5.9041E-03   -3.3361E-03   
5.3763E-03   -3.4956E-03   
4.3586E-03   -3.8313E-03   
3.4046E-03   -4.1762E-03   
2.9559E-03   -4.3439E-03   
2.1194E-03   -4.6514E-03   
1.3586E-03   -4.8920E-03   
6.5878E-04   -5.0425E-03   
7.9108E-37   -5.0879E-03   
8.0244E-34   -4.8668E-03   
8.5584E-34   -4.6498E-03   
8.1725E-34   -4.3658E-03   
7.8024E-34   -4.2068E-03   
6.9571E-34   -3.9629E-03   
6.4034E-34   -3.8479E-03   
5.9810E-34   -3.7906E-03   
5.5343E-34   -3.8220E-03   
4.7903E-34   -3.4983E-03   
3.5000E-03   -2.6297E-03   
1.4462E-02   -3.2049E-05   
1.3903E-02   -7.5063E-05   
1.3100E-02   -1.4174E-04   
1.2444E-02   -2.0208E-04   
1.1805E-02   -2.7922E-04   
1.1099E-02   -3.2872E-04   
1.0529E-02   -3.5244E-04   
9.8134E-03   -4.1884E-04   
9.1138E-03   -4.6719E-04   
8.4221E-03   -5.1654E-04   
7.7459E-03   -5.6886E-04   
7.0505E-03   -6.4592E-04   
6.3363E-03   -8.0135E-04   
5.3727E-03   -1.1760E-03   
4.4363E-03   -1.7814E-03   
5.8511E-03   -1.5015E-03   
6.4040E-03   -7.3982E-04   
7.0120E-03   -4.5043E-04   
7.6074E-03   -3.5229E-04   
8.1928E-03   -3.1996E-04   
8.7574E-03   -3.0725E-04   
9.4200E-03   -2.7013E-04   
1.0038E-02   -2.4302E-04   
1.0619E-02   -2.1286E-04   
1.1213E-02   -2.0981E-04   
1.1877E-02   -1.6078E-04   
1.2516E-02   -1.2190E-04   
1.3142E-02   -9.3706E-05   
1.3814E-02   -4.9395E-05   
1.4400E-02   -1.8047E-05   
7.4188E-03   -3.6574E-04   
7.7099E-03   -1.7037E-04   
8.0441E-03   -1.3735E-04   
8.5251E-03   -1.2463E-04   
8.9942E-03   -1.1919E-04   
9.5793E-03   -1.2003E-04   
1.0109E-02   -1.1983E-04   
1.0642E-02   -1.1448E-04   
1.1338E-02   -8.9162E-05   
1.1923E-02   -6.9868E-05   
1.2589E-02   -5.7501E-05   
1.3249E-02   -3.8787E-05   
1.3899E-02   -2.2866E-05   
1.4500E-02   -5.9220E-06   
1.4358E-02   -5.5210E-05   
1.3746E-02   -1.2718E-04   
1.2998E-02   -2.2814E-04   
1.2319E-02   -2.9289E-04   
1.1720E-02   -3.8854E-04   
1.0982E-02   -4.6889E-04   
1.0256E-02   -5.4538E-04   
9.5718E-03   -6.0981E-04   
8.8567E-03   -6.9226E-04   
8.1907E-03   -7.7016E-04   
7.3370E-03   -8.9658E-04   
6.4256E-03   -1.0794E-03   
5.5370E-03   -1.3172E-03   
4.6138E-03   -1.6323E-03   
3.4806E-03   -2.1668E-03   
2.0123E-03   -3.0440E-03   
1.4311E-02   -8.9745E-05   
1.3785E-02   -1.7248E-04   
1.2885E-02   -3.2478E-04   
1.2297E-02   -4.2374E-04   
1.1599E-02   -5.2494E-04   
1.0756E-02   -6.6065E-04   
1.0024E-02   -7.3991E-04   
9.3109E-03   -8.2886E-04   
8.4622E-03   -9.6338E-04   
7.6606E-03   -1.1179E-03   
6.8140E-03   -1.2956E-03   
5.9494E-03   -1.4719E-03   
4.9704E-03   -1.8001E-03   
4.0180E-03   -2.1154E-03   
2.6871E-03   -2.7026E-03   
1.1183E-03   -3.4779E-03   
1.4499E-02   -8.2792E-05   
1.3534E-02   -2.7745E-04   
1.2988E-02   -3.8242E-04   
1.2317E-02   -5.2733E-04   
1.1322E-02   -7.1492E-04   
1.0612E-02   -8.4501E-04   
9.8823E-03   -9.5619E-04   
9.0094E-03   -1.1126E-03   
8.2069E-03   -1.2744E-03   
7.3546E-03   -1.4248E-03   
6.5418E-03   -1.6040E-03   
5.5291E-03   -1.8550E-03   
4.4681E-03   -2.2708E-03   
3.4383E-03   -2.6377E-03   
2.1944E-03   -3.2199E-03   
1.0110E-03   -3.6635E-03   
1.4183E-02   -1.8476E-04   
1.3608E-02   -3.3513E-04   
1.2913E-02   -5.1921E-04   
1.2212E-02   -6.9964E-04   
1.1203E-02   -9.1729E-04   
1.0398E-02   -1.0572E-03   
9.5638E-03   -1.2482E-03   
8.7614E-03   -1.4294E-03   
7.8265E-03   -1.5835E-03   
7.0625E-03   -1.7288E-03   
6.2437E-03   -1.9786E-03   
5.1545E-03   -2.3175E-03   
4.0633E-03   -2.7217E-03   
3.0058E-03   -3.1632E-03   
1.8711E-03   -3.6025E-03   
9.6904E-04   -3.8478E-03   
1.4345E-02   -2.1139E-04   
1.3555E-02   -4.7342E-04   
1.2911E-02   -6.4851E-04   
1.1897E-02   -9.3775E-04   
1.1000E-02   -1.1854E-03   
1.0212E-02   -1.3361E-03   
9.2227E-03   -1.5528E-03   
8.4765E-03   -1.7221E-03   
7.5191E-03   -1.9066E-03   
6.6684E-03   -2.1139E-03   
5.6865E-03   -2.3982E-03   
4.8605E-03   -2.6822E-03   
3.8408E-03   -3.0765E-03   
2.8172E-03   -3.4930E-03   
1.8300E-03   -3.8433E-03   
8.5625E-04   -4.0785E-03   
1.4228E-02   -2.9766E-04   
1.3354E-02   -6.2190E-04   
1.2744E-02   -8.1871E-04   
1.1553E-02   -1.2105E-03   
1.0834E-02   -1.4031E-03   
1.0012E-02   -1.6212E-03   
9.1191E-03   -1.7966E-03   
8.2048E-03   -2.0123E-03   
7.1809E-03   -2.2787E-03   
6.3228E-03   -2.5067E-03   
5.4738E-03   -2.7515E-03   
4.5685E-03   -3.0671E-03   
3.5518E-03   -3.4882E-03   
2.7059E-03   -3.7838E-03   
1.7447E-03   -4.1099E-03   
8.6474E-04   -4.3002E-03   
1.4283E-02   -3.8068E-04   
1.3524E-02   -7.2318E-04   
1.2513E-02   -1.0937E-03   
1.1626E-02   -1.4283E-03   
1.0678E-02   -1.6240E-03   
9.7519E-03   -1.8488E-03   
8.8612E-03   -2.0770E-03   
7.9628E-03   -2.3059E-03   
7.0577E-03   -2.5505E-03   
6.0694E-03   -2.8008E-03   
5.1595E-03   -3.1552E-03   
4.2321E-03   -3.4545E-03   
3.3943E-03   -3.7483E-03   
2.5188E-03   -4.0838E-03   
1.6258E-03   -4.3810E-03   
9.0347E-04   -4.5198E-03   
1.4034E-02   -6.1868E-04   
1.3105E-02   -1.1121E-03   
1.2361E-02   -1.3619E-03   
1.1175E-02   -1.7472E-03   
1.0449E-02   -1.9390E-03   
9.4309E-03   -2.1950E-03   
8.5357E-03   -2.4317E-03   
7.7397E-03   -2.5916E-03   
6.7704E-03   -2.8420E-03   
5.8373E-03   -3.1568E-03   
5.0689E-03   -3.3859E-03   
4.1320E-03   -3.7230E-03   
3.1787E-03   -4.0788E-03   
2.3431E-03   -4.3755E-03   
1.5516E-03   -4.6236E-03   
6.8724E-04   -4.8385E-03   
7.1477E-04   -1.3473E-03   
1.3719E-03   -1.4345E-03   
2.0138E-03   -1.5742E-03   
2.5744E-03   -1.7787E-03   
3.0914E-03   -1.9884E-03   
3.6019E-03   -2.2408E-03   
4.0306E-03   -2.4512E-03   
4.6106E-03   -2.6289E-03   
4.7729E-03   -2.5650E-03   
4.9232E-03   -2.4825E-03   
5.0717E-03   -2.3999E-03   
5.2215E-03   -2.3194E-03   
5.3719E-03   -2.2402E-03   
5.5220E-03   -2.1618E-03   
5.8183E-03   -2.0054E-03   
5.9632E-03   -1.9270E-03   
6.1052E-03   -1.8481E-03   
6.2440E-03   -1.7687E-03   
6.3789E-03   -1.6886E-03   
6.5096E-03   -1.6075E-03   
6.6356E-03   -1.5255E-03   
6.8716E-03   -1.3586E-03   
6.9810E-03   -1.2736E-03   
7.0843E-03   -1.1875E-03   
7.1810E-03   -1.1003E-03   
7.2711E-03   -1.0122E-03   
7.3541E-03   -9.2307E-04   
7.4299E-03   -8.3305E-04   
7.5590E-03   -6.5049E-04   
7.6119E-03   -5.5799E-04   
7.6567E-03   -4.6462E-04   
7.6902E-03   -3.7072E-04   
7.7246E-03   -2.7833E-04   
7.7397E-03   -1.8659E-04   
7.7560E-03   -9.0884E-05   
7.7988E-03   -3.6124E-34   
7.8245E-03   -3.4438E-34   
7.8445E-03   -2.6171E-34   
7.8619E-03   -1.4350E-34   
7.8789E-03   -1.1230E-34   
7.9212E-03   -6.7544E-35   
7.9498E-03   -5.0643E-35   
7.9853E-03   -3.6505E-35   
8.0286E-03   -2.4552E-35   
8.1418E-03   -5.4661E-36   
8.2131E-03   2.2148E-36   
8.2950E-03   9.0424E-36   
8.3879E-03   1.5477E-35   
8.6080E-03   2.7679E-35   
8.7362E-03   3.3423E-35   
9.0299E-03   4.5056E-35   
9.1961E-03   5.1164E-35   
9.5685E-03   9.5695E-35   
9.7751E-03   7.2775E-35   
1.0230E-02   1.3837E-34   
1.0741E-02   1.7934E-34   
1.1019E-02   2.0194E-34   
1.1617E-02   2.4171E-34   
1.2272E-02   3.1994E-34   
1.3359E-02   4.6932E-34   
1.4152E-02   4.8349E-34   
1.5000E-02   -1.5101E-34   
1.5000E-02   -1.5101E-34   
1.5000E-02   -1.5101E-34   
1.5000E-02   -1.5101E-34   
1.5000E-02   -1.5101E-34   
1.3235E-02   -1.1156E-03   
1.0884E-02   -2.0457E-03   
9.1967E-03   -2.4897E-03   
7.5312E-03   -2.8964E-03   
6.4397E-03   -3.1836E-03   
4.8608E-03   -3.6609E-03   
3.8726E-03   -4.0041E-03   
2.5274E-03   -4.5037E-03   
1.7302E-03   -4.7811E-03   
1.0017E-03   -4.9791E-03   
3.2756E-04   -5.0818E-03   
5.8991E-34   -4.9794E-03   
8.4107E-34   -4.7561E-03   
8.3310E-34   -4.5492E-03   
1.2167E-33   -4.4546E-03   
1.2389E-33   -4.2832E-03   
7.6480E-34   -4.1365E-03   
7.4643E-34   -4.0723E-03   
7.1992E-34   -4.0144E-03   
6.7587E-34   -3.9179E-03   
6.5730E-34   -3.8795E-03   
6.2641E-34   -3.8232E-03   
6.1430E-34   -3.8054E-03   
6.0658E-34   -3.7946E-03   
5.9142E-34   -3.7932E-03   
5.8407E-34   -3.8012E-03   
5.7546E-34   -3.8111E-03   
5.6521E-34   -3.8192E-03   
5.4468E-34   -3.8161E-03   
5.2939E-34   -3.7966E-03   
5.1629E-34   -3.7593E-03   
5.0481E-34   -3.6996E-03   
4.9025E-34   -3.6133E-03   
4.6433E-34   -3.3538E-03   
4.5051E-34   -3.1803E-03   
4.3455E-34   -2.9795E-03   
4.1982E-34   -2.7547E-03   
4.0630E-34   -2.5085E-03   
5.9423E-34   -2.2394E-03   
5.5331E-34   -1.9575E-03   
4.0831E-34   -1.6410E-03   
4.8810E-03   -2.4133E-03   
5.9335E-03   -1.8171E-03   
6.3568E-03   -1.5629E-03   
5.1828E-03   -2.2402E-03   
7.3761E-03   -7.9673E-04   
4.4236E-03   -2.6693E-03   
2.3560E-03   -1.9085E-03   
7.0928E-03   -1.0518E-03   
7.6447E-03   -4.5715E-04   
6.7500E-03   -1.3077E-03   
5.4863E-03   -2.0703E-03   
7.5268E-03   -6.2706E-04   
5.6373E-03   -1.9859E-03   
4.1982E-03   -2.6655E-03   
6.6246E-03   -1.3931E-03   
7.1943E-03   -9.6672E-04   
7.7765E-03   -1.2838E-04   
9.5977E-04   -1.6495E-03   
3.8473E-03   -2.5292E-03   
6.0769E-03   -1.7325E-03   
6.2167E-03   -1.6476E-03   
7.4555E-03   -7.1188E-04   
2.8912E-03   -2.1016E-03   
7.6912E-03   -3.7084E-04   
1.6889E-03   -1.7629E-03   
3.4121E-03   -2.3379E-03   
7.2889E-03   -8.8169E-04   
7.5899E-03   -5.4215E-04   
4.5844E-03   -2.5935E-03   
6.9846E-03   -1.1371E-03   
6.8702E-03   -1.2225E-03   
5.3347E-03   -2.1551E-03   
4.7317E-03   -2.5028E-03   
5.0316E-03   -2.3262E-03   
5.7868E-03   -1.9016E-03   
6.4931E-03   -1.4781E-03   
6.4026E-04   -2.3931E-03   
6.3844E-04   -2.6479E-03   
6.3337E-04   -2.8844E-03   
6.2112E-04   -3.0964E-03   
6.0218E-04   -3.2802E-03   
5.7826E-04   -3.4343E-03   
5.4655E-04   -3.5578E-03   
5.0595E-04   -3.6514E-03   
4.5782E-04   -3.7176E-03   
7.8278E-03   -6.6691E-05   
4.0557E-04   -3.7605E-03   
7.8453E-03   -5.4799E-05   
3.5296E-04   -3.7853E-03   
7.8615E-03   -4.6059E-05   
3.0366E-04   -3.7965E-03   
7.8790E-03   -3.9171E-05   
2.6101E-04   -3.7985E-03   
7.8998E-03   -3.4007E-05   
2.2694E-04   -3.7949E-03   
7.9256E-03   -3.0206E-05   
2.0274E-04   -3.7884E-03   
7.9576E-03   -2.7555E-05   
1.8969E-04   -3.7823E-03   
7.9969E-03   -2.5861E-05   
1.8824E-04   -3.7793E-03   
8.0446E-03   -2.4933E-05   
1.9193E-04   -3.7817E-03   
8.1014E-03   -2.4604E-05   
1.9728E-04   -3.7902E-03   
8.1679E-03   -2.4797E-05   
2.0336E-04   -3.8052E-03   
8.2450E-03   -2.5420E-05   
2.1045E-04   -3.8270E-03   
8.3328E-03   -2.6363E-05   
2.1854E-04   -3.8556E-03   
8.4318E-03   -2.7509E-05   
2.2685E-04   -3.8910E-03   
8.5424E-03   -2.8586E-05   
2.3501E-04   -3.9329E-03   
8.6641E-03   -3.0020E-05   
2.4287E-04   -3.9813E-03   
8.7971E-03   -3.1668E-05   
2.5013E-04   -4.0356E-03   
8.9418E-03   -3.3735E-05   
2.5979E-04   -4.0953E-03   
9.1003E-03   -3.5531E-05   
2.7084E-04   -4.1614E-03   
9.2728E-03   -3.6681E-05   
2.7565E-04   -4.2340E-03   
9.4591E-03   -3.7777E-05   
2.8050E-04   -4.3122E-03   
9.6606E-03   -3.8809E-05   
2.9804E-04   -4.3968E-03   
9.8785E-03   -3.9006E-05   
3.0678E-04   -4.4905E-03   
1.0105E-02   -3.7666E-05   
3.0582E-04   -4.5904E-03   
1.0342E-02   -3.8687E-05   
3.1394E-04   -4.6950E-03   
1.0597E-02   -3.8562E-05   
3.2747E-04   -4.8078E-03   
5.3061E-03   -2.0656E-03   
6.7552E-03   -1.1817E-03   
7.2158E-03   -8.4610E-04   
4.6924E-03   -2.4320E-03   
7.7676E-03   -1.9225E-04   
2.0558E-03   -2.0765E-03   
6.0520E-03   -1.6182E-03   
7.6777E-03   -3.7051E-04   
3.2150E-03   -2.4304E-03   
4.2354E-03   -2.7103E-03   
4.0125E-03   -2.7212E-03   
6.4885E-03   -1.3548E-03   
5.6143E-03   -1.8861E-03   
7.4852E-03   -6.0522E-04   
7.5579E-03   -5.2661E-04   
5.7649E-03   -1.7969E-03   
6.3451E-03   -1.4414E-03   
7.3137E-03   -7.6489E-04   
7.1106E-03   -9.2839E-04   
4.8445E-03   -2.3388E-03   
4.3932E-03   -2.6240E-03   
1.3080E-03   -1.9876E-03   
4.9976E-03   -2.2470E-03   
5.9091E-03   -1.7081E-03   
6.1980E-03   -1.5289E-03   
7.4036E-03   -6.8462E-04   
7.6220E-03   -4.4850E-04   
5.1518E-03   -2.1561E-03   
6.8797E-03   -1.0962E-03   
3.6575E-03   -2.6041E-03   
4.5423E-03   -2.5268E-03   
6.9984E-03   -1.0118E-03   
7.7262E-03   -2.8969E-04   
2.6718E-03   -2.2130E-03   
6.6247E-03   -1.2682E-03   
5.4608E-03   -1.9757E-03   
6.2436E-04   -2.1185E-03   
1.2932E-03   -2.5573E-03   
1.2918E-03   -2.8030E-03   
1.2610E-03   -3.0234E-03   
1.2092E-03   -3.2121E-03   
1.1523E-03   -3.3677E-03   
1.0838E-03   -3.4895E-03   
9.9967E-04   -3.5793E-03   
7.8062E-03   -8.7228E-05   
9.0303E-04   -3.6421E-03   
8.0080E-04   -3.6841E-03   
7.8136E-03   -1.1763E-04   
7.0048E-04   -3.7107E-03   
7.8274E-03   -1.0040E-04   
6.0849E-04   -3.7266E-03   
7.8431E-03   -8.4604E-05   
5.2924E-04   -3.7353E-03   
7.8614E-03   -7.2830E-05   
4.6575E-04   -3.7395E-03   
7.8840E-03   -6.4196E-05   
4.1900E-04   -3.7412E-03   
7.9125E-03   -5.7931E-05   
3.9065E-04   -3.7420E-03   
7.9481E-03   -5.3725E-05   
3.8013E-04   -3.7440E-03   
7.9916E-03   -5.1257E-05   
3.8372E-04   -3.7484E-03   
8.0439E-03   -5.0158E-05   
3.9122E-04   -3.7573E-03   
8.1060E-03   -5.0038E-05   
4.0110E-04   -3.7713E-03   
8.1788E-03   -5.0912E-05   
4.1379E-04   -3.7911E-03   
8.2617E-03   -5.2664E-05   
4.2903E-04   -3.8172E-03   
8.3559E-03   -5.4997E-05   
4.4574E-04   -3.8498E-03   
8.4630E-03   -5.6914E-05   
4.6266E-04   -3.8889E-03   
8.5795E-03   -5.8178E-05   
4.7886E-04   -3.9345E-03   
8.7019E-03   -6.2019E-05   
4.9131E-04   -3.9863E-03   
8.8371E-03   -6.5247E-05   
4.9951E-04   -4.0425E-03   
8.9854E-03   -7.0610E-05   
5.2790E-04   -4.1011E-03   
9.1514E-03   -7.3194E-05   
5.5166E-04   -4.1694E-03   
9.3318E-03   -7.4739E-05   
5.4767E-04   -4.2461E-03   
9.5254E-03   -7.7296E-05   
5.6832E-04   -4.3218E-03   
9.7423E-03   -7.8755E-05   
6.4235E-04   -4.4060E-03   
9.9770E-03   -7.7604E-05   
6.1255E-04   -4.5131E-03   
1.0194E-02   -7.1238E-05   
6.1708E-04   -4.6129E-03   
1.0425E-02   -8.4607E-05   
6.4042E-04   -4.7168E-03   
1.0867E-02   -4.0278E-05   
6.0383E-03   -1.5072E-03   
6.1969E-03   -1.4137E-03   
5.6022E-03   -1.7882E-03   
6.3492E-03   -1.3259E-03   
5.4461E-03   -1.8800E-03   
4.0453E-03   -2.7525E-03   
4.2021E-03   -2.6576E-03   
4.3533E-03   -2.5556E-03   
4.5058E-03   -2.4557E-03   
4.6597E-03   -2.3573E-03   
3.8186E-03   -2.7776E-03   
4.8151E-03   -2.2602E-03   
5.2880E-03   -1.9738E-03   
6.4960E-03   -1.2388E-03   
4.9718E-03   -2.1641E-03   
5.1298E-03   -2.0687E-03   
3.4498E-03   -2.6787E-03   
6.6363E-03   -1.1512E-03   
7.4356E-03   -5.8536E-04   
7.5180E-03   -5.1142E-04   
7.5902E-03   -4.3950E-04   
7.3440E-03   -6.6091E-04   
2.9786E-03   -2.5233E-03   
6.7706E-03   -1.0647E-03   
7.2441E-03   -7.3793E-04   
7.0210E-03   -8.9725E-04   
6.8990E-03   -9.8003E-04   
7.1363E-03   -8.1672E-04   
2.3537E-03   -2.3570E-03   
1.8128E-03   -2.2461E-03   
7.6533E-03   -3.6810E-04   
7.7091E-03   -2.9530E-04   
7.7577E-03   -2.2052E-04   
1.2806E-03   -2.3010E-03   
1.9220E-03   -2.9652E-03   
1.8108E-03   -3.1486E-03   
1.7076E-03   -3.2957E-03   
1.5947E-03   -3.4051E-03   
1.4652E-03   -3.4821E-03   
1.3242E-03   -3.5354E-03   
7.7966E-03   -1.4160E-04   
1.1803E-03   -3.5726E-03   
1.0425E-03   -3.5999E-03   
7.7758E-03   -1.6947E-04   
9.1740E-04   -3.6207E-03   
7.7918E-03   -1.3850E-04   
8.0925E-04   -3.6374E-03   
7.8076E-03   -1.1802E-04   
7.2084E-04   -3.6513E-03   
7.8269E-03   -1.0319E-04   
6.5295E-04   -3.6635E-03   
7.8516E-03   -9.2526E-05   
6.0890E-04   -3.6733E-03   
7.8836E-03   -8.4702E-05   
5.9196E-04   -3.6806E-03   
7.9230E-03   -7.9946E-05   
5.8451E-04   -3.6923E-03   
7.9700E-03   -7.7768E-05   
5.8645E-04   -3.7060E-03   
8.0276E-03   -7.6951E-05   
5.9715E-04   -3.7211E-03   
8.0967E-03   -7.7323E-05   
6.1124E-04   -3.7407E-03   
8.1745E-03   -7.9657E-05   
6.3132E-04   -3.7650E-03   
8.2630E-03   -8.3285E-05   
6.5788E-04   -3.7945E-03   
8.3669E-03   -8.6543E-05   
6.8460E-04   -3.8308E-03   
8.4869E-03   -8.8245E-05   
7.0967E-04   -3.8741E-03   
8.6033E-03   -8.6126E-05   
7.2969E-04   -3.9246E-03   
8.7129E-03   -1.0031E-04   
7.3450E-04   -3.9821E-03   
7.1804E-04   -4.0386E-03   
8.3019E-04   -4.1716E-03   
9.3666E-03   -1.1574E-04   
9.0214E-04   -4.4313E-03   
9.2314E-04   -4.6115E-03   
9.8183E-03   -1.2116E-04   
1.1165E-02   -4.2564E-05   
7.6207E-03   -3.6621E-04   
7.6825E-03   -2.9946E-04   
7.7392E-03   -2.3100E-04   
5.7436E-03   -1.6136E-03   
5.6037E-03   -1.6906E-03   
3.8434E-03   -2.7978E-03   
3.6019E-03   -2.8399E-03   
4.4765E-03   -2.3814E-03   
4.0077E-03   -2.6945E-03   
4.6344E-03   -2.2796E-03   
4.1642E-03   -2.5885E-03   
5.4438E-03   -1.7840E-03   
6.3685E-03   -1.2207E-03   
4.3202E-03   -2.4843E-03   
7.3798E-03   -5.6779E-04   
7.2783E-03   -6.4096E-04   
4.7940E-03   -2.1787E-03   
4.9553E-03   -2.0785E-03   
6.9266E-03   -8.7340E-04   
7.0513E-03   -7.9344E-04   
7.4728E-03   -4.9618E-04   
3.1844E-03   -2.7607E-03   
7.5527E-03   -4.3025E-04   
5.2809E-03   -1.8808E-03   
6.7953E-03   -9.5651E-04   
5.1180E-03   -1.9792E-03   
7.1687E-03   -7.1610E-04   
6.5152E-03   -1.1307E-03   
6.6579E-03   -1.0425E-03   
2.3819E-03   -3.0873E-03   
2.2231E-03   -3.2162E-03   
2.0663E-03   -3.3024E-03   
1.8980E-03   -3.3604E-03   
1.7240E-03   -3.4015E-03   
1.5526E-03   -3.4333E-03   
1.3908E-03   -3.4605E-03   
1.2436E-03   -3.4854E-03   
7.7795E-03   -1.7509E-04   
7.7280E-03   -2.0140E-04   
1.1141E-03   -3.5093E-03   
7.7400E-03   -1.7172E-04   
1.0047E-03   -3.5325E-03   
7.7564E-03   -1.4850E-04   
9.1638E-04   -3.5554E-03   
7.7768E-03   -1.3229E-04   
8.5089E-04   -3.5771E-03   
7.8038E-03   -1.2092E-04   
8.1230E-04   -3.5952E-03   
7.8415E-03   -1.1162E-04   
8.2981E-04   -3.6006E-03   
7.8821E-03   -1.0817E-04   
7.9219E-04   -3.6333E-03   
7.9318E-03   -1.0703E-04   
7.9557E-04   -3.6538E-03   
7.9987E-03   -1.0638E-04   
8.0872E-04   -3.6762E-03   
8.0742E-03   -1.0716E-04   
8.5884E-04   -3.7272E-03   
9.7127E-04   -3.9794E-03   
8.2475E-03   -1.1865E-04   
9.0382E-04   -3.7578E-03   
9.3784E-04   -3.7993E-03   
9.9341E-04   -3.9057E-03   
8.8659E-03   -9.6980E-05   
9.2020E-03   -1.0779E-04   
9.3904E-03   -1.6268E-04   
8.3691E-03   -1.2261E-04   
1.2303E-03   -4.4944E-03   
9.6216E-03   -1.6609E-04   
9.4902E-04   -4.3526E-03   
8.6451E-03   -1.4184E-04   
1.1529E-03   -4.0797E-03   
7.7098E-03   -2.4231E-04   
7.6438E-03   -3.0853E-04   
7.5838E-03   -3.6725E-04   
6.1051E-03   -1.2924E-03   
6.0553E-03   -1.3940E-03   
6.2392E-03   -1.2097E-03   
5.4608E-03   -1.6878E-03   
7.4208E-03   -4.8378E-04   
3.8070E-03   -2.7327E-03   
7.5150E-03   -4.1508E-04   
3.6236E-03   -2.8465E-03   
3.3534E-03   -2.9115E-03   
3.9752E-03   -2.6226E-03   
4.4551E-03   -2.3047E-03   
4.2948E-03   -2.4106E-03   
5.2871E-03   -1.7872E-03   
4.1364E-03   -2.5160E-03   
4.6178E-03   -2.1995E-03   
6.3915E-03   -1.1191E-03   
6.9617E-03   -7.7644E-04   
7.3175E-03   -5.5424E-04   
4.7825E-03   -2.0950E-03   
7.0881E-03   -6.9965E-04   
7.2068E-03   -6.2583E-04   
6.8279E-03   -8.5701E-04   
4.9492E-03   -1.9913E-03   
5.1176E-03   -1.8887E-03   
6.6877E-03   -9.4129E-04   
6.5418E-03   -1.0290E-03   
2.3260E-03   -2.7066E-03   
2.6601E-03   -3.1324E-03   
2.4808E-03   -3.1830E-03   
2.2926E-03   -3.2202E-03   
2.1038E-03   -3.2498E-03   
1.9203E-03   -3.2761E-03   
1.7472E-03   -3.3021E-03   
1.5879E-03   -3.3290E-03   
1.4449E-03   -3.3573E-03   
7.6536E-03   -2.4042E-04   
1.3206E-03   -3.3865E-03   
7.6746E-03   -2.0131E-04   
1.2169E-03   -3.4164E-03   
1.1317E-03   -3.4480E-03   
7.6913E-03   -1.7794E-04   
7.7112E-03   -1.6232E-04   
1.0595E-03   -3.4831E-03   
7.7365E-03   -1.5296E-04   
9.9384E-04   -3.5481E-03   
7.8104E-03   -1.4412E-04   
1.0074E-03   -3.5651E-03   
7.9614E-03   -1.3908E-04   
7.8830E-03   -1.3997E-04   
1.0222E-03   -3.5922E-03   
1.1309E-03   -3.6646E-03   
8.2262E-04   -3.7024E-03   
1.1686E-03   -3.7092E-03   
1.2128E-03   -3.7546E-03   
1.1674E-03   -4.3490E-03   
1.1596E-03   -4.2679E-03   
1.2588E-03   -3.8069E-03   
8.2208E-03   -1.6029E-04   
8.7961E-03   -1.3140E-04   
8.4984E-03   -1.7474E-04   
9.1558E-03   -1.5500E-04   
8.3541E-03   -1.6528E-04   
8.1526E-03   -1.1279E-04   
1.3138E-03   -3.8711E-03   
1.0920E-03   -4.1893E-03   
1.2232E-03   -3.9786E-03   
9.8632E-03   -1.6822E-04   
1.1636E-03   -4.5988E-03   
1.1225E-03   -4.4318E-03   
9.4118E-03   -2.1362E-04   
5.9278E-03   -1.3519E-03   
7.6655E-03   -2.6194E-04   
7.4637E-03   -4.0847E-04   
3.7876E-03   -2.6546E-03   
7.3581E-03   -4.7778E-04   
3.6035E-03   -2.7685E-03   
3.0956E-03   -2.9959E-03   
5.3071E-03   -1.6912E-03   
4.2772E-03   -2.3350E-03   
4.1154E-03   -2.4430E-03   
3.9571E-03   -2.5487E-03   
6.2641E-03   -1.1209E-03   
4.4427E-03   -2.2261E-03   
7.0030E-03   -6.8873E-04   
4.6108E-03   -2.1176E-03   
7.1298E-03   -6.1562E-04   
7.2477E-03   -5.4574E-04   
6.8677E-03   -7.6616E-04   
4.7815E-03   -2.0099E-03   
5.1289E-03   -1.7970E-03   
6.4221E-03   -1.0251E-03   
6.7252E-03   -8.4810E-04   
4.9545E-03   -1.9031E-03   
6.5762E-03   -9.3461E-04   
3.0129E-03   -3.0192E-03   
2.8437E-03   -3.0460E-03   
5.6986E-03   -1.4756E-03   
2.6560E-03   -3.0690E-03   
5.4954E-03   -1.5842E-03   
2.4659E-03   -3.0907E-03   
2.2819E-03   -3.1119E-03   
2.1070E-03   -3.1348E-03   
1.9432E-03   -3.1607E-03   
1.7934E-03   -3.1896E-03   
1.6597E-03   -3.2211E-03   
1.2571E-03   -3.4377E-03   
7.5872E-03   -2.5797E-04   
1.5449E-03   -3.2544E-03   
1.4482E-03   -3.2901E-03   
7.5998E-03   -2.2923E-04   
1.3640E-03   -3.3313E-03   
7.6125E-03   -2.0907E-04   
7.6279E-03   -1.9651E-04   
1.0075E-03   -3.5154E-03   
7.7528E-03   -1.7871E-04   
1.2648E-03   -3.4757E-03   
1.2212E-03   -3.5904E-03   
8.6930E-03   -1.8277E-04   
8.3145E-03   -2.1481E-04   
7.9265E-03   -1.7831E-04   
1.4506E-03   -3.6486E-03   
7.8273E-03   -1.7722E-04   
1.5170E-03   -3.6917E-03   
1.0255E-03   -3.6279E-03   
1.4005E-03   -4.3555E-03   
1.5660E-03   -3.7447E-03   
8.9187E-03   -1.7429E-04   
1.4915E-03   -3.9694E-03   
1.4312E-03   -4.0705E-03   
8.0921E-03   -1.5651E-04   
1.4504E-03   -4.2453E-03   
1.3971E-03   -3.6083E-03   
8.1831E-03   -2.0721E-04   
9.6493E-03   -2.1628E-04   
9.1915E-03   -2.0792E-04   
7.4906E-03   -3.5140E-04   
7.3923E-03   -4.1451E-04   
7.5774E-03   -3.2624E-04   
3.4256E-03   -2.8009E-03   
3.7989E-03   -2.5788E-03   
6.1263E-03   -1.1306E-03   
4.0993E-03   -2.3698E-03   
7.2859E-03   -4.7784E-04   
3.9344E-03   -2.4807E-03   
4.2680E-03   -2.2580E-03   
2.6815E-03   -2.9043E-03   
4.4396E-03   -2.1461E-03   
5.1528E-03   -1.7045E-03   
6.9136E-03   -6.8374E-04   
7.1711E-03   -5.4313E-04   
7.0472E-03   -6.1133E-04   
6.2967E-03   -1.0302E-03   
4.6142E-03   -2.0346E-03   
6.7696E-03   -7.6265E-04   
4.7914E-03   -1.9239E-03   
4.9711E-03   -1.8140E-03   
6.4604E-03   -9.3585E-04   
6.6181E-03   -8.4688E-04   
5.3431E-03   -1.5932E-03   
3.1777E-03   -2.9094E-03   
2.9978E-03   -2.9174E-03   
2.8081E-03   -2.9342E-03   
3.3749E-03   -2.9022E-03   
2.6302E-03   -2.9499E-03   
5.5422E-03   -1.4798E-03   
5.7485E-03   -1.3625E-03   
2.4609E-03   -2.9673E-03   
7.5643E-03   -2.9563E-04   
5.9459E-03   -1.2439E-03   
2.3001E-03   -2.9886E-03   
2.1498E-03   -3.0142E-03   
1.8911E-03   -3.0773E-03   
7.5082E-03   -2.8392E-04   
1.7889E-03   -3.1125E-03   
1.7089E-03   -3.1487E-03   
7.5090E-03   -2.6206E-04   
7.5184E-03   -2.4432E-04   
1.4341E-03   -3.3231E-03   
1.3003E-03   -3.5133E-03   
7.6748E-03   -2.1986E-04   
8.0635E-03   -2.0160E-04   
1.7496E-03   -3.5693E-03   
1.2596E-03   -3.3938E-03   
8.4553E-03   -2.2607E-04   
1.5399E-03   -3.3241E-03   
8.1249E-03   -2.5999E-04   
1.3720E-03   -3.5712E-03   
1.7560E-03   -3.9538E-03   
1.6625E-03   -3.5389E-03   
1.6322E-03   -3.7826E-03   
7.9633E-03   -2.0113E-04   
9.0085E-03   -2.0432E-04   
7.7488E-03   -2.2274E-04   
1.5647E-03   -3.8666E-03   
1.4256E-03   -4.1591E-03   
9.1895E-03   -2.6368E-04   
9.8710E-03   -2.1511E-04   
1.4406E-03   -4.5319E-03   
1.8007E-03   -4.2125E-03   
8.8514E-03   -1.5039E-04   
7.3168E-03   -4.2340E-04   
3.7255E-03   -2.5360E-03   
5.1895E-03   -1.6115E-03   
3.9182E-03   -2.4097E-03   
4.0932E-03   -2.2944E-03   
7.2080E-03   -4.8418E-04   
4.2685E-03   -2.1798E-03   
6.1659E-03   -1.0438E-03   
6.9641E-03   -6.1051E-04   
7.0929E-03   -5.4543E-04   
4.4470E-03   -2.0651E-03   
6.8205E-03   -6.8492E-04   
4.9988E-03   -1.7248E-03   
4.6286E-03   -1.9509E-03   
6.3396E-03   -9.4528E-04   
4.8128E-03   -1.8375E-03   
6.6673E-03   -7.6597E-04   
6.5066E-03   -8.5298E-04   
3.3251E-03   -2.7647E-03   
3.1109E-03   -2.7926E-03   
7.5027E-03   -3.1197E-04   
2.9513E-03   -2.8000E-03   
5.7916E-03   -1.2627E-03   
5.3883E-03   -1.4960E-03   
5.9836E-03   -1.1499E-03   
2.7969E-03   -2.8083E-03   
2.6453E-03   -2.8216E-03   
5.5909E-03   -1.3793E-03   
2.5012E-03   -2.8400E-03   
2.3675E-03   -2.8634E-03   
2.2464E-03   -2.8921E-03   
7.5316E-03   -2.3392E-04   
2.1431E-03   -2.9236E-03   
1.6437E-03   -3.1929E-03   
2.0663E-03   -2.9536E-03   
7.3953E-03   -3.2625E-04   
7.9000E-03   -2.4408E-04   
7.4020E-03   -2.9992E-04   
1.5631E-03   -3.3591E-03   
1.5217E-03   -3.4745E-03   
7.6116E-03   -2.2158E-04   
1.5708E-03   -3.2753E-03   
7.8207E-03   -2.3339E-04   
1.9235E-03   -3.4558E-03   
1.9094E-03   -3.7279E-03   
1.6039E-03   -3.5017E-03   
1.8167E-03   -3.6908E-03   
7.5757E-03   -2.7000E-04   
8.7839E-03   -2.3666E-04   
2.1016E-03   -3.8169E-03   
8.9832E-03   -2.5454E-04   
1.6742E-03   -4.0511E-03   
9.1734E-03   -3.2578E-04   
1.8064E-03   -4.4284E-03   
9.6996E-03   -2.7358E-04   
1.0100E-02   -1.7995E-04   
2.0357E-03   -4.2517E-03   
8.5711E-03   -2.4635E-04   
7.3455E-03   -3.7740E-04   
3.5947E-03   -2.6745E-03   
3.7461E-03   -2.4446E-03   
3.9196E-03   -2.3325E-03   
5.0369E-03   -1.6362E-03   
4.0974E-03   -2.2173E-03   
7.1363E-03   -4.9427E-04   
7.0246E-03   -5.4344E-04   
4.2794E-03   -2.1007E-03   
3.3277E-03   -2.6855E-03   
6.8799E-03   -6.1314E-04   
6.2148E-03   -9.6141E-04   
4.4653E-03   -1.9836E-03   
4.8440E-03   -1.7514E-03   
6.7241E-03   -6.9133E-04   
4.6540E-03   -1.8671E-03   
6.3910E-03   -8.6534E-04   
6.5608E-03   -7.7542E-04   
3.2272E-03   -2.6729E-03   
5.2359E-03   -1.5195E-03   
5.8402E-03   -1.1720E-03   
6.0310E-03   -1.0639E-03   
3.1016E-03   -2.6655E-03   
5.6414E-03   -1.2857E-03   
2.9622E-03   -2.6697E-03   
2.8309E-03   -2.6776E-03   
5.4387E-03   -1.4021E-03   
7.4349E-03   -3.3153E-04   
2.4930E-03   -2.7359E-03   
2.7076E-03   -2.6909E-03   
7.4089E-03   -2.8488E-04   
2.5943E-03   -2.7105E-03   
7.6360E-03   -1.9419E-04   
1.8218E-03   -3.1211E-03   
2.0187E-03   -2.9819E-03   
1.8460E-03   -3.1471E-03   
2.4155E-03   -2.7615E-03   
7.2805E-03   -3.6183E-04   
7.6453E-03   -2.7750E-04   
7.5122E-03   -2.6819E-04   
1.8081E-03   -3.2084E-03   
1.9056E-03   -3.4005E-03   
2.1075E-03   -3.5850E-03   
8.9604E-03   -3.1672E-04   
7.7212E-03   -2.8866E-04   
1.8525E-03   -3.3532E-03   
8.3802E-03   -2.8474E-04   
2.1865E-03   -3.6974E-03   
8.5281E-03   -3.0781E-04   
2.0180E-03   -3.9480E-03   
1.6128E-03   -3.3810E-03   
9.4088E-03   -3.3335E-04   
8.0032E-03   -2.5199E-04   
1.0365E-02   -1.4173E-04   
2.2531E-03   -4.0747E-03   
3.4371E-03   -2.5880E-03   
7.2324E-03   -4.3861E-04   
3.7509E-03   -2.3696E-03   
3.9300E-03   -2.2555E-03   
4.1139E-03   -2.1391E-03   
4.8848E-03   -1.6665E-03   
7.1171E-03   -4.6989E-04   
3.5961E-03   -2.5355E-03   
6.9505E-03   -5.4465E-04   
5.0846E-03   -1.5487E-03   
4.3028E-03   -2.0204E-03   
6.7881E-03   -6.2238E-04   
4.4957E-03   -1.9013E-03   
4.6900E-03   -1.7832E-03   
6.2712E-03   -8.8359E-04   
6.6223E-03   -7.0325E-04   
6.4497E-03   -7.8997E-04   
3.3775E-03   -2.5387E-03   
5.6970E-03   -1.1984E-03   
6.0861E-03   -9.8331E-04   
5.8945E-03   -1.0884E-03   
7.5623E-03   -2.2544E-04   
3.2328E-03   -2.5421E-03   
5.2884E-03   -1.4305E-03   
3.1218E-03   -2.5374E-03   
5.4935E-03   -1.3131E-03   
7.2828E-03   -3.4244E-04   
2.8216E-03   -2.5616E-03   
3.0148E-03   -2.5380E-03   
2.7453E-03   -2.5815E-03   
2.9141E-03   -2.5461E-03   
2.2249E-03   -2.9740E-03   
7.2592E-03   -3.9591E-04   
7.4165E-03   -2.7799E-04   
2.3635E-03   -2.7866E-03   
7.7977E-03   -1.3606E-04   
2.1578E-03   -3.1543E-03   
7.4588E-03   -2.7136E-04   
7.9222E-03   -3.1057E-04   
7.8112E-03   -2.9993E-04   
7.5283E-03   -3.3876E-04   
7.4584E-03   -3.2863E-04   
8.2609E-03   -3.5105E-04   
7.3959E-03   -3.2305E-04   
1.8047E-03   -3.3194E-03   
2.2731E-03   -3.2738E-03   
1.9993E-03   -3.0048E-03   
2.1643E-03   -2.9524E-03   
2.2835E-03   -3.4422E-03   
8.5634E-03   -3.6187E-04   
2.2593E-03   -3.5934E-03   
1.9189E-03   -3.2048E-03   
9.1486E-03   -3.9381E-04   
2.1005E-03   -4.0285E-03   
1.0699E-02   -7.3125E-05   
2.4550E-03   -3.6574E-03   
1.0332E-02   -1.9628E-04   
8.9299E-03   -3.8472E-04   
8.2561E-03   -2.6849E-04   
2.3843E-03   -3.7722E-03   
3.5801E-03   -2.4803E-03   
3.7693E-03   -2.2917E-03   
3.9544E-03   -2.1783E-03   
4.9342E-03   -1.5832E-03   
7.0260E-03   -4.7784E-04   
4.1420E-03   -2.0605E-03   
4.7348E-03   -1.7008E-03   
6.8547E-03   -5.6025E-04   
4.3387E-03   -1.9392E-03   
4.5372E-03   -1.8189E-03   
6.6915E-03   -6.3653E-04   
5.7575E-03   -1.1176E-03   
6.3330E-03   -8.1077E-04   
6.5168E-03   -7.1910E-04   
6.1456E-03   -9.0909E-04   
3.4359E-03   -2.4443E-03   
5.9544E-03   -1.0109E-03   
7.1695E-03   -4.2002E-04   
5.1387E-03   -1.4643E-03   
5.5533E-03   -1.2298E-03   
3.3710E-03   -2.4209E-03   
5.3459E-03   -1.3459E-03   
3.2829E-03   -2.4084E-03   
3.0475E-03   -2.4195E-03   
3.1167E-03   -2.4086E-03   
7.1562E-03   -4.0525E-04   
3.1964E-03   -2.4048E-03   
7.2836E-03   -3.3173E-04   
7.6918E-03   -1.8603E-04   
2.6834E-03   -2.6075E-03   
7.3425E-03   -3.2238E-04   
7.3262E-03   -3.9519E-04   
2.1611E-03   -2.9270E-03   
7.4077E-03   -2.8368E-04   
7.2638E-03   -3.8645E-04   
7.3945E-03   -4.0897E-04   
2.4631E-03   -3.0445E-03   
8.0554E-03   -3.1849E-04   
7.7037E-03   -3.6609E-04   
2.3506E-03   -2.8037E-03   
8.0011E-03   -3.8825E-04   
2.5218E-03   -3.4271E-03   
2.0910E-03   -3.4445E-03   
2.5791E-03   -3.0523E-03   
2.3768E-03   -2.9666E-03   
8.8901E-03   -4.5895E-04   
9.3767E-03   -4.0295E-04   
2.5819E-03   -3.5111E-03   
2.3840E-03   -3.8642E-03   
1.0558E-02   -1.6139E-04   
2.6707E-03   -3.6248E-03   
3.5850E-03   -2.4064E-03   
3.8150E-03   -2.2143E-03   
4.7864E-03   -1.6213E-03   
3.9788E-03   -2.1061E-03   
6.9031E-03   -5.1670E-04   
4.9899E-03   -1.5031E-03   
4.1797E-03   -1.9821E-03   
4.5855E-03   -1.7390E-03   
6.7638E-03   -5.7794E-04   
5.8225E-03   -1.0434E-03   
4.3829E-03   -1.8592E-03   
5.6186E-03   -1.1522E-03   
3.6090E-03   -2.3193E-03   
6.5988E-03   -6.5313E-04   
6.2063E-03   -8.4340E-04   
6.0174E-03   -9.4103E-04   
3.5257E-03   -2.2947E-03   
5.4090E-03   -1.2665E-03   
5.1983E-03   -1.3841E-03   
7.1492E-03   -3.9146E-04   
7.3022E-03   -3.2577E-04   
3.3163E-03   -2.2794E-03   
3.4447E-03   -2.2844E-03   
2.4644E-03   -2.7641E-03   
3.3758E-03   -2.2786E-03   
7.2849E-03   -3.2876E-04   
2.9878E-03   -2.4392E-03   
2.8263E-03   -2.8598E-03   
7.1174E-03   -4.5841E-04   
2.6267E-03   -2.6418E-03   
7.1774E-03   -4.7119E-04   
7.2086E-03   -3.8273E-04   
7.4733E-03   -4.2679E-04   
2.6034E-03   -2.9094E-03   
3.0147E-03   -3.4926E-03   
2.7570E-03   -3.0422E-03   
8.1038E-03   -4.2865E-04   
7.8291E-03   -3.7877E-04   
9.3434E-03   -4.7468E-04   
2.6061E-03   -2.7955E-03   
2.6950E-03   -3.6922E-03   
8.6742E-03   -4.4884E-04   
9.6368E-03   -3.4565E-04   
2.8579E-03   -3.3220E-03   
2.5628E-03   -3.2291E-03   
2.6658E-03   -3.2702E-03   
8.8406E-03   -5.4050E-04   
7.0154E-03   -4.5682E-04   
4.8428E-03   -1.5456E-03   
4.6394E-03   -1.6628E-03   
3.7816E-03   -2.1727E-03   
6.5303E-03   -6.6576E-04   
7.1416E-03   -3.8477E-04   
4.0134E-03   -2.0320E-03   
5.6894E-03   -1.0809E-03   
6.8488E-03   -5.2077E-04   
5.8917E-03   -9.7634E-04   
6.6764E-03   -5.9906E-04   
4.2236E-03   -1.9050E-03   
5.4782E-03   -1.1925E-03   
5.0507E-03   -1.4273E-03   
5.2637E-03   -1.3088E-03   
3.6751E-03   -2.1740E-03   
6.2496E-03   -7.9841E-04   
6.0838E-03   -8.7958E-04   
3.5581E-03   -2.1569E-03   
3.6098E-03   -2.1641E-03   
2.9169E-03   -2.4773E-03   
3.2660E-03   -2.2889E-03   
7.1425E-03   -3.8530E-04   
2.9507E-03   -2.5983E-03   
7.1625E-03   -3.8380E-04   
6.9578E-03   -5.3924E-04   
2.8024E-03   -2.7380E-03   
7.0618E-03   -4.5152E-04   
7.2410E-03   -4.9012E-04   
8.4533E-03   -4.3722E-04   
7.5755E-03   -4.4483E-04   
3.0117E-03   -2.8411E-03   
2.7856E-03   -2.5640E-03   
2.4742E-03   -2.7919E-03   
8.3511E-03   -3.9086E-04   
7.8525E-03   -4.8171E-04   
2.9578E-03   -3.0063E-03   
3.0303E-03   -3.5913E-03   
3.2002E-03   -3.3114E-03   
3.0384E-03   -2.6761E-03   
8.7251E-03   -3.7403E-04   
9.0813E-03   -5.4248E-04   
9.6023E-03   -4.1200E-04   
9.8678E-03   -3.0220E-04   
2.9781E-03   -3.0715E-03   
3.2133E-03   -3.1520E-03   
6.5800E-03   -6.2896E-04   
4.4880E-03   -1.7111E-03   
4.6916E-03   -1.5941E-03   
6.9826E-03   -4.4764E-04   
6.1696E-03   -8.1864E-04   
5.9706E-03   -9.1433E-04   
6.7250E-03   -5.6562E-04   
4.9008E-03   -1.4761E-03   
5.7666E-03   -1.0157E-03   
5.5544E-03   -1.1242E-03   
4.2823E-03   -1.8292E-03   
5.3361E-03   -1.2388E-03   
5.1167E-03   -1.3569E-03   
3.8690E-03   -2.0781E-03   
3.8280E-03   -2.0595E-03   
3.7822E-03   -2.0466E-03   
3.5170E-03   -2.1567E-03   
3.2128E-03   -2.3128E-03   
4.0511E-03   -1.9573E-03   
6.9979E-03   -4.4863E-04   
6.8533E-03   -5.2448E-04   
6.3832E-03   -7.2089E-04   
6.9022E-03   -5.2917E-04   
3.0226E-03   -2.5104E-03   
2.8361E-03   -2.5729E-03   
3.3014E-03   -2.8522E-03   
7.0155E-03   -5.5534E-04   
3.1450E-03   -2.3593E-03   
6.9549E-03   -4.6036E-04   
3.3088E-03   -2.6123E-03   
7.3063E-03   -5.1799E-04   
3.2624E-03   -2.4816E-03   
7.9734E-03   -5.0202E-04   
8.2425E-03   -5.1469E-04   
7.7111E-03   -4.6099E-04   
1.0101E-02   -2.9838E-04   
3.4772E-03   -2.9459E-03   
3.3774E-03   -2.9038E-03   
3.4319E-03   -3.2765E-03   
8.8143E-03   -6.2272E-04   
3.0919E-03   -3.6811E-03   
9.2990E-03   -5.4864E-04   
9.8648E-03   -3.5599E-04   
6.6724E-03   -5.7954E-04   
4.5331E-03   -1.6517E-03   
4.3317E-03   -1.7674E-03   
6.0607E-03   -8.5565E-04   
6.8391E-03   -5.1082E-04   
5.8528E-03   -9.5558E-04   
4.7450E-03   -1.5329E-03   
5.6393E-03   -1.0611E-03   
4.9656E-03   -1.4120E-03   
5.4171E-03   -1.1738E-03   
3.9918E-03   -1.9468E-03   
5.1906E-03   -1.2917E-03   
3.7500E-03   -2.0374E-03   
6.4793E-03   -6.6358E-04   
6.6809E-03   -6.0829E-04   
4.1634E-03   -1.8662E-03   
3.4336E-03   -2.1974E-03   
3.7244E-03   -2.0367E-03   
3.2806E-03   -2.3353E-03   
6.2703E-03   -7.5808E-04   
6.7373E-03   -6.1314E-04   
7.9746E-03   -5.6697E-04   
6.8022E-03   -5.2129E-04   
6.7938E-03   -6.2487E-04   
3.3430E-03   -2.3629E-03   
7.0647E-03   -5.8092E-04   
7.4177E-03   -5.4048E-04   
6.8066E-03   -5.2754E-04   
3.7808E-03   -2.7268E-03   
3.4594E-03   -2.4517E-03   
3.7137E-03   -2.4427E-03   
8.1852E-03   -4.7148E-04   
1.0158E-02   -3.6544E-04   
3.7076E-03   -2.6685E-03   
7.5773E-03   -5.5546E-04   
8.1576E-03   -5.9107E-04   
8.5352E-03   -7.2545E-04   
3.6433E-03   -2.9572E-03   
3.6343E-03   -3.0759E-03   
8.4957E-03   -6.3607E-04   
1.0295E-02   -2.4635E-04   
9.5755E-03   -4.8085E-04   
2.6598E-03   -3.9054E-03   
3.1761E-03   -2.8364E-03   
4.3613E-03   -1.7224E-03   
4.1632E-03   -1.8385E-03   
5.9487E-03   -8.9999E-04   
6.5936E-03   -6.0858E-04   
5.7330E-03   -1.0034E-03   
4.8062E-03   -1.4774E-03   
3.9677E-03   -1.9300E-03   
5.5074E-03   -1.1144E-03   
3.6978E-03   -2.0516E-03   
5.0393E-03   -1.3537E-03   
3.3755E-03   -2.2475E-03   
5.2741E-03   -1.2322E-03   
6.1616E-03   -8.0077E-04   
3.9571E-03   -1.9158E-03   
6.5009E-03   -7.0073E-04   
6.7551E-03   -5.4216E-04   
6.3710E-03   -7.0611E-04   
6.6362E-03   -6.0640E-04   
6.5959E-03   -6.9011E-04   
6.8531E-03   -6.4127E-04   
4.1114E-03   -2.5024E-03   
3.6717E-03   -2.2830E-03   
3.7823E-03   -2.4810E-03   
3.6549E-03   -2.4069E-03   
7.6435E-03   -6.6389E-04   
9.5094E-03   -5.5124E-04   
3.6321E-03   -3.2671E-03   
3.6118E-03   -2.1836E-03   
3.5822E-03   -2.6431E-03   
7.4528E-03   -6.5490E-04   
8.3577E-03   -5.9202E-04   
1.0376E-02   -2.8505E-04   
9.8741E-03   -4.8716E-04   
8.5884E-03   -7.9899E-04   
4.0695E-03   -2.8778E-03   
2.9881E-03   -3.8482E-03   
7.2683E-03   -6.4742E-04   
2.4200E-03   -3.9335E-03   
5.8358E-03   -9.5124E-04   
6.6087E-03   -6.0608E-04   
6.0537E-03   -8.4954E-04   
5.6090E-03   -1.0600E-03   
4.8807E-03   -1.4262E-03   
4.1706E-03   -1.8101E-03   
3.0870E-03   -2.4117E-03   
3.6579E-03   -2.0880E-03   
6.2678E-03   -7.5228E-04   
3.9565E-03   -1.9107E-03   
6.4489E-03   -6.9731E-04   
4.5778E-03   -1.6014E-03   
5.1261E-03   -1.3000E-03   
4.0372E-03   -2.4235E-03   
3.9615E-03   -2.2666E-03   
6.6119E-03   -7.1826E-04   
3.8251E-03   -2.2679E-03   
3.6084E-03   -2.1438E-03   
3.6676E-03   -2.1967E-03   
3.5709E-03   -2.2859E-03   
4.1037E-03   -2.2788E-03   
4.1328E-03   -2.5934E-03   
7.8420E-03   -6.7891E-04   
9.2119E-03   -6.4100E-04   
7.3209E-03   -7.6172E-04   
6.2178E-03   -8.1134E-04   
6.9522E-03   -7.5730E-04   
8.0816E-03   -6.9648E-04   
4.0377E-03   -3.0801E-03   
3.2987E-03   -3.4186E-03   
7.1398E-03   -7.5488E-04   
8.6148E-03   -5.3073E-04   
4.2406E-03   -2.8918E-03   
3.9414E-03   -2.8627E-03   
8.9071E-03   -7.6412E-04   
8.2568E-03   -8.4466E-04   
5.9479E-03   -9.0355E-04   
5.7299E-03   -1.0061E-03   
6.4053E-03   -6.9799E-04   
3.9397E-03   -1.9304E-03   
6.4490E-03   -6.7231E-04   
6.1646E-03   -8.0438E-04   
5.4892E-03   -1.1223E-03   
4.1937E-03   -1.7848E-03   
4.9728E-03   -1.3782E-03   
5.2297E-03   -1.2496E-03   
4.2995E-03   -2.1068E-03   
4.1603E-03   -2.1084E-03   
4.3969E-03   -1.6837E-03   
3.8226E-03   -2.0512E-03   
3.8855E-03   -1.9861E-03   
3.9249E-03   -2.0366E-03   
4.6358E-03   -1.5547E-03   
6.7100E-03   -7.3317E-04   
6.0146E-03   -9.2636E-04   
6.8308E-03   -8.6313E-04   
3.8924E-03   -2.1154E-03   
6.7146E-03   -7.9769E-04   
4.2916E-03   -2.6880E-03   
7.5006E-03   -7.7602E-04   
4.4862E-03   -2.3720E-03   
3.3331E-03   -3.1697E-03   
4.4537E-03   -2.8862E-03   
6.3787E-03   -8.3734E-04   
7.0008E-03   -8.6648E-04   
4.4455E-03   -2.1756E-03   
4.4676E-03   -2.7014E-03   
3.8101E-03   -3.2807E-03   
8.3278E-03   -9.1598E-04   
9.2541E-03   -7.3079E-04   
5.8619E-03   -9.5285E-04   
6.0612E-03   -8.6188E-04   
4.7174E-03   -1.5087E-03   
4.0764E-03   -1.9142E-03   
5.0809E-03   -1.3341E-03   
4.2316E-03   -1.9573E-03   
4.2462E-03   -1.7599E-03   
6.0715E-03   -9.4379E-04   
4.4558E-03   -1.6452E-03   
4.2088E-03   -1.8073E-03   
6.9205E-03   -6.5002E-04   
5.3561E-03   -1.2004E-03   
6.2589E-03   -7.7248E-04   
4.3571E-03   -1.9531E-03   
6.6881E-03   -9.7782E-04   
4.4920E-03   -1.9506E-03   
6.6885E-03   -8.6492E-04   
2.9938E-03   -3.3319E-03   
4.7488E-03   -2.8507E-03   
7.1687E-03   -8.7831E-04   
3.3996E-03   -3.4566E-03   
4.8601E-03   -2.0261E-03   
4.5012E-03   -2.4850E-03   
6.4209E-03   -8.7958E-04   
7.6838E-03   -7.9771E-04   
4.0067E-03   -3.2990E-03   
4.8434E-03   -2.1496E-03   
4.7147E-03   -2.5007E-03   
4.2688E-03   -3.0774E-03   
7.9771E-03   -9.7451E-04   
4.4456E-03   -2.0963E-03   
9.6261E-03   -6.8957E-04   
4.8197E-03   -1.4644E-03   
4.5551E-03   -1.7988E-03   
5.6595E-03   -1.0543E-03   
4.5579E-03   -1.5977E-03   
5.7745E-03   -1.0559E-03   
4.6281E-03   -1.9530E-03   
4.1456E-03   -1.9556E-03   
7.0036E-03   -1.0033E-03   
5.1944E-03   -1.2989E-03   
4.6834E-03   -1.7964E-03   
4.4394E-03   -1.6736E-03   
6.1130E-03   -9.8023E-04   
6.8436E-03   -9.8794E-04   
5.9314E-03   -9.3551E-04   
4.2490E-03   -1.8611E-03   
6.4444E-03   -9.3433E-04   
3.8207E-03   -2.7874E-03   
4.7421E-03   -1.9778E-03   
4.8632E-03   -2.2457E-03   
4.9652E-03   -2.2995E-03   
4.9193E-03   -2.5305E-03   
5.2061E-03   -2.6226E-03   
8.0524E-03   -1.0615E-03   
3.7124E-03   -3.5195E-03   
7.5021E-03   -9.2367E-04   
9.9130E-03   -5.7804E-04   
4.9275E-03   -1.4285E-03   
4.6723E-03   -1.5554E-03   
5.5002E-03   -1.1580E-03   
4.8713E-03   -1.6469E-03   
5.8050E-03   -1.0910E-03   
6.4957E-03   -9.8670E-04   
6.1510E-03   -1.0259E-03   
4.8228E-03   -1.7942E-03   
6.6804E-03   -1.1167E-03   
6.5273E-03   -1.1026E-03   
7.6512E-03   -1.0224E-03   
7.1670E-03   -1.0263E-03   
5.3756E-03   -2.1319E-03   
5.1982E-03   -2.0447E-03   
4.4175E-03   -1.8158E-03   
7.8396E-03   -8.3607E-04   
8.6346E-03   -8.6127E-04   
7.6395E-03   -1.2417E-03   
5.2834E-03   -2.4738E-03   
5.1624E-03   -2.7713E-03   
5.4006E-03   -2.3158E-03   
5.1155E-03   -1.8207E-03   
4.1680E-03   -3.3460E-03   
9.9786E-03   -6.5154E-04   
4.7702E-03   -1.5308E-03   
5.7758E-03   -1.0238E-03   
4.5465E-03   -1.7029E-03   
5.2763E-03   -1.2870E-03   
6.3157E-03   -1.2622E-03   
5.4817E-03   -1.2162E-03   
5.0308E-03   -1.4052E-03   
5.8397E-03   -1.1358E-03   
5.0095E-03   -1.6394E-03   
6.1975E-03   -1.1400E-03   
5.1717E-03   -1.6320E-03   
6.2169E-03   -1.2069E-03   
7.9285E-03   -8.9666E-04   
6.8421E-03   -1.1321E-03   
7.3450E-03   -1.0576E-03   
8.8728E-03   -8.7081E-04   
5.1961E-03   -1.9466E-03   
7.6541E-03   -9.4569E-04   
5.2408E-03   -1.8440E-03   
7.3538E-03   -1.1546E-03   
4.7653E-03   -1.6365E-03   
5.3806E-03   -1.6199E-03   
5.5913E-03   -2.1405E-03   
7.3190E-03   -1.2625E-03   
8.0140E-03   -1.1659E-03   
5.1948E-03   -2.1323E-03   
5.6558E-03   -2.2960E-03   
5.5121E-03   -2.5660E-03   
3.8427E-03   -3.5561E-03   
4.8523E-03   -1.5306E-03   
5.3490E-03   -1.4775E-03   
5.1691E-03   -1.3709E-03   
5.5406E-03   -1.2457E-03   
5.5122E-03   -1.7678E-03   
5.1792E-03   -1.4981E-03   
5.9564E-03   -1.3670E-03   
6.5646E-03   -1.2280E-03   
5.8856E-03   -2.4378E-03   
7.0399E-03   -1.2899E-03   
4.5124E-03   -1.6572E-03   
5.5238E-03   -1.6628E-03   
6.9889E-03   -1.1591E-03   
5.8960E-03   -1.1763E-03   
5.8902E-03   -1.3058E-03   
5.8035E-03   -1.9623E-03   
3.7112E-03   -3.7073E-03   
5.8303E-03   -2.1428E-03   
7.2491E-03   -1.3698E-03   
8.2791E-03   -1.0703E-03   
6.1923E-03   -1.0746E-03   
4.3670E-03   -1.7601E-03   
5.0322E-03   -1.5263E-03   
5.5260E-03   -1.4664E-03   
5.2766E-03   -1.3958E-03   
6.6591E-03   -1.2682E-03   
5.6935E-03   -1.3223E-03   
5.6980E-03   -1.5139E-03   
5.3061E-03   -1.3372E-03   
6.9580E-03   -1.5180E-03   
5.0656E-03   -1.4650E-03   
8.5830E-03   -1.0159E-03   
6.9648E-03   -1.4112E-03   
5.5769E-03   -1.9462E-03   
5.6897E-03   -1.4536E-03   
6.1834E-03   -2.2462E-03   
3.2701E-03   -3.9234E-03   
5.9733E-03   -1.2022E-03   
5.8907E-03   -1.7411E-03   
6.3278E-03   -1.3643E-03   
6.4159E-03   -1.4392E-03   
6.0540E-03   -1.7733E-03   
7.0135E-03   -1.6116E-03   
5.7719E-03   -1.6224E-03   
6.0911E-03   -2.1524E-03   
6.2763E-03   -2.3154E-03   
6.2783E-03   -1.5966E-03   
5.8101E-03   -1.6843E-03   
6.6078E-03   -2.2814E-03   
6.2292E-03   -1.8100E-03   
7.1086E-03   -1.1901E-03   
7.4424E-03   -1.5107E-03   
6.6215E-03   -1.6978E-03   
6.0611E-03   -1.5283E-03   
6.6754E-03   -1.4372E-03   
6.0071E-03   -1.9798E-03   
6.6418E-03   -1.8003E-03   
7.8244E-03   -1.3102E-03   
7.0234E-03   -2.0702E-03   
6.3485E-03   -1.8522E-03   
6.0914E-03   -1.5967E-03   
6.5668E-03   -1.9401E-03   
6.8821E-03   -1.9188E-03   
7.3477E-03   -1.7459E-03   
7.5566E-03   -1.5803E-03   
7.1704E-03   -1.9176E-03   
3.2020E-04   -4.9307E-03   
6.4783E-03   -2.0729E-03   
5.9987E-03   -2.5130E-03   
1.0630E-02   -2.8013E-04   
7.8035E-04   -4.2486E-03   
1.1480E-02   -3.9165E-05   
1.0336E-02   -6.1319E-04   
5.7494E-04   -4.9668E-03   
2.9307E-03   -3.9901E-03   
7.1266E-03   -2.1472E-03   
1.0816E-02   -1.4532E-04   
8.8274E-04   -4.9099E-03   
3.3473E-03   -3.6587E-03   
1.2592E-03   -4.8218E-03   
1.6461E-03   -4.7182E-03   
2.0356E-03   -4.5946E-03   
2.4426E-03   -4.4538E-03   
1.1786E-02   -3.5377E-05   
2.8618E-03   -4.2993E-03   
3.3087E-03   -4.1285E-03   
1.0160E-02   -4.9451E-04   
3.7728E-03   -3.9537E-03   
1.2103E-02   -3.3376E-05   
4.2486E-03   -3.7772E-03   
4.7411E-03   -3.6002E-03   
7.8266E-03   -1.4287E-03   
5.3019E-03   -3.4016E-03   
1.2438E-02   -3.0291E-05   
9.0536E-03   -6.0842E-04   
5.7371E-03   -3.2957E-03   
4.5872E-03   -2.7379E-03   
2.2088E-03   -4.3007E-03   
1.0246E-02   -4.2654E-04   
6.2674E-03   -3.0956E-03   
6.8454E-03   -2.9466E-03   
1.2785E-02   -2.6029E-05   
7.3851E-03   -2.8053E-03   
4.6611E-03   -3.1710E-03   
7.9834E-03   -2.6448E-03   
8.4434E-03   -2.5719E-03   
1.3146E-02   -2.1734E-05   
8.9797E-03   -2.4025E-03   
9.5786E-03   -2.2666E-03   
9.6102E-04   -4.7009E-03   
1.0136E-02   -2.1259E-03   
1.3563E-02   -1.8585E-05   
1.0949E-02   -8.9637E-05   
5.0177E-03   -2.9466E-03   
1.0734E-02   -1.9532E-03   
1.1302E-02   -1.8061E-03   
9.7069E-03   -7.5165E-04   
1.4030E-02   -9.1596E-06   
8.9228E-03   -9.5483E-04   
8.2649E-03   -1.1540E-03   
1.2400E-02   -1.4476E-03   
1.4499E-02   -2.2036E-04   
1.4585E-02   -2.3613E-04   
1.4568E-02   -4.3165E-05   
1.4615E-02   -1.4531E-05   
1.4523E-02   -1.2332E-04   
3.9717E-03   -3.6855E-03   
1.3579E-02   -8.9457E-04   
1.0990E-03   -4.7645E-03   
9.1640E-03   -9.6859E-04   
8.6706E-03   -1.1030E-03   
1.9642E-03   -4.4615E-03   
8.0950E-03   -1.4145E-03   
2.5693E-03   -4.1805E-03   
1.0879E-02   -2.3227E-04   
7.5764E-03   -1.7613E-03   
1.0612E-02   -5.0729E-04   
2.8388E-03   -4.1407E-03   
5.2205E-03   -2.9790E-03   
1.9084E-03   -4.5594E-03   
5.7969E-03   -2.7177E-03   
2.7344E-03   -4.2722E-03   
9.5883E-03   -8.5257E-04   
9.9757E-03   -2.0300E-03   
7.2515E-03   -2.7199E-03   
3.6551E-03   -3.9063E-03   
4.7618E-03   -3.2420E-03   
4.6128E-03   -3.5475E-03   
4.5448E-03   -3.4513E-03   
1.2255E-02   -6.4766E-05   
7.6201E-03   -2.0257E-03   
1.1086E-02   -1.2843E-04   
1.0419E-02   -6.7469E-04   
1.1643E-02   -6.9582E-05   
1.3509E-02   -4.0986E-05   
6.7647E-03   -2.3485E-03   
8.1861E-03   -2.4656E-03   
1.0424E-02   -3.1958E-04   
1.0499E-02   -4.4110E-04   
7.8258E-03   -1.5007E-03   
5.6061E-03   -2.6066E-03   
1.4313E-02   -3.2883E-06   
1.1875E-02   -1.6262E-03   
5.4932E-03   -3.2252E-03   
1.0867E-02   -1.7820E-03   
1.4619E-02   -1.4342E-04   
1.4703E-02   -7.0829E-06   
1.4679E-02   -2.4719E-05   
1.4643E-02   -7.5357E-05   
9.0529E-03   -2.2324E-03   
6.3481E-03   -2.9209E-03   
1.2940E-02   -4.8338E-05   
1.2912E-02   -1.0410E-03   
1.4082E-02   -2.7149E-05   
1.3584E-02   -7.7769E-04   
1.3940E-02   -2.9178E-04   
1.4136E-02   -3.8930E-05   
1.4056E-02   -1.0187E-04   
1.3831E-02   -5.0149E-04   
9.4741E-03   -9.7586E-04   
7.1639E-03   -2.6283E-03   
1.0991E-02   -1.7808E-04   
1.1309E-02   -1.4682E-04   
1.2061E-02   -1.0514E-04   
1.2434E-03   -4.6466E-03   
6.5622E-03   -2.5419E-03   
8.5332E-03   -1.2675E-03   
4.9487E-03   -3.3447E-03   
1.0918E-02   -2.8718E-04   
1.2739E-02   -8.1959E-05   
1.1690E-02   -1.5619E-03   
3.5578E-03   -3.8617E-03   
6.7753E-03   -2.7299E-03   
5.3671E-03   -3.1843E-03   
8.0871E-03   -2.3885E-03   
6.0835E-03   -2.6895E-03   
9.5880E-03   -2.0339E-03   
8.0183E-03   -1.6611E-03   
5.8982E-03   -2.9983E-03   
1.0266E-02   -7.8863E-04   
1.0700E-02   -5.7427E-04   
8.6183E-03   -2.2632E-03   
8.0290E-03   -1.8047E-03   
1.3131E-02   -6.7178E-05   
7.7280E-03   -2.1289E-03   
1.2399E-02   -9.3318E-05   
5.6597E-03   -2.8897E-03   
1.0787E-02   -3.6281E-04   
7.6197E-03   -2.5082E-03   
8.3563E-03   -1.4486E-03   
1.1672E-02   -1.1512E-04   
1.0872E-02   -4.1243E-04   
1.3390E-02   -4.5155E-04   
1.3677E-02   -7.3675E-05   
1.3576E-02   -1.7433E-04   
1.3755E-02   -4.0628E-05   
9.8477E-03   -8.6140E-04   
1.2203E-02   -1.2917E-03   
1.3045E-02   -8.3871E-04   
1.4039E-02   -8.0761E-05   
1.3869E-02   -4.1522E-04   
1.3922E-02   -1.8132E-04   
1.3860E-02   -2.2824E-04   
7.5091E-03   -2.4235E-03   
5.6311E-03   -3.0045E-03   
1.2858E-02   -1.0601E-04   
1.1280E-02   -1.6280E-03   
6.5244E-03   -2.7154E-03   
8.1013E-03   -1.9176E-03   
7.3812E-03   -2.3451E-03   
1.1083E-02   -5.3054E-04   
1.1525E-02   -1.6918E-04   
9.1986E-03   -2.0538E-03   
1.2220E-02   -1.3087E-04   
1.3514E-02   -2.4896E-04   
1.3702E-02   -1.1264E-04   
1.1236E-02   -3.7586E-04   
9.3598E-03   -1.1111E-03   
1.1254E-02   -2.6491E-04   
8.8758E-03   -1.2682E-03   
1.3386E-02   -3.4445E-04   
1.2393E-02   -1.0437E-03   
1.0588E-02   -7.7590E-04   
1.0133E-02   -1.8345E-03   
8.4303E-03   -1.6124E-03   
6.9409E-03   -2.4856E-03   
8.4363E-03   -2.1878E-03   
1.0313E-02   -8.6951E-04   
1.3477E-02   -6.5950E-05   
1.2115E-02   -1.2185E-03   
1.3143E-02   -6.3609E-04   
9.3260E-03   -1.8661E-03   
8.9033E-03   -1.5331E-03   
1.0214E-02   -9.8252E-04   
1.0970E-02   -7.1520E-04   
8.7861E-03   -1.9889E-03   
7.8498E-03   -2.2186E-03   
1.2972E-02   -1.2714E-04   
1.1844E-02   -1.2281E-03   
1.2238E-02   -1.7482E-04   
1.2639E-02   -1.4979E-04   
8.3168E-03   -2.1024E-03   
1.1486E-02   -2.8819E-04   
1.1536E-02   -2.1831E-04   
1.1351E-02   -4.2930E-04   
8.3914E-03   -1.5363E-03   
8.5408E-03   -1.8242E-03   
1.1210E-02   -5.8732E-04   
1.0284E-02   -1.6651E-03   
9.7019E-03   -1.1120E-03   
9.2406E-03   -1.2543E-03   
8.8232E-03   -1.6707E-03   
1.0624E-02   -9.1805E-04   
1.0900E-02   -8.1586E-04   
1.0524E-02   -1.8053E-03   
1.1472E-02   -4.8013E-04   
8.6572E-03   -1.9072E-03   
1.3302E-02   -1.0273E-04   
1.1844E-02   -2.2511E-04   
1.1599E-02   -3.4372E-04   
1.1265E-02   -1.4192E-03   
1.2104E-02   -2.3922E-04   
9.1796E-03   -1.3699E-03   
9.9581E-03   -1.1269E-03   
1.0963E-02   -8.8998E-04   
8.9660E-03   -1.7256E-03   
1.1985E-02   -3.0611E-04   
1.2118E-02   -1.0361E-03   
1.1360E-02   -6.2253E-04   
1.1858E-02   -4.2776E-04   
1.1042E-02   -1.6163E-03   
1.2794E-02   -1.7105E-04   
9.4261E-03   -1.3892E-03   
9.9046E-03   -1.2371E-03   
1.3441E-02   -1.1952E-04   
1.1699E-02   -5.7469E-04   
1.3000E-02   -1.8572E-04   
9.4247E-03   -1.6090E-03   
1.2042E-02   -3.5403E-04   
1.2589E-02   -2.2650E-04   
1.1982E-02   -4.6646E-04   
1.0288E-02   -1.2109E-03   
1.2289E-02   -2.5256E-04   
1.0774E-02   -1.0489E-03   
1.1488E-02   -7.7676E-04   
1.2316E-02   -3.5838E-04   
1.1637E-02   -8.4512E-04   
9.5579E-03   -1.6787E-03   
1.1130E-02   -1.0290E-03   
9.7704E-03   -1.4036E-03   
1.0642E-02   -1.1961E-03   
1.2669E-02   -2.6151E-04   
1.3377E-02   -1.6730E-04   
1.1923E-02   -8.4532E-04   
1.1508E-02   -9.9332E-04   
1.2765E-02   -2.9557E-04   
9.9020E-03   -1.5030E-03   
1.0436E-02   -1.3727E-03   
1.2558E-02   -3.6481E-04   
1.2367E-02   -7.5056E-04   
1.1445E-02   -1.1257E-03   
1.3157E-02   -2.3760E-04   
1.2527E-02   -4.2098E-04   
1.2320E-02   -8.7015E-04   
1.3323E-02   -2.5227E-04   
1.1869E-02   -1.0356E-03   
1.2108E-02   -5.0538E-04   
1.1823E-02   -6.2682E-04   
1.1996E-02   -6.7052E-04   
1.2491E-02   -5.5619E-04   
