51 
1844 
1.1956E-03   -1.2270E-03   
2.1157E-03   -1.0211E-03   
2.8719E-03   -7.3497E-04   
3.3614E-03   -3.8348E-04   
1.3335E-36   -1.2478E-03   
3.5270E-03   -7.9028E-37   
3.6052E-03   -1.4719E-35   
3.7312E-03   -2.8107E-37   
4.0082E-03   5.9905E-36   
4.2597E-03   8.8683E-36   
4.5799E-03   1.8754E-35   
4.9713E-03   2.5882E-35   
5.2726E-03   3.1342E-35   
5.7858E-03   4.7603E-35   
6.1683E-03   5.7729E-35   
6.5823E-03   5.0860E-35   
6.8006E-03   7.8364E-35   
7.2593E-03   1.1578E-34   
7.7462E-03   1.6808E-34   
8.0000E-03   -3.3685E-31   
8.0000E-03   -1.0255E-34   
8.0000E-03   -1.0255E-34   
8.0000E-03   -1.0255E-34   
8.0000E-03   -1.0255E-34   
8.0000E-03   -1.0255E-34   
8.0000E-03   -1.0255E-34   
8.0000E-03   -1.0255E-34   
8.0000E-03   -1.0255E-34   
8.0000E-03   -1.0255E-34   
8.0000E-03   -1.0255E-34   
8.0000E-03   -1.0255E-34   
8.0000E-03   -1.0255E-34   
7.5168E-03   -3.4530E-04   
6.7286E-03   -7.8793E-04   
6.3960E-03   -9.4016E-04   
6.0784E-03   -1.0658E-03   
5.4665E-03   -1.2683E-03   
5.1682E-03   -1.3532E-03   
4.5815E-03   -1.5031E-03   
4.2932E-03   -1.5719E-03   
3.7258E-03   -1.7032E-03   
3.1740E-03   -1.8310E-03   
2.9053E-03   -1.8946E-03   
2.3848E-03   -2.0200E-03   
1.8907E-03   -2.1398E-03   
1.6544E-03   -2.1958E-03   
1.2038E-03   -2.2955E-03   
7.8083E-04   -2.3721E-03   
3.8153E-04   -2.4196E-03   
2.0226E-36   -2.4339E-03   
1.7056E-34   -2.3071E-03   
1.7923E-34   -2.1860E-03   
1.6889E-34   -2.0255E-03   
1.6012E-34   -1.9337E-03   
1.4105E-34   -1.7849E-03   
1.2872E-34   -1.7012E-03   
1.1602E-34   -1.6217E-03   
1.0564E-34   -1.5621E-03   
1.0432E-34   -1.5187E-03   
8.5576E-04   -1.2899E-03   
7.6877E-03   -2.9944E-05   
7.3604E-03   -6.2819E-05   
6.8871E-03   -1.0894E-04   
6.4994E-03   -1.4844E-04   
6.1237E-03   -1.9768E-04   
5.7007E-03   -2.2711E-04   
5.3545E-03   -2.3921E-04   
4.9264E-03   -2.7627E-04   
4.5020E-03   -2.9925E-04   
4.0797E-03   -3.1954E-04   
3.6611E-03   -3.3781E-04   
3.2256E-03   -3.6705E-04   
2.7778E-03   -4.4063E-04   
2.1660E-03   -6.3728E-04   
1.5428E-03   -9.4409E-04   
2.2860E-03   -7.4777E-04   
2.7042E-03   -3.7130E-04   
3.1147E-03   -2.3416E-04   
3.5045E-03   -1.9713E-04   
3.8800E-03   -1.9170E-04   
4.2376E-03   -1.9327E-04   
4.6467E-03   -1.7716E-04   
5.0274E-03   -1.6424E-04   
5.3818E-03   -1.4758E-04   
5.7477E-03   -1.4853E-04   
6.1463E-03   -1.1754E-04   
6.5297E-03   -9.2581E-05   
6.9049E-03   -7.4421E-05   
7.3024E-03   -4.3106E-05   
7.6476E-03   -1.8102E-05   
3.3079E-03   -1.6759E-04   
3.5058E-03   -7.8795E-05   
3.7317E-03   -7.3141E-05   
4.0458E-03   -7.4660E-05   
4.3470E-03   -7.5911E-05   
4.7185E-03   -7.9941E-05   
5.0508E-03   -8.2064E-05   
5.3813E-03   -8.0241E-05   
5.8069E-03   -6.4463E-05   
6.1631E-03   -5.2070E-05   
6.5663E-03   -4.4655E-05   
6.9626E-03   -3.2158E-05   
7.3500E-03   -2.1031E-05   
7.7059E-03   -6.8223E-06   
7.6289E-03   -4.6662E-05   
7.2746E-03   -9.8731E-05   
6.8405E-03   -1.6610E-04   
6.4400E-03   -2.0783E-04   
6.0933E-03   -2.6751E-04   
5.6580E-03   -3.1561E-04   
5.2287E-03   -3.5913E-04   
4.8219E-03   -3.9309E-04   
4.3986E-03   -4.3455E-04   
4.0018E-03   -4.7081E-04   
3.4927E-03   -5.2792E-04   
2.9486E-03   -6.1238E-04   
2.4141E-03   -7.2875E-04   
1.8535E-03   -8.9702E-04   
1.2228E-03   -1.1596E-03   
6.0645E-04   -1.4214E-03   
7.6062E-03   -6.9420E-05   
7.3050E-03   -1.2639E-04   
6.7888E-03   -2.2568E-04   
6.4504E-03   -2.8805E-04   
6.0464E-03   -3.5049E-04   
5.5605E-03   -4.3117E-04   
5.1309E-03   -4.7544E-04   
4.7138E-03   -5.2235E-04   
4.2230E-03   -5.9070E-04   
3.7630E-03   -6.6629E-04   
3.2753E-03   -7.4861E-04   
2.7633E-03   -8.2510E-04   
2.2110E-03   -9.7951E-04   
1.6730E-03   -1.1272E-03   
1.0864E-03   -1.3395E-03   
5.1615E-04   -1.5288E-03   
7.7163E-03   -6.0801E-05   
7.1700E-03   -1.9050E-04   
6.8590E-03   -2.5806E-04   
6.4796E-03   -3.4766E-04   
5.9134E-03   -4.6194E-04   
5.5102E-03   -5.3828E-04   
5.0912E-03   -6.0094E-04   
4.5955E-03   -6.8443E-04   
4.1433E-03   -7.6634E-04   
3.6554E-03   -8.3532E-04   
3.1952E-03   -9.1545E-04   
2.6181E-03   -1.0220E-03   
2.0568E-03   -1.2014E-03   
1.5333E-03   -1.3315E-03   
1.0407E-03   -1.4960E-03   
5.1094E-04   -1.6287E-03   
7.5412E-03   -1.2477E-04   
7.2207E-03   -2.1992E-04   
6.8330E-03   -3.3388E-04   
6.4421E-03   -4.4383E-04   
5.8755E-03   -5.7572E-04   
5.4202E-03   -6.5827E-04   
4.9574E-03   -7.6445E-04   
4.5138E-03   -8.6034E-04   
3.9849E-03   -9.3314E-04   
3.5544E-03   -9.9722E-04   
3.1156E-03   -1.1105E-03   
2.5332E-03   -1.2507E-03   
1.9643E-03   -1.3991E-03   
1.4666E-03   -1.5266E-03   
9.3731E-04   -1.6583E-03   
4.8918E-04   -1.7431E-03   
7.6378E-03   -1.3238E-04   
7.2022E-03   -2.9211E-04   
6.8453E-03   -4.0104E-04   
6.2863E-03   -5.7621E-04   
5.7939E-03   -7.2289E-04   
5.3547E-03   -8.1179E-04   
4.8094E-03   -9.3115E-04   
4.4005E-03   -1.0185E-03   
3.8700E-03   -1.1041E-03   
3.4072E-03   -1.1950E-03   
2.8826E-03   -1.3125E-03   
2.4544E-03   -1.4227E-03   
1.9387E-03   -1.5584E-03   
1.4277E-03   -1.6814E-03   
9.3207E-04   -1.7941E-03   
4.3798E-04   -1.8752E-03   
7.5763E-03   -1.7877E-04   
7.0983E-03   -3.7242E-04   
6.7646E-03   -4.9189E-04   
6.1156E-03   -7.2566E-04   
5.7226E-03   -8.4089E-04   
5.2755E-03   -9.6654E-04   
4.7857E-03   -1.0631E-03   
4.2906E-03   -1.1732E-03   
3.7413E-03   -1.2980E-03   
3.2822E-03   -1.3938E-03   
2.8317E-03   -1.4880E-03   
2.3623E-03   -1.6037E-03   
1.8460E-03   -1.7506E-03   
1.4067E-03   -1.8363E-03   
9.0961E-04   -1.9422E-03   
4.5136E-04   -2.0040E-03   
7.6126E-03   -2.1299E-04   
7.2034E-03   -4.1089E-04   
6.6540E-03   -6.3544E-04   
6.1734E-03   -8.3532E-04   
5.6532E-03   -9.5916E-04   
5.1508E-03   -1.0894E-03   
4.6725E-03   -1.2132E-03   
4.1932E-03   -1.3288E-03   
3.7140E-03   -1.4421E-03   
3.1873E-03   -1.5426E-03   
2.7211E-03   -1.6890E-03   
2.2327E-03   -1.7884E-03   
1.7935E-03   -1.8807E-03   
1.3369E-03   -1.9906E-03   
8.6685E-04   -2.0899E-03   
4.8164E-04   -2.1304E-03   
7.4998E-03   -3.2359E-04   
6.9998E-03   -6.1035E-04   
6.5836E-03   -7.7367E-04   
5.9338E-03   -1.0118E-03   
5.5409E-03   -1.1277E-03   
4.9952E-03   -1.2748E-03   
4.5214E-03   -1.4015E-03   
4.0996E-03   -1.4793E-03   
3.5916E-03   -1.5925E-03   
3.1118E-03   -1.7288E-03   
2.7096E-03   -1.8131E-03   
2.2227E-03   -1.9343E-03   
1.7218E-03   -2.0527E-03   
1.2756E-03   -2.1454E-03   
8.4934E-04   -2.2248E-03   
3.7980E-04   -2.3025E-03   
1.6787E-04   -1.2561E-03   
3.3635E-04   -1.2603E-03   
4.9844E-04   -1.2658E-03   
6.5316E-04   -1.2656E-03   
7.9748E-04   -1.2590E-03   
9.4103E-04   -1.2581E-03   
1.0727E-03   -1.2450E-03   
1.3155E-03   -1.2047E-03   
1.4336E-03   -1.1813E-03   
1.5502E-03   -1.1571E-03   
1.6665E-03   -1.1324E-03   
1.7817E-03   -1.1066E-03   
1.8953E-03   -1.0795E-03   
2.0067E-03   -1.0510E-03   
2.2220E-03   -9.8978E-04   
2.3252E-03   -9.5711E-04   
2.4252E-03   -9.2315E-04   
2.5220E-03   -8.8790E-04   
2.6152E-03   -8.5147E-04   
2.7048E-03   -8.1373E-04   
2.7904E-03   -7.7487E-04   
2.9491E-03   -6.9409E-04   
3.0220E-03   -6.5220E-04   
3.0905E-03   -6.0938E-04   
3.1543E-03   -5.6568E-04   
3.2134E-03   -5.2117E-04   
3.2677E-03   -4.7593E-04   
3.3170E-03   -4.3002E-04   
3.4008E-03   -3.3636E-04   
3.4349E-03   -2.8869E-04   
3.4639E-03   -2.4043E-04   
3.4855E-03   -1.9178E-04   
3.5073E-03   -1.4401E-04   
3.5174E-03   -9.6687E-05   
3.5275E-03   -4.6953E-05   
3.5501E-03   -7.1691E-35   
3.5629E-03   -6.6641E-35   
3.5731E-03   -4.9403E-35   
3.5826E-03   -2.6356E-35   
3.5929E-03   -1.9808E-35   
3.6209E-03   -1.0580E-35   
3.6407E-03   -7.2050E-36   
3.6653E-03   -4.4492E-36   
3.6953E-03   -2.1781E-36   
3.7732E-03   1.3100E-36   
3.8216E-03   2.6516E-36   
3.8768E-03   3.8197E-36   
3.9390E-03   4.9097E-36   
4.0846E-03   6.9656E-36   
4.1684E-03   7.9303E-36   
4.3587E-03   9.9093E-36   
4.4654E-03   1.0977E-35   
4.7024E-03   1.9766E-35   
4.8328E-03   1.4969E-35   
5.1178E-03   2.7996E-35   
5.4355E-03   3.6228E-35   
5.6066E-03   4.0890E-35   
5.9731E-03   4.9296E-35   
6.3714E-03   6.5819E-35   
7.0265E-03   9.8196E-35   
7.4992E-03   1.0297E-34   
8.0000E-03   -1.0255E-34   
8.0000E-03   -1.0255E-34   
8.0000E-03   -1.0255E-34   
8.0000E-03   -1.0255E-34   
8.0000E-03   -1.0255E-34   
7.0869E-03   -6.0543E-04   
5.7697E-03   -1.1737E-03   
4.8733E-03   -1.4307E-03   
4.0077E-03   -1.6383E-03   
3.4477E-03   -1.7674E-03   
2.6420E-03   -1.9576E-03   
2.1342E-03   -2.0810E-03   
1.4254E-03   -2.2479E-03   
9.8902E-04   -2.3369E-03   
5.7840E-04   -2.3996E-03   
1.8957E-04   -2.4320E-03   
1.2734E-34   -2.3706E-03   
1.7724E-34   -2.2453E-03   
1.7368E-34   -2.1295E-03   
2.5127E-34   -2.0760E-03   
2.5349E-34   -1.9781E-03   
1.5640E-34   -1.8922E-03   
1.5216E-34   -1.8536E-03   
1.4636E-34   -1.8179E-03   
1.3664E-34   -1.7545E-03   
1.3251E-34   -1.7266E-03   
1.2551E-34   -1.6781E-03   
1.2235E-34   -1.6573E-03   
1.1903E-34   -1.6385E-03   
1.1341E-34   -1.6067E-03   
1.1104E-34   -1.5934E-03   
1.0894E-34   -1.5817E-03   
1.0713E-34   -1.5713E-03   
1.0446E-34   -1.5539E-03   
1.0361E-34   -1.5464E-03   
1.0313E-34   -1.5395E-03   
1.0306E-34   -1.5328E-03   
1.0344E-34   -1.5260E-03   
1.0570E-34   -1.5104E-03   
1.0765E-34   -1.5006E-03   
1.1055E-34   -1.4885E-03   
1.1464E-34   -1.4726E-03   
1.1801E-34   -1.4499E-03   
1.7971E-34   -1.4151E-03   
1.7256E-34   -1.3715E-03   
1.3272E-34   -1.3133E-03   
1.5450E-03   -1.1412E-03   
2.3128E-03   -9.0275E-04   
2.6046E-03   -7.8427E-04   
1.7725E-03   -1.0797E-03   
3.2806E-03   -4.0478E-04   
1.1979E-03   -1.2253E-03   
5.4776E-04   -1.3099E-03   
3.0960E-03   -5.3326E-04   
3.4536E-03   -2.3243E-04   
2.8695E-03   -6.6048E-04   
1.9949E-03   -1.0125E-03   
3.3779E-03   -3.1881E-04   
2.1035E-03   -9.7709E-04   
1.0819E-03   -1.2517E-03   
2.7856E-03   -7.0233E-04   
3.1624E-03   -4.9052E-04   
3.5372E-03   -6.5027E-05   
2.1857E-04   -1.3131E-03   
9.5997E-04   -1.2752E-03   
2.4125E-03   -8.6401E-04   
2.5089E-03   -8.2439E-04   
3.3319E-03   -3.6183E-04   
6.9012E-04   -1.2989E-03   
3.4834E-03   -1.8854E-04   
3.9168E-04   -1.3144E-03   
8.3307E-04   -1.2926E-03   
3.2240E-03   -4.4770E-04   
3.4185E-03   -2.7566E-04   
1.3143E-03   -1.1979E-03   
3.0249E-03   -5.7589E-04   
2.9493E-03   -6.1834E-04   
1.8846E-03   -1.0468E-03   
1.4301E-03   -1.1699E-03   
1.6593E-03   -1.1112E-03   
2.2096E-03   -9.4050E-04   
2.6970E-03   -7.4361E-04   
1.2415E-04   -1.4315E-03   
1.0941E-04   -1.4587E-03   
9.9412E-05   -1.4776E-03   
9.3071E-05   -1.4917E-03   
8.8918E-05   -1.5028E-03   
8.6423E-05   -1.5118E-03   
8.4985E-05   -1.5195E-03   
8.4247E-05   -1.5266E-03   
8.4035E-05   -1.5334E-03   
3.5636E-03   -3.1520E-05   
8.4264E-05   -1.5402E-03   
3.5728E-03   -2.4951E-05   
8.4897E-05   -1.5474E-03   
3.5821E-03   -2.0196E-05   
8.5908E-05   -1.5552E-03   
3.5932E-03   -1.6635E-05   
8.7263E-05   -1.5640E-03   
3.6070E-03   -1.4148E-05   
8.8930E-05   -1.5738E-03   
3.6247E-03   -1.2500E-05   
9.0893E-05   -1.5849E-03   
3.6470E-03   -1.1554E-05   
9.3117E-05   -1.5974E-03   
3.6744E-03   -1.1177E-05   
9.5590E-05   -1.6116E-03   
3.7075E-03   -1.1241E-05   
9.8307E-05   -1.6275E-03   
3.7466E-03   -1.1643E-05   
1.0115E-04   -1.6453E-03   
3.7920E-03   -1.2344E-05   
1.0405E-04   -1.6651E-03   
3.8442E-03   -1.3285E-05   
1.0734E-04   -1.6871E-03   
3.9032E-03   -1.4388E-05   
1.1112E-04   -1.7114E-03   
3.9692E-03   -1.5593E-05   
1.1510E-04   -1.7381E-03   
4.0424E-03   -1.6754E-05   
1.1914E-04   -1.7672E-03   
4.1224E-03   -1.8096E-05   
1.2321E-04   -1.7988E-03   
4.2091E-03   -1.9554E-05   
1.2719E-04   -1.8329E-03   
4.3029E-03   -2.1259E-05   
1.3258E-04   -1.8693E-03   
4.4050E-03   -2.2802E-05   
1.3893E-04   -1.9087E-03   
4.5155E-03   -2.3918E-05   
1.4232E-04   -1.9513E-03   
4.6340E-03   -2.4975E-05   
1.4583E-04   -1.9965E-03   
4.7617E-03   -2.6022E-05   
1.5614E-04   -2.0452E-03   
4.8989E-03   -2.6495E-05   
1.6219E-04   -2.0984E-03   
5.0409E-03   -2.5920E-05   
1.6324E-04   -2.1548E-03   
5.1884E-03   -2.6826E-05   
1.6946E-04   -2.2135E-03   
5.3467E-03   -2.7144E-05   
1.7935E-04   -2.2768E-03   
1.8809E-03   -1.0108E-03   
2.8748E-03   -5.9163E-04   
3.1760E-03   -4.2350E-04   
1.4305E-03   -1.1538E-03   
3.5295E-03   -9.5470E-05   
4.4707E-04   -1.3504E-03   
2.4027E-03   -8.0587E-04   
3.4724E-03   -1.8473E-04   
7.2398E-04   -1.3264E-03   
1.0853E-03   -1.2466E-03   
9.6856E-04   -1.2762E-03   
2.6976E-03   -6.7748E-04   
2.0994E-03   -9.3156E-04   
3.3495E-03   -3.0255E-04   
3.3961E-03   -2.6308E-04   
2.2047E-03   -8.9064E-04   
2.6015E-03   -7.1997E-04   
3.2393E-03   -3.8273E-04   
3.1077E-03   -4.6481E-04   
1.5442E-03   -1.1203E-03   
1.2010E-03   -1.2169E-03   
2.8067E-04   -1.3646E-03   
1.6572E-03   -1.0853E-03   
2.3047E-03   -8.4856E-04   
2.5024E-03   -7.6260E-04   
3.2972E-03   -3.4242E-04   
3.4370E-03   -2.2384E-04   
1.7696E-03   -1.0487E-03   
2.9568E-03   -5.4894E-04   
8.5035E-04   -1.3034E-03   
1.3162E-03   -1.1859E-03   
3.0345E-03   -5.0665E-04   
3.5031E-03   -1.4429E-04   
5.8252E-04   -1.3370E-03   
2.7883E-03   -6.3467E-04   
1.9911E-03   -9.7169E-04   
1.3187E-04   -1.3935E-03   
2.3486E-04   -1.4340E-03   
2.1120E-04   -1.4575E-03   
1.9442E-04   -1.4747E-03   
1.8247E-04   -1.4880E-03   
1.7531E-04   -1.4984E-03   
1.7130E-04   -1.5069E-03   
1.6915E-04   -1.5145E-03   
3.5525E-03   -4.2742E-05   
1.6826E-04   -1.5214E-03   
1.6834E-04   -1.5283E-03   
3.5536E-03   -5.4638E-05   
1.6925E-04   -1.5354E-03   
3.5611E-03   -4.4950E-05   
1.7094E-04   -1.5430E-03   
3.5708E-03   -3.6595E-05   
1.7335E-04   -1.5513E-03   
3.5829E-03   -3.0720E-05   
1.7640E-04   -1.5606E-03   
3.5985E-03   -2.6771E-05   
1.7996E-04   -1.5711E-03   
3.6184E-03   -2.4274E-05   
1.8453E-04   -1.5829E-03   
3.6434E-03   -2.3030E-05   
1.8997E-04   -1.5962E-03   
3.6738E-03   -2.2796E-05   
1.9513E-04   -1.6114E-03   
3.7101E-03   -2.3327E-05   
1.9992E-04   -1.6283E-03   
3.7530E-03   -2.4430E-05   
2.0502E-04   -1.6471E-03   
3.8026E-03   -2.6108E-05   
2.1103E-04   -1.6679E-03   
3.8587E-03   -2.8243E-05   
2.1815E-04   -1.6909E-03   
3.9219E-03   -3.0682E-05   
2.2609E-04   -1.7164E-03   
3.9931E-03   -3.2869E-05   
2.3435E-04   -1.7444E-03   
4.0698E-03   -3.4614E-05   
2.4256E-04   -1.7748E-03   
4.1501E-03   -3.7791E-05   
2.4929E-04   -1.8078E-03   
4.2382E-03   -4.0661E-05   
2.5423E-04   -1.8423E-03   
4.3343E-03   -4.4772E-05   
2.6978E-04   -1.8780E-03   
4.4410E-03   -4.7274E-05   
2.8364E-04   -1.9187E-03   
4.5561E-03   -4.8928E-05   
2.8350E-04   -1.9632E-03   
4.6792E-03   -5.1345E-05   
2.9626E-04   -2.0074E-03   
4.8162E-03   -5.3027E-05   
3.3771E-04   -2.0572E-03   
4.9635E-03   -5.2933E-05   
3.2521E-04   -2.1173E-03   
5.0987E-03   -4.9123E-05   
3.3095E-04   -2.1737E-03   
5.2436E-03   -5.8879E-05   
3.4767E-04   -2.2327E-03   
5.5137E-03   -2.8608E-05   
2.4019E-03   -7.5008E-04   
2.5082E-03   -7.0337E-04   
2.1030E-03   -8.8649E-04   
2.6090E-03   -6.5949E-04   
1.9950E-03   -9.2954E-04   
9.7740E-04   -1.2704E-03   
1.0934E-03   -1.2381E-03   
1.2083E-03   -1.2047E-03   
1.3223E-03   -1.1699E-03   
1.4356E-03   -1.1336E-03   
8.5867E-04   -1.3018E-03   
1.5485E-03   -1.0956E-03   
1.8847E-03   -9.7257E-04   
2.7064E-03   -6.1603E-04   
1.6610E-03   -1.0559E-03   
1.7733E-03   -1.0148E-03   
7.3456E-04   -1.3328E-03   
2.7989E-03   -5.7204E-04   
3.3167E-03   -2.8794E-04   
3.3693E-03   -2.5114E-04   
3.4153E-03   -2.1541E-04   
3.2582E-03   -3.2563E-04   
6.0901E-04   -1.3600E-03   
2.8870E-03   -5.2847E-04   
3.1941E-03   -3.6416E-04   
3.0500E-03   -4.4413E-04   
2.9708E-03   -4.8581E-04   
3.1246E-03   -4.0367E-04   
4.7853E-04   -1.3713E-03   
3.6771E-04   -1.3848E-03   
3.4552E-03   -1.7994E-04   
3.4904E-03   -1.4388E-04   
3.5208E-03   -1.0699E-04   
2.5658E-04   -1.4085E-03   
3.1070E-04   -1.4492E-03   
2.8379E-04   -1.4661E-03   
2.6833E-04   -1.4786E-03   
2.5991E-04   -1.4883E-03   
2.5537E-04   -1.4965E-03   
2.5321E-04   -1.5039E-03   
3.5449E-03   -6.7989E-05   
2.5270E-04   -1.5109E-03   
2.5353E-04   -1.5179E-03   
3.5295E-03   -7.7734E-05   
2.5556E-04   -1.5254E-03   
3.5389E-03   -6.1199E-05   
2.5870E-04   -1.5334E-03   
3.5493E-03   -5.0700E-05   
2.6285E-04   -1.5423E-03   
3.5628E-03   -4.3622E-05   
2.6764E-04   -1.5523E-03   
3.5803E-03   -3.9073E-05   
2.7415E-04   -1.5633E-03   
3.6031E-03   -3.6281E-05   
2.8472E-04   -1.5751E-03   
3.6310E-03   -3.5318E-05   
2.9286E-04   -1.5895E-03   
3.6642E-03   -3.5756E-05   
2.9765E-04   -1.6062E-03   
3.7043E-03   -3.7010E-05   
3.0416E-04   -1.6242E-03   
3.7519E-03   -3.8993E-05   
3.1125E-04   -1.6440E-03   
3.8050E-03   -4.2028E-05   
3.2073E-04   -1.6657E-03   
3.8650E-03   -4.5744E-05   
3.3342E-04   -1.6896E-03   
3.9346E-03   -4.9275E-05   
3.4637E-04   -1.7163E-03   
4.0139E-03   -5.1848E-05   
3.5884E-04   -1.7458E-03   
4.0895E-03   -5.1817E-05   
3.6934E-04   -1.7783E-03   
4.1630E-03   -6.1637E-05   
3.7281E-04   -1.8136E-03   
3.6575E-04   -1.8468E-03   
4.2799E-04   -1.9286E-03   
4.5834E-03   -7.6003E-05   
4.7689E-04   -2.0802E-03   
4.9709E-04   -2.1831E-03   
4.8690E-03   -8.1799E-05   
5.6975E-03   -3.0669E-05   
3.4335E-03   -1.7580E-04   
3.4723E-03   -1.4294E-04   
3.5077E-03   -1.0951E-04   
2.2086E-03   -8.0266E-04   
2.1156E-03   -8.4064E-04   
8.7140E-04   -1.2967E-03   
7.4523E-04   -1.3318E-03   
1.3330E-03   -1.1504E-03   
9.9040E-04   -1.2618E-03   
1.4458E-03   -1.1099E-03   
1.1061E-03   -1.2260E-03   
2.0071E-03   -8.8655E-04   
2.6268E-03   -6.0533E-04   
1.2200E-03   -1.1891E-03   
3.2807E-03   -2.7525E-04   
3.2161E-03   -3.1168E-04   
1.5584E-03   -1.0677E-03   
1.6712E-03   -1.0239E-03   
2.9903E-03   -4.2857E-04   
3.0706E-03   -3.8818E-04   
3.3398E-03   -2.3977E-04   
6.1205E-04   -1.3658E-03   
3.3905E-03   -2.0733E-04   
1.8960E-03   -9.3283E-04   
2.9053E-03   -4.7073E-04   
1.7839E-03   -9.7880E-04   
3.1460E-03   -3.4929E-04   
2.7230E-03   -5.5940E-04   
2.8161E-03   -5.1447E-04   
3.9326E-04   -1.4382E-03   
3.6550E-04   -1.4532E-03   
3.5132E-04   -1.4643E-03   
3.4343E-04   -1.4733E-03   
3.3932E-04   -1.4810E-03   
3.3777E-04   -1.4882E-03   
3.3817E-04   -1.4953E-03   
3.4020E-04   -1.5026E-03   
3.5329E-03   -8.2730E-05   
3.4993E-03   -9.0887E-05   
3.4370E-04   -1.5104E-03   
3.5072E-03   -7.5313E-05   
3.4862E-04   -1.5189E-03   
3.5188E-03   -6.3875E-05   
3.5459E-04   -1.5285E-03   
3.5337E-03   -5.6576E-05   
3.6161E-04   -1.5389E-03   
3.5536E-03   -5.2197E-05   
3.7146E-04   -1.5498E-03   
3.5805E-03   -4.9235E-05   
3.9881E-04   -1.5599E-03   
3.6098E-03   -4.9438E-05   
3.9454E-04   -1.5791E-03   
3.6453E-03   -5.0929E-05   
4.0255E-04   -1.5964E-03   
3.6920E-03   -5.2960E-05   
4.1050E-04   -1.6161E-03   
3.7438E-03   -5.5686E-05   
4.3463E-04   -1.6583E-03   
4.9358E-04   -1.8220E-03   
3.8627E-03   -6.6551E-05   
4.5661E-04   -1.6824E-03   
4.7328E-04   -1.7113E-03   
5.0259E-04   -1.7794E-03   
4.2612E-03   -6.0808E-05   
4.4777E-03   -6.9840E-05   
4.6062E-03   -1.0692E-04   
3.9437E-03   -7.1135E-05   
6.5786E-04   -2.1308E-03   
4.7525E-03   -1.1069E-04   
4.9832E-04   -2.0373E-03   
4.1273E-03   -8.6884E-05   
5.9207E-04   -1.8891E-03   
3.4885E-03   -1.1254E-04   
3.4472E-03   -1.4479E-04   
3.4096E-03   -1.7384E-04   
2.4592E-03   -6.4193E-04   
2.4209E-03   -6.9323E-04   
2.5476E-03   -5.9917E-04   
2.0315E-03   -8.4276E-04   
3.3067E-03   -2.3053E-04   
8.9319E-04   -1.2872E-03   
3.3661E-03   -1.9675E-04   
7.6751E-04   -1.3261E-03   
6.3565E-04   -1.3643E-03   
1.0112E-03   -1.2489E-03   
1.3486E-03   -1.1278E-03   
1.2364E-03   -1.1703E-03   
1.9157E-03   -8.9195E-04   
1.1248E-03   -1.2103E-03   
1.4613E-03   -1.0834E-03   
2.6467E-03   -5.5285E-04   
3.0147E-03   -3.7715E-04   
3.2413E-03   -2.6544E-04   
1.5744E-03   -1.0373E-03   
3.0954E-03   -3.3827E-04   
3.1710E-03   -3.0116E-04   
2.9289E-03   -4.1819E-04   
1.6879E-03   -9.8974E-04   
1.8017E-03   -9.4117E-04   
2.8386E-03   -4.6136E-04   
2.7443E-03   -5.0647E-04   
4.1483E-04   -1.4135E-03   
4.6217E-04   -1.4248E-03   
4.4452E-04   -1.4361E-03   
4.3330E-04   -1.4455E-03   
4.2682E-04   -1.4535E-03   
4.2382E-04   -1.4608E-03   
4.2348E-04   -1.4678E-03   
4.2521E-04   -1.4750E-03   
4.2877E-04   -1.4826E-03   
3.4533E-03   -1.0787E-04   
4.3417E-04   -1.4908E-03   
3.4677E-03   -8.8272E-05   
4.4127E-04   -1.4998E-03   
4.4888E-04   -1.5099E-03   
3.4804E-03   -7.7294E-05   
3.4960E-03   -7.0828E-05   
4.5424E-04   -1.5219E-03   
3.5162E-03   -6.8103E-05   
4.7961E-04   -1.5520E-03   
3.5707E-03   -6.8095E-05   
4.9892E-04   -1.5639E-03   
3.6760E-03   -7.1584E-05   
3.6217E-03   -6.9113E-05   
5.1505E-04   -1.5824E-03   
5.7019E-04   -1.6400E-03   
4.1721E-04   -1.6374E-03   
5.8853E-04   -1.6709E-03   
6.1051E-04   -1.7015E-03   
6.1489E-04   -2.0449E-03   
6.0603E-04   -1.9981E-03   
6.3450E-04   -1.7354E-03   
3.8554E-03   -9.1627E-05   
4.2223E-03   -8.1962E-05   
4.0397E-03   -1.0555E-04   
4.4563E-03   -1.0019E-04   
3.9440E-03   -9.7308E-05   
3.7979E-03   -6.1007E-05   
6.6478E-04   -1.7763E-03   
5.6594E-04   -1.9496E-03   
6.2334E-04   -1.8340E-03   
4.9044E-03   -1.1357E-04   
6.2850E-04   -2.1871E-03   
5.9539E-04   -2.0900E-03   
4.6296E-03   -1.4037E-04   
2.3476E-03   -6.7399E-04   
3.4604E-03   -1.2019E-04   
3.3340E-03   -1.9105E-04   
9.2635E-04   -1.2719E-03   
3.2675E-03   -2.2524E-04   
8.0645E-04   -1.3129E-03   
5.6158E-04   -1.3888E-03   
1.9439E-03   -8.4891E-04   
1.2571E-03   -1.1487E-03   
1.1467E-03   -1.1922E-03   
1.0385E-03   -1.2325E-03   
2.5698E-03   -5.5494E-04   
1.3694E-03   -1.1026E-03   
3.0430E-03   -3.3120E-04   
1.4825E-03   -1.0546E-03   
3.1234E-03   -2.9415E-04   
3.1979E-03   -2.5905E-04   
2.9571E-03   -3.7078E-04   
1.5965E-03   -1.0049E-03   
1.8267E-03   -9.0198E-04   
2.6718E-03   -5.0491E-04   
2.8662E-03   -4.1297E-04   
1.7114E-03   -9.5393E-04   
2.7708E-03   -4.5778E-04   
5.5950E-04   -1.3939E-03   
5.4075E-04   -1.4041E-03   
2.1990E-03   -7.3813E-04   
5.2624E-04   -1.4136E-03   
2.0665E-03   -7.9406E-04   
5.1632E-04   -1.4220E-03   
5.1116E-04   -1.4293E-03   
5.0963E-04   -1.4362E-03   
5.1083E-04   -1.4431E-03   
5.1433E-04   -1.4503E-03   
5.2000E-04   -1.4581E-03   
5.9180E-04   -1.5243E-03   
3.4132E-03   -1.1512E-04   
5.2782E-04   -1.4665E-03   
5.3752E-04   -1.4761E-03   
3.4232E-03   -1.0125E-04   
5.4741E-04   -1.4877E-03   
3.4343E-03   -9.2374E-05   
3.4481E-03   -8.7948E-05   
4.5640E-04   -1.5337E-03   
3.5429E-03   -8.7911E-05   
6.1725E-04   -1.5422E-03   
6.1529E-04   -1.6008E-03   
4.1669E-03   -1.1335E-04   
3.9307E-03   -1.2768E-04   
3.6642E-03   -9.5152E-05   
7.2836E-04   -1.6545E-03   
3.5955E-03   -9.0665E-05   
7.6175E-04   -1.6844E-03   
5.1888E-04   -1.6059E-03   
7.4130E-04   -2.0611E-03   
7.8826E-04   -1.7187E-03   
4.3091E-03   -1.1047E-04   
7.6290E-04   -1.8440E-03   
7.3812E-04   -1.8990E-03   
3.7691E-03   -8.6298E-05   
7.6064E-04   -2.0009E-03   
7.0221E-04   -1.6265E-03   
3.8432E-03   -1.2022E-04   
4.7792E-03   -1.4397E-04   
4.4895E-03   -1.3476E-04   
3.3516E-03   -1.6143E-04   
3.2900E-03   -1.9244E-04   
3.4053E-03   -1.5080E-04   
7.4117E-04   -1.3343E-03   
9.6827E-04   -1.2529E-03   
2.4876E-03   -5.6186E-04   
1.1708E-03   -1.1719E-03   
3.2233E-03   -2.2385E-04   
1.0612E-03   -1.2164E-03   
1.2824E-03   -1.1247E-03   
4.6687E-04   -1.4095E-03   
1.3953E-03   -1.0752E-03   
1.8592E-03   -8.6140E-04   
2.9890E-03   -3.2826E-04   
3.1513E-03   -2.5659E-04   
3.0733E-03   -2.9117E-04   
2.5972E-03   -5.0909E-04   
1.5095E-03   -1.0237E-03   
2.8981E-03   -3.6905E-04   
1.6249E-03   -9.7082E-04   
1.7415E-03   -9.1667E-04   
2.7017E-03   -4.5953E-04   
2.8020E-03   -4.1293E-04   
1.9818E-03   -8.0409E-04   
6.4424E-04   -1.3680E-03   
6.2551E-04   -1.3774E-03   
6.0898E-04   -1.3869E-03   
6.7072E-04   -1.3569E-03   
6.0030E-04   -1.3945E-03   
2.1098E-03   -7.4496E-04   
2.2427E-03   -6.8337E-04   
5.9694E-04   -1.4011E-03   
3.3979E-03   -1.3402E-04   
2.3705E-03   -6.2105E-04   
5.9731E-04   -1.4075E-03   
6.0060E-04   -1.4141E-03   
6.1471E-04   -1.4292E-03   
3.3658E-03   -1.2738E-04   
6.2638E-04   -1.4377E-03   
6.4312E-04   -1.4467E-03   
3.3695E-03   -1.1739E-04   
3.3796E-03   -1.1033E-04   
6.2835E-04   -1.4919E-03   
6.4859E-04   -1.5629E-03   
3.5036E-03   -1.1174E-04   
3.7629E-03   -1.1386E-04   
8.7616E-04   -1.6294E-03   
5.4370E-04   -1.5050E-03   
4.0245E-03   -1.3726E-04   
7.1112E-04   -1.4993E-03   
3.8196E-03   -1.5229E-04   
6.8946E-04   -1.6023E-03   
9.0217E-04   -1.8526E-03   
8.3365E-04   -1.6049E-03   
8.2401E-04   -1.7452E-03   
3.6960E-03   -1.1082E-04   
4.3729E-03   -1.3067E-04   
3.5570E-03   -1.1727E-04   
7.9431E-04   -1.7892E-03   
7.4121E-04   -1.9498E-03   
4.5004E-03   -1.7074E-04   
4.9177E-03   -1.4469E-04   
7.7694E-04   -2.1645E-03   
9.4886E-04   -2.0052E-03   
4.2618E-03   -9.4614E-05   
3.2443E-03   -1.9612E-04   
9.6602E-04   -1.2481E-03   
1.8990E-03   -8.1974E-04   
1.0883E-03   -1.1974E-03   
1.2003E-03   -1.1490E-03   
3.1763E-03   -2.2653E-04   
1.3126E-03   -1.0985E-03   
2.5208E-03   -5.1902E-04   
3.0239E-03   -2.9096E-04   
3.1044E-03   -2.5756E-04   
1.4267E-03   -1.0458E-03   
2.9340E-03   -3.2955E-04   
1.7778E-03   -8.7830E-04   
1.5424E-03   -9.9131E-04   
2.6311E-03   -4.6670E-04   
1.6596E-03   -9.3537E-04   
2.8378E-03   -3.7196E-04   
2.7366E-03   -4.1782E-04   
7.4202E-04   -1.3342E-03   
7.0447E-04   -1.3495E-03   
3.3604E-03   -1.4117E-04   
6.9169E-04   -1.3570E-03   
2.2820E-03   -6.3533E-04   
2.0252E-03   -7.5914E-04   
2.4045E-03   -5.7541E-04   
6.8623E-04   -1.3630E-03   
6.8508E-04   -1.3688E-03   
2.1539E-03   -6.9733E-04   
6.8781E-04   -1.3747E-03   
6.9372E-04   -1.3811E-03   
7.0234E-04   -1.3881E-03   
3.3930E-03   -1.0758E-04   
7.1480E-04   -1.3956E-03   
6.6567E-04   -1.4586E-03   
7.3349E-04   -1.4027E-03   
3.2979E-03   -1.4834E-04   
3.6668E-03   -1.3643E-04   
3.3066E-03   -1.3695E-04   
7.4197E-04   -1.5141E-03   
7.5662E-04   -1.5602E-03   
3.4574E-03   -1.0885E-04   
6.9850E-04   -1.4835E-03   
3.6097E-03   -1.2697E-04   
9.5632E-04   -1.5804E-03   
9.6455E-04   -1.7337E-03   
8.0278E-04   -1.5802E-03   
9.1376E-04   -1.7054E-03   
3.4530E-03   -1.4107E-04   
4.2373E-03   -1.4876E-04   
1.0754E-03   -1.8001E-03   
4.3681E-03   -1.6264E-04   
8.6652E-04   -1.9034E-03   
4.5047E-03   -2.1042E-04   
9.7241E-04   -2.1302E-03   
4.8224E-03   -1.8182E-04   
5.0540E-03   -1.2255E-04   
1.0829E-03   -2.0459E-03   
4.1036E-03   -1.5184E-04   
3.2642E-03   -1.7318E-04   
8.5541E-04   -1.2931E-03   
1.0184E-03   -1.2211E-03   
1.1247E-03   -1.1741E-03   
1.8199E-03   -8.3936E-04   
1.2349E-03   -1.1238E-03   
3.1336E-03   -2.3184E-04   
3.0647E-03   -2.5719E-04   
1.3480E-03   -1.0705E-03   
7.8875E-04   -1.3161E-03   
2.9751E-03   -2.9347E-04   
2.5597E-03   -4.7848E-04   
1.4636E-03   -1.0149E-03   
1.6995E-03   -8.9903E-04   
2.8782E-03   -3.3454E-04   
1.5810E-03   -9.5754E-04   
2.6703E-03   -4.2704E-04   
2.7764E-03   -3.7910E-04   
7.8326E-04   -1.3186E-03   
1.9444E-03   -7.7787E-04   
2.3239E-03   -5.9168E-04   
2.4441E-03   -5.3352E-04   
7.7858E-04   -1.3223E-03   
2.1987E-03   -6.5281E-04   
7.7450E-04   -1.3276E-03   
7.7615E-04   -1.3326E-03   
2.0714E-03   -7.1530E-04   
3.3196E-03   -1.5052E-04   
8.0330E-04   -1.3504E-03   
7.8192E-04   -1.3378E-03   
3.3162E-03   -1.3179E-04   
7.9101E-04   -1.3437E-03   
3.4576E-03   -8.8800E-05   
7.6062E-04   -1.4443E-03   
7.5902E-04   -1.4096E-03   
8.0347E-04   -1.4533E-03   
8.2129E-04   -1.3567E-03   
3.2306E-03   -1.6732E-04   
3.5048E-03   -1.4935E-04   
3.4056E-03   -1.3592E-04   
8.1693E-04   -1.4718E-03   
9.3770E-04   -1.5531E-03   
1.0572E-03   -1.6678E-03   
4.3684E-03   -2.0208E-04   
3.5605E-03   -1.5954E-04   
8.9915E-04   -1.5294E-03   
3.9911E-03   -1.7302E-04   
1.1085E-03   -1.7382E-03   
4.0919E-03   -1.9023E-04   
1.0435E-03   -1.8691E-03   
7.7807E-04   -1.5260E-03   
4.6541E-03   -2.1781E-04   
3.7376E-03   -1.4430E-04   
5.2131E-03   -9.7971E-05   
1.1862E-03   -1.9619E-03   
8.6465E-04   -1.2844E-03   
3.1938E-03   -2.0378E-04   
1.0580E-03   -1.1987E-03   
1.1646E-03   -1.1492E-03   
1.2751E-03   -1.0965E-03   
1.7444E-03   -8.6229E-04   
3.1251E-03   -2.2033E-04   
9.3101E-04   -1.2579E-03   
3.0230E-03   -2.5942E-04   
1.8673E-03   -8.0021E-04   
1.3894E-03   -1.0406E-03   
2.9229E-03   -3.0034E-04   
1.5066E-03   -9.8225E-04   
1.6250E-03   -9.2269E-04   
2.6033E-03   -4.4040E-04   
2.8207E-03   -3.4340E-04   
2.7140E-03   -3.8996E-04   
8.8254E-04   -1.2759E-03   
2.2461E-03   -6.1124E-04   
2.4881E-03   -4.9437E-04   
2.3690E-03   -5.5140E-04   
3.4189E-03   -1.0672E-04   
8.6589E-04   -1.2847E-03   
1.9930E-03   -7.3692E-04   
8.6600E-04   -1.2885E-03   
2.1199E-03   -6.7354E-04   
3.2372E-03   -1.5976E-04   
8.9248E-04   -1.3025E-03   
8.7126E-04   -1.2924E-03   
9.0930E-04   -1.3083E-03   
8.8022E-04   -1.2969E-03   
9.4872E-04   -1.4122E-03   
3.2135E-03   -1.8298E-04   
3.3271E-03   -1.3128E-04   
8.4533E-04   -1.3626E-03   
3.5574E-03   -6.1915E-05   
9.9844E-04   -1.4690E-03   
3.3649E-03   -1.3358E-04   
3.7013E-03   -1.7954E-04   
3.6246E-03   -1.6969E-04   
3.4458E-03   -1.8539E-04   
3.3931E-03   -1.7550E-04   
3.9322E-03   -2.1270E-04   
3.3452E-03   -1.6808E-04   
8.6240E-04   -1.5128E-03   
1.0983E-03   -1.5227E-03   
7.8536E-04   -1.4157E-03   
8.8722E-04   -1.4044E-03   
1.1389E-03   -1.6016E-03   
4.1284E-03   -2.2492E-04   
1.1371E-03   -1.6854E-03   
8.8241E-04   -1.4755E-03   
4.5056E-03   -2.5343E-04   
1.0970E-03   -1.9225E-03   
5.4122E-03   -5.1539E-05   
1.2498E-03   -1.7393E-03   
5.2015E-03   -1.3489E-04   
4.3659E-03   -2.4485E-04   
3.9071E-03   -1.6047E-04   
1.2255E-03   -1.7991E-03   
9.5698E-04   -1.2441E-03   
1.1038E-03   -1.1735E-03   
1.2098E-03   -1.1225E-03   
1.7938E-03   -8.2558E-04   
3.0746E-03   -2.2681E-04   
1.3203E-03   -1.0676E-03   
1.6734E-03   -8.8753E-04   
2.9693E-03   -2.6992E-04   
1.4368E-03   -1.0088E-03   
1.5549E-03   -9.4843E-04   
2.8696E-03   -3.1071E-04   
2.2962E-03   -5.7263E-04   
2.6504E-03   -4.0514E-04   
2.7631E-03   -3.5537E-04   
2.5349E-03   -4.5853E-04   
9.4992E-04   -1.2454E-03   
2.4171E-03   -5.1417E-04   
3.1612E-03   -1.9638E-04   
1.9180E-03   -7.6191E-04   
2.1710E-03   -6.3420E-04   
9.5722E-04   -1.2433E-03   
2.0443E-03   -6.9771E-04   
9.6254E-04   -1.2450E-03   
9.9893E-04   -1.2573E-03   
9.8276E-04   -1.2523E-03   
3.1576E-03   -1.9080E-04   
9.7069E-04   -1.2481E-03   
3.2440E-03   -1.5728E-04   
3.5004E-03   -8.8904E-05   
9.2879E-04   -1.3150E-03   
3.3033E-03   -1.6339E-04   
3.3258E-03   -2.1460E-04   
8.5553E-04   -1.3974E-03   
3.3281E-03   -1.3710E-04   
3.2769E-03   -2.0536E-04   
3.3787E-03   -2.2661E-04   
1.1264E-03   -1.4440E-03   
3.7907E-03   -1.8780E-04   
3.5735E-03   -2.0902E-04   
8.8306E-04   -1.3668E-03   
3.7751E-03   -2.3071E-04   
1.2600E-03   -1.6145E-03   
1.0402E-03   -1.5872E-03   
1.1946E-03   -1.4524E-03   
1.0407E-03   -1.4141E-03   
4.3597E-03   -2.9105E-04   
4.6505E-03   -2.6182E-04   
1.3000E-03   -1.6670E-03   
1.2363E-03   -1.8523E-03   
5.3359E-03   -1.1220E-04   
1.3655E-03   -1.7419E-03   
9.9942E-04   -1.2228E-03   
1.1570E-03   -1.1457E-03   
1.7250E-03   -8.5294E-04   
1.2538E-03   -1.0968E-03   
3.0041E-03   -2.4942E-04   
1.8465E-03   -7.8971E-04   
1.3698E-03   -1.0375E-03   
1.6063E-03   -9.1482E-04   
2.9200E-03   -2.8243E-04   
2.3485E-03   -5.3723E-04   
1.4878E-03   -9.7645E-04   
2.2251E-03   -5.9744E-04   
1.0549E-03   -1.1952E-03   
2.8204E-03   -3.2326E-04   
2.5822E-03   -4.2717E-04   
2.4670E-03   -4.8075E-04   
1.0595E-03   -1.1945E-03   
2.0985E-03   -6.6059E-04   
1.9716E-03   -7.2514E-04   
3.1597E-03   -1.8669E-04   
3.2703E-03   -1.6120E-04   
1.0899E-03   -1.2042E-03   
1.0637E-03   -1.1974E-03   
9.5775E-04   -1.3559E-03   
1.0743E-03   -1.2004E-03   
3.2520E-03   -1.5921E-04   
1.0177E-03   -1.2638E-03   
1.2602E-03   -1.3926E-03   
3.2018E-03   -2.4760E-04   
9.4459E-04   -1.3238E-03   
3.2504E-03   -2.5906E-04   
3.2328E-03   -1.9883E-04   
3.4385E-03   -2.4095E-04   
1.1501E-03   -1.4026E-03   
1.5401E-03   -1.7018E-03   
1.2907E-03   -1.4582E-03   
3.8526E-03   -2.5837E-04   
3.6602E-03   -2.2053E-04   
4.6472E-03   -3.0669E-04   
1.0909E-03   -1.3660E-03   
1.3887E-03   -1.7829E-03   
4.2210E-03   -2.8145E-04   
4.7992E-03   -2.2785E-04   
1.4213E-03   -1.5918E-03   
1.2410E-03   -1.5236E-03   
1.3060E-03   -1.5504E-03   
4.3495E-03   -3.4123E-04   
3.0753E-03   -2.1928E-04   
1.7792E-03   -8.1958E-04   
1.6603E-03   -8.8214E-04   
1.1748E-03   -1.1355E-03   
2.7864E-03   -3.3358E-04   
3.1718E-03   -1.9101E-04   
1.3038E-03   -1.0693E-03   
2.2819E-03   -5.6356E-04   
2.9784E-03   -2.5506E-04   
2.4031E-03   -5.0532E-04   
2.8741E-03   -2.9707E-04   
1.4227E-03   -1.0072E-03   
2.1560E-03   -6.2577E-04   
1.9020E-03   -7.5540E-04   
2.0284E-03   -6.9028E-04   
1.1607E-03   -1.1450E-03   
2.6179E-03   -4.0662E-04   
2.5183E-03   -4.5155E-04   
1.1815E-03   -1.1500E-03   
1.1672E-03   -1.1477E-03   
1.0321E-03   -1.2754E-03   
1.1089E-03   -1.2095E-03   
3.1634E-03   -1.8716E-04   
1.2021E-03   -1.3082E-03   
3.1945E-03   -1.9486E-04   
3.1207E-03   -2.9483E-04   
1.1857E-03   -1.3513E-03   
3.1563E-03   -2.3933E-04   
3.3019E-03   -2.7399E-04   
4.0783E-03   -2.7053E-04   
3.5128E-03   -2.5560E-04   
1.3619E-03   -1.3927E-03   
1.0293E-03   -1.3015E-03   
9.9442E-04   -1.3633E-03   
4.0007E-03   -2.3954E-04   
3.7052E-03   -2.8598E-04   
1.3921E-03   -1.4550E-03   
1.5640E-03   -1.7589E-03   
1.6129E-03   -1.6203E-03   
1.3037E-03   -1.3347E-03   
4.2341E-03   -2.3516E-04   
4.5005E-03   -3.4579E-04   
4.7934E-03   -2.6992E-04   
4.9336E-03   -2.0181E-04   
1.4248E-03   -1.4840E-03   
1.5827E-03   -1.5388E-03   
2.8236E-03   -3.1673E-04   
1.5966E-03   -9.1465E-04   
1.7133E-03   -8.5264E-04   
3.0728E-03   -2.2252E-04   
2.5801E-03   -4.2207E-04   
2.4627E-03   -4.7567E-04   
2.9097E-03   -2.8192E-04   
1.8345E-03   -7.8876E-04   
2.3422E-03   -5.3252E-04   
2.2171E-03   -5.9336E-04   
1.4813E-03   -9.7600E-04   
2.0888E-03   -6.5750E-04   
1.9604E-03   -7.2319E-04   
1.2504E-03   -1.0975E-03   
1.2600E-03   -1.0956E-03   
1.2728E-03   -1.0961E-03   
1.2010E-03   -1.1534E-03   
1.1269E-03   -1.2188E-03   
1.3580E-03   -1.0414E-03   
3.0727E-03   -2.1872E-04   
3.0323E-03   -2.7795E-04   
2.7049E-03   -3.6677E-04   
3.0743E-03   -2.8495E-04   
1.1937E-03   -1.2810E-03   
1.0955E-03   -1.3027E-03   
1.5378E-03   -1.4110E-03   
3.1688E-03   -3.0794E-04   
1.1397E-03   -1.2347E-03   
3.0683E-03   -2.3451E-04   
1.4419E-03   -1.3182E-03   
3.3558E-03   -2.9409E-04   
1.3452E-03   -1.2713E-03   
3.7891E-03   -3.0144E-04   
3.9650E-03   -3.1496E-04   
3.6073E-03   -2.6954E-04   
5.0775E-03   -2.0108E-04   
1.6750E-03   -1.4632E-03   
1.6008E-03   -1.4372E-03   
1.7415E-03   -1.6258E-03   
4.3542E-03   -3.9153E-04   
1.6115E-03   -1.8150E-03   
4.6377E-03   -3.5226E-04   
4.9437E-03   -2.3662E-04   
2.8864E-03   -2.9313E-04   
1.6466E-03   -8.9005E-04   
1.5331E-03   -9.5049E-04   
2.5284E-03   -4.4742E-04   
2.9820E-03   -2.5415E-04   
2.4071E-03   -5.0367E-04   
1.7670E-03   -8.2620E-04   
2.2828E-03   -5.6317E-04   
1.8934E-03   -7.5989E-04   
2.1539E-03   -6.2670E-04   
1.3616E-03   -1.0442E-03   
2.0230E-03   -6.9295E-04   
1.2929E-03   -1.0967E-03   
2.7735E-03   -3.3995E-04   
2.9436E-03   -3.2722E-04   
1.4389E-03   -1.0006E-03   
1.2403E-03   -1.1725E-03   
1.3171E-03   -1.0997E-03   
1.2582E-03   -1.2237E-03   
2.6507E-03   -3.9257E-04   
2.9907E-03   -3.3409E-04   
3.8080E-03   -3.4191E-04   
2.9702E-03   -2.6432E-04   
3.0379E-03   -3.4452E-04   
1.3288E-03   -1.2311E-03   
3.2128E-03   -3.2630E-04   
3.4380E-03   -3.1165E-04   
2.9923E-03   -2.7520E-04   
1.7833E-03   -1.3840E-03   
1.4615E-03   -1.2615E-03   
1.6231E-03   -1.2606E-03   
3.9164E-03   -2.8687E-04   
5.1279E-03   -2.4514E-04   
1.7145E-03   -1.3548E-03   
3.5476E-03   -3.2532E-04   
3.9319E-03   -3.6068E-04   
4.2065E-03   -4.4983E-04   
1.7803E-03   -1.4819E-03   
1.8135E-03   -1.5403E-03   
4.1579E-03   -3.9469E-04   
5.1874E-03   -1.6809E-04   
4.7932E-03   -3.1316E-04   
1.3955E-03   -1.9012E-03   
1.4569E-03   -1.3982E-03   
1.5753E-03   -9.3341E-04   
1.4634E-03   -9.9213E-04   
2.4772E-03   -4.7692E-04   
2.8519E-03   -3.1395E-04   
2.3532E-03   -5.3538E-04   
1.8247E-03   -8.0172E-04   
1.3816E-03   -1.0419E-03   
2.2239E-03   -5.9819E-04   
1.3413E-03   -1.1080E-03   
1.9567E-03   -7.3300E-04   
1.2542E-03   -1.1917E-03   
2.0906E-03   -6.6470E-04   
2.6001E-03   -4.2100E-04   
1.4101E-03   -1.0397E-03   
2.8529E-03   -3.8130E-04   
2.9523E-03   -2.7961E-04   
2.7214E-03   -3.6786E-04   
2.9033E-03   -3.2186E-04   
2.9207E-03   -3.7895E-04   
3.0872E-03   -3.5746E-04   
1.9089E-03   -1.2986E-03   
1.5170E-03   -1.1982E-03   
1.6848E-03   -1.2777E-03   
1.5676E-03   -1.2455E-03   
3.6225E-03   -3.9412E-04   
4.7693E-03   -3.5631E-04   
1.8562E-03   -1.6394E-03   
1.4106E-03   -1.1613E-03   
1.6255E-03   -1.3392E-03   
3.4958E-03   -3.8382E-04   
4.0591E-03   -3.6512E-04   
5.2456E-03   -1.9429E-04   
4.9798E-03   -3.2009E-04   
4.2587E-03   -4.9501E-04   
2.0251E-03   -1.4762E-03   
1.5744E-03   -1.8994E-03   
3.3720E-03   -3.7428E-04   
1.2642E-03   -1.8955E-03   
2.4279E-03   -5.1005E-04   
2.8740E-03   -3.1739E-04   
2.5517E-03   -4.5257E-04   
2.2997E-03   -5.7159E-04   
1.8890E-03   -7.7826E-04   
1.4968E-03   -9.8341E-04   
1.1542E-03   -1.2511E-03   
1.3600E-03   -1.1244E-03   
2.6739E-03   -3.9773E-04   
1.4450E-03   -1.0399E-03   
2.8067E-03   -3.7535E-04   
1.6965E-03   -8.6938E-04   
2.0269E-03   -7.0734E-04   
1.8275E-03   -1.2609E-03   
1.7067E-03   -1.1909E-03   
2.9453E-03   -3.9791E-04   
1.6144E-03   -1.1915E-03   
1.3741E-03   -1.1473E-03   
1.4631E-03   -1.1648E-03   
1.4456E-03   -1.1997E-03   
1.8099E-03   -1.1980E-03   
1.9607E-03   -1.3420E-03   
3.7546E-03   -4.0796E-04   
4.6066E-03   -4.0812E-04   
3.4418E-03   -4.4596E-04   
2.6873E-03   -4.4132E-04   
3.1963E-03   -4.3319E-04   
3.9126E-03   -4.2390E-04   
2.0557E-03   -1.5749E-03   
1.6905E-03   -1.6898E-03   
3.3206E-03   -4.3697E-04   
4.2049E-03   -3.3158E-04   
2.1331E-03   -1.4938E-03   
1.9372E-03   -1.4587E-03   
4.4481E-03   -4.7870E-04   
4.0634E-03   -5.1686E-04   
2.5059E-03   -4.8660E-04   
2.3847E-03   -5.4466E-04   
2.7651E-03   -3.7111E-04   
1.4742E-03   -1.0506E-03   
2.7768E-03   -3.5253E-04   
2.6281E-03   -4.3066E-04   
2.2512E-03   -6.1042E-04   
1.5404E-03   -9.7486E-04   
1.9623E-03   -7.5488E-04   
2.1059E-03   -6.8233E-04   
1.8674E-03   -1.1226E-03   
1.7696E-03   -1.1230E-03   
1.6217E-03   -9.1857E-04   
1.4845E-03   -1.1043E-03   
1.4843E-03   -1.0762E-03   
1.5583E-03   -1.0959E-03   
1.7535E-03   -8.4931E-04   
3.0217E-03   -4.1088E-04   
2.5903E-03   -5.0803E-04   
3.1495E-03   -4.9435E-04   
1.5814E-03   -1.1288E-03   
3.0481E-03   -4.5111E-04   
2.1034E-03   -1.3962E-03   
3.5629E-03   -4.5919E-04   
2.1118E-03   -1.2509E-03   
1.6573E-03   -1.5588E-03   
2.2590E-03   -1.5037E-03   
2.8263E-03   -4.6508E-04   
3.2637E-03   -5.0104E-04   
2.0006E-03   -1.1561E-03   
2.2198E-03   -1.4126E-03   
1.9611E-03   -1.6613E-03   
4.1267E-03   -5.6050E-04   
4.6550E-03   -4.6314E-04   
2.4706E-03   -5.1696E-04   
2.5834E-03   -4.6610E-04   
1.8219E-03   -8.2780E-04   
1.5967E-03   -1.0397E-03   
2.0441E-03   -7.3237E-04   
1.7456E-03   -1.0557E-03   
1.6033E-03   -9.6501E-04   
2.6447E-03   -5.2120E-04   
1.6809E-03   -9.0215E-04   
1.6254E-03   -9.8875E-04   
3.1372E-03   -3.6540E-04   
2.1982E-03   -6.5724E-04   
2.6935E-03   -4.1573E-04   
1.8353E-03   -1.0524E-03   
3.0913E-03   -5.5931E-04   
1.9319E-03   -1.0507E-03   
3.0538E-03   -4.9142E-04   
1.4997E-03   -1.6104E-03   
2.4260E-03   -1.5024E-03   
3.3778E-03   -5.1264E-04   
1.7544E-03   -1.7199E-03   
2.2278E-03   -1.0916E-03   
2.1664E-03   -1.3071E-03   
2.8733E-03   -4.9252E-04   
3.6873E-03   -4.7671E-04   
2.0773E-03   -1.6865E-03   
2.2664E-03   -1.1533E-03   
2.3120E-03   -1.3249E-03   
2.1899E-03   -1.5894E-03   
3.9228E-03   -5.8876E-04   
1.9659E-03   -1.1191E-03   
4.8746E-03   -4.4210E-04   
1.9001E-03   -8.0542E-04   
1.9043E-03   -9.7853E-04   
2.3665E-03   -5.7524E-04   
1.7600E-03   -8.7904E-04   
2.4699E-03   -5.8109E-04   
2.0320E-03   -1.0524E-03   
1.6792E-03   -1.0560E-03   
3.3082E-03   -5.8303E-04   
2.1290E-03   -7.1394E-04   
1.9987E-03   -9.7636E-04   
1.7211E-03   -9.1960E-04   
2.6925E-03   -5.4479E-04   
3.1982E-03   -5.6963E-04   
2.5243E-03   -5.0989E-04   
1.7027E-03   -1.0123E-03   
2.9104E-03   -5.2656E-04   
1.8321E-03   -1.4143E-03   
2.1247E-03   -1.0655E-03   
2.3172E-03   -1.2026E-03   
2.4051E-03   -1.2341E-03   
2.4503E-03   -1.3491E-03   
2.6472E-03   -1.4085E-03   
3.9932E-03   -6.4123E-04   
1.9429E-03   -1.7815E-03   
3.6070E-03   -5.4811E-04   
5.0253E-03   -3.7663E-04   
1.9810E-03   -7.8633E-04   
1.8423E-03   -8.5654E-04   
2.3030E-03   -6.3582E-04   
2.0671E-03   -9.0150E-04   
2.5123E-03   -6.0319E-04   
2.9644E-03   -5.5945E-04   
2.7387E-03   -5.7329E-04   
2.1014E-03   -9.7537E-04   
3.1315E-03   -6.4131E-04   
3.0251E-03   -6.2878E-04   
3.7303E-03   -6.1014E-04   
3.4215E-03   -6.0083E-04   
2.6144E-03   -1.1631E-03   
2.4662E-03   -1.1113E-03   
1.8082E-03   -9.8833E-04   
3.7974E-03   -5.0333E-04   
4.3035E-03   -5.3291E-04   
3.7837E-03   -7.3746E-04   
2.6579E-03   -1.3355E-03   
2.6528E-03   -1.4830E-03   
2.6871E-03   -1.2594E-03   
2.3222E-03   -9.9256E-04   
2.1780E-03   -1.7239E-03   
5.0828E-03   -4.2197E-04   
1.9173E-03   -8.4336E-04   
2.4505E-03   -5.6094E-04   
1.8434E-03   -9.3277E-04   
2.1943E-03   -7.0823E-04   
2.9369E-03   -7.1596E-04   
2.3234E-03   -6.7019E-04   
2.0601E-03   -7.7371E-04   
2.5584E-03   -6.3049E-04   
2.1679E-03   -8.9750E-04   
2.8138E-03   -6.4197E-04   
2.2834E-03   -8.9496E-04   
2.8512E-03   -6.8129E-04   
3.8707E-03   -5.4157E-04   
3.2425E-03   -6.5454E-04   
3.5454E-03   -6.2375E-04   
4.4538E-03   -5.4210E-04   
2.4274E-03   -1.0602E-03   
3.7104E-03   -5.6476E-04   
2.4184E-03   -1.0078E-03   
3.5792E-03   -6.8080E-04   
1.9793E-03   -8.9726E-04   
2.4271E-03   -8.9209E-04   
2.7548E-03   -1.1753E-03   
3.5879E-03   -7.4231E-04   
3.9968E-03   -7.0076E-04   
2.4961E-03   -1.1568E-03   
2.8387E-03   -1.2583E-03   
2.8165E-03   -1.3922E-03   
2.0234E-03   -1.8128E-03   
1.9888E-03   -8.4258E-04   
2.3456E-03   -8.1453E-04   
2.1562E-03   -7.5499E-04   
2.3843E-03   -6.8818E-04   
2.5749E-03   -9.7484E-04   
2.2292E-03   -8.2395E-04   
2.7305E-03   -7.6600E-04   
3.0908E-03   -7.0285E-04   
3.0107E-03   -1.3406E-03   
3.4187E-03   -7.5131E-04   
1.7809E-03   -9.1091E-04   
2.5436E-03   -9.1873E-04   
3.3466E-03   -6.7425E-04   
2.6162E-03   -6.5536E-04   
2.6621E-03   -7.2969E-04   
2.8343E-03   -1.0883E-03   
1.9707E-03   -1.8863E-03   
2.9047E-03   -1.1845E-03   
3.5744E-03   -8.0187E-04   
4.1366E-03   -6.5015E-04   
2.7865E-03   -6.0333E-04   
1.7321E-03   -9.6328E-04   
2.1307E-03   -8.3841E-04   
2.4684E-03   -8.1156E-04   
2.2544E-03   -7.6898E-04   
3.1659E-03   -7.2862E-04   
2.5296E-03   -7.3456E-04   
2.6069E-03   -8.4149E-04   
2.2479E-03   -7.3676E-04   
3.4334E-03   -8.7833E-04   
2.1246E-03   -8.0585E-04   
4.3110E-03   -6.2337E-04   
3.4067E-03   -8.1854E-04   
2.6823E-03   -1.0724E-03   
2.5781E-03   -8.0795E-04   
3.1462E-03   -1.2504E-03   
1.7478E-03   -1.9694E-03   
2.6810E-03   -6.7221E-04   
2.8177E-03   -9.7182E-04   
2.9795E-03   -7.7454E-04   
3.0619E-03   -8.1952E-04   
2.9352E-03   -9.9443E-04   
3.4938E-03   -9.3163E-04   
2.6970E-03   -9.0326E-04   
3.0674E-03   -1.1980E-03   
3.2168E-03   -1.2899E-03   
3.0232E-03   -9.0384E-04   
2.7445E-03   -9.3833E-04   
3.4065E-03   -1.2829E-03   
3.0584E-03   -1.0195E-03   
3.4329E-03   -6.9534E-04   
3.7322E-03   -8.8525E-04   
3.2732E-03   -9.6921E-04   
2.8575E-03   -8.5952E-04   
3.2296E-03   -8.2558E-04   
2.9686E-03   -1.1040E-03   
3.3139E-03   -1.0256E-03   
3.9168E-03   -7.8010E-04   
3.6093E-03   -1.1811E-03   
3.1457E-03   -1.0456E-03   
2.9007E-03   -8.9838E-04   
3.3042E-03   -1.0992E-03   
3.4910E-03   -1.0958E-03   
3.7324E-03   -1.0130E-03   
3.8201E-03   -9.2622E-04   
3.6643E-03   -1.1024E-03   
1.7909E-04   -2.3459E-03   
3.2832E-03   -1.1675E-03   
3.0935E-03   -1.3850E-03   
5.4013E-03   -1.9248E-04   
4.0493E-04   -1.9715E-03   
5.8904E-03   -2.8625E-05   
5.2933E-03   -4.0113E-04   
3.2523E-04   -2.3723E-03   
1.5605E-03   -1.9753E-03   
3.6857E-03   -1.2253E-03   
5.4928E-03   -1.0235E-04   
4.9715E-04   -2.3515E-03   
1.7538E-03   -1.8261E-03   
7.0616E-04   -2.3215E-03   
9.1971E-04   -2.2887E-03   
1.1330E-03   -2.2493E-03   
1.3531E-03   -2.2043E-03   
6.0775E-03   -2.6184E-05   
1.5780E-03   -2.1548E-03   
1.8141E-03   -2.0979E-03   
5.1583E-03   -3.2687E-04   
2.0576E-03   -2.0391E-03   
6.2702E-03   -2.5219E-05   
2.3049E-03   -1.9775E-03   
2.5595E-03   -1.9135E-03   
3.9481E-03   -8.4690E-04   
2.8470E-03   -1.8373E-03   
6.4730E-03   -2.3372E-05   
4.4999E-03   -3.8609E-04   
3.0764E-03   -1.8013E-03   
2.3029E-03   -1.4367E-03   
1.1865E-03   -2.0889E-03   
5.1961E-03   -2.8475E-04   
3.3442E-03   -1.7138E-03   
3.6446E-03   -1.6514E-03   
6.6822E-03   -2.0672E-05   
3.9246E-03   -1.5878E-03   
2.4344E-03   -1.6649E-03   
4.2357E-03   -1.5109E-03   
4.4780E-03   -1.4752E-03   
6.8990E-03   -1.7934E-05   
4.7590E-03   -1.3862E-03   
5.0760E-03   -1.3112E-03   
5.2349E-04   -2.2353E-03   
5.3731E-03   -1.2307E-03   
7.1492E-03   -1.6184E-05   
5.5684E-03   -6.3811E-05   
2.6019E-03   -1.5670E-03   
5.6949E-03   -1.1295E-03   
6.0021E-03   -1.0386E-03   
4.9390E-03   -4.7999E-04   
7.4275E-03   -8.7505E-06   
4.5054E-03   -5.9214E-04   
4.1491E-03   -6.9840E-04   
6.6063E-03   -8.1389E-04   
7.7259E-03   -1.2878E-04   
7.7812E-03   -1.2861E-04   
7.7517E-03   -3.6088E-05   
7.7751E-03   -1.4979E-05   
7.7335E-03   -8.1476E-05   
2.1201E-03   -1.8976E-03   
7.2818E-03   -4.7120E-04   
6.0616E-04   -2.2782E-03   
4.6568E-03   -6.0289E-04   
4.3863E-03   -6.7509E-04   
1.0669E-03   -2.1623E-03   
4.1086E-03   -8.4354E-04   
1.3783E-03   -2.0517E-03   
5.5462E-03   -1.6193E-04   
3.8737E-03   -1.0259E-03   
5.4392E-03   -3.3768E-04   
1.5298E-03   -2.0544E-03   
2.7261E-03   -1.5963E-03   
1.0490E-03   -2.2157E-03   
3.0145E-03   -1.4854E-03   
1.4921E-03   -2.1233E-03   
4.8898E-03   -5.3890E-04   
5.2857E-03   -1.1828E-03   
3.8439E-03   -1.5391E-03   
1.9744E-03   -1.9980E-03   
2.5049E-03   -1.7105E-03   
2.4730E-03   -1.8725E-03   
2.4148E-03   -1.8116E-03   
6.3643E-03   -4.9150E-05   
3.9527E-03   -1.1709E-03   
5.6572E-03   -9.1516E-05   
5.3577E-03   -4.3839E-04   
5.9919E-03   -5.0980E-05   
7.1183E-03   -3.4956E-05   
3.5113E-03   -1.3236E-03   
4.3334E-03   -1.4171E-03   
5.2825E-03   -2.1717E-04   
5.3551E-03   -2.9565E-04   
3.9654E-03   -8.8707E-04   
2.8809E-03   -1.4176E-03   
7.5953E-03   -3.4914E-06   
6.3159E-03   -9.2685E-04   
2.9264E-03   -1.7485E-03   
5.7660E-03   -1.0374E-03   
7.7904E-03   -8.6900E-05   
7.8262E-03   -7.8377E-06   
7.8144E-03   -2.2123E-05   
7.7993E-03   -5.2260E-05   
4.7915E-03   -1.2963E-03   
3.3656E-03   -1.6206E-03   
6.7770E-03   -3.8757E-05   
6.8772E-03   -5.9105E-04   
7.4598E-03   -2.5534E-05   
7.2465E-03   -4.2994E-04   
7.4098E-03   -1.8782E-04   
7.4943E-03   -3.5688E-05   
7.4564E-03   -8.0247E-05   
7.3630E-03   -2.9328E-04   
4.8477E-03   -6.0983E-04   
3.7845E-03   -1.4873E-03   
5.6055E-03   -1.2561E-04   
5.7964E-03   -1.0522E-04   
6.2507E-03   -7.8375E-05   
6.7694E-04   -2.2189E-03   
3.4280E-03   -1.4217E-03   
4.3411E-03   -7.6704E-04   
2.6321E-03   -1.7811E-03   
5.5810E-03   -1.9900E-04   
6.6594E-03   -6.3921E-05   
6.2146E-03   -9.0101E-04   
1.9072E-03   -1.9615E-03   
3.5794E-03   -1.5313E-03   
2.8467E-03   -1.7180E-03   
4.2720E-03   -1.3749E-03   
3.1761E-03   -1.4826E-03   
5.0732E-03   -1.1888E-03   
4.1170E-03   -9.7908E-04   
3.1214E-03   -1.6436E-03   
5.2893E-03   -5.0531E-04   
5.5078E-03   -3.7910E-04   
4.5548E-03   -1.3122E-03   
4.1520E-03   -1.0577E-03   
6.8945E-03   -5.4299E-05   
4.0335E-03   -1.2289E-03   
6.4546E-03   -7.0932E-05   
2.9655E-03   -1.5715E-03   
5.5156E-03   -2.4750E-04   
4.0249E-03   -1.4323E-03   
4.2745E-03   -8.6643E-04   
6.0144E-03   -8.4140E-05   
5.5787E-03   -2.7967E-04   
7.1047E-03   -2.8642E-04   
7.2240E-03   -6.1560E-05   
7.1798E-03   -1.2966E-04   
7.2661E-03   -3.5721E-05   
5.0501E-03   -5.4574E-04   
6.4900E-03   -7.4608E-04   
6.9381E-03   -4.8944E-04   
7.4429E-03   -6.6421E-05   
7.3789E-03   -2.5094E-04   
7.3872E-03   -1.2942E-04   
7.3567E-03   -1.5666E-04   
3.9522E-03   -1.3843E-03   
2.9686E-03   -1.6330E-03   
6.7348E-03   -8.2463E-05   
5.9893E-03   -9.4740E-04   
3.4349E-03   -1.5148E-03   
4.2151E-03   -1.1203E-03   
3.8679E-03   -1.3389E-03   
5.7329E-03   -3.5380E-04   
5.9319E-03   -1.2180E-04   
4.8590E-03   -1.2012E-03   
6.3508E-03   -9.7540E-05   
7.1540E-03   -1.7476E-04   
7.2457E-03   -8.9343E-05   
5.7941E-03   -2.5811E-04   
4.8077E-03   -6.8654E-04   
5.7828E-03   -1.8580E-04   
4.5489E-03   -7.7136E-04   
7.0907E-03   -2.3027E-04   
6.5816E-03   -6.1597E-04   
5.4816E-03   -4.9830E-04   
5.3628E-03   -1.0780E-03   
4.3525E-03   -9.5786E-04   
3.6371E-03   -1.4032E-03   
4.4458E-03   -1.2704E-03   
5.3344E-03   -5.5203E-04   
7.1026E-03   -5.4896E-05   
6.4362E-03   -7.1290E-04   
6.9788E-03   -3.8719E-04   
4.9123E-03   -1.1007E-03   
4.6180E-03   -9.1882E-04   
5.2969E-03   -6.1665E-04   
5.7013E-03   -4.6324E-04   
4.6201E-03   -1.1656E-03   
4.1174E-03   -1.2798E-03   
6.8072E-03   -9.8245E-05   
6.2833E-03   -7.2680E-04   
6.3687E-03   -1.2893E-04   
6.6088E-03   -1.1305E-04   
4.3677E-03   -1.2233E-03   
5.9300E-03   -2.0239E-04   
5.9475E-03   -1.5583E-04   
5.8760E-03   -2.9217E-04   
4.3145E-03   -9.1544E-04   
4.4556E-03   -1.0748E-03   
5.8219E-03   -3.8791E-04   
5.4342E-03   -9.8675E-04   
5.0140E-03   -6.8871E-04   
4.7655E-03   -7.6647E-04   
4.5950E-03   -9.9337E-04   
5.5303E-03   -5.7958E-04   
5.6780E-03   -5.2087E-04   
5.5780E-03   -1.0566E-03   
5.9600E-03   -3.2361E-04   
4.5355E-03   -1.1207E-03   
7.0028E-03   -8.1788E-05   
6.1371E-03   -1.6180E-04   
6.0099E-03   -2.3879E-04   
5.9689E-03   -8.4047E-04   
6.2981E-03   -1.7228E-04   
4.7515E-03   -8.3030E-04   
5.1702E-03   -6.9749E-04   
5.7284E-03   -5.6250E-04   
4.6871E-03   -1.0242E-03   
6.2389E-03   -2.1583E-04   
6.4241E-03   -6.2108E-04   
5.9198E-03   -4.0837E-04   
6.1847E-03   -2.9173E-04   
5.8563E-03   -9.4756E-04   
6.7065E-03   -1.2847E-04   
4.9014E-03   -8.4214E-04   
5.1582E-03   -7.5879E-04   
7.0895E-03   -9.4262E-05   
6.1159E-03   -3.7950E-04   
6.8345E-03   -1.3883E-04   
4.9359E-03   -9.6203E-04   
6.2826E-03   -2.4627E-04   
6.5921E-03   -1.6518E-04   
6.2677E-03   -3.1488E-04   
5.3807E-03   -7.4338E-04   
6.4143E-03   -1.8164E-04   
5.6420E-03   -6.5159E-04   
6.0232E-03   -4.9547E-04   
6.4503E-03   -2.4885E-04   
6.1222E-03   -5.3137E-04   
5.0223E-03   -9.9941E-04   
5.8492E-03   -6.3734E-04   
5.1066E-03   -8.5033E-04   
5.5863E-03   -7.3278E-04   
6.6471E-03   -1.8796E-04   
7.0593E-03   -1.2634E-04   
6.2902E-03   -5.2693E-04   
6.0657E-03   -6.1285E-04   
6.7113E-03   -2.0875E-04   
5.1979E-03   -9.0375E-04   
5.4900E-03   -8.2972E-04   
6.5977E-03   -2.5170E-04   
6.5393E-03   -4.6795E-04   
6.0452E-03   -6.8387E-04   
6.9380E-03   -1.7150E-04   
6.5887E-03   -2.8504E-04   
6.5245E-03   -5.3091E-04   
7.0402E-03   -1.7905E-04   
6.2804E-03   -6.2759E-04   
6.3508E-03   -3.3696E-04   
6.1991E-03   -4.0853E-04   
6.3098E-03   -4.3119E-04   
6.5879E-03   -3.6163E-04   
