51 
1844 
3.5803E-02   -6.0393E-03   
3.7230E-02   -3.5520E-03   
3.8214E-02   -2.1071E-03   
3.8884E-02   -1.0355E-03   
1.6996E-37   -8.7153E-05   
3.9116E-02   1.8879E-38   
3.9288E-02   -8.7585E-35   
3.9387E-02   -2.4602E-35   
3.9687E-02   8.9892E-36   
4.0007E-02   2.4322E-35   
4.0450E-02   6.2861E-35   
4.1024E-02   9.2560E-35   
4.1484E-02   1.1313E-34   
4.2291E-02   1.6973E-34   
4.2908E-02   2.0014E-34   
4.3587E-02   1.6872E-34   
4.3951E-02   2.5874E-34   
4.4723E-02   3.6808E-34   
4.5557E-02   5.0697E-34   
4.6000E-02   -5.3972E-30   
4.6000E-02   -1.3407E-34   
4.6000E-02   -1.3407E-34   
4.6000E-02   -1.3407E-34   
4.6000E-02   -1.3407E-34   
4.6000E-02   -1.3407E-34   
4.6000E-02   -1.3407E-34   
4.6000E-02   -1.3407E-34   
4.6000E-02   -1.3407E-34   
4.6000E-02   -1.3407E-34   
4.6000E-02   -1.3407E-34   
4.6000E-02   -1.3407E-34   
4.6000E-02   -1.3407E-34   
4.4743E-02   -8.0057E-04   
4.3407E-02   -1.4813E-03   
4.2786E-02   -1.7210E-03   
4.2171E-02   -1.9199E-03   
4.0945E-02   -2.2459E-03   
4.0330E-02   -2.3896E-03   
3.9092E-02   -2.6699E-03   
3.8462E-02   -2.8221E-03   
3.6096E-02   -3.9571E-03   
2.7970E-02   -9.3477E-03   
2.0607E-02   -1.3948E-02   
6.4020E-03   -2.4054E-02   
4.1568E-03   -2.6188E-02   
3.6725E-03   -2.6504E-02   
2.7625E-03   -2.6812E-02   
1.8309E-03   -2.6917E-02   
9.0533E-04   -2.6963E-02   
-1.2827E-37   -2.6975E-02   
5.9229E-34   -2.6673E-02   
6.2537E-34   -2.6384E-02   
5.8669E-34   -2.5988E-02   
5.5135E-34   -2.5751E-02   
4.7420E-34   -2.5341E-02   
4.2394E-34   -2.5079E-02   
3.7232E-34   -2.4768E-02   
3.1628E-34   -2.4411E-02   
2.5968E-34   -2.3328E-02   
3.2167E-02   -5.8231E-03   
4.5443E-02   -1.5581E-05   
4.4868E-02   -4.6794E-05   
4.4047E-02   -1.0133E-04   
4.3378E-02   -1.5298E-04   
4.2725E-02   -2.2036E-04   
4.2014E-02   -2.6325E-04   
4.1448E-02   -2.8349E-04   
4.0726E-02   -3.4256E-04   
4.0029E-02   -3.8722E-04   
3.9342E-02   -4.3743E-04   
3.8674E-02   -5.0075E-04   
3.7987E-02   -6.0892E-04   
3.7265E-02   -8.3574E-04   
3.6250E-02   -1.4138E-03   
3.4980E-02   -2.6495E-03   
3.7204E-02   -2.2712E-03   
3.7596E-02   -9.5382E-04   
3.8147E-02   -4.8324E-04   
3.8692E-02   -3.1444E-04   
3.9235E-02   -2.5931E-04   
3.9765E-02   -2.4141E-04   
4.0407E-02   -2.0843E-04   
4.1009E-02   -1.8688E-04   
4.1580E-02   -1.6246E-04   
4.2161E-02   -1.6012E-04   
4.2826E-02   -1.1937E-04   
4.3468E-02   -8.6816E-05   
4.4100E-02   -6.2931E-05   
4.4783E-02   -2.7762E-05   
4.5383E-02   -6.7372E-06   
3.8794E-02   -5.2940E-04   
3.9004E-02   -1.9418E-04   
3.9255E-02   -1.1629E-04   
3.9662E-02   -9.0694E-05   
4.0079E-02   -8.4846E-05   
4.0616E-02   -8.6852E-05   
4.1115E-02   -8.7905E-05   
4.1628E-02   -8.4452E-05   
4.2310E-02   -6.5091E-05   
4.2889E-02   -4.9831E-05   
4.3553E-02   -3.9214E-05   
4.4216E-02   -2.3845E-05   
4.4874E-02   -1.1173E-05   
4.5487E-02   -8.8482E-07   
4.5333E-02   -3.4217E-05   
4.4699E-02   -9.1139E-05   
4.3924E-02   -1.7839E-04   
4.3231E-02   -2.3443E-04   
4.2610E-02   -3.2119E-04   
4.1856E-02   -3.9354E-04   
4.1116E-02   -4.6365E-04   
4.0422E-02   -5.2427E-04   
3.9691E-02   -6.0617E-04   
3.9011E-02   -6.8823E-04   
3.8134E-02   -8.3131E-04   
3.7190E-02   -1.0525E-03   
3.6272E-02   -1.3651E-03   
3.5101E-02   -1.9709E-03   
3.1876E-02   -4.1338E-03   
1.2564E-02   -1.6826E-02   
4.5278E-02   -6.5501E-05   
4.4729E-02   -1.3554E-04   
4.3790E-02   -2.7144E-04   
4.3178E-02   -3.6169E-04   
4.2455E-02   -4.5397E-04   
4.1578E-02   -5.8078E-04   
4.0827E-02   -6.5451E-04   
4.0093E-02   -7.4162E-04   
3.9212E-02   -8.8005E-04   
3.8372E-02   -1.0461E-03   
3.7486E-02   -1.2452E-03   
3.6592E-02   -1.4543E-03   
3.5455E-02   -1.9074E-03   
3.3061E-02   -3.2623E-03   
2.0541E-02   -1.1487E-02   
2.1723E-03   -2.3863E-02   
4.5473E-02   -6.5302E-05   
4.4456E-02   -2.3727E-04   
4.3883E-02   -3.3259E-04   
4.3177E-02   -4.6884E-04   
4.2132E-02   -6.4434E-04   
4.1388E-02   -7.6802E-04   
4.0627E-02   -8.7407E-04   
3.9712E-02   -1.0304E-03   
3.8867E-02   -1.1996E-03   
3.7978E-02   -1.3653E-03   
3.7124E-02   -1.5612E-03   
3.6080E-02   -1.8586E-03   
3.3566E-02   -3.2453E-03   
2.5786E-02   -8.3557E-03   
7.7459E-03   -2.0782E-02   
1.2128E-03   -2.4886E-02   
4.5134E-02   -1.6152E-04   
4.4524E-02   -3.0211E-04   
4.3785E-02   -4.7734E-04   
4.3040E-02   -6.5031E-04   
4.1971E-02   -8.5629E-04   
4.1124E-02   -9.8767E-04   
4.0236E-02   -1.1765E-03   
3.9380E-02   -1.3582E-03   
3.8405E-02   -1.5203E-03   
3.7609E-02   -1.6862E-03   
3.6730E-02   -1.9567E-03   
3.5014E-02   -2.7257E-03   
2.7924E-02   -7.3326E-03   
1.2598E-02   -1.8118E-02   
2.5002E-03   -2.4878E-02   
1.0511E-03   -2.5304E-02   
4.5300E-02   -1.9888E-04   
4.4453E-02   -4.5423E-04   
4.3766E-02   -6.2078E-04   
4.2681E-02   -9.0030E-04   
4.1720E-02   -1.1416E-03   
4.0882E-02   -1.2842E-03   
3.9824E-02   -1.4978E-03   
3.9022E-02   -1.6667E-03   
3.8008E-02   -1.8548E-03   
3.7104E-02   -2.0895E-03   
3.5901E-02   -2.5735E-03   
3.1857E-02   -5.0297E-03   
1.9986E-02   -1.3371E-02   
5.2510E-03   -2.3845E-02   
2.1071E-03   -2.5529E-02   
9.5580E-04   -2.5648E-02   
4.5170E-02   -2.9079E-04   
4.4229E-02   -6.1355E-04   
4.3573E-02   -8.0542E-04   
4.2290E-02   -1.1895E-03   
4.1519E-02   -1.3751E-03   
4.0634E-02   -1.5902E-03   
3.9677E-02   -1.7629E-03   
3.8687E-02   -1.9811E-03   
3.7567E-02   -2.2363E-03   
3.6605E-02   -2.5631E-03   
3.3450E-02   -4.5142E-03   
2.5312E-02   -1.0131E-02   
8.5789E-03   -2.2378E-02   
3.6709E-03   -2.5394E-02   
2.0195E-03   -2.5938E-02   
1.0077E-03   -2.5975E-02   
4.5207E-02   -3.8836E-04   
4.4387E-02   -7.4735E-04   
4.3302E-02   -1.1072E-03   
4.2348E-02   -1.4358E-03   
4.1334E-02   -1.6137E-03   
4.0336E-02   -1.8331E-03   
3.9373E-02   -2.0665E-03   
3.8396E-02   -2.3087E-03   
3.7396E-02   -2.5354E-03   
3.4698E-02   -3.9768E-03   
2.7188E-02   -9.1735E-03   
1.3341E-02   -1.9436E-02   
5.0811E-03   -2.5097E-02   
3.0156E-03   -2.6139E-02   
1.9628E-03   -2.6265E-02   
1.0914E-03   -2.6288E-02   
4.4873E-02   -6.8074E-04   
4.3905E-02   -1.1664E-03   
4.3125E-02   -1.4011E-03   
4.1858E-02   -1.7709E-03   
4.1075E-02   -1.9546E-03   
3.9969E-02   -2.2057E-03   
3.8987E-02   -2.4520E-03   
3.8116E-02   -2.6324E-03   
3.6423E-02   -3.3719E-03   
3.0476E-02   -7.0220E-03   
2.0984E-02   -1.3699E-02   
7.3066E-03   -2.3984E-02   
4.0750E-03   -2.6187E-02   
2.9212E-03   -2.6477E-02   
1.9486E-03   -2.6581E-02   
8.7633E-04   -2.6685E-02   
1.0168E-02   -6.3234E-04   
1.9094E-02   -1.8947E-03   
2.6868E-02   -3.3006E-03   
3.1246E-02   -4.7124E-03   
3.3572E-02   -5.7647E-03   
3.4812E-02   -6.3442E-03   
3.5377E-02   -6.2373E-03   
3.6083E-02   -5.7188E-03   
3.6284E-02   -5.3425E-03   
3.6461E-02   -4.9777E-03   
3.6627E-02   -4.6413E-03   
3.6786E-02   -4.3336E-03   
3.6940E-02   -4.0514E-03   
3.7088E-02   -3.7917E-03   
3.7368E-02   -3.3300E-03   
3.7501E-02   -3.1235E-03   
3.7630E-02   -2.9304E-03   
3.7756E-02   -2.7494E-03   
3.7877E-02   -2.5777E-03   
3.7994E-02   -2.4140E-03   
3.8107E-02   -2.2575E-03   
3.8317E-02   -1.9619E-03   
3.8415E-02   -1.8208E-03   
3.8508E-02   -1.6832E-03   
3.8595E-02   -1.5487E-03   
3.8676E-02   -1.4168E-03   
3.8752E-02   -1.2873E-03   
3.8821E-02   -1.1601E-03   
3.8941E-02   -9.1145E-04   
3.8991E-02   -7.8628E-04   
3.9032E-02   -6.6095E-04   
3.9061E-02   -5.3121E-04   
3.9096E-02   -4.0312E-04   
3.9105E-02   -2.7103E-04   
3.9124E-02   -1.3758E-04   
3.9189E-02   -2.9564E-34   
3.9225E-02   -2.9520E-34   
3.9249E-02   -2.2961E-34   
3.9265E-02   -1.3094E-34   
3.9278E-02   -1.0688E-34   
3.9299E-02   -7.1075E-35   
3.9313E-02   -5.6844E-35   
3.9332E-02   -4.4564E-35   
3.9356E-02   -3.3911E-35   
3.9427E-02   -1.6424E-35   
3.9476E-02   -9.2179E-36   
3.9535E-02   -2.8023E-36   
3.9605E-02   3.1799E-36   
3.9781E-02   1.4267E-35   
3.9887E-02   1.9389E-35   
4.0141E-02   2.9537E-35   
4.0288E-02   3.4706E-35   
4.0626E-02   6.7258E-35   
4.0818E-02   5.2003E-35   
4.1246E-02   9.9679E-35   
4.1737E-02   1.2911E-34   
4.2006E-02   1.4467E-34   
4.2591E-02   1.7092E-34   
4.3240E-02   2.2209E-34   
4.4329E-02   3.1419E-34   
4.5132E-02   3.1291E-34   
4.6000E-02   -1.3407E-34   
4.6000E-02   -1.3407E-34   
4.6000E-02   -1.3407E-34   
4.6000E-02   -1.3407E-34   
4.6000E-02   -1.3407E-34   
4.4051E-02   -1.1851E-03   
4.1558E-02   -2.0915E-03   
3.9713E-02   -2.5289E-03   
3.7764E-02   -3.0330E-03   
3.3085E-02   -5.8489E-03   
1.2164E-02   -1.9860E-02   
4.7583E-03   -2.5525E-02   
3.2208E-03   -2.6706E-02   
2.2974E-03   -2.6874E-02   
1.3659E-03   -2.6945E-02   
4.5021E-04   -2.6974E-02   
4.3788E-34   -2.6823E-02   
6.1729E-34   -2.6527E-02   
6.0585E-34   -2.6247E-02   
8.8214E-34   -2.6114E-02   
8.8401E-34   -2.5866E-02   
5.3554E-34   -2.5641E-02   
5.1791E-34   -2.5536E-02   
4.9508E-34   -2.5437E-02   
4.5656E-34   -2.5250E-02   
4.3965E-34   -2.5162E-02   
4.1033E-34   -2.4999E-02   
3.9715E-34   -2.4920E-02   
3.8383E-34   -2.4842E-02   
3.6277E-34   -2.4695E-02   
3.5234E-34   -2.4622E-02   
3.4036E-34   -2.4551E-02   
3.2805E-34   -2.4482E-02   
3.0636E-34   -2.4331E-02   
2.9661E-34   -2.4231E-02   
2.8796E-34   -2.4101E-02   
2.7931E-34   -2.3927E-02   
2.6954E-34   -2.3684E-02   
2.4904E-34   -2.2787E-02   
2.3789E-34   -2.1958E-02   
2.2647E-34   -2.0719E-02   
2.1586E-34   -1.8956E-02   
2.0582E-34   -1.6552E-02   
2.9876E-34   -1.3320E-02   
2.7062E-34   -9.4771E-03   
1.9776E-34   -4.9032E-03   
3.6262E-02   -4.6732E-03   
3.7427E-02   -2.8936E-03   
3.7834E-02   -2.3671E-03   
3.6633E-02   -4.0541E-03   
3.8776E-02   -1.1297E-03   
3.5619E-02   -5.8240E-03   
2.9244E-02   -5.8613E-03   
3.8515E-02   -1.5049E-03   
3.9029E-02   -6.5885E-04   
3.8199E-02   -1.9125E-03   
3.6971E-02   -3.5342E-03   
3.8916E-02   -8.9188E-04   
3.7130E-02   -3.3046E-03   
3.5308E-02   -6.1829E-03   
3.8083E-02   -2.0580E-03   
3.8608E-02   -1.3768E-03   
3.9159E-02   -1.9077E-04   
1.3505E-02   -4.8806E-03   
3.4856E-02   -6.4261E-03   
3.7567E-02   -2.7085E-03   
3.7700E-02   -2.5330E-03   
3.8849E-02   -1.0100E-03   
3.2655E-02   -6.2642E-03   
3.9074E-02   -5.4055E-04   
2.2571E-02   -5.7869E-03   
3.4274E-02   -6.5841E-03   
3.8695E-02   -1.2519E-03   
3.8977E-02   -7.7475E-04   
3.5854E-02   -5.4171E-03   
3.8415E-02   -1.6366E-03   
3.8310E-02   -1.7723E-03   
3.6806E-02   -3.7833E-03   
3.6063E-02   -5.0287E-03   
3.6452E-02   -4.3498E-03   
3.7282E-02   -3.0920E-03   
3.7961E-02   -2.2092E-03   
7.3367E-03   -1.4735E-02   
5.9249E-03   -1.7369E-02   
4.6055E-03   -1.9458E-02   
3.4353E-03   -2.1012E-02   
2.4701E-03   -2.2103E-02   
1.7478E-03   -2.2847E-02   
1.2422E-03   -2.3351E-02   
9.0400E-04   -2.3694E-02   
6.7981E-04   -2.3934E-02   
3.9230E-02   -9.9470E-05   
5.2738E-04   -2.4106E-02   
3.9249E-02   -8.1986E-05   
4.1852E-04   -2.4235E-02   
3.9262E-02   -6.8701E-05   
3.3887E-04   -2.4336E-02   
3.9273E-02   -5.7466E-05   
2.8333E-04   -2.4420E-02   
3.9283E-02   -4.8251E-05   
2.4801E-04   -2.4497E-02   
3.9295E-02   -4.0691E-05   
2.2679E-04   -2.4572E-02   
3.9311E-02   -3.4602E-05   
2.1429E-04   -2.4649E-02   
3.9332E-02   -2.9820E-05   
2.1018E-04   -2.4725E-02   
3.9360E-02   -2.6170E-05   
2.1222E-04   -2.4801E-02   
3.9395E-02   -2.3475E-05   
2.1775E-04   -2.4878E-02   
3.9440E-02   -2.1628E-05   
2.2157E-04   -2.4956E-02   
3.9494E-02   -2.0528E-05   
2.2590E-04   -2.5036E-02   
3.9559E-02   -2.0025E-05   
2.3441E-04   -2.5119E-02   
3.9635E-02   -1.9939E-05   
2.4505E-04   -2.5205E-02   
3.9724E-02   -2.0039E-05   
2.5506E-04   -2.5295E-02   
3.9824E-02   -2.0783E-05   
2.6497E-04   -2.5388E-02   
3.9936E-02   -2.1765E-05   
2.7519E-04   -2.5484E-02   
4.0060E-02   -2.3229E-05   
2.8868E-04   -2.5585E-02   
4.0200E-02   -2.4575E-05   
3.0472E-04   -2.5690E-02   
4.0354E-02   -2.5585E-05   
3.1456E-04   -2.5802E-02   
4.0524E-02   -2.6627E-05   
3.2464E-04   -2.5918E-02   
4.0709E-02   -2.7500E-05   
3.4997E-04   -2.6042E-02   
4.0912E-02   -2.7827E-05   
3.6602E-04   -2.6175E-02   
4.1126E-02   -2.6951E-05   
3.7048E-04   -2.6313E-02   
4.1351E-02   -2.8104E-05   
3.8682E-04   -2.6456E-02   
4.1595E-02   -2.7859E-05   
4.1216E-04   -2.6607E-02   
3.6692E-02   -3.5263E-03   
3.8193E-02   -1.7284E-03   
3.8627E-02   -1.2176E-03   
3.5874E-02   -4.7243E-03   
3.9158E-02   -2.8607E-04   
2.5024E-02   -8.1129E-03   
3.7506E-02   -2.4947E-03   
3.9067E-02   -5.4063E-04   
3.3304E-02   -7.0407E-03   
3.5133E-02   -5.9537E-03   
3.4792E-02   -6.3510E-03   
3.7938E-02   -2.0139E-03   
3.7046E-02   -3.0673E-03   
3.8881E-02   -8.7205E-04   
3.8950E-02   -7.6104E-04   
3.7207E-02   -2.8630E-03   
3.7798E-02   -2.1651E-03   
3.8719E-02   -1.0998E-03   
3.8529E-02   -1.3390E-03   
3.6094E-02   -4.3822E-03   
3.5398E-02   -5.5148E-03   
1.7241E-02   -8.8880E-03   
3.6303E-02   -4.0708E-03   
3.7358E-02   -2.6763E-03   
3.7651E-02   -2.3243E-03   
3.8804E-02   -9.8484E-04   
3.9012E-02   -6.5111E-04   
3.6503E-02   -3.7867E-03   
3.8311E-02   -1.5939E-03   
3.4298E-02   -6.6412E-03   
3.5642E-02   -5.1012E-03   
3.8423E-02   -1.4642E-03   
3.9117E-02   -4.2360E-04   
3.0463E-02   -7.3261E-03   
3.8069E-02   -1.8687E-03   
3.6874E-02   -3.2877E-03   
8.1537E-03   -1.1402E-02   
1.3088E-02   -1.4778E-02   
1.0871E-02   -1.7087E-02   
8.5190E-03   -1.9007E-02   
6.3455E-03   -2.0499E-02   
4.6421E-03   -2.1609E-02   
3.3721E-03   -2.2425E-02   
2.4520E-03   -2.3018E-02   
3.9202E-02   -1.3053E-04   
1.7988E-03   -2.3444E-02   
1.3405E-03   -2.3749E-02   
3.9216E-02   -1.7576E-04   
1.0206E-03   -2.3971E-02   
3.9229E-02   -1.5010E-04   
7.9877E-04   -2.4138E-02   
3.9239E-02   -1.2518E-04   
6.4817E-04   -2.4271E-02   
3.9248E-02   -1.0500E-04   
5.5113E-04   -2.4382E-02   
3.9258E-02   -8.8608E-05   
4.9354E-04   -2.4478E-02   
3.9271E-02   -7.5210E-05   
4.6261E-04   -2.4568E-02   
3.9289E-02   -6.4528E-05   
4.4450E-04   -2.4657E-02   
3.9312E-02   -5.6319E-05   
4.3718E-04   -2.4743E-02   
3.9344E-02   -5.0207E-05   
4.3845E-04   -2.4825E-02   
3.9384E-02   -4.5700E-05   
4.4237E-04   -2.4904E-02   
3.9433E-02   -4.2840E-05   
4.5052E-04   -2.4984E-02   
3.9493E-02   -4.1456E-05   
4.6285E-04   -2.5068E-02   
3.9565E-02   -4.1118E-05   
4.8074E-04   -2.5156E-02   
3.9649E-02   -4.0938E-05   
5.0007E-04   -2.5244E-02   
3.9744E-02   -4.0818E-05   
5.1958E-04   -2.5335E-02   
3.9846E-02   -4.3326E-05   
5.3698E-04   -2.5430E-02   
3.9961E-02   -4.5155E-05   
5.5130E-04   -2.5526E-02   
4.0090E-02   -4.9370E-05   
5.8846E-04   -2.5624E-02   
4.0237E-02   -5.1169E-05   
6.2363E-04   -2.5732E-02   
4.0400E-02   -5.2966E-05   
6.2814E-04   -2.5846E-02   
4.0577E-02   -5.5020E-05   
6.6101E-04   -2.5960E-02   
4.0778E-02   -5.6461E-05   
7.5883E-04   -2.6090E-02   
4.0999E-02   -5.5947E-05   
7.3551E-04   -2.6236E-02   
4.1206E-02   -5.1554E-05   
7.5283E-04   -2.6373E-02   
4.1425E-02   -6.1826E-05   
7.9558E-04   -2.6516E-02   
4.1856E-02   -2.9309E-05   
3.7452E-02   -2.2879E-03   
3.7618E-02   -2.1230E-03   
3.6980E-02   -2.8457E-03   
3.7778E-02   -1.9738E-03   
3.6796E-02   -3.0532E-03   
3.4612E-02   -6.1135E-03   
3.4920E-02   -5.6394E-03   
3.5204E-02   -5.1975E-03   
3.5468E-02   -4.7964E-03   
3.5718E-02   -4.4336E-03   
3.4203E-02   -6.5583E-03   
3.5956E-02   -4.1039E-03   
3.6602E-02   -3.2813E-03   
3.7925E-02   -1.8301E-03   
3.6182E-02   -3.8040E-03   
3.6397E-02   -3.5309E-03   
3.3214E-02   -7.1056E-03   
3.8064E-02   -1.6902E-03   
3.8835E-02   -8.5195E-04   
3.8914E-02   -7.4618E-04   
3.8984E-02   -6.4330E-04   
3.8747E-02   -9.6020E-04   
3.0911E-02   -8.1986E-03   
3.8195E-02   -1.5558E-03   
3.8652E-02   -1.0711E-03   
3.8438E-02   -1.3038E-03   
3.8320E-02   -1.4272E-03   
3.8548E-02   -1.1855E-03   
2.5948E-02   -9.4707E-03   
2.1366E-02   -1.0257E-02   
3.9047E-02   -5.4072E-04   
3.9104E-02   -4.3510E-04   
3.9154E-02   -3.2693E-04   
1.5196E-02   -1.2417E-02   
1.5319E-02   -1.6010E-02   
1.1818E-02   -1.7882E-02   
9.0664E-03   -1.9403E-02   
6.9038E-03   -2.0613E-02   
5.2084E-03   -2.1572E-02   
3.8975E-03   -2.2322E-02   
3.9195E-02   -2.1086E-04   
2.9083E-03   -2.2898E-02   
2.1812E-03   -2.3335E-02   
3.9176E-02   -2.5328E-04   
1.6586E-03   -2.3667E-02   
3.9188E-02   -2.0590E-04   
1.2933E-03   -2.3924E-02   
3.9196E-02   -1.7211E-04   
1.0450E-03   -2.4127E-02   
3.9203E-02   -1.4516E-04   
8.8326E-04   -2.4290E-02   
3.9213E-02   -1.2341E-04   
7.9349E-04   -2.4420E-02   
3.9227E-02   -1.0542E-04   
7.5872E-04   -2.4526E-02   
3.9247E-02   -9.1628E-05   
7.2190E-04   -2.4637E-02   
3.9273E-02   -8.1614E-05   
6.9407E-04   -2.4741E-02   
3.9308E-02   -7.3786E-05   
6.7884E-04   -2.4830E-02   
3.9354E-02   -6.8092E-05   
6.8073E-04   -2.4916E-02   
3.9409E-02   -6.5395E-05   
6.9626E-04   -2.5001E-02   
3.9474E-02   -6.4679E-05   
7.1946E-04   -2.5093E-02   
3.9554E-02   -6.4338E-05   
7.4215E-04   -2.5185E-02   
3.9652E-02   -6.3615E-05   
7.6624E-04   -2.5277E-02   
3.9751E-02   -6.1057E-05   
7.9158E-04   -2.5373E-02   
3.9838E-02   -7.0954E-05   
8.0472E-04   -2.5472E-02   
7.9399E-04   -2.5559E-02   
9.4327E-04   -2.5782E-02   
4.0420E-02   -8.3152E-05   
1.0749E-03   -2.6166E-02   
1.1328E-03   -2.6417E-02   
4.0839E-02   -8.8268E-05   
4.2146E-02   -3.0800E-05   
3.9016E-02   -5.4099E-04   
3.9079E-02   -4.4373E-04   
3.9138E-02   -3.4365E-04   
3.7104E-02   -2.4845E-03   
3.6934E-02   -2.6377E-03   
3.3985E-02   -6.3225E-03   
3.3017E-02   -7.0482E-03   
3.5331E-02   -4.5054E-03   
3.4387E-02   -5.7945E-03   
3.5596E-02   -4.1555E-03   
3.4730E-02   -5.3210E-03   
3.6741E-02   -2.8305E-03   
3.7773E-02   -1.7990E-03   
3.5044E-02   -4.8927E-03   
3.8780E-02   -8.3137E-04   
3.8681E-02   -9.3621E-04   
3.5848E-02   -3.8374E-03   
3.6088E-02   -3.5487E-03   
3.8336E-02   -1.2720E-03   
3.8459E-02   -1.1556E-03   
3.8871E-02   -7.2864E-04   
3.0325E-02   -8.4499E-03   
3.8949E-02   -6.3364E-04   
3.6534E-02   -3.0475E-03   
3.8206E-02   -1.3945E-03   
3.6317E-02   -3.2865E-03   
3.8574E-02   -1.0440E-03   
3.7924E-02   -1.6581E-03   
3.8068E-02   -1.5233E-03   
1.8048E-02   -1.4621E-02   
1.4616E-02   -1.6446E-02   
1.1804E-02   -1.7928E-02   
9.4182E-03   -1.9207E-02   
7.4075E-03   -2.0305E-02   
5.7566E-03   -2.1233E-02   
4.4400E-03   -2.2000E-02   
3.4175E-03   -2.2620E-02   
3.9179E-02   -2.6104E-04   
3.9124E-02   -2.9967E-04   
2.6492E-03   -2.3119E-02   
3.9129E-02   -2.5229E-04   
2.0832E-03   -2.3519E-02   
3.9134E-02   -2.1192E-04   
1.6717E-03   -2.3840E-02   
3.9139E-02   -1.8032E-04   
1.3864E-03   -2.4092E-02   
3.9148E-02   -1.5485E-04   
1.2196E-03   -2.4277E-02   
3.9167E-02   -1.3274E-04   
1.2007E-03   -2.4398E-02   
3.9187E-02   -1.1871E-04   
1.0645E-03   -2.4570E-02   
3.9213E-02   -1.0781E-04   
9.9361E-04   -2.4694E-02   
3.9256E-02   -9.8318E-05   
9.5529E-04   -2.4811E-02   
3.9309E-02   -9.1971E-05   
9.7452E-04   -2.5002E-02   
1.0671E-03   -2.5526E-02   
3.9433E-02   -9.1792E-05   
1.0051E-03   -2.5098E-02   
1.0251E-03   -2.5199E-02   
1.0810E-03   -2.5415E-02   
3.9974E-02   -6.8318E-05   
4.0272E-02   -7.7116E-05   
4.0424E-02   -1.1943E-04   
3.9531E-02   -9.1549E-05   
1.4929E-03   -2.6319E-02   
4.0640E-02   -1.2264E-04   
1.1177E-03   -2.6065E-02   
3.9756E-02   -1.0307E-04   
1.2973E-03   -2.5721E-02   
3.9107E-02   -3.6126E-04   
3.9040E-02   -4.5827E-04   
3.8980E-02   -5.4387E-04   
3.7467E-02   -1.9070E-03   
3.7436E-02   -2.0837E-03   
3.7610E-02   -1.7755E-03   
3.6717E-02   -2.6183E-03   
3.8817E-02   -7.1187E-04   
3.3749E-02   -5.9862E-03   
3.8911E-02   -6.1315E-04   
3.2787E-02   -6.7921E-03   
3.0166E-02   -8.3735E-03   
3.4210E-02   -5.4666E-03   
3.5227E-02   -4.2271E-03   
3.4922E-02   -4.6038E-03   
3.6491E-02   -2.8245E-03   
3.4587E-02   -5.0138E-03   
3.5506E-02   -3.8882E-03   
3.7773E-02   -1.6333E-03   
3.8359E-02   -1.1289E-03   
3.8714E-02   -8.1254E-04   
3.5769E-02   -3.5819E-03   
3.8486E-02   -1.0194E-03   
3.8604E-02   -9.1441E-04   
3.8224E-02   -1.2447E-03   
3.6021E-02   -3.3045E-03   
3.6261E-02   -3.0531E-03   
3.8081E-02   -1.3673E-03   
3.7930E-02   -1.4970E-03   
2.2584E-02   -1.2354E-02   
2.0114E-02   -1.3480E-02   
1.7313E-02   -1.4836E-02   
1.4668E-02   -1.6183E-02   
1.2225E-02   -1.7466E-02   
1.0041E-02   -1.8662E-02   
8.1417E-03   -1.9744E-02   
6.5316E-03   -2.0696E-02   
5.2197E-03   -2.1518E-02   
3.9043E-02   -3.5459E-04   
4.1751E-03   -2.2210E-02   
3.9053E-02   -2.9011E-04   
3.3622E-03   -2.2781E-02   
2.7202E-03   -2.3260E-02   
3.9055E-02   -2.4682E-04   
3.9056E-02   -2.1325E-04   
2.1855E-03   -2.3675E-02   
3.9058E-02   -1.8673E-04   
1.6141E-03   -2.4263E-02   
3.9092E-02   -1.5289E-04   
1.5091E-03   -2.4405E-02   
3.9192E-02   -1.2478E-04   
3.9138E-02   -1.3562E-04   
1.4104E-03   -2.4583E-02   
1.3510E-03   -2.4939E-02   
9.4265E-04   -2.4914E-02   
1.3434E-03   -2.5069E-02   
1.3634E-03   -2.5190E-02   
1.3813E-03   -2.6106E-02   
1.3532E-03   -2.5992E-02   
1.3959E-03   -2.5316E-02   
3.9377E-02   -1.2480E-04   
3.9896E-02   -9.4394E-05   
3.9606E-02   -1.3068E-04   
4.0210E-02   -1.1284E-04   
3.9486E-02   -1.2509E-04   
3.9363E-02   -9.1568E-05   
1.4412E-03   -2.5451E-02   
1.2541E-03   -2.5864E-02   
1.3507E-03   -2.5593E-02   
4.0867E-02   -1.2483E-04   
1.4340E-03   -2.6449E-02   
1.3439E-03   -2.6211E-02   
4.0424E-02   -1.6067E-04   
3.7248E-02   -1.9954E-03   
3.9060E-02   -3.8969E-04   
3.8855E-02   -6.0197E-04   
3.3615E-02   -5.6359E-03   
3.8749E-02   -7.0082E-04   
3.2710E-02   -6.3511E-03   
2.6461E-02   -1.0187E-02   
3.6473E-02   -2.6079E-03   
3.4831E-02   -4.3263E-03   
3.4482E-02   -4.7280E-03   
3.4101E-02   -5.1562E-03   
3.7610E-02   -1.6228E-03   
3.5151E-02   -3.9601E-03   
3.8389E-02   -9.9771E-04   
3.5445E-02   -3.6315E-03   
3.8518E-02   -8.9517E-04   
3.8637E-02   -7.9693E-04   
3.8249E-02   -1.1066E-03   
3.5719E-02   -3.3370E-03   
3.6230E-02   -2.8292E-03   
3.7781E-02   -1.4793E-03   
3.8101E-02   -1.2228E-03   
3.5980E-02   -3.0709E-03   
3.7945E-02   -1.3470E-03   
2.5085E-02   -1.0697E-02   
2.2734E-02   -1.1720E-02   
3.6974E-02   -2.2046E-03   
2.0254E-02   -1.2931E-02   
3.6720E-02   -2.4010E-03   
1.7742E-02   -1.4192E-02   
1.5354E-02   -1.5456E-02   
1.3119E-02   -1.6690E-02   
1.1060E-02   -1.7866E-02   
9.2463E-03   -1.8970E-02   
7.6783E-03   -1.9963E-02   
2.6006E-03   -2.3693E-02   
3.8965E-02   -3.7344E-04   
6.3698E-03   -2.0827E-02   
5.2866E-03   -2.1580E-02   
3.8964E-02   -3.2211E-04   
4.3391E-03   -2.2275E-02   
3.8959E-02   -2.8104E-04   
3.8953E-02   -2.4950E-04   
1.8391E-03   -2.3965E-02   
3.9002E-02   -1.8064E-04   
2.3156E-03   -2.4026E-02   
1.6633E-03   -2.4685E-02   
3.9775E-02   -1.3524E-04   
3.9416E-02   -1.6622E-04   
3.9122E-02   -1.5536E-04   
1.7960E-03   -2.4969E-02   
3.9051E-02   -1.6612E-04   
1.8258E-03   -2.5112E-02   
1.2958E-03   -2.4759E-02   
1.6690E-03   -2.6171E-02   
1.8203E-03   -2.5254E-02   
3.9985E-02   -1.2826E-04   
1.6594E-03   -2.5661E-02   
1.6254E-03   -2.5786E-02   
3.9274E-02   -1.2748E-04   
1.7006E-03   -2.6035E-02   
1.8078E-03   -2.4820E-02   
3.9307E-02   -1.6344E-04   
4.0647E-02   -1.6337E-04   
4.0220E-02   -1.5552E-04   
3.8876E-02   -5.1524E-04   
3.8776E-02   -6.0557E-04   
3.8970E-02   -4.8333E-04   
3.0890E-02   -7.1262E-03   
3.3624E-02   -5.3120E-03   
3.7430E-02   -1.6213E-03   
3.4401E-02   -4.4553E-03   
3.8667E-02   -6.9483E-04   
3.3996E-02   -4.8906E-03   
3.4769E-02   -4.0587E-03   
2.3558E-02   -1.1823E-02   
3.5104E-02   -3.7032E-03   
3.6221E-02   -2.6140E-03   
3.8281E-02   -9.8012E-04   
3.8549E-02   -7.8587E-04   
3.8421E-02   -8.8021E-04   
3.7619E-02   -1.4710E-03   
3.5411E-02   -3.3852E-03   
3.8130E-02   -1.0895E-03   
3.5694E-02   -3.1021E-03   
3.5963E-02   -2.8470E-03   
3.7798E-02   -1.3339E-03   
3.7968E-02   -1.2074E-03   
3.6480E-02   -2.3964E-03   
2.7618E-02   -8.9272E-03   
2.5515E-02   -9.8819E-03   
2.3139E-02   -1.0997E-02   
3.0005E-02   -8.0274E-03   
2.0888E-02   -1.2128E-02   
3.6739E-02   -2.1904E-03   
3.6995E-02   -1.9913E-03   
1.8686E-02   -1.3282E-02   
3.8949E-02   -4.3378E-04   
3.7227E-02   -1.7992E-03   
1.6522E-02   -1.4456E-02   
1.4483E-02   -1.5658E-02   
1.0826E-02   -1.7928E-02   
3.8873E-02   -4.0261E-04   
9.3114E-03   -1.8936E-02   
8.0303E-03   -1.9836E-02   
3.8856E-02   -3.5856E-04   
3.8844E-02   -3.1834E-04   
4.3415E-03   -2.2469E-02   
2.0844E-03   -2.4316E-02   
3.8891E-02   -2.1579E-04   
3.9209E-02   -1.6381E-04   
2.4406E-03   -2.4738E-02   
3.2720E-03   -2.3067E-02   
3.9534E-02   -1.7340E-04   
4.3308E-03   -2.2628E-02   
3.9215E-02   -2.0907E-04   
1.9213E-03   -2.4650E-02   
1.9840E-03   -2.5721E-02   
2.4199E-03   -2.4580E-02   
1.8924E-03   -2.5349E-02   
3.9127E-02   -1.6939E-04   
4.0051E-02   -1.5238E-04   
3.8937E-02   -2.0521E-04   
1.7422E-03   -2.5511E-02   
1.6455E-03   -2.5909E-02   
4.0192E-02   -2.0251E-04   
4.0859E-02   -1.6307E-04   
1.7711E-03   -2.6423E-02   
2.1234E-03   -2.6087E-02   
3.9935E-02   -1.0877E-04   
3.8689E-02   -6.1019E-04   
3.3334E-02   -5.1657E-03   
3.6235E-02   -2.4076E-03   
3.3916E-02   -4.6220E-03   
3.4352E-02   -4.1859E-03   
3.8576E-02   -6.9478E-04   
3.4736E-02   -3.8002E-03   
3.7444E-02   -1.4718E-03   
3.8319E-02   -8.6668E-04   
3.8456E-02   -7.7883E-04   
3.5084E-02   -3.4562E-03   
3.8165E-02   -9.6761E-04   
3.5968E-02   -2.6331E-03   
3.5402E-02   -3.1499E-03   
3.7640E-02   -1.3292E-03   
3.5695E-02   -2.8779E-03   
3.8000E-02   -1.0784E-03   
3.7825E-02   -1.1990E-03   
3.0115E-02   -7.2742E-03   
2.7554E-02   -8.4142E-03   
3.8879E-02   -4.5207E-04   
2.5750E-02   -9.2392E-03   
3.7008E-02   -1.8061E-03   
3.6502E-02   -2.1952E-03   
3.7235E-02   -1.6305E-03   
2.3921E-02   -1.0108E-02   
2.2000E-02   -1.1062E-02   
3.6762E-02   -1.9952E-03   
2.0119E-02   -1.2117E-02   
1.8237E-02   -1.3195E-02   
1.6412E-02   -1.4294E-02   
3.8834E-02   -2.8752E-04   
1.4735E-02   -1.5356E-02   
6.7801E-03   -2.0737E-02   
1.3330E-02   -1.6283E-02   
3.8744E-02   -4.5317E-04   
3.9035E-02   -2.0661E-04   
3.8728E-02   -3.9887E-04   
3.9471E-03   -2.3019E-02   
2.6467E-03   -2.4154E-02   
3.8854E-02   -2.3292E-04   
5.1611E-03   -2.1990E-02   
3.8981E-02   -2.0491E-04   
3.6015E-03   -2.3883E-02   
2.3160E-03   -2.5263E-02   
2.5571E-03   -2.4347E-02   
2.2617E-03   -2.5147E-02   
3.8755E-02   -2.6045E-04   
3.9827E-02   -1.7971E-04   
2.5488E-03   -2.5519E-02   
4.0003E-02   -1.9455E-04   
1.9167E-03   -2.5834E-02   
4.0148E-02   -2.5698E-04   
2.2140E-03   -2.6383E-02   
4.0673E-02   -2.1209E-04   
4.1090E-02   -1.3515E-04   
2.4471E-03   -2.6214E-02   
3.9627E-02   -1.8975E-04   
3.8707E-02   -5.3612E-04   
3.2742E-02   -5.8920E-03   
3.3378E-02   -4.8074E-03   
3.3893E-02   -4.3378E-03   
3.5992E-02   -2.4302E-03   
3.4335E-02   -3.9226E-03   
3.8490E-02   -6.9931E-04   
3.8368E-02   -7.6275E-04   
3.4732E-02   -3.5516E-03   
3.0406E-02   -6.7539E-03   
3.8211E-02   -8.5474E-04   
3.7471E-02   -1.3313E-03   
3.5092E-02   -3.2202E-03   
3.5714E-02   -2.6647E-03   
3.8040E-02   -9.5921E-04   
3.5419E-02   -2.9256E-03   
3.7671E-02   -1.1964E-03   
3.7860E-02   -1.0728E-03   
2.9429E-02   -7.0755E-03   
3.6265E-02   -2.2119E-03   
3.7032E-02   -1.6407E-03   
3.7258E-02   -1.4792E-03   
2.8176E-02   -7.5594E-03   
3.6789E-02   -1.8176E-03   
2.6635E-02   -8.2312E-03   
2.5144E-02   -9.0061E-03   
3.6532E-02   -2.0079E-03   
3.8801E-02   -4.7318E-04   
2.0488E-02   -1.1593E-02   
2.3586E-02   -9.8124E-03   
3.8712E-02   -3.6054E-04   
2.2025E-02   -1.0680E-02   
3.8940E-02   -2.3306E-04   
8.2966E-03   -1.9826E-02   
1.2198E-02   -1.7050E-02   
7.8022E-03   -2.0231E-02   
1.9143E-02   -1.2424E-02   
3.8606E-02   -4.8745E-04   
3.8796E-02   -2.5478E-04   
3.8718E-02   -2.7416E-04   
6.6086E-03   -2.1147E-02   
4.1921E-03   -2.3346E-02   
3.0496E-03   -2.4717E-02   
3.9950E-02   -2.4901E-04   
3.8845E-02   -2.5499E-04   
4.6429E-03   -2.2870E-02   
3.9429E-02   -2.2494E-04   
2.8540E-03   -2.5181E-02   
3.9551E-02   -2.4319E-04   
2.3300E-03   -2.5791E-02   
3.8324E-03   -2.3255E-02   
4.0370E-02   -2.6395E-04   
3.9115E-02   -2.0722E-04   
4.1355E-02   -1.0523E-04   
2.6456E-03   -2.6055E-02   
3.1763E-02   -5.7786E-03   
3.8589E-02   -6.2106E-04   
3.3373E-02   -4.5176E-03   
3.3902E-02   -4.0653E-03   
3.4355E-02   -3.6688E-03   
3.5752E-02   -2.4636E-03   
3.8453E-02   -6.5147E-04   
3.2721E-02   -5.2985E-03   
3.8269E-02   -7.4701E-04   
3.6031E-02   -2.2384E-03   
3.4761E-02   -3.3122E-03   
3.8089E-02   -8.4885E-04   
3.5128E-02   -2.9926E-03   
3.5457E-02   -2.7114E-03   
3.7506E-02   -1.1994E-03   
3.7904E-02   -9.5538E-04   
3.7710E-02   -1.0712E-03   
3.1351E-02   -5.7031E-03   
3.6824E-02   -1.6557E-03   
3.7292E-02   -1.3392E-03   
3.7065E-02   -1.4909E-03   
3.8835E-02   -2.5691E-04   
2.9958E-02   -6.2498E-03   
3.6304E-02   -2.0294E-03   
2.8948E-02   -6.7077E-03   
3.6569E-02   -1.8353E-03   
3.8585E-02   -4.4303E-04   
2.5441E-02   -8.4208E-03   
2.7821E-02   -7.1934E-03   
2.4287E-02   -9.0760E-03   
2.6648E-02   -7.7678E-03   
1.2700E-02   -1.6894E-02   
3.8602E-02   -5.4954E-04   
3.8693E-02   -3.3297E-04   
1.8018E-02   -1.3149E-02   
3.9104E-02   -1.5524E-04   
8.6884E-03   -1.9958E-02   
3.8692E-02   -2.9508E-04   
3.8998E-02   -2.5989E-04   
3.8910E-02   -2.5704E-04   
3.8640E-02   -3.1194E-04   
3.8597E-02   -3.1475E-04   
3.9278E-02   -2.8569E-04   
3.8562E-02   -3.2437E-04   
5.0278E-03   -2.2524E-02   
7.1428E-03   -2.1362E-02   
1.1515E-02   -1.7622E-02   
1.2987E-02   -1.6613E-02   
4.4689E-03   -2.3624E-02   
3.9553E-02   -2.9165E-04   
3.3246E-03   -2.4720E-02   
6.9793E-03   -2.1039E-02   
4.0094E-02   -3.1872E-04   
2.4291E-03   -2.5937E-02   
4.1690E-02   -5.3367E-05   
3.5375E-03   -2.4978E-02   
4.1308E-02   -1.4847E-04   
3.9889E-02   -3.1066E-04   
3.9326E-02   -2.1278E-04   
3.0886E-03   -2.5399E-02   
3.2664E-02   -5.0867E-03   
3.3425E-02   -4.2329E-03   
3.3960E-02   -3.8059E-03   
3.5802E-02   -2.2744E-03   
3.8329E-02   -6.3977E-04   
3.4406E-02   -3.4265E-03   
3.5510E-02   -2.5092E-03   
3.8141E-02   -7.4855E-04   
3.4818E-02   -3.0788E-03   
3.5185E-02   -2.7744E-03   
3.7958E-02   -8.4687E-04   
3.6867E-02   -1.5082E-03   
3.7547E-02   -1.0756E-03   
3.7758E-02   -9.5366E-04   
3.7331E-02   -1.2107E-03   
3.1817E-02   -5.1858E-03   
3.7105E-02   -1.3538E-03   
3.8492E-02   -5.6961E-04   
3.6080E-02   -2.0596E-03   
3.6614E-02   -1.6770E-03   
3.1416E-02   -5.2534E-03   
3.6350E-02   -1.8608E-03   
3.0725E-02   -5.4418E-03   
2.8282E-02   -6.5372E-03   
2.9135E-02   -6.1148E-03   
3.8457E-02   -5.3315E-04   
2.9953E-02   -5.7398E-03   
3.8560E-02   -4.0924E-04   
3.8960E-02   -2.0086E-04   
2.3174E-02   -9.7553E-03   
3.8537E-02   -3.4127E-04   
3.8423E-02   -3.7840E-04   
1.3644E-02   -1.6137E-02   
3.8659E-02   -3.2416E-04   
3.8388E-02   -3.8448E-04   
3.8464E-02   -3.7951E-04   
1.2277E-02   -1.7480E-02   
3.9111E-02   -2.6154E-04   
3.8764E-02   -3.1874E-04   
1.7316E-02   -1.3663E-02   
3.9015E-02   -3.2518E-04   
5.2313E-03   -2.3401E-02   
4.0352E-03   -2.3732E-02   
1.2636E-02   -1.7307E-02   
1.3569E-02   -1.6492E-02   
3.9817E-02   -3.7990E-04   
4.0310E-02   -3.2730E-04   
4.4967E-03   -2.4177E-02   
2.9325E-03   -2.5642E-02   
4.1536E-02   -1.2093E-04   
4.1545E-03   -2.4713E-02   
3.2702E-02   -4.7747E-03   
3.3575E-02   -3.9549E-03   
3.5572E-02   -2.3212E-03   
3.4011E-02   -3.5741E-03   
3.8175E-02   -6.7470E-04   
3.5861E-02   -2.0983E-03   
3.4478E-02   -3.1897E-03   
3.5254E-02   -2.5701E-03   
3.8016E-02   -7.5106E-04   
3.6915E-02   -1.3744E-03   
3.4891E-02   -2.8575E-03   
3.6665E-02   -1.5324E-03   
3.2835E-02   -4.4413E-03   
3.7826E-02   -8.4620E-04   
3.7371E-02   -1.0963E-03   
3.7149E-02   -1.2304E-03   
3.2428E-02   -4.4421E-03   
3.6403E-02   -1.7060E-03   
3.6135E-02   -1.8944E-03   
3.8423E-02   -4.9425E-04   
3.8523E-02   -3.6357E-04   
3.0962E-02   -4.8812E-03   
3.1957E-02   -4.5472E-03   
1.8392E-02   -1.2909E-02   
3.1479E-02   -4.6941E-03   
3.8533E-02   -3.8575E-04   
2.7391E-02   -7.0260E-03   
1.8024E-02   -1.3437E-02   
3.8197E-02   -4.5491E-04   
2.2034E-02   -1.0516E-02   
3.8230E-02   -4.5329E-04   
3.8361E-02   -3.9807E-04   
3.8516E-02   -3.8628E-04   
1.5818E-02   -1.4935E-02   
5.8281E-03   -2.3633E-02   
1.3807E-02   -1.6762E-02   
3.9086E-02   -3.5961E-04   
3.8865E-02   -3.2304E-04   
4.0249E-02   -3.9432E-04   
1.8322E-02   -1.3128E-02   
3.8715E-03   -2.5031E-02   
3.9615E-02   -3.7139E-04   
4.0584E-02   -2.7554E-04   
8.5903E-03   -2.1110E-02   
9.1049E-03   -2.0229E-02   
8.8850E-03   -2.0659E-02   
3.9734E-02   -4.5775E-04   
3.8288E-02   -5.8809E-04   
3.5640E-02   -2.1472E-03   
3.5331E-02   -2.3816E-03   
3.3461E-02   -3.8203E-03   
3.7723E-02   -8.4278E-04   
3.8354E-02   -4.4182E-04   
3.4088E-02   -3.3362E-03   
3.6724E-02   -1.4012E-03   
3.8087E-02   -6.5783E-04   
3.6970E-02   -1.2542E-03   
3.7892E-02   -7.5831E-04   
3.4561E-02   -2.9663E-03   
3.6464E-02   -1.5643E-03   
3.5925E-02   -1.9357E-03   
3.6197E-02   -1.7425E-03   
3.3066E-02   -3.8910E-03   
3.7395E-02   -1.0144E-03   
3.7199E-02   -1.1223E-03   
3.2509E-02   -3.9496E-03   
3.2788E-02   -3.9161E-03   
2.6210E-02   -7.7394E-03   
3.0406E-02   -5.1250E-03   
3.8387E-02   -4.6451E-04   
2.3755E-02   -9.4378E-03   
3.8343E-02   -4.1916E-04   
3.7991E-02   -5.3618E-04   
2.0472E-02   -1.1706E-02   
3.8169E-02   -4.6477E-04   
3.8266E-02   -4.5984E-04   
3.9410E-02   -3.6204E-04   
3.8592E-02   -3.9425E-04   
1.9545E-02   -1.2616E-02   
2.4015E-02   -9.1662E-03   
1.7759E-02   -1.3360E-02   
3.9339E-02   -3.2040E-04   
3.8822E-02   -4.1558E-04   
1.5665E-02   -1.5584E-02   
5.2171E-03   -2.4373E-02   
1.0187E-02   -2.0313E-02   
2.2784E-02   -1.0092E-02   
3.9700E-02   -3.0160E-04   
3.9967E-02   -4.5914E-04   
4.0524E-02   -3.3593E-04   
4.0823E-02   -2.3730E-04   
1.4438E-02   -1.6630E-02   
1.4085E-02   -1.7231E-02   
3.7758E-02   -7.7747E-04   
3.5063E-02   -2.4650E-03   
3.5401E-02   -2.2129E-03   
3.8189E-02   -5.2930E-04   
3.7275E-02   -1.0191E-03   
3.7036E-02   -1.1448E-03   
3.7927E-02   -6.9923E-04   
3.5708E-02   -1.9885E-03   
3.6791E-02   -1.2825E-03   
3.6533E-02   -1.4351E-03   
3.4674E-02   -2.7529E-03   
3.6265E-02   -1.6034E-03   
3.5992E-02   -1.7865E-03   
3.3701E-02   -3.4996E-03   
3.3575E-02   -3.4489E-03   
3.3408E-02   -3.4153E-03   
3.2216E-02   -4.0148E-03   
2.9708E-02   -5.4918E-03   
3.4170E-02   -3.1082E-03   
3.8239E-02   -5.5437E-04   
3.7940E-02   -5.5606E-04   
3.7533E-02   -8.9753E-04   
3.7962E-02   -5.4222E-04   
2.5535E-02   -8.1778E-03   
2.3773E-02   -9.2543E-03   
2.1139E-02   -1.1727E-02   
3.8022E-02   -5.3839E-04   
2.8709E-02   -6.1073E-03   
3.8120E-02   -5.1872E-04   
2.5401E-02   -8.4368E-03   
3.8301E-02   -4.7695E-04   
2.7139E-02   -7.1286E-03   
3.8923E-02   -4.3126E-04   
3.9171E-02   -4.3800E-04   
3.8703E-02   -4.0157E-04   
4.1049E-02   -2.3447E-04   
2.0512E-02   -1.2516E-02   
2.0685E-02   -1.2215E-02   
1.2119E-02   -1.9092E-02   
3.9676E-02   -5.3782E-04   
4.7690E-03   -2.4901E-02   
4.0177E-02   -4.6496E-04   
4.0800E-02   -2.8507E-04   
3.7841E-02   -6.9724E-04   
3.5128E-02   -2.3061E-03   
3.4758E-02   -2.5790E-03   
3.7116E-02   -1.0429E-03   
3.8044E-02   -6.2030E-04   
3.6868E-02   -1.1744E-03   
3.5468E-02   -2.0610E-03   
3.6611E-02   -1.3175E-03   
3.5780E-02   -1.8430E-03   
3.6343E-02   -1.4760E-03   
3.4005E-02   -3.0722E-03   
3.6067E-02   -1.6502E-03   
3.3259E-02   -3.3886E-03   
3.7613E-02   -7.9941E-04   
3.7717E-02   -6.4110E-04   
3.4410E-02   -2.8421E-03   
3.1379E-02   -4.3945E-03   
3.3099E-02   -3.3858E-03   
2.9338E-02   -5.6340E-03   
3.7366E-02   -9.1834E-04   
3.7749E-02   -6.2781E-04   
3.8891E-02   -4.9279E-04   
3.7970E-02   -6.0985E-04   
3.7782E-02   -6.2422E-04   
2.9154E-02   -5.7564E-03   
3.8044E-02   -5.5264E-04   
3.8386E-02   -4.8855E-04   
3.7919E-02   -5.8023E-04   
2.6260E-02   -8.3459E-03   
2.8320E-02   -6.3422E-03   
2.9506E-02   -5.7290E-03   
3.9139E-02   -3.9806E-04   
4.1081E-02   -2.9410E-04   
2.6743E-02   -7.8835E-03   
3.8524E-02   -4.9423E-04   
3.9054E-02   -5.1253E-04   
3.9364E-02   -6.4057E-04   
2.1303E-02   -1.2041E-02   
1.8589E-02   -1.4184E-02   
3.9361E-02   -5.5263E-04   
4.1255E-02   -1.9015E-04   
4.0472E-02   -4.0020E-04   
3.3471E-03   -2.5776E-02   
2.0673E-02   -1.1984E-02   
3.4800E-02   -2.4443E-03   
3.4397E-02   -2.7489E-03   
3.6955E-02   -1.0757E-03   
3.7716E-02   -7.0830E-04   
3.6698E-02   -1.2112E-03   
3.5543E-02   -1.9220E-03   
3.3918E-02   -3.0085E-03   
3.6430E-02   -1.3609E-03   
3.2896E-02   -3.4415E-03   
3.5861E-02   -1.7112E-03   
3.0609E-02   -4.8054E-03   
3.6151E-02   -1.5269E-03   
3.7209E-02   -9.4882E-04   
3.3854E-02   -2.9428E-03   
3.7485E-02   -7.3636E-04   
3.7887E-02   -6.1594E-04   
3.7457E-02   -8.3040E-04   
3.7699E-02   -6.5987E-04   
3.7567E-02   -7.0711E-04   
3.7817E-02   -6.2702E-04   
3.0681E-02   -5.2232E-03   
3.1018E-02   -4.5482E-03   
2.9415E-02   -5.8936E-03   
2.9680E-02   -5.5717E-03   
3.8529E-02   -5.9462E-04   
4.0381E-02   -4.6740E-04   
1.3549E-02   -1.8179E-02   
3.1697E-02   -4.0948E-03   
2.6452E-02   -7.9407E-03   
3.8354E-02   -5.9288E-04   
3.9246E-02   -5.1097E-04   
4.1321E-02   -2.2329E-04   
4.0761E-02   -4.0646E-04   
3.9390E-02   -7.1364E-04   
2.5379E-02   -9.3288E-03   
4.0316E-03   -2.5601E-02   
3.8186E-02   -5.9498E-04   
2.9436E-03   -2.5812E-02   
3.6796E-02   -1.1166E-03   
3.7699E-02   -6.8113E-04   
3.7054E-02   -9.8760E-04   
3.6528E-02   -1.2575E-03   
3.5632E-02   -1.7931E-03   
3.4394E-02   -2.6454E-03   
2.7561E-02   -6.7994E-03   
3.2554E-02   -3.5842E-03   
3.7308E-02   -8.6651E-04   
3.3796E-02   -2.8927E-03   
3.7458E-02   -7.5446E-04   
3.5188E-02   -2.1667E-03   
3.5953E-02   -1.5911E-03   
3.1106E-02   -4.8015E-03   
3.2047E-02   -4.0464E-03   
3.7556E-02   -7.2282E-04   
3.1630E-02   -4.2279E-03   
3.2075E-02   -3.8891E-03   
3.1729E-02   -4.1070E-03   
3.0773E-02   -4.7885E-03   
3.2320E-02   -3.8805E-03   
2.9786E-02   -5.9143E-03   
3.8712E-02   -6.0401E-04   
4.0058E-02   -5.5474E-04   
3.8177E-02   -7.0032E-04   
3.7170E-02   -8.7764E-04   
3.7833E-02   -7.1652E-04   
3.8935E-02   -6.1664E-04   
2.1377E-02   -1.2621E-02   
8.4537E-03   -2.1923E-02   
3.8009E-02   -7.0237E-04   
3.9521E-02   -4.4969E-04   
2.6200E-02   -8.9829E-03   
2.4895E-02   -9.5715E-03   
3.9716E-02   -6.7741E-04   
3.9049E-02   -7.6194E-04   
3.6905E-02   -1.0335E-03   
3.6648E-02   -1.1611E-03   
3.7442E-02   -7.7964E-04   
3.3660E-02   -2.9034E-03   
3.7524E-02   -7.7038E-04   
3.7160E-02   -9.1049E-04   
3.6367E-02   -1.3089E-03   
3.4417E-02   -2.5387E-03   
3.5739E-02   -1.6746E-03   
3.6062E-02   -1.4817E-03   
3.3742E-02   -2.9410E-03   
3.3433E-02   -3.1073E-03   
3.4848E-02   -2.3195E-03   
3.2982E-02   -3.3012E-03   
3.3388E-02   -3.0634E-03   
3.3227E-02   -3.1256E-03   
3.5266E-02   -2.0329E-03   
3.7629E-02   -7.1928E-04   
3.6911E-02   -9.9663E-04   
3.7667E-02   -8.2253E-04   
3.2825E-02   -3.4231E-03   
3.7595E-02   -7.7356E-04   
2.9411E-02   -6.4327E-03   
3.8341E-02   -7.0781E-04   
3.3095E-02   -3.6291E-03   
1.4452E-02   -1.7134E-02   
2.7464E-02   -8.1732E-03   
3.7273E-02   -8.5139E-04   
3.7825E-02   -8.1553E-04   
3.3872E-02   -2.9555E-03   
3.0011E-02   -6.1315E-03   
1.4501E-02   -1.7817E-02   
3.9094E-02   -8.3320E-04   
4.0068E-02   -6.4343E-04   
3.6785E-02   -1.0759E-03   
3.7015E-02   -9.6140E-04   
3.5374E-02   -1.9002E-03   
3.3874E-02   -2.7329E-03   
3.5861E-02   -1.5685E-03   
3.4037E-02   -2.6389E-03   
3.4484E-02   -2.4073E-03   
3.6942E-02   -9.8989E-04   
3.4930E-02   -2.1857E-03   
3.4334E-02   -2.4691E-03   
3.7871E-02   -6.2644E-04   
3.6192E-02   -1.3782E-03   
3.7248E-02   -8.5368E-04   
3.4293E-02   -2.5153E-03   
3.7481E-02   -9.3927E-04   
3.4567E-02   -2.3892E-03   
3.7534E-02   -8.3544E-04   
8.9700E-03   -2.1095E-02   
2.9428E-02   -6.8877E-03   
3.7980E-02   -8.1930E-04   
8.2214E-03   -2.2235E-02   
3.5102E-02   -2.2337E-03   
3.2491E-02   -4.2310E-03   
3.7284E-02   -8.7785E-04   
3.8508E-02   -7.2421E-04   
1.5264E-02   -1.7262E-02   
3.4821E-02   -2.4901E-03   
3.3026E-02   -3.9897E-03   
2.3024E-02   -1.1497E-02   
3.8730E-02   -8.9604E-04   
3.4099E-02   -2.7278E-03   
4.0449E-02   -6.0288E-04   
3.5509E-02   -1.7787E-03   
3.4859E-02   -2.1389E-03   
3.6541E-02   -1.1901E-03   
3.5090E-02   -2.0355E-03   
3.6622E-02   -1.1382E-03   
3.4807E-02   -2.2612E-03   
3.3897E-02   -2.7429E-03   
3.7771E-02   -9.4818E-04   
3.5980E-02   -1.4787E-03   
3.5065E-02   -2.0492E-03   
3.4844E-02   -2.1676E-03   
3.6955E-02   -1.0063E-03   
3.7624E-02   -9.4013E-04   
3.6844E-02   -1.0337E-03   
3.4281E-02   -2.4740E-03   
3.7275E-02   -9.2089E-04   
2.5471E-02   -8.9818E-03   
3.4982E-02   -2.2290E-03   
3.4676E-02   -2.7446E-03   
3.4687E-02   -2.8078E-03   
3.3399E-02   -3.8749E-03   
3.3583E-02   -4.0134E-03   
3.8776E-02   -9.8347E-04   
8.7541E-03   -2.2207E-02   
3.8283E-02   -8.5370E-04   
4.0768E-02   -4.9414E-04   
3.5639E-02   -1.6758E-03   
3.5262E-02   -1.9053E-03   
3.6333E-02   -1.2833E-03   
3.5431E-02   -1.8085E-03   
3.6624E-02   -1.1495E-03   
3.7297E-02   -9.6185E-04   
3.6963E-02   -1.0353E-03   
3.5267E-02   -1.9620E-03   
3.7417E-02   -1.0730E-03   
3.7276E-02   -1.0674E-03   
3.8394E-02   -9.4962E-04   
3.7920E-02   -9.6519E-04   
3.5696E-02   -2.2330E-03   
3.5559E-02   -2.1715E-03   
3.4633E-02   -2.2743E-03   
3.8645E-02   -7.5921E-04   
3.9415E-02   -7.7592E-04   
3.8313E-02   -1.1726E-03   
3.4636E-02   -3.1818E-03   
3.2348E-02   -5.1340E-03   
3.5479E-02   -2.5348E-03   
3.5620E-02   -1.8867E-03   
1.5485E-02   -1.7640E-02   
4.0809E-02   -5.6645E-04   
3.5391E-02   -1.8050E-03   
3.6649E-02   -1.1254E-03   
3.4949E-02   -2.0657E-03   
3.6055E-02   -1.4289E-03   
3.7014E-02   -1.2324E-03   
3.6279E-02   -1.3144E-03   
3.5750E-02   -1.5959E-03   
3.6630E-02   -1.1732E-03   
3.5600E-02   -1.7457E-03   
3.6951E-02   -1.1273E-03   
3.5779E-02   -1.6903E-03   
3.6941E-02   -1.1862E-03   
3.8709E-02   -8.1835E-04   
3.7568E-02   -1.0815E-03   
3.8082E-02   -9.9149E-04   
3.9647E-02   -7.8437E-04   
3.5633E-02   -2.0097E-03   
3.8423E-02   -8.7248E-04   
3.5750E-02   -1.8782E-03   
3.8059E-02   -1.0890E-03   
3.5311E-02   -1.8601E-03   
3.6003E-02   -1.6365E-03   
3.5976E-02   -2.1701E-03   
3.7990E-02   -1.1989E-03   
3.8706E-02   -1.0907E-03   
3.5433E-02   -2.3118E-03   
3.5929E-02   -2.3774E-03   
3.4719E-02   -3.4917E-03   
9.1677E-03   -2.2405E-02   
3.5484E-02   -1.7439E-03   
3.6025E-02   -1.5260E-03   
3.5907E-02   -1.5108E-03   
3.6312E-02   -1.3143E-03   
3.6084E-02   -1.7598E-03   
3.5847E-02   -1.5846E-03   
3.6635E-02   -1.3538E-03   
3.7266E-02   -1.1876E-03   
3.6122E-02   -2.5680E-03   
3.7708E-02   -1.2328E-03   
3.4951E-02   -2.0740E-03   
3.6128E-02   -1.6543E-03   
3.7701E-02   -1.1032E-03   
3.6659E-02   -1.1945E-03   
3.6597E-02   -1.3047E-03   
3.6300E-02   -1.9384E-03   
6.2023E-03   -2.4633E-02   
3.6259E-02   -2.1287E-03   
3.7889E-02   -1.3098E-03   
3.8998E-02   -9.9039E-04   
3.6976E-02   -1.0704E-03   
3.4621E-02   -2.2633E-03   
3.5677E-02   -1.6584E-03   
3.6197E-02   -1.4845E-03   
3.5992E-02   -1.4861E-03   
3.7344E-02   -1.2234E-03   
3.6409E-02   -1.3421E-03   
3.6339E-02   -1.5077E-03   
3.6053E-02   -1.4427E-03   
3.7559E-02   -1.4669E-03   
3.5752E-02   -1.6077E-03   
3.9315E-02   -9.3271E-04   
3.7597E-02   -1.3570E-03   
3.6083E-02   -1.9482E-03   
3.6354E-02   -1.4557E-03   
3.6580E-02   -2.2696E-03   
4.4019E-03   -2.5786E-02   
3.6717E-02   -1.2057E-03   
3.6458E-02   -1.7249E-03   
3.6992E-02   -1.3322E-03   
3.7055E-02   -1.4027E-03   
3.6599E-02   -1.7438E-03   
3.7589E-02   -1.5641E-03   
3.6377E-02   -1.6085E-03   
3.6546E-02   -2.1567E-03   
3.6626E-02   -2.3422E-03   
3.6874E-02   -1.5627E-03   
3.6398E-02   -1.6728E-03   
3.6991E-02   -2.2598E-03   
3.6758E-02   -1.7754E-03   
3.7807E-02   -1.1308E-03   
3.8043E-02   -1.4531E-03   
3.7175E-02   -1.6578E-03   
3.6684E-02   -1.5063E-03   
3.7307E-02   -1.3909E-03   
3.6494E-02   -1.9478E-03   
3.7170E-02   -1.7675E-03   
3.8477E-02   -1.2407E-03   
3.7468E-02   -2.0319E-03   
3.6864E-02   -1.8207E-03   
3.6694E-02   -1.5729E-03   
3.7065E-02   -1.9201E-03   
3.7380E-02   -1.8856E-03   
3.7886E-02   -1.6953E-03   
3.8138E-02   -1.5220E-03   
3.7660E-02   -1.8727E-03   
4.1602E-04   -2.6770E-02   
3.6940E-02   -2.0630E-03   
3.6117E-02   -2.6622E-03   
4.1570E-02   -2.1968E-04   
8.9906E-04   -2.5886E-02   
4.2455E-02   -2.8200E-05   
4.1174E-02   -5.3024E-04   
7.6009E-04   -2.6844E-02   
3.7061E-03   -2.5978E-02   
3.7549E-02   -2.1081E-03   
4.1790E-02   -1.0811E-04   
1.1576E-03   -2.6817E-02   
5.6968E-03   -2.4529E-02   
1.6373E-03   -2.6782E-02   
2.1241E-03   -2.6747E-02   
2.6056E-03   -2.6696E-02   
3.1017E-03   -2.6619E-02   
4.2757E-02   -2.5341E-05   
3.6118E-03   -2.6485E-02   
4.1596E-03   -2.6210E-02   
4.1038E-02   -4.1445E-04   
5.0260E-03   -2.5626E-02   
4.3071E-02   -2.3373E-05   
6.9177E-03   -2.4086E-02   
1.2909E-02   -1.9463E-02   
3.8446E-02   -1.3622E-03   
2.2336E-02   -1.2635E-02   
4.3405E-02   -2.0737E-05   
3.9915E-02   -5.2319E-04   
2.7404E-02   -9.2262E-03   
3.0124E-02   -6.2226E-03   
2.6953E-03   -2.6331E-02   
4.1145E-02   -3.5064E-04   
3.3241E-02   -5.5555E-03   
3.6156E-02   -3.7178E-03   
4.3751E-02   -1.7113E-05   
3.7660E-02   -2.9079E-03   
2.3556E-02   -1.1626E-02   
3.8366E-02   -2.6868E-03   
3.8875E-02   -2.6084E-03   
4.4114E-02   -1.3415E-05   
3.9470E-02   -2.4257E-03   
4.0129E-02   -2.2895E-03   
1.1993E-03   -2.6546E-02   
4.0737E-02   -2.1508E-03   
4.4535E-02   -1.0340E-05   
4.1931E-02   -6.5603E-05   
2.9521E-02   -7.2797E-03   
4.1385E-02   -1.9816E-03   
4.1997E-02   -1.8428E-03   
4.0509E-02   -6.6504E-04   
4.5009E-02   -3.9853E-06   
3.9670E-02   -8.6930E-04   
3.8959E-02   -1.0759E-03   
4.3168E-02   -1.4984E-03   
4.5458E-02   -2.1678E-04   
4.5554E-02   -2.3797E-04   
4.5549E-02   -2.7528E-05   
4.5603E-02   -4.9311E-06   
4.5492E-02   -1.1020E-04   
7.3174E-03   -2.3969E-02   
4.4398E-02   -9.6482E-04   
1.3963E-03   -2.6661E-02   
3.9906E-02   -8.8312E-04   
3.9376E-02   -1.0210E-03   
2.4391E-03   -2.6477E-02   
3.8717E-02   -1.3443E-03   
3.1264E-03   -2.6281E-02   
4.1828E-02   -1.7906E-04   
3.8107E-02   -1.7056E-03   
4.1479E-02   -4.2858E-04   
3.5071E-03   -2.6271E-02   
3.0041E-02   -6.9193E-03   
2.4082E-03   -2.6601E-02   
3.4534E-02   -3.7814E-03   
3.4247E-03   -2.6436E-02   
4.0362E-02   -7.6619E-04   
4.0562E-02   -2.0385E-03   
3.7569E-02   -2.7919E-03   
5.0896E-03   -2.5586E-02   
2.2640E-02   -1.2495E-02   
1.3592E-02   -1.9213E-02   
1.5506E-02   -1.7818E-02   
4.3219E-02   -4.5429E-05   
3.8077E-02   -1.9779E-03   
4.2056E-02   -9.5147E-05   
4.1239E-02   -5.9207E-04   
4.2612E-02   -5.0469E-05   
4.4477E-02   -2.3954E-05   
3.7125E-02   -2.3298E-03   
3.8610E-02   -2.4881E-03   
4.1355E-02   -2.5375E-04   
4.1389E-02   -3.6515E-04   
3.8426E-02   -1.4360E-03   
3.4674E-02   -3.5823E-03   
4.5297E-02   -9.2114E-07   
4.2610E-02   -1.6700E-03   
2.7414E-02   -9.0900E-03   
4.1527E-02   -1.7964E-03   
4.5591E-02   -1.3772E-04   
4.5695E-02   -1.5804E-06   
4.5666E-02   -1.3573E-05   
4.5622E-02   -6.3863E-05   
3.9560E-02   -2.2388E-03   
3.4647E-02   -4.2818E-03   
4.3904E-02   -3.1436E-05   
4.3719E-02   -1.0725E-03   
4.5058E-02   -1.2539E-05   
4.4425E-02   -8.2116E-04   
4.4871E-02   -2.6839E-04   
4.5111E-02   -1.9569E-05   
4.5017E-02   -7.1755E-05   
4.4735E-02   -5.0451E-04   
4.0213E-02   -8.9145E-04   
3.7517E-02   -2.6517E-03   
4.1951E-02   -1.3440E-04   
4.2271E-02   -1.0947E-04   
4.3020E-02   -7.5742E-05   
1.5500E-03   -2.6533E-02   
3.6846E-02   -2.5423E-03   
3.9194E-02   -1.1902E-03   
2.1040E-02   -1.3651E-02   
4.1849E-02   -2.2587E-04   
4.3698E-02   -5.5925E-05   
4.2410E-02   -1.5886E-03   
5.1497E-03   -2.5494E-02   
3.6732E-02   -2.9738E-03   
2.7596E-02   -8.9298E-03   
3.8519E-02   -2.4032E-03   
3.5350E-02   -3.4503E-03   
4.0147E-02   -2.0319E-03   
3.8574E-02   -1.5980E-03   
3.2562E-02   -5.4633E-03   
4.1055E-02   -7.0567E-04   
4.1546E-02   -4.9439E-04   
3.9095E-02   -2.2674E-03   
3.8547E-02   -1.7482E-03   
4.4093E-02   -4.3448E-05   
3.8167E-02   -2.0950E-03   
4.3358E-02   -6.5852E-05   
3.2748E-02   -5.2055E-03   
4.1697E-02   -2.9342E-04   
3.8012E-02   -2.5354E-03   
3.8969E-02   -1.3773E-03   
4.2633E-02   -8.4232E-05   
4.1765E-02   -3.3957E-04   
4.4284E-02   -4.2170E-04   
4.4640E-02   -4.5608E-05   
4.4516E-02   -1.3351E-04   
4.4726E-02   -2.2313E-05   
4.0618E-02   -7.7671E-04   
4.2963E-02   -1.3128E-03   
4.3882E-02   -8.4699E-04   
4.5004E-02   -5.2437E-05   
4.4785E-02   -4.0550E-04   
4.4867E-02   -1.4802E-04   
4.4796E-02   -1.9566E-04   
3.7898E-02   -2.4262E-03   
3.1404E-02   -6.2364E-03   
4.3813E-02   -7.3241E-05   
4.1972E-02   -1.6429E-03   
3.6325E-02   -3.0211E-03   
3.8595E-02   -1.8720E-03   
3.7775E-02   -2.3225E-03   
4.1939E-02   -4.5414E-04   
4.2477E-02   -1.2688E-04   
3.9732E-02   -2.0458E-03   
4.3172E-02   -9.5210E-05   
4.4440E-02   -2.0695E-04   
4.4657E-02   -7.7574E-05   
4.2134E-02   -3.0680E-04   
4.0063E-02   -1.0302E-03   
4.2184E-02   -2.0711E-04   
3.9537E-02   -1.1908E-03   
4.4294E-02   -3.0384E-04   
4.3183E-02   -1.0425E-03   
4.1381E-02   -6.9649E-04   
4.0741E-02   -1.8277E-03   
3.9001E-02   -1.5486E-03   
3.7301E-02   -2.4494E-03   
3.8911E-02   -2.1836E-03   
4.1082E-02   -7.8962E-04   
4.4441E-02   -4.0732E-05   
4.2876E-02   -1.2253E-03   
4.4007E-02   -6.1829E-04   
3.9886E-02   -1.8429E-03   
3.9500E-02   -1.4703E-03   
4.0954E-02   -9.0560E-04   
4.1778E-02   -6.3886E-04   
3.9303E-02   -1.9687E-03   
3.8286E-02   -2.2031E-03   
4.3922E-02   -8.9512E-05   
4.2593E-02   -1.2222E-03   
4.3180E-02   -1.3012E-04   
4.3584E-02   -1.0869E-04   
3.8794E-02   -2.0861E-03   
4.2407E-02   -2.2769E-04   
4.2475E-02   -1.6714E-04   
4.2233E-02   -3.5780E-04   
3.8981E-02   -1.4687E-03   
3.9069E-02   -1.7804E-03   
4.2051E-02   -5.1207E-04   
4.0914E-02   -1.6460E-03   
4.0407E-02   -1.0346E-03   
3.9907E-02   -1.1786E-03   
3.9390E-02   -1.6182E-03   
4.1383E-02   -8.4481E-04   
4.1685E-02   -7.4254E-04   
4.1159E-02   -1.8087E-03   
4.2339E-02   -4.0808E-04   
3.9178E-02   -1.8756E-03   
4.4258E-02   -6.9191E-05   
4.2777E-02   -1.7286E-04   
4.2502E-02   -2.7856E-04   
4.1968E-02   -1.4094E-03   
4.3031E-02   -1.8520E-04   
3.9818E-02   -1.3002E-03   
4.0663E-02   -1.0540E-03   
4.1733E-02   -8.2162E-04   
3.9528E-02   -1.6816E-03   
4.2896E-02   -2.4510E-04   
4.2898E-02   -1.0198E-03   
4.2192E-02   -5.4978E-04   
4.2737E-02   -3.6031E-04   
4.1719E-02   -1.6192E-03   
4.3734E-02   -1.2610E-04   
4.0065E-02   -1.3248E-03   
4.0585E-02   -1.1703E-03   
4.4393E-02   -8.2507E-05   
4.2543E-02   -5.0578E-04   
4.3936E-02   -1.3911E-04   
4.0024E-02   -1.5636E-03   
4.2939E-02   -2.9041E-04   
4.3516E-02   -1.7461E-04   
4.2852E-02   -3.9998E-04   
4.0982E-02   -1.1503E-03   
4.3212E-02   -1.9737E-04   
4.1510E-02   -9.8715E-04   
4.2287E-02   -7.1311E-04   
4.3212E-02   -2.9683E-04   
4.2428E-02   -7.9027E-04   
4.0152E-02   -1.6427E-03   
4.1878E-02   -9.7485E-04   
4.0415E-02   -1.3472E-03   
4.1349E-02   -1.1430E-03   
4.3587E-02   -2.0702E-04   
4.4319E-02   -1.2447E-04   
4.2721E-02   -7.9948E-04   
4.2272E-02   -9.4763E-04   
4.3676E-02   -2.4085E-04   
4.0535E-02   -1.4584E-03   
4.1108E-02   -1.3298E-03   
4.3452E-02   -3.0634E-04   
4.3192E-02   -7.1130E-04   
4.2189E-02   -1.0911E-03   
4.4081E-02   -1.8894E-04   
4.3410E-02   -3.6259E-04   
4.3127E-02   -8.4267E-04   
4.4246E-02   -2.0609E-04   
4.2639E-02   -1.0080E-03   
4.2970E-02   -4.4170E-04   
4.2657E-02   -5.6226E-04   
4.2824E-02   -6.1256E-04   
4.3348E-02   -5.0366E-04   
