51 
1844 
1.1399E-02   -3.7688E-03   
1.2738E-02   -2.6710E-03   
1.3794E-02   -1.7227E-03   
1.4513E-02   -8.6177E-04   
9.2055E-37   -1.2021E-03   
1.4764E-02   1.2976E-37   
1.4918E-02   -1.6077E-34   
1.5073E-02   -3.9844E-35   
1.5452E-02   2.1224E-35   
1.5822E-02   5.0684E-35   
1.6311E-02   1.3155E-34   
1.6927E-02   1.9796E-34   
1.7410E-02   2.4674E-34   
1.8247E-02   3.8132E-34   
1.8879E-02   4.5906E-34   
1.9571E-02   3.9509E-34   
1.9939E-02   6.0952E-34   
2.0718E-02   8.8263E-34   
2.1556E-02   1.2420E-33   
2.2000E-02   -2.0693E-30   
2.2000E-02   -1.3824E-34   
2.2000E-02   -1.3824E-34   
2.2000E-02   -1.3824E-34   
2.2000E-02   -1.3824E-34   
2.2000E-02   -1.3824E-34   
2.2000E-02   -1.3824E-34   
2.2000E-02   -1.3824E-34   
2.2000E-02   -1.3824E-34   
2.2000E-02   -1.3824E-34   
2.2000E-02   -1.3824E-34   
2.2000E-02   -1.3824E-34   
2.2000E-02   -1.3824E-34   
2.0739E-02   -8.0433E-04   
1.9394E-02   -1.4937E-03   
1.8770E-02   -1.7384E-03   
1.8152E-02   -1.9428E-03   
1.6922E-02   -2.2816E-03   
1.6306E-02   -2.4326E-03   
1.5068E-02   -2.7272E-03   
1.4444E-02   -2.8791E-03   
1.3084E-02   -3.2988E-03   
1.0475E-02   -4.6784E-03   
8.4681E-03   -5.8010E-03   
4.8524E-03   -8.1401E-03   
3.8003E-03   -8.8976E-03   
3.3282E-03   -9.1715E-03   
2.4397E-03   -9.5664E-03   
1.5934E-03   -9.8102E-03   
7.8205E-04   -9.9446E-03   
-3.0558E-37   -9.9822E-03   
1.3223E-33   -9.7186E-03   
1.4230E-33   -9.4558E-03   
1.3637E-33   -9.1007E-03   
1.2978E-33   -8.8992E-03   
1.1402E-33   -8.5856E-03   
1.0353E-33   -8.4218E-03   
9.4590E-34   -8.2937E-03   
8.4446E-34   -8.2357E-03   
6.9097E-34   -7.8180E-03   
9.8539E-03   -3.6799E-03   
2.1444E-02   -2.1077E-05   
2.0868E-02   -5.7416E-05   
2.0044E-02   -1.1959E-04   
1.9372E-02   -1.7882E-04   
1.8716E-02   -2.5599E-04   
1.7998E-02   -3.0952E-04   
1.7422E-02   -3.3826E-04   
1.6691E-02   -4.1165E-04   
1.5980E-02   -4.6835E-04   
1.5276E-02   -5.2595E-04   
1.4589E-02   -5.8532E-04   
1.3882E-02   -6.6945E-04   
1.3151E-02   -8.4054E-04   
1.2154E-02   -1.2771E-03   
1.1118E-02   -2.1216E-03   
1.2845E-02   -1.8268E-03   
1.3333E-02   -8.3489E-04   
1.3921E-02   -4.7835E-04   
1.4507E-02   -3.6071E-04   
1.5089E-02   -3.2328E-04   
1.5653E-02   -3.0781E-04   
1.6322E-02   -2.6645E-04   
1.6947E-02   -2.3550E-04   
1.7534E-02   -2.0213E-04   
1.8131E-02   -1.9495E-04   
1.8807E-02   -1.4467E-04   
1.9456E-02   -1.0538E-04   
2.0094E-02   -7.6993E-05   
2.0780E-02   -3.6356E-05   
2.1382E-02   -1.0811E-05   
1.4430E-02   -4.3682E-04   
1.4692E-02   -1.8754E-04   
1.5000E-02   -1.3981E-04   
1.5464E-02   -1.2340E-04   
1.5925E-02   -1.1717E-04   
1.6505E-02   -1.1688E-04   
1.7034E-02   -1.1513E-04   
1.7568E-02   -1.0807E-04   
1.8271E-02   -8.1782E-05   
1.8863E-02   -6.2108E-05   
1.9537E-02   -4.8861E-05   
2.0208E-02   -3.0630E-05   
2.0870E-02   -1.5802E-05   
2.1486E-02   -2.6675E-06   
2.1334E-02   -4.1227E-05   
2.0700E-02   -1.0474E-04   
1.9926E-02   -2.0068E-04   
1.9231E-02   -2.6534E-04   
1.8611E-02   -3.6180E-04   
1.7855E-02   -4.4711E-04   
1.7112E-02   -5.3154E-04   
1.6414E-02   -6.0614E-04   
1.5681E-02   -7.0165E-04   
1.4998E-02   -7.9258E-04   
1.4119E-02   -9.3501E-04   
1.3178E-02   -1.1306E-03   
1.2264E-02   -1.3768E-03   
1.1236E-02   -1.7700E-03   
9.5553E-03   -2.7470E-03   
4.1397E-03   -6.1978E-03   
2.1280E-02   -7.3046E-05   
2.0732E-02   -1.4881E-04   
1.9796E-02   -2.9546E-04   
1.9185E-02   -3.9376E-04   
1.8464E-02   -4.9708E-04   
1.7591E-02   -6.3930E-04   
1.6842E-02   -7.2854E-04   
1.6111E-02   -8.3117E-04   
1.5236E-02   -9.8667E-04   
1.4406E-02   -1.1644E-03   
1.3530E-02   -1.3653E-03   
1.2641E-02   -1.5517E-03   
1.1599E-02   -1.8961E-03   
1.0250E-02   -2.4584E-03   
6.2870E-03   -4.8450E-03   
1.2648E-03   -7.9283E-03   
2.1474E-02   -7.0388E-05   
2.0461E-02   -2.5248E-04   
1.9889E-02   -3.5431E-04   
1.9187E-02   -4.9895E-04   
1.8148E-02   -6.8964E-04   
1.7409E-02   -8.2592E-04   
1.6655E-02   -9.4752E-04   
1.5751E-02   -1.1236E-03   
1.4919E-02   -1.3105E-03   
1.4043E-02   -1.4918E-03   
1.3204E-02   -1.6988E-03   
1.2165E-02   -1.9715E-03   
1.0756E-02   -2.5873E-03   
8.0712E-03   -4.0932E-03   
3.3167E-03   -7.1531E-03   
1.0390E-03   -8.2841E-03   
2.1136E-02   -1.6893E-04   
2.0528E-02   -3.1492E-04   
1.9792E-02   -4.9734E-04   
1.9050E-02   -6.7832E-04   
1.7988E-02   -8.9827E-04   
1.7149E-02   -1.0438E-03   
1.6271E-02   -1.2483E-03   
1.5429E-02   -1.4492E-03   
1.4469E-02   -1.6372E-03   
1.3686E-02   -1.8181E-03   
1.2824E-02   -2.1090E-03   
1.1626E-02   -2.5415E-03   
9.1418E-03   -3.9234E-03   
5.0203E-03   -6.5938E-03   
1.9919E-03   -8.3263E-03   
1.0257E-03   -8.5056E-03   
2.1301E-02   -2.0327E-04   
2.0455E-02   -4.6512E-04   
1.9771E-02   -6.3818E-04   
1.8689E-02   -9.2829E-04   
1.7732E-02   -1.1798E-03   
1.6902E-02   -1.3342E-03   
1.5856E-02   -1.5657E-03   
1.5067E-02   -1.7541E-03   
1.4075E-02   -1.9765E-03   
1.3191E-02   -2.2370E-03   
1.2159E-02   -2.5956E-03   
1.0702E-02   -3.3423E-03   
7.2819E-03   -5.5598E-03   
3.4351E-03   -8.0533E-03   
1.9967E-03   -8.6121E-03   
9.4223E-04   -8.7751E-03   
2.1170E-02   -2.9542E-04   
2.0230E-02   -6.2503E-04   
1.9575E-02   -8.2241E-04   
1.8294E-02   -1.2179E-03   
1.7524E-02   -1.4113E-03   
1.6641E-02   -1.6360E-03   
1.5691E-02   -1.8221E-03   
1.4711E-02   -2.0613E-03   
1.3613E-02   -2.3719E-03   
1.2703E-02   -2.6694E-03   
1.1490E-02   -3.2561E-03   
9.0129E-03   -4.7995E-03   
4.7818E-03   -7.7434E-03   
3.1029E-03   -8.5990E-03   
1.9808E-03   -8.9055E-03   
9.8372E-04   -9.0513E-03   
2.1206E-02   -3.9166E-04   
2.0385E-02   -7.5573E-04   
1.9299E-02   -1.1239E-03   
1.8343E-02   -1.4605E-03   
1.7331E-02   -1.6492E-03   
1.6333E-02   -1.8796E-03   
1.5365E-02   -2.1241E-03   
1.4383E-02   -2.3801E-03   
1.3381E-02   -2.6622E-03   
1.2119E-02   -3.1424E-03   
9.8342E-03   -4.5960E-03   
6.2508E-03   -7.0826E-03   
3.9862E-03   -8.4879E-03   
2.9112E-03   -8.9380E-03   
1.8817E-03   -9.2156E-03   
1.0451E-03   -9.3265E-03   
2.0869E-02   -6.8487E-04   
1.9898E-02   -1.1762E-03   
1.9116E-02   -1.4173E-03   
1.7846E-02   -1.7986E-03   
1.7062E-02   -1.9907E-03   
1.5952E-02   -2.2552E-03   
1.4966E-02   -2.5125E-03   
1.4090E-02   -2.6981E-03   
1.2971E-02   -3.0321E-03   
1.0983E-02   -4.0417E-03   
8.3720E-03   -5.7083E-03   
4.9653E-03   -8.1468E-03   
3.6850E-03   -8.8928E-03   
2.7155E-03   -9.2572E-03   
1.8025E-03   -9.5026E-03   
8.0146E-04   -9.7018E-03   
2.6310E-03   -1.3414E-03   
5.0182E-03   -1.6176E-03   
7.1541E-03   -1.9637E-03   
8.6391E-03   -2.4433E-03   
9.6485E-03   -2.9344E-03   
1.0514E-02   -3.4781E-03   
1.1021E-02   -3.6797E-03   
1.1644E-02   -3.7069E-03   
1.1819E-02   -3.5609E-03   
1.1978E-02   -3.3991E-03   
1.2133E-02   -3.2412E-03   
1.2287E-02   -3.0900E-03   
1.2439E-02   -2.9449E-03   
1.2590E-02   -2.8054E-03   
1.2883E-02   -2.5412E-03   
1.3025E-02   -2.4156E-03   
1.3163E-02   -2.2937E-03   
1.3298E-02   -2.1752E-03   
1.3429E-02   -2.0592E-03   
1.3556E-02   -1.9452E-03   
1.3678E-02   -1.8331E-03   
1.3905E-02   -1.6134E-03   
1.4011E-02   -1.5050E-03   
1.4111E-02   -1.3972E-03   
1.4205E-02   -1.2898E-03   
1.4292E-02   -1.1826E-03   
1.4373E-02   -1.0756E-03   
1.4446E-02   -9.6870E-04   
1.4572E-02   -7.5483E-04   
1.4624E-02   -6.4790E-04   
1.4668E-02   -5.4103E-04   
1.4701E-02   -4.3316E-04   
1.4735E-02   -3.2965E-04   
1.4750E-02   -2.2301E-04   
1.4767E-02   -1.0643E-04   
1.4817E-02   -6.0178E-34   
1.4847E-02   -5.8206E-34   
1.4869E-02   -4.4852E-34   
1.4886E-02   -2.5034E-34   
1.4902E-02   -2.0021E-34   
1.4937E-02   -1.2782E-34   
1.4961E-02   -1.0013E-34   
1.4991E-02   -7.6790E-35   
1.5028E-02   -5.6937E-35   
1.5128E-02   -2.5004E-35   
1.5192E-02   -1.2041E-35   
1.5267E-02   -5.0493E-37   
1.5354E-02   1.0400E-35   
1.5562E-02   3.1132E-35   
1.5685E-02   4.0967E-35   
1.5971E-02   6.1335E-35   
1.6134E-02   7.2179E-35   
1.6502E-02   1.4158E-34   
1.6707E-02   1.1048E-34   
1.7161E-02   2.1631E-34   
1.7674E-02   2.8611E-34   
1.7953E-02   3.2412E-34   
1.8555E-02   3.9057E-34   
1.9217E-02   5.1694E-34   
2.0321E-02   7.5080E-34   
2.1129E-02   7.6262E-34   
2.2000E-02   -1.3824E-34   
2.2000E-02   -1.3824E-34   
2.2000E-02   -1.3824E-34   
2.2000E-02   -1.3824E-34   
2.2000E-02   -1.3824E-34   
2.0042E-02   -1.1931E-03   
1.7537E-02   -2.1205E-03   
1.5688E-02   -2.5794E-03   
1.3821E-02   -3.0461E-03   
1.2023E-02   -3.7980E-03   
6.3031E-03   -7.1521E-03   
4.3024E-03   -8.5631E-03   
2.8774E-03   -9.3916E-03   
2.0117E-03   -9.7024E-03   
1.1832E-03   -9.8894E-03   
3.8937E-04   -9.9778E-03   
9.6668E-34   -9.8523E-03   
1.3931E-33   -9.5855E-03   
1.3884E-33   -9.3312E-03   
2.0343E-33   -9.2126E-03   
2.0702E-33   -8.9961E-03   
1.2683E-33   -8.8098E-03   
1.2333E-33   -8.7279E-03   
1.1848E-33   -8.6533E-03   
1.1028E-33   -8.5246E-03   
1.0676E-33   -8.4700E-03   
1.0082E-33   -8.3800E-03   
9.8335E-34   -8.3447E-03   
9.6281E-34   -8.3159E-03   
9.3423E-34   -8.2778E-03   
9.1684E-34   -8.2673E-03   
8.9389E-34   -8.2589E-03   
8.6965E-34   -8.2494E-03   
8.2239E-34   -8.2155E-03   
7.9602E-34   -8.1842E-03   
7.7188E-34   -8.1382E-03   
7.4653E-34   -8.0715E-03   
7.1668E-34   -7.9705E-03   
6.6413E-34   -7.5929E-03   
6.3769E-34   -7.2715E-03   
6.1009E-34   -6.8319E-03   
5.8496E-34   -6.2622E-03   
5.6232E-34   -5.5540E-03   
8.2098E-34   -4.6736E-03   
7.5522E-34   -3.6672E-03   
5.5531E-34   -2.4699E-03   
1.1891E-02   -3.2608E-03   
1.2979E-02   -2.2606E-03   
1.3399E-02   -1.8995E-03   
1.2212E-02   -2.9464E-03   
1.4396E-02   -9.3521E-04   
1.1389E-02   -3.7644E-03   
7.9857E-03   -2.8320E-03   
1.4119E-02   -1.2429E-03   
1.4659E-02   -5.3656E-04   
1.3784E-02   -1.5629E-03   
1.2527E-02   -2.6566E-03   
1.4543E-02   -7.3478E-04   
1.2681E-02   -2.5200E-03   
1.1146E-02   -3.8470E-03   
1.3662E-02   -1.6731E-03   
1.4218E-02   -1.1392E-03   
1.4793E-02   -1.5256E-04   
3.4859E-03   -2.4587E-03   
1.0768E-02   -3.7832E-03   
1.3122E-02   -2.1372E-03   
1.3260E-02   -2.0166E-03   
1.4474E-02   -8.3462E-04   
9.3053E-03   -3.1451E-03   
1.4705E-02   -4.3638E-04   
5.9530E-03   -2.6734E-03   
1.0260E-02   -3.6106E-03   
1.4311E-02   -1.0367E-03   
1.4605E-02   -6.3547E-04   
1.1567E-02   -3.6025E-03   
1.4014E-02   -1.3480E-03   
1.3902E-02   -1.4546E-03   
1.2371E-02   -2.7986E-03   
1.1729E-02   -3.4289E-03   
1.2052E-02   -3.1003E-03   
1.2832E-02   -2.3882E-03   
1.3533E-02   -1.7852E-03   
1.9859E-03   -5.0890E-03   
1.7364E-03   -5.8563E-03   
1.4999E-03   -6.4990E-03   
1.2625E-03   -7.0086E-03   
1.0375E-03   -7.3911E-03   
8.4370E-04   -7.6672E-03   
6.8566E-04   -7.8602E-03   
5.6241E-04   -7.9914E-03   
4.7060E-04   -8.0789E-03   
1.4851E-02   -8.0109E-05   
4.0533E-04   -8.1366E-03   
1.4869E-02   -6.6290E-05   
3.4920E-04   -8.1748E-03   
1.4885E-02   -5.5927E-05   
2.9920E-04   -8.2012E-03   
1.4900E-02   -4.7432E-05   
2.5708E-04   -8.2202E-03   
1.4918E-02   -4.0758E-05   
2.2364E-04   -8.2346E-03   
1.4939E-02   -3.5568E-05   
2.0047E-04   -8.2468E-03   
1.4965E-02   -3.1673E-05   
1.8872E-04   -8.2597E-03   
1.4999E-02   -2.8899E-05   
1.8867E-04   -8.2757E-03   
1.5040E-02   -2.7063E-05   
1.9402E-04   -8.2967E-03   
1.5090E-02   -2.5991E-05   
2.0124E-04   -8.3234E-03   
1.5149E-02   -2.5589E-05   
2.0923E-04   -8.3561E-03   
1.5219E-02   -2.5754E-05   
2.1829E-04   -8.3952E-03   
1.5301E-02   -2.6358E-05   
2.2840E-04   -8.4406E-03   
1.5394E-02   -2.7250E-05   
2.3884E-04   -8.4922E-03   
1.5498E-02   -2.8138E-05   
2.4937E-04   -8.5501E-03   
1.5615E-02   -2.9473E-05   
2.6001E-04   -8.6143E-03   
1.5743E-02   -3.1027E-05   
2.7048E-04   -8.6847E-03   
1.5884E-02   -3.3017E-05   
2.8397E-04   -8.7613E-03   
1.6039E-02   -3.4722E-05   
2.9962E-04   -8.8454E-03   
1.6209E-02   -3.5781E-05   
3.0858E-04   -8.9375E-03   
1.6393E-02   -3.6760E-05   
3.1740E-04   -9.0366E-03   
1.6593E-02   -3.7598E-05   
3.4044E-04   -9.1439E-03   
1.6810E-02   -3.7593E-05   
3.5319E-04   -9.2618E-03   
1.7036E-02   -3.6064E-05   
3.5396E-04   -9.3862E-03   
1.7273E-02   -3.6849E-05   
3.6463E-04   -9.5151E-03   
1.7528E-02   -3.6337E-05   
3.8138E-04   -9.6521E-03   
1.2314E-02   -2.6518E-03   
1.3785E-02   -1.4126E-03   
1.4239E-02   -1.0019E-03   
1.1648E-02   -3.2901E-03   
1.4785E-02   -2.2830E-04   
6.8297E-03   -3.4715E-03   
1.3084E-02   -1.9843E-03   
1.4694E-02   -4.3872E-04   
9.9024E-03   -3.7800E-03   
1.1135E-02   -3.8278E-03   
1.0892E-02   -3.9287E-03   
1.3521E-02   -1.6326E-03   
1.2637E-02   -2.3703E-03   
1.4504E-02   -7.1506E-04   
1.4576E-02   -6.2234E-04   
1.2792E-02   -2.2374E-03   
1.3378E-02   -1.7458E-03   
1.4336E-02   -9.0468E-04   
1.4136E-02   -1.1012E-03   
1.1816E-02   -3.1202E-03   
1.1312E-02   -3.6516E-03   
4.5009E-03   -3.5419E-03   
1.1983E-02   -2.9574E-03   
1.2938E-02   -2.1104E-03   
1.3230E-02   -1.8625E-03   
1.4424E-02   -8.0911E-04   
1.4639E-02   -5.3046E-04   
1.2150E-02   -2.8015E-03   
1.3908E-02   -1.3064E-03   
1.0508E-02   -3.8878E-03   
1.1480E-02   -3.4674E-03   
1.4025E-02   -1.2027E-03   
1.4743E-02   -3.4344E-04   
8.6106E-03   -3.4962E-03   
1.3656E-02   -1.5217E-03   
1.2477E-02   -2.5084E-03   
2.1236E-03   -4.1776E-03   
3.7516E-03   -5.2837E-03   
3.3484E-03   -5.9901E-03   
2.8703E-03   -6.5724E-03   
2.3761E-03   -7.0260E-03   
1.9453E-03   -7.3664E-03   
1.5815E-03   -7.6164E-03   
1.2801E-03   -7.7961E-03   
1.4827E-02   -1.0396E-04   
1.0375E-03   -7.9235E-03   
8.4880E-04   -8.0124E-03   
1.4837E-02   -1.4186E-04   
7.0673E-04   -8.0729E-03   
1.4851E-02   -1.2172E-04   
6.0309E-04   -8.1154E-03   
1.4865E-02   -1.0258E-04   
5.2229E-04   -8.1466E-03   
1.4880E-02   -8.7665E-05   
4.5930E-04   -8.1713E-03   
1.4898E-02   -7.6148E-05   
4.1367E-04   -8.1934E-03   
1.4922E-02   -6.7274E-05   
3.8785E-04   -8.2147E-03   
1.4951E-02   -6.0761E-05   
3.7969E-04   -8.2372E-03   
1.4988E-02   -5.6335E-05   
3.8609E-04   -8.2615E-03   
1.5033E-02   -5.3626E-05   
3.9703E-04   -8.2893E-03   
1.5088E-02   -5.2182E-05   
4.1051E-04   -8.3212E-03   
1.5154E-02   -5.2020E-05   
4.2706E-04   -8.3583E-03   
1.5230E-02   -5.3008E-05   
4.4622E-04   -8.4012E-03   
1.5318E-02   -5.4777E-05   
4.6701E-04   -8.4501E-03   
1.5419E-02   -5.6273E-05   
4.8833E-04   -8.5051E-03   
1.5530E-02   -5.7255E-05   
5.0960E-04   -8.5662E-03   
1.5648E-02   -6.0962E-05   
5.2791E-04   -8.6333E-03   
1.5779E-02   -6.3969E-05   
5.4232E-04   -8.7050E-03   
1.5923E-02   -6.9237E-05   
5.7938E-04   -8.7804E-03   
1.6086E-02   -7.1575E-05   
6.1306E-04   -8.8673E-03   
1.6264E-02   -7.2994E-05   
6.1577E-04   -8.9636E-03   
1.6456E-02   -7.5193E-05   
6.4545E-04   -9.0600E-03   
1.6671E-02   -7.6256E-05   
7.3630E-04   -9.1693E-03   
1.6906E-02   -7.4684E-05   
7.0712E-04   -9.3015E-03   
1.7123E-02   -6.8136E-05   
7.1546E-04   -9.4252E-03   
1.7354E-02   -8.0375E-05   
7.4460E-04   -9.5532E-03   
1.7799E-02   -3.7634E-05   
1.3055E-02   -1.8359E-03   
1.3217E-02   -1.7130E-03   
1.2606E-02   -2.2265E-03   
1.3373E-02   -1.5997E-03   
1.2441E-02   -2.3624E-03   
1.0877E-02   -3.8977E-03   
1.1057E-02   -3.7083E-03   
1.1230E-02   -3.5150E-03   
1.1404E-02   -3.3285E-03   
1.1578E-02   -3.1495E-03   
1.0626E-02   -4.0174E-03   
1.1753E-02   -2.9779E-03   
1.2272E-02   -2.5061E-03   
1.3521E-02   -1.4889E-03   
1.1927E-02   -2.8137E-03   
1.2100E-02   -2.6566E-03   
1.0115E-02   -4.0447E-03   
1.3662E-02   -1.3793E-03   
1.4456E-02   -6.9607E-04   
1.4538E-02   -6.0844E-04   
1.4609E-02   -5.2332E-04   
1.4365E-02   -7.8579E-04   
9.1287E-03   -4.1117E-03   
1.3796E-02   -1.2724E-03   
1.4267E-02   -8.7756E-04   
1.4045E-02   -1.0687E-03   
1.3924E-02   -1.1690E-03   
1.4160E-02   -9.7184E-04   
7.3737E-03   -4.0788E-03   
5.8428E-03   -4.0931E-03   
1.4672E-02   -4.3881E-04   
1.4728E-02   -3.5247E-04   
1.4778E-02   -2.6342E-04   
4.0997E-03   -4.5458E-03   
4.8597E-03   -5.9893E-03   
4.0366E-03   -6.4977E-03   
3.3501E-03   -6.8959E-03   
2.7643E-03   -7.2012E-03   
2.2591E-03   -7.4357E-03   
1.8319E-03   -7.6170E-03   
1.4818E-02   -1.6952E-04   
1.4817E-03   -7.7579E-03   
1.2043E-03   -7.8671E-03   
1.4798E-02   -2.0491E-04   
9.9257E-04   -7.9513E-03   
1.4813E-02   -1.6786E-04   
8.3475E-04   -8.0154E-03   
1.4826E-02   -1.4239E-04   
7.2133E-04   -8.0660E-03   
1.4841E-02   -1.2302E-04   
6.4650E-04   -8.1081E-03   
1.4861E-02   -1.0827E-04   
6.0348E-04   -8.1431E-03   
1.4887E-02   -9.6769E-05   
5.9027E-04   -8.1731E-03   
1.4920E-02   -8.8856E-05   
5.8576E-04   -8.2077E-03   
1.4959E-02   -8.4115E-05   
5.9203E-04   -8.2421E-03   
1.5010E-02   -8.1133E-05   
6.0741E-04   -8.2752E-03   
1.5071E-02   -7.9745E-05   
6.2708E-04   -8.3119E-03   
1.5142E-02   -8.0803E-05   
6.5281E-04   -8.3526E-03   
1.5224E-02   -8.3499E-05   
6.8539E-04   -8.3985E-03   
1.5321E-02   -8.6043E-05   
7.1838E-04   -8.4507E-03   
1.5436E-02   -8.7249E-05   
7.5028E-04   -8.5092E-03   
1.5548E-02   -8.4889E-05   
7.7848E-04   -8.5745E-03   
1.5652E-02   -9.8784E-05   
7.9206E-04   -8.6464E-03   
7.8205E-04   -8.7152E-03   
9.2729E-04   -8.8886E-03   
1.6294E-02   -1.1315E-04   
1.0385E-03   -9.2171E-03   
1.0715E-03   -9.4406E-03   
1.6743E-02   -1.1733E-04   
1.8099E-02   -3.9248E-05   
1.4641E-02   -4.3882E-04   
1.4703E-02   -3.5941E-04   
1.4760E-02   -2.7764E-04   
1.2741E-02   -1.9797E-03   
1.2591E-02   -2.0870E-03   
1.0599E-02   -3.9778E-03   
1.0199E-02   -4.1734E-03   
1.1340E-02   -3.1878E-03   
1.0793E-02   -3.7721E-03   
1.1521E-02   -3.0076E-03   
1.0977E-02   -3.5698E-03   
1.2420E-02   -2.2194E-03   
1.3384E-02   -1.4661E-03   
1.1159E-02   -3.3753E-03   
1.4400E-02   -6.7808E-04   
1.4299E-02   -7.6490E-04   
1.1702E-02   -2.8350E-03   
1.1884E-02   -2.6699E-03   
1.3947E-02   -1.0421E-03   
1.4072E-02   -9.4638E-04   
1.4493E-02   -5.9316E-04   
9.1978E-03   -4.4072E-03   
1.4573E-02   -5.1488E-04   
1.2243E-02   -2.3620E-03   
1.3815E-02   -1.1421E-03   
1.2064E-02   -2.5124E-03   
1.4190E-02   -8.5420E-04   
1.3533E-02   -1.3545E-03   
1.3677E-02   -1.2465E-03   
5.8284E-03   -5.8587E-03   
4.9455E-03   -6.2937E-03   
4.1918E-03   -6.6258E-03   
3.5161E-03   -6.8983E-03   
2.9186E-03   -7.1296E-03   
2.4050E-03   -7.3284E-03   
1.9762E-03   -7.4985E-03   
1.6280E-03   -7.6424E-03   
1.4801E-02   -2.1052E-04   
1.4749E-02   -2.4364E-04   
1.3532E-03   -7.7628E-03   
1.4758E-02   -2.0731E-04   
1.1437E-03   -7.8637E-03   
1.4771E-02   -1.7761E-04   
9.9009E-04   -7.9495E-03   
1.4786E-02   -1.5567E-04   
8.8492E-04   -8.0205E-03   
1.4806E-02   -1.3918E-04   
8.2791E-04   -8.0758E-03   
1.4837E-02   -1.2527E-04   
8.4553E-04   -8.1118E-03   
1.4871E-02   -1.1827E-04   
8.0447E-04   -8.1722E-03   
1.4913E-02   -1.1410E-04   
8.0587E-04   -8.2156E-03   
1.4972E-02   -1.1080E-04   
8.2397E-04   -8.2581E-03   
1.5040E-02   -1.0961E-04   
8.8885E-04   -8.3391E-03   
1.0530E-03   -8.6652E-03   
1.5199E-02   -1.1875E-04   
9.4226E-04   -8.3862E-03   
9.8465E-04   -8.4428E-03   
1.0630E-03   -8.5785E-03   
1.5802E-02   -9.5325E-05   
1.6132E-02   -1.0569E-04   
1.6311E-02   -1.5947E-04   
1.5314E-02   -1.2194E-04   
1.4253E-03   -9.3194E-03   
1.6541E-02   -1.6200E-04   
1.0864E-03   -9.1229E-03   
1.5577E-02   -1.4035E-04   
1.2791E-03   -8.8049E-03   
1.4731E-02   -2.9243E-04   
1.4664E-02   -3.7151E-04   
1.4604E-02   -4.4133E-04   
1.3103E-02   -1.5541E-03   
1.3060E-02   -1.6862E-03   
1.3241E-02   -1.4507E-03   
1.2421E-02   -2.0785E-03   
1.4440E-02   -5.7975E-04   
1.0512E-02   -3.8400E-03   
1.4535E-02   -4.9833E-04   
1.0158E-02   -4.1196E-03   
9.2972E-03   -4.5248E-03   
1.0719E-02   -3.6271E-03   
1.1287E-02   -3.0461E-03   
1.1099E-02   -3.2344E-03   
1.2231E-02   -2.2199E-03   
1.0912E-02   -3.4270E-03   
1.1476E-02   -2.8652E-03   
1.3398E-02   -1.3382E-03   
1.3978E-02   -9.2598E-04   
1.4336E-02   -6.6311E-04   
1.1665E-02   -2.6921E-03   
1.4106E-02   -8.3502E-04   
1.4225E-02   -7.4773E-04   
1.3843E-02   -1.0218E-03   
1.1854E-02   -2.5270E-03   
1.2043E-02   -2.3697E-03   
1.3700E-02   -1.1225E-03   
1.3552E-02   -1.2283E-03   
6.7097E-03   -5.0632E-03   
6.4750E-03   -5.6788E-03   
5.6993E-03   -5.9645E-03   
4.9509E-03   -6.2338E-03   
4.2525E-03   -6.4875E-03   
3.6189E-03   -6.7267E-03   
3.0585E-03   -6.9487E-03   
2.5745E-03   -7.1513E-03   
2.1690E-03   -7.3334E-03   
1.4672E-02   -2.9000E-04   
1.8399E-03   -7.4946E-03   
1.4689E-02   -2.4114E-04   
1.5817E-03   -7.6356E-03   
1.3783E-03   -7.7616E-03   
1.4700E-02   -2.1027E-04   
1.4713E-02   -1.8805E-04   
1.2117E-03   -7.8784E-03   
1.4730E-02   -1.7266E-04   
1.0607E-03   -8.0611E-03   
1.4789E-02   -1.5545E-04   
1.0568E-03   -8.1106E-03   
1.4923E-02   -1.4344E-04   
1.4853E-02   -1.4716E-04   
1.0584E-03   -8.1733E-03   
1.1698E-03   -8.3069E-03   
8.4500E-04   -8.2988E-03   
1.2179E-03   -8.3662E-03   
1.2732E-03   -8.4253E-03   
1.3402E-03   -9.1360E-03   
1.3210E-03   -9.0357E-03   
1.3339E-03   -8.4930E-03   
1.5160E-02   -1.6051E-04   
1.5728E-02   -1.2965E-04   
1.5426E-02   -1.7385E-04   
1.6079E-02   -1.5250E-04   
1.5288E-02   -1.6475E-04   
1.5111E-02   -1.1395E-04   
1.4115E-03   -8.5751E-03   
1.2304E-03   -8.9328E-03   
1.3359E-03   -8.6909E-03   
1.6782E-02   -1.6308E-04   
1.3512E-03   -9.4421E-03   
1.2950E-03   -9.2344E-03   
1.6324E-02   -2.1001E-04   
1.2910E-02   -1.6263E-03   
1.4686E-02   -3.1635E-04   
1.4482E-02   -4.9061E-04   
1.0452E-02   -3.6814E-03   
1.4375E-02   -5.7243E-04   
1.0113E-02   -3.9456E-03   
8.2445E-03   -4.9493E-03   
1.2235E-02   -2.0773E-03   
1.1052E-02   -3.0927E-03   
1.0858E-02   -3.2862E-03   
1.0667E-02   -3.4804E-03   
1.3256E-02   -1.3356E-03   
1.1248E-02   -2.9040E-03   
1.4015E-02   -8.2033E-04   
1.1445E-02   -2.7229E-03   
1.4144E-02   -7.3450E-04   
1.4263E-02   -6.5242E-04   
1.3877E-02   -9.1137E-04   
1.1642E-02   -2.5501E-03   
1.2037E-02   -2.2282E-03   
1.3420E-02   -1.2194E-03   
1.3732E-02   -1.0081E-03   
1.1840E-02   -2.3854E-03   
1.3579E-02   -1.1109E-03   
7.8506E-03   -5.0615E-03   
7.1666E-03   -5.2724E-03   
1.2664E-02   -1.7857E-03   
6.4400E-03   -5.5108E-03   
1.2443E-02   -1.9304E-03   
5.7170E-03   -5.7580E-03   
5.0332E-03   -6.0054E-03   
4.3962E-03   -6.2498E-03   
3.8125E-03   -6.4883E-03   
3.2948E-03   -6.7181E-03   
2.8478E-03   -6.9330E-03   
1.4752E-03   -7.8747E-03   
1.4600E-02   -3.0896E-04   
2.4756E-03   -7.1292E-03   
2.1688E-03   -7.3089E-03   
1.4608E-02   -2.7162E-04   
1.9042E-03   -7.4850E-03   
1.4614E-02   -2.4367E-04   
1.4621E-02   -2.2426E-04   
1.1038E-03   -7.9668E-03   
1.4718E-02   -1.8948E-04   
1.4258E-03   -7.9835E-03   
1.2765E-03   -8.2146E-03   
1.5615E-02   -1.8138E-04   
1.5236E-02   -2.1502E-04   
1.4875E-02   -1.8227E-04   
1.5122E-03   -8.3324E-03   
1.4784E-02   -1.8421E-04   
1.5928E-03   -8.3950E-03   
1.0493E-03   -8.2365E-03   
1.6139E-03   -9.1645E-03   
1.6595E-03   -8.4649E-03   
1.5841E-02   -1.7241E-04   
1.6421E-03   -8.7114E-03   
1.5999E-03   -8.8241E-03   
1.5039E-02   -1.5799E-04   
1.6585E-03   -9.0358E-03   
1.4573E-03   -8.2714E-03   
1.5110E-02   -2.0797E-04   
1.6561E-02   -2.1145E-04   
1.6105E-02   -2.0524E-04   
1.4506E-02   -4.2186E-04   
1.4407E-02   -4.9641E-04   
1.4596E-02   -3.9311E-04   
9.5051E-03   -4.1442E-03   
1.0445E-02   -3.5309E-03   
1.3102E-02   -1.3413E-03   
1.0814E-02   -3.1469E-03   
1.4299E-02   -5.7075E-04   
1.0612E-02   -3.3476E-03   
1.1017E-02   -2.9508E-03   
7.2733E-03   -5.1802E-03   
1.1222E-02   -2.7621E-03   
1.2046E-02   -2.0879E-03   
1.3918E-02   -8.1080E-04   
1.4182E-02   -6.4705E-04   
1.4055E-02   -7.2651E-04   
1.3280E-02   -1.2195E-03   
1.1427E-02   -2.5815E-03   
1.3770E-02   -9.0287E-04   
1.1634E-02   -2.4093E-03   
1.1840E-02   -2.2452E-03   
1.3450E-02   -1.1068E-03   
1.3614E-02   -1.0016E-03   
1.2259E-02   -1.9342E-03   
8.5331E-03   -4.6147E-03   
7.8750E-03   -4.8001E-03   
7.1642E-03   -5.0248E-03   
9.2642E-03   -4.4376E-03   
6.4976E-03   -5.2486E-03   
1.2478E-02   -1.7830E-03   
1.2702E-02   -1.6316E-03   
5.8571E-03   -5.4765E-03   
1.4580E-02   -3.5546E-04   
1.2913E-02   -1.4820E-03   
5.2418E-03   -5.7115E-03   
4.6678E-03   -5.9548E-03   
3.6712E-03   -6.4340E-03   
1.4516E-02   -3.3698E-04   
3.2701E-03   -6.6566E-03   
2.9405E-03   -6.8631E-03   
1.4510E-02   -3.0681E-04   
1.4511E-02   -2.8077E-04   
1.9704E-03   -7.5332E-03   
1.4103E-03   -8.0839E-03   
1.4626E-02   -2.3055E-04   
1.4996E-02   -2.0329E-04   
1.8626E-03   -8.2608E-03   
1.6012E-03   -7.6985E-03   
1.5371E-02   -2.2600E-04   
2.0668E-03   -7.5801E-03   
1.5038E-02   -2.6196E-04   
1.4511E-03   -8.2070E-03   
1.9500E-03   -8.7270E-03   
1.7800E-03   -8.1960E-03   
1.7471E-03   -8.5166E-03   
1.4900E-02   -2.0406E-04   
1.5924E-02   -2.0225E-04   
1.4691E-02   -2.2998E-04   
1.6949E-03   -8.6022E-03   
1.6133E-03   -8.9297E-03   
1.6093E-02   -2.6128E-04   
1.6783E-02   -2.0911E-04   
1.6725E-03   -9.3827E-03   
2.0682E-03   -9.0304E-03   
1.5778E-02   -1.4845E-04   
1.4326E-02   -5.0427E-04   
1.0309E-02   -3.4473E-03   
1.2070E-02   -1.9493E-03   
1.0567E-02   -3.2100E-03   
1.0783E-02   -3.0047E-03   
1.4215E-02   -5.7516E-04   
1.0996E-02   -2.8090E-03   
1.3131E-02   -1.2282E-03   
1.3964E-02   -7.2110E-04   
1.4097E-02   -6.4618E-04   
1.1210E-02   -2.6210E-03   
1.3815E-02   -8.0694E-04   
1.1854E-02   -2.1070E-03   
1.1425E-02   -2.4414E-03   
1.3314E-02   -1.1108E-03   
1.1640E-02   -2.2703E-03   
1.3656E-02   -9.0081E-04   
1.3489E-02   -1.0022E-03   
9.2074E-03   -4.1328E-03   
8.4125E-03   -4.3861E-03   
1.4515E-02   -3.7322E-04   
7.8394E-03   -4.5528E-03   
1.2733E-02   -1.4961E-03   
1.2292E-02   -1.7944E-03   
1.2938E-02   -1.3567E-03   
7.2708E-03   -4.7255E-03   
6.6944E-03   -4.9184E-03   
1.2515E-02   -1.6432E-03   
6.1384E-03   -5.1323E-03   
5.6043E-03   -5.3561E-03   
5.1040E-03   -5.5893E-03   
1.4515E-02   -2.6308E-04   
4.6582E-03   -5.8185E-03   
2.6357E-03   -7.0817E-03   
4.2995E-03   -6.0225E-03   
1.4396E-02   -3.8345E-04   
1.4824E-02   -2.4774E-04   
1.4393E-02   -3.4658E-04   
2.0108E-03   -7.6959E-03   
1.7136E-03   -8.0356E-03   
1.4572E-02   -2.3679E-04   
2.2568E-03   -7.4066E-03   
1.4753E-02   -2.3847E-04   
2.2509E-03   -7.9880E-03   
2.0490E-03   -8.4896E-03   
1.7615E-03   -8.1090E-03   
1.9368E-03   -8.4335E-03   
1.4511E-02   -2.8112E-04   
1.5694E-02   -2.3568E-04   
2.3191E-03   -8.6149E-03   
1.5889E-02   -2.5304E-04   
1.8814E-03   -8.8296E-03   
1.6066E-02   -3.2413E-04   
2.0962E-03   -9.2880E-03   
1.6602E-02   -2.6804E-04   
1.7018E-02   -1.7352E-04   
2.3544E-03   -9.0976E-03   
1.5481E-02   -2.4639E-04   
1.4351E-02   -4.4718E-04   
1.0093E-02   -3.7447E-03   
1.0312E-02   -3.2701E-03   
1.0544E-02   -3.0616E-03   
1.1880E-02   -1.9720E-03   
1.0767E-02   -2.8615E-03   
1.4137E-02   -5.8354E-04   
1.4020E-02   -6.3899E-04   
1.0990E-02   -2.6679E-03   
9.2640E-03   -3.9380E-03   
1.3869E-02   -7.1832E-04   
1.3171E-02   -1.1213E-03   
1.1213E-02   -2.4813E-03   
1.1659E-02   -2.1340E-03   
1.3707E-02   -8.0777E-04   
1.1437E-02   -2.3033E-03   
1.3357E-02   -1.0087E-03   
1.3536E-02   -9.0448E-04   
8.9265E-03   -3.9890E-03   
1.2106E-02   -1.8143E-03   
1.2771E-02   -1.3738E-03   
1.2975E-02   -1.2430E-03   
8.4964E-03   -4.0751E-03   
1.2555E-02   -1.5140E-03   
7.9950E-03   -4.2105E-03   
7.5138E-03   -4.3664E-03   
1.2332E-02   -1.6613E-03   
1.4442E-02   -3.9402E-04   
6.1419E-03   -4.9213E-03   
7.0366E-03   -4.5347E-03   
1.4391E-02   -3.2301E-04   
6.5770E-03   -4.7212E-03   
1.4621E-02   -2.1716E-04   
3.0928E-03   -6.8527E-03   
4.0291E-03   -6.1973E-03   
3.0189E-03   -6.9597E-03   
5.7785E-03   -5.1065E-03   
1.4270E-02   -4.1941E-04   
1.4571E-02   -2.8572E-04   
1.4457E-02   -2.8343E-04   
2.7520E-03   -7.1964E-03   
2.3580E-03   -7.8216E-03   
2.3208E-03   -8.2895E-03   
1.5854E-02   -3.1630E-04   
1.4638E-02   -2.9503E-04   
2.4052E-03   -7.6785E-03   
1.5283E-02   -2.8631E-04   
2.3979E-03   -8.4731E-03   
1.5425E-02   -3.0937E-04   
2.2634E-03   -8.7520E-03   
2.0296E-03   -7.7687E-03   
1.6300E-02   -3.2999E-04   
1.4921E-02   -2.5466E-04   
1.7288E-02   -1.3525E-04   
2.5861E-03   -8.9127E-03   
9.6802E-03   -3.6231E-03   
1.4235E-02   -5.1841E-04   
1.0292E-02   -3.1220E-03   
1.0536E-02   -2.9157E-03   
1.0768E-02   -2.7187E-03   
1.1690E-02   -2.0016E-03   
1.4110E-02   -5.5007E-04   
1.0049E-02   -3.4671E-03   
1.3935E-02   -6.3386E-04   
1.1919E-02   -1.8410E-03   
1.1000E-02   -2.5270E-03   
1.3765E-02   -7.2187E-04   
1.1232E-02   -2.3425E-03   
1.1463E-02   -2.1676E-03   
1.3218E-02   -1.0207E-03   
1.3590E-02   -8.1362E-04   
1.3408E-02   -9.1261E-04   
9.5002E-03   -3.5472E-03   
1.2601E-02   -1.3948E-03   
1.3021E-02   -1.1373E-03   
1.2815E-02   -1.2619E-03   
1.4534E-02   -2.4705E-04   
9.0126E-03   -3.6626E-03   
1.2149E-02   -1.6856E-03   
8.6447E-03   -3.7461E-03   
1.2377E-02   -1.5365E-03   
1.4263E-02   -3.9064E-04   
7.5055E-03   -4.1071E-03   
8.2616E-03   -3.8418E-03   
7.1674E-03   -4.2565E-03   
7.8805E-03   -3.9633E-03   
4.2963E-03   -6.1752E-03   
1.4256E-02   -4.6435E-04   
1.4388E-02   -3.0887E-04   
5.4915E-03   -5.2713E-03   
1.4786E-02   -1.5026E-04   
3.4710E-03   -6.9287E-03   
1.4413E-02   -2.9198E-04   
1.4825E-02   -3.1502E-04   
1.4720E-02   -3.0513E-04   
1.4436E-02   -3.4861E-04   
1.4376E-02   -3.4086E-04   
1.5149E-02   -3.5516E-04   
1.4323E-02   -3.3883E-04   
2.4389E-03   -7.5745E-03   
3.2701E-03   -7.3232E-03   
3.8715E-03   -6.3286E-03   
4.3015E-03   -6.0970E-03   
2.7635E-03   -7.9374E-03   
1.5448E-02   -3.6487E-04   
2.5234E-03   -8.3035E-03   
2.9240E-03   -7.1773E-03   
1.6028E-02   -3.9335E-04   
2.3876E-03   -8.8469E-03   
1.7629E-02   -6.8775E-05   
2.7772E-03   -8.4145E-03   
1.7248E-02   -1.8800E-04   
1.5811E-02   -3.8591E-04   
1.5164E-02   -2.7002E-04   
2.6716E-03   -8.5781E-03   
1.0004E-02   -3.3559E-03   
1.0296E-02   -2.9717E-03   
1.0548E-02   -2.7723E-03   
1.1732E-02   -1.8739E-03   
1.4005E-02   -5.5084E-04   
1.0785E-02   -2.5778E-03   
1.1500E-02   -2.0362E-03   
1.3826E-02   -6.4430E-04   
1.1027E-02   -2.3867E-03   
1.1267E-02   -2.2062E-03   
1.3653E-02   -7.2984E-04   
1.2652E-02   -1.2853E-03   
1.3271E-02   -9.2668E-04   
1.3467E-02   -8.2251E-04   
1.3071E-02   -1.0402E-03   
9.6407E-03   -3.3259E-03   
1.2866E-02   -1.1590E-03   
1.4157E-02   -4.8747E-04   
1.1965E-02   -1.7162E-03   
1.2428E-02   -1.4207E-03   
9.4625E-03   -3.3069E-03   
1.2198E-02   -1.5647E-03   
9.1919E-03   -3.3267E-03   
8.3393E-03   -3.5535E-03   
8.6179E-03   -3.4574E-03   
1.4135E-02   -4.6450E-04   
8.9059E-03   -3.3805E-03   
1.4254E-02   -3.7157E-04   
1.4664E-02   -2.0100E-04   
6.8594E-03   -4.4169E-03   
1.4280E-02   -3.4302E-04   
1.4225E-02   -4.0931E-04   
4.4318E-03   -5.9795E-03   
1.4369E-02   -3.0991E-04   
1.4172E-02   -4.0351E-04   
1.4284E-02   -4.2132E-04   
4.4400E-03   -6.3482E-03   
1.4953E-02   -3.2236E-04   
1.4596E-02   -3.7371E-04   
5.3306E-03   -5.3866E-03   
1.4882E-02   -3.9486E-04   
3.1418E-03   -7.8852E-03   
2.4958E-03   -7.9548E-03   
4.6176E-03   -6.3220E-03   
4.6014E-03   -6.0893E-03   
1.5757E-02   -4.6225E-04   
1.6256E-02   -4.0048E-04   
3.0451E-03   -8.1378E-03   
2.6834E-03   -8.6889E-03   
1.7480E-02   -1.5319E-04   
3.1048E-03   -8.3398E-03   
9.9939E-03   -3.2020E-03   
1.0345E-02   -2.8254E-03   
1.1547E-02   -1.9111E-03   
1.0559E-02   -2.6395E-03   
1.3868E-02   -5.8871E-04   
1.1781E-02   -1.7527E-03   
1.0815E-02   -2.4394E-03   
1.1310E-02   -2.0756E-03   
1.3720E-02   -6.5629E-04   
1.2709E-02   -1.1856E-03   
1.1066E-02   -2.2513E-03   
1.2485E-02   -1.3142E-03   
1.0016E-02   -3.0275E-03   
1.3544E-02   -7.3969E-04   
1.3123E-02   -9.5420E-04   
1.2920E-02   -1.0665E-03   
9.8207E-03   -2.9883E-03   
1.2253E-02   -1.4526E-03   
1.2017E-02   -1.5992E-03   
1.4117E-02   -4.4136E-04   
1.4250E-02   -3.5224E-04   
9.2177E-03   -3.0419E-03   
9.6136E-03   -2.9906E-03   
5.6518E-03   -5.1940E-03   
9.4142E-03   -3.0068E-03   
1.4243E-02   -3.6152E-04   
8.0670E-03   -3.6731E-03   
5.8952E-03   -5.3782E-03   
1.4005E-02   -4.7765E-04   
6.5577E-03   -4.6014E-03   
1.4056E-02   -4.8820E-04   
1.4127E-02   -4.0408E-04   
1.4354E-02   -4.3830E-04   
5.2501E-03   -5.7289E-03   
3.7541E-03   -8.0100E-03   
5.0121E-03   -6.2042E-03   
1.4975E-02   -4.3649E-04   
1.4715E-02   -3.8589E-04   
1.6209E-02   -4.7334E-04   
5.7593E-03   -5.2605E-03   
3.0935E-03   -8.4595E-03   
1.5542E-02   -4.5382E-04   
1.6527E-02   -3.4046E-04   
4.1123E-03   -7.3397E-03   
3.9244E-03   -7.0644E-03   
3.9771E-03   -7.1912E-03   
1.5692E-02   -5.4640E-04   
1.3982E-02   -5.1808E-04   
1.1600E-02   -1.7937E-03   
1.1362E-02   -1.9527E-03   
1.0272E-02   -2.7403E-03   
1.3460E-02   -7.4604E-04   
1.4084E-02   -4.1872E-04   
1.0586E-02   -2.5047E-03   
1.2549E-02   -1.2175E-03   
1.3799E-02   -5.8491E-04   
1.2770E-02   -1.0962E-03   
1.3616E-02   -6.7221E-04   
1.0854E-02   -2.3057E-03   
1.2316E-02   -1.3495E-03   
1.1837E-02   -1.6394E-03   
1.2077E-02   -1.4907E-03   
1.0074E-02   -2.7409E-03   
1.3158E-02   -8.9411E-04   
1.2979E-02   -9.8573E-04   
9.8053E-03   -2.7119E-03   
9.9336E-03   -2.7223E-03   
7.7257E-03   -3.8594E-03   
9.0230E-03   -3.0996E-03   
1.4098E-02   -4.2675E-04   
7.1978E-03   -4.3108E-03   
1.4092E-02   -4.1091E-04   
1.3824E-02   -5.6165E-04   
6.3711E-03   -4.9162E-03   
1.3960E-02   -4.7433E-04   
1.4110E-02   -5.0607E-04   
1.5323E-02   -4.4341E-04   
1.4448E-02   -4.5602E-04   
6.3727E-03   -5.1884E-03   
7.1098E-03   -4.2451E-03   
5.5312E-03   -5.3070E-03   
1.5230E-02   -3.9595E-04   
1.4713E-02   -4.9318E-04   
5.5671E-03   -5.9358E-03   
3.6614E-03   -8.2505E-03   
4.7500E-03   -7.1826E-03   
7.0680E-03   -4.5143E-03   
1.5607E-02   -3.7640E-04   
1.5934E-02   -5.4545E-04   
1.6480E-02   -4.0723E-04   
1.6766E-02   -2.9515E-04   
5.3470E-03   -6.2060E-03   
5.5101E-03   -6.4089E-03   
1.3503E-02   -6.9814E-04   
1.1168E-02   -2.0052E-03   
1.1412E-02   -1.8424E-03   
1.3921E-02   -4.9093E-04   
1.3060E-02   -9.0783E-04   
1.2843E-02   -1.0149E-03   
1.3659E-02   -6.2886E-04   
1.1655E-02   -1.6862E-03   
1.2620E-02   -1.1301E-03   
1.2386E-02   -1.2556E-03   
1.0913E-02   -2.1769E-03   
1.2145E-02   -1.3912E-03   
1.1900E-02   -1.5352E-03   
1.0377E-02   -2.5704E-03   
1.0299E-02   -2.5277E-03   
1.0208E-02   -2.4950E-03   
9.6834E-03   -2.7174E-03   
8.7959E-03   -3.2002E-03   
1.0615E-02   -2.3702E-03   
1.3951E-02   -5.0045E-04   
1.3740E-02   -5.5396E-04   
1.3293E-02   -8.0100E-04   
1.3779E-02   -5.5440E-04   
7.6522E-03   -3.9613E-03   
7.1008E-03   -4.2641E-03   
6.9719E-03   -5.0112E-03   
1.3873E-02   -5.7626E-04   
8.4891E-03   -3.3780E-03   
1.3876E-02   -4.9614E-04   
7.8682E-03   -4.0934E-03   
1.4165E-02   -5.3407E-04   
8.2095E-03   -3.6965E-03   
1.4830E-02   -5.1389E-04   
1.5096E-02   -5.2546E-04   
1.4578E-02   -4.7208E-04   
1.7000E-02   -2.8939E-04   
7.0174E-03   -5.2607E-03   
6.9539E-03   -5.1602E-03   
5.3514E-03   -6.9118E-03   
1.5651E-02   -6.3114E-04   
3.6431E-03   -8.4271E-03   
1.6151E-02   -5.4874E-04   
1.6754E-02   -3.4854E-04   
1.3592E-02   -6.3699E-04   
1.1212E-02   -1.9062E-03   
1.0963E-02   -2.0722E-03   
1.2928E-02   -9.3937E-04   
1.3775E-02   -5.6470E-04   
1.2701E-02   -1.0509E-03   
1.1465E-02   -1.7441E-03   
1.2467E-02   -1.1704E-03   
1.1719E-02   -1.5883E-03   
1.2222E-02   -1.3006E-03   
1.0516E-02   -2.3380E-03   
1.1972E-02   -1.4403E-03   
1.0133E-02   -2.4688E-03   
1.3383E-02   -7.2807E-04   
1.3544E-02   -6.4044E-04   
1.0749E-02   -2.2207E-03   
9.3799E-03   -2.8301E-03   
1.0061E-02   -2.4572E-03   
8.7357E-03   -3.2384E-03   
1.3156E-02   -8.3180E-04   
1.3592E-02   -6.4167E-04   
1.4818E-02   -5.8206E-04   
1.3723E-02   -5.6793E-04   
1.3640E-02   -6.5129E-04   
8.7409E-03   -3.2846E-03   
1.3912E-02   -6.0165E-04   
1.4268E-02   -5.5680E-04   
1.3704E-02   -5.6289E-04   
8.5066E-03   -4.1570E-03   
8.6518E-03   -3.4819E-03   
9.1526E-03   -3.3223E-03   
1.5048E-02   -4.8077E-04   
1.7047E-02   -3.5483E-04   
8.5358E-03   -4.0047E-03   
1.4423E-02   -5.7187E-04   
1.4997E-02   -6.0592E-04   
1.5352E-02   -7.4098E-04   
7.3449E-03   -5.1719E-03   
6.7998E-03   -5.7320E-03   
1.5328E-02   -6.4921E-04   
1.7203E-02   -2.3691E-04   
1.6441E-02   -4.7663E-04   
3.0437E-03   -8.7514E-03   
6.7569E-03   -5.0524E-03   
1.0988E-02   -1.9927E-03   
1.0737E-02   -2.1656E-03   
1.2793E-02   -9.7915E-04   
1.3493E-02   -6.5991E-04   
1.2557E-02   -1.0941E-03   
1.1528E-02   -1.6558E-03   
1.0465E-02   -2.2965E-03   
1.2310E-02   -1.2193E-03   
9.9786E-03   -2.4745E-03   
1.1794E-02   -1.5004E-03   
9.1312E-03   -2.9673E-03   
1.2055E-02   -1.3551E-03   
1.3025E-02   -8.6997E-04   
1.0431E-02   -2.2579E-03   
1.3340E-02   -7.3646E-04   
1.3660E-02   -5.8418E-04   
1.3253E-02   -7.6664E-04   
1.3510E-02   -6.4360E-04   
1.3432E-02   -7.2207E-04   
1.3691E-02   -6.6668E-04   
9.7815E-03   -3.2490E-03   
9.4622E-03   -2.9159E-03   
9.1921E-03   -3.3900E-03   
9.1373E-03   -3.2570E-03   
1.4468E-02   -6.8617E-04   
1.6362E-02   -5.4826E-04   
5.8199E-03   -6.7210E-03   
9.5867E-03   -2.7318E-03   
8.3527E-03   -4.0012E-03   
1.4279E-02   -6.7743E-04   
1.5198E-02   -6.0507E-04   
1.7279E-02   -2.7391E-04   
1.6740E-02   -4.7892E-04   
1.5393E-02   -8.1571E-04   
8.6182E-03   -4.5037E-03   
3.4584E-03   -8.6729E-03   
1.4096E-02   -6.7010E-04   
2.7521E-03   -8.7723E-03   
1.2657E-02   -1.0268E-03   
1.3494E-02   -6.4942E-04   
1.2895E-02   -9.1547E-04   
1.2410E-02   -1.1468E-03   
1.1605E-02   -1.5749E-03   
1.0733E-02   -2.1072E-03   
8.1673E-03   -3.5766E-03   
9.8499E-03   -2.5324E-03   
1.3128E-02   -8.0972E-04   
1.0407E-02   -2.2314E-03   
1.3298E-02   -7.3762E-04   
1.1255E-02   -1.8213E-03   
1.1883E-02   -1.4206E-03   
9.8077E-03   -3.0823E-03   
9.9599E-03   -2.7728E-03   
1.3437E-02   -7.4965E-04   
9.7410E-03   -2.8201E-03   
9.6826E-03   -2.6514E-03   
9.6361E-03   -2.7406E-03   
9.3163E-03   -2.9806E-03   
1.0149E-02   -2.7395E-03   
9.6046E-03   -3.4871E-03   
1.4664E-02   -7.0081E-04   
1.6047E-02   -6.4352E-04   
1.4127E-02   -7.9136E-04   
1.3040E-02   -8.5688E-04   
1.3760E-02   -7.8739E-04   
1.4901E-02   -7.1704E-04   
7.7432E-03   -5.3914E-03   
4.5321E-03   -7.6043E-03   
1.3947E-02   -7.8448E-04   
1.5467E-02   -5.3893E-04   
8.9474E-03   -4.4291E-03   
8.3877E-03   -4.5461E-03   
1.5719E-02   -7.7400E-04   
1.5052E-02   -8.6884E-04   
1.2769E-02   -9.6741E-04   
1.2532E-02   -1.0787E-03   
1.3266E-02   -7.4477E-04   
1.0352E-02   -2.2401E-03   
1.3327E-02   -7.2377E-04   
1.3005E-02   -8.5993E-04   
1.2271E-02   -1.2054E-03   
1.0748E-02   -2.0510E-03   
1.1703E-02   -1.5005E-03   
1.1990E-02   -1.3484E-03   
1.0652E-02   -2.3726E-03   
1.0460E-02   -2.4143E-03   
1.1020E-02   -1.9216E-03   
1.0080E-02   -2.4281E-03   
1.0237E-02   -2.3197E-03   
1.0220E-02   -2.3676E-03   
1.1316E-02   -1.7422E-03   
1.3527E-02   -7.6336E-04   
1.2811E-02   -9.7620E-04   
1.3619E-02   -9.0013E-04   
1.0089E-02   -2.5015E-03   
1.3517E-02   -8.3085E-04   
9.6852E-03   -3.6851E-03   
1.4304E-02   -8.0581E-04   
1.0663E-02   -2.7644E-03   
5.6978E-03   -6.4086E-03   
9.4032E-03   -4.2333E-03   
1.3180E-02   -8.7545E-04   
1.3788E-02   -9.0375E-04   
1.0809E-02   -2.4345E-03   
9.9763E-03   -3.6220E-03   
6.1584E-03   -6.6481E-03   
1.5110E-02   -9.4111E-04   
1.6073E-02   -7.3353E-04   
1.2667E-02   -1.0155E-03   
1.2882E-02   -9.1659E-04   
1.1403E-02   -1.6648E-03   
1.0505E-02   -2.1784E-03   
1.1818E-02   -1.4346E-03   
1.0662E-02   -2.1817E-03   
1.0797E-02   -1.9886E-03   
1.2859E-02   -9.9032E-04   
1.1080E-02   -1.8491E-03   
1.0727E-02   -2.0347E-03   
1.3754E-02   -6.7488E-04   
1.2120E-02   -1.2814E-03   
1.3097E-02   -8.2062E-04   
1.0827E-02   -2.1482E-03   
1.3456E-02   -1.0227E-03   
1.1004E-02   -2.1177E-03   
1.3477E-02   -9.0203E-04   
4.3129E-03   -7.3497E-03   
1.0069E-02   -3.8962E-03   
1.3954E-02   -9.1619E-04   
4.5825E-03   -7.7006E-03   
1.1433E-02   -2.1583E-03   
1.0545E-02   -3.0058E-03   
1.3211E-02   -9.1853E-04   
1.4484E-02   -8.2748E-04   
6.4814E-03   -6.5427E-03   
1.1349E-02   -2.3240E-03   
1.0848E-02   -2.9653E-03   
8.2860E-03   -5.1338E-03   
1.4748E-02   -1.0087E-03   
1.0860E-02   -2.3132E-03   
1.6454E-02   -6.8522E-04   
1.1516E-02   -1.5937E-03   
1.1122E-02   -1.9382E-03   
1.2445E-02   -1.1217E-03   
1.1197E-02   -1.7673E-03   
1.2548E-02   -1.1115E-03   
1.1173E-02   -2.0908E-03   
1.0560E-02   -2.2078E-03   
1.3767E-02   -1.0505E-03   
1.1937E-02   -1.3819E-03   
1.1276E-02   -1.9170E-03   
1.1038E-02   -1.8575E-03   
1.2890E-02   -1.0261E-03   
1.3610E-02   -1.0340E-03   
1.2733E-02   -9.9151E-04   
1.0739E-02   -2.0698E-03   
1.3223E-02   -9.7586E-04   
8.3827E-03   -4.3496E-03   
1.1309E-02   -2.1091E-03   
1.1331E-02   -2.4719E-03   
1.1412E-02   -2.5373E-03   
1.1093E-02   -2.9636E-03   
1.1338E-02   -3.0561E-03   
1.4808E-02   -1.0972E-03   
4.9615E-03   -7.7275E-03   
1.4280E-02   -9.6250E-04   
1.6762E-02   -5.6903E-04   
1.1634E-02   -1.5357E-03   
1.1329E-02   -1.6973E-03   
1.2265E-02   -1.2237E-03   
1.1519E-02   -1.7404E-03   
1.2568E-02   -1.1442E-03   
1.3263E-02   -1.0315E-03   
1.2917E-02   -1.0730E-03   
1.1437E-02   -1.8977E-03   
1.3425E-02   -1.1725E-03   
1.3275E-02   -1.1563E-03   
1.4414E-02   -1.0647E-03   
1.3927E-02   -1.0745E-03   
1.1944E-02   -2.2894E-03   
1.1792E-02   -2.1877E-03   
1.0957E-02   -1.9846E-03   
1.4634E-02   -8.6628E-04   
1.5428E-02   -8.7855E-04   
1.4362E-02   -1.2937E-03   
1.1624E-02   -2.7658E-03   
1.1028E-02   -3.4174E-03   
1.1902E-02   -2.5044E-03   
1.1752E-02   -1.9184E-03   
6.6420E-03   -6.6356E-03   
1.6814E-02   -6.4127E-04   
1.1438E-02   -1.6494E-03   
1.2559E-02   -1.0825E-03   
1.1140E-02   -1.8469E-03   
1.2017E-02   -1.3593E-03   
1.3038E-02   -1.3277E-03   
1.2233E-02   -1.2774E-03   
1.1742E-02   -1.4946E-03   
1.2592E-02   -1.1889E-03   
1.1672E-02   -1.7226E-03   
1.2941E-02   -1.1939E-03   
1.1842E-02   -1.7094E-03   
1.2949E-02   -1.2663E-03   
1.4713E-02   -9.2851E-04   
1.3585E-02   -1.1892E-03   
1.4101E-02   -1.1062E-03   
1.5664E-02   -8.8301E-04   
1.1811E-02   -2.0611E-03   
1.4429E-02   -9.8399E-04   
1.1877E-02   -1.9447E-03   
1.4093E-02   -1.2087E-03   
1.1404E-02   -1.7435E-03   
1.2057E-02   -1.6981E-03   
1.2153E-02   -2.2915E-03   
1.4039E-02   -1.3228E-03   
1.4750E-02   -1.2056E-03   
1.1754E-02   -2.2960E-03   
1.2169E-02   -2.4649E-03   
1.1789E-02   -2.9090E-03   
5.1331E-03   -7.7737E-03   
1.1524E-02   -1.6314E-03   
1.2050E-02   -1.5447E-03   
1.1891E-02   -1.4451E-03   
1.2282E-02   -1.3037E-03   
1.2162E-02   -1.8677E-03   
1.1874E-02   -1.5690E-03   
1.2665E-02   -1.4363E-03   
1.3292E-02   -1.2926E-03   
1.2331E-02   -2.6311E-03   
1.3756E-02   -1.3567E-03   
1.1120E-02   -1.8181E-03   
1.2191E-02   -1.7495E-03   
1.3727E-02   -1.2177E-03   
1.2639E-02   -1.2308E-03   
1.2610E-02   -1.3685E-03   
1.2403E-02   -2.0935E-03   
4.4672E-03   -8.3327E-03   
1.2381E-02   -2.2911E-03   
1.3949E-02   -1.4369E-03   
1.5033E-02   -1.1006E-03   
1.2948E-02   -1.1242E-03   
1.0920E-02   -1.9425E-03   
1.1715E-02   -1.6069E-03   
1.2226E-02   -1.5339E-03   
1.1992E-02   -1.4623E-03   
1.3380E-02   -1.3364E-03   
1.2415E-02   -1.3828E-03   
1.2386E-02   -1.5908E-03   
1.2035E-02   -1.4037E-03   
1.3631E-02   -1.5998E-03   
1.1764E-02   -1.5443E-03   
1.5347E-02   -1.0373E-03   
1.3660E-02   -1.4865E-03   
1.2190E-02   -2.0760E-03   
1.2388E-02   -1.5245E-03   
1.2683E-02   -2.4053E-03   
3.8016E-03   -8.7224E-03   
1.2710E-02   -1.2584E-03   
1.2539E-02   -1.8505E-03   
1.3034E-02   -1.4397E-03   
1.3110E-02   -1.5221E-03   
1.2691E-02   -1.8859E-03   
1.3666E-02   -1.6971E-03   
1.2442E-02   -1.7139E-03   
1.2631E-02   -2.3044E-03   
1.2745E-02   -2.4757E-03   
1.2947E-02   -1.6931E-03   
1.2470E-02   -1.7856E-03   
1.3067E-02   -2.4112E-03   
1.2852E-02   -1.9245E-03   
1.3842E-02   -1.2497E-03   
1.4111E-02   -1.5782E-03   
1.3261E-02   -1.7982E-03   
1.2743E-02   -1.6167E-03   
1.3368E-02   -1.5185E-03   
1.2595E-02   -2.1115E-03   
1.3257E-02   -1.9074E-03   
1.4532E-02   -1.3592E-03   
1.3542E-02   -2.1693E-03   
1.2958E-02   -1.9692E-03   
1.2763E-02   -1.6927E-03   
1.3148E-02   -2.0594E-03   
1.3459E-02   -2.0234E-03   
1.3959E-02   -1.8231E-03   
1.4206E-02   -1.6452E-03   
1.3736E-02   -2.0064E-03   
3.7479E-04   -9.7987E-03   
1.3024E-02   -2.2046E-03   
1.2389E-02   -2.7132E-03   
1.7534E-02   -2.6705E-04   
8.8070E-04   -8.9812E-03   
1.8417E-02   -3.5594E-05   
1.7179E-02   -5.9760E-04   
6.7518E-04   -9.8500E-03   
3.3903E-03   -8.8290E-03   
1.3612E-02   -2.2406E-03   
1.7740E-02   -1.3648E-04   
1.0335E-03   -9.7982E-03   
4.0602E-03   -8.3133E-03   
1.4684E-03   -9.7186E-03   
1.9120E-03   -9.6229E-03   
2.3534E-03   -9.5002E-03   
2.8122E-03   -9.3466E-03   
1.8726E-02   -3.1690E-05   
3.2802E-03   -9.1537E-03   
3.7827E-03   -8.9010E-03   
1.7025E-02   -4.8247E-04   
4.3120E-03   -8.5902E-03   
1.9047E-02   -2.9285E-05   
4.9405E-03   -8.1688E-03   
6.4252E-03   -7.0759E-03   
1.4508E-02   -1.4803E-03   
8.7837E-03   -5.4549E-03   
1.9386E-02   -2.5973E-05   
1.5894E-02   -6.1301E-04   
1.0226E-02   -4.6279E-03   
1.0101E-02   -3.6683E-03   
2.5620E-03   -9.1655E-03   
1.7124E-02   -4.1414E-04   
1.1919E-02   -3.6684E-03   
1.2977E-02   -3.1793E-03   
1.9737E-02   -2.1629E-05   
1.3672E-02   -2.9440E-03   
8.7066E-03   -5.1919E-03   
1.4345E-02   -2.7536E-03   
1.4853E-02   -2.6680E-03   
2.0104E-02   -1.7300E-05   
1.5450E-02   -2.4805E-03   
1.6109E-02   -2.3362E-03   
1.1175E-03   -9.5520E-03   
1.6718E-02   -2.1900E-03   
2.0529E-02   -1.3844E-05   
1.7880E-02   -8.3520E-05   
1.0279E-02   -4.0402E-03   
1.7369E-02   -2.0135E-03   
1.7982E-02   -1.8682E-03   
1.6522E-02   -7.4594E-04   
2.1005E-02   -6.0058E-06   
1.5698E-02   -9.6690E-04   
1.5002E-02   -1.1863E-03   
1.9156E-02   -1.5134E-03   
2.1458E-02   -2.1933E-04   
2.1553E-02   -2.3968E-04   
2.1550E-02   -3.2367E-05   
2.1603E-02   -8.1859E-06   
2.1493E-02   -1.1400E-04   
4.8808E-03   -8.1537E-03   
2.0392E-02   -9.7101E-04   
1.2798E-03   -9.6379E-03   
1.5936E-02   -9.7493E-04   
1.5416E-02   -1.1230E-03   
2.2794E-03   -9.3390E-03   
1.4776E-02   -1.4562E-03   
2.9780E-03   -9.0393E-03   
1.7792E-02   -2.1893E-04   
1.4176E-02   -1.8278E-03   
1.7476E-02   -4.8923E-04   
3.2926E-03   -8.9909E-03   
1.0541E-02   -3.9694E-03   
2.2130E-03   -9.4519E-03   
1.1943E-02   -3.0683E-03   
3.1614E-03   -9.1376E-03   
1.6383E-02   -8.4923E-04   
1.6549E-02   -2.0809E-03   
1.3545E-02   -2.8497E-03   
4.2428E-03   -8.6020E-03   
8.5794E-03   -5.4196E-03   
6.5270E-03   -7.0373E-03   
6.8993E-03   -6.7147E-03   
1.9198E-02   -5.6433E-05   
1.4131E-02   -2.0929E-03   
1.8014E-02   -1.1929E-04   
1.7251E-02   -6.5761E-04   
1.8579E-02   -6.2911E-05   
2.0471E-02   -3.1225E-05   
1.3187E-02   -2.4668E-03   
1.4587E-02   -2.5531E-03   
1.7321E-02   -3.0720E-04   
1.7375E-02   -4.2549E-04   
1.4490E-02   -1.5536E-03   
1.1836E-02   -2.9583E-03   
2.1295E-02   -1.7920E-06   
1.8597E-02   -1.6897E-03   
1.0065E-02   -4.5627E-03   
1.7516E-02   -1.8279E-03   
2.1591E-02   -1.3991E-04   
2.1694E-02   -3.4734E-06   
2.1666E-02   -1.7101E-05   
2.1623E-02   -6.7071E-05   
1.5543E-02   -2.2934E-03   
1.2283E-02   -3.2739E-03   
1.9893E-02   -3.9674E-05   
1.9714E-02   -1.0850E-03   
2.1056E-02   -1.8096E-05   
2.0422E-02   -8.2847E-04   
2.0873E-02   -2.7708E-04   
2.1110E-02   -2.6696E-05   
2.1019E-02   -8.2135E-05   
2.0735E-02   -5.1138E-04   
1.6244E-02   -9.7523E-04   
1.3475E-02   -2.7482E-03   
1.7912E-02   -1.6655E-04   
1.8236E-02   -1.3532E-04   
1.8999E-02   -9.3117E-05   
1.4449E-03   -9.5065E-03   
1.2912E-02   -2.6727E-03   
1.5244E-02   -1.2930E-03   
8.3402E-03   -5.7006E-03   
1.7823E-02   -2.7113E-04   
1.9686E-02   -6.9115E-05   
1.8401E-02   -1.6112E-03   
4.1742E-03   -8.5897E-03   
1.3035E-02   -2.8707E-03   
1.0041E-02   -4.5224E-03   
1.4495E-02   -2.4693E-03   
1.2291E-02   -2.9648E-03   
1.6135E-02   -2.0797E-03   
1.4636E-02   -1.7075E-03   
1.1515E-02   -3.5926E-03   
1.7075E-02   -7.7338E-04   
1.7552E-02   -5.5428E-04   
1.5077E-02   -2.3273E-03   
1.4603E-02   -1.8521E-03   
2.0085E-02   -5.4424E-05   
1.4201E-02   -2.1953E-03   
1.9341E-02   -8.0899E-05   
1.1435E-02   -3.4968E-03   
1.7678E-02   -3.4568E-04   
1.3979E-02   -2.6073E-03   
1.5025E-02   -1.4811E-03   
1.8605E-02   -1.0414E-04   
1.7755E-02   -3.9310E-04   
2.0288E-02   -4.3550E-04   
2.0638E-02   -5.6891E-05   
2.0519E-02   -1.4924E-04   
2.0722E-02   -2.9740E-05   
1.6641E-02   -8.5322E-04   
1.8957E-02   -1.3315E-03   
1.9881E-02   -8.5978E-04   
2.1005E-02   -6.2586E-05   
2.0786E-02   -4.1303E-04   
2.0870E-02   -1.5937E-04   
2.0800E-02   -2.0694E-04   
1.3884E-02   -2.5153E-03   
1.1087E-02   -3.7931E-03   
1.9804E-02   -8.9243E-05   
1.7964E-02   -1.6702E-03   
1.2771E-02   -2.8798E-03   
1.4638E-02   -1.9652E-03   
1.3783E-02   -2.4327E-03   
1.7944E-02   -5.0667E-04   
1.8450E-02   -1.5479E-04   
1.5722E-02   -2.0986E-03   
1.9156E-02   -1.1543E-04   
2.0444E-02   -2.2297E-04   
2.0657E-02   -9.1145E-05   
1.8127E-02   -3.5375E-04   
1.6100E-02   -1.1135E-03   
1.8163E-02   -2.4699E-04   
1.5583E-02   -1.2836E-03   
2.0299E-02   -3.2001E-04   
1.9183E-02   -1.0613E-03   
1.7400E-02   -7.5670E-04   
1.6734E-02   -1.8690E-03   
1.5053E-02   -1.6439E-03   
1.3298E-02   -2.5988E-03   
1.4901E-02   -2.2465E-03   
1.7105E-02   -8.5418E-04   
2.0436E-02   -5.1480E-05   
1.8874E-02   -1.2458E-03   
2.0010E-02   -6.3242E-04   
1.5888E-02   -1.8958E-03   
1.5542E-02   -1.5509E-03   
1.6981E-02   -9.6932E-04   
1.7795E-02   -6.9182E-04   
1.5306E-02   -2.0294E-03   
1.4293E-02   -2.2871E-03   
1.9917E-02   -1.0721E-04   
1.8593E-02   -1.2462E-03   
1.9168E-02   -1.5508E-04   
1.9577E-02   -1.2959E-04   
1.4799E-02   -2.1554E-03   
1.8394E-02   -2.6710E-04   
1.8455E-02   -2.0054E-04   
1.8233E-02   -4.0464E-04   
1.5036E-02   -1.5687E-03   
1.5102E-02   -1.8582E-03   
1.8061E-02   -5.6191E-04   
1.6914E-02   -1.6867E-03   
1.6441E-02   -1.1078E-03   
1.5948E-02   -1.2605E-03   
1.5426E-02   -1.6939E-03   
1.7406E-02   -9.0010E-04   
1.7704E-02   -7.9444E-04   
1.7150E-02   -1.8448E-03   
1.8345E-02   -4.5351E-04   
1.5196E-02   -1.9434E-03   
2.0254E-02   -8.3826E-05   
1.8764E-02   -2.0456E-04   
1.8497E-02   -3.1944E-04   
1.7967E-02   -1.4390E-03   
1.9023E-02   -2.1586E-04   
1.5859E-02   -1.3790E-03   
1.6693E-02   -1.1193E-03   
1.7752E-02   -8.6977E-04   
1.5554E-02   -1.7487E-03   
1.8893E-02   -2.8014E-04   
1.8901E-02   -1.0426E-03   
1.8205E-02   -5.9622E-04   
1.8742E-02   -3.9928E-04   
1.7713E-02   -1.6498E-03   
1.9729E-02   -1.4790E-04   
1.6100E-02   -1.3944E-03   
1.6614E-02   -1.2325E-03   
2.0392E-02   -9.7866E-05   
1.8554E-02   -5.4646E-04   
1.9935E-02   -1.6029E-04   
1.6045E-02   -1.6225E-03   
1.8941E-02   -3.2602E-04   
1.9514E-02   -2.0067E-04   
1.8860E-02   -4.3694E-04   
1.7006E-02   -1.2031E-03   
1.9208E-02   -2.2715E-04   
1.7530E-02   -1.0343E-03   
1.8303E-02   -7.5322E-04   
1.9216E-02   -3.2877E-04   
1.8441E-02   -8.2541E-04   
1.6165E-02   -1.6959E-03   
1.7893E-02   -1.0149E-03   
1.6441E-02   -1.4057E-03   
1.7366E-02   -1.1881E-03   
1.9588E-02   -2.3346E-04   
2.0320E-02   -1.4210E-04   
1.8731E-02   -8.2922E-04   
1.8283E-02   -9.8129E-04   
1.9679E-02   -2.6647E-04   
1.6552E-02   -1.5098E-03   
1.7122E-02   -1.3737E-03   
1.9458E-02   -3.3485E-04   
1.9199E-02   -7.3544E-04   
1.8197E-02   -1.1227E-03   
2.0085E-02   -2.0965E-04   
1.9417E-02   -3.9104E-04   
1.9132E-02   -8.6517E-04   
2.0251E-02   -2.2470E-04   
1.8645E-02   -1.0346E-03   
1.8980E-02   -4.7595E-04   
1.8669E-02   -5.9943E-04   
1.8836E-02   -6.4534E-04   
1.9357E-02   -5.3012E-04   
