51 
1844 
9.7724E-04   -1.0549E-03   
1.8146E-03   -8.8928E-04   
2.4872E-03   -6.4149E-04   
2.9200E-03   -3.3493E-04   
1.3568E-36   -1.1014E-03   
3.0662E-03   -7.9779E-37   
3.1347E-03   -1.0353E-35   
3.2462E-03   -1.4090E-37   
3.4910E-03   4.2709E-36   
3.7129E-03   6.2936E-36   
3.9951E-03   1.3242E-35   
4.3395E-03   1.8269E-35   
4.6046E-03   2.2128E-35   
5.0557E-03   3.3607E-35   
5.3918E-03   4.0784E-35   
5.7555E-03   3.6052E-35   
5.9472E-03   5.5411E-35   
6.3499E-03   8.1808E-35   
6.7773E-03   1.1871E-34   
7.0000E-03   -2.6211E-31   
7.0000E-03   -9.0246E-35   
7.0000E-03   -9.0246E-35   
7.0000E-03   -9.0246E-35   
7.0000E-03   -9.0246E-35   
7.0000E-03   -9.0246E-35   
7.0000E-03   -9.0246E-35   
7.0000E-03   -9.0246E-35   
7.0000E-03   -9.0246E-35   
7.0000E-03   -9.0246E-35   
7.0000E-03   -9.0246E-35   
7.0000E-03   -9.0246E-35   
7.0000E-03   -9.0246E-35   
6.5767E-03   -3.0268E-04   
5.8866E-03   -6.9095E-04   
5.5955E-03   -8.2453E-04   
5.3176E-03   -9.3475E-04   
4.7825E-03   -1.1123E-03   
4.5216E-03   -1.1867E-03   
4.0087E-03   -1.3177E-03   
3.7568E-03   -1.3777E-03   
3.2609E-03   -1.4920E-03   
2.7787E-03   -1.6028E-03   
2.5439E-03   -1.6580E-03   
2.0889E-03   -1.7662E-03   
1.6569E-03   -1.8695E-03   
1.4501E-03   -1.9176E-03   
1.0556E-03   -2.0033E-03   
6.8500E-04   -2.0690E-03   
3.3479E-04   -2.1098E-03   
2.1116E-36   -2.1220E-03   
1.2120E-34   -2.0108E-03   
1.2719E-34   -1.9045E-03   
1.1979E-34   -1.7636E-03   
1.1356E-34   -1.6828E-03   
1.0001E-34   -1.5513E-03   
9.1251E-35   -1.4767E-03   
8.2207E-35   -1.4045E-03   
7.4744E-35   -1.3477E-03   
7.3321E-35   -1.3010E-03   
7.2531E-04   -1.1222E-03   
6.7261E-03   -2.6609E-05   
6.4389E-03   -5.5691E-05   
6.0236E-03   -9.6388E-05   
5.6833E-03   -1.3118E-04   
5.3537E-03   -1.7454E-04   
4.9824E-03   -2.0042E-04   
4.6783E-03   -2.1104E-04   
4.3025E-03   -2.4361E-04   
3.9297E-03   -2.6375E-04   
3.5588E-03   -2.8148E-04   
3.1909E-03   -2.9735E-04   
2.8079E-03   -3.2272E-04   
2.4140E-03   -3.8685E-04   
1.8756E-03   -5.5861E-04   
1.3270E-03   -8.2642E-04   
1.9691E-03   -6.5206E-04   
2.3426E-03   -3.2434E-04   
2.7060E-03   -2.0525E-04   
3.0500E-03   -1.7344E-04   
3.3809E-03   -1.6899E-04   
3.6956E-03   -1.7049E-04   
4.0553E-03   -1.5637E-04   
4.3899E-03   -1.4500E-04   
4.7014E-03   -1.3033E-04   
5.0229E-03   -1.3120E-04   
5.3730E-03   -1.0390E-04   
5.7096E-03   -8.1904E-05   
6.0390E-03   -6.5904E-05   
6.3879E-03   -3.8255E-05   
6.6908E-03   -1.6111E-05   
2.8728E-03   -1.4550E-04   
3.0480E-03   -6.8685E-05   
3.2478E-03   -6.4299E-05   
3.5250E-03   -6.5891E-05   
3.7903E-03   -6.7059E-05   
4.1175E-03   -7.0631E-05   
4.4098E-03   -7.2509E-05   
4.7004E-03   -7.0906E-05   
5.0745E-03   -5.6986E-05   
5.3874E-03   -4.6056E-05   
5.7415E-03   -3.9531E-05   
6.0895E-03   -2.8509E-05   
6.4296E-03   -1.8687E-05   
6.7419E-03   -6.0875E-06   
6.6746E-03   -4.1374E-05   
6.3638E-03   -8.7366E-05   
5.9831E-03   -1.4674E-04   
5.6317E-03   -1.8348E-04   
5.3276E-03   -2.3597E-04   
4.9457E-03   -2.7824E-04   
4.5690E-03   -3.1643E-04   
4.2120E-03   -3.4620E-04   
3.8407E-03   -3.8248E-04   
3.4926E-03   -4.1415E-04   
3.0461E-03   -4.6393E-04   
2.5692E-03   -5.3750E-04   
2.1008E-03   -6.3881E-04   
1.6101E-03   -7.8505E-04   
1.0604E-03   -1.0116E-03   
5.2668E-04   -1.2315E-03   
6.6548E-03   -6.1422E-05   
6.3907E-03   -1.1168E-04   
5.9382E-03   -1.9911E-04   
5.6415E-03   -2.5397E-04   
5.2871E-03   -3.0885E-04   
4.8611E-03   -3.7968E-04   
4.4843E-03   -4.1848E-04   
4.1186E-03   -4.5953E-04   
3.6885E-03   -5.1924E-04   
3.2856E-03   -5.8516E-04   
2.8586E-03   -6.5678E-04   
2.4101E-03   -7.2311E-04   
1.9276E-03   -8.5701E-04   
1.4578E-03   -9.8445E-04   
9.4710E-04   -1.1661E-03   
4.5088E-04   -1.3255E-03   
6.7513E-03   -5.3727E-05   
6.2726E-03   -1.6802E-04   
5.9999E-03   -2.2750E-04   
5.6675E-03   -3.0624E-04   
5.1712E-03   -4.0662E-04   
4.8180E-03   -4.7357E-04   
4.4507E-03   -5.2846E-04   
4.0164E-03   -6.0145E-04   
3.6204E-03   -6.7290E-04   
3.1932E-03   -7.3286E-04   
2.7904E-03   -8.0241E-04   
2.2856E-03   -8.9463E-04   
1.7957E-03   -1.0498E-03   
1.3387E-03   -1.1613E-03   
9.0933E-04   -1.3021E-03   
4.4690E-04   -1.4145E-03   
6.5980E-03   -1.1001E-04   
6.3173E-03   -1.9375E-04   
5.9776E-03   -2.9394E-04   
5.6352E-03   -3.9053E-04   
5.1388E-03   -5.0630E-04   
4.7399E-03   -5.7868E-04   
4.3346E-03   -6.7159E-04   
3.9463E-03   -7.5535E-04   
3.4831E-03   -8.1866E-04   
3.1062E-03   -8.7423E-04   
2.7226E-03   -9.7255E-04   
2.2136E-03   -1.0938E-03   
1.7166E-03   -1.2217E-03   
1.2820E-03   -1.3310E-03   
8.1978E-04   -1.4435E-03   
4.2805E-04   -1.5156E-03   
6.6828E-03   -1.1651E-04   
6.3013E-03   -2.5694E-04   
5.9887E-03   -3.5271E-04   
5.4991E-03   -5.0652E-04   
5.0681E-03   -6.3516E-04   
4.6834E-03   -7.1307E-04   
4.2060E-03   -8.1744E-04   
3.8481E-03   -8.9366E-04   
3.3837E-03   -9.6806E-04   
2.9788E-03   -1.0469E-03   
2.5201E-03   -1.1485E-03   
2.1459E-03   -1.2437E-03   
1.6953E-03   -1.3606E-03   
1.2487E-03   -1.4661E-03   
8.1551E-04   -1.5626E-03   
3.8334E-04   -1.6319E-03   
6.6290E-03   -1.5717E-04   
6.2105E-03   -3.2732E-04   
5.9182E-03   -4.3227E-04   
5.3501E-03   -6.3740E-04   
5.0060E-03   -7.3844E-04   
4.6148E-03   -8.4849E-04   
4.1860E-03   -9.3292E-04   
3.7528E-03   -1.0289E-03   
3.2723E-03   -1.1375E-03   
2.8707E-03   -1.2204E-03   
2.4767E-03   -1.3017E-03   
2.0664E-03   -1.4016E-03   
1.6150E-03   -1.5283E-03   
1.2309E-03   -1.6016E-03   
7.9612E-04   -1.6924E-03   
3.9512E-04   -1.7453E-03   
6.6608E-03   -1.8698E-04   
6.3026E-03   -3.6074E-04   
5.8216E-03   -5.5791E-04   
5.4010E-03   -7.3325E-04   
4.9456E-03   -8.4192E-04   
4.5060E-03   -9.5599E-04   
4.0875E-03   -1.0642E-03   
3.6684E-03   -1.1649E-03   
3.2492E-03   -1.2635E-03   
2.7885E-03   -1.3504E-03   
2.3811E-03   -1.4773E-03   
1.9538E-03   -1.5627E-03   
1.5697E-03   -1.6419E-03   
1.1703E-03   -1.7364E-03   
7.5900E-04   -1.8217E-03   
4.2175E-04   -1.8563E-03   
6.5620E-03   -2.8382E-04   
6.1243E-03   -5.3539E-04   
5.7600E-03   -6.7883E-04   
5.1914E-03   -8.8778E-04   
4.8476E-03   -9.8933E-04   
4.3703E-03   -1.1182E-03   
3.9560E-03   -1.2289E-03   
3.5871E-03   -1.2965E-03   
3.1429E-03   -1.3949E-03   
2.7235E-03   -1.5132E-03   
2.3718E-03   -1.5859E-03   
1.9461E-03   -1.6905E-03   
1.5079E-03   -1.7923E-03   
1.1173E-03   -1.8718E-03   
7.4412E-04   -1.9400E-03   
3.3284E-04   -2.0070E-03   
1.3186E-04   -1.1074E-03   
2.6542E-04   -1.1078E-03   
3.9065E-04   -1.1053E-03   
5.1458E-04   -1.1004E-03   
6.3543E-04   -1.0921E-03   
7.5204E-04   -1.0830E-03   
8.6552E-04   -1.0697E-03   
1.0864E-03   -1.0385E-03   
1.1953E-03   -1.0213E-03   
1.3032E-03   -1.0028E-03   
1.4096E-03   -9.8298E-04   
1.5142E-03   -9.6169E-04   
1.6167E-03   -9.3896E-04   
1.7169E-03   -9.1481E-04   
1.9096E-03   -8.6241E-04   
2.0017E-03   -8.3425E-04   
2.0907E-03   -8.0491E-04   
2.1768E-03   -7.7437E-04   
2.2596E-03   -7.4278E-04   
2.3391E-03   -7.1000E-04   
2.4150E-03   -6.7621E-04   
2.5556E-03   -6.0588E-04   
2.6201E-03   -5.6939E-04   
2.6807E-03   -5.3205E-04   
2.7371E-03   -4.9394E-04   
2.7893E-03   -4.5511E-04   
2.8372E-03   -4.1563E-04   
2.8809E-03   -3.7556E-04   
2.9548E-03   -2.9379E-04   
2.9849E-03   -2.5216E-04   
3.0105E-03   -2.1001E-04   
3.0296E-03   -1.6751E-04   
3.0488E-03   -1.2579E-04   
3.0577E-03   -8.4458E-05   
3.0666E-03   -4.1009E-05   
3.0863E-03   -5.0667E-35   
3.0975E-03   -4.7006E-35   
3.1064E-03   -3.4826E-35   
3.1148E-03   -1.8606E-35   
3.1238E-03   -1.3962E-35   
3.1486E-03   -7.4200E-36   
3.1661E-03   -5.0312E-36   
3.1879E-03   -3.0828E-36   
3.2145E-03   -1.4789E-36   
3.2834E-03   9.7993E-37   
3.3262E-03   1.9239E-36   
3.3750E-03   2.7450E-36   
3.4299E-03   3.5111E-36   
3.5584E-03   4.9559E-36   
3.6324E-03   5.6338E-36   
3.8002E-03   7.0271E-36   
3.8942E-03   7.7802E-36   
4.1029E-03   1.3960E-35   
4.2177E-03   1.0604E-35   
4.4684E-03   1.9767E-35   
4.7478E-03   2.5579E-35   
4.8982E-03   2.8874E-35   
5.2203E-03   3.4832E-35   
5.5702E-03   4.6509E-35   
6.1455E-03   6.9405E-35   
6.5606E-03   7.2898E-35   
7.0000E-03   -9.0246E-35   
7.0000E-03   -9.0246E-35   
7.0000E-03   -9.0246E-35   
7.0000E-03   -9.0246E-35   
7.0000E-03   -9.0246E-35   
6.2002E-03   -5.3082E-04   
5.0476E-03   -1.0294E-03   
4.2638E-03   -1.2544E-03   
3.5073E-03   -1.4356E-03   
3.0179E-03   -1.5477E-03   
2.3138E-03   -1.7124E-03   
1.8699E-03   -1.8188E-03   
1.2497E-03   -1.9625E-03   
8.6748E-04   -2.0388E-03   
5.0748E-04   -2.0926E-03   
1.6634E-04   -2.1204E-03   
9.0867E-35   -2.0665E-03   
1.2584E-34   -1.9566E-03   
1.2325E-34   -1.8550E-03   
1.7770E-34   -1.8080E-03   
1.7916E-34   -1.7219E-03   
1.1091E-34   -1.6462E-03   
1.0789E-34   -1.6121E-03   
1.0377E-34   -1.5805E-03   
9.6879E-35   -1.5242E-03   
9.3946E-35   -1.4994E-03   
8.8963E-35   -1.4559E-03   
8.6711E-35   -1.4370E-03   
8.4349E-35   -1.4200E-03   
8.0337E-35   -1.3906E-03   
7.8644E-35   -1.3782E-03   
7.7137E-35   -1.3670E-03   
7.5832E-35   -1.3569E-03   
7.3871E-35   -1.3393E-03   
7.3224E-35   -1.3315E-03   
7.2824E-35   -1.3240E-03   
7.2695E-35   -1.3166E-03   
7.2857E-35   -1.3091E-03   
7.4077E-35   -1.2921E-03   
7.5105E-35   -1.2819E-03   
7.6557E-35   -1.2701E-03   
7.8552E-35   -1.2560E-03   
8.1800E-35   -1.2393E-03   
1.2890E-34   -1.2179E-03   
1.2700E-34   -1.1907E-03   
9.9257E-35   -1.1492E-03   
1.3012E-03   -9.9120E-04   
1.9910E-03   -7.8683E-04   
2.2505E-03   -6.8391E-04   
1.5073E-03   -9.3930E-04   
2.8486E-03   -3.5321E-04   
9.8386E-04   -1.0572E-03   
4.2668E-04   -1.1346E-03   
2.6855E-03   -4.6526E-04   
3.0013E-03   -2.0283E-04   
2.4851E-03   -5.7615E-04   
1.7072E-03   -8.8176E-04   
2.9345E-03   -2.7821E-04   
1.8043E-03   -8.5119E-04   
8.7609E-04   -1.0766E-03   
2.4109E-03   -6.1260E-04   
2.7442E-03   -4.2800E-04   
3.0750E-03   -5.6736E-05   
1.7011E-04   -1.1480E-03   
7.6755E-04   -1.0945E-03   
2.0797E-03   -7.5322E-04   
2.1655E-03   -7.1880E-04   
2.8939E-03   -3.1574E-04   
5.4359E-04   -1.1238E-03   
3.0276E-03   -1.6453E-04   
3.0262E-04   -1.1423E-03   
6.5870E-04   -1.1107E-03   
2.7987E-03   -3.9065E-04   
2.9703E-03   -2.4055E-04   
1.0906E-03   -1.0367E-03   
2.6227E-03   -5.0243E-04   
2.5558E-03   -5.3943E-04   
1.6082E-03   -9.1119E-04   
1.1965E-03   -1.0148E-03   
1.4050E-03   -9.6602E-04   
1.8991E-03   -8.1954E-04   
2.3324E-03   -6.4853E-04   
9.1200E-05   -1.2268E-03   
8.5311E-05   -1.2457E-03   
8.1482E-05   -1.2613E-03   
7.8220E-05   -1.2743E-03   
7.5773E-05   -1.2852E-03   
7.4280E-05   -1.2947E-03   
7.3453E-05   -1.3031E-03   
7.3091E-05   -1.3108E-03   
7.3096E-05   -1.3183E-03   
3.0980E-03   -2.7399E-05   
7.3428E-05   -1.3257E-03   
3.1061E-03   -2.1647E-05   
7.4074E-05   -1.3333E-03   
3.1143E-03   -1.7487E-05   
7.5023E-05   -1.3414E-03   
3.1241E-03   -1.4384E-05   
7.6255E-05   -1.3501E-03   
3.1363E-03   -1.2227E-05   
7.7747E-05   -1.3597E-03   
3.1520E-03   -1.0810E-05   
7.9488E-05   -1.3704E-03   
3.1717E-03   -1.0010E-05   
8.1452E-05   -1.3822E-03   
3.1960E-03   -9.7110E-06   
8.3630E-05   -1.3954E-03   
3.2253E-03   -9.7982E-06   
8.6018E-05   -1.4101E-03   
3.2599E-03   -1.0181E-05   
8.8511E-05   -1.4263E-03   
3.3001E-03   -1.0824E-05   
9.1062E-05   -1.4443E-03   
3.3462E-03   -1.1676E-05   
9.3940E-05   -1.4641E-03   
3.3984E-03   -1.2668E-05   
9.7254E-05   -1.4859E-03   
3.4567E-03   -1.3747E-05   
1.0074E-04   -1.5097E-03   
3.5213E-03   -1.4785E-05   
1.0427E-04   -1.5356E-03   
3.5918E-03   -1.5979E-05   
1.0785E-04   -1.5637E-03   
3.6683E-03   -1.7274E-05   
1.1133E-04   -1.5939E-03   
3.7511E-03   -1.8784E-05   
1.1605E-04   -1.6261E-03   
3.8410E-03   -2.0151E-05   
1.2161E-04   -1.6608E-03   
3.9383E-03   -2.1138E-05   
1.2458E-04   -1.6983E-03   
4.0427E-03   -2.2072E-05   
1.2766E-04   -1.7382E-03   
4.1551E-03   -2.2999E-05   
1.3670E-04   -1.7810E-03   
4.2759E-03   -2.3418E-05   
1.4201E-04   -1.8278E-03   
4.4008E-03   -2.2910E-05   
1.4295E-04   -1.8772E-03   
4.5306E-03   -2.3708E-05   
1.4843E-04   -1.9288E-03   
4.6698E-03   -2.3994E-05   
1.5715E-04   -1.9843E-03   
1.6062E-03   -8.8049E-04   
2.4899E-03   -5.1583E-04   
2.7562E-03   -3.6924E-04   
1.2008E-03   -1.0031E-03   
3.0681E-03   -8.3210E-05   
3.4365E-04   -1.1651E-03   
2.0715E-03   -7.0248E-04   
3.0178E-03   -1.6104E-04   
5.6573E-04   -1.1377E-03   
8.8820E-04   -1.0776E-03   
7.8249E-04   -1.0992E-03   
2.3331E-03   -5.9065E-04   
1.8015E-03   -8.1181E-04   
2.9094E-03   -2.6378E-04   
2.9505E-03   -2.2936E-04   
1.8954E-03   -7.7625E-04   
2.2479E-03   -6.2766E-04   
2.8121E-03   -3.3369E-04   
2.6959E-03   -4.0526E-04   
1.3035E-03   -9.7479E-04   
9.9332E-04   -1.0544E-03   
2.1234E-04   -1.1795E-03   
1.4054E-03   -9.4479E-04   
1.9844E-03   -7.3962E-04   
2.1600E-03   -6.6479E-04   
2.8632E-03   -2.9854E-04   
2.9866E-03   -1.9514E-04   
1.5064E-03   -9.1331E-04   
2.5625E-03   -4.7861E-04   
6.7521E-04   -1.1190E-03   
1.0975E-03   -1.0297E-03   
2.6312E-03   -4.4174E-04   
3.0449E-03   -1.2578E-04   
4.5411E-04   -1.1528E-03   
2.4135E-03   -5.5335E-04   
1.7048E-03   -8.4663E-04   
9.8241E-05   -1.2028E-03   
1.8013E-04   -1.2281E-03   
1.6997E-04   -1.2470E-03   
1.6166E-04   -1.2615E-03   
1.5445E-04   -1.2736E-03   
1.5000E-04   -1.2838E-03   
1.4758E-04   -1.2926E-03   
1.4641E-04   -1.3006E-03   
3.0884E-03   -3.7227E-05   
1.4611E-04   -1.3081E-03   
1.4650E-04   -1.3154E-03   
3.0893E-03   -4.7451E-05   
1.4753E-04   -1.3229E-03   
3.0958E-03   -3.8963E-05   
1.4917E-04   -1.3307E-03   
3.1043E-03   -3.1668E-05   
1.5139E-04   -1.3391E-03   
3.1150E-03   -2.6561E-05   
1.5415E-04   -1.3482E-03   
3.1289E-03   -2.3150E-05   
1.5733E-04   -1.3583E-03   
3.1466E-03   -2.1018E-05   
1.6137E-04   -1.3695E-03   
3.1687E-03   -1.9989E-05   
1.6616E-04   -1.3820E-03   
3.1956E-03   -1.9846E-05   
1.7070E-04   -1.3959E-03   
3.2278E-03   -2.0372E-05   
1.7492E-04   -1.4114E-03   
3.2657E-03   -2.1398E-05   
1.7939E-04   -1.4285E-03   
3.3096E-03   -2.2925E-05   
1.8467E-04   -1.4472E-03   
3.3592E-03   -2.4848E-05   
1.9091E-04   -1.4679E-03   
3.4150E-03   -2.7033E-05   
1.9787E-04   -1.4907E-03   
3.4779E-03   -2.8992E-05   
2.0510E-04   -1.5156E-03   
3.5456E-03   -3.0555E-05   
2.1229E-04   -1.5427E-03   
3.6164E-03   -3.3373E-05   
2.1819E-04   -1.5719E-03   
3.6941E-03   -3.5922E-05   
2.2252E-04   -1.6024E-03   
3.7788E-03   -3.9557E-05   
2.3613E-04   -1.6340E-03   
3.8729E-03   -4.1775E-05   
2.4827E-04   -1.6699E-03   
3.9742E-03   -4.3234E-05   
2.4817E-04   -1.7091E-03   
4.0826E-03   -4.5373E-05   
2.5935E-04   -1.7479E-03   
4.2032E-03   -4.6861E-05   
2.9567E-04   -1.7918E-03   
4.3328E-03   -4.6779E-05   
2.8476E-04   -1.8445E-03   
4.4518E-03   -4.3414E-05   
2.8984E-04   -1.8940E-03   
4.5793E-03   -5.2033E-05   
3.0456E-04   -1.9458E-03   
4.8166E-03   -2.5287E-05   
2.0713E-03   -6.5389E-04   
2.1656E-03   -6.1310E-04   
1.8056E-03   -7.7282E-04   
2.2549E-03   -5.7482E-04   
1.7094E-03   -8.1034E-04   
7.9953E-04   -1.0993E-03   
9.0297E-04   -1.0741E-03   
1.0057E-03   -1.0470E-03   
1.1077E-03   -1.0181E-03   
1.2092E-03   -9.8724E-04   
6.9382E-04   -1.1231E-03   
1.3103E-03   -9.5456E-04   
1.6110E-03   -8.4781E-04   
2.3411E-03   -5.3692E-04   
1.4111E-03   -9.2026E-04   
1.5115E-03   -8.8459E-04   
5.8397E-04   -1.1459E-03   
2.4229E-03   -4.9855E-04   
2.8804E-03   -2.5082E-04   
2.9268E-03   -2.1875E-04   
2.9674E-03   -1.8760E-04   
2.8288E-03   -2.8367E-04   
4.7406E-04   -1.1659E-03   
2.5009E-03   -4.6055E-04   
2.7722E-03   -3.1726E-04   
2.6450E-03   -3.8699E-04   
2.5749E-03   -4.2334E-04   
2.7108E-03   -3.5171E-04   
3.6997E-04   -1.1792E-03   
2.8050E-04   -1.1901E-03   
3.0026E-03   -1.5670E-04   
3.0336E-03   -1.2528E-04   
3.0604E-03   -9.3132E-05   
1.9136E-04   -1.2087E-03   
2.5556E-04   -1.2421E-03   
2.3837E-04   -1.2569E-03   
2.2833E-04   -1.2684E-03   
2.2302E-04   -1.2779E-03   
2.2037E-04   -1.2861E-03   
2.1936E-04   -1.2937E-03   
3.0816E-03   -5.9151E-05   
2.1952E-04   -1.3009E-03   
2.2068E-04   -1.3082E-03   
3.0679E-03   -6.7465E-05   
2.2276E-04   -1.3158E-03   
3.0763E-03   -5.3015E-05   
2.2573E-04   -1.3238E-03   
3.0855E-03   -4.3869E-05   
2.2952E-04   -1.3325E-03   
3.0974E-03   -3.7736E-05   
2.3384E-04   -1.3422E-03   
3.1130E-03   -3.3830E-05   
2.3963E-04   -1.3525E-03   
3.1332E-03   -3.1472E-05   
2.4893E-04   -1.3637E-03   
3.1579E-03   -3.0721E-05   
2.5611E-04   -1.3770E-03   
3.1873E-03   -3.1193E-05   
2.6036E-04   -1.3922E-03   
3.2229E-03   -3.2381E-05   
2.6609E-04   -1.4085E-03   
3.2650E-03   -3.4205E-05   
2.7232E-04   -1.4265E-03   
3.3120E-03   -3.6945E-05   
2.8063E-04   -1.4459E-03   
3.3650E-03   -4.0275E-05   
2.9175E-04   -1.4673E-03   
3.4264E-03   -4.3438E-05   
3.0310E-04   -1.4912E-03   
3.4964E-03   -4.5747E-05   
3.1403E-04   -1.5174E-03   
3.5632E-03   -4.5745E-05   
3.2323E-04   -1.5462E-03   
3.6281E-03   -5.4432E-05   
3.2628E-04   -1.5774E-03   
3.2012E-04   -1.6067E-03   
3.7462E-04   -1.6789E-03   
3.9985E-03   -6.7150E-05   
4.1753E-04   -1.8122E-03   
4.3537E-04   -1.9025E-03   
4.2499E-03   -7.2274E-05   
4.9781E-03   -2.7114E-05   
2.9834E-03   -1.5294E-04   
3.0176E-03   -1.2431E-04   
3.0488E-03   -9.5213E-05   
1.9001E-03   -6.9988E-04   
1.8177E-03   -7.3309E-04   
7.1451E-04   -1.1230E-03   
6.0527E-04   -1.1501E-03   
1.1214E-03   -1.0027E-03   
8.1864E-04   -1.0954E-03   
1.2217E-03   -9.6791E-04   
9.2048E-04   -1.0663E-03   
1.7213E-03   -7.7324E-04   
2.2709E-03   -5.2757E-04   
1.0212E-03   -1.0355E-03   
2.8486E-03   -2.3958E-04   
2.7916E-03   -2.7133E-04   
1.3220E-03   -9.3129E-04   
1.4223E-03   -8.9315E-04   
2.5923E-03   -3.7326E-04   
2.6632E-03   -3.3803E-04   
2.9007E-03   -2.0867E-04   
4.9104E-04   -1.1756E-03   
2.9455E-03   -1.8041E-04   
1.6224E-03   -8.1368E-04   
2.5172E-03   -4.1005E-04   
1.5227E-03   -8.5384E-04   
2.7297E-03   -3.0411E-04   
2.3560E-03   -4.8745E-04   
2.4383E-03   -4.4823E-04   
3.2806E-04   -1.2359E-03   
3.0924E-04   -1.2490E-03   
3.0006E-04   -1.2592E-03   
2.9526E-04   -1.2677E-03   
2.9310E-04   -1.2753E-03   
2.9274E-04   -1.2825E-03   
2.9380E-04   -1.2896E-03   
2.9610E-04   -1.2968E-03   
3.0711E-03   -7.1913E-05   
3.0414E-03   -7.8818E-05   
2.9954E-04   -1.3045E-03   
3.0483E-03   -6.5228E-05   
3.0412E-04   -1.3128E-03   
3.0586E-03   -5.5293E-05   
3.0956E-04   -1.3219E-03   
3.0719E-03   -4.8998E-05   
3.1586E-04   -1.3317E-03   
3.0896E-03   -4.5274E-05   
3.2459E-04   -1.3420E-03   
3.1135E-03   -4.2800E-05   
3.4858E-04   -1.3516E-03   
3.1394E-03   -4.3093E-05   
3.4496E-04   -1.3689E-03   
3.1710E-03   -4.4516E-05   
3.5204E-04   -1.3846E-03   
3.2123E-03   -4.6414E-05   
3.5906E-04   -1.4023E-03   
3.2582E-03   -4.8910E-05   
3.8023E-04   -1.4402E-03   
4.3196E-04   -1.5852E-03   
3.3633E-03   -5.8629E-05   
3.9950E-04   -1.4617E-03   
4.1412E-04   -1.4875E-03   
4.3982E-04   -1.5477E-03   
3.7146E-03   -5.3715E-05   
3.9054E-03   -6.1701E-05   
4.0189E-03   -9.4443E-05   
3.4348E-03   -6.2732E-05   
5.7607E-04   -1.8570E-03   
4.1476E-03   -9.7776E-05   
4.3625E-04   -1.7746E-03   
3.5969E-03   -7.6704E-05   
5.1819E-04   -1.6447E-03   
3.0318E-03   -9.7741E-05   
2.9954E-03   -1.2581E-04   
2.9623E-03   -1.5113E-04   
2.1229E-03   -5.5964E-04   
2.0886E-03   -6.0436E-04   
2.2011E-03   -5.2223E-04   
1.7439E-03   -7.3537E-04   
2.8716E-03   -2.0048E-04   
7.4088E-04   -1.1177E-03   
2.9240E-03   -1.7106E-04   
6.3329E-04   -1.1485E-03   
5.2118E-04   -1.1779E-03   
8.4301E-04   -1.0865E-03   
1.1389E-03   -9.8420E-04   
1.0400E-03   -1.0206E-03   
1.6413E-03   -7.7845E-04   
9.4209E-04   -1.0545E-03   
1.2385E-03   -9.4575E-04   
2.2888E-03   -4.8177E-04   
2.6139E-03   -3.2832E-04   
2.8139E-03   -2.3089E-04   
1.3387E-03   -9.0558E-04   
2.6852E-03   -2.9440E-04   
2.7519E-03   -2.6204E-04   
2.5382E-03   -3.6415E-04   
1.4393E-03   -8.6405E-04   
1.5402E-03   -8.2155E-04   
2.4585E-03   -4.0184E-04   
2.3751E-03   -4.4124E-04   
3.2948E-04   -1.2119E-03   
3.8912E-04   -1.2273E-03   
3.7787E-04   -1.2374E-03   
3.7103E-04   -1.2459E-03   
3.6745E-04   -1.2534E-03   
3.6631E-04   -1.2604E-03   
3.6709E-04   -1.2672E-03   
3.6940E-04   -1.2741E-03   
3.7311E-04   -1.2814E-03   
3.0008E-03   -9.3523E-05   
3.7828E-04   -1.2892E-03   
3.0136E-03   -7.6474E-05   
3.8482E-04   -1.2977E-03   
3.9174E-04   -1.3072E-03   
3.0250E-03   -6.6973E-05   
3.0389E-03   -6.1440E-05   
3.9665E-04   -1.3182E-03   
3.0569E-03   -5.9203E-05   
4.1916E-04   -1.3457E-03   
3.1053E-03   -5.9467E-05   
4.3613E-04   -1.3567E-03   
3.1985E-03   -6.2828E-05   
3.1504E-03   -6.0524E-05   
4.5033E-04   -1.3734E-03   
4.9874E-04   -1.4249E-03   
3.6497E-04   -1.4214E-03   
5.1484E-04   -1.4524E-03   
5.3412E-04   -1.4796E-03   
5.3832E-04   -1.7816E-03   
5.3050E-04   -1.7405E-03   
5.5516E-04   -1.5096E-03   
3.3573E-03   -8.0751E-05   
3.6805E-03   -7.2383E-05   
3.5200E-03   -9.3137E-05   
3.8869E-03   -8.8495E-05   
3.4355E-03   -8.5826E-05   
3.3060E-03   -5.3673E-05   
5.8169E-04   -1.5457E-03   
4.9536E-04   -1.6978E-03   
5.4550E-04   -1.5963E-03   
4.2813E-03   -1.0032E-04   
5.5048E-04   -1.9064E-03   
5.2130E-04   -1.8211E-03   
4.0398E-03   -1.2394E-04   
2.0245E-03   -5.8784E-04   
3.0071E-03   -1.0432E-04   
2.8957E-03   -1.6599E-04   
7.7510E-04   -1.1064E-03   
2.8371E-03   -1.9578E-04   
6.7302E-04   -1.1396E-03   
4.6512E-04   -1.1982E-03   
1.6675E-03   -7.4122E-04   
1.0620E-03   -1.0027E-03   
9.6546E-04   -1.0399E-03   
8.7150E-04   -1.0739E-03   
2.2212E-03   -4.8375E-04   
1.1605E-03   -9.6301E-04   
2.6391E-03   -2.8819E-04   
1.2600E-03   -9.2127E-04   
2.7100E-03   -2.5586E-04   
2.7757E-03   -2.2525E-04   
2.5632E-03   -3.2275E-04   
1.3606E-03   -8.7790E-04   
1.5639E-03   -7.8777E-04   
2.3114E-03   -4.3998E-04   
2.4830E-03   -3.5961E-04   
1.4620E-03   -8.3330E-04   
2.3988E-03   -3.9878E-04   
4.6852E-04   -1.2036E-03   
4.5755E-04   -1.2126E-03   
1.8931E-03   -6.4405E-04   
4.4875E-04   -1.2210E-03   
1.7760E-03   -6.9309E-04   
4.4291E-04   -1.2284E-03   
4.4046E-04   -1.2351E-03   
4.4064E-04   -1.2415E-03   
4.4283E-04   -1.2479E-03   
4.4676E-04   -1.2547E-03   
4.5237E-04   -1.2620E-03   
5.1701E-04   -1.3226E-03   
2.9656E-03   -9.9817E-05   
4.5972E-04   -1.2699E-03   
4.6860E-04   -1.2787E-03   
2.9746E-03   -8.7780E-05   
4.7759E-04   -1.2893E-03   
2.9845E-03   -8.0149E-05   
2.9968E-03   -7.6427E-05   
3.9869E-04   -1.3289E-03   
3.0813E-03   -7.6940E-05   
5.3941E-04   -1.3389E-03   
5.3803E-04   -1.3907E-03   
3.6322E-03   -1.0006E-04   
3.4244E-03   -1.1260E-04   
3.1886E-03   -8.3633E-05   
6.3706E-04   -1.4389E-03   
3.1279E-03   -7.9527E-05   
6.6633E-04   -1.4654E-03   
4.5378E-04   -1.3943E-03   
6.4900E-04   -1.7961E-03   
6.8959E-04   -1.4957E-03   
3.7573E-03   -9.7542E-05   
6.6761E-04   -1.6057E-03   
6.4600E-04   -1.6539E-03   
3.2811E-03   -7.5962E-05   
6.6584E-04   -1.7434E-03   
6.1412E-04   -1.4141E-03   
3.3471E-03   -1.0596E-04   
4.1715E-03   -1.2713E-04   
3.9165E-03   -1.1899E-04   
2.9112E-03   -1.4014E-04   
2.8569E-03   -1.6715E-04   
2.9585E-03   -1.3094E-04   
6.2246E-04   -1.1575E-03   
8.1469E-04   -1.0912E-03   
2.1490E-03   -4.9000E-04   
9.9017E-04   -1.0230E-03   
2.7982E-03   -1.9453E-04   
8.9517E-04   -1.0608E-03   
1.0873E-03   -9.8251E-04   
3.8045E-04   -1.2117E-03   
1.1861E-03   -9.3967E-04   
1.5940E-03   -7.5266E-04   
2.5916E-03   -2.8566E-04   
2.7346E-03   -2.2309E-04   
2.6659E-03   -2.5327E-04   
2.2458E-03   -4.4380E-04   
1.2863E-03   -8.9488E-04   
2.5113E-03   -3.2131E-04   
1.3877E-03   -8.4861E-04   
1.4903E-03   -8.0115E-04   
2.3381E-03   -4.0044E-04   
2.4266E-03   -3.5967E-04   
1.7023E-03   -7.0236E-04   
5.4269E-04   -1.1844E-03   
5.3126E-04   -1.1925E-03   
5.2053E-04   -1.2006E-03   
5.5875E-04   -1.1744E-03   
5.1563E-04   -1.2072E-03   
1.8152E-03   -6.5046E-04   
1.9326E-03   -5.9643E-04   
5.1472E-04   -1.2130E-03   
2.9521E-03   -1.1627E-04   
2.0455E-03   -5.4181E-04   
5.1658E-04   -1.2188E-03   
5.2064E-04   -1.2249E-03   
5.3462E-04   -1.2387E-03   
2.9239E-03   -1.1051E-04   
5.4539E-04   -1.2464E-03   
5.6048E-04   -1.2548E-03   
2.9273E-03   -1.0190E-04   
2.9365E-03   -9.5876E-05   
5.4855E-04   -1.2945E-03   
5.6696E-04   -1.3575E-03   
3.0470E-03   -9.7950E-05   
3.2762E-03   -1.0028E-04   
7.6620E-04   -1.4178E-03   
4.7467E-04   -1.3047E-03   
3.5072E-03   -1.2109E-04   
6.2108E-04   -1.3021E-03   
3.3270E-03   -1.3423E-04   
6.0288E-04   -1.3926E-03   
7.8946E-04   -1.6138E-03   
7.2894E-04   -1.3960E-03   
7.2090E-04   -1.5192E-03   
3.2171E-03   -9.7515E-05   
3.8138E-03   -1.1537E-04   
3.0945E-03   -1.0298E-04   
6.9501E-04   -1.5576E-03   
6.4875E-04   -1.6985E-03   
3.9266E-03   -1.5070E-04   
4.2933E-03   -1.2777E-04   
6.8046E-04   -1.8869E-03   
8.3060E-04   -1.7477E-03   
3.7155E-03   -8.3557E-05   
2.8167E-03   -1.7036E-04   
8.1702E-04   -1.0875E-03   
1.6305E-03   -7.1653E-04   
9.2213E-04   -1.0450E-03   
1.0190E-03   -1.0037E-03   
2.7568E-03   -1.9689E-04   
1.1166E-03   -9.6022E-04   
2.1789E-03   -4.5273E-04   
2.6225E-03   -2.5314E-04   
2.6934E-03   -2.2397E-04   
1.2161E-03   -9.1449E-04   
2.5432E-03   -2.8688E-04   
1.5239E-03   -7.6793E-04   
1.3173E-03   -8.6692E-04   
2.2761E-03   -4.0690E-04   
1.4200E-03   -8.1797E-04   
2.4585E-03   -3.2398E-04   
2.3692E-03   -3.6410E-04   
6.2800E-04   -1.1580E-03   
6.0023E-04   -1.1706E-03   
2.9191E-03   -1.2248E-04   
5.9228E-04   -1.1770E-03   
1.9681E-03   -5.5467E-04   
1.7416E-03   -6.6332E-04   
2.0762E-03   -5.0214E-04   
5.9003E-04   -1.1821E-03   
5.9102E-04   -1.1871E-03   
1.8551E-03   -6.0907E-04   
5.9496E-04   -1.1924E-03   
6.0135E-04   -1.1980E-03   
6.0985E-04   -1.2044E-03   
2.9486E-03   -9.3654E-05   
6.2150E-04   -1.2111E-03   
5.8061E-04   -1.2656E-03   
6.3844E-04   -1.2176E-03   
2.8642E-03   -1.2882E-04   
3.1918E-03   -1.2009E-04   
2.8722E-03   -1.1903E-04   
6.4821E-04   -1.3155E-03   
6.6137E-04   -1.3562E-03   
3.0061E-03   -9.5217E-05   
6.0983E-04   -1.2880E-03   
3.1413E-03   -1.1165E-04   
8.3607E-04   -1.3753E-03   
8.4380E-04   -1.5098E-03   
7.0184E-04   -1.3741E-03   
7.9930E-04   -1.4847E-03   
3.0031E-03   -1.2380E-04   
3.6947E-03   -1.3130E-04   
9.4091E-04   -1.5685E-03   
3.8101E-03   -1.4355E-04   
7.5835E-04   -1.6582E-03   
3.9309E-03   -1.8564E-04   
8.5158E-04   -1.8575E-03   
4.2099E-03   -1.6048E-04   
4.4130E-03   -1.0824E-04   
9.4809E-04   -1.7839E-03   
3.5770E-03   -1.3397E-04   
2.8344E-03   -1.5040E-04   
7.2015E-04   -1.1245E-03   
8.6522E-04   -1.0650E-03   
9.5662E-04   -1.0252E-03   
1.5624E-03   -7.3414E-04   
1.0518E-03   -9.8212E-04   
2.7193E-03   -2.0157E-04   
2.6586E-03   -2.2372E-04   
1.1499E-03   -9.3614E-04   
6.7067E-04   -1.1436E-03   
2.5797E-03   -2.5546E-04   
2.2137E-03   -4.1747E-04   
1.2505E-03   -8.8777E-04   
1.4568E-03   -7.8647E-04   
2.4943E-03   -2.9139E-04   
1.3531E-03   -8.3770E-04   
2.3111E-03   -3.7240E-04   
2.4046E-03   -3.3041E-04   
6.6878E-04   -1.1457E-03   
1.6717E-03   -6.8017E-04   
2.0059E-03   -5.1673E-04   
2.1118E-03   -4.6571E-04   
6.6760E-04   -1.1488E-03   
1.8956E-03   -5.7037E-04   
6.6652E-04   -1.1533E-03   
6.6989E-04   -1.1576E-03   
1.7835E-03   -6.2523E-04   
2.8832E-03   -1.3064E-04   
6.9741E-04   -1.1731E-03   
6.7649E-04   -1.1621E-03   
2.8809E-03   -1.1471E-04   
6.8566E-04   -1.1673E-03   
3.0054E-03   -7.7309E-05   
6.6355E-04   -1.2544E-03   
6.6122E-04   -1.2240E-03   
7.0126E-04   -1.2628E-03   
7.1392E-04   -1.1788E-03   
2.8052E-03   -1.4548E-04   
3.0491E-03   -1.3124E-04   
2.9609E-03   -1.1909E-04   
7.1330E-04   -1.2791E-03   
8.1964E-04   -1.3513E-03   
9.2462E-04   -1.4525E-03   
3.8109E-03   -1.7828E-04   
3.0985E-03   -1.4035E-04   
7.8578E-04   -1.3303E-03   
3.4784E-03   -1.5259E-04   
9.6967E-04   -1.5145E-03   
3.5674E-03   -1.6779E-04   
9.1317E-04   -1.6288E-03   
6.7988E-04   -1.3263E-03   
4.0624E-03   -1.9216E-04   
3.2545E-03   -1.2711E-04   
4.5526E-03   -8.6555E-05   
1.0383E-03   -1.7106E-03   
7.3620E-04   -1.1177E-03   
2.7724E-03   -1.7708E-04   
9.0205E-04   -1.0461E-03   
9.9371E-04   -1.0039E-03   
1.0891E-03   -9.5864E-04   
1.4978E-03   -7.5457E-04   
2.7120E-03   -1.9161E-04   
7.9076E-04   -1.0958E-03   
2.6222E-03   -2.2582E-04   
1.6054E-03   -7.0012E-04   
1.1881E-03   -9.1022E-04   
2.5341E-03   -2.6163E-04   
1.2900E-03   -8.5948E-04   
1.3934E-03   -8.0745E-04   
2.2526E-03   -3.8436E-04   
2.4440E-03   -2.9934E-04   
2.3502E-03   -3.4014E-04   
7.5472E-04   -1.1106E-03   
1.9382E-03   -5.3423E-04   
2.1512E-03   -4.3167E-04   
2.0463E-03   -4.8171E-04   
2.9718E-03   -9.3123E-05   
7.4345E-04   -1.1178E-03   
1.7157E-03   -6.4457E-04   
7.4582E-04   -1.1209E-03   
1.8272E-03   -5.8892E-04   
2.8113E-03   -1.3906E-04   
7.7363E-04   -1.1329E-03   
7.5229E-04   -1.1241E-03   
7.8935E-04   -1.1379E-03   
7.6165E-04   -1.1280E-03   
8.2780E-04   -1.2282E-03   
2.7899E-03   -1.5902E-04   
2.8909E-03   -1.1446E-04   
7.3555E-04   -1.1841E-03   
3.0933E-03   -5.3932E-05   
8.7209E-04   -1.2782E-03   
2.9248E-03   -1.1682E-04   
3.2232E-03   -1.5815E-04   
3.1554E-03   -1.4939E-04   
2.9979E-03   -1.6298E-04   
2.9510E-03   -1.5413E-04   
3.4273E-03   -1.8750E-04   
2.9084E-03   -1.4743E-04   
7.5350E-04   -1.3155E-03   
9.5986E-04   -1.3258E-03   
6.8455E-04   -1.2297E-03   
7.7372E-04   -1.2209E-03   
9.9584E-04   -1.3950E-03   
3.6001E-03   -1.9832E-04   
9.9459E-04   -1.4683E-03   
7.7065E-04   -1.2830E-03   
3.9323E-03   -2.2348E-04   
9.6007E-04   -1.6758E-03   
4.7274E-03   -4.5552E-05   
1.0933E-03   -1.5160E-03   
4.5427E-03   -1.1913E-04   
3.8093E-03   -2.1591E-04   
3.4042E-03   -1.4149E-04   
1.0722E-03   -1.5683E-03   
8.1556E-04   -1.0843E-03   
9.4391E-04   -1.0245E-03   
1.0350E-03   -9.8093E-04   
1.5425E-03   -7.2263E-04   
2.6679E-03   -1.9747E-04   
1.1304E-03   -9.3362E-04   
1.4373E-03   -7.7688E-04   
2.5752E-03   -2.3519E-04   
1.2313E-03   -8.8264E-04   
1.3340E-03   -8.3010E-04   
2.4875E-03   -2.7093E-04   
1.9831E-03   -5.0065E-04   
2.2947E-03   -3.5372E-04   
2.3938E-03   -3.1007E-04   
2.1930E-03   -4.0053E-04   
8.1425E-04   -1.0851E-03   
2.0895E-03   -4.4935E-04   
2.7440E-03   -1.7083E-04   
1.6512E-03   -6.6680E-04   
1.8732E-03   -5.5470E-04   
8.2270E-04   -1.0832E-03   
1.7619E-03   -6.1046E-04   
8.2951E-04   -1.0845E-03   
8.6595E-04   -1.0948E-03   
8.5056E-04   -1.0905E-03   
2.7411E-03   -1.6611E-04   
8.3848E-04   -1.0870E-03   
2.8176E-03   -1.3710E-04   
3.0436E-03   -7.7660E-05   
8.0721E-04   -1.1439E-03   
2.8711E-03   -1.4310E-04   
2.8925E-03   -1.8855E-04   
7.4572E-04   -1.2145E-03   
2.8921E-03   -1.1974E-04   
2.8490E-03   -1.8026E-04   
2.9396E-03   -1.9926E-04   
9.8375E-04   -1.2572E-03   
3.3022E-03   -1.6550E-04   
3.1112E-03   -1.8401E-04   
7.6901E-04   -1.1882E-03   
3.2892E-03   -2.0327E-04   
1.1017E-03   -1.4069E-03   
9.0944E-04   -1.3819E-03   
1.0435E-03   -1.2650E-03   
9.0840E-04   -1.2306E-03   
3.8045E-03   -2.5652E-04   
4.0597E-03   -2.3087E-04   
1.1369E-03   -1.4530E-03   
1.0818E-03   -1.6149E-03   
4.6607E-03   -9.9116E-05   
1.1946E-03   -1.5188E-03   
8.5450E-04   -1.0663E-03   
9.9144E-04   -1.0007E-03   
1.4840E-03   -7.4678E-04   
1.0751E-03   -9.5872E-04   
2.6061E-03   -2.1742E-04   
1.5900E-03   -6.9141E-04   
1.1753E-03   -9.0755E-04   
1.3805E-03   -8.0086E-04   
2.5322E-03   -2.4636E-04   
2.0300E-03   -4.6987E-04   
1.2776E-03   -8.5457E-04   
1.9216E-03   -5.2273E-04   
9.0466E-04   -1.0427E-03   
2.4447E-03   -2.8216E-04   
2.2353E-03   -3.7330E-04   
2.1340E-03   -4.2031E-04   
9.1146E-04   -1.0419E-03   
1.8106E-03   -5.7816E-04   
1.6995E-03   -6.3480E-04   
2.7434E-03   -1.6273E-04   
2.8416E-03   -1.4096E-04   
9.4348E-04   -1.0497E-03   
9.1731E-04   -1.0442E-03   
8.3446E-04   -1.1794E-03   
9.2837E-04   -1.0466E-03   
2.8251E-03   -1.3900E-04   
8.8339E-04   -1.1004E-03   
1.1003E-03   -1.2133E-03   
2.7837E-03   -2.1745E-04   
8.2168E-04   -1.1515E-03   
2.8271E-03   -2.2768E-04   
2.8097E-03   -1.7433E-04   
2.9927E-03   -2.1199E-04   
1.0040E-03   -1.2213E-03   
1.3471E-03   -1.4844E-03   
1.1277E-03   -1.2706E-03   
3.3580E-03   -2.2764E-04   
3.1878E-03   -1.9423E-04   
4.0574E-03   -2.7031E-04   
9.5155E-04   -1.1891E-03   
1.2149E-03   -1.5547E-03   
3.6825E-03   -2.4806E-04   
4.1900E-03   -2.0100E-04   
1.2427E-03   -1.3878E-03   
1.0846E-03   -1.3273E-03   
1.1417E-03   -1.3511E-03   
3.7963E-03   -3.0060E-04   
2.6690E-03   -1.9113E-04   
1.5327E-03   -7.1772E-04   
1.4292E-03   -7.7240E-04   
1.0091E-03   -9.9177E-04   
2.4152E-03   -2.9142E-04   
2.7550E-03   -1.6700E-04   
1.1202E-03   -9.3494E-04   
1.9725E-03   -4.9325E-04   
2.5840E-03   -2.2259E-04   
2.0787E-03   -4.4214E-04   
2.4923E-03   -2.5940E-04   
1.2230E-03   -8.8122E-04   
1.8621E-03   -5.4785E-04   
1.6399E-03   -6.6152E-04   
1.7504E-03   -6.0444E-04   
9.9954E-04   -9.9964E-04   
2.2673E-03   -3.5551E-04   
2.1798E-03   -3.9494E-04   
1.0215E-03   -1.0036E-03   
1.0072E-03   -1.0018E-03   
8.9704E-04   -1.1104E-03   
9.6141E-04   -1.0542E-03   
2.7470E-03   -1.6337E-04   
1.0480E-03   -1.1396E-03   
2.7755E-03   -1.7062E-04   
2.7133E-03   -2.5900E-04   
1.0345E-03   -1.1770E-03   
2.7432E-03   -2.1000E-04   
2.8730E-03   -2.4093E-04   
3.5568E-03   -2.3842E-04   
3.0587E-03   -2.2498E-04   
1.1893E-03   -1.2138E-03   
8.9569E-04   -1.1329E-03   
8.6688E-04   -1.1861E-03   
3.4880E-03   -2.1115E-04   
3.2287E-03   -2.5184E-04   
1.2163E-03   -1.2683E-03   
1.3683E-03   -1.5345E-03   
1.4105E-03   -1.4135E-03   
1.1376E-03   -1.1632E-03   
3.6932E-03   -2.0736E-04   
3.9291E-03   -3.0462E-04   
4.1855E-03   -2.3801E-04   
4.3079E-03   -1.7809E-04   
1.2452E-03   -1.2938E-03   
1.3836E-03   -1.3422E-03   
2.4484E-03   -2.7684E-04   
1.3754E-03   -8.0076E-04   
1.4769E-03   -7.4669E-04   
2.6677E-03   -1.9449E-04   
2.2348E-03   -3.6930E-04   
2.1318E-03   -4.1636E-04   
2.5239E-03   -2.4630E-04   
1.5824E-03   -6.9086E-04   
2.0262E-03   -4.6625E-04   
1.9167E-03   -5.1964E-04   
1.2755E-03   -8.5411E-04   
1.8045E-03   -5.7590E-04   
1.6923E-03   -6.3347E-04   
1.0759E-03   -9.5904E-04   
1.0861E-03   -9.5725E-04   
1.0990E-03   -9.5748E-04   
1.0400E-03   -1.0064E-03   
9.7832E-04   -1.0622E-03   
1.1692E-03   -9.1072E-04   
2.6671E-03   -1.9089E-04   
2.6343E-03   -2.4381E-04   
2.3441E-03   -3.2072E-04   
2.6719E-03   -2.5015E-04   
1.0400E-03   -1.1160E-03   
9.5409E-04   -1.1343E-03   
1.3435E-03   -1.2306E-03   
2.7562E-03   -2.7064E-04   
9.9065E-04   -1.0759E-03   
2.6645E-03   -2.0529E-04   
1.2584E-03   -1.1494E-03   
2.9210E-03   -2.5869E-04   
1.1729E-03   -1.1083E-03   
3.3029E-03   -2.6547E-04   
3.4578E-03   -2.7742E-04   
3.1422E-03   -2.3732E-04   
4.4344E-03   -1.7746E-04   
1.4639E-03   -1.2766E-03   
1.3988E-03   -1.2536E-03   
1.5230E-03   -1.4188E-03   
3.8011E-03   -3.4474E-04   
1.4101E-03   -1.5837E-03   
4.0497E-03   -3.1033E-04   
4.3171E-03   -2.0873E-04   
2.5040E-03   -2.5634E-04   
1.4205E-03   -7.7932E-04   
1.3220E-03   -8.3188E-04   
2.1902E-03   -3.9179E-04   
2.5877E-03   -2.2207E-04   
2.0840E-03   -4.4116E-04   
1.5252E-03   -7.2364E-04   
1.9753E-03   -4.9336E-04   
1.6352E-03   -6.6571E-04   
1.8627E-03   -5.4908E-04   
1.1745E-03   -9.1293E-04   
1.7483E-03   -6.0712E-04   
1.1183E-03   -9.5787E-04   
2.4050E-03   -2.9745E-04   
2.5573E-03   -2.8717E-04   
1.2403E-03   -8.7532E-04   
1.0769E-03   -1.0227E-03   
1.1409E-03   -9.6037E-04   
1.0951E-03   -1.0669E-03   
2.2974E-03   -3.4363E-04   
2.5993E-03   -2.9337E-04   
3.3202E-03   -3.0102E-04   
2.5779E-03   -2.3125E-04   
2.6414E-03   -3.0266E-04   
1.1575E-03   -1.0735E-03   
2.7956E-03   -2.8687E-04   
2.9939E-03   -2.7422E-04   
2.5985E-03   -2.4119E-04   
1.5581E-03   -1.2080E-03   
1.2748E-03   -1.1003E-03   
1.4164E-03   -1.1000E-03   
3.4147E-03   -2.5273E-04   
4.4792E-03   -2.1625E-04   
1.4976E-03   -1.1823E-03   
3.0907E-03   -2.8631E-04   
3.4295E-03   -3.1755E-04   
3.6721E-03   -3.9583E-04   
1.5562E-03   -1.2933E-03   
1.5855E-03   -1.3444E-03   
3.6286E-03   -3.4747E-04   
4.5307E-03   -1.4841E-04   
4.1858E-03   -2.7601E-04   
1.2213E-03   -1.6583E-03   
1.2725E-03   -1.2191E-03   
1.3603E-03   -8.1697E-04   
1.2631E-03   -8.6790E-04   
2.1463E-03   -4.1789E-04   
2.4745E-03   -2.7488E-04   
2.0379E-03   -4.6917E-04   
1.5770E-03   -7.0230E-04   
1.1937E-03   -9.1078E-04   
1.9250E-03   -5.2424E-04   
1.1635E-03   -9.6740E-04   
1.6919E-03   -6.4227E-04   
1.0903E-03   -1.0392E-03   
1.8086E-03   -5.8251E-04   
2.2539E-03   -3.6882E-04   
1.2201E-03   -9.0875E-04   
2.4786E-03   -3.3471E-04   
2.5629E-03   -2.4487E-04   
2.3601E-03   -3.2217E-04   
2.5211E-03   -2.8228E-04   
2.5387E-03   -3.3279E-04   
2.6855E-03   -3.1413E-04   
1.6672E-03   -1.1340E-03   
1.3222E-03   -1.0456E-03   
1.4707E-03   -1.1151E-03   
1.3675E-03   -1.0868E-03   
3.1580E-03   -3.4675E-04   
4.1654E-03   -3.1391E-04   
1.6234E-03   -1.4311E-03   
1.2276E-03   -1.0134E-03   
1.4195E-03   -1.1684E-03   
3.0463E-03   -3.3765E-04   
3.5414E-03   -3.2149E-04   
4.5821E-03   -1.7149E-04   
4.3499E-03   -2.8213E-04   
3.7186E-03   -4.3544E-04   
1.7704E-03   -1.2891E-03   
1.3779E-03   -1.6575E-03   
2.9371E-03   -3.2919E-04   
1.1064E-03   -1.6528E-03   
2.1042E-03   -4.4713E-04   
2.4947E-03   -2.7815E-04   
2.2124E-03   -3.9671E-04   
1.9923E-03   -5.0107E-04   
1.6344E-03   -6.8184E-04   
1.2937E-03   -8.6024E-04   
1.0042E-03   -1.0900E-03   
1.1812E-03   -9.8147E-04   
2.3192E-03   -3.4859E-04   
1.2522E-03   -9.0886E-04   
2.4372E-03   -3.2933E-04   
1.4655E-03   -7.6129E-04   
1.7544E-03   -6.1990E-04   
1.5955E-03   -1.1010E-03   
1.4886E-03   -1.0398E-03   
2.5611E-03   -3.4952E-04   
1.4076E-03   -1.0400E-03   
1.1948E-03   -1.0012E-03   
1.2740E-03   -1.0165E-03   
1.2595E-03   -1.0467E-03   
1.5793E-03   -1.0462E-03   
1.7129E-03   -1.1719E-03   
3.2744E-03   -3.5895E-04   
4.0231E-03   -3.5935E-04   
2.9999E-03   -3.9211E-04   
2.3335E-03   -3.8728E-04   
2.7836E-03   -3.8076E-04   
3.4136E-03   -3.7300E-04   
1.7977E-03   -1.3754E-03   
1.4787E-03   -1.4745E-03   
2.8931E-03   -3.8416E-04   
3.6690E-03   -2.9209E-04   
1.8650E-03   -1.3048E-03   
1.6933E-03   -1.2736E-03   
3.8847E-03   -4.2120E-04   
3.5474E-03   -4.5452E-04   
2.1733E-03   -4.2671E-04   
2.0675E-03   -4.7761E-04   
2.3998E-03   -3.2540E-04   
1.2792E-03   -9.1798E-04   
2.4093E-03   -3.0890E-04   
2.2800E-03   -3.7764E-04   
1.9512E-03   -5.3519E-04   
1.3333E-03   -8.5272E-04   
1.6996E-03   -6.6146E-04   
1.8246E-03   -5.9809E-04   
1.6285E-03   -9.8081E-04   
1.5426E-03   -9.8096E-04   
1.4022E-03   -8.0401E-04   
1.2909E-03   -9.6424E-04   
1.2895E-03   -9.4000E-04   
1.3559E-03   -9.5713E-04   
1.5166E-03   -7.4378E-04   
2.6290E-03   -3.6102E-04   
2.2498E-03   -4.4581E-04   
2.7437E-03   -4.3434E-04   
1.3772E-03   -9.8559E-04   
2.6533E-03   -3.9636E-04   
1.8383E-03   -1.2196E-03   
3.1067E-03   -4.0378E-04   
1.8444E-03   -1.0930E-03   
1.4490E-03   -1.3600E-03   
1.9753E-03   -1.3139E-03   
2.4577E-03   -4.0841E-04   
2.8443E-03   -4.4027E-04   
1.7458E-03   -1.0103E-03   
1.9404E-03   -1.2343E-03   
1.7154E-03   -1.4506E-03   
3.6035E-03   -4.9276E-04   
4.0663E-03   -4.0762E-04   
2.1433E-03   -4.5342E-04   
2.2418E-03   -4.0886E-04   
1.5776E-03   -7.2502E-04   
1.3878E-03   -9.0857E-04   
1.7722E-03   -6.4183E-04   
1.5200E-03   -9.2255E-04   
1.3898E-03   -8.4409E-04   
2.2987E-03   -4.5745E-04   
1.4552E-03   -7.8967E-04   
1.4111E-03   -8.6455E-04   
2.7299E-03   -3.2117E-04   
1.9064E-03   -5.7622E-04   
2.3379E-03   -3.6468E-04   
1.5989E-03   -9.1980E-04   
2.6937E-03   -4.9118E-04   
1.6838E-03   -9.1847E-04   
2.6592E-03   -4.3170E-04   
1.3114E-03   -1.4043E-03   
2.1215E-03   -1.3133E-03   
2.9448E-03   -4.5050E-04   
1.5347E-03   -1.5011E-03   
1.9442E-03   -9.5459E-04   
1.8928E-03   -1.1421E-03   
2.5001E-03   -4.3253E-04   
3.2163E-03   -4.1919E-04   
1.8173E-03   -1.4730E-03   
1.9788E-03   -1.0083E-03   
2.0204E-03   -1.1580E-03   
1.9153E-03   -1.3885E-03   
3.4248E-03   -5.1742E-04   
1.7149E-03   -9.7798E-04   
4.2589E-03   -3.8920E-04   
1.6470E-03   -7.0551E-04   
1.6578E-03   -8.5579E-04   
2.0530E-03   -5.0451E-04   
1.5253E-03   -7.6954E-04   
2.1456E-03   -5.0978E-04   
1.7717E-03   -9.2009E-04   
1.4614E-03   -9.2275E-04   
2.8849E-03   -5.1206E-04   
1.8474E-03   -6.2576E-04   
1.7409E-03   -8.5400E-04   
1.4930E-03   -8.0468E-04   
2.3417E-03   -4.7819E-04   
2.7880E-03   -5.0027E-04   
2.1911E-03   -4.4733E-04   
1.4808E-03   -8.8491E-04   
2.5336E-03   -4.6240E-04   
1.6010E-03   -1.2345E-03   
1.8533E-03   -9.3164E-04   
2.0239E-03   -1.0514E-03   
2.1012E-03   -1.0791E-03   
2.1417E-03   -1.1795E-03   
2.3146E-03   -1.2318E-03   
3.4874E-03   -5.6337E-04   
1.7000E-03   -1.5557E-03   
3.1469E-03   -4.8167E-04   
4.3905E-03   -3.3178E-04   
1.7186E-03   -6.8887E-04   
1.5981E-03   -7.4994E-04   
1.9992E-03   -5.5757E-04   
1.7993E-03   -7.8902E-04   
2.1840E-03   -5.2918E-04   
2.5820E-03   -4.9122E-04   
2.3833E-03   -5.0318E-04   
1.8313E-03   -8.5327E-04   
2.7306E-03   -5.6292E-04   
2.6367E-03   -5.5189E-04   
3.2561E-03   -5.3602E-04   
2.9847E-03   -5.2770E-04   
2.2838E-03   -1.0176E-03   
2.1534E-03   -9.7218E-04   
1.5732E-03   -8.6421E-04   
3.3135E-03   -4.4255E-04   
3.7585E-03   -4.6866E-04   
3.3046E-03   -6.4742E-04   
2.3234E-03   -1.1681E-03   
2.3200E-03   -1.2969E-03   
2.3484E-03   -1.1017E-03   
2.0256E-03   -8.6851E-04   
1.9056E-03   -1.5061E-03   
4.4415E-03   -3.7157E-04   
1.6645E-03   -7.3847E-04   
2.1274E-03   -4.9209E-04   
1.6025E-03   -8.1604E-04   
1.9055E-03   -6.2079E-04   
2.5608E-03   -6.2801E-04   
2.0188E-03   -5.8765E-04   
1.7887E-03   -6.7786E-04   
2.2256E-03   -5.5308E-04   
1.8881E-03   -7.8563E-04   
2.4511E-03   -5.6329E-04   
1.9896E-03   -7.8352E-04   
2.4848E-03   -5.9767E-04   
3.3785E-03   -4.7608E-04   
2.8283E-03   -5.7455E-04   
3.0939E-03   -5.4783E-04   
3.8905E-03   -4.7676E-04   
2.1188E-03   -9.2754E-04   
3.2380E-03   -4.9630E-04   
2.1102E-03   -8.8195E-04   
3.1244E-03   -5.9774E-04   
1.7216E-03   -7.8529E-04   
2.1160E-03   -7.8116E-04   
2.4070E-03   -1.0285E-03   
3.1329E-03   -6.5152E-04   
3.4912E-03   -6.1544E-04   
2.1802E-03   -1.0119E-03   
2.4813E-03   -1.1011E-03   
2.4628E-03   -1.2180E-03   
1.7706E-03   -1.5833E-03   
1.7281E-03   -7.3778E-04   
2.0426E-03   -7.1354E-04   
1.8734E-03   -6.6158E-04   
2.0733E-03   -6.0339E-04   
2.2470E-03   -8.5343E-04   
1.9402E-03   -7.2167E-04   
2.3803E-03   -6.7152E-04   
2.6959E-03   -6.1666E-04   
2.6325E-03   -1.1734E-03   
2.9845E-03   -6.5926E-04   
1.5461E-03   -7.9712E-04   
2.2187E-03   -8.0451E-04   
2.9200E-03   -5.9185E-04   
2.2773E-03   -5.7486E-04   
2.3194E-03   -6.3980E-04   
2.4758E-03   -9.5275E-04   
1.7249E-03   -1.6475E-03   
2.5385E-03   -1.0368E-03   
3.1217E-03   -7.0356E-04   
3.6133E-03   -5.7124E-04   
2.4263E-03   -5.2950E-04   
1.5050E-03   -8.4248E-04   
1.8536E-03   -7.3418E-04   
2.1507E-03   -7.1105E-04   
1.9609E-03   -6.7379E-04   
2.7622E-03   -6.3923E-04   
2.2029E-03   -6.4395E-04   
2.2730E-03   -7.3725E-04   
1.9541E-03   -6.4570E-04   
2.9989E-03   -7.7023E-04   
1.8473E-03   -7.0585E-04   
3.7661E-03   -5.4788E-04   
2.9748E-03   -7.1799E-04   
2.3424E-03   -9.3863E-04   
2.2471E-03   -7.0798E-04   
2.7506E-03   -1.0948E-03   
1.5301E-03   -1.7194E-03   
2.3348E-03   -5.8962E-04   
2.4599E-03   -8.5113E-04   
2.5992E-03   -6.7918E-04   
2.6722E-03   -7.1852E-04   
2.5633E-03   -8.7101E-04   
3.0525E-03   -8.1686E-04   
2.3531E-03   -7.9119E-04   
2.6811E-03   -1.0488E-03   
2.8127E-03   -1.1294E-03   
2.6394E-03   -7.9207E-04   
2.3953E-03   -8.2182E-04   
2.9789E-03   -1.1237E-03   
2.6716E-03   -8.9301E-04   
2.9962E-03   -6.1035E-04   
3.2611E-03   -7.7656E-04   
2.8594E-03   -8.4943E-04   
2.4933E-03   -7.5322E-04   
2.8195E-03   -7.2397E-04   
2.5937E-03   -9.6665E-04   
2.8957E-03   -8.9875E-04   
3.4218E-03   -6.8479E-04   
3.1558E-03   -1.0350E-03   
2.7484E-03   -9.1596E-04   
2.5318E-03   -7.8717E-04   
2.8878E-03   -9.6299E-04   
3.0515E-03   -9.6032E-04   
3.2624E-03   -8.8822E-04   
3.3385E-03   -8.1246E-04   
3.2035E-03   -9.6626E-04   
1.5701E-04   -2.0448E-03   
2.8699E-03   -1.0226E-03   
2.7053E-03   -1.2123E-03   
4.7189E-03   -1.6990E-04   
3.5446E-04   -1.7165E-03   
5.1477E-03   -2.5312E-05   
4.6262E-03   -3.5331E-04   
2.8520E-04   -2.0682E-03   
1.3661E-03   -1.7239E-03   
3.2231E-03   -1.0738E-03   
4.7986E-03   -9.0439E-05   
4.3591E-04   -2.0502E-03   
1.5346E-03   -1.5940E-03   
6.1908E-04   -2.0244E-03   
8.0620E-04   -1.9963E-03   
9.9300E-04   -1.9625E-03   
1.1858E-03   -1.9238E-03   
5.3120E-03   -2.3157E-05   
1.3826E-03   -1.8813E-03   
1.5892E-03   -1.8324E-03   
4.5068E-03   -2.8810E-04   
1.8022E-03   -1.7817E-03   
5.4813E-03   -2.2314E-05   
2.0185E-03   -1.7287E-03   
2.2411E-03   -1.6735E-03   
3.4500E-03   -7.4323E-04   
2.4924E-03   -1.6076E-03   
5.6595E-03   -2.0688E-05   
3.9291E-03   -3.3999E-04   
2.6931E-03   -1.5767E-03   
2.0133E-03   -1.2555E-03   
1.0390E-03   -1.8220E-03   
4.5396E-03   -2.5108E-04   
2.9270E-03   -1.5006E-03   
3.1896E-03   -1.4466E-03   
5.8432E-03   -1.8309E-05   
3.4344E-03   -1.3913E-03   
2.1298E-03   -1.4553E-03   
3.7063E-03   -1.3243E-03   
3.9182E-03   -1.2933E-03   
6.0336E-03   -1.5899E-05   
4.1638E-03   -1.2156E-03   
4.4410E-03   -1.1499E-03   
4.5860E-04   -1.9484E-03   
4.7009E-03   -1.0795E-03   
6.2533E-03   -1.4363E-05   
4.8648E-03   -5.6401E-05   
2.2759E-03   -1.3702E-03   
4.9824E-03   -9.9080E-04   
5.2510E-03   -9.1108E-04   
4.3159E-03   -4.2244E-04   
6.4976E-03   -7.7813E-06   
3.9364E-03   -5.2061E-04   
3.6248E-03   -6.1347E-04   
5.7797E-03   -7.1390E-04   
6.7600E-03   -1.1316E-04   
6.8084E-03   -1.1285E-04   
6.7823E-03   -3.1989E-05   
6.8027E-03   -1.3338E-05   
6.7666E-03   -7.1806E-05   
1.8559E-03   -1.6580E-03   
6.3710E-03   -4.1319E-04   
5.3119E-04   -1.9862E-03   
4.0694E-03   -5.3007E-04   
3.8328E-03   -5.9319E-04   
9.3447E-04   -1.8859E-03   
3.5908E-03   -7.4040E-04   
1.2069E-03   -1.7901E-03   
4.8459E-03   -1.4299E-04   
3.3864E-03   -8.9969E-04   
4.7537E-03   -2.9761E-04   
1.3396E-03   -1.7931E-03   
2.3848E-03   -1.3962E-03   
9.1909E-04   -1.9326E-03   
2.6368E-03   -1.2999E-03   
1.3070E-03   -1.8534E-03   
4.2733E-03   -4.7407E-04   
4.6243E-03   -1.0377E-03   
3.3635E-03   -1.3486E-03   
1.7289E-03   -1.7454E-03   
2.1918E-03   -1.4954E-03   
2.1650E-03   -1.6372E-03   
2.1135E-03   -1.5837E-03   
5.5641E-03   -4.3488E-05   
3.4567E-03   -1.0265E-03   
4.9430E-03   -8.0876E-05   
4.6832E-03   -3.8600E-04   
5.2369E-03   -4.5076E-05   
6.2262E-03   -3.1009E-05   
3.0709E-03   -1.1594E-03   
3.7915E-03   -1.2424E-03   
4.6147E-03   -1.9164E-04   
4.6793E-03   -2.6068E-04   
3.4655E-03   -7.7836E-04   
2.5194E-03   -1.2403E-03   
6.6448E-03   -3.1109E-06   
5.5256E-03   -8.1305E-04   
2.5613E-03   -1.5300E-03   
5.0446E-03   -9.1028E-04   
6.8165E-03   -7.6423E-05   
6.8475E-03   -6.9881E-06   
6.8373E-03   -1.9640E-05   
6.8241E-03   -4.6114E-05   
4.1920E-03   -1.1369E-03   
2.9452E-03   -1.4191E-03   
5.9265E-03   -3.4335E-05   
6.0170E-03   -5.1877E-04   
6.5260E-03   -2.2697E-05   
6.3403E-03   -3.7729E-04   
6.4830E-03   -1.6539E-04   
6.5563E-03   -3.1704E-05   
6.5234E-03   -7.1034E-05   
6.4422E-03   -2.5766E-04   
4.2370E-03   -5.3619E-04   
3.3112E-03   -1.3032E-03   
4.8978E-03   -1.1097E-04   
5.0654E-03   -9.2983E-05   
5.4645E-03   -6.9315E-05   
5.9301E-04   -1.9343E-03   
2.9986E-03   -1.2451E-03   
3.7940E-03   -6.7363E-04   
2.3037E-03   -1.5577E-03   
4.8769E-03   -1.7566E-04   
5.8233E-03   -5.6588E-05   
5.4371E-03   -7.9063E-04   
1.6697E-03   -1.7131E-03   
3.1319E-03   -1.3413E-03   
2.4913E-03   -1.5031E-03   
3.7376E-03   -1.2054E-03   
2.7784E-03   -1.2979E-03   
4.4384E-03   -1.0429E-03   
3.5993E-03   -8.5895E-04   
2.7314E-03   -1.4386E-03   
4.6237E-03   -4.4468E-04   
4.8144E-03   -3.3399E-04   
3.9849E-03   -1.1507E-03   
3.6306E-03   -9.2773E-04   
6.0298E-03   -4.8108E-05   
3.5279E-03   -1.0774E-03   
5.6435E-03   -6.2759E-05   
2.5944E-03   -1.3751E-03   
4.8199E-03   -2.1835E-04   
3.5215E-03   -1.2554E-03   
3.7365E-03   -7.6054E-04   
5.2569E-03   -7.4386E-05   
4.8757E-03   -2.4665E-04   
6.2157E-03   -2.5210E-04   
6.3191E-03   -5.4576E-05   
6.2808E-03   -1.1461E-04   
6.3560E-03   -3.1708E-05   
4.4141E-03   -4.8008E-04   
5.6781E-03   -6.5486E-04   
6.0703E-03   -4.2987E-04   
6.5114E-03   -5.8858E-05   
6.4561E-03   -2.2063E-04   
6.4629E-03   -1.1427E-04   
6.4363E-03   -1.3818E-04   
3.4575E-03   -1.2133E-03   
2.5975E-03   -1.4289E-03   
5.8897E-03   -7.2992E-05   
5.2399E-03   -8.3141E-04   
3.0052E-03   -1.3266E-03   
3.6863E-03   -9.8258E-04   
3.3834E-03   -1.1734E-03   
5.0118E-03   -3.1178E-04   
5.1846E-03   -1.0764E-04   
4.2509E-03   -1.0537E-03   
5.5525E-03   -8.6255E-05   
6.2585E-03   -1.5423E-04   
6.3384E-03   -7.9103E-05   
5.0647E-03   -2.2770E-04   
4.2027E-03   -6.0336E-04   
5.0541E-03   -1.6405E-04   
3.9763E-03   -6.7751E-04   
6.2032E-03   -2.0295E-04   
5.7581E-03   -5.4099E-04   
4.7925E-03   -4.3853E-04   
4.6917E-03   -9.4600E-04   
3.8056E-03   -8.4057E-04   
3.1817E-03   -1.2293E-03   
3.8892E-03   -1.1141E-03   
4.6637E-03   -4.8562E-04   
6.2125E-03   -4.8668E-05   
5.6309E-03   -6.2592E-04   
6.1057E-03   -3.4041E-04   
4.2971E-03   -9.6587E-04   
4.0381E-03   -8.0657E-04   
4.6313E-03   -5.4224E-04   
4.9851E-03   -4.0779E-04   
4.0414E-03   -1.0225E-03   
3.6017E-03   -1.1220E-03   
5.9534E-03   -8.6940E-05   
5.4970E-03   -6.3824E-04   
5.5684E-03   -1.1397E-04   
5.7792E-03   -9.9991E-05   
3.8206E-03   -1.0728E-03   
5.1836E-03   -1.7868E-04   
5.1986E-03   -1.3766E-04   
5.1369E-03   -2.5765E-04   
3.7720E-03   -8.0344E-04   
3.8968E-03   -9.4292E-04   
5.0903E-03   -3.4171E-04   
4.7539E-03   -8.6614E-04   
4.3837E-03   -6.0530E-04   
4.1663E-03   -6.7331E-04   
4.0185E-03   -8.7179E-04   
4.8359E-03   -5.0975E-04   
4.9651E-03   -4.5830E-04   
4.8800E-03   -9.2719E-04   
5.2110E-03   -2.8526E-04   
3.9671E-03   -9.8319E-04   
6.1251E-03   -7.2428E-05   
5.3652E-03   -1.4293E-04   
5.2541E-03   -2.1071E-04   
5.2219E-03   -7.3792E-04   
5.5067E-03   -1.5218E-04   
4.1545E-03   -7.2917E-04   
4.5208E-03   -6.1301E-04   
5.0096E-03   -4.9477E-04   
4.0994E-03   -8.9877E-04   
5.4550E-03   -1.9052E-04   
5.6201E-03   -5.4564E-04   
5.1765E-03   -3.5964E-04   
5.4081E-03   -2.5725E-04   
5.1235E-03   -8.3166E-04   
5.8652E-03   -1.1360E-04   
4.2861E-03   -7.3958E-04   
4.5107E-03   -6.6667E-04   
6.2013E-03   -8.3450E-05   
5.3484E-03   -3.3429E-04   
5.9776E-03   -1.2274E-04   
4.3171E-03   -8.4450E-04   
5.4938E-03   -2.1729E-04   
5.7649E-03   -1.4595E-04   
5.4812E-03   -2.7756E-04   
4.7058E-03   -6.5319E-04   
5.6088E-03   -1.6043E-04   
4.9344E-03   -5.7279E-04   
5.2678E-03   -4.3597E-04   
5.6410E-03   -2.1955E-04   
5.3550E-03   -4.6737E-04   
4.3931E-03   -8.7723E-04   
5.1161E-03   -5.6026E-04   
4.4661E-03   -7.4679E-04   
4.8861E-03   -6.4388E-04   
5.8134E-03   -1.6599E-04   
6.1750E-03   -1.1172E-04   
5.5023E-03   -4.6338E-04   
5.3059E-03   -5.3872E-04   
5.8699E-03   -1.8426E-04   
4.5465E-03   -7.9354E-04   
4.8021E-03   -7.2874E-04   
5.7705E-03   -2.2202E-04   
5.7205E-03   -4.1157E-04   
5.2882E-03   -6.0088E-04   
6.0687E-03   -1.5147E-04   
5.7628E-03   -2.5129E-04   
5.7079E-03   -4.6667E-04   
6.1585E-03   -1.5806E-04   
5.4942E-03   -5.5147E-04   
5.5543E-03   -2.9692E-04   
5.4217E-03   -3.5972E-04   
5.5189E-03   -3.7953E-04   
5.7627E-03   -3.1843E-04   
