51 
1844 
3.8820E-02   -6.1943E-03   
4.0256E-02   -3.5965E-03   
4.1236E-02   -2.1262E-03   
4.1905E-02   -1.0454E-03   
5.1131E-38   2.0711E-04   
4.2135E-02   0.0000E+00   
4.2309E-02   -3.4169E-35   
4.2405E-02   -9.7040E-36   
4.2701E-02   3.4960E-36   
4.3019E-02   9.4541E-36   
4.3459E-02   2.4178E-35   
4.4031E-02   3.5249E-35   
4.4489E-02   4.2772E-35   
4.5294E-02   6.3531E-35   
4.5910E-02   7.4443E-35   
4.6589E-02   6.2396E-35   
4.6952E-02   9.5530E-35   
4.7724E-02   1.3530E-34   
4.8557E-02   1.8545E-34   
4.9000E-02   -5.8125E-30   
4.9000E-02   -1.3382E-34   
4.9000E-02   -1.3382E-34   
4.9000E-02   -1.3382E-34   
4.9000E-02   -1.3382E-34   
4.9000E-02   -1.3382E-34   
4.9000E-02   -1.3382E-34   
4.9000E-02   -1.3382E-34   
4.9000E-02   -1.3382E-34   
4.9000E-02   -1.3382E-34   
4.9000E-02   -1.3382E-34   
4.9000E-02   -1.3382E-34   
4.9000E-02   -1.3382E-34   
4.7744E-02   -8.0010E-04   
4.6409E-02   -1.4800E-03   
4.5788E-02   -1.7193E-03   
4.5174E-02   -1.9178E-03   
4.3949E-02   -2.2429E-03   
4.3335E-02   -2.3861E-03   
4.2096E-02   -2.6653E-03   
4.1466E-02   -2.8176E-03   
3.9006E-02   -4.0191E-03   
3.0276E-02   -9.8555E-03   
2.2260E-02   -1.4882E-02   
6.6480E-03   -2.6022E-02   
4.1910E-03   -2.8334E-02   
3.7019E-03   -2.8659E-02   
2.7870E-03   -2.8955E-02   
1.8470E-03   -2.9047E-02   
9.1310E-04   -2.9087E-02   
-4.6985E-38   -2.9097E-02   
2.2169E-34   -2.8794E-02   
2.3236E-34   -2.8504E-02   
2.1648E-34   -2.8106E-02   
2.0279E-34   -2.7868E-02   
1.7362E-34   -2.7455E-02   
1.5467E-34   -2.7188E-02   
1.3473E-34   -2.6846E-02   
1.1359E-34   -2.6428E-02   
9.3186E-35   -2.5226E-02   
3.4995E-02   -5.9795E-03   
4.8444E-02   -1.5305E-05   
4.7869E-02   -4.6240E-05   
4.7048E-02   -1.0033E-04   
4.6379E-02   -1.5152E-04   
4.5726E-02   -2.1830E-04   
4.5016E-02   -2.6052E-04   
4.4450E-02   -2.8023E-04   
4.3729E-02   -3.3842E-04   
4.3034E-02   -3.8242E-04   
4.2347E-02   -4.3236E-04   
4.1681E-02   -4.9625E-04   
4.0996E-02   -6.0632E-04   
4.0275E-02   -8.3682E-04   
3.9259E-02   -1.4229E-03   
3.7973E-02   -2.6800E-03   
4.0223E-02   -2.2926E-03   
4.0611E-02   -9.6094E-04   
4.1161E-02   -4.8450E-04   
4.1704E-02   -3.1255E-04   
4.2245E-02   -2.5605E-04   
4.2773E-02   -2.3774E-04   
4.3414E-02   -2.0510E-04   
4.4014E-02   -1.8403E-04   
4.4584E-02   -1.6013E-04   
4.5163E-02   -1.5808E-04   
4.5828E-02   -1.1792E-04   
4.6470E-02   -8.5772E-05   
4.7100E-02   -6.2163E-05   
4.7784E-02   -2.7309E-05   
4.8383E-02   -6.5293E-06   
4.1814E-02   -5.3442E-04   
4.2022E-02   -1.9493E-04   
4.2270E-02   -1.1537E-04   
4.2674E-02   -8.9078E-05   
4.3089E-02   -8.3117E-05   
4.3623E-02   -8.5159E-05   
4.4121E-02   -8.6333E-05   
4.4632E-02   -8.3076E-05   
4.5313E-02   -6.4122E-05   
4.5891E-02   -4.9127E-05   
4.6554E-02   -3.8673E-05   
4.7217E-02   -2.3476E-05   
4.7874E-02   -1.0930E-05   
4.8487E-02   -7.9471E-07   
4.8333E-02   -3.3863E-05   
4.7699E-02   -9.0423E-05   
4.6925E-02   -1.7716E-04   
4.6232E-02   -2.3267E-04   
4.5611E-02   -3.1882E-04   
4.4857E-02   -3.9035E-04   
4.4118E-02   -4.5953E-04   
4.3424E-02   -5.1925E-04   
4.2694E-02   -6.0028E-04   
4.2014E-02   -6.8187E-04   
4.1138E-02   -8.2530E-04   
4.0194E-02   -1.0487E-03   
3.9276E-02   -1.3660E-03   
3.8097E-02   -1.9845E-03   
3.4738E-02   -4.2467E-03   
1.3746E-02   -1.8070E-02   
4.8278E-02   -6.5121E-05   
4.7729E-02   -1.3484E-04   
4.6791E-02   -2.7010E-04   
4.6178E-02   -3.5986E-04   
4.5456E-02   -4.5144E-04   
4.4578E-02   -5.7725E-04   
4.3828E-02   -6.4993E-04   
4.3094E-02   -7.3597E-04   
4.2212E-02   -8.7319E-04   
4.1372E-02   -1.0384E-03   
4.0487E-02   -1.2376E-03   
3.9593E-02   -1.4490E-03   
3.8452E-02   -1.9095E-03   
3.5971E-02   -3.3282E-03   
2.2490E-02   -1.2205E-02   
2.3437E-03   -2.5846E-02   
4.8473E-02   -6.5046E-05   
4.7457E-02   -2.3644E-04   
4.6883E-02   -3.3137E-04   
4.6177E-02   -4.6710E-04   
4.5133E-02   -6.4163E-04   
4.4388E-02   -7.6448E-04   
4.3627E-02   -8.6948E-04   
4.2711E-02   -1.0244E-03   
4.1866E-02   -1.1921E-03   
4.0977E-02   -1.3566E-03   
4.0123E-02   -1.5518E-03   
3.9079E-02   -1.8522E-03   
3.6473E-02   -3.3033E-03   
2.8150E-02   -8.7912E-03   
8.3840E-03   -2.2432E-02   
1.2707E-03   -2.6957E-02   
4.8134E-02   -1.6112E-04   
4.7524E-02   -3.0139E-04   
4.6786E-02   -4.7616E-04   
4.6040E-02   -6.4862E-04   
4.4972E-02   -8.5370E-04   
4.4124E-02   -9.8417E-04   
4.3236E-02   -1.1720E-03   
4.2380E-02   -1.3523E-03   
4.1404E-02   -1.5121E-03   
4.0607E-02   -1.6766E-03   
3.9728E-02   -1.9455E-03   
3.7968E-02   -2.7437E-03   
3.0401E-02   -7.6788E-03   
1.3657E-02   -1.9478E-02   
2.5962E-03   -2.6926E-02   
1.0618E-03   -2.7411E-02   
4.8300E-02   -1.9862E-04   
4.7453E-02   -4.5354E-04   
4.6767E-02   -6.1968E-04   
4.5682E-02   -8.9849E-04   
4.4721E-02   -1.1391E-03   
4.3883E-02   -1.2810E-03   
4.2825E-02   -1.4934E-03   
4.2023E-02   -1.6609E-03   
4.1008E-02   -1.8463E-03   
4.0102E-02   -2.0773E-03   
3.8883E-02   -2.5749E-03   
3.4583E-02   -5.1961E-03   
2.1718E-02   -1.4244E-02   
5.5113E-03   -2.5784E-02   
2.1339E-03   -2.7631E-02   
9.5586E-04   -2.7766E-02   
4.8170E-02   -2.9047E-04   
4.7229E-02   -6.1276E-04   
4.6574E-02   -8.0425E-04   
4.5292E-02   -1.1875E-03   
4.4520E-02   -1.3726E-03   
4.3637E-02   -1.5869E-03   
4.2680E-02   -1.7588E-03   
4.1689E-02   -1.9756E-03   
4.0570E-02   -2.2265E-03   
3.9599E-02   -2.5584E-03   
3.6255E-02   -4.6382E-03   
2.7479E-02   -1.0706E-02   
9.0997E-03   -2.4155E-02   
3.7573E-03   -2.7465E-02   
2.0205E-03   -2.8063E-02   
1.0080E-03   -2.8095E-02   
4.8208E-02   -3.8806E-04   
4.7388E-02   -7.4666E-04   
4.6303E-02   -1.1059E-03   
4.5350E-02   -1.4339E-03   
4.4336E-02   -1.6110E-03   
4.3339E-02   -1.8296E-03   
4.2376E-02   -2.0622E-03   
4.1401E-02   -2.3036E-03   
4.0401E-02   -2.5277E-03   
3.7565E-02   -4.0623E-03   
2.9477E-02   -9.6622E-03   
1.4310E-02   -2.0903E-02   
5.2359E-03   -2.7135E-02   
3.0208E-03   -2.8272E-02   
1.9657E-03   -2.8392E-02   
1.0930E-03   -2.8410E-02   
4.7873E-02   -6.8029E-04   
4.6907E-02   -1.1654E-03   
4.6126E-02   -1.3997E-03   
4.4861E-02   -1.7686E-03   
4.4078E-02   -1.9517E-03   
4.2973E-02   -2.2018E-03   
4.1991E-02   -2.4473E-03   
4.1120E-02   -2.6272E-03   
3.9376E-02   -3.4061E-03   
3.3017E-02   -7.3344E-03   
2.2689E-02   -1.4617E-02   
7.6274E-03   -2.5924E-02   
4.1198E-03   -2.8325E-02   
2.9300E-03   -2.8617E-02   
1.9558E-03   -2.8709E-02   
8.8045E-04   -2.8807E-02   
1.1186E-02   -3.9592E-04   
2.0961E-02   -1.8228E-03   
2.9463E-02   -3.4039E-03   
3.4148E-02   -4.9310E-03   
3.6573E-02   -6.0185E-03   
3.7819E-02   -6.5622E-03   
3.8390E-02   -6.4215E-03   
3.9104E-02   -5.8496E-03   
3.9308E-02   -5.4528E-03   
3.9486E-02   -5.0709E-03   
3.9653E-02   -4.7206E-03   
3.9813E-02   -4.4015E-03   
3.9966E-02   -4.1099E-03   
4.0114E-02   -3.8426E-03   
4.0393E-02   -3.3693E-03   
4.0526E-02   -3.1584E-03   
4.0655E-02   -2.9616E-03   
4.0780E-02   -2.7774E-03   
4.0901E-02   -2.6030E-03   
4.1017E-02   -2.4370E-03   
4.1129E-02   -2.2784E-03   
4.1339E-02   -1.9793E-03   
4.1437E-02   -1.8367E-03   
4.1529E-02   -1.6978E-03   
4.1616E-02   -1.5620E-03   
4.1697E-02   -1.4290E-03   
4.1772E-02   -1.2985E-03   
4.1841E-02   -1.1705E-03   
4.1961E-02   -9.1988E-04   
4.2011E-02   -7.9407E-04   
4.2052E-02   -6.6741E-04   
4.2081E-02   -5.3596E-04   
4.2116E-02   -4.0681E-04   
4.2125E-02   -2.7394E-04   
4.2143E-02   -1.3942E-04   
4.2209E-02   -1.1250E-34   
4.2246E-02   -1.1420E-34   
4.2270E-02   -8.8731E-35   
4.2286E-02   -5.0773E-35   
4.2299E-02   -4.1571E-35   
4.2320E-02   -2.7805E-35   
4.2333E-02   -2.2292E-35   
4.2351E-02   -1.7514E-35   
4.2374E-02   -1.3352E-35   
4.2444E-02   -6.4910E-36   
4.2492E-02   -3.6542E-36   
4.2551E-02   -1.1271E-36   
4.2620E-02   1.2234E-36   
4.2794E-02   5.5583E-36   
4.2900E-02   7.5494E-36   
4.3151E-02   1.1448E-35   
4.3298E-02   1.3409E-35   
4.3635E-02   2.5812E-35   
4.3825E-02   1.9870E-35   
4.4252E-02   3.7784E-35   
4.4741E-02   4.8571E-35   
4.5010E-02   5.4232E-35   
4.5594E-02   6.3664E-35   
4.6242E-02   8.2279E-35   
4.7330E-02   1.1560E-34   
4.8132E-02   1.1460E-34   
4.9000E-02   -1.3382E-34   
4.9000E-02   -1.3382E-34   
4.9000E-02   -1.3382E-34   
4.9000E-02   -1.3382E-34   
4.9000E-02   -1.3382E-34   
4.7053E-02   -1.1842E-03   
4.4561E-02   -2.0889E-03   
4.2717E-02   -2.5248E-03   
4.0762E-02   -3.0326E-03   
3.5796E-02   -6.0547E-03   
1.2999E-02   -2.1396E-02   
4.8449E-03   -2.7613E-02   
3.2476E-03   -2.8856E-02   
2.3179E-03   -2.9010E-02   
1.3777E-03   -2.9071E-02   
4.5399E-04   -2.9096E-02   
1.6458E-34   -2.8944E-02   
2.3009E-34   -2.8647E-02   
2.2453E-34   -2.8366E-02   
3.2626E-34   -2.8233E-02   
3.2553E-34   -2.7984E-02   
1.9668E-34   -2.7757E-02   
1.8995E-34   -2.7652E-02   
1.8139E-34   -2.7551E-02   
1.6703E-34   -2.7363E-02   
1.6061E-34   -2.7274E-02   
1.4953E-34   -2.7103E-02   
1.4451E-34   -2.7017E-02   
1.3931E-34   -2.6931E-02   
1.3075E-34   -2.6761E-02   
1.2671E-34   -2.6677E-02   
1.2235E-34   -2.6593E-02   
1.1789E-34   -2.6511E-02   
1.0990E-34   -2.6334E-02   
1.0637E-34   -2.6219E-02   
1.0324E-34   -2.6073E-02   
1.0013E-34   -2.5879E-02   
9.6679E-35   -2.5613E-02   
8.9439E-35   -2.4641E-02   
8.5435E-35   -2.3747E-02   
8.1303E-35   -2.2407E-02   
7.7402E-35   -2.0492E-02   
7.3624E-35   -1.7864E-02   
1.0665E-34   -1.4317E-02   
9.6246E-35   -1.0092E-02   
7.0159E-35   -5.0732E-03   
3.9278E-02   -4.7533E-03   
4.0450E-02   -2.9245E-03   
4.0856E-02   -2.3899E-03   
3.9654E-02   -4.1126E-03   
4.1796E-02   -1.1401E-03   
3.8619E-02   -5.9594E-03   
3.2011E-02   -6.1531E-03   
4.1536E-02   -1.5183E-03   
4.2050E-02   -6.6621E-04   
4.1221E-02   -1.9299E-03   
3.9994E-02   -3.5784E-03   
4.1937E-02   -9.0050E-04   
4.0153E-02   -3.3436E-03   
3.8301E-02   -6.3441E-03   
4.1106E-02   -2.0770E-03   
4.1629E-02   -1.3892E-03   
4.2179E-02   -1.9358E-04   
1.4869E-02   -5.0589E-03   
3.7839E-02   -6.6195E-03   
4.0590E-02   -2.7363E-03   
4.0724E-02   -2.5582E-03   
4.1870E-02   -1.0196E-03   
3.5604E-02   -6.5407E-03   
4.2095E-02   -5.4549E-04   
2.4795E-02   -6.0957E-03   
3.7249E-02   -6.8134E-03   
4.1716E-02   -1.2632E-03   
4.1997E-02   -7.8262E-04   
3.8861E-02   -5.5303E-03   
4.1437E-02   -1.6512E-03   
4.1332E-02   -1.7883E-03   
3.9828E-02   -3.8340E-03   
3.9075E-02   -5.1237E-03   
3.9471E-02   -4.4180E-03   
4.0305E-02   -3.1265E-03   
4.0984E-02   -2.2300E-03   
8.0733E-03   -1.5866E-02   
6.4926E-03   -1.8743E-02   
5.0126E-03   -2.1019E-02   
3.7120E-03   -2.2709E-02   
2.6517E-03   -2.3893E-02   
1.8667E-03   -2.4701E-02   
1.3222E-03   -2.5250E-02   
9.6068E-04   -2.5625E-02   
7.2247E-04   -2.5890E-02   
4.2251E-02   -1.0053E-04   
5.6144E-04   -2.6082E-02   
4.2270E-02   -8.2833E-05   
4.4714E-04   -2.6228E-02   
4.2283E-02   -6.9397E-05   
3.6412E-04   -2.6344E-02   
4.2294E-02   -5.8022E-05   
3.0676E-04   -2.6441E-02   
4.2304E-02   -4.8681E-05   
2.7059E-04   -2.6531E-02   
4.2315E-02   -4.1006E-05   
2.4861E-04   -2.6619E-02   
4.2331E-02   -3.4811E-05   
2.3480E-04   -2.6708E-02   
4.2351E-02   -2.9931E-05   
2.2897E-04   -2.6797E-02   
4.2378E-02   -2.6190E-05   
2.2882E-04   -2.6883E-02   
4.2413E-02   -2.3411E-05   
2.3167E-04   -2.6970E-02   
4.2456E-02   -2.1488E-05   
2.3193E-04   -2.7056E-02   
4.2510E-02   -2.0317E-05   
2.3222E-04   -2.7142E-02   
4.2574E-02   -1.9749E-05   
2.3647E-04   -2.7229E-02   
4.2650E-02   -1.9603E-05   
2.4514E-04   -2.7318E-02   
4.2737E-02   -1.9652E-05   
2.5519E-04   -2.7409E-02   
4.2836E-02   -2.0353E-05   
2.6480E-04   -2.7502E-02   
4.2948E-02   -2.1293E-05   
2.7497E-04   -2.7600E-02   
4.3072E-02   -2.2718E-05   
2.8858E-04   -2.7701E-02   
4.3210E-02   -2.4033E-05   
3.0472E-04   -2.7807E-02   
4.3364E-02   -2.5029E-05   
3.1461E-04   -2.7919E-02   
4.3532E-02   -2.6065E-05   
3.2472E-04   -2.8037E-02   
4.3717E-02   -2.6932E-05   
3.5015E-04   -2.8161E-02   
4.3919E-02   -2.7272E-05   
3.6638E-04   -2.8294E-02   
4.4132E-02   -2.6428E-05   
3.7107E-04   -2.8433E-02   
4.4357E-02   -2.7598E-05   
3.8778E-04   -2.8576E-02   
4.4600E-02   -2.7367E-05   
4.1374E-04   -2.8728E-02   
3.9711E-02   -3.5702E-03   
4.1215E-02   -1.7443E-03   
4.1648E-02   -1.2289E-03   
3.8877E-02   -4.8060E-03   
4.2178E-02   -2.8944E-04   
2.7422E-02   -8.5932E-03   
4.0528E-02   -2.5194E-03   
4.2088E-02   -5.4609E-04   
3.6224E-02   -7.2940E-03   
3.8111E-02   -6.0956E-03   
3.7755E-02   -6.5219E-03   
4.0960E-02   -2.0327E-03   
4.0067E-02   -3.1013E-03   
4.1901E-02   -8.8050E-04   
4.1971E-02   -7.6863E-04   
4.0229E-02   -2.8933E-03   
4.0820E-02   -2.1856E-03   
4.1740E-02   -1.1101E-03   
4.1550E-02   -1.3512E-03   
3.9103E-02   -4.4511E-03   
3.8386E-02   -5.6323E-03   
1.8985E-02   -9.4621E-03   
3.9317E-02   -4.1295E-03   
4.0379E-02   -2.7038E-03   
4.0673E-02   -2.3468E-03   
4.1824E-02   -9.9423E-04   
4.2033E-02   -6.5779E-04   
3.9519E-02   -3.8372E-03   
4.1333E-02   -1.6084E-03   
3.7248E-02   -6.8459E-03   
3.8639E-02   -5.1990E-03   
4.1444E-02   -1.4776E-03   
4.2138E-02   -4.2786E-04   
3.3261E-02   -7.6747E-03   
4.1091E-02   -1.8860E-03   
3.9894E-02   -3.3262E-03   
8.9870E-03   -1.2215E-02   
1.4339E-02   -1.5873E-02   
1.1863E-02   -1.8382E-02   
9.2516E-03   -2.0481E-02   
6.8565E-03   -2.2116E-02   
4.9933E-03   -2.3335E-02   
3.6143E-03   -2.4232E-02   
2.6220E-03   -2.4885E-02   
4.2223E-02   -1.3215E-04   
1.9216E-03   -2.5355E-02   
1.4328E-03   -2.5693E-02   
4.2237E-02   -1.7760E-04   
1.0933E-03   -2.5941E-02   
4.2250E-02   -1.5164E-04   
8.5895E-04   -2.6129E-02   
4.2260E-02   -1.2642E-04   
7.0070E-04   -2.6279E-02   
4.2268E-02   -1.0598E-04   
5.9931E-04   -2.6404E-02   
4.2278E-02   -8.9347E-05   
5.3913E-04   -2.6515E-02   
4.2290E-02   -7.5731E-05   
5.0593E-04   -2.6617E-02   
4.2308E-02   -6.4846E-05   
4.8454E-04   -2.6718E-02   
4.2331E-02   -5.6449E-05   
4.7301E-04   -2.6815E-02   
4.2361E-02   -5.0165E-05   
4.6929E-04   -2.6907E-02   
4.2401E-02   -4.5497E-05   
4.6713E-04   -2.6994E-02   
4.2450E-02   -4.2489E-05   
4.6862E-04   -2.7081E-02   
4.2509E-02   -4.0970E-05   
4.7412E-04   -2.7171E-02   
4.2579E-02   -4.0505E-05   
4.8629E-04   -2.7264E-02   
4.2663E-02   -4.0218E-05   
5.0157E-04   -2.7357E-02   
4.2757E-02   -4.0018E-05   
5.1956E-04   -2.7450E-02   
4.2858E-02   -4.2439E-05   
5.3648E-04   -2.7545E-02   
4.2973E-02   -4.4184E-05   
5.5099E-04   -2.7642E-02   
4.3100E-02   -4.8319E-05   
5.8838E-04   -2.7741E-02   
4.3247E-02   -5.0067E-05   
6.2369E-04   -2.7850E-02   
4.3409E-02   -5.1863E-05   
6.2825E-04   -2.7965E-02   
4.3585E-02   -5.3892E-05   
6.6122E-04   -2.8079E-02   
4.3786E-02   -5.5340E-05   
7.5935E-04   -2.8209E-02   
4.4006E-02   -5.4875E-05   
7.3641E-04   -2.8356E-02   
4.4212E-02   -5.0598E-05   
7.5428E-04   -2.8494E-02   
4.4430E-02   -6.0750E-05   
7.9795E-04   -2.8638E-02   
4.4860E-02   -2.8824E-05   
4.0472E-02   -2.3098E-03   
4.0639E-02   -2.1430E-03   
3.9999E-02   -2.8755E-03   
4.0799E-02   -1.9922E-03   
3.9814E-02   -3.0867E-03   
3.7559E-02   -6.2656E-03   
3.7884E-02   -5.7637E-03   
3.8182E-02   -5.3000E-03   
3.8457E-02   -4.8809E-03   
3.8716E-02   -4.5041E-03   
3.7131E-02   -6.7414E-03   
3.8960E-02   -4.1633E-03   
3.9617E-02   -3.3193E-03   
4.0946E-02   -1.8471E-03   
3.9191E-02   -3.8547E-03   
3.9410E-02   -3.5746E-03   
3.6104E-02   -7.3373E-03   
4.1085E-02   -1.7057E-03   
4.1855E-02   -8.6024E-04   
4.1935E-02   -7.5357E-04   
4.2005E-02   -6.4978E-04   
4.1768E-02   -9.6943E-04   
3.3666E-02   -8.5394E-03   
4.1217E-02   -1.5701E-03   
4.1672E-02   -1.0812E-03   
4.1459E-02   -1.3158E-03   
4.1341E-02   -1.4403E-03   
4.1569E-02   -1.1966E-03   
2.8355E-02   -1.0012E-02   
2.3438E-02   -1.0916E-02   
4.2068E-02   -5.4618E-04   
4.2125E-02   -4.3961E-04   
4.2175E-02   -3.3047E-04   
1.6704E-02   -1.3312E-02   
1.6680E-02   -1.7138E-02   
1.2833E-02   -1.9203E-02   
9.8175E-03   -2.0886E-02   
7.4562E-03   -2.2227E-02   
5.6131E-03   -2.3292E-02   
4.1941E-03   -2.4123E-02   
4.2216E-02   -2.1317E-04   
3.1276E-03   -2.4762E-02   
2.3466E-03   -2.5247E-02   
4.2197E-02   -2.5592E-04   
1.7871E-03   -2.5616E-02   
4.2209E-02   -2.0797E-04   
1.3971E-03   -2.5902E-02   
4.2216E-02   -1.7377E-04   
1.1327E-03   -2.6128E-02   
4.2223E-02   -1.4644E-04   
9.6033E-04   -2.6310E-02   
4.2232E-02   -1.2435E-04   
8.6404E-04   -2.6453E-02   
4.2246E-02   -1.0604E-04   
8.2508E-04   -2.6572E-02   
4.2266E-02   -9.1966E-05   
7.8149E-04   -2.6695E-02   
4.2291E-02   -8.1688E-05   
7.4564E-04   -2.6810E-02   
4.2326E-02   -7.3610E-05   
7.2163E-04   -2.6908E-02   
4.2371E-02   -6.7685E-05   
7.1507E-04   -2.7001E-02   
4.2424E-02   -6.4777E-05   
7.2253E-04   -2.7094E-02   
4.2489E-02   -6.3861E-05   
7.3804E-04   -2.7192E-02   
4.2568E-02   -6.3340E-05   
7.5304E-04   -2.7290E-02   
4.2665E-02   -6.2480E-05   
7.7029E-04   -2.7388E-02   
4.2764E-02   -5.9878E-05   
7.9162E-04   -2.7488E-02   
4.2850E-02   -6.9536E-05   
8.0402E-04   -2.7588E-02   
7.9369E-04   -2.7676E-02   
9.4337E-04   -2.7901E-02   
4.3428E-02   -8.1486E-05   
1.0760E-03   -2.8287E-02   
1.1353E-03   -2.8540E-02   
4.3846E-02   -8.6608E-05   
4.5150E-02   -3.0309E-05   
4.2037E-02   -5.4644E-04   
4.2100E-02   -4.4827E-04   
4.2158E-02   -3.4727E-04   
4.0123E-02   -2.5087E-03   
3.9952E-02   -2.6641E-03   
3.6897E-02   -6.4875E-03   
3.5879E-02   -7.2612E-03   
3.8316E-02   -4.5791E-03   
3.7322E-02   -5.9292E-03   
3.8591E-02   -4.2163E-03   
3.7686E-02   -5.4309E-03   
3.9756E-02   -2.8598E-03   
4.0793E-02   -1.8155E-03   
3.8015E-02   -4.9825E-03   
4.1800E-02   -8.3948E-04   
4.1701E-02   -9.4523E-04   
3.8849E-02   -3.8890E-03   
3.9094E-02   -3.5927E-03   
4.1357E-02   -1.2838E-03   
4.1480E-02   -1.1665E-03   
4.1891E-02   -7.3584E-04   
3.3012E-02   -8.7881E-03   
4.1970E-02   -6.3998E-04   
3.9547E-02   -3.0806E-03   
4.1227E-02   -1.4073E-03   
3.9327E-02   -3.3244E-03   
4.1595E-02   -1.0540E-03   
4.0945E-02   -1.6733E-03   
4.1089E-02   -1.5373E-03   
1.9646E-02   -1.5580E-02   
1.5892E-02   -1.7601E-02   
1.2819E-02   -1.9248E-02   
1.0216E-02   -2.0671E-02   
8.0264E-03   -2.1894E-02   
6.2324E-03   -2.2927E-02   
4.8045E-03   -2.3779E-02   
3.6977E-03   -2.4468E-02   
4.2200E-02   -2.6382E-04   
4.2144E-02   -3.0271E-04   
2.8675E-03   -2.5021E-02   
4.2149E-02   -2.5476E-04   
2.2566E-03   -2.5464E-02   
4.2154E-02   -2.1386E-04   
1.8124E-03   -2.5818E-02   
4.2159E-02   -1.8179E-04   
1.5036E-03   -2.6095E-02   
4.2168E-02   -1.5589E-04   
1.3218E-03   -2.6299E-02   
4.2185E-02   -1.3338E-04   
1.2973E-03   -2.6431E-02   
4.2205E-02   -1.1901E-04   
1.1448E-03   -2.6619E-02   
4.2231E-02   -1.0777E-04   
1.0608E-03   -2.6754E-02   
4.2273E-02   -9.7944E-05   
1.0108E-03   -2.6882E-02   
4.2324E-02   -9.1311E-05   
1.0122E-03   -2.7088E-02   
1.0666E-03   -2.7644E-02   
4.2447E-02   -9.0588E-05   
1.0339E-03   -2.7190E-02   
1.0442E-03   -2.7299E-02   
1.0852E-03   -2.7528E-02   
4.2985E-02   -6.6907E-05   
4.3281E-02   -7.5554E-05   
4.3432E-02   -1.1718E-04   
4.2544E-02   -9.0116E-05   
1.4954E-03   -2.8443E-02   
4.3647E-02   -1.2040E-04   
1.1184E-03   -2.8186E-02   
4.2767E-02   -1.0116E-04   
1.2974E-03   -2.7841E-02   
4.2128E-02   -3.6499E-04   
4.2061E-02   -4.6291E-04   
4.2000E-02   -5.4933E-04   
4.0486E-02   -1.9243E-03   
4.0456E-02   -2.1030E-03   
4.0629E-02   -1.7916E-03   
3.9732E-02   -2.6440E-03   
4.1837E-02   -7.1888E-04   
3.6650E-02   -6.1338E-03   
4.1931E-02   -6.1925E-04   
3.5632E-02   -6.9872E-03   
3.2828E-02   -8.6928E-03   
3.7139E-02   -5.5868E-03   
3.8209E-02   -4.2921E-03   
3.7891E-02   -4.6834E-03   
3.9503E-02   -2.8534E-03   
3.7539E-02   -5.1115E-03   
3.8500E-02   -3.9416E-03   
4.0793E-02   -1.6480E-03   
4.1380E-02   -1.1394E-03   
4.1735E-02   -8.2043E-04   
3.8769E-02   -3.6270E-03   
4.1507E-02   -1.0290E-03   
4.1625E-02   -9.2318E-04   
4.1244E-02   -1.2562E-03   
3.9026E-02   -3.3427E-03   
3.9270E-02   -3.0861E-03   
4.1101E-02   -1.3797E-03   
4.0950E-02   -1.5106E-03   
2.4640E-02   -1.3108E-02   
2.1904E-02   -1.4317E-02   
1.8853E-02   -1.5820E-02   
1.5971E-02   -1.7319E-02   
1.3308E-02   -1.8748E-02   
1.0927E-02   -2.0081E-02   
8.8571E-03   -2.1286E-02   
7.1026E-03   -2.2344E-02   
5.6741E-03   -2.3257E-02   
4.2063E-02   -3.5809E-04   
4.5369E-03   -2.4024E-02   
4.2073E-02   -2.9284E-04   
3.6518E-03   -2.4655E-02   
2.9517E-03   -2.5185E-02   
4.2074E-02   -2.4895E-04   
4.2076E-02   -2.1484E-04   
2.3674E-03   -2.5640E-02   
4.2077E-02   -1.8779E-04   
1.7366E-03   -2.6282E-02   
4.2109E-02   -1.5312E-04   
1.6159E-03   -2.6435E-02   
4.2208E-02   -1.2415E-04   
4.2155E-02   -1.3538E-04   
1.5005E-03   -2.6628E-02   
1.4075E-03   -2.7011E-02   
9.8781E-04   -2.6993E-02   
1.3867E-03   -2.7151E-02   
1.3961E-03   -2.7281E-02   
1.3824E-03   -2.8229E-02   
1.3538E-03   -2.8114E-02   
1.4186E-03   -2.7417E-02   
4.2390E-02   -1.2317E-04   
4.2907E-02   -9.2553E-05   
4.2618E-02   -1.2851E-04   
4.3219E-02   -1.1066E-04   
4.2499E-02   -1.2317E-04   
4.2378E-02   -9.0637E-05   
1.4531E-03   -2.7561E-02   
1.2542E-03   -2.7985E-02   
1.3510E-03   -2.7712E-02   
4.3873E-02   -1.2263E-04   
1.4375E-03   -2.8573E-02   
1.3454E-03   -2.8333E-02   
4.3431E-02   -1.5787E-04   
4.0266E-02   -2.0134E-03   
4.2081E-02   -3.9363E-04   
4.1876E-02   -6.0791E-04   
3.6513E-02   -5.7686E-03   
4.1769E-02   -7.0764E-04   
3.5556E-02   -6.5233E-03   
2.8811E-02   -1.0683E-02   
3.9484E-02   -2.6331E-03   
3.7800E-02   -4.3973E-03   
3.7432E-02   -4.8159E-03   
3.7029E-02   -5.2643E-03   
4.0629E-02   -1.6372E-03   
3.8133E-02   -4.0175E-03   
4.1409E-02   -1.0070E-03   
3.8437E-02   -3.6781E-03   
4.1538E-02   -9.0365E-04   
4.1658E-02   -8.0459E-04   
4.1269E-02   -1.1168E-03   
3.8718E-02   -3.3758E-03   
3.9238E-02   -2.8580E-03   
4.0800E-02   -1.4925E-03   
4.1121E-02   -1.2339E-03   
3.8985E-02   -3.1041E-03   
4.0965E-02   -1.3591E-03   
2.7323E-02   -1.1248E-02   
2.4776E-02   -1.2380E-02   
3.9990E-02   -2.2247E-03   
2.2087E-02   -1.3724E-02   
3.9734E-02   -2.4235E-03   
1.9356E-02   -1.5124E-02   
1.6757E-02   -1.6530E-02   
1.4320E-02   -1.7903E-02   
1.2073E-02   -1.9211E-02   
1.0092E-02   -2.0439E-02   
8.3772E-03   -2.1541E-02   
2.7983E-03   -2.5658E-02   
4.1985E-02   -3.7699E-04   
6.9454E-03   -2.2500E-02   
5.7588E-03   -2.3333E-02   
4.1984E-02   -3.2498E-04   
4.7192E-03   -2.4100E-02   
4.1978E-02   -2.8329E-04   
4.1972E-02   -2.5118E-04   
1.9883E-03   -2.5958E-02   
4.2018E-02   -1.8063E-04   
2.4788E-03   -2.6019E-02   
1.7524E-03   -2.6733E-02   
4.2785E-02   -1.3282E-04   
4.2427E-02   -1.6382E-04   
4.2137E-02   -1.5434E-04   
1.8632E-03   -2.7036E-02   
4.2067E-02   -1.6561E-04   
1.8825E-03   -2.7189E-02   
1.3676E-03   -2.6819E-02   
1.6707E-03   -2.8295E-02   
1.8630E-03   -2.7341E-02   
4.2994E-02   -1.2588E-04   
1.6606E-03   -2.7780E-02   
1.6253E-03   -2.7908E-02   
4.2289E-02   -1.2618E-04   
1.7017E-03   -2.8158E-02   
1.8875E-03   -2.6875E-02   
4.2319E-02   -1.6135E-04   
4.3653E-02   -1.6061E-04   
4.3228E-02   -1.5275E-04   
4.1896E-02   -5.2027E-04   
4.1796E-02   -6.1142E-04   
4.1991E-02   -4.8815E-04   
3.3616E-02   -7.3611E-03   
3.6529E-02   -5.4317E-03   
4.0447E-02   -1.6354E-03   
3.7352E-02   -4.5345E-03   
4.1687E-02   -7.0147E-04   
3.6923E-02   -4.9898E-03   
3.7738E-02   -4.1219E-03   
2.5664E-02   -1.2494E-02   
3.8086E-02   -3.7537E-03   
3.9230E-02   -2.6392E-03   
4.1301E-02   -9.8907E-04   
4.1569E-02   -7.9327E-04   
4.1441E-02   -8.8838E-04   
4.0637E-02   -1.4838E-03   
3.8404E-02   -3.4264E-03   
4.1149E-02   -1.0993E-03   
3.8694E-02   -3.1362E-03   
3.8968E-02   -2.8760E-03   
4.0817E-02   -1.3456E-03   
4.0987E-02   -1.2182E-03   
3.9491E-02   -2.4185E-03   
3.0084E-02   -9.3167E-03   
2.7820E-02   -1.0372E-02   
2.5250E-02   -1.1604E-02   
3.2657E-02   -8.3234E-03   
2.2813E-02   -1.2857E-02   
3.9752E-02   -2.2100E-03   
4.0010E-02   -2.0089E-03   
2.0422E-02   -1.4136E-02   
4.1969E-02   -4.3802E-04   
4.0244E-02   -1.8149E-03   
1.8067E-02   -1.5439E-02   
1.5844E-02   -1.6773E-02   
1.1842E-02   -1.9293E-02   
4.1892E-02   -4.0628E-04   
1.0180E-02   -2.0410E-02   
8.7715E-03   -2.1406E-02   
4.1875E-02   -3.6158E-04   
4.1863E-02   -3.2069E-04   
4.7109E-03   -2.4311E-02   
2.2154E-03   -2.6332E-02   
4.1906E-02   -2.1556E-04   
4.2223E-02   -1.6206E-04   
2.5484E-03   -2.6778E-02   
3.5479E-03   -2.4971E-02   
4.2545E-02   -1.7071E-04   
4.6809E-03   -2.4483E-02   
4.2227E-02   -2.0652E-04   
2.0196E-03   -2.6692E-02   
1.9905E-03   -2.7840E-02   
2.5384E-03   -2.6609E-02   
1.9293E-03   -2.7442E-02   
4.2141E-02   -1.6796E-04   
4.3060E-02   -1.4964E-04   
4.1952E-02   -2.0442E-04   
1.7581E-03   -2.7620E-02   
1.6461E-03   -2.8032E-02   
4.3199E-02   -1.9918E-04   
4.3864E-02   -1.6040E-04   
1.7751E-03   -2.8549E-02   
2.1249E-03   -2.8214E-02   
4.2945E-02   -1.0667E-04   
4.1709E-02   -6.1593E-04   
3.6228E-02   -5.2828E-03   
3.9244E-02   -2.4297E-03   
3.6845E-02   -4.7126E-03   
3.7306E-02   -4.2571E-03   
4.1596E-02   -7.0125E-04   
3.7707E-02   -3.8564E-03   
4.0461E-02   -1.4844E-03   
4.1338E-02   -8.7451E-04   
4.1475E-02   -7.8598E-04   
3.8068E-02   -3.5010E-03   
4.1184E-02   -9.7620E-04   
3.8974E-02   -2.6584E-03   
3.8397E-02   -3.1861E-03   
4.0657E-02   -1.3406E-03   
3.8696E-02   -2.9075E-03   
4.1019E-02   -1.0879E-03   
4.0843E-02   -1.2094E-03   
3.2797E-02   -7.5322E-03   
3.0041E-02   -8.7817E-03   
4.1899E-02   -4.5638E-04   
2.8102E-02   -9.6909E-03   
4.0023E-02   -1.8215E-03   
3.9513E-02   -2.2147E-03   
4.0251E-02   -1.6444E-03   
2.6132E-02   -1.0650E-02   
2.4054E-02   -1.1704E-02   
3.9775E-02   -2.0125E-03   
2.2016E-02   -1.2869E-02   
1.9969E-02   -1.4061E-02   
1.7979E-02   -1.5276E-02   
4.1852E-02   -2.8926E-04   
1.6145E-02   -1.6451E-02   
7.3928E-03   -2.2401E-02   
1.4604E-02   -1.7476E-02   
4.1764E-02   -4.5714E-04   
4.2048E-02   -2.0486E-04   
4.1747E-02   -4.0202E-04   
4.2495E-03   -2.4910E-02   
2.8084E-03   -2.6151E-02   
4.1870E-02   -2.3327E-04   
5.6008E-03   -2.3781E-02   
4.1995E-02   -2.0362E-04   
3.8146E-03   -2.5844E-02   
2.3726E-03   -2.7342E-02   
2.6981E-03   -2.6359E-02   
2.3286E-03   -2.7219E-02   
4.1769E-02   -2.5999E-04   
4.2836E-02   -1.7668E-04   
2.5927E-03   -2.7615E-02   
4.3011E-02   -1.9130E-04   
1.9190E-03   -2.7957E-02   
4.3154E-02   -2.5312E-04   
2.2184E-03   -2.8513E-02   
4.3678E-02   -2.0883E-04   
4.4095E-02   -1.3292E-04   
2.4507E-03   -2.8345E-02   
4.2637E-02   -1.8677E-04   
4.1727E-02   -5.4103E-04   
3.5598E-02   -6.0445E-03   
3.6282E-02   -4.9117E-03   
3.6827E-02   -4.4194E-03   
3.8999E-02   -2.4526E-03   
3.7292E-02   -3.9863E-03   
4.1509E-02   -7.0564E-04   
4.1387E-02   -7.6952E-04   
3.7706E-02   -3.6017E-03   
3.3117E-02   -6.9823E-03   
4.1229E-02   -8.6219E-04   
4.0487E-02   -1.3424E-03   
3.8079E-02   -3.2599E-03   
3.8718E-02   -2.6909E-03   
4.1059E-02   -9.6744E-04   
3.8416E-02   -2.9575E-03   
4.0688E-02   -1.2064E-03   
4.0878E-02   -1.0819E-03   
3.2076E-02   -7.3385E-03   
3.9274E-02   -2.2315E-03   
4.0046E-02   -1.6545E-03   
4.0274E-02   -1.4915E-03   
3.0739E-02   -7.8722E-03   
3.9802E-02   -1.8330E-03   
2.9085E-02   -8.6107E-03   
2.7484E-02   -9.4634E-03   
3.9543E-02   -2.0252E-03   
4.1821E-02   -4.7756E-04   
2.2446E-02   -1.2309E-02   
2.5804E-02   -1.0350E-02   
4.1730E-02   -3.6301E-04   
2.4114E-02   -1.1305E-02   
4.1958E-02   -2.3431E-04   
9.0524E-03   -2.1392E-02   
1.3358E-02   -1.8324E-02   
8.4986E-03   -2.1838E-02   
2.0982E-02   -1.3224E-02   
4.1624E-02   -4.9144E-04   
4.1810E-02   -2.5374E-04   
4.1734E-02   -2.7432E-04   
7.1755E-03   -2.2846E-02   
4.4719E-03   -2.5258E-02   
3.1725E-03   -2.6746E-02   
4.2958E-02   -2.4522E-04   
4.1858E-02   -2.5340E-04   
4.9801E-03   -2.4738E-02   
4.2439E-02   -2.2176E-04   
2.9351E-03   -2.7247E-02   
4.2560E-02   -2.3964E-04   
2.3416E-03   -2.7910E-02   
4.1147E-03   -2.5167E-02   
4.3375E-02   -2.6011E-04   
4.2128E-02   -2.0506E-04   
4.4360E-02   -1.0348E-04   
2.6475E-03   -2.8186E-02   
3.4575E-02   -5.9407E-03   
4.1608E-02   -6.2671E-04   
3.6283E-02   -4.6122E-03   
3.6842E-02   -4.1386E-03   
3.7317E-02   -3.7258E-03   
3.8757E-02   -2.4867E-03   
4.1472E-02   -6.5714E-04   
3.5587E-02   -5.4290E-03   
4.1287E-02   -7.5335E-04   
3.9039E-02   -2.2583E-03   
3.7739E-02   -3.3568E-03   
4.1107E-02   -8.5594E-04   
3.8118E-02   -3.0277E-03   
3.8456E-02   -2.7396E-03   
4.0522E-02   -1.2091E-03   
4.0922E-02   -9.6326E-04   
4.0726E-02   -1.0800E-03   
3.4144E-02   -5.8702E-03   
3.9837E-02   -1.6694E-03   
4.0307E-02   -1.3501E-03   
4.0079E-02   -1.5031E-03   
4.1853E-02   -2.5795E-04   
3.2662E-02   -6.4674E-03   
3.9313E-02   -2.0468E-03   
3.1588E-02   -6.9705E-03   
3.9580E-02   -1.8507E-03   
4.1603E-02   -4.4630E-04   
2.7827E-02   -8.8478E-03   
3.0384E-02   -7.5035E-03   
2.6581E-02   -9.5653E-03   
2.9126E-02   -8.1326E-03   
1.3895E-02   -1.8142E-02   
4.1621E-02   -5.5434E-04   
4.1711E-02   -3.3480E-04   
1.9752E-02   -1.4022E-02   
4.2122E-02   -1.5583E-04   
9.4379E-03   -2.1525E-02   
4.1708E-02   -2.9589E-04   
4.2010E-02   -2.5732E-04   
4.1923E-02   -2.5494E-04   
4.1653E-02   -3.1065E-04   
4.1611E-02   -3.1408E-04   
4.2287E-02   -2.8204E-04   
4.1577E-02   -3.2436E-04   
5.4156E-03   -2.4359E-02   
7.7018E-03   -2.3067E-02   
1.2605E-02   -1.8955E-02   
1.4219E-02   -1.7836E-02   
4.7248E-03   -2.5554E-02   
4.2561E-02   -2.8762E-04   
3.4553E-03   -2.6746E-02   
7.5712E-03   -2.2724E-02   
4.3099E-02   -3.1437E-04   
2.4317E-03   -2.8064E-02   
4.4694E-02   -5.2471E-05   
3.6576E-03   -2.7021E-02   
4.4312E-02   -1.4616E-04   
4.2895E-02   -3.0634E-04   
4.2337E-02   -2.0991E-04   
3.1583E-03   -2.7478E-02   
3.5533E-02   -5.2110E-03   
3.6344E-02   -4.3183E-03   
3.6907E-02   -3.8718E-03   
3.8809E-02   -2.2949E-03   
4.1347E-02   -6.4495E-04   
3.7374E-02   -3.4776E-03   
3.8511E-02   -2.5340E-03   
4.1159E-02   -7.5457E-04   
3.7801E-02   -3.1183E-03   
3.8179E-02   -2.8054E-03   
4.0975E-02   -8.5361E-04   
3.9879E-02   -1.5204E-03   
4.0563E-02   -1.0841E-03   
4.0775E-02   -9.6118E-04   
4.0345E-02   -1.2203E-03   
3.4647E-02   -5.3281E-03   
4.0119E-02   -1.3646E-03   
4.1510E-02   -5.7435E-04   
3.9088E-02   -2.0773E-03   
3.9625E-02   -1.6908E-03   
3.4228E-02   -5.4078E-03   
3.9360E-02   -1.8764E-03   
3.3498E-02   -5.6169E-03   
3.0896E-02   -6.8144E-03   
3.1808E-02   -6.3536E-03   
4.1475E-02   -5.3728E-04   
3.2679E-02   -5.9436E-03   
4.1577E-02   -4.1183E-04   
4.1978E-02   -2.0132E-04   
2.5374E-02   -1.0309E-02   
4.1552E-02   -3.4194E-04   
4.1436E-02   -3.7754E-04   
1.4945E-02   -1.7312E-02   
4.1676E-02   -3.2554E-04   
4.1402E-02   -3.8432E-04   
4.1476E-02   -3.7799E-04   
1.3383E-02   -1.8787E-02   
4.2121E-02   -2.5855E-04   
4.1775E-02   -3.1628E-04   
1.8981E-02   -1.4587E-02   
4.2025E-02   -3.2164E-04   
5.5361E-03   -2.5306E-02   
4.2712E-03   -2.5675E-02   
1.3764E-02   -1.8595E-02   
1.4836E-02   -1.7697E-02   
4.2822E-02   -3.7509E-04   
4.3314E-02   -3.2298E-04   
4.7123E-03   -2.6150E-02   
2.9743E-03   -2.7740E-02   
4.4540E-02   -1.1905E-04   
4.3112E-03   -2.6729E-02   
3.5580E-02   -4.8877E-03   
3.6507E-02   -4.0310E-03   
3.8576E-02   -2.3430E-03   
3.6965E-02   -3.6340E-03   
4.1192E-02   -6.7986E-04   
3.8868E-02   -2.1164E-03   
3.7452E-02   -3.2350E-03   
3.8252E-02   -2.5973E-03   
4.1032E-02   -7.5675E-04   
3.9928E-02   -1.3852E-03   
3.7879E-02   -2.8923E-03   
3.9677E-02   -1.5447E-03   
3.5729E-02   -4.5434E-03   
4.0842E-02   -8.5258E-04   
4.0386E-02   -1.1046E-03   
4.0163E-02   -1.2399E-03   
3.5305E-02   -4.5512E-03   
3.9413E-02   -1.7199E-03   
3.9144E-02   -1.9102E-03   
4.1441E-02   -4.9767E-04   
4.1539E-02   -3.6491E-04   
3.3765E-02   -5.0362E-03   
3.4812E-02   -4.6689E-03   
2.0151E-02   -1.3763E-02   
3.4310E-02   -4.8315E-03   
4.1550E-02   -3.8771E-04   
2.9938E-02   -7.3466E-03   
1.9703E-02   -1.4335E-02   
4.1209E-02   -4.5463E-04   
2.4134E-02   -1.1142E-02   
4.1241E-02   -4.5229E-04   
4.1375E-02   -3.9863E-04   
4.1527E-02   -3.8411E-04   
1.7296E-02   -1.5980E-02   
6.1194E-03   -2.5547E-02   
1.5037E-02   -1.7993E-02   
4.2094E-02   -3.5554E-04   
4.1876E-02   -3.2003E-04   
4.3253E-02   -3.8959E-04   
2.0056E-02   -1.4002E-02   
3.9899E-03   -2.7072E-02   
4.2621E-02   -3.6666E-04   
4.3589E-02   -2.7172E-04   
9.2209E-03   -2.2775E-02   
9.8400E-03   -2.1814E-02   
9.5806E-03   -2.2284E-02   
4.2739E-02   -4.5247E-04   
4.1305E-02   -5.9242E-04   
3.8646E-02   -2.1665E-03   
3.8331E-02   -2.4055E-03   
3.6392E-02   -3.8945E-03   
4.0739E-02   -8.4880E-04   
4.1370E-02   -4.4386E-04   
3.7049E-02   -3.3895E-03   
3.9736E-02   -1.4120E-03   
4.1103E-02   -6.6245E-04   
3.9982E-02   -1.2636E-03   
4.0908E-02   -7.6370E-04   
3.7541E-02   -3.0064E-03   
3.9475E-02   -1.5766E-03   
3.8933E-02   -1.9518E-03   
3.9206E-02   -1.7566E-03   
3.5983E-02   -3.9739E-03   
4.0410E-02   -1.0218E-03   
4.0213E-02   -1.1306E-03   
3.5403E-02   -4.0451E-03   
3.5695E-02   -4.0055E-03   
2.8664E-02   -8.1213E-03   
3.3173E-02   -5.3011E-03   
4.1403E-02   -4.6724E-04   
2.5984E-02   -9.9722E-03   
4.1358E-02   -4.2046E-04   
4.1002E-02   -5.3582E-04   
2.2401E-02   -1.2443E-02   
4.1182E-02   -4.6524E-04   
4.1277E-02   -4.5813E-04   
4.2417E-02   -3.5749E-04   
4.1602E-02   -3.9142E-04   
2.1356E-02   -1.3435E-02   
2.6291E-02   -9.6701E-03   
1.9451E-02   -1.4259E-02   
4.2347E-02   -3.1631E-04   
4.1830E-02   -4.1156E-04   
1.7066E-02   -1.6694E-02   
5.4372E-03   -2.6351E-02   
1.0945E-02   -2.1889E-02   
2.4911E-02   -1.0682E-02   
4.2706E-02   -2.9739E-04   
4.2971E-02   -4.5394E-04   
4.3528E-02   -3.3169E-04   
4.3828E-02   -2.3390E-04   
1.5703E-02   -1.7844E-02   
1.5275E-02   -1.8498E-02   
4.0773E-02   -7.8266E-04   
3.8058E-02   -2.4919E-03   
3.8403E-02   -2.2339E-03   
4.1205E-02   -5.3221E-04   
4.0288E-02   -1.0262E-03   
4.0049E-02   -1.1529E-03   
4.0942E-02   -7.0387E-04   
3.8714E-02   -2.0054E-03   
3.9802E-02   -1.2919E-03   
3.9543E-02   -1.4460E-03   
3.7659E-02   -2.7880E-03   
3.9275E-02   -1.6158E-03   
3.9001E-02   -1.8008E-03   
3.6648E-02   -3.5626E-03   
3.6519E-02   -3.5131E-03   
3.6348E-02   -3.4813E-03   
3.5096E-02   -4.1178E-03   
3.2427E-02   -5.6974E-03   
3.7139E-02   -3.1559E-03   
4.1256E-02   -5.5799E-04   
4.0953E-02   -5.5729E-04   
4.0547E-02   -9.0371E-04   
4.0974E-02   -5.4265E-04   
2.7919E-02   -8.6044E-03   
2.6018E-02   -9.7680E-03   
2.3073E-02   -1.2457E-02   
4.1033E-02   -5.3727E-04   
3.1356E-02   -6.3616E-03   
4.1135E-02   -5.2091E-04   
2.7745E-02   -8.8804E-03   
4.1311E-02   -4.7451E-04   
2.9645E-02   -7.4648E-03   
4.1931E-02   -4.2683E-04   
4.2178E-02   -4.3309E-04   
4.1713E-02   -3.9810E-04   
4.4053E-02   -2.3122E-04   
2.2359E-02   -1.3315E-02   
2.2564E-02   -1.2988E-02   
1.3055E-02   -2.0539E-02   
4.2679E-02   -5.3216E-04   
4.9299E-03   -2.6924E-02   
4.3180E-02   -4.5988E-04   
4.3804E-02   -2.8130E-04   
4.0856E-02   -7.0147E-04   
3.8126E-02   -2.3298E-03   
3.7747E-02   -2.6103E-03   
4.0129E-02   -1.0498E-03   
4.1059E-02   -6.2415E-04   
3.9879E-02   -1.1824E-03   
3.8472E-02   -2.0793E-03   
3.9621E-02   -1.3268E-03   
3.8788E-02   -1.8578E-03   
3.9353E-02   -1.4868E-03   
3.6969E-02   -3.1214E-03   
3.9077E-02   -1.6627E-03   
3.6194E-02   -3.4562E-03   
4.0627E-02   -8.0436E-04   
4.0729E-02   -6.4236E-04   
3.7388E-02   -2.8818E-03   
3.4211E-02   -4.5263E-03   
3.6027E-02   -3.4556E-03   
3.2029E-02   -5.8527E-03   
4.0380E-02   -9.2421E-04   
4.0760E-02   -6.2823E-04   
4.1898E-02   -4.8785E-04   
4.0985E-02   -6.1310E-04   
4.0792E-02   -6.2383E-04   
3.1825E-02   -5.9845E-03   
4.1054E-02   -5.5080E-04   
4.1395E-02   -4.8533E-04   
4.0933E-02   -5.8228E-04   
2.8622E-02   -8.7793E-03   
3.0907E-02   -6.6174E-03   
3.2164E-02   -5.9592E-03   
4.2147E-02   -3.9353E-04   
4.4085E-02   -2.9048E-04   
2.9160E-02   -8.2799E-03   
4.1532E-02   -4.9030E-04   
4.2059E-02   -5.0718E-04   
4.2367E-02   -6.3441E-04   
2.3203E-02   -1.2792E-02   
2.0206E-02   -1.5136E-02   
4.2365E-02   -5.4685E-04   
4.4259E-02   -1.8740E-04   
4.3475E-02   -3.9560E-04   
3.3927E-03   -2.7879E-02   
2.2577E-02   -1.2740E-02   
3.7791E-02   -2.4724E-03   
3.7376E-02   -2.7868E-03   
3.9967E-02   -1.0824E-03   
4.0730E-02   -7.1207E-04   
3.9709E-02   -1.2191E-03   
3.8549E-02   -1.9377E-03   
3.6881E-02   -3.0574E-03   
3.9440E-02   -1.3702E-03   
3.5815E-02   -3.5161E-03   
3.8869E-02   -1.7238E-03   
3.3390E-02   -4.9657E-03   
3.9160E-02   -1.5376E-03   
4.0221E-02   -9.5446E-04   
3.6815E-02   -2.9908E-03   
4.0496E-02   -7.3765E-04   
4.0901E-02   -6.1875E-04   
4.0470E-02   -8.3511E-04   
4.0711E-02   -6.6199E-04   
4.0577E-02   -7.0750E-04   
4.0827E-02   -6.2583E-04   
3.3395E-02   -5.4124E-03   
3.3806E-02   -4.6925E-03   
3.2058E-02   -6.1360E-03   
3.2360E-02   -5.7909E-03   
4.1535E-02   -5.8960E-04   
4.3384E-02   -4.6248E-04   
1.4613E-02   -1.9530E-02   
3.4541E-02   -4.2097E-03   
2.8859E-02   -8.3408E-03   
4.1360E-02   -5.8846E-04   
4.2251E-02   -5.0548E-04   
4.4325E-02   -2.2030E-04   
4.3763E-02   -4.0207E-04   
4.2392E-02   -7.0725E-04   
2.7613E-02   -9.8406E-03   
4.1135E-03   -2.7685E-02   
4.1193E-02   -5.9131E-04   
2.9733E-03   -2.7921E-02   
3.9806E-02   -1.1231E-03   
4.0712E-02   -6.8407E-04   
4.0065E-02   -9.9302E-04   
3.9538E-02   -1.2652E-03   
3.8638E-02   -1.8064E-03   
3.7374E-02   -2.6808E-03   
3.0117E-02   -7.1097E-03   
3.5454E-02   -3.6675E-03   
4.0320E-02   -8.7098E-04   
3.6756E-02   -2.9400E-03   
4.0470E-02   -7.5672E-04   
3.8188E-02   -2.1875E-03   
3.8962E-02   -1.6018E-03   
3.3864E-02   -4.9626E-03   
3.4886E-02   -4.1593E-03   
4.0566E-02   -7.2249E-04   
3.4451E-02   -4.3522E-03   
3.4947E-02   -3.9908E-03   
3.4571E-02   -4.2237E-03   
3.3553E-02   -4.9497E-03   
3.5166E-02   -3.9825E-03   
3.2420E-02   -6.1526E-03   
4.1717E-02   -5.9850E-04   
4.3060E-02   -5.4928E-04   
4.1182E-02   -6.9541E-04   
4.0180E-02   -8.8023E-04   
4.0840E-02   -7.1320E-04   
4.1939E-02   -6.1072E-04   
2.3222E-02   -1.3424E-02   
8.9963E-03   -2.3660E-02   
4.1016E-02   -6.9819E-04   
4.2526E-02   -4.4447E-04   
2.8489E-02   -9.4656E-03   
2.7102E-02   -1.0105E-02   
4.2717E-02   -6.7136E-04   
4.2051E-02   -7.5528E-04   
3.9915E-02   -1.0387E-03   
3.9658E-02   -1.1673E-03   
4.0454E-02   -7.8290E-04   
3.6612E-02   -2.9520E-03   
4.0537E-02   -7.7419E-04   
4.0171E-02   -9.1472E-04   
3.9376E-02   -1.3163E-03   
3.7398E-02   -2.5713E-03   
3.8746E-02   -1.6855E-03   
3.9070E-02   -1.4907E-03   
3.6676E-02   -2.9884E-03   
3.6356E-02   -3.1647E-03   
3.7841E-02   -2.3446E-03   
3.5900E-02   -3.3698E-03   
3.6328E-02   -3.1198E-03   
3.6154E-02   -3.1849E-03   
3.8267E-02   -2.0507E-03   
4.0638E-02   -7.1783E-04   
3.9919E-02   -9.9928E-04   
4.0673E-02   -8.1872E-04   
3.5729E-02   -3.4985E-03   
4.0602E-02   -7.7123E-04   
3.1990E-02   -6.7092E-03   
4.1346E-02   -7.0228E-04   
3.5964E-02   -3.7072E-03   
1.5665E-02   -1.8388E-02   
2.9844E-02   -8.5861E-03   
4.0282E-02   -8.5128E-04   
4.0830E-02   -8.1088E-04   
3.6803E-02   -3.0006E-03   
3.2619E-02   -6.3842E-03   
1.5646E-02   -1.9128E-02   
4.2096E-02   -8.2634E-04   
4.3070E-02   -6.3781E-04   
3.9794E-02   -1.0809E-03   
4.0025E-02   -9.6539E-04   
3.8378E-02   -1.9147E-03   
3.6832E-02   -2.7742E-03   
3.8868E-02   -1.5774E-03   
3.6996E-02   -2.6742E-03   
3.7467E-02   -2.4356E-03   
3.9950E-02   -9.9130E-04   
3.7925E-02   -2.2072E-03   
3.7311E-02   -2.4997E-03   
4.0880E-02   -6.2467E-04   
3.9200E-02   -1.3853E-03   
4.0259E-02   -8.5693E-04   
3.7259E-02   -2.5440E-03   
4.0485E-02   -9.3501E-04   
3.7541E-02   -2.4106E-03   
4.0541E-02   -8.3245E-04   
9.6237E-03   -2.2756E-02   
3.1952E-02   -7.1955E-03   
4.0984E-02   -8.1392E-04   
8.7231E-03   -2.4000E-02   
3.8084E-02   -2.2411E-03   
3.5312E-02   -4.3451E-03   
4.0291E-02   -8.7666E-04   
4.1512E-02   -7.1816E-04   
1.6463E-02   -1.8514E-02   
3.7786E-02   -2.5053E-03   
3.5867E-02   -4.0857E-03   
2.5003E-02   -1.2193E-02   
4.1731E-02   -8.8888E-04   
3.7045E-02   -2.7626E-03   
4.3450E-02   -5.9778E-04   
3.8514E-02   -1.7903E-03   
3.7847E-02   -2.1538E-03   
3.9549E-02   -1.1955E-03   
3.8088E-02   -2.0527E-03   
3.9629E-02   -1.1413E-03   
3.7787E-02   -2.2751E-03   
3.6853E-02   -2.7841E-03   
4.0774E-02   -9.4233E-04   
3.8987E-02   -1.4857E-03   
3.8057E-02   -2.0593E-03   
3.7837E-02   -2.1883E-03   
3.9962E-02   -1.0065E-03   
4.0628E-02   -9.3502E-04   
3.9853E-02   -1.0376E-03   
3.7253E-02   -2.5037E-03   
4.0282E-02   -9.1873E-04   
2.7750E-02   -9.4678E-03   
3.7965E-02   -2.2396E-03   
3.7630E-02   -2.7693E-03   
3.7634E-02   -2.8328E-03   
3.6249E-02   -3.9610E-03   
3.6421E-02   -4.1061E-03   
4.1776E-02   -9.7607E-04   
9.2728E-03   -2.3961E-02   
4.1286E-02   -8.4717E-04   
4.3770E-02   -4.8957E-04   
3.8645E-02   -1.6849E-03   
3.8264E-02   -1.9187E-03   
3.9340E-02   -1.2884E-03   
3.8431E-02   -1.8139E-03   
3.9631E-02   -1.1514E-03   
4.0302E-02   -9.5864E-04   
3.9969E-02   -1.0344E-03   
3.8262E-02   -1.9675E-03   
4.0420E-02   -1.0675E-03   
4.0280E-02   -1.0627E-03   
4.1395E-02   -9.4236E-04   
4.0923E-02   -9.5868E-04   
3.8681E-02   -2.2309E-03   
3.8548E-02   -2.1726E-03   
3.7616E-02   -2.2956E-03   
4.1648E-02   -7.5274E-04   
4.2416E-02   -7.6942E-04   
4.1312E-02   -1.1645E-03   
3.7552E-02   -3.2224E-03   
3.5090E-02   -5.3042E-03   
3.8448E-02   -2.5401E-03   
3.8617E-02   -1.8859E-03   
1.6691E-02   -1.8930E-02   
4.3810E-02   -5.6185E-04   
3.8393E-02   -1.8152E-03   
3.9657E-02   -1.1294E-03   
3.7942E-02   -2.0810E-03   
3.9062E-02   -1.4344E-03   
4.0016E-02   -1.2272E-03   
3.9286E-02   -1.3182E-03   
3.8756E-02   -1.6030E-03   
3.9636E-02   -1.1737E-03   
3.8601E-02   -1.7483E-03   
3.9955E-02   -1.1243E-03   
3.8780E-02   -1.6905E-03   
3.9944E-02   -1.1822E-03   
4.1711E-02   -8.1152E-04   
4.0570E-02   -1.0751E-03   
4.1084E-02   -9.8439E-04   
4.2648E-02   -7.7809E-04   
3.8626E-02   -2.0078E-03   
4.1426E-02   -8.6561E-04   
3.8747E-02   -1.8751E-03   
4.1059E-02   -1.0814E-03   
3.8311E-02   -1.8685E-03   
3.9004E-02   -1.6340E-03   
3.8966E-02   -2.1626E-03   
4.0990E-02   -1.1907E-03   
4.1706E-02   -1.0830E-03   
3.8414E-02   -2.3154E-03   
3.8913E-02   -2.3733E-03   
3.7623E-02   -3.5502E-03   
9.7203E-03   -2.4180E-02   
3.8487E-02   -1.7517E-03   
3.9027E-02   -1.5263E-03   
3.8912E-02   -1.5160E-03   
3.9318E-02   -1.3166E-03   
3.9083E-02   -1.7539E-03   
3.8850E-02   -1.5870E-03   
3.9637E-02   -1.3497E-03   
4.0268E-02   -1.1815E-03   
3.9106E-02   -2.5658E-03   
4.0708E-02   -1.2248E-03   
3.7945E-02   -2.0911E-03   
3.9128E-02   -1.6494E-03   
4.0702E-02   -1.0962E-03   
3.9664E-02   -1.1937E-03   
3.9600E-02   -1.3020E-03   
3.9298E-02   -1.9278E-03   
6.4400E-03   -2.6630E-02   
3.9254E-02   -2.1177E-03   
4.0888E-02   -1.3012E-03   
4.1998E-02   -9.8318E-04   
3.9981E-02   -1.0683E-03   
3.7606E-02   -2.2857E-03   
3.8680E-02   -1.6628E-03   
3.9199E-02   -1.4829E-03   
3.8996E-02   -1.4891E-03   
4.0345E-02   -1.2166E-03   
3.9413E-02   -1.3411E-03   
3.9340E-02   -1.5036E-03   
3.9059E-02   -1.4466E-03   
4.0557E-02   -1.4577E-03   
3.8756E-02   -1.6128E-03   
4.2315E-02   -9.2592E-04   
4.0596E-02   -1.3483E-03   
3.9080E-02   -1.9404E-03   
3.9356E-02   -1.4526E-03   
3.9577E-02   -2.2593E-03   
4.4876E-03   -2.7887E-02   
3.9722E-02   -1.2037E-03   
3.9457E-02   -1.7171E-03   
3.9993E-02   -1.3259E-03   
4.0055E-02   -1.3953E-03   
3.9598E-02   -1.7343E-03   
4.0587E-02   -1.5547E-03   
3.9377E-02   -1.6027E-03   
3.9545E-02   -2.1461E-03   
3.9620E-02   -2.3312E-03   
3.9873E-02   -1.5543E-03   
3.9398E-02   -1.6662E-03   
3.9992E-02   -2.2481E-03   
3.9756E-02   -1.7649E-03   
4.0808E-02   -1.1233E-03   
4.1041E-02   -1.4443E-03   
4.0173E-02   -1.6479E-03   
3.9684E-02   -1.4998E-03   
4.0307E-02   -1.3826E-03   
3.9491E-02   -1.9361E-03   
4.0168E-02   -1.7574E-03   
4.1476E-02   -1.2326E-03   
4.0467E-02   -2.0217E-03   
3.9862E-02   -1.8100E-03   
3.9694E-02   -1.5655E-03   
4.0064E-02   -1.9097E-03   
4.0379E-02   -1.8749E-03   
4.0885E-02   -1.6860E-03   
4.1137E-02   -1.5133E-03   
4.0658E-02   -1.8628E-03   
4.1843E-04   -2.8892E-02   
3.9939E-02   -2.0521E-03   
3.9094E-02   -2.6598E-03   
4.4573E-02   -2.1688E-04   
8.9922E-04   -2.8005E-02   
4.5458E-02   -2.7772E-05   
4.4175E-02   -5.2614E-04   
7.6527E-04   -2.8967E-02   
3.7481E-03   -2.8095E-02   
4.0550E-02   -2.0987E-03   
4.4793E-02   -1.0646E-04   
1.1652E-03   -2.8941E-02   
5.9227E-03   -2.6516E-02   
1.6477E-03   -2.8909E-02   
2.1375E-03   -2.8879E-02   
2.6222E-03   -2.8834E-02   
3.1217E-03   -2.8766E-02   
4.5760E-02   -2.4976E-05   
3.6355E-03   -2.8637E-02   
4.2011E-03   -2.8354E-02   
4.4041E-02   -4.1034E-04   
5.1388E-03   -2.7718E-02   
4.6073E-02   -2.3036E-05   
7.1964E-03   -2.6039E-02   
1.3819E-02   -2.0953E-02   
4.1445E-02   -1.3541E-03   
2.4169E-02   -1.3450E-02   
4.6406E-02   -2.0441E-05   
4.2918E-02   -5.1771E-04   
2.9672E-02   -9.7265E-03   
3.2728E-02   -6.4814E-03   
2.7002E-03   -2.8465E-02   
4.4148E-02   -3.4683E-04   
3.5982E-02   -5.7465E-03   
3.9083E-02   -3.7694E-03   
4.6753E-02   -1.6862E-05   
4.0661E-02   -2.9054E-03   
2.5537E-02   -1.2338E-02   
4.1371E-02   -2.6817E-03   
4.1880E-02   -2.6037E-03   
4.7115E-02   -1.3202E-05   
4.2475E-02   -2.4214E-03   
4.3132E-02   -2.2858E-03   
1.2033E-03   -2.8669E-02   
4.3740E-02   -2.1476E-03   
4.7535E-02   -1.0152E-05   
4.4934E-02   -6.4559E-05   
3.2029E-02   -7.6172E-03   
4.4388E-02   -1.9790E-03   
4.5000E-02   -1.8406E-03   
4.3510E-02   -6.6001E-04   
4.8009E-02   -3.8798E-06   
4.2671E-02   -8.6303E-04   
4.1959E-02   -1.0685E-03   
4.6170E-02   -1.4970E-03   
4.8458E-02   -2.1659E-04   
4.8554E-02   -2.3780E-04   
4.8549E-02   -2.7287E-05   
4.8603E-02   -4.7680E-06   
4.8492E-02   -1.1000E-04   
7.6461E-03   -2.5903E-02   
4.7399E-02   -9.6414E-04   
1.4026E-03   -2.8786E-02   
4.2906E-02   -8.7725E-04   
4.2376E-02   -1.0143E-03   
2.4459E-03   -2.8610E-02   
4.1717E-02   -1.3366E-03   
3.1324E-03   -2.8420E-02   
4.4831E-02   -1.7671E-04   
4.1106E-02   -1.6969E-03   
4.4480E-02   -4.2493E-04   
3.5265E-03   -2.8413E-02   
3.2575E-02   -7.2227E-03   
2.4187E-03   -2.8734E-02   
3.7401E-02   -3.8517E-03   
3.4445E-03   -2.8584E-02   
4.3362E-02   -7.6098E-04   
4.3566E-02   -2.0352E-03   
4.0574E-02   -2.7884E-03   
5.2147E-03   -2.7670E-02   
2.4516E-02   -1.3286E-02   
1.4562E-02   -2.0662E-02   
1.6680E-02   -1.9120E-02   
4.6221E-02   -4.4805E-05   
4.1078E-02   -1.9700E-03   
4.5060E-02   -9.3739E-05   
4.4239E-02   -5.8807E-04   
4.5615E-02   -4.9750E-05   
4.7478E-02   -2.3564E-05   
4.0127E-02   -2.3200E-03   
4.1614E-02   -2.4830E-03   
4.4358E-02   -2.5058E-04   
4.4391E-02   -3.6152E-04   
4.1425E-02   -1.4278E-03   
3.7566E-02   -3.6447E-03   
4.8297E-02   -8.7654E-07   
4.5613E-02   -1.6683E-03   
2.9705E-02   -9.5831E-03   
4.4530E-02   -1.7938E-03   
4.8591E-02   -1.3758E-04   
4.8695E-02   -1.4854E-06   
4.8666E-02   -1.3398E-05   
4.8622E-02   -6.3699E-05   
4.2564E-02   -2.2346E-03   
3.7493E-02   -4.3844E-03   
4.6905E-02   -3.0981E-05   
4.6720E-02   -1.0714E-03   
4.8059E-02   -1.2251E-05   
4.7426E-02   -8.2049E-04   
4.7871E-02   -2.6789E-04   
4.8112E-02   -1.9201E-05   
4.8017E-02   -7.1220E-05   
4.7736E-02   -5.0400E-04   
4.3213E-02   -8.8614E-04   
4.0524E-02   -2.6459E-03   
4.4954E-02   -1.3252E-04   
4.5273E-02   -1.0796E-04   
4.6022E-02   -7.4748E-05   
1.5549E-03   -2.8658E-02   
3.9842E-02   -2.5348E-03   
4.2193E-02   -1.1834E-03   
2.2743E-02   -1.4560E-02   
4.4852E-02   -2.2320E-04   
4.6700E-02   -5.5190E-05   
4.5412E-02   -1.5867E-03   
5.2878E-03   -2.7568E-02   
3.9709E-02   -2.9872E-03   
2.9910E-02   -9.4057E-03   
4.1525E-02   -2.3981E-03   
3.8263E-02   -3.5016E-03   
4.3150E-02   -2.0282E-03   
4.1573E-02   -1.5906E-03   
3.5271E-02   -5.6556E-03   
4.4056E-02   -7.0150E-04   
4.4547E-02   -4.9078E-04   
4.2099E-02   -2.2628E-03   
4.1547E-02   -1.7412E-03   
4.7094E-02   -4.2848E-05   
4.1169E-02   -2.0883E-03   
4.6359E-02   -6.5002E-05   
3.5482E-02   -5.3795E-03   
4.4699E-02   -2.9032E-04   
4.1018E-02   -2.5304E-03   
4.1968E-02   -1.3704E-03   
4.5636E-02   -8.3082E-05   
4.4767E-02   -3.3639E-04   
4.7284E-02   -4.2088E-04   
4.7640E-02   -4.5010E-05   
4.7517E-02   -1.3268E-04   
4.7726E-02   -2.1920E-05   
4.3618E-02   -7.7193E-04   
4.5964E-02   -1.3113E-03   
4.6883E-02   -8.4602E-04   
4.8004E-02   -5.1913E-05   
4.7786E-02   -4.0500E-04   
4.7867E-02   -1.4743E-04   
4.7797E-02   -1.9506E-04   
4.0903E-02   -2.4203E-03   
3.4031E-02   -6.4905E-03   
4.6814E-02   -7.2355E-05   
4.4975E-02   -1.6407E-03   
3.9290E-02   -3.0383E-03   
4.1596E-02   -1.8658E-03   
4.0780E-02   -2.3153E-03   
4.4940E-02   -4.5101E-04   
4.5479E-02   -1.2526E-04   
4.2735E-02   -2.0418E-03   
4.6174E-02   -9.4060E-05   
4.7440E-02   -2.0608E-04   
4.7657E-02   -7.6857E-05   
4.5136E-02   -3.0403E-04   
4.3063E-02   -1.0249E-03   
4.5186E-02   -2.0477E-04   
4.2536E-02   -1.1847E-03   
4.7294E-02   -3.0294E-04   
4.6185E-02   -1.0411E-03   
4.4381E-02   -6.9282E-04   
4.3744E-02   -1.8246E-03   
4.2001E-02   -1.5422E-03   
4.0307E-02   -2.4405E-03   
4.1916E-02   -2.1789E-03   
4.4082E-02   -7.8564E-04   
4.7441E-02   -4.0155E-05   
4.5878E-02   -1.2238E-03   
4.7007E-02   -6.1737E-04   
4.2889E-02   -1.8391E-03   
4.2500E-02   -1.4651E-03   
4.3954E-02   -9.0165E-04   
4.4779E-02   -6.3567E-04   
4.2307E-02   -1.9643E-03   
4.1290E-02   -2.1974E-03   
4.6923E-02   -8.8537E-05   
4.5594E-02   -1.2204E-03   
4.6181E-02   -1.2870E-04   
4.6586E-02   -1.0752E-04   
4.1798E-02   -2.0812E-03   
4.5408E-02   -2.2539E-04   
4.5478E-02   -1.6520E-04   
4.5234E-02   -3.5504E-04   
4.1980E-02   -1.4621E-03   
4.2070E-02   -1.7753E-03   
4.5051E-02   -5.0910E-04   
4.3917E-02   -1.6430E-03   
4.3407E-02   -1.0300E-03   
4.2907E-02   -1.1734E-03   
4.2391E-02   -1.6132E-03   
4.4383E-02   -8.4141E-04   
4.4685E-02   -7.3939E-04   
4.4162E-02   -1.8058E-03   
4.5340E-02   -4.0541E-04   
4.2180E-02   -1.8709E-03   
4.7258E-02   -6.8398E-05   
4.5779E-02   -1.7103E-04   
4.5503E-02   -2.7617E-04   
4.4970E-02   -1.4072E-03   
4.6032E-02   -1.8345E-04   
4.2818E-02   -1.2952E-03   
4.3663E-02   -1.0499E-03   
4.4733E-02   -8.1867E-04   
4.2530E-02   -1.6771E-03   
4.5897E-02   -2.4309E-04   
4.5900E-02   -1.0182E-03   
4.5192E-02   -5.4702E-04   
4.5738E-02   -3.5805E-04   
4.4722E-02   -1.6168E-03   
4.6734E-02   -1.2489E-04   
4.3065E-02   -1.3204E-03   
4.3585E-02   -1.1664E-03   
4.7394E-02   -8.1683E-05   
4.5543E-02   -5.0339E-04   
4.6937E-02   -1.3795E-04   
4.3025E-02   -1.5596E-03   
4.5940E-02   -2.8836E-04   
4.6517E-02   -1.7315E-04   
4.5853E-02   -3.9784E-04   
4.3983E-02   -1.1469E-03   
4.6213E-02   -1.9568E-04   
4.4510E-02   -9.8420E-04   
4.5288E-02   -7.1069E-04   
4.6212E-02   -2.9501E-04   
4.5428E-02   -7.8811E-04   
4.3155E-02   -1.6390E-03   
4.4879E-02   -9.7232E-04   
4.3416E-02   -1.3434E-03   
4.4350E-02   -1.1401E-03   
4.6588E-02   -2.0554E-04   
4.7319E-02   -1.2352E-04   
4.5721E-02   -7.9762E-04   
4.5272E-02   -9.4548E-04   
4.6676E-02   -2.3942E-04   
4.3537E-02   -1.4550E-03   
4.4110E-02   -1.3268E-03   
4.6453E-02   -3.0473E-04   
4.6192E-02   -7.0979E-04   
4.5190E-02   -1.0890E-03   
4.7082E-02   -1.8781E-04   
4.6410E-02   -3.6097E-04   
4.6128E-02   -8.4119E-04   
4.7247E-02   -2.0508E-04   
4.5640E-02   -1.0062E-03   
4.5971E-02   -4.3972E-04   
4.5657E-02   -5.6006E-04   
4.5825E-02   -6.1061E-04   
4.6349E-02   -5.0211E-04   
