51 
1844 
6.2060E-03   -2.9785E-03   
7.5222E-03   -2.2861E-03   
8.6103E-03   -1.5459E-03   
9.3541E-03   -7.8887E-04   
1.0595E-36   -1.2754E-03   
9.6123E-03   4.5010E-38   
9.7621E-03   -1.3085E-34   
9.9429E-03   -2.8559E-35   
1.0359E-02   2.2493E-35   
1.0751E-02   4.7126E-35   
1.1260E-02   1.1710E-34   
1.1894E-02   1.7281E-34   
1.2387E-02   2.1376E-34   
1.3235E-02   3.2846E-34   
1.3873E-02   3.9539E-34   
1.4568E-02   3.4113E-34   
1.4938E-02   5.2662E-34   
1.5719E-02   7.6581E-34   
1.6557E-02   1.0850E-33   
1.7000E-02   -1.3765E-30   
1.7000E-02   -1.4077E-34   
1.7000E-02   -1.4077E-34   
1.7000E-02   -1.4077E-34   
1.7000E-02   -1.4077E-34   
1.7000E-02   -1.4077E-34   
1.7000E-02   -1.4077E-34   
1.7000E-02   -1.4077E-34   
1.7000E-02   -1.4077E-34   
1.7000E-02   -1.4077E-34   
1.7000E-02   -1.4077E-34   
1.7000E-02   -1.4077E-34   
1.7000E-02   -1.4077E-34   
1.5750E-02   -7.9792E-04   
1.4408E-02   -1.4916E-03   
1.3787E-02   -1.7379E-03   
1.3172E-02   -1.9438E-03   
1.1948E-02   -2.2862E-03   
1.1336E-02   -2.4389E-03   
1.0107E-02   -2.7367E-03   
9.4889E-03   -2.8889E-03   
8.2567E-03   -3.2242E-03   
6.9066E-03   -3.6932E-03   
6.1056E-03   -4.0321E-03   
4.7285E-03   -4.7178E-03   
3.6921E-03   -5.2919E-03   
3.2151E-03   -5.5362E-03   
2.3280E-03   -5.9329E-03   
1.5073E-03   -6.2057E-03   
7.3594E-04   -6.3638E-03   
1.0741E-36   -6.4093E-03   
1.1290E-33   -6.1609E-03   
1.2122E-33   -5.9124E-03   
1.1622E-33   -5.5810E-03   
1.1088E-33   -5.3967E-03   
9.8092E-34   -5.1237E-03   
8.9607E-34   -4.9992E-03   
8.2701E-34   -4.9328E-03   
7.5435E-34   -4.9513E-03   
6.2424E-34   -4.6037E-03   
5.1548E-03   -2.9569E-03   
1.6445E-02   -2.4181E-05   
1.5871E-02   -6.3083E-05   
1.5048E-02   -1.2859E-04   
1.4376E-02   -1.9083E-04   
1.3721E-02   -2.7177E-04   
1.3001E-02   -3.2915E-04   
1.2421E-02   -3.6092E-04   
1.1688E-02   -4.3962E-04   
1.0973E-02   -5.0098E-04   
1.0264E-02   -5.6193E-04   
9.5695E-03   -6.2087E-04   
8.8547E-03   -6.9742E-04   
8.1209E-03   -8.4808E-04   
7.1323E-03   -1.2238E-03   
6.1519E-03   -1.9037E-03   
7.6825E-03   -1.6190E-03   
8.2206E-03   -7.8256E-04   
8.8324E-03   -4.7937E-04   
9.4391E-03   -3.8264E-04   
1.0039E-02   -3.5112E-04   
1.0618E-02   -3.3565E-04   
1.1297E-02   -2.9042E-04   
1.1930E-02   -2.5560E-04   
1.2523E-02   -2.1874E-04   
1.3127E-02   -2.0986E-04   
1.3805E-02   -1.5591E-04   
1.4457E-02   -1.1402E-04   
1.5095E-02   -8.3908E-05   
1.5782E-02   -4.0841E-05   
1.6383E-02   -1.3036E-05   
9.2732E-03   -3.9504E-04   
9.5620E-03   -1.8511E-04   
9.8983E-03   -1.5090E-04   
1.0388E-02   -1.3788E-04   
1.0868E-02   -1.3103E-04   
1.1467E-02   -1.2947E-04   
1.2008E-02   -1.2650E-04   
1.2551E-02   -1.1801E-04   
1.3261E-02   -8.8981E-05   
1.3857E-02   -6.7579E-05   
1.4536E-02   -5.3369E-05   
1.5208E-02   -3.3983E-05   
1.5871E-02   -1.8225E-05   
1.6487E-02   -3.6507E-06   
1.6336E-02   -4.5172E-05   
1.5704E-02   -1.1195E-04   
1.4933E-02   -2.1164E-04   
1.4239E-02   -2.7961E-04   
1.3621E-02   -3.7969E-04   
1.2866E-02   -4.6958E-04   
1.2124E-02   -5.5896E-04   
1.1426E-02   -6.3840E-04   
1.0694E-02   -7.3864E-04   
1.0012E-02   -8.3287E-04   
9.1355E-03   -9.7554E-04   
8.1988E-03   -1.1631E-03   
7.2905E-03   -1.3871E-03   
6.3089E-03   -1.7063E-03   
5.0010E-03   -2.3537E-03   
2.5829E-03   -3.8547E-03   
1.6283E-02   -7.7419E-05   
1.5738E-02   -1.5597E-04   
1.4806E-02   -3.0718E-04   
1.4198E-02   -4.0856E-04   
1.3480E-02   -5.1586E-04   
1.2611E-02   -6.6331E-04   
1.1864E-02   -7.5767E-04   
1.1137E-02   -8.6523E-04   
1.0268E-02   -1.0260E-03   
9.4454E-03   -1.2071E-03   
8.5772E-03   -1.4082E-03   
7.6940E-03   -1.5881E-03   
6.6826E-03   -1.9051E-03   
5.5810E-03   -2.2669E-03   
3.5917E-03   -3.2733E-03   
1.1622E-03   -4.6096E-03   
1.6477E-02   -7.3425E-05   
1.5469E-02   -2.6044E-04   
1.4901E-02   -3.6499E-04   
1.4202E-02   -5.1275E-04   
1.3170E-02   -7.0879E-04   
1.2436E-02   -8.4918E-04   
1.1687E-02   -9.7559E-04   
1.0791E-02   -1.1572E-03   
9.9667E-03   -1.3487E-03   
9.0993E-03   -1.5345E-03   
8.2694E-03   -1.7443E-03   
7.2368E-03   -2.0103E-03   
6.0693E-03   -2.4607E-03   
4.6086E-03   -3.0708E-03   
2.5254E-03   -4.2149E-03   
1.0262E-03   -4.8362E-03   
1.6141E-02   -1.7312E-04   
1.5537E-02   -3.2150E-04   
1.4806E-02   -5.0670E-04   
1.4069E-02   -6.9053E-04   
1.3014E-02   -9.1537E-04   
1.2181E-02   -1.0655E-03   
1.1312E-02   -1.2743E-03   
1.0479E-02   -1.4800E-03   
9.5285E-03   -1.6744E-03   
8.7539E-03   -1.8592E-03   
7.9058E-03   -2.1551E-03   
6.7845E-03   -2.5416E-03   
5.3818E-03   -3.1386E-03   
3.6016E-03   -4.0568E-03   
1.9380E-03   -4.8163E-03   
1.0099E-03   -5.0223E-03   
1.6305E-02   -2.0561E-04   
1.5465E-02   -4.6985E-04   
1.4785E-02   -6.4545E-04   
1.3711E-02   -9.3919E-04   
1.2761E-02   -1.1939E-03   
1.1938E-02   -1.3523E-03   
1.0902E-02   -1.5889E-03   
1.0122E-02   -1.7820E-03   
9.1409E-03   -2.0123E-03   
8.2658E-03   -2.2761E-03   
7.2508E-03   -2.6357E-03   
6.3412E-03   -3.0100E-03   
4.8119E-03   -3.7905E-03   
3.1054E-03   -4.6670E-03   
1.9687E-03   -5.0554E-03   
9.2505E-04   -5.2662E-03   
1.6175E-02   -2.9732E-04   
1.5242E-02   -6.2895E-04   
1.4591E-02   -8.2819E-04   
1.3319E-02   -1.2271E-03   
1.2554E-02   -1.4230E-03   
1.1678E-02   -1.6504E-03   
1.0737E-02   -1.8408E-03   
9.7677E-03   -2.0855E-03   
8.6816E-03   -2.4056E-03   
7.7803E-03   -2.7083E-03   
6.8866E-03   -3.0533E-03   
5.7389E-03   -3.6155E-03   
4.0634E-03   -4.5738E-03   
2.9995E-03   -5.0068E-03   
1.9357E-03   -5.3364E-03   
9.5918E-04   -5.5190E-03   
1.6212E-02   -3.9199E-04   
1.5396E-02   -7.5613E-04   
1.4317E-02   -1.1271E-03   
1.3367E-02   -1.4659E-03   
1.2361E-02   -1.6587E-03   
1.1370E-02   -1.8921E-03   
1.0410E-02   -2.1392E-03   
9.4366E-03   -2.3988E-03   
8.4497E-03   -2.6921E-03   
7.3892E-03   -3.0405E-03   
6.2911E-03   -3.6047E-03   
4.8906E-03   -4.3760E-03   
3.8116E-03   -4.9083E-03   
2.8247E-03   -5.3169E-03   
1.8218E-03   -5.6368E-03   
1.0117E-03   -5.7746E-03   
1.5881E-02   -6.8129E-04   
1.4912E-02   -1.1744E-03   
1.4134E-02   -1.4181E-03   
1.2871E-02   -1.8030E-03   
1.2091E-02   -1.9976E-03   
1.0988E-02   -2.2652E-03   
1.0008E-02   -2.5244E-03   
9.1367E-03   -2.7120E-03   
8.0595E-03   -3.0188E-03   
6.9548E-03   -3.4486E-03   
5.8885E-03   -3.9775E-03   
4.6180E-03   -4.7109E-03   
3.5421E-03   -5.2556E-03   
2.6123E-03   -5.6336E-03   
1.7313E-03   -5.9096E-03   
7.6721E-04   -6.1350E-03   
1.1821E-03   -1.3398E-03   
2.2666E-03   -1.4706E-03   
3.2845E-03   -1.6618E-03   
4.0917E-03   -1.9408E-03   
4.7325E-03   -2.2392E-03   
5.3557E-03   -2.5838E-03   
5.8394E-03   -2.8300E-03   
6.4411E-03   -2.9768E-03   
6.6083E-03   -2.8898E-03   
6.7628E-03   -2.7844E-03   
6.9147E-03   -2.6797E-03   
7.0673E-03   -2.5781E-03   
7.2200E-03   -2.4789E-03   
7.3719E-03   -2.3817E-03   
7.6704E-03   -2.1917E-03   
7.8159E-03   -2.0983E-03   
7.9584E-03   -2.0056E-03   
8.0975E-03   -1.9136E-03   
8.2327E-03   -1.8218E-03   
8.3635E-03   -1.7300E-03   
8.4895E-03   -1.6381E-03   
8.7257E-03   -1.4535E-03   
8.8352E-03   -1.3605E-03   
8.9386E-03   -1.2670E-03   
9.0357E-03   -1.1727E-03   
9.1260E-03   -1.0778E-03   
9.2093E-03   -9.8218E-04   
9.2854E-03   -8.8587E-04   
9.4151E-03   -6.9121E-04   
9.4683E-03   -5.9287E-04   
9.5134E-03   -4.9376E-04   
9.5472E-03   -3.9429E-04   
9.5819E-03   -2.9656E-04   
9.5974E-03   -1.9957E-04   
9.6138E-03   -9.5778E-05   
9.6590E-03   -5.0915E-34   
9.6866E-03   -4.8925E-34   
9.7078E-03   -3.7496E-34   
9.7257E-03   -2.0765E-34   
9.7430E-03   -1.6462E-34   
9.7849E-03   -1.0278E-34   
9.8131E-03   -7.9303E-35   
9.8482E-03   -5.9601E-35   
9.8911E-03   -4.2901E-35   
1.0004E-02   -1.6139E-35   
1.0076E-02   -5.3130E-36   
1.0159E-02   4.3219E-36   
1.0253E-02   1.3435E-35   
1.0477E-02   3.0789E-35   
1.0607E-02   3.9021E-35   
1.0907E-02   5.5995E-35   
1.1077E-02   6.5015E-35   
1.1458E-02   1.2546E-34   
1.1669E-02   9.6972E-35   
1.2133E-02   1.8820E-34   
1.2655E-02   2.4740E-34   
1.2938E-02   2.7981E-34   
1.3546E-02   3.3668E-34   
1.4213E-02   4.4603E-34   
1.5321E-02   6.5096E-34   
1.6130E-02   6.6516E-34   
1.7000E-02   -1.4077E-34   
1.7000E-02   -1.4077E-34   
1.7000E-02   -1.4077E-34   
1.7000E-02   -1.4077E-34   
1.7000E-02   -1.4077E-34   
1.5054E-02   -1.1895E-03   
1.2560E-02   -2.1233E-03   
1.0723E-02   -2.5875E-03   
8.8720E-03   -3.0513E-03   
7.6278E-03   -3.4159E-03   
5.2955E-03   -4.4174E-03   
4.1955E-03   -5.0187E-03   
2.7617E-03   -5.7499E-03   
1.9105E-03   -6.0831E-03   
1.1157E-03   -6.2982E-03   
3.6637E-04   -6.4037E-03   
8.2685E-34   -6.2877E-03   
1.1878E-33   -6.0348E-03   
1.1824E-33   -5.7954E-03   
1.7318E-33   -5.6848E-03   
1.7655E-33   -5.4849E-03   
1.0853E-33   -5.3165E-03   
1.0572E-33   -5.2443E-03   
1.0174E-33   -5.1802E-03   
9.5060E-34   -5.0749E-03   
9.2211E-34   -5.0334E-03   
8.7446E-34   -4.9721E-03   
8.5500E-34   -4.9521E-03   
8.4016E-34   -4.9390E-03   
8.1868E-34   -4.9329E-03   
8.0678E-34   -4.9382E-03   
7.9102E-34   -4.9454E-03   
7.7350E-34   -4.9508E-03   
7.3783E-34   -4.9437E-03   
7.1532E-34   -4.9233E-03   
6.9428E-34   -4.8856E-03   
6.7245E-34   -4.8245E-03   
6.4603E-34   -4.7328E-03   
6.0160E-34   -4.4312E-03   
5.7997E-34   -4.2110E-03   
5.5671E-34   -3.9406E-03   
5.3540E-34   -3.6212E-03   
5.1605E-34   -3.2542E-03   
7.5381E-34   -2.8310E-03   
6.9731E-34   -2.3702E-03   
5.1334E-34   -1.8380E-03   
6.7076E-03   -2.6950E-03   
7.7811E-03   -1.9736E-03   
8.2078E-03   -1.6846E-03   
7.0178E-03   -2.4794E-03   
9.2319E-03   -8.4999E-04   
6.2344E-03   -3.0222E-03   
3.7593E-03   -2.1397E-03   
8.9471E-03   -1.1242E-03   
9.5025E-03   -4.8748E-04   
8.6029E-03   -1.4022E-03   
7.3277E-03   -2.2723E-03   
9.3837E-03   -6.6861E-04   
7.4812E-03   -2.1715E-03   
6.0033E-03   -3.0418E-03   
8.4770E-03   -1.4959E-03   
9.0492E-03   -1.0324E-03   
9.6365E-03   -1.3710E-04   
1.5757E-03   -1.8425E-03   
5.6374E-03   -2.9163E-03   
7.9259E-03   -1.8765E-03   
8.0668E-03   -1.7799E-03   
9.3118E-03   -7.5921E-04   
4.5107E-03   -2.3725E-03   
9.5494E-03   -3.9560E-04   
2.7395E-03   -1.9824E-03   
5.1492E-03   -2.6944E-03   
9.1443E-03   -9.4108E-04   
9.4472E-03   -5.7804E-04   
6.4007E-03   -2.9222E-03   
8.8385E-03   -1.2164E-03   
8.7236E-03   -1.3091E-03   
7.1732E-03   -2.3750E-03   
6.5534E-03   -2.8076E-03   
6.8626E-03   -2.5860E-03   
7.6327E-03   -2.0720E-03   
8.3449E-03   -1.5900E-03   
9.7845E-04   -3.0538E-03   
9.2432E-04   -3.4406E-03   
8.6962E-04   -3.7850E-03   
8.0694E-04   -4.0797E-03   
7.3864E-04   -4.3220E-03   
6.7016E-04   -4.5141E-03   
6.0145E-04   -4.6601E-03   
5.3335E-04   -4.7658E-03   
4.6779E-04   -4.8380E-03   
9.6905E-03   -7.1946E-05   
4.0735E-04   -4.8840E-03   
9.7088E-03   -5.9414E-05   
3.5186E-04   -4.9109E-03   
9.7254E-03   -5.0181E-05   
3.0225E-04   -4.9242E-03   
9.7429E-03   -4.2846E-05   
2.5957E-04   -4.9288E-03   
9.7635E-03   -3.7309E-05   
2.2584E-04   -4.9280E-03   
9.7888E-03   -3.3209E-05   
2.0208E-04   -4.9245E-03   
9.8203E-03   -3.0338E-05   
1.8940E-04   -4.9214E-03   
9.8593E-03   -2.8505E-05   
1.8838E-04   -4.9211E-03   
9.9067E-03   -2.7516E-05   
1.9271E-04   -4.9259E-03   
9.9634E-03   -2.7194E-05   
1.9895E-04   -4.9367E-03   
1.0030E-02   -2.7449E-05   
2.0616E-04   -4.9540E-03   
1.0108E-02   -2.8177E-05   
2.1459E-04   -4.9781E-03   
1.0197E-02   -2.9259E-05   
2.2427E-04   -5.0092E-03   
1.0297E-02   -3.0560E-05   
2.3446E-04   -5.0473E-03   
1.0409E-02   -3.1765E-05   
2.4487E-04   -5.0926E-03   
1.0533E-02   -3.3320E-05   
2.5539E-04   -5.1452E-03   
1.0669E-02   -3.5083E-05   
2.6562E-04   -5.2049E-03   
1.0817E-02   -3.7259E-05   
2.7872E-04   -5.2716E-03   
1.0979E-02   -3.9078E-05   
2.9368E-04   -5.3464E-03   
1.1155E-02   -4.0122E-05   
3.0187E-04   -5.4296E-03   
1.1346E-02   -4.1045E-05   
3.0980E-04   -5.5202E-03   
1.1552E-02   -4.1848E-05   
3.3141E-04   -5.6191E-03   
1.1774E-02   -4.1693E-05   
3.4273E-04   -5.7286E-03   
1.2006E-02   -3.9887E-05   
3.4242E-04   -5.8450E-03   
1.2247E-02   -4.0517E-05   
3.5152E-04   -5.9661E-03   
1.2507E-02   -3.9911E-05   
3.6608E-04   -6.0954E-03   
7.1361E-03   -2.2676E-03   
8.6068E-03   -1.2675E-03   
9.0708E-03   -9.0540E-04   
6.5020E-03   -2.7170E-03   
9.6279E-03   -2.0583E-04   
3.2456E-03   -2.4271E-03   
7.8968E-03   -1.7494E-03   
9.5366E-03   -3.9649E-04   
4.9276E-03   -2.8018E-03   
6.0273E-03   -3.0695E-03   
5.7987E-03   -3.1049E-03   
8.3380E-03   -1.4566E-03   
7.4517E-03   -2.0557E-03   
9.3423E-03   -6.4732E-04   
9.4157E-03   -5.6328E-04   
7.6052E-03   -1.9524E-03   
8.1932E-03   -1.5521E-03   
9.1694E-03   -8.1828E-04   
8.9648E-03   -9.9383E-04   
6.6598E-03   -2.6009E-03   
6.1910E-03   -2.9581E-03   
2.0929E-03   -2.3684E-03   
6.8182E-03   -2.4876E-03   
7.7516E-03   -1.8511E-03   
8.0444E-03   -1.6493E-03   
9.2600E-03   -7.3229E-04   
9.4803E-03   -4.7982E-04   
6.9773E-03   -2.3766E-03   
8.7323E-03   -1.1749E-03   
5.4286E-03   -2.9998E-03   
6.3460E-03   -2.8359E-03   
8.8518E-03   -1.0837E-03   
9.5857E-03   -3.1008E-04   
4.1671E-03   -2.5481E-03   
8.4754E-03   -1.3617E-03   
7.2949E-03   -2.1608E-03   
9.9357E-04   -2.6192E-03   
1.9213E-03   -3.2386E-03   
1.8341E-03   -3.6042E-03   
1.7045E-03   -3.9206E-03   
1.5499E-03   -4.1810E-03   
1.4000E-03   -4.3870E-03   
1.2514E-03   -4.5436E-03   
1.1024E-03   -4.6574E-03   
9.6677E-03   -9.3629E-05   
9.5767E-04   -4.7373E-03   
8.2379E-04   -4.7915E-03   
9.6763E-03   -1.2719E-04   
7.0639E-04   -4.8272E-03   
9.6906E-03   -1.0908E-04   
6.0768E-04   -4.8497E-03   
9.7064E-03   -9.2311E-05   
5.2689E-04   -4.8634E-03   
9.7244E-03   -7.9716E-05   
4.6345E-04   -4.8717E-03   
9.7466E-03   -7.0421E-05   
4.1744E-04   -4.8771E-03   
9.7746E-03   -6.3649E-05   
3.8981E-04   -4.8813E-03   
9.8096E-03   -5.9089E-05   
3.7997E-04   -4.8867E-03   
9.8527E-03   -5.6434E-05   
3.8452E-04   -4.8940E-03   
9.9048E-03   -5.5304E-05   
3.9348E-04   -4.9055E-03   
9.9670E-03   -5.5264E-05   
4.0534E-04   -4.9219E-03   
1.0040E-02   -5.6314E-05   
4.2046E-04   -4.9440E-03   
1.0124E-02   -5.8339E-05   
4.3855E-04   -4.9724E-03   
1.0219E-02   -6.1001E-05   
4.5866E-04   -5.0076E-03   
1.0328E-02   -6.3176E-05   
4.7966E-04   -5.0496E-03   
1.0447E-02   -6.4573E-05   
5.0075E-04   -5.0986E-03   
1.0571E-02   -6.8721E-05   
5.1877E-04   -5.1549E-03   
1.0709E-02   -7.2165E-05   
5.3265E-04   -5.2168E-03   
1.0861E-02   -7.7801E-05   
5.6865E-04   -5.2827E-03   
1.1030E-02   -8.0296E-05   
6.0065E-04   -5.3603E-03   
1.1215E-02   -8.1480E-05   
6.0199E-04   -5.4481E-03   
1.1413E-02   -8.3694E-05   
6.2950E-04   -5.5363E-03   
1.1634E-02   -8.4562E-05   
7.1595E-04   -5.6357E-03   
1.1874E-02   -8.2532E-05   
6.8531E-04   -5.7598E-03   
1.2096E-02   -7.5083E-05   
6.9114E-04   -5.8758E-03   
1.2332E-02   -8.8157E-05   
7.1664E-04   -5.9958E-03   
1.2782E-02   -4.1163E-05   
7.8784E-03   -1.6259E-03   
8.0398E-03   -1.5226E-03   
7.4340E-03   -1.9430E-03   
8.1947E-03   -1.4261E-03   
7.2736E-03   -2.0491E-03   
5.8183E-03   -3.1196E-03   
5.9813E-03   -2.9983E-03   
6.1389E-03   -2.8702E-03   
6.2980E-03   -2.7450E-03   
6.4584E-03   -2.6227E-03   
5.5852E-03   -3.1704E-03   
6.6203E-03   -2.5031E-03   
7.1106E-03   -2.1589E-03   
8.3434E-03   -1.3310E-03   
6.7832E-03   -2.3860E-03   
6.9471E-03   -2.2713E-03   
5.1898E-03   -3.0876E-03   
8.4853E-03   -1.2359E-03   
9.2925E-03   -6.2771E-04   
9.3758E-03   -5.4856E-04   
9.4488E-03   -4.7158E-04   
9.2000E-03   -7.0861E-04   
4.5493E-03   -2.9569E-03   
8.6210E-03   -1.1423E-03   
9.0992E-03   -7.9112E-04   
8.8739E-03   -9.6203E-04   
8.7506E-03   -1.0510E-03   
8.9903E-03   -8.7559E-04   
3.6204E-03   -2.8021E-03   
2.8185E-03   -2.7114E-03   
9.5126E-03   -3.9515E-04   
9.5692E-03   -3.1717E-04   
9.6187E-03   -2.3697E-04   
1.9838E-03   -2.8568E-03   
2.7024E-03   -3.7457E-03   
2.4269E-03   -4.0120E-03   
2.1825E-03   -4.2212E-03   
1.9482E-03   -4.3774E-03   
1.7159E-03   -4.4915E-03   
1.4914E-03   -4.5754E-03   
9.6584E-03   -1.5240E-04   
1.2839E-03   -4.6387E-03   
1.1008E-03   -4.6876E-03   
9.6380E-03   -1.8354E-04   
9.4585E-04   -4.7258E-03   
9.6542E-03   -1.5069E-04   
8.1992E-04   -4.7556E-03   
9.6697E-03   -1.2883E-04   
7.2290E-04   -4.7793E-03   
9.6885E-03   -1.1288E-04   
6.5164E-04   -4.7986E-03   
9.7126E-03   -1.0136E-04   
6.0736E-04   -4.8135E-03   
9.7439E-03   -9.2895E-05   
5.9138E-04   -4.8249E-03   
9.7827E-03   -8.7740E-05   
5.8487E-04   -4.8406E-03   
9.8293E-03   -8.5455E-05   
5.8841E-04   -4.8576E-03   
9.8866E-03   -8.4705E-05   
6.0148E-04   -4.8753E-03   
9.9559E-03   -8.5269E-05   
6.1885E-04   -4.8973E-03   
1.0034E-02   -8.7987E-05   
6.4268E-04   -4.9238E-03   
1.0124E-02   -9.2144E-05   
6.7380E-04   -4.9558E-03   
1.0229E-02   -9.5877E-05   
7.0599E-04   -4.9947E-03   
1.0351E-02   -9.7818E-05   
7.3770E-04   -5.0408E-03   
1.0470E-02   -9.5438E-05   
7.6568E-04   -5.0947E-03   
1.0581E-02   -1.1096E-04   
7.7872E-04   -5.1567E-03   
7.6825E-04   -5.2180E-03   
9.0811E-04   -5.3704E-03   
1.1249E-02   -1.2581E-04   
1.0081E-03   -5.6721E-03   
1.0338E-03   -5.8809E-03   
1.1711E-02   -1.2948E-04   
1.3086E-02   -4.2868E-05   
9.4800E-03   -3.9414E-04   
9.5427E-03   -3.2258E-04   
9.6004E-03   -2.4908E-04   
7.5748E-03   -1.7447E-03   
7.4304E-03   -1.8317E-03   
5.5950E-03   -3.1747E-03   
5.3330E-03   -3.2490E-03   
6.2580E-03   -2.6510E-03   
5.7671E-03   -3.0428E-03   
6.4234E-03   -2.5256E-03   
5.9309E-03   -2.9093E-03   
7.2656E-03   -1.9379E-03   
8.2115E-03   -1.3113E-03   
6.0943E-03   -2.7790E-03   
9.2361E-03   -6.1007E-04   
9.1334E-03   -6.8838E-04   
6.5903E-03   -2.4028E-03   
6.7587E-03   -2.2824E-03   
8.7774E-03   -9.3719E-04   
8.9036E-03   -8.5155E-04   
9.3302E-03   -5.3342E-04   
4.7503E-03   -3.2382E-03   
9.4111E-03   -4.6277E-04   
7.0971E-03   -2.0496E-03   
8.6444E-03   -1.0263E-03   
6.9281E-03   -2.1647E-03   
9.0225E-03   -7.6877E-04   
8.3605E-03   -1.2138E-03   
8.5051E-03   -1.1188E-03   
3.3066E-03   -3.8259E-03   
2.9713E-03   -4.0250E-03   
2.6647E-03   -4.1656E-03   
2.3648E-03   -4.2705E-03   
2.0776E-03   -4.3540E-03   
1.8120E-03   -4.4246E-03   
1.5743E-03   -4.4868E-03   
1.3678E-03   -4.5422E-03   
9.6413E-03   -1.8888E-04   
9.5892E-03   -2.1849E-04   
1.1936E-03   -4.5919E-03   
9.6010E-03   -1.8689E-04   
1.0520E-03   -4.6363E-03   
9.6168E-03   -1.6196E-04   
9.4146E-04   -4.6761E-03   
9.6363E-03   -1.4446E-04   
8.6183E-04   -4.7107E-03   
9.6624E-03   -1.3215E-04   
8.1625E-04   -4.7380E-03   
9.6993E-03   -1.2208E-04   
8.3326E-04   -4.7503E-03   
9.7393E-03   -1.1837E-04   
7.9519E-04   -4.7884E-03   
9.7883E-03   -1.1732E-04   
7.9932E-04   -4.8132E-03   
9.8552E-03   -1.1684E-04   
8.1569E-04   -4.8390E-03   
9.9310E-03   -1.1796E-04   
8.7544E-04   -4.8941E-03   
1.0356E-03   -5.1616E-03   
1.0106E-02   -1.3107E-04   
9.2694E-04   -4.9273E-03   
9.6879E-04   -4.9711E-03   
1.0464E-03   -5.0838E-03   
1.0738E-02   -1.0702E-04   
1.1081E-02   -1.1782E-04   
1.1272E-02   -1.7627E-04   
1.0229E-02   -1.3561E-04   
1.3784E-03   -5.7547E-03   
1.1508E-02   -1.7843E-04   
1.0571E-03   -5.5823E-03   
1.0510E-02   -1.5664E-04   
1.2550E-03   -5.2787E-03   
9.5707E-03   -2.6197E-04   
9.5037E-03   -3.3307E-04   
9.4427E-03   -3.9596E-04   
7.9401E-03   -1.3886E-03   
7.8919E-03   -1.5004E-03   
8.0768E-03   -1.2988E-03   
7.2782E-03   -1.8271E-03   
9.2774E-03   -5.2090E-04   
5.5434E-03   -3.0892E-03   
9.3729E-03   -4.4735E-04   
5.3376E-03   -3.2393E-03   
4.9088E-03   -3.3899E-03   
5.7213E-03   -2.9498E-03   
6.2268E-03   -2.5548E-03   
6.0582E-03   -2.6853E-03   
7.0979E-03   -1.9403E-03   
5.8913E-03   -2.8163E-03   
6.3979E-03   -2.4265E-03   
8.2320E-03   -1.2007E-03   
8.8116E-03   -8.3353E-04   
9.1726E-03   -5.9625E-04   
6.5709E-03   -2.3007E-03   
8.9399E-03   -7.5155E-04   
9.0603E-03   -6.7273E-04   
8.6758E-03   -9.1958E-04   
6.7455E-03   -2.1777E-03   
6.9214E-03   -2.0575E-03   
8.5333E-03   -1.0097E-03   
8.3850E-03   -1.1038E-03   
3.4488E-03   -3.3221E-03   
3.6778E-03   -3.8232E-03   
3.3481E-03   -3.9244E-03   
3.0177E-03   -4.0108E-03   
2.6988E-03   -4.0885E-03   
2.3994E-03   -4.1619E-03   
2.1249E-03   -4.2326E-03   
1.8786E-03   -4.3010E-03   
1.6631E-03   -4.3668E-03   
9.5132E-03   -2.6083E-04   
1.4800E-03   -4.4292E-03   
9.5335E-03   -2.1890E-04   
1.3300E-03   -4.4877E-03   
1.2081E-03   -4.5441E-03   
9.5493E-03   -1.9368E-04   
9.5679E-03   -1.7674E-04   
1.1063E-03   -4.6012E-03   
9.5917E-03   -1.6658E-04   
1.0131E-03   -4.6972E-03   
9.6639E-03   -1.5715E-04   
1.0220E-03   -4.7227E-03   
9.8147E-03   -1.5243E-04   
9.7362E-03   -1.5298E-04   
1.0342E-03   -4.7585E-03   
1.1529E-03   -4.8427E-03   
8.3407E-04   -4.8668E-03   
1.1995E-03   -4.8888E-03   
1.2548E-03   -4.9366E-03   
1.3029E-03   -5.5854E-03   
1.2880E-03   -5.4921E-03   
1.3150E-03   -4.9917E-03   
1.0076E-02   -1.7672E-04   
1.0665E-02   -1.4490E-04   
1.0359E-02   -1.9282E-04   
1.1032E-02   -1.6928E-04   
1.0212E-02   -1.8245E-04   
1.0010E-02   -1.2435E-04   
1.3903E-03   -5.0603E-03   
1.2032E-03   -5.3997E-03   
1.3141E-03   -5.1707E-03   
1.1755E-02   -1.7900E-04   
1.3025E-03   -5.8725E-03   
1.2559E-03   -5.6795E-03   
1.1292E-02   -2.3056E-04   
7.7562E-03   -1.4524E-03   
9.5256E-03   -2.8356E-04   
9.3205E-03   -4.4075E-04   
5.5098E-03   -2.9871E-03   
9.2131E-03   -5.1482E-04   
5.3080E-03   -3.1345E-03   
4.4481E-03   -3.5533E-03   
7.1133E-03   -1.8291E-03   
6.0307E-03   -2.5898E-03   
5.8594E-03   -2.7232E-03   
5.6914E-03   -2.8547E-03   
8.0990E-03   -1.2012E-03   
6.2056E-03   -2.4568E-03   
8.8521E-03   -7.3964E-04   
6.3831E-03   -2.3260E-03   
8.9811E-03   -6.6181E-04   
9.1009E-03   -5.8735E-04   
8.7145E-03   -8.2204E-04   
6.5629E-03   -2.1977E-03   
6.9273E-03   -1.9498E-03   
8.2604E-03   -1.0984E-03   
8.5694E-03   -9.0929E-04   
6.7447E-03   -2.0724E-03   
8.4176E-03   -1.0016E-03   
4.2838E-03   -3.5955E-03   
3.9814E-03   -3.6621E-03   
7.5198E-03   -1.5881E-03   
3.6554E-03   -3.7309E-03   
7.3092E-03   -1.7088E-03   
3.3304E-03   -3.8009E-03   
3.0205E-03   -3.8710E-03   
2.7291E-03   -3.9424E-03   
2.4587E-03   -4.0155E-03   
2.2138E-03   -4.0899E-03   
1.9975E-03   -4.1640E-03   
1.3233E-03   -4.5645E-03   
9.4446E-03   -2.7977E-04   
1.8128E-03   -4.2361E-03   
1.6576E-03   -4.3071E-03   
9.4561E-03   -2.4877E-04   
1.5219E-03   -4.3826E-03   
9.4673E-03   -2.2689E-04   
9.4811E-03   -2.1317E-04   
1.0364E-03   -4.6487E-03   
9.6020E-03   -1.9432E-04   
1.3143E-03   -4.6227E-03   
1.2419E-03   -4.7687E-03   
1.0558E-02   -2.0131E-04   
1.0169E-02   -2.3663E-04   
9.7761E-03   -1.9511E-04   
1.4902E-03   -4.8408E-03   
9.6764E-03   -1.9321E-04   
1.5709E-03   -4.8869E-03   
1.0361E-03   -4.8001E-03   
1.5667E-03   -5.6009E-03   
1.6380E-03   -4.9426E-03   
1.0789E-02   -1.9123E-04   
1.6147E-03   -5.1726E-03   
1.5681E-03   -5.2803E-03   
9.9455E-03   -1.7213E-04   
1.6157E-03   -5.4771E-03   
1.4268E-03   -4.7967E-03   
1.0035E-02   -2.2803E-04   
1.1534E-02   -2.3140E-04   
1.1067E-02   -2.2609E-04   
9.3472E-03   -3.7982E-04   
9.2471E-03   -4.4727E-04   
9.4361E-03   -3.5270E-04   
5.0109E-03   -3.2079E-03   
5.5137E-03   -2.8903E-03   
7.9546E-03   -1.2097E-03   
5.8333E-03   -2.6302E-03   
9.1389E-03   -5.1479E-04   
5.6576E-03   -2.7676E-03   
6.0126E-03   -2.4932E-03   
3.8859E-03   -3.5267E-03   
6.1948E-03   -2.3578E-03   
6.9467E-03   -1.8416E-03   
8.7593E-03   -7.3351E-04   
9.0219E-03   -5.8426E-04   
8.8956E-03   -6.5669E-04   
8.1291E-03   -1.1019E-03   
6.3797E-03   -2.2246E-03   
8.6124E-03   -8.1720E-04   
6.5669E-03   -2.0944E-03   
6.7561E-03   -1.9669E-03   
8.2965E-03   -1.0013E-03   
8.4578E-03   -9.0663E-04   
7.1456E-03   -1.7162E-03   
4.5741E-03   -3.4048E-03   
4.2665E-03   -3.4513E-03   
3.9422E-03   -3.5138E-03   
4.9131E-03   -3.3602E-03   
3.6396E-03   -3.5749E-03   
7.3528E-03   -1.5901E-03   
7.5665E-03   -1.4614E-03   
3.3512E-03   -3.6378E-03   
9.4219E-03   -3.2014E-04   
7.7697E-03   -1.3323E-03   
3.0761E-03   -3.7053E-03   
2.8191E-03   -3.7781E-03   
2.3732E-03   -3.9333E-03   
9.3629E-03   -3.0734E-04   
2.1940E-03   -4.0111E-03   
2.0490E-03   -4.0869E-03   
9.3619E-03   -2.8357E-04   
9.3694E-03   -2.6417E-04   
1.5897E-03   -4.3875E-03   
1.3361E-03   -4.6783E-03   
9.5191E-03   -2.3838E-04   
9.9133E-03   -2.2141E-04   
1.8011E-03   -4.7734E-03   
1.3606E-03   -4.4851E-03   
1.0312E-02   -2.4891E-04   
1.6962E-03   -4.4000E-03   
9.9725E-03   -2.8558E-04   
1.4021E-03   -4.7535E-03   
1.9150E-03   -5.1675E-03   
1.7110E-03   -4.7325E-03   
1.7226E-03   -4.9847E-03   
9.8115E-03   -2.2030E-04   
1.0880E-02   -2.2333E-04   
9.5928E-03   -2.4224E-04   
1.6708E-03   -5.0672E-03   
1.5769E-03   -5.3789E-03   
1.1062E-02   -2.8571E-04   
1.1761E-02   -2.2819E-04   
1.6130E-03   -5.8034E-03   
2.0125E-03   -5.4521E-03   
1.0721E-02   -1.6552E-04   
9.1692E-03   -4.5646E-04   
5.4241E-03   -2.8338E-03   
6.9797E-03   -1.7335E-03   
5.6310E-03   -2.6767E-03   
5.8182E-03   -2.5348E-03   
9.0582E-03   -5.2108E-04   
6.0053E-03   -2.3956E-03   
7.9914E-03   -1.1142E-03   
8.8090E-03   -6.5485E-04   
8.9408E-03   -5.8604E-04   
6.1955E-03   -2.2580E-03   
8.6622E-03   -7.3349E-04   
6.7795E-03   -1.8616E-03   
6.3884E-03   -2.1230E-03   
8.1697E-03   -1.0092E-03   
6.5834E-03   -1.9910E-03   
8.5055E-03   -8.1917E-04   
8.3409E-03   -9.1126E-04   
4.8518E-03   -3.1745E-03   
4.4830E-03   -3.2553E-03   
9.3585E-03   -3.3760E-04   
4.2131E-03   -3.2988E-03   
7.6061E-03   -1.3497E-03   
7.1875E-03   -1.6048E-03   
7.8040E-03   -1.2279E-03   
3.9498E-03   -3.3431E-03   
3.6884E-03   -3.3955E-03   
7.3983E-03   -1.4765E-03   
3.4385E-03   -3.4558E-03   
3.2034E-03   -3.5224E-03   
2.9869E-03   -3.5953E-03   
9.3805E-03   -2.5270E-04   
2.7977E-03   -3.6697E-03   
1.9220E-03   -4.1735E-03   
2.6506E-03   -3.7382E-03   
9.2465E-03   -3.5209E-04   
9.7441E-03   -2.6691E-04   
9.2508E-03   -3.2335E-04   
1.6986E-03   -4.4572E-03   
1.5853E-03   -4.6366E-03   
9.4567E-03   -2.3968E-04   
1.7686E-03   -4.3180E-03   
9.6644E-03   -2.5451E-04   
2.0457E-03   -4.6094E-03   
2.0215E-03   -4.9440E-03   
1.6609E-03   -4.6791E-03   
1.9030E-03   -4.9024E-03   
9.4142E-03   -2.9196E-04   
1.0648E-02   -2.5947E-04   
2.2793E-03   -5.0390E-03   
1.0851E-02   -2.7757E-04   
1.8431E-03   -5.2694E-03   
1.1042E-02   -3.5178E-04   
2.0229E-03   -5.6941E-03   
1.1582E-02   -2.9108E-04   
1.1996E-02   -1.8948E-04   
2.2817E-03   -5.5007E-03   
1.0430E-02   -2.7072E-04   
9.1971E-03   -4.0704E-04   
5.2897E-03   -3.0096E-03   
5.4365E-03   -2.7170E-03   
5.6236E-03   -2.5781E-03   
6.8141E-03   -1.7576E-03   
5.8146E-03   -2.4376E-03   
8.9838E-03   -5.3116E-04   
8.8691E-03   -5.8292E-04   
6.0095E-03   -2.2972E-03   
4.8660E-03   -3.0643E-03   
8.7208E-03   -6.5630E-04   
8.0379E-03   -1.0238E-03   
6.2082E-03   -2.1581E-03   
6.6106E-03   -1.8884E-03   
8.5610E-03   -7.3862E-04   
6.4091E-03   -2.0217E-03   
8.2191E-03   -9.2209E-04   
8.3934E-03   -8.2721E-04   
4.6983E-03   -3.0662E-03   
7.0231E-03   -1.6271E-03   
7.6517E-03   -1.2484E-03   
7.8486E-03   -1.1327E-03   
4.4868E-03   -3.0794E-03   
7.4458E-03   -1.3710E-03   
4.2489E-03   -3.1128E-03   
4.0229E-03   -3.1529E-03   
7.2350E-03   -1.4978E-03   
9.2885E-03   -3.5828E-04   
3.4158E-03   -3.3186E-03   
3.8060E-03   -3.1998E-03   
9.2554E-03   -3.0677E-04   
3.6027E-03   -3.2554E-03   
9.4874E-03   -2.1051E-04   
2.1723E-03   -4.0607E-03   
2.5483E-03   -3.7998E-03   
2.1737E-03   -4.1072E-03   
3.2661E-03   -3.3792E-03   
9.1271E-03   -3.8907E-04   
9.4834E-03   -3.0101E-04   
9.3515E-03   -2.8919E-04   
2.0789E-03   -4.2128E-03   
2.0590E-03   -4.5223E-03   
2.2217E-03   -4.7958E-03   
1.0825E-02   -3.4423E-04   
9.5592E-03   -3.1411E-04   
2.0282E-03   -4.4480E-03   
1.0233E-02   -3.1282E-04   
2.3360E-03   -4.9212E-03   
1.0383E-02   -3.3749E-04   
2.2204E-03   -5.1705E-03   
1.7412E-03   -4.4933E-03   
1.1282E-02   -3.5704E-04   
9.8487E-03   -2.7628E-04   
1.2268E-02   -1.4780E-04   
2.5190E-03   -5.3098E-03   
5.0577E-03   -2.9094E-03   
9.0817E-03   -4.7205E-04   
5.4325E-03   -2.6200E-03   
5.6263E-03   -2.4801E-03   
5.8246E-03   -2.3393E-03   
6.6481E-03   -1.7876E-03   
8.9622E-03   -5.0436E-04   
5.2669E-03   -2.8337E-03   
8.7909E-03   -5.8280E-04   
6.8589E-03   -1.6555E-03   
6.0275E-03   -2.1978E-03   
8.6240E-03   -6.6439E-04   
6.2342E-03   -2.0576E-03   
6.4414E-03   -1.9208E-03   
8.0921E-03   -9.3874E-04   
8.4535E-03   -7.4920E-04   
8.2760E-03   -8.4021E-04   
4.9583E-03   -2.8505E-03   
7.4986E-03   -1.2732E-03   
7.9012E-03   -1.0441E-03   
7.7033E-03   -1.1556E-03   
9.4091E-03   -2.4354E-04   
4.7148E-03   -2.8806E-03   
7.0728E-03   -1.5247E-03   
4.5285E-03   -2.8951E-03   
7.2870E-03   -1.3968E-03   
9.1269E-03   -3.6772E-04   
3.9953E-03   -2.9930E-03   
4.3433E-03   -2.9165E-03   
3.8500E-03   -3.0419E-03   
4.1647E-03   -2.9494E-03   
2.7721E-03   -3.7888E-03   
9.1074E-03   -4.2602E-04   
9.2605E-03   -2.9904E-04   
3.1563E-03   -3.4354E-03   
9.6529E-03   -1.4839E-04   
2.5319E-03   -4.1073E-03   
9.2994E-03   -2.9205E-04   
9.7625E-03   -3.3992E-04   
9.6500E-03   -3.2739E-04   
9.3598E-03   -3.6669E-04   
9.2903E-03   -3.5450E-04   
1.0107E-02   -3.8492E-04   
9.2286E-03   -3.4737E-04   
1.9975E-03   -4.3946E-03   
2.5797E-03   -4.3009E-03   
2.4943E-03   -3.8474E-03   
2.7245E-03   -3.7534E-03   
2.4767E-03   -4.5898E-03   
1.0416E-02   -3.9551E-04   
2.4058E-03   -4.8056E-03   
2.2092E-03   -4.2051E-03   
1.1013E-02   -4.2374E-04   
2.3351E-03   -5.2579E-03   
1.2610E-02   -7.5276E-05   
2.6571E-03   -4.8776E-03   
1.2232E-02   -2.0446E-04   
1.0790E-02   -4.1677E-04   
1.0106E-02   -2.9515E-04   
2.6038E-03   -4.9974E-03   
5.2397E-03   -2.7612E-03   
5.4437E-03   -2.5199E-03   
5.6448E-03   -2.3823E-03   
6.6950E-03   -1.6893E-03   
8.8657E-03   -5.1116E-04   
5.8474E-03   -2.2410E-03   
6.4835E-03   -1.8219E-03   
8.6898E-03   -5.9765E-04   
6.0594E-03   -2.0976E-03   
6.2725E-03   -1.9575E-03   
8.5217E-03   -6.7737E-04   
7.5567E-03   -1.1830E-03   
8.1518E-03   -8.5946E-04   
8.3415E-03   -7.6356E-04   
7.9585E-03   -9.6273E-04   
5.0315E-03   -2.7212E-03   
7.7608E-03   -1.0701E-03   
9.0139E-03   -4.5073E-04   
6.9105E-03   -1.5574E-03   
7.3443E-03   -1.3028E-03   
4.9298E-03   -2.6961E-03   
7.1278E-03   -1.4280E-03   
4.7858E-03   -2.6893E-03   
4.3698E-03   -2.7475E-03   
4.4982E-03   -2.7171E-03   
8.9979E-03   -4.3419E-04   
4.6393E-03   -2.6976E-03   
9.1249E-03   -3.5570E-04   
9.5412E-03   -2.0187E-04   
3.7253E-03   -3.0987E-03   
9.1766E-03   -3.4582E-04   
9.1509E-03   -4.2542E-04   
2.7516E-03   -3.7062E-03   
9.2489E-03   -3.0485E-04   
9.0893E-03   -4.1457E-04   
9.2188E-03   -4.4186E-04   
3.0017E-03   -3.8889E-03   
9.8982E-03   -3.4924E-04   
9.5362E-03   -3.9895E-04   
3.1069E-03   -3.4743E-03   
9.8392E-03   -4.2515E-04   
2.7703E-03   -4.5676E-03   
2.2466E-03   -4.5927E-03   
3.1389E-03   -3.8913E-03   
2.9647E-03   -3.7645E-03   
1.0745E-02   -4.9557E-04   
1.1245E-02   -4.3014E-04   
2.8002E-03   -4.7011E-03   
2.6330E-03   -5.0907E-03   
1.2464E-02   -1.6670E-04   
2.9245E-03   -4.8348E-03   
5.2354E-03   -2.6638E-03   
5.4862E-03   -2.4215E-03   
6.5329E-03   -1.7269E-03   
5.6626E-03   -2.2906E-03   
8.7371E-03   -5.5079E-04   
6.7485E-03   -1.5951E-03   
5.8807E-03   -2.1432E-03   
6.3185E-03   -1.8605E-03   
8.5932E-03   -6.1454E-04   
7.6195E-03   -1.1009E-03   
6.1005E-03   -1.9992E-03   
7.4074E-03   -1.2159E-03   
5.2516E-03   -2.5505E-03   
8.4227E-03   -6.9274E-04   
8.0170E-03   -8.9109E-04   
7.8216E-03   -9.9332E-04   
5.1318E-03   -2.5182E-03   
7.1887E-03   -1.3378E-03   
6.9679E-03   -1.4648E-03   
8.9877E-03   -4.1863E-04   
9.1380E-03   -3.4897E-04   
4.7978E-03   -2.5131E-03   
5.0103E-03   -2.5081E-03   
3.2702E-03   -3.3997E-03   
4.8993E-03   -2.5050E-03   
9.1231E-03   -3.5212E-04   
4.2525E-03   -2.7911E-03   
3.6232E-03   -3.5251E-03   
8.9349E-03   -4.9080E-04   
3.6079E-03   -3.1676E-03   
8.9942E-03   -5.0635E-04   
9.0353E-03   -4.0937E-04   
9.2977E-03   -4.6278E-04   
3.2962E-03   -3.6399E-03   
3.3632E-03   -4.6548E-03   
3.3775E-03   -3.8599E-03   
9.9425E-03   -4.6915E-04   
9.6637E-03   -4.1394E-04   
1.1206E-02   -5.0502E-04   
3.4078E-03   -3.4418E-03   
2.9636E-03   -4.9117E-03   
1.0525E-02   -4.8747E-04   
1.1514E-02   -3.6695E-04   
3.2785E-03   -4.3583E-03   
2.9761E-03   -4.2095E-03   
3.0777E-03   -4.2765E-03   
1.0689E-02   -5.8175E-04   
8.8514E-03   -4.8755E-04   
6.5878E-03   -1.6368E-03   
6.3708E-03   -1.7682E-03   
5.4382E-03   -2.3651E-03   
8.3488E-03   -7.0432E-04   
8.9731E-03   -4.1046E-04   
5.6917E-03   -2.1968E-03   
7.4765E-03   -1.1368E-03   
8.6779E-03   -5.5358E-04   
7.6868E-03   -1.0273E-03   
8.5000E-03   -6.3509E-04   
5.9203E-03   -2.0470E-03   
7.2562E-03   -1.2546E-03   
6.8078E-03   -1.5067E-03   
7.0318E-03   -1.3786E-03   
5.3019E-03   -2.3626E-03   
8.0581E-03   -8.4202E-04   
7.8862E-03   -9.2640E-04   
5.1326E-03   -2.3373E-03   
5.2100E-03   -2.3471E-03   
4.1115E-03   -2.8652E-03   
4.7051E-03   -2.5345E-03   
8.9775E-03   -4.1138E-04   
4.0104E-03   -3.0703E-03   
8.9910E-03   -4.0967E-04   
8.7671E-03   -5.7639E-04   
3.7044E-03   -3.3204E-03   
8.8805E-03   -4.8181E-04   
9.0574E-03   -5.2866E-04   
1.0300E-02   -4.7706E-04   
9.4009E-03   -4.8404E-04   
3.8833E-03   -3.4715E-03   
3.8598E-03   -3.0247E-03   
3.2502E-03   -3.4479E-03   
1.0198E-02   -4.2777E-04   
9.6826E-03   -5.2641E-04   
3.6714E-03   -3.7755E-03   
3.3759E-03   -4.7811E-03   
3.7246E-03   -4.3232E-03   
4.0535E-03   -3.1842E-03   
1.0581E-02   -4.0737E-04   
1.0934E-02   -5.7973E-04   
1.1474E-02   -4.3607E-04   
1.1752E-02   -3.1890E-04   
3.6440E-03   -3.8917E-03   
3.8887E-03   -4.0144E-03   
8.3973E-03   -6.6491E-04   
6.2017E-03   -1.8170E-03   
6.4220E-03   -1.6850E-03   
8.8102E-03   -4.7597E-04   
7.9715E-03   -8.6106E-04   
7.7646E-03   -9.6011E-04   
8.5475E-03   -5.9934E-04   
6.6450E-03   -1.5545E-03   
7.5523E-03   -1.0654E-03   
7.3312E-03   -1.1787E-03   
5.9769E-03   -1.9531E-03   
7.1031E-03   -1.2994E-03   
6.8729E-03   -1.4253E-03   
5.5254E-03   -2.2472E-03   
5.4692E-03   -2.2195E-03   
5.4064E-03   -2.1996E-03   
5.0654E-03   -2.3381E-03   
4.6032E-03   -2.5783E-03   
5.7223E-03   -2.1020E-03   
8.8299E-03   -4.7780E-04   
8.6651E-03   -5.5694E-04   
8.1939E-03   -7.6025E-04   
8.7124E-03   -5.6361E-04   
4.1731E-03   -2.9185E-03   
3.8970E-03   -3.0370E-03   
4.2634E-03   -3.4532E-03   
8.8241E-03   -5.9589E-04   
4.4720E-03   -2.6588E-03   
8.7773E-03   -4.8898E-04   
4.4542E-03   -3.0438E-03   
9.1222E-03   -5.6070E-04   
4.4924E-03   -2.8410E-03   
9.8055E-03   -5.4861E-04   
1.0080E-02   -5.6136E-04   
9.5388E-03   -5.0308E-04   
1.1990E-02   -3.1200E-04   
4.4295E-03   -3.5959E-03   
4.3271E-03   -3.5333E-03   
4.0582E-03   -4.2397E-03   
1.0657E-02   -6.6778E-04   
3.4491E-03   -4.8800E-03   
1.1155E-02   -5.8194E-04   
1.1745E-02   -3.7444E-04   
8.4899E-03   -6.1282E-04   
6.2463E-03   -1.7444E-03   
6.0252E-03   -1.8772E-03   
7.8542E-03   -8.9751E-04   
8.6639E-03   -5.4196E-04   
7.6379E-03   -1.0006E-03   
6.4754E-03   -1.6112E-03   
7.4155E-03   -1.1097E-03   
6.7104E-03   -1.4796E-03   
7.1838E-03   -1.2271E-03   
5.6467E-03   -2.0842E-03   
6.9469E-03   -1.3512E-03   
5.3585E-03   -2.1853E-03   
8.2892E-03   -6.9953E-04   
8.4835E-03   -6.4475E-04   
5.8403E-03   -1.9923E-03   
4.9172E-03   -2.3996E-03   
5.3172E-03   -2.1822E-03   
4.6329E-03   -2.6106E-03   
8.0722E-03   -7.9700E-04   
8.5390E-03   -6.5209E-04   
9.8037E-03   -6.1883E-04   
8.6219E-03   -5.5213E-04   
8.5949E-03   -6.6700E-04   
4.6821E-03   -2.6475E-03   
8.8725E-03   -6.2550E-04   
9.2348E-03   -5.8729E-04   
8.6200E-03   -5.5896E-04   
5.0003E-03   -3.1785E-03   
4.7542E-03   -2.7729E-03   
5.0777E-03   -2.7391E-03   
1.0024E-02   -5.1525E-04   
1.2043E-02   -3.7969E-04   
4.9416E-03   -3.0904E-03   
9.3975E-03   -6.0538E-04   
9.9895E-03   -6.4368E-04   
1.0365E-02   -7.7978E-04   
4.6463E-03   -3.5945E-03   
4.5319E-03   -3.8193E-03   
1.0332E-02   -6.8728E-04   
1.2191E-02   -2.5630E-04   
1.1441E-02   -5.0725E-04   
2.9714E-03   -5.1292E-03   
4.1078E-03   -3.4433E-03   
6.0528E-03   -1.8219E-03   
5.8341E-03   -1.9564E-03   
7.7338E-03   -9.4185E-04   
8.4041E-03   -6.4213E-04   
7.5093E-03   -1.0481E-03   
6.5391E-03   -1.5456E-03   
5.6114E-03   -2.0601E-03   
7.2745E-03   -1.1624E-03   
5.2727E-03   -2.1994E-03   
6.7858E-03   -1.4125E-03   
4.8069E-03   -2.4739E-03   
7.0316E-03   -1.2846E-03   
7.9552E-03   -8.3995E-04   
5.5914E-03   -2.0398E-03   
8.2942E-03   -7.4170E-04   
8.5698E-03   -5.7361E-04   
8.1731E-03   -7.4264E-04   
8.4405E-03   -6.4103E-04   
8.3905E-03   -7.3326E-04   
8.6539E-03   -6.8718E-04   
5.5537E-03   -2.7968E-03   
5.1147E-03   -2.5047E-03   
5.1447E-03   -2.7918E-03   
5.0250E-03   -2.6900E-03   
9.4603E-03   -7.2381E-04   
1.1368E-02   -5.8035E-04   
4.3312E-03   -4.1945E-03   
5.1003E-03   -2.3730E-03   
4.7939E-03   -3.0619E-03   
9.2656E-03   -7.1311E-04   
1.0194E-02   -6.4273E-04   
1.2271E-02   -2.9488E-04   
1.1744E-02   -5.0806E-04   
1.0413E-02   -8.5455E-04   
5.2837E-03   -3.4017E-03   
3.3483E-03   -5.0522E-03   
9.0772E-03   -7.0289E-04   
2.6926E-03   -5.1613E-03   
7.6129E-03   -9.9373E-04   
8.4156E-03   -6.3970E-04   
7.8395E-03   -8.8964E-04   
7.3773E-03   -1.1049E-03   
6.6172E-03   -1.4861E-03   
5.8359E-03   -1.9198E-03   
4.3469E-03   -2.7483E-03   
5.2061E-03   -2.2436E-03   
8.0623E-03   -7.8992E-04   
5.5823E-03   -2.0305E-03   
8.2436E-03   -7.3565E-04   
6.2913E-03   -1.6835E-03   
6.8755E-03   -1.3522E-03   
5.4959E-03   -2.6851E-03   
5.4663E-03   -2.4699E-03   
8.4047E-03   -7.6547E-04   
5.3039E-03   -2.4755E-03   
5.1229E-03   -2.3189E-03   
5.1551E-03   -2.3887E-03   
4.9994E-03   -2.5181E-03   
5.6281E-03   -2.4810E-03   
5.5357E-03   -2.9325E-03   
9.6624E-03   -7.3975E-04   
1.1058E-02   -6.7821E-04   
9.1260E-03   -8.2881E-04   
8.0016E-03   -8.5406E-04   
8.7493E-03   -8.1868E-04   
9.9060E-03   -7.5667E-04   
5.0700E-03   -3.7590E-03   
3.7799E-03   -4.5036E-03   
8.9412E-03   -8.1931E-04   
1.0460E-02   -5.7479E-04   
5.4914E-03   -3.4020E-03   
5.1231E-03   -3.3915E-03   
1.0738E-02   -8.1094E-04   
1.0073E-02   -9.0935E-04   
7.7266E-03   -9.4522E-04   
7.5002E-03   -1.0499E-03   
8.2020E-03   -7.3470E-04   
5.5522E-03   -2.0498E-03   
8.2510E-03   -7.0776E-04   
7.9519E-03   -8.4381E-04   
7.2513E-03   -1.1678E-03   
5.8554E-03   -1.8871E-03   
6.7142E-03   -1.4317E-03   
6.9829E-03   -1.2978E-03   
5.9049E-03   -2.2539E-03   
5.7457E-03   -2.2573E-03   
6.0870E-03   -1.7744E-03   
5.3882E-03   -2.1954E-03   
5.4784E-03   -2.1155E-03   
5.5022E-03   -2.1731E-03   
6.3520E-03   -1.6279E-03   
8.5034E-03   -7.8553E-04   
7.7891E-03   -9.7404E-04   
8.6209E-03   -9.3331E-04   
5.4421E-03   -2.2714E-03   
8.5052E-03   -8.5756E-04   
5.6921E-03   -3.0688E-03   
9.3087E-03   -8.4513E-04   
6.0639E-03   -2.5932E-03   
4.0357E-03   -4.0350E-03   
5.7520E-03   -3.3591E-03   
8.1618E-03   -8.9034E-04   
8.7943E-03   -9.4013E-04   
6.0630E-03   -2.3387E-03   
5.8956E-03   -3.0742E-03   
4.5495E-03   -4.1864E-03   
1.0138E-02   -9.8132E-04   
1.1092E-02   -7.6827E-04   
7.6354E-03   -9.9632E-04   
7.8419E-03   -9.0368E-04   
6.4381E-03   -1.5735E-03   
5.6946E-03   -2.0283E-03   
6.8284E-03   -1.3841E-03   
5.8531E-03   -2.0738E-03   
5.9067E-03   -1.8542E-03   
7.8455E-03   -9.9645E-04   
6.1474E-03   -1.7273E-03   
5.8568E-03   -1.9060E-03   
8.7221E-03   -6.9859E-04   
7.1134E-03   -1.2475E-03   
8.0473E-03   -8.1213E-04   
5.9937E-03   -2.0682E-03   
8.4704E-03   -1.0572E-03   
6.1459E-03   -2.0659E-03   
8.4758E-03   -9.3168E-04   
3.4453E-03   -4.3724E-03   
6.1086E-03   -3.2611E-03   
8.9650E-03   -9.5501E-04   
3.8873E-03   -4.5513E-03   
6.5454E-03   -2.1674E-03   
6.0502E-03   -2.7506E-03   
8.2027E-03   -9.3935E-04   
9.4944E-03   -8.6803E-04   
4.7760E-03   -4.1741E-03   
6.5065E-03   -2.3181E-03   
6.2826E-03   -2.7684E-03   
5.3653E-03   -3.7013E-03   
9.7784E-03   -1.0505E-03   
6.0741E-03   -2.2391E-03   
1.1471E-02   -7.1736E-04   
6.5475E-03   -1.5230E-03   
6.2289E-03   -1.8910E-03   
7.4254E-03   -1.0999E-03   
6.2570E-03   -1.6711E-03   
7.5405E-03   -1.1074E-03   
6.2981E-03   -2.0694E-03   
5.7603E-03   -2.0743E-03   
8.7902E-03   -1.0904E-03   
6.9468E-03   -1.3479E-03   
6.3710E-03   -1.8897E-03   
6.1207E-03   -1.7555E-03   
7.8859E-03   -1.0394E-03   
8.6283E-03   -1.0716E-03   
7.7054E-03   -9.8030E-04   
5.8889E-03   -1.9637E-03   
8.2243E-03   -1.0015E-03   
5.0115E-03   -3.2761E-03   
6.4237E-03   -2.1037E-03   
6.5123E-03   -2.4421E-03   
6.6030E-03   -2.5129E-03   
6.4840E-03   -2.8043E-03   
6.7169E-03   -2.9097E-03   
9.8448E-03   -1.1384E-03   
4.2430E-03   -4.5843E-03   
9.3017E-03   -1.0041E-03   
1.1774E-02   -5.9887E-04   
6.6628E-03   -1.4834E-03   
6.3815E-03   -1.6226E-03   
7.2604E-03   -1.2066E-03   
6.5865E-03   -1.7234E-03   
7.5699E-03   -1.1485E-03   
8.2742E-03   -1.0619E-03   
7.9225E-03   -1.0926E-03   
6.5247E-03   -1.8908E-03   
8.4554E-03   -1.2110E-03   
8.3009E-03   -1.1920E-03   
9.4452E-03   -1.1072E-03   
8.9548E-03   -1.1159E-03   
7.0389E-03   -2.3282E-03   
6.8855E-03   -2.2154E-03   
6.0774E-03   -1.9109E-03   
9.6506E-03   -9.0749E-04   
1.0453E-02   -9.1713E-04   
9.4093E-03   -1.3362E-03   
6.8533E-03   -2.7286E-03   
6.5961E-03   -3.1011E-03   
7.0167E-03   -2.5423E-03   
6.8316E-03   -1.9399E-03   
4.9290E-03   -4.2183E-03   
1.1831E-02   -6.7091E-04   
6.4870E-03   -1.5941E-03   
7.5435E-03   -1.0714E-03   
6.2293E-03   -1.7841E-03   
7.0301E-03   -1.3373E-03   
8.0775E-03   -1.3645E-03   
7.2401E-03   -1.2701E-03   
6.7717E-03   -1.4588E-03   
7.6030E-03   -1.2006E-03   
6.7351E-03   -1.7205E-03   
7.9646E-03   -1.2227E-03   
6.9035E-03   -1.7222E-03   
7.9808E-03   -1.2990E-03   
9.7363E-03   -9.7011E-04   
8.6185E-03   -1.2299E-03   
9.1328E-03   -1.1487E-03   
1.0691E-02   -9.2004E-04   
6.8974E-03   -2.0951E-03   
9.4544E-03   -1.0260E-03   
6.9545E-03   -1.9757E-03   
9.1332E-03   -1.2519E-03   
6.4722E-03   -1.7098E-03   
7.1147E-03   -1.7241E-03   
7.2431E-03   -2.3425E-03   
9.0867E-03   -1.3663E-03   
9.7928E-03   -1.2463E-03   
6.8647E-03   -2.3208E-03   
7.2593E-03   -2.5200E-03   
7.0194E-03   -2.8362E-03   
4.3850E-03   -4.6032E-03   
6.5740E-03   -1.5933E-03   
7.0934E-03   -1.5569E-03   
6.9175E-03   -1.4244E-03   
7.2977E-03   -1.3067E-03   
7.2306E-03   -1.9065E-03   
6.9202E-03   -1.5682E-03   
7.7085E-03   -1.4690E-03   
8.3313E-03   -1.3321E-03   
7.4152E-03   -2.6701E-03   
8.8044E-03   -1.4003E-03   
6.1989E-03   -1.7353E-03   
7.2527E-03   -1.7845E-03   
8.7649E-03   -1.2599E-03   
7.6579E-03   -1.2496E-03   
7.6454E-03   -1.3960E-03   
7.4859E-03   -2.1418E-03   
4.1771E-03   -4.8094E-03   
7.4696E-03   -2.3450E-03   
9.0032E-03   -1.4805E-03   
1.0071E-02   -1.1404E-03   
7.9623E-03   -1.1491E-03   
6.0303E-03   -1.8498E-03   
6.7652E-03   -1.5934E-03   
7.2704E-03   -1.5568E-03   
7.0257E-03   -1.4587E-03   
8.4237E-03   -1.3777E-03   
7.4471E-03   -1.4032E-03   
7.4393E-03   -1.6231E-03   
7.0589E-03   -1.3946E-03   
8.6929E-03   -1.6441E-03   
6.8045E-03   -1.5255E-03   
1.0382E-02   -1.0755E-03   
8.7152E-03   -1.5307E-03   
7.2694E-03   -2.1188E-03   
7.4352E-03   -1.5531E-03   
7.7658E-03   -2.4452E-03   
3.6696E-03   -5.0917E-03   
7.7348E-03   -1.2827E-03   
7.6080E-03   -1.8927E-03   
8.0824E-03   -1.4792E-03   
8.1645E-03   -1.5641E-03   
7.7635E-03   -1.9317E-03   
8.7311E-03   -1.7403E-03   
7.5036E-03   -1.7520E-03   
7.7129E-03   -2.3484E-03   
7.8246E-03   -2.5124E-03   
8.0100E-03   -1.7369E-03   
7.5353E-03   -1.8250E-03   
8.1443E-03   -2.4516E-03   
7.9284E-03   -1.9719E-03   
8.8831E-03   -1.2927E-03   
9.1704E-03   -1.6193E-03   
8.3317E-03   -1.8435E-03   
7.8011E-03   -1.6562E-03   
8.4239E-03   -1.5624E-03   
7.6787E-03   -2.1613E-03   
8.3306E-03   -1.9514E-03   
9.5825E-03   -1.4000E-03   
8.6145E-03   -2.2077E-03   
8.0356E-03   -2.0157E-03   
7.8245E-03   -1.7340E-03   
8.2244E-03   -2.1016E-03   
8.5309E-03   -2.0632E-03   
9.0244E-03   -1.8619E-03   
9.2671E-03   -1.6846E-03   
8.8051E-03   -2.0447E-03   
3.5730E-04   -6.2344E-03   
8.1012E-03   -2.2454E-03   
7.4819E-03   -2.7427E-03   
1.2529E-02   -2.8680E-04   
8.6051E-04   -5.4572E-03   
1.3407E-02   -3.8808E-05   
1.2196E-02   -6.2474E-04   
6.4120E-04   -6.2778E-03   
3.2885E-03   -5.1966E-03   
8.6830E-03   -2.2778E-03   
1.2727E-02   -1.4846E-04   
9.8336E-04   -6.2188E-03   
3.7639E-03   -4.8194E-03   
1.4002E-03   -6.1268E-03   
1.8268E-03   -6.0158E-03   
2.2536E-03   -5.8774E-03   
2.6988E-03   -5.7105E-03   
1.3719E-02   -3.4495E-05   
3.1553E-03   -5.5131E-03   
3.6458E-03   -5.2767E-03   
1.2033E-02   -5.0998E-04   
4.1587E-03   -5.0110E-03   
1.4042E-02   -3.1949E-05   
4.6938E-03   -4.7186E-03   
5.2597E-03   -4.3954E-03   
9.5629E-03   -1.5196E-03   
6.1137E-03   -3.9060E-03   
1.4383E-02   -2.8389E-05   
1.0901E-02   -6.4829E-04   
6.7272E-03   -3.6585E-03   
6.0105E-03   -3.1192E-03   
2.4742E-03   -5.5546E-03   
1.2126E-02   -4.4005E-04   
7.4615E-03   -3.3257E-03   
8.1167E-03   -3.1290E-03   
1.4736E-02   -2.3771E-05   
8.7219E-03   -2.9555E-03   
5.7249E-03   -3.7675E-03   
9.3890E-03   -2.7646E-03   
9.8945E-03   -2.6789E-03   
1.5103E-02   -1.9199E-05   
1.0488E-02   -2.4908E-03   
1.1142E-02   -2.3446E-03   
1.0746E-03   -5.9842E-03   
1.1748E-02   -2.1966E-03   
1.5529E-02   -1.5623E-05   
1.2865E-02   -9.1133E-05   
6.3188E-03   -3.3587E-03   
1.2395E-02   -2.0184E-03   
1.3005E-02   -1.8710E-03   
1.1545E-02   -7.7736E-04   
1.6006E-02   -7.0705E-06   
1.0730E-02   -1.0030E-03   
1.0044E-02   -1.2255E-03   
1.4173E-02   -1.5129E-03   
1.6461E-02   -2.2035E-04   
1.6555E-02   -2.4001E-04   
1.6552E-02   -3.5191E-05   
1.6604E-02   -1.0014E-05   
1.6496E-02   -1.1624E-04   
4.4690E-03   -4.7199E-03   
1.5405E-02   -9.6722E-04   
1.2261E-03   -6.0594E-03   
1.0969E-02   -1.0090E-03   
1.0456E-02   -1.1597E-03   
2.1941E-03   -5.7324E-03   
9.8291E-03   -1.4935E-03   
2.8781E-03   -5.4158E-03   
1.2786E-02   -2.3574E-04   
9.2400E-03   -1.8647E-03   
1.2487E-02   -5.1415E-04   
3.1747E-03   -5.3578E-03   
6.5011E-03   -3.3616E-03   
2.1241E-03   -5.8409E-03   
7.1934E-03   -2.9822E-03   
3.0393E-03   -5.5009E-03   
1.1411E-02   -8.8096E-04   
1.1581E-02   -2.0896E-03   
8.5946E-03   -2.8660E-03   
4.0732E-03   -5.0000E-03   
5.7590E-03   -3.8587E-03   
5.2067E-03   -4.3827E-03   
5.2380E-03   -4.2792E-03   
1.4195E-02   -6.1447E-05   
9.1964E-03   -2.1253E-03   
1.3003E-02   -1.2959E-04   
1.2271E-02   -6.8399E-04   
1.3572E-02   -6.8361E-05   
1.5472E-02   -3.4908E-05   
8.2611E-03   -2.5080E-03   
9.6314E-03   -2.5660E-03   
1.2316E-02   -3.2931E-04   
1.2381E-02   -4.5028E-04   
9.5468E-03   -1.5920E-03   
7.0808E-03   -2.8774E-03   
1.6296E-02   -2.2637E-06   
1.3617E-02   -1.6908E-03   
6.5329E-03   -3.6113E-03   
1.2543E-02   -1.8340E-03   
1.6594E-02   -1.4101E-04   
1.6695E-02   -4.5305E-06   
1.6668E-02   -1.9141E-05   
1.6625E-02   -6.9017E-05   
1.0582E-02   -2.3051E-03   
7.5959E-03   -3.1287E-03   
1.4892E-02   -4.3635E-05   
1.4730E-02   -1.0858E-03   
1.6058E-02   -2.1056E-05   
1.5434E-02   -8.2707E-04   
1.5880E-02   -2.8160E-04   
1.6112E-02   -3.0544E-05   
1.6023E-02   -8.7875E-05   
1.5743E-02   -5.1309E-04   
1.1277E-02   -1.0066E-03   
8.5284E-03   -2.7699E-03   
1.2903E-02   -1.8019E-04   
1.3229E-02   -1.4646E-04   
1.3996E-02   -1.0093E-04   
1.3898E-03   -5.9291E-03   
7.9832E-03   -2.7206E-03   
1.0290E-02   -1.3287E-03   
5.8136E-03   -3.9669E-03   
1.2821E-02   -2.9021E-04   
1.4686E-02   -7.5362E-05   
1.3422E-02   -1.6144E-03   
3.9885E-03   -4.9815E-03   
8.1000E-03   -2.8976E-03   
6.4597E-03   -3.5915E-03   
9.5429E-03   -2.4844E-03   
7.4671E-03   -2.9237E-03   
1.1172E-02   -2.0907E-03   
9.6946E-03   -1.7418E-03   
7.1152E-03   -3.2650E-03   
1.2100E-02   -8.0020E-04   
1.2567E-02   -5.7890E-04   
1.0121E-02   -2.3409E-03   
9.6628E-03   -1.8837E-03   
1.5086E-02   -5.9804E-05   
9.2631E-03   -2.2236E-03   
1.4340E-02   -8.7834E-05   
6.9662E-03   -3.1917E-03   
1.2681E-02   -3.6749E-04   
9.0304E-03   -2.6246E-03   
1.0077E-02   -1.5155E-03   
1.3599E-02   -1.1287E-04   
1.2762E-02   -4.1547E-04   
1.5299E-02   -4.4202E-04   
1.5640E-02   -6.2741E-05   
1.5525E-02   -1.5749E-04   
1.5723E-02   -3.3584E-05   
1.1669E-02   -8.8272E-04   
1.3977E-02   -1.3344E-03   
1.4895E-02   -8.6259E-04   
1.6008E-02   -6.8112E-05   
1.5794E-02   -4.1601E-04   
1.5875E-02   -1.6563E-04   
1.5807E-02   -2.1308E-04   
8.9437E-03   -2.5378E-03   
6.8591E-03   -3.3259E-03   
1.4805E-02   -9.6915E-05   
1.2989E-02   -1.6754E-03   
7.8602E-03   -2.9004E-03   
9.6969E-03   -1.9933E-03   
8.8466E-03   -2.4616E-03   
1.2959E-02   -5.2878E-04   
1.3446E-02   -1.6694E-04   
1.0762E-02   -2.1118E-03   
1.4155E-02   -1.2463E-04   
1.5452E-02   -2.3136E-04   
1.5661E-02   -9.8276E-05   
1.3133E-02   -3.7379E-04   
1.1138E-02   -1.1440E-03   
1.3163E-02   -2.6407E-04   
1.0628E-02   -1.3161E-03   
1.5309E-02   -3.2825E-04   
1.4202E-02   -1.0664E-03   
1.2424E-02   -7.8096E-04   
1.1768E-02   -1.8792E-03   
1.0108E-02   -1.6747E-03   
8.3651E-03   -2.6328E-03   
9.9494E-03   -2.2629E-03   
1.2133E-02   -8.7962E-04   
1.5438E-02   -5.6922E-05   
1.3894E-02   -1.2505E-03   
1.5023E-02   -6.3788E-04   
1.0930E-02   -1.9111E-03   
1.0592E-02   -1.5780E-03   
1.2013E-02   -9.9404E-04   
1.2817E-02   -7.1376E-04   
1.0354E-02   -2.0470E-03   
9.3509E-03   -2.3107E-03   
1.4919E-02   -1.1581E-04   
1.3615E-02   -1.2529E-03   
1.4169E-02   -1.6647E-04   
1.4579E-02   -1.3945E-04   
9.8514E-03   -2.1754E-03   
1.3397E-02   -2.8420E-04   
1.3454E-02   -2.1508E-04   
1.3243E-02   -4.2476E-04   
1.0090E-02   -1.6013E-03   
1.0155E-02   -1.8828E-03   
1.3079E-02   -5.8302E-04   
1.1948E-02   -1.6983E-03   
1.1478E-02   -1.1351E-03   
1.0991E-02   -1.2897E-03   
1.0476E-02   -1.7189E-03   
1.2434E-02   -9.2215E-04   
1.2729E-02   -8.1565E-04   
1.2181E-02   -1.8528E-03   
1.3358E-02   -4.7315E-04   
1.0246E-02   -1.9644E-03   
1.5257E-02   -9.1152E-05   
1.3765E-02   -2.1864E-04   
1.3504E-02   -3.3730E-04   
1.2994E-02   -1.4472E-03   
1.4027E-02   -2.2974E-04   
1.0904E-02   -1.4065E-03   
1.1729E-02   -1.1438E-03   
1.2779E-02   -8.8935E-04   
1.0603E-02   -1.7707E-03   
1.3900E-02   -2.9588E-04   
1.3922E-02   -1.0500E-03   
1.3224E-02   -6.1602E-04   
1.3754E-02   -4.1662E-04   
1.2740E-02   -1.6569E-03   
1.4733E-02   -1.5834E-04   
1.1143E-02   -1.4190E-03   
1.1653E-02   -1.2555E-03   
1.5396E-02   -1.0570E-04   
1.3572E-02   -5.6427E-04   
1.4941E-02   -1.7068E-04   
1.1089E-02   -1.6423E-03   
1.3950E-02   -3.4210E-04   
1.4520E-02   -2.1297E-04   
1.3874E-02   -4.5355E-04   
1.2041E-02   -1.2230E-03   
1.4213E-02   -2.4084E-04   
1.2560E-02   -1.0528E-03   
1.3326E-02   -7.7017E-04   
1.4226E-02   -3.4356E-04   
1.3464E-02   -8.4005E-04   
1.1206E-02   -1.7130E-03   
1.2921E-02   -1.0307E-03   
1.1482E-02   -1.4266E-03   
1.2398E-02   -1.2050E-03   
1.4596E-02   -2.4606E-04   
1.5325E-02   -1.5110E-04   
1.3752E-02   -8.4147E-04   
1.3308E-02   -9.9450E-04   
1.4688E-02   -2.7881E-04   
1.1591E-02   -1.5274E-03   
1.2156E-02   -1.3891E-03   
1.4469E-02   -3.4832E-04   
1.4218E-02   -7.4557E-04   
1.3222E-02   -1.1341E-03   
1.5092E-02   -2.2004E-04   
1.4430E-02   -4.0444E-04   
1.4151E-02   -8.7368E-04   
1.5259E-02   -2.3422E-04   
1.3667E-02   -1.0440E-03   
1.3995E-02   -4.9147E-04   
1.3688E-02   -6.1577E-04   
1.3855E-02   -6.5975E-04   
1.4373E-02   -5.4230E-04   
