51 
1844 
1.6541E-02   -4.4204E-03   
1.7899E-02   -2.9600E-03   
1.8932E-02   -1.8516E-03   
1.9633E-02   -9.1625E-04   
7.7690E-37   -1.1228E-03   
1.9879E-02   1.0773E-37   
2.0038E-02   -1.7184E-34   
2.0173E-02   -4.4806E-35   
2.0526E-02   2.0063E-35   
2.0879E-02   5.1079E-35   
2.1353E-02   1.3443E-34   
2.1955E-02   2.0293E-34   
2.2431E-02   2.5290E-34   
2.3258E-02   3.9009E-34   
2.3886E-02   4.6844E-34   
2.4574E-02   4.0188E-34   
2.4941E-02   6.1939E-34   
2.5719E-02   8.9384E-34   
2.6556E-02   1.2519E-33   
2.7000E-02   -2.7631E-30   
2.7000E-02   -1.3698E-34   
2.7000E-02   -1.3698E-34   
2.7000E-02   -1.3698E-34   
2.7000E-02   -1.3698E-34   
2.7000E-02   -1.3698E-34   
2.7000E-02   -1.3698E-34   
2.7000E-02   -1.3698E-34   
2.7000E-02   -1.3698E-34   
2.7000E-02   -1.3698E-34   
2.7000E-02   -1.3698E-34   
2.7000E-02   -1.3698E-34   
2.7000E-02   -1.3698E-34   
2.5739E-02   -8.0374E-04   
2.4396E-02   -1.4911E-03   
2.3772E-02   -1.7344E-03   
2.3155E-02   -1.9372E-03   
2.1925E-02   -2.2723E-03   
2.1309E-02   -2.4210E-03   
2.0069E-02   -2.7111E-03   
1.9443E-02   -2.8627E-03   
1.7847E-02   -3.4532E-03   
1.3989E-02   -5.7275E-03   
1.0852E-02   -7.5807E-03   
5.1080E-03   -1.1476E-02   
3.8804E-03   -1.2504E-02   
3.4132E-03   -1.2801E-02   
2.5242E-03   -1.3182E-02   
1.6586E-03   -1.3394E-02   
8.1689E-04   -1.3505E-02   
-3.0540E-37   -1.3536E-02   
1.3573E-33   -1.3261E-02   
1.4591E-33   -1.2989E-02   
1.3949E-33   -1.2618E-02   
1.3245E-33   -1.2404E-02   
1.1580E-33   -1.2059E-02   
1.0474E-33   -1.1865E-02   
9.4887E-34   -1.1687E-02   
8.3535E-34   -1.1564E-02   
6.8323E-34   -1.1053E-02   
1.4480E-02   -4.2877E-03   
2.6443E-02   -1.9220E-05   
2.5867E-02   -5.3860E-05   
2.5043E-02   -1.1354E-04   
2.4372E-02   -1.7031E-04   
2.3716E-02   -2.4432E-04   
2.3000E-02   -2.9443E-04   
2.2427E-02   -3.2045E-04   
2.1698E-02   -3.8927E-04   
2.0991E-02   -4.4206E-04   
2.0292E-02   -4.9703E-04   
1.9611E-02   -5.5704E-04   
1.8910E-02   -6.4790E-04   
1.8181E-02   -8.3600E-04   
1.7177E-02   -1.3192E-03   
1.6083E-02   -2.2878E-03   
1.7965E-02   -1.9774E-03   
1.8418E-02   -8.7316E-04   
1.8991E-02   -4.7799E-04   
1.9563E-02   -3.4412E-04   
2.0132E-02   -3.0162E-04   
2.0685E-02   -2.8585E-04   
2.1346E-02   -2.4747E-04   
2.1963E-02   -2.1965E-04   
2.2546E-02   -1.8920E-04   
2.3138E-02   -1.8357E-04   
2.3811E-02   -1.3636E-04   
2.4458E-02   -9.9249E-05   
2.5094E-02   -7.2321E-05   
2.5780E-02   -3.3475E-05   
2.6382E-02   -9.4337E-06   
1.9549E-02   -4.6705E-04   
1.9792E-02   -1.8910E-04   
2.0081E-02   -1.3139E-04   
2.0525E-02   -1.1226E-04   
2.0971E-02   -1.0639E-04   
2.1537E-02   -1.0700E-04   
2.2057E-02   -1.0622E-04   
2.2585E-02   -1.0035E-04   
2.3281E-02   -7.6316E-05   
2.3869E-02   -5.8072E-05   
2.4541E-02   -4.5671E-05   
2.5210E-02   -2.8370E-05   
2.5870E-02   -1.4247E-05   
2.6486E-02   -2.0622E-06   
2.6333E-02   -3.8873E-05   
2.5698E-02   -1.0022E-04   
2.4924E-02   -1.9334E-04   
2.4229E-02   -2.5520E-04   
2.3608E-02   -3.4855E-04   
2.2852E-02   -4.2970E-04   
2.2109E-02   -5.0959E-04   
2.1412E-02   -5.7980E-04   
2.0679E-02   -6.7109E-04   
1.9997E-02   -7.5920E-04   
1.9117E-02   -9.0138E-04   
1.8173E-02   -1.1038E-03   
1.7257E-02   -1.3697E-03   
1.6188E-02   -1.8260E-03   
1.4121E-02   -3.1157E-03   
5.7452E-03   -8.5063E-03   
2.6278E-02   -7.0538E-05   
2.5730E-02   -1.4444E-04   
2.4792E-02   -2.8763E-04   
2.4180E-02   -3.8334E-04   
2.3458E-02   -4.8310E-04   
2.2582E-02   -6.2039E-04   
2.1832E-02   -7.0471E-04   
2.1100E-02   -8.0254E-04   
2.0222E-02   -9.5299E-04   
1.9388E-02   -1.1275E-03   
1.8508E-02   -1.3279E-03   
1.7615E-02   -1.5195E-03   
1.6547E-02   -1.8925E-03   
1.4930E-02   -2.6637E-03   
9.0541E-03   -6.3669E-03   
1.4072E-03   -1.1246E-02   
2.6473E-02   -6.8719E-05   
2.5458E-02   -2.4757E-04   
2.4885E-02   -3.4732E-04   
2.4181E-02   -4.8930E-04   
2.3139E-02   -6.7512E-04   
2.2398E-02   -8.0737E-04   
2.1641E-02   -9.2400E-04   
2.0732E-02   -1.0940E-03   
1.9895E-02   -1.2757E-03   
1.9014E-02   -1.4532E-03   
1.8170E-02   -1.6576E-03   
1.7128E-02   -1.9343E-03   
1.5439E-02   -2.7452E-03   
1.1576E-02   -5.0989E-03   
4.1571E-03   -1.0052E-02   
1.0511E-03   -1.1740E-02   
2.6135E-02   -1.6658E-04   
2.5525E-02   -3.1090E-04   
2.4788E-02   -4.9110E-04   
2.4044E-02   -6.6960E-04   
2.2978E-02   -8.8512E-04   
2.2135E-02   -1.0261E-03   
2.1253E-02   -1.2256E-03   
2.0406E-02   -1.4205E-03   
1.9440E-02   -1.6008E-03   
1.8652E-02   -1.7786E-03   
1.7783E-02   -2.0665E-03   
1.6467E-02   -2.5730E-03   
1.2900E-02   -4.7264E-03   
6.4838E-03   -9.0839E-03   
2.0709E-03   -1.1800E-02   
1.0349E-03   -1.1995E-02   
2.6300E-02   -2.0199E-04   
2.5453E-02   -4.6193E-04   
2.4767E-02   -6.3300E-04   
2.3683E-02   -9.1992E-04   
2.2723E-02   -1.1684E-03   
2.1890E-02   -1.3190E-03   
2.0838E-02   -1.5447E-03   
2.0044E-02   -1.7269E-03   
1.9042E-02   -1.9386E-03   
1.8152E-02   -2.1948E-03   
1.7099E-02   -2.5716E-03   
1.5015E-02   -3.7386E-03   
9.7727E-03   -7.3028E-03   
3.7951E-03   -1.1385E-02   
2.0117E-03   -1.2154E-02   
9.5001E-04   -1.2286E-02   
2.6169E-02   -2.9416E-04   
2.5228E-02   -6.2183E-04   
2.4572E-02   -8.1760E-04   
2.3289E-02   -1.2098E-03   
2.2517E-02   -1.4009E-03   
2.1633E-02   -1.6227E-03   
2.0679E-02   -1.8045E-03   
1.9694E-02   -2.0368E-03   
1.8589E-02   -2.3315E-03   
1.7669E-02   -2.6221E-03   
1.5998E-02   -3.5451E-03   
1.2264E-02   -6.0105E-03   
5.5398E-03   -1.0849E-02   
3.2116E-03   -1.2141E-02   
2.0010E-03   -1.2466E-02   
9.9526E-04   -1.2579E-02   
2.6206E-02   -3.9094E-04   
2.5384E-02   -7.5369E-04   
2.4298E-02   -1.1196E-03   
2.3341E-02   -1.4539E-03   
2.2327E-02   -1.6394E-03   
2.1328E-02   -1.8664E-03   
2.0361E-02   -2.1077E-03   
1.9379E-02   -2.3586E-03   
1.8377E-02   -2.6207E-03   
1.6776E-02   -3.3265E-03   
1.3314E-02   -5.6358E-03   
7.6533E-03   -9.7338E-03   
4.1994E-03   -1.1997E-02   
2.9532E-03   -1.2547E-02   
1.9140E-03   -1.2782E-02   
1.0634E-03   -1.2868E-02   
2.5869E-02   -6.8411E-04   
2.4898E-02   -1.1741E-03   
2.4116E-02   -1.4134E-03   
2.2846E-02   -1.7914E-03   
2.2061E-02   -1.9810E-03   
2.0952E-02   -2.2413E-03   
1.9967E-02   -2.4953E-03   
1.9093E-02   -2.6797E-03   
1.7836E-02   -3.1034E-03   
1.4927E-02   -4.7221E-03   
1.0866E-02   -7.4519E-03   
5.4123E-03   -1.1481E-02   
3.7759E-03   -1.2522E-02   
2.7815E-03   -1.2866E-02   
1.8489E-03   -1.3078E-02   
8.2450E-04   -1.3252E-02   
4.1109E-03   -1.3392E-03   
7.8159E-03   -1.7756E-03   
1.1087E-02   -2.2915E-03   
1.3233E-02   -2.9618E-03   
1.4598E-02   -3.6089E-03   
1.5632E-02   -4.2600E-03   
1.6152E-02   -4.3959E-03   
1.6793E-02   -4.2982E-03   
1.6974E-02   -4.0963E-03   
1.7137E-02   -3.8832E-03   
1.7295E-02   -3.6784E-03   
1.7450E-02   -3.4843E-03   
1.7603E-02   -3.3004E-03   
1.7752E-02   -3.1259E-03   
1.8041E-02   -2.8019E-03   
1.8181E-02   -2.6510E-03   
1.8316E-02   -2.5063E-03   
1.8448E-02   -2.3675E-03   
1.8576E-02   -2.2331E-03   
1.8700E-02   -2.1027E-03   
1.8818E-02   -1.9756E-03   
1.9041E-02   -1.7301E-03   
1.9144E-02   -1.6104E-03   
1.9241E-02   -1.4923E-03   
1.9332E-02   -1.3754E-03   
1.9418E-02   -1.2595E-03   
1.9496E-02   -1.1444E-03   
1.9568E-02   -1.0300E-03   
1.9691E-02   -8.0313E-04   
1.9742E-02   -6.9096E-04   
1.9786E-02   -5.8002E-04   
1.9818E-02   -4.6196E-04   
1.9852E-02   -3.5205E-04   
1.9865E-02   -2.3828E-04   
1.9884E-02   -1.1857E-04   
1.9939E-02   -6.2872E-34   
1.9969E-02   -6.0934E-34   
1.9991E-02   -4.7134E-34   
2.0009E-02   -2.6452E-34   
2.0023E-02   -2.1275E-34   
2.0054E-02   -1.3750E-34   
2.0074E-02   -1.0848E-34   
2.0100E-02   -8.3912E-35   
2.0133E-02   -6.2927E-35   
2.0223E-02   -2.9037E-35   
2.0282E-02   -1.5239E-35   
2.0352E-02   -2.9617E-36   
2.0433E-02   8.6156E-36   
2.0630E-02   3.0526E-35   
2.0748E-02   4.0878E-35   
2.1023E-02   6.2211E-35   
2.1181E-02   7.3510E-35   
2.1539E-02   1.4476E-34   
2.1740E-02   1.1312E-34   
2.2186E-02   2.2154E-34   
2.2692E-02   2.9283E-34   
2.2967E-02   3.3144E-34   
2.3565E-02   3.9862E-34   
2.4223E-02   5.2628E-34   
2.5323E-02   7.6082E-34   
2.6130E-02   7.6957E-34   
2.7000E-02   -1.3698E-34   
2.7000E-02   -1.3698E-34   
2.7000E-02   -1.3698E-34   
2.7000E-02   -1.3698E-34   
2.7000E-02   -1.3698E-34   
2.5043E-02   -1.1916E-03   
2.2540E-02   -2.1132E-03   
2.0690E-02   -2.5654E-03   
1.8805E-02   -3.0392E-03   
1.6325E-02   -4.2760E-03   
7.4163E-03   -9.8444E-03   
4.3899E-03   -1.2144E-02   
2.9648E-03   -1.3019E-02   
2.0885E-03   -1.3302E-02   
1.2342E-03   -1.3460E-02   
4.0668E-04   -1.3532E-02   
9.9298E-34   -1.3399E-02   
1.4291E-33   -1.3123E-02   
1.4228E-33   -1.2859E-02   
2.0832E-33   -1.2735E-02   
2.1150E-33   -1.2508E-02   
1.2928E-33   -1.2308E-02   
1.2555E-33   -1.2219E-02   
1.2047E-33   -1.2136E-02   
1.1187E-33   -1.1989E-02   
1.0816E-33   -1.1924E-02   
1.0182E-33   -1.1811E-02   
9.9119E-34   -1.1764E-02   
9.6776E-34   -1.1722E-02   
9.3530E-34   -1.1659E-02   
9.1543E-34   -1.1635E-02   
8.8950E-34   -1.1613E-02   
8.6255E-34   -1.1590E-02   
8.1214E-34   -1.1532E-02   
7.8581E-34   -1.1489E-02   
7.6186E-34   -1.1434E-02   
7.3764E-34   -1.1356E-02   
7.0888E-34   -1.1237E-02   
6.5582E-34   -1.0771E-02   
6.2827E-34   -1.0348E-02   
5.9994E-34   -9.7434E-03   
5.7422E-34   -8.9284E-03   
5.5107E-34   -7.8802E-03   
8.0404E-34   -6.5365E-03   
7.3698E-34   -4.9741E-03   
5.4146E-34   -3.1032E-03   
1.7021E-02   -3.7015E-03   
1.8126E-02   -2.4722E-03   
1.8542E-02   -2.0567E-03   
1.7353E-02   -3.3025E-03   
1.9520E-02   -9.9810E-04   
1.6490E-02   -4.3668E-03   
1.2260E-02   -3.5353E-03   
1.9249E-02   -1.3297E-03   
1.9778E-02   -5.7400E-04   
1.8921E-02   -1.6800E-03   
1.7674E-02   -2.9447E-03   
1.9664E-02   -7.8436E-04   
1.7829E-02   -2.7796E-03   
1.6234E-02   -4.5133E-03   
1.8800E-02   -1.8022E-03   
1.9346E-02   -1.2174E-03   
1.9912E-02   -1.6436E-04   
5.4408E-03   -3.0794E-03   
1.5842E-02   -4.5181E-03   
1.8268E-02   -2.3287E-03   
1.8405E-02   -2.1900E-03   
1.9596E-02   -8.9063E-04   
1.4110E-02   -3.9000E-03   
1.9825E-02   -4.6670E-04   
9.2289E-03   -3.3863E-03   
1.5319E-02   -4.4158E-03   
1.9437E-02   -1.1070E-03   
1.9725E-02   -6.7897E-04   
1.6679E-02   -4.1462E-03   
1.9145E-02   -1.4441E-03   
1.9036E-02   -1.5608E-03   
1.7515E-02   -3.1189E-03   
1.6851E-02   -3.9186E-03   
1.7189E-02   -3.4965E-03   
1.7980E-02   -2.6224E-03   
1.8674E-02   -1.9277E-03   
3.0175E-03   -7.1469E-03   
2.5565E-03   -8.2929E-03   
2.1250E-03   -9.2303E-03   
1.7086E-03   -9.9520E-03   
1.3302E-03   -1.0475E-02   
1.0193E-03   -1.0839E-02   
7.8058E-04   -1.1085E-02   
6.0669E-04   -1.1250E-02   
4.8547E-04   -1.1359E-02   
1.9973E-02   -8.6108E-05   
4.0679E-04   -1.1433E-02   
1.9992E-02   -7.1314E-05   
3.4981E-04   -1.1485E-02   
2.0007E-02   -6.0082E-05   
2.9917E-04   -1.1523E-02   
2.0021E-02   -5.0716E-05   
2.5635E-04   -1.1555E-02   
2.0036E-02   -4.3204E-05   
2.2365E-04   -1.1583E-02   
2.0054E-02   -3.7218E-05   
2.0086E-04   -1.1609E-02   
2.0077E-02   -3.2578E-05   
1.8881E-04   -1.1635E-02   
2.0106E-02   -2.9121E-05   
1.8878E-04   -1.1664E-02   
2.0142E-02   -2.6668E-05   
1.9483E-04   -1.1698E-02   
2.0187E-02   -2.5046E-05   
2.0291E-04   -1.1737E-02   
2.0242E-02   -2.4158E-05   
2.1151E-04   -1.1783E-02   
2.0306E-02   -2.3903E-05   
2.2086E-04   -1.1833E-02   
2.0382E-02   -2.4144E-05   
2.3106E-04   -1.1890E-02   
2.0469E-02   -2.4721E-05   
2.4142E-04   -1.1952E-02   
2.0569E-02   -2.5361E-05   
2.5188E-04   -1.2020E-02   
2.0680E-02   -2.6516E-05   
2.6252E-04   -1.2094E-02   
2.0803E-02   -2.7898E-05   
2.7303E-04   -1.2172E-02   
2.0938E-02   -2.9731E-05   
2.8655E-04   -1.2257E-02   
2.1088E-02   -3.1336E-05   
3.0237E-04   -1.2348E-02   
2.1253E-02   -3.2396E-05   
3.1166E-04   -1.2447E-02   
2.1432E-02   -3.3411E-05   
3.2095E-04   -1.2552E-02   
2.1627E-02   -3.4272E-05   
3.4483E-04   -1.2665E-02   
2.1840E-02   -3.4386E-05   
3.5862E-04   -1.2788E-02   
2.2062E-02   -3.3077E-05   
3.6036E-04   -1.2918E-02   
2.2295E-02   -3.3988E-05   
3.7244E-04   -1.3052E-02   
2.2547E-02   -3.3564E-05   
3.9126E-04   -1.3194E-02   
1.7442E-02   -2.9395E-03   
1.8919E-02   -1.5182E-03   
1.9366E-02   -1.0727E-03   
1.6742E-02   -3.7368E-03   
1.9905E-02   -2.4539E-04   
1.0458E-02   -4.5227E-03   
1.8223E-02   -2.1560E-03   
1.9815E-02   -4.7004E-04   
1.4806E-02   -4.6585E-03   
1.6185E-02   -4.4454E-03   
1.5925E-02   -4.6137E-03   
1.8658E-02   -1.7608E-03   
1.7773E-02   -2.6029E-03   
1.9627E-02   -7.6534E-04   
1.9697E-02   -6.6640E-04   
1.7929E-02   -2.4471E-03   
1.8516E-02   -1.8869E-03   
1.9461E-02   -9.6820E-04   
1.9264E-02   -1.1797E-03   
1.6921E-02   -3.5202E-03   
1.6379E-02   -4.2070E-03   
6.9702E-03   -4.7315E-03   
1.7098E-02   -3.3156E-03   
1.8077E-02   -2.3005E-03   
1.8369E-02   -2.0180E-03   
1.9548E-02   -8.6584E-04   
1.9760E-02   -5.6831E-04   
1.7272E-02   -3.1224E-03   
1.9040E-02   -1.4022E-03   
1.5521E-02   -4.6471E-03   
1.6562E-02   -3.9658E-03   
1.9156E-02   -1.2895E-03   
1.9864E-02   -3.6843E-04   
1.3065E-02   -4.4216E-03   
1.8792E-02   -1.6381E-03   
1.7610E-02   -2.7668E-03   
3.2846E-03   -5.7536E-03   
5.5982E-03   -7.3347E-03   
4.8580E-03   -8.3760E-03   
4.0196E-03   -9.2246E-03   
3.1862E-03   -9.8762E-03   
2.4855E-03   -1.0359E-02   
1.9223E-03   -1.0711E-02   
1.4824E-03   -1.0963E-02   
1.9948E-02   -1.1156E-04   
1.1494E-03   -1.1143E-02   
9.0519E-04   -1.1271E-02   
1.9959E-02   -1.5265E-04   
7.3007E-04   -1.1360E-02   
1.9973E-02   -1.3092E-04   
6.0712E-04   -1.1424E-02   
1.9986E-02   -1.0996E-04   
5.2199E-04   -1.1473E-02   
1.9999E-02   -9.3334E-05   
4.5900E-04   -1.1514E-02   
2.0014E-02   -8.0189E-05   
4.1440E-04   -1.1550E-02   
2.0034E-02   -6.9785E-05   
3.8854E-04   -1.1585E-02   
2.0059E-02   -6.1853E-05   
3.7980E-04   -1.1622E-02   
2.0092E-02   -5.6139E-05   
3.8684E-04   -1.1660E-02   
2.0132E-02   -5.2276E-05   
3.9949E-04   -1.1701E-02   
2.0182E-02   -4.9798E-05   
4.1432E-04   -1.1745E-02   
2.0243E-02   -4.8735E-05   
4.3178E-04   -1.1794E-02   
2.0313E-02   -4.8942E-05   
4.5137E-04   -1.1848E-02   
2.0395E-02   -5.0027E-05   
4.7208E-04   -1.1908E-02   
2.0491E-02   -5.0992E-05   
4.9322E-04   -1.1973E-02   
2.0597E-02   -5.1641E-05   
5.1449E-04   -1.2044E-02   
2.0709E-02   -5.4984E-05   
5.3286E-04   -1.2120E-02   
2.0835E-02   -5.7633E-05   
5.4726E-04   -1.2199E-02   
2.0974E-02   -6.2589E-05   
5.8443E-04   -1.2282E-02   
2.1132E-02   -6.4784E-05   
6.1873E-04   -1.2376E-02   
2.1305E-02   -6.6363E-05   
6.2207E-04   -1.2479E-02   
2.1492E-02   -6.8539E-05   
6.5295E-04   -1.2581E-02   
2.1703E-02   -6.9749E-05   
7.4640E-04   -1.2697E-02   
2.1933E-02   -6.8540E-05   
7.1872E-04   -1.2835E-02   
2.2147E-02   -6.2708E-05   
7.2936E-04   -1.2964E-02   
2.2374E-02   -7.4310E-05   
7.6185E-04   -1.3097E-02   
2.2815E-02   -3.4911E-05   
1.8186E-02   -1.9886E-03   
1.8349E-02   -1.8514E-03   
1.7731E-02   -2.4346E-03   
1.8506E-02   -1.7257E-03   
1.7561E-02   -2.5936E-03   
1.5875E-02   -4.5341E-03   
1.6075E-02   -4.2790E-03   
1.6268E-02   -4.0253E-03   
1.6460E-02   -3.7841E-03   
1.6649E-02   -3.5557E-03   
1.5592E-02   -4.7293E-03   
1.6837E-02   -3.3400E-03   
1.7386E-02   -2.7638E-03   
1.8654E-02   -1.6036E-03   
1.7023E-02   -3.1365E-03   
1.7206E-02   -2.9447E-03   
1.4950E-02   -4.8819E-03   
1.8794E-02   -1.4834E-03   
1.9580E-02   -7.4646E-04   
1.9660E-02   -6.5271E-04   
1.9731E-02   -5.6158E-04   
1.9490E-02   -8.4252E-04   
1.3648E-02   -5.1745E-03   
1.8927E-02   -1.3670E-03   
1.9393E-02   -9.4090E-04   
1.9174E-02   -1.1465E-03   
1.9054E-02   -1.2548E-03   
1.9287E-02   -1.0422E-03   
1.1136E-02   -5.3319E-03   
8.9115E-03   -5.4743E-03   
1.9794E-02   -4.7098E-04   
1.9850E-02   -3.7853E-04   
1.9899E-02   -2.8320E-04   
6.2606E-03   -6.2510E-03   
6.9889E-03   -8.2001E-03   
5.6177E-03   -8.9623E-03   
4.5004E-03   -9.5643E-03   
3.5803E-03   -1.0033E-02   
2.8202E-03   -1.0398E-02   
2.2045E-03   -1.0684E-02   
1.9940E-02   -1.8227E-04   
1.7204E-03   -1.0906E-02   
1.3512E-03   -1.1077E-02   
1.9920E-02   -2.2050E-04   
1.0783E-03   -1.1208E-02   
1.9934E-02   -1.8026E-04   
8.8356E-04   -1.1309E-02   
1.9946E-02   -1.5211E-04   
7.4746E-04   -1.1389E-02   
1.9958E-02   -1.3022E-04   
6.5627E-04   -1.1453E-02   
1.9974E-02   -1.1312E-04   
6.0645E-04   -1.1507E-02   
1.9996E-02   -9.9413E-05   
5.9264E-04   -1.1553E-02   
2.0025E-02   -8.9498E-05   
5.8771E-04   -1.1604E-02   
2.0060E-02   -8.2965E-05   
5.9464E-04   -1.1654E-02   
2.0105E-02   -7.8345E-05   
6.1166E-04   -1.1700E-02   
2.0161E-02   -7.5513E-05   
6.3268E-04   -1.1748E-02   
2.0226E-02   -7.5326E-05   
6.6004E-04   -1.1799E-02   
2.0302E-02   -7.6909E-05   
6.9276E-04   -1.1856E-02   
2.0394E-02   -7.8530E-05   
7.2531E-04   -1.1919E-02   
2.0503E-02   -7.9146E-05   
7.5728E-04   -1.1987E-02   
2.0611E-02   -7.6778E-05   
7.8568E-04   -1.2062E-02   
2.0709E-02   -8.9380E-05   
7.9918E-04   -1.2142E-02   
7.8878E-04   -1.2217E-02   
9.3589E-04   -1.2406E-02   
2.1331E-02   -1.0324E-04   
1.0542E-03   -1.2754E-02   
1.0936E-03   -1.2987E-02   
2.1771E-02   -1.0780E-04   
2.3112E-02   -3.6482E-05   
1.9763E-02   -4.7157E-04   
1.9825E-02   -3.8638E-04   
1.9882E-02   -2.9864E-04   
1.7862E-02   -2.1506E-03   
1.7706E-02   -2.2731E-03   
1.5519E-02   -4.6444E-03   
1.4968E-02   -4.9704E-03   
1.6373E-02   -3.6027E-03   
1.5760E-02   -4.3609E-03   
1.6572E-02   -3.3756E-03   
1.5969E-02   -4.0948E-03   
1.7529E-02   -2.4254E-03   
1.8512E-02   -1.5782E-03   
1.6173E-02   -3.8425E-03   
1.9524E-02   -7.2796E-04   
1.9424E-02   -8.2091E-04   
1.6769E-02   -3.1613E-03   
1.6964E-02   -2.9596E-03   
1.9075E-02   -1.1184E-03   
1.9199E-02   -1.0155E-03   
1.9616E-02   -6.3704E-04   
1.3568E-02   -5.4621E-03   
1.9695E-02   -5.5316E-04   
1.7345E-02   -2.5919E-03   
1.8944E-02   -1.2262E-03   
1.7157E-02   -2.7701E-03   
1.9316E-02   -9.1658E-04   
1.8661E-02   -1.4565E-03   
1.8806E-02   -1.3391E-03   
8.3095E-03   -7.8321E-03   
6.8921E-03   -8.5232E-03   
5.7070E-03   -9.0652E-03   
4.6724E-03   -9.5212E-03   
3.7796E-03   -9.9118E-03   
3.0300E-03   -1.0246E-02   
2.4186E-03   -1.0528E-02   
1.9339E-03   -1.0762E-02   
1.9923E-02   -2.2649E-04   
1.9870E-02   -2.6186E-04   
1.5616E-03   -1.0955E-02   
1.9878E-02   -2.2200E-04   
1.2823E-03   -1.1113E-02   
1.9888E-02   -1.8879E-04   
1.0787E-03   -1.1243E-02   
1.9900E-02   -1.6361E-04   
9.4019E-04   -1.1350E-02   
1.9917E-02   -1.4408E-04   
8.6505E-04   -1.1433E-02   
1.9943E-02   -1.2739E-04   
8.8000E-04   -1.1490E-02   
1.9972E-02   -1.1799E-04   
8.2693E-04   -1.1574E-02   
2.0009E-02   -1.1154E-04   
8.1922E-04   -1.1636E-02   
2.0062E-02   -1.0616E-04   
8.3060E-04   -1.1694E-02   
2.0125E-02   -1.0326E-04   
8.9857E-04   -1.1797E-02   
1.0615E-03   -1.2172E-02   
2.0272E-02   -1.0935E-04   
9.5096E-04   -1.1855E-02   
9.9317E-04   -1.1922E-02   
1.0724E-03   -1.2078E-02   
2.0855E-02   -8.6258E-05   
2.1174E-02   -9.6215E-05   
2.1344E-02   -1.4628E-04   
2.0381E-02   -1.1147E-04   
1.4513E-03   -1.2872E-02   
2.1569E-02   -1.4908E-04   
1.1007E-03   -1.2657E-02   
2.0632E-02   -1.2776E-04   
1.2896E-03   -1.2329E-02   
1.9853E-02   -3.1463E-04   
1.9786E-02   -3.9954E-04   
1.9726E-02   -4.7449E-04   
1.8223E-02   -1.6736E-03   
1.8184E-02   -1.8207E-03   
1.8363E-02   -1.5604E-03   
1.7523E-02   -2.2614E-03   
1.9563E-02   -6.2278E-04   
1.5393E-02   -4.4582E-03   
1.9657E-02   -5.3560E-04   
1.4881E-02   -4.8690E-03   
1.3606E-02   -5.5373E-03   
1.5659E-02   -4.1683E-03   
1.6303E-02   -3.4224E-03   
1.6094E-02   -3.6606E-03   
1.7323E-02   -2.4241E-03   
1.5882E-02   -3.9076E-03   
1.6512E-02   -3.1970E-03   
1.8521E-02   -1.4375E-03   
1.9103E-02   -9.9316E-04   
1.9460E-02   -7.1195E-04   
1.6718E-02   -2.9849E-03   
1.9230E-02   -8.9578E-04   
1.9349E-02   -8.0243E-04   
1.8968E-02   -1.0959E-03   
1.6922E-02   -2.7858E-03   
1.7124E-02   -2.5992E-03   
1.8825E-02   -1.2043E-03   
1.8676E-02   -1.3184E-03   
9.9479E-03   -6.7518E-03   
9.2340E-03   -7.4617E-03   
8.0274E-03   -7.9482E-03   
6.8775E-03   -8.4175E-03   
5.8139E-03   -8.8622E-03   
4.8586E-03   -9.2791E-03   
4.0229E-03   -9.6615E-03   
3.3099E-03   -1.0005E-02   
2.7220E-03   -1.0308E-02   
1.9792E-02   -3.1107E-04   
2.2497E-03   -1.0569E-02   
1.9807E-02   -2.5711E-04   
1.8819E-03   -1.0791E-02   
1.5946E-03   -1.0986E-02   
1.9815E-02   -2.2210E-04   
1.9824E-02   -1.9604E-04   
1.3596E-03   -1.1162E-02   
1.9835E-02   -1.7685E-04   
1.1366E-03   -1.1431E-02   
1.9886E-02   -1.5399E-04   
1.1157E-03   -1.1502E-02   
2.0008E-02   -1.3660E-04   
1.9944E-02   -1.4268E-04   
1.0999E-03   -1.1590E-02   
1.1825E-03   -1.1774E-02   
8.5241E-04   -1.1747E-02   
1.2278E-03   -1.1847E-02   
1.2838E-03   -1.1919E-02   
1.3587E-03   -1.2679E-02   
1.3366E-03   -1.2573E-02   
1.3459E-03   -1.1998E-02   
2.0227E-02   -1.4812E-04   
2.0779E-02   -1.1781E-04   
2.0481E-02   -1.5921E-04   
2.1118E-02   -1.3936E-04   
2.0349E-02   -1.5115E-04   
2.0190E-02   -1.0603E-04   
1.4219E-03   -1.2089E-02   
1.2426E-03   -1.2462E-02   
1.3455E-03   -1.2210E-02   
2.1806E-02   -1.5056E-04   
1.3803E-03   -1.2998E-02   
1.3155E-03   -1.2779E-02   
2.1353E-02   -1.9381E-04   
1.8023E-02   -1.7516E-03   
1.9807E-02   -3.4017E-04   
1.9603E-02   -5.2692E-04   
1.5310E-02   -4.2495E-03   
1.9497E-02   -6.1439E-04   
1.4826E-02   -4.6287E-03   
1.1977E-02   -6.2384E-03   
1.7319E-02   -2.2574E-03   
1.6031E-02   -3.4795E-03   
1.5812E-02   -3.7256E-03   
1.5588E-02   -3.9773E-03   
1.8373E-02   -1.4324E-03   
1.6250E-02   -3.2433E-03   
1.9137E-02   -8.7890E-04   
1.6468E-02   -3.0205E-03   
1.9266E-02   -7.8735E-04   
1.9386E-02   -6.9979E-04   
1.8999E-02   -9.7611E-04   
1.6684E-02   -2.8112E-03   
1.7109E-02   -2.4313E-03   
1.8539E-02   -1.3067E-03   
1.8853E-02   -1.0796E-03   
1.6898E-02   -2.6153E-03   
1.8699E-02   -1.1898E-03   
1.1364E-02   -6.4252E-03   
1.0315E-02   -6.7923E-03   
1.7768E-02   -1.9282E-03   
9.2062E-03   -7.2154E-03   
1.7538E-02   -2.0905E-03   
8.1010E-03   -7.6545E-03   
7.0571E-03   -8.0929E-03   
6.0869E-03   -8.5230E-03   
5.2000E-03   -8.9376E-03   
4.4188E-03   -9.3317E-03   
3.7460E-03   -9.6929E-03   
1.6655E-03   -1.1175E-02   
1.9719E-02   -3.2999E-04   
3.1877E-03   -1.0015E-02   
2.7299E-03   -1.0305E-02   
1.9723E-02   -2.8800E-04   
2.3357E-03   -1.0582E-02   
1.9725E-02   -2.5564E-04   
1.9728E-02   -2.3210E-04   
1.2088E-03   -1.1291E-02   
1.9808E-02   -1.8573E-04   
1.5719E-03   -1.1332E-02   
1.3261E-03   -1.1651E-02   
2.0663E-02   -1.6589E-04   
2.0290E-02   -1.9837E-04   
1.9952E-02   -1.7254E-04   
1.5478E-03   -1.1813E-02   
1.9868E-02   -1.7738E-04   
1.6203E-03   -1.1893E-02   
1.0729E-03   -1.1678E-02   
1.6380E-03   -1.2718E-02   
1.6749E-03   -1.1978E-02   
2.0884E-02   -1.5771E-04   
1.6537E-03   -1.2246E-02   
1.6135E-03   -1.2362E-02   
2.0112E-02   -1.4723E-04   
1.6788E-03   -1.2586E-02   
1.5029E-03   -1.1732E-02   
2.0170E-02   -1.9260E-04   
2.1585E-02   -1.9572E-04   
2.1138E-02   -1.8884E-04   
1.9627E-02   -4.5234E-04   
1.9527E-02   -5.3209E-04   
1.9718E-02   -4.2246E-04   
1.3923E-02   -4.9560E-03   
1.5301E-02   -4.0516E-03   
1.8210E-02   -1.4359E-03   
1.5753E-02   -3.5471E-03   
1.9419E-02   -6.1138E-04   
1.5512E-02   -3.8066E-03   
1.5985E-02   -3.2999E-03   
1.0607E-02   -6.7491E-03   
1.6214E-02   -3.0664E-03   
1.7110E-02   -2.2664E-03   
1.9037E-02   -8.6676E-04   
1.9302E-02   -6.9262E-04   
1.9175E-02   -7.7713E-04   
1.8392E-02   -1.3040E-03   
1.6442E-02   -2.8466E-03   
1.8888E-02   -9.6481E-04   
1.6667E-02   -2.6409E-03   
1.6890E-02   -2.4482E-03   
1.8565E-02   -1.1828E-03   
1.8730E-02   -1.0702E-03   
1.7336E-02   -2.0915E-03   
1.2435E-02   -5.7093E-03   
1.1449E-02   -6.0453E-03   
1.0370E-02   -6.4440E-03   
1.3539E-02   -5.3895E-03   
9.3564E-03   -6.8426E-03   
1.7567E-02   -1.9217E-03   
1.7800E-02   -1.7539E-03   
8.3798E-03   -7.2479E-03   
1.9700E-02   -3.8102E-04   
1.8017E-02   -1.5895E-03   
7.4375E-03   -7.6623E-03   
6.5585E-03   -8.0878E-03   
5.0212E-03   -8.9067E-03   
1.9632E-02   -3.5833E-04   
4.4003E-03   -9.2792E-03   
3.8866E-03   -9.6192E-03   
1.9622E-02   -3.2349E-04   
1.9619E-02   -2.9263E-04   
2.3979E-03   -1.0665E-02   
1.5150E-03   -1.1473E-02   
1.9710E-02   -2.2463E-04   
2.0062E-02   -1.8947E-04   
1.9550E-03   -1.1716E-02   
1.8885E-03   -1.0907E-02   
2.0420E-02   -2.0823E-04   
2.4796E-03   -1.0739E-02   
2.0091E-02   -2.4379E-04   
1.5184E-03   -1.1643E-02   
1.9633E-03   -1.2279E-02   
1.8839E-03   -1.1630E-02   
1.7642E-03   -1.2038E-02   
1.9971E-02   -1.9175E-04   
2.0961E-02   -1.8572E-04   
1.9768E-02   -2.2074E-04   
1.7054E-03   -1.2133E-02   
1.6298E-03   -1.2474E-02   
2.1121E-02   -2.4197E-04   
2.1804E-02   -1.9407E-04   
1.7078E-03   -1.2947E-02   
2.0950E-03   -1.2598E-02   
2.0825E-02   -1.3517E-04   
1.9444E-02   -5.3890E-04   
1.5119E-02   -3.9477E-03   
1.7129E-02   -2.1050E-03   
1.5450E-02   -3.6312E-03   
1.5710E-02   -3.3673E-03   
1.9333E-02   -6.1435E-04   
1.5956E-02   -3.1222E-03   
1.8235E-02   -1.3101E-03   
1.9080E-02   -7.6903E-04   
1.9214E-02   -6.8973E-04   
1.6196E-02   -2.8920E-03   
1.8930E-02   -8.6003E-04   
1.6899E-02   -2.2850E-03   
1.6433E-02   -2.6762E-03   
1.8421E-02   -1.1839E-03   
1.6668E-02   -2.4744E-03   
1.8769E-02   -9.5974E-04   
1.8599E-02   -1.0678E-03   
1.3503E-02   -4.9733E-03   
1.2305E-02   -5.4080E-03   
1.9633E-02   -3.9895E-04   
1.1448E-02   -5.7062E-03   
1.7825E-02   -1.6012E-03   
1.7365E-02   -1.9308E-03   
1.8037E-02   -1.4492E-03   
1.0595E-02   -6.0167E-03   
9.7208E-03   -6.3598E-03   
1.7599E-02   -1.7628E-03   
8.8760E-03   -6.7382E-03   
8.0548E-03   -7.1283E-03   
7.2784E-03   -7.5297E-03   
1.9617E-02   -2.7046E-04   
6.5814E-03   -7.9206E-03   
3.4021E-03   -9.9702E-03   
6.0135E-03   -8.2655E-03   
1.9509E-02   -4.0605E-04   
1.9889E-02   -2.3319E-04   
1.9502E-02   -3.6327E-04   
2.3625E-03   -1.0910E-02   
1.8732E-03   -1.1408E-02   
1.9662E-02   -2.3452E-04   
2.7907E-03   -1.0475E-02   
1.9824E-02   -2.2635E-04   
2.4971E-03   -1.1327E-02   
2.0846E-03   -1.2009E-02   
1.8957E-03   -1.1510E-02   
1.9827E-03   -1.1939E-02   
1.9587E-02   -2.7302E-04   
2.0733E-02   -2.1706E-04   
2.3582E-03   -1.2164E-02   
2.0922E-02   -2.3372E-04   
1.8986E-03   -1.2382E-02   
2.1088E-02   -3.0216E-04   
2.1392E-03   -1.2867E-02   
2.1621E-02   -2.4979E-04   
2.2038E-02   -1.6099E-04   
2.3920E-03   -1.2682E-02   
2.0524E-02   -2.2741E-04   
1.9467E-02   -4.7618E-04   
1.4812E-02   -4.3592E-03   
1.5122E-02   -3.7189E-03   
1.5418E-02   -3.4432E-03   
1.6921E-02   -2.1271E-03   
1.5686E-02   -3.1879E-03   
1.9252E-02   -6.2143E-04   
1.9134E-02   -6.7955E-04   
1.5944E-02   -2.9473E-03   
1.3607E-02   -4.6982E-03   
1.8981E-02   -7.6315E-04   
1.8269E-02   -1.1915E-03   
1.6196E-02   -2.7212E-03   
1.6683E-02   -2.3127E-03   
1.8816E-02   -8.5772E-04   
1.6442E-02   -2.5100E-03   
1.8460E-02   -1.0711E-03   
1.8642E-02   -9.6023E-04   
1.3114E-02   -4.8031E-03   
1.7161E-02   -1.9491E-03   
1.7857E-02   -1.4638E-03   
1.8069E-02   -1.3224E-03   
1.2486E-02   -4.9695E-03   
1.7633E-02   -1.6167E-03   
1.1741E-02   -5.2142E-03   
1.1027E-02   -5.4950E-03   
1.7400E-02   -1.7787E-03   
1.9559E-02   -4.1981E-04   
8.9320E-03   -6.4594E-03   
1.0306E-02   -5.7920E-03   
1.9494E-02   -3.3466E-04   
9.6041E-03   -6.1157E-03   
1.9724E-02   -2.2179E-04   
4.0671E-03   -9.6167E-03   
5.5744E-03   -8.5560E-03   
3.9144E-03   -9.7819E-03   
8.3620E-03   -6.7744E-03   
1.9379E-02   -4.4129E-04   
1.9641E-02   -2.7425E-04   
1.9540E-02   -2.7913E-04   
3.4719E-03   -1.0149E-02   
2.6992E-03   -1.1085E-02   
2.4470E-03   -1.1742E-02   
2.0881E-02   -2.9419E-04   
1.9702E-02   -2.8062E-04   
2.8227E-03   -1.0875E-02   
2.0326E-02   -2.6565E-04   
2.4735E-03   -1.1986E-02   
2.0461E-02   -2.8731E-04   
2.2832E-03   -1.2321E-02   
2.3566E-03   -1.1016E-02   
2.1319E-02   -3.0847E-04   
1.9981E-02   -2.3814E-04   
2.2307E-02   -1.2544E-04   
2.6163E-03   -1.2504E-02   
1.4241E-02   -4.2275E-03   
1.9350E-02   -5.5193E-04   
1.5097E-02   -3.5294E-03   
1.5404E-02   -3.2597E-03   
1.5684E-02   -3.0110E-03   
1.6712E-02   -2.1570E-03   
1.9222E-02   -5.8310E-04   
1.4762E-02   -3.9920E-03   
1.9044E-02   -6.7078E-04   
1.6957E-02   -1.9751E-03   
1.5953E-02   -2.7751E-03   
1.8871E-02   -7.6343E-04   
1.6215E-02   -2.5531E-03   
1.6468E-02   -2.3481E-03   
1.8313E-02   -1.0799E-03   
1.8693E-02   -8.6018E-04   
1.8506E-02   -9.6492E-04   
1.3995E-02   -4.1439E-03   
1.7675E-02   -1.4824E-03   
1.8110E-02   -1.2045E-03   
1.7897E-02   -1.3385E-03   
1.9631E-02   -2.4944E-04   
1.3285E-02   -4.3508E-03   
1.7201E-02   -1.8015E-03   
1.2758E-02   -4.5114E-03   
1.7441E-02   -1.6371E-03   
1.9367E-02   -4.0718E-04   
1.1064E-02   -5.1535E-03   
1.2195E-02   -4.6879E-03   
1.0545E-02   -5.4081E-03   
1.1629E-02   -4.9036E-03   
5.8852E-03   -8.5149E-03   
1.9369E-02   -4.9201E-04   
1.9486E-02   -3.1591E-04   
7.9015E-03   -7.0514E-03   
1.9888E-02   -1.5141E-04   
4.4591E-03   -9.7110E-03   
1.9502E-02   -2.9185E-04   
1.9877E-02   -2.9592E-04   
1.9778E-02   -2.8818E-04   
1.9499E-02   -3.3507E-04   
1.9444E-02   -3.3074E-04   
2.0186E-02   -3.3184E-04   
1.9398E-02   -3.3256E-04   
2.9209E-03   -1.0721E-02   
4.0062E-03   -1.0302E-02   
5.3141E-03   -8.7729E-03   
5.9458E-03   -8.3955E-03   
3.0859E-03   -1.1239E-02   
2.0478E-02   -3.4064E-04   
2.6664E-03   -1.1756E-02   
3.6847E-03   -1.0115E-02   
2.1045E-02   -3.6905E-04   
2.4106E-03   -1.2426E-02   
2.2646E-02   -6.3737E-05   
2.9185E-03   -1.1904E-02   
2.2264E-02   -1.7510E-04   
2.0831E-02   -3.6130E-04   
2.0213E-02   -2.5057E-04   
2.7477E-03   -1.2120E-02   
1.4707E-02   -3.8502E-03   
1.5104E-02   -3.3394E-03   
1.5420E-02   -3.0815E-03   
1.6754E-02   -2.0081E-03   
1.9110E-02   -5.7954E-04   
1.5702E-02   -2.8386E-03   
1.6506E-02   -2.1927E-03   
1.8928E-02   -6.7808E-04   
1.5983E-02   -2.6052E-03   
1.6251E-02   -2.3900E-03   
1.8752E-02   -7.6787E-04   
1.7722E-02   -1.3594E-03   
1.8361E-02   -9.7545E-04   
1.8562E-02   -8.6527E-04   
1.8156E-02   -1.0963E-03   
1.4208E-02   -3.8428E-03   
1.7944E-02   -1.2234E-03   
1.9266E-02   -5.1401E-04   
1.7001E-02   -1.8313E-03   
1.7488E-02   -1.5062E-03   
1.3967E-02   -3.8383E-03   
1.7247E-02   -1.6638E-03   
1.3587E-02   -3.8920E-03   
1.2345E-02   -4.3041E-03   
1.2760E-02   -4.1377E-03   
1.9240E-02   -4.8641E-04   
1.3178E-02   -3.9972E-03   
1.9352E-02   -3.8305E-04   
1.9759E-02   -2.0017E-04   
1.0061E-02   -5.6759E-03   
1.9361E-02   -3.4100E-04   
1.9285E-02   -3.9741E-04   
6.1817E-03   -8.2076E-03   
1.9462E-02   -3.1352E-04   
1.9239E-02   -3.9548E-04   
1.9338E-02   -4.0593E-04   
5.9362E-03   -8.7643E-03   
2.0000E-02   -3.0156E-04   
1.9646E-02   -3.5442E-04   
7.6310E-03   -7.2461E-03   
1.9921E-02   -3.7124E-04   
3.5458E-03   -1.1154E-02   
2.7825E-03   -1.1273E-02   
6.1517E-03   -8.7083E-03   
6.3039E-03   -8.3674E-03   
2.0772E-02   -4.3547E-04   
2.1269E-02   -3.7672E-04   
3.3241E-03   -1.1518E-02   
2.7309E-03   -1.2256E-02   
2.2495E-02   -1.4266E-04   
3.3082E-03   -1.1793E-02   
1.4700E-02   -3.6506E-03   
1.5170E-02   -3.1549E-03   
1.6554E-02   -2.0461E-03   
1.5433E-02   -2.9181E-03   
1.8967E-02   -6.1624E-04   
1.6804E-02   -1.8676E-03   
1.5736E-02   -2.6697E-03   
1.6298E-02   -2.2352E-03   
1.8815E-02   -6.8666E-04   
1.7775E-02   -1.2476E-03   
1.6026E-02   -2.4424E-03   
1.7543E-02   -1.3862E-03   
1.4739E-02   -3.4287E-03   
1.8635E-02   -7.7391E-04   
1.8203E-02   -1.0003E-03   
1.7994E-02   -1.1200E-03   
1.4482E-02   -3.3931E-03   
1.7300E-02   -1.5365E-03   
1.7053E-02   -1.6973E-03   
1.9216E-02   -4.5784E-04   
1.9337E-02   -3.5465E-04   
1.3648E-02   -3.5270E-03   
1.4202E-02   -3.4158E-03   
8.1080E-03   -6.9363E-03   
1.3928E-02   -3.4590E-03   
1.9336E-02   -3.6835E-04   
1.1929E-02   -4.5030E-03   
8.2321E-03   -7.1872E-03   
1.9063E-02   -4.6816E-04   
9.5804E-03   -5.9789E-03   
1.9107E-02   -4.7480E-04   
1.9200E-02   -4.0036E-04   
1.9401E-02   -4.1971E-04   
7.2714E-03   -7.7710E-03   
4.1711E-03   -1.1308E-02   
6.7013E-03   -8.5049E-03   
2.0006E-02   -4.1076E-04   
1.9759E-02   -3.6424E-04   
2.1218E-02   -4.4778E-04   
8.1818E-03   -7.0309E-03   
3.2424E-03   -1.1955E-02   
2.0561E-02   -4.2688E-04   
2.1541E-02   -3.1936E-04   
4.9827E-03   -1.0270E-02   
4.9173E-03   -9.8740E-03   
4.9201E-03   -1.0060E-02   
2.0701E-02   -5.1773E-04   
1.9081E-02   -5.4025E-04   
1.6609E-02   -1.9093E-03   
1.6353E-02   -2.0907E-03   
1.5080E-02   -3.0517E-03   
1.8545E-02   -7.7669E-04   
1.9170E-02   -4.2488E-04   
1.5466E-02   -2.7521E-03   
1.7604E-02   -1.2772E-03   
1.8892E-02   -6.0782E-04   
1.7833E-02   -1.1472E-03   
1.8705E-02   -6.9941E-04   
1.5782E-02   -2.5080E-03   
1.7361E-02   -1.4197E-03   
1.6861E-02   -1.7371E-03   
1.7112E-02   -1.5736E-03   
1.4827E-02   -3.0651E-03   
1.8234E-02   -9.3252E-04   
1.8049E-02   -1.0295E-03   
1.4474E-02   -3.0499E-03   
1.4645E-02   -3.0528E-03   
1.1398E-02   -4.8029E-03   
1.3363E-02   -3.6255E-03   
1.9191E-02   -4.3799E-04   
1.0450E-02   -5.5113E-03   
1.9171E-02   -4.1199E-04   
1.8874E-02   -5.5106E-04   
9.1078E-03   -6.4672E-03   
1.9024E-02   -4.6916E-04   
1.9155E-02   -4.8910E-04   
2.0346E-02   -4.1661E-04   
1.9490E-02   -4.3446E-04   
8.9230E-03   -6.8658E-03   
1.0431E-02   -5.4131E-03   
7.8848E-03   -7.1156E-03   
2.0261E-02   -3.7083E-04   
1.9743E-02   -4.6703E-04   
7.5154E-03   -8.0548E-03   
3.9716E-03   -1.1655E-02   
5.8135E-03   -9.9892E-03   
1.0145E-02   -5.8083E-03   
2.0633E-02   -3.5180E-04   
2.0940E-02   -5.1761E-04   
2.1490E-02   -3.8412E-04   
2.1781E-02   -2.7633E-04   
7.1007E-03   -8.4781E-03   
7.1743E-03   -8.7599E-03   
1.8585E-02   -7.2277E-04   
1.6139E-02   -2.1495E-03   
1.6407E-02   -1.9614E-03   
1.9007E-02   -5.0207E-04   
1.8128E-02   -9.4277E-04   
1.7903E-02   -1.0560E-03   
1.8745E-02   -6.5064E-04   
1.6667E-02   -1.7845E-03   
1.7672E-02   -1.1787E-03   
1.7430E-02   -1.3133E-03   
1.5850E-02   -2.3530E-03   
1.7179E-02   -1.4603E-03   
1.6924E-02   -1.6174E-03   
1.5212E-02   -2.8394E-03   
1.5117E-02   -2.7904E-03   
1.5003E-02   -2.7537E-03   
1.4305E-02   -3.0671E-03   
1.3021E-02   -3.7855E-03   
1.5503E-02   -2.5886E-03   
1.9043E-02   -5.1702E-04   
1.8801E-02   -5.5237E-04   
1.8370E-02   -8.3126E-04   
1.8834E-02   -5.4810E-04   
1.1191E-02   -4.9662E-03   
1.0374E-02   -5.4429E-03   
9.7308E-03   -6.5386E-03   
1.8916E-02   -5.6174E-04   
1.2550E-02   -4.0606E-03   
1.8953E-02   -5.0175E-04   
1.1332E-02   -5.1200E-03   
1.9204E-02   -5.1373E-04   
1.1977E-02   -4.5278E-03   
1.9855E-02   -4.8634E-04   
2.0115E-02   -4.9671E-04   
1.9613E-02   -4.4794E-04   
2.2012E-02   -2.7153E-04   
9.6470E-03   -6.8971E-03   
9.6264E-03   -6.7566E-03   
6.6779E-03   -9.5311E-03   
2.0654E-02   -6.0114E-04   
3.8644E-03   -1.1908E-02   
2.1155E-02   -5.2174E-04   
2.1765E-02   -3.2793E-04   
1.8671E-02   -6.5511E-04   
1.6186E-02   -2.0314E-03   
1.5907E-02   -2.2269E-03   
1.7986E-02   -9.7124E-04   
1.8861E-02   -5.8155E-04   
1.7751E-02   -1.0893E-03   
1.6462E-02   -1.8456E-03   
1.7509E-02   -1.2166E-03   
1.6733E-02   -1.6705E-03   
1.7256E-02   -1.3566E-03   
1.5384E-02   -2.5513E-03   
1.6996E-02   -1.5081E-03   
1.4906E-02   -2.7240E-03   
1.8455E-02   -7.4964E-04   
1.8596E-02   -6.3808E-04   
1.5661E-02   -2.4061E-03   
1.3862E-02   -3.2390E-03   
1.4809E-02   -2.7114E-03   
1.2879E-02   -3.8411E-03   
1.8222E-02   -8.5821E-04   
1.8638E-02   -6.3460E-04   
1.9836E-02   -5.5259E-04   
1.8801E-02   -5.7992E-04   
1.8680E-02   -6.4001E-04   
1.2840E-02   -3.9020E-03   
1.8949E-02   -5.8365E-04   
1.9301E-02   -5.3312E-04   
1.8770E-02   -5.6640E-04   
1.2033E-02   -5.1358E-03   
1.2588E-02   -4.1797E-03   
1.3250E-02   -3.9085E-03   
2.0072E-02   -4.5337E-04   
2.2054E-02   -3.3512E-04   
1.2155E-02   -4.9177E-03   
1.9450E-02   -5.4550E-04   
2.0010E-02   -5.7541E-04   
2.0351E-02   -7.0887E-04   
1.0077E-02   -6.7267E-03   
9.1004E-03   -7.6109E-03   
2.0334E-02   -6.1808E-04   
2.2217E-02   -2.2168E-04   
2.1447E-02   -4.5193E-04   
3.1027E-03   -1.2339E-02   
9.4617E-03   -6.6266E-03   
1.5934E-02   -2.1297E-03   
1.5646E-02   -2.3383E-03   
1.7841E-02   -1.0082E-03   
1.8563E-02   -6.7370E-04   
1.7598E-02   -1.1298E-03   
1.6526E-02   -1.7404E-03   
1.5321E-02   -2.5005E-03   
1.7343E-02   -1.2633E-03   
1.4692E-02   -2.7349E-03   
1.6808E-02   -1.5673E-03   
1.3485E-02   -3.4396E-03   
1.7078E-02   -1.4094E-03   
1.8081E-02   -8.9335E-04   
1.5276E-02   -2.4514E-03   
1.8382E-02   -7.3361E-04   
1.8731E-02   -5.9254E-04   
1.8316E-02   -7.8527E-04   
1.8567E-02   -6.4642E-04   
1.8470E-02   -7.1449E-04   
1.8726E-02   -6.5146E-04   
1.4009E-02   -3.7257E-03   
1.3833E-02   -3.3288E-03   
1.3260E-02   -3.9951E-03   
1.3275E-02   -3.8243E-03   
1.9481E-02   -6.5585E-04   
2.1364E-02   -5.2220E-04   
7.3376E-03   -9.1964E-03   
1.4093E-02   -3.0844E-03   
1.1945E-02   -4.9325E-03   
1.9297E-02   -6.4899E-04   
2.0208E-02   -5.7452E-04   
2.2289E-02   -2.5744E-04   
2.1743E-02   -4.5550E-04   
2.0386E-02   -7.8322E-04   
1.1950E-02   -5.6131E-03   
3.5715E-03   -1.2248E-02   
1.9119E-02   -6.4430E-04   
2.7919E-03   -1.2356E-02   
1.7697E-02   -1.0531E-03   
1.8557E-02   -6.5745E-04   
1.7942E-02   -9.3621E-04   
1.7442E-02   -1.1800E-03   
1.6606E-02   -1.6433E-03   
1.5640E-02   -2.2648E-03   
1.2040E-02   -4.3675E-03   
1.4506E-02   -2.8114E-03   
1.8183E-02   -8.2566E-04   
1.5242E-02   -2.4149E-03   
1.8345E-02   -7.4029E-04   
1.6232E-02   -1.9290E-03   
1.6898E-02   -1.4737E-03   
1.4124E-02   -3.5015E-03   
1.4462E-02   -3.0909E-03   
1.8469E-02   -7.3831E-04   
1.4193E-02   -3.1745E-03   
1.4258E-02   -2.9752E-03   
1.4137E-02   -3.0911E-03   
1.3661E-02   -3.4376E-03   
1.4675E-02   -3.0209E-03   
1.3672E-02   -4.0671E-03   
1.9673E-02   -6.6917E-04   
2.1046E-02   -6.1502E-04   
1.9136E-02   -7.6105E-04   
1.8076E-02   -8.6054E-04   
1.8777E-02   -7.6273E-04   
1.9906E-02   -6.8459E-04   
1.0429E-02   -7.0102E-03   
5.3113E-03   -1.0645E-02   
1.8960E-02   -7.5662E-04   
2.0479E-02   -5.0995E-04   
1.2389E-02   -5.4751E-03   
1.1660E-02   -5.7016E-03   
2.0713E-02   -7.4318E-04   
2.0045E-02   -8.3489E-04   
1.7807E-02   -9.8582E-04   
1.7562E-02   -1.1022E-03   
1.8319E-02   -7.5346E-04   
1.5162E-02   -2.4203E-03   
1.8387E-02   -7.3660E-04   
1.8050E-02   -8.7349E-04   
1.7294E-02   -1.2359E-03   
1.5654E-02   -2.1918E-03   
1.6705E-02   -1.5541E-03   
1.7005E-02   -1.3887E-03   
1.5404E-02   -2.5126E-03   
1.5181E-02   -2.5886E-03   
1.5968E-02   -2.0412E-03   
1.4783E-02   -2.6584E-03   
1.5005E-02   -2.5184E-03   
1.4950E-02   -2.5661E-03   
1.6295E-02   -1.8320E-03   
1.8554E-02   -7.4668E-04   
1.7836E-02   -9.7955E-04   
1.8627E-02   -8.7351E-04   
1.4749E-02   -2.7395E-03   
1.8535E-02   -8.1017E-04   
1.3659E-02   -4.3328E-03   
1.9309E-02   -7.7369E-04   
1.5255E-02   -2.9727E-03   
7.4009E-03   -8.7397E-03   
1.3026E-02   -5.1423E-03   
1.8203E-02   -8.6484E-04   
1.8792E-02   -8.7416E-04   
1.5555E-02   -2.5587E-03   
1.4026E-02   -4.2117E-03   
7.7996E-03   -9.0645E-03   
2.0099E-02   -9.0699E-04   
2.1066E-02   -7.0468E-04   
1.7698E-02   -1.0319E-03   
1.7919E-02   -9.2803E-04   
1.6386E-02   -1.7368E-03   
1.5329E-02   -2.3264E-03   
1.6822E-02   -1.4749E-03   
1.5487E-02   -2.2989E-03   
1.5706E-02   -2.1072E-03   
1.7878E-02   -9.8701E-04   
1.6032E-02   -1.9491E-03   
1.5613E-02   -2.1540E-03   
1.8786E-02   -6.5697E-04   
1.7135E-02   -1.3094E-03   
1.8141E-02   -8.2843E-04   
1.5675E-02   -2.2399E-03   
1.8456E-02   -9.9441E-04   
1.5877E-02   -2.1826E-03   
1.8488E-02   -8.7858E-04   
5.2208E-03   -1.0276E-02   
1.3982E-02   -4.5904E-03   
1.8955E-02   -8.8429E-04   
5.3083E-03   -1.0786E-02   
1.6336E-02   -2.1669E-03   
1.5022E-02   -3.3010E-03   
1.8227E-02   -9.0280E-04   
1.9485E-02   -7.9406E-04   
8.2148E-03   -8.8683E-03   
1.6201E-02   -2.3548E-03   
1.5387E-02   -3.2086E-03   
1.1206E-02   -6.5688E-03   
1.9736E-02   -9.7324E-04   
1.5650E-02   -2.4119E-03   
2.1447E-02   -6.5876E-04   
1.6504E-02   -1.6496E-03   
1.6039E-02   -1.9886E-03   
1.7468E-02   -1.1405E-03   
1.6158E-02   -1.8463E-03   
1.7564E-02   -1.1167E-03   
1.6065E-02   -2.1275E-03   
1.5374E-02   -2.3469E-03   
1.8761E-02   -1.0172E-03   
1.6940E-02   -1.4099E-03   
1.6207E-02   -1.9480E-03   
1.5976E-02   -1.9457E-03   
1.7903E-02   -1.0167E-03   
1.8606E-02   -1.0029E-03   
1.7762E-02   -1.0019E-03   
1.5607E-02   -2.1766E-03   
1.8232E-02   -9.5582E-04   
1.1772E-02   -5.4233E-03   
1.6211E-02   -2.1307E-03   
1.6152E-02   -2.5290E-03   
1.6219E-02   -2.5924E-03   
1.5669E-02   -3.1765E-03   
1.5908E-02   -3.2774E-03   
1.9791E-02   -1.0616E-03   
5.7200E-03   -1.0803E-02   
1.9274E-02   -9.2766E-04   
2.1760E-02   -5.4488E-04   
1.6625E-02   -1.5774E-03   
1.6300E-02   -1.7583E-03   
1.7278E-02   -1.2394E-03   
1.6482E-02   -1.7565E-03   
1.7578E-02   -1.1425E-03   
1.8266E-02   -1.0072E-03   
1.7923E-02   -1.0582E-03   
1.6378E-02   -1.9094E-03   
1.8414E-02   -1.1399E-03   
1.8267E-02   -1.1265E-03   
1.9400E-02   -1.0285E-03   
1.8917E-02   -1.0394E-03   
1.6871E-02   -2.2627E-03   
1.6720E-02   -2.1723E-03   
1.5859E-02   -2.0600E-03   
1.9631E-02   -8.3200E-04   
2.0418E-02   -8.4598E-04   
1.9339E-02   -1.2563E-03   
1.6377E-02   -2.8531E-03   
1.5381E-02   -3.8178E-03   
1.6793E-02   -2.4947E-03   
1.6702E-02   -1.9025E-03   
8.3886E-03   -9.0143E-03   
2.1808E-02   -6.1716E-04   
1.6413E-02   -1.6945E-03   
1.7581E-02   -1.0930E-03   
1.6077E-02   -1.9058E-03   
1.7019E-02   -1.3784E-03   
1.8021E-02   -1.2962E-03   
1.7239E-02   -1.2856E-03   
1.6734E-02   -1.5239E-03   
1.7595E-02   -1.1807E-03   
1.6638E-02   -1.7252E-03   
1.7935E-02   -1.1704E-03   
1.6811E-02   -1.6993E-03   
1.7937E-02   -1.2389E-03   
1.9705E-02   -8.9355E-04   
1.8571E-02   -1.1546E-03   
1.9087E-02   -1.0699E-03   
2.0653E-02   -8.5164E-04   
1.6751E-02   -2.0378E-03   
1.9421E-02   -9.4858E-04   
1.6829E-02   -1.9191E-03   
1.9075E-02   -1.1714E-03   
1.6366E-02   -1.7741E-03   
1.7029E-02   -1.6756E-03   
1.7100E-02   -2.2491E-03   
1.9016E-02   -1.2846E-03   
1.9729E-02   -1.1697E-03   
1.6661E-02   -2.2878E-03   
1.7109E-02   -2.4254E-03   
1.6526E-02   -3.0348E-03   
5.9343E-03   -1.0878E-02   
1.6501E-02   -1.6630E-03   
1.7031E-02   -1.5352E-03   
1.6885E-02   -1.4628E-03   
1.7283E-02   -1.3034E-03   
1.7127E-02   -1.8321E-03   
1.6855E-02   -1.5705E-03   
1.7645E-02   -1.4082E-03   
1.8275E-02   -1.2586E-03   
1.7280E-02   -2.5946E-03   
1.8733E-02   -1.3184E-03   
1.6064E-02   -1.8902E-03   
1.7160E-02   -1.7175E-03   
1.8711E-02   -1.1815E-03   
1.7636E-02   -1.2162E-03   
1.7596E-02   -1.3457E-03   
1.7361E-02   -2.0479E-03   
4.8148E-03   -1.1776E-02   
1.7337E-02   -2.2406E-03   
1.8922E-02   -1.3981E-03   
2.0015E-02   -1.0660E-03   
1.7948E-02   -1.1045E-03   
1.5830E-02   -2.0297E-03   
1.6692E-02   -1.6191E-03   
1.7206E-02   -1.5152E-03   
1.6981E-02   -1.4664E-03   
1.8360E-02   -1.3005E-03   
1.7403E-02   -1.3667E-03   
1.7361E-02   -1.5624E-03   
1.7030E-02   -1.4126E-03   
1.8600E-02   -1.5598E-03   
1.6748E-02   -1.5607E-03   
2.0330E-02   -1.0042E-03   
1.8632E-02   -1.4470E-03   
1.7147E-02   -2.0351E-03   
1.7367E-02   -1.5002E-03   
1.7637E-02   -2.3655E-03   
3.9186E-03   -1.2323E-02   
1.7703E-02   -1.2389E-03   
1.7504E-02   -1.8111E-03   
1.8011E-02   -1.4050E-03   
1.8083E-02   -1.4847E-03   
1.7652E-02   -1.8434E-03   
1.8633E-02   -1.6572E-03   
1.7411E-02   -1.6795E-03   
1.7591E-02   -2.2639E-03   
1.7700E-02   -2.4377E-03   
1.7914E-02   -1.6533E-03   
1.7437E-02   -1.7492E-03   
1.8025E-02   -2.3648E-03   
1.7813E-02   -1.8808E-03   
1.8823E-02   -1.2125E-03   
1.9081E-02   -1.5399E-03   
1.8225E-02   -1.7566E-03   
1.7715E-02   -1.5812E-03   
1.8340E-02   -1.4794E-03   
1.7551E-02   -2.0643E-03   
1.8220E-02   -1.8664E-03   
1.9507E-02   -1.3225E-03   
1.8506E-02   -2.1267E-03   
1.7918E-02   -1.9262E-03   
1.7731E-02   -1.6550E-03   
1.8111E-02   -2.0189E-03   
1.8423E-02   -1.9826E-03   
1.8926E-02   -1.7840E-03   
1.9176E-02   -1.6073E-03   
1.8701E-02   -1.9656E-03   
3.8703E-04   -1.3346E-02   
1.7985E-02   -2.1632E-03   
1.7325E-02   -2.6856E-03   
2.2543E-02   -2.5162E-04   
8.8993E-04   -1.2503E-02   
2.3427E-02   -3.3170E-05   
2.2173E-02   -5.7583E-04   
6.9975E-04   -1.3404E-02   
3.4552E-03   -1.2441E-02   
1.8578E-02   -2.1997E-03   
2.2753E-02   -1.2721E-04   
1.0694E-03   -1.3359E-02   
4.3897E-03   -1.1740E-02   
1.5171E-03   -1.3291E-02   
1.9725E-03   -1.3211E-02   
2.4241E-03   -1.3105E-02   
2.8923E-03   -1.2967E-02   
2.3734E-02   -2.9605E-05   
3.3687E-03   -1.2784E-02   
3.8815E-03   -1.2525E-02   
2.2026E-02   -4.6046E-04   
4.4234E-03   -1.2171E-02   
2.4053E-02   -2.7339E-05   
5.3314E-03   -1.1538E-02   
7.6760E-03   -9.7086E-03   
1.9480E-02   -1.4437E-03   
1.1457E-02   -7.0311E-03   
2.4390E-02   -2.4244E-05   
2.0896E-02   -5.8414E-04   
1.3671E-02   -5.6606E-03   
1.4153E-02   -4.2657E-03   
2.6126E-03   -1.2762E-02   
2.2127E-02   -3.9356E-04   
1.6278E-02   -4.1042E-03   
1.7778E-02   -3.3019E-03   
2.4740E-02   -2.0133E-05   
1.8670E-02   -2.9316E-03   
1.1668E-02   -6.6309E-03   
1.9345E-02   -2.7352E-03   
1.9854E-02   -2.6510E-03   
2.5105E-02   -1.6007E-05   
2.0450E-02   -2.4651E-03   
2.1110E-02   -2.3233E-03   
1.1445E-03   -1.3105E-02   
2.1719E-02   -2.1795E-03   
2.5529E-02   -1.2672E-05   
2.2893E-02   -7.7660E-05   
1.4172E-02   -4.7858E-03   
2.2369E-02   -2.0052E-03   
2.2983E-02   -1.8618E-03   
2.1513E-02   -7.1996E-04   
2.6006E-02   -5.3256E-06   
2.0683E-02   -9.3588E-04   
1.9981E-02   -1.1517E-03   
2.4158E-02   -1.5100E-03   
2.6457E-02   -2.1869E-04   
2.6553E-02   -2.3934E-04   
2.6549E-02   -3.0742E-05   
2.6603E-02   -7.0822E-06   
2.6492E-02   -1.1282E-04   
5.3679E-03   -1.1495E-02   
2.5393E-02   -9.6985E-04   
1.3157E-03   -1.3199E-02   
2.0921E-02   -9.4567E-04   
2.0397E-02   -1.0907E-03   
2.3328E-03   -1.2929E-02   
1.9749E-02   -1.4212E-03   
3.0351E-03   -1.2652E-02   
2.2801E-02   -2.0592E-04   
1.9144E-02   -1.7899E-03   
2.2473E-02   -4.6957E-04   
3.3615E-03   -1.2616E-02   
1.4491E-02   -4.6486E-03   
2.2724E-03   -1.3045E-02   
1.6602E-02   -3.2248E-03   
3.2415E-03   -1.2763E-02   
2.1371E-02   -8.2262E-04   
2.1548E-02   -2.0692E-03   
1.8548E-02   -2.8291E-03   
4.3989E-03   -1.2187E-02   
1.1377E-02   -6.9863E-03   
7.9247E-03   -9.6528E-03   
8.5881E-03   -9.1054E-03   
2.4203E-02   -5.2806E-05   
1.9103E-02   -2.0579E-03   
2.3025E-02   -1.1140E-04   
2.2242E-02   -6.3645E-04   
2.3588E-02   -5.8829E-05   
2.5472E-02   -2.8795E-05   
1.8156E-02   -2.4232E-03   
1.9588E-02   -2.5349E-03   
2.2328E-02   -2.8982E-04   
2.2376E-02   -4.0592E-04   
1.9461E-02   -1.5171E-03   
1.6552E-02   -3.0926E-03   
2.6295E-02   -1.4973E-06   
2.3598E-02   -1.6850E-03   
1.3545E-02   -5.5789E-03   
2.2515E-02   -1.8195E-03   
2.6591E-02   -1.3931E-04   
2.6694E-02   -2.8305E-06   
2.6666E-02   -1.5910E-05   
2.6622E-02   -6.6043E-05   
2.0543E-02   -2.2781E-03   
1.6888E-02   -3.5007E-03   
2.4895E-02   -3.6940E-05   
2.4714E-02   -1.0820E-03   
2.6056E-02   -1.6225E-05   
2.5422E-02   -8.2684E-04   
2.5871E-02   -2.7442E-04   
2.6110E-02   -2.4296E-05   
2.6017E-02   -7.8676E-05   
2.5734E-02   -5.0960E-04   
2.1228E-02   -9.4845E-04   
1.8481E-02   -2.7157E-03   
2.2922E-02   -1.5605E-04   
2.3245E-02   -1.2686E-04   
2.4004E-02   -8.7401E-05   
1.4797E-03   -1.3068E-02   
1.7893E-02   -2.6273E-03   
2.0221E-02   -1.2606E-03   
1.0872E-02   -7.4463E-03   
2.2828E-02   -2.5638E-04   
2.4689E-02   -6.4749E-05   
2.3400E-02   -1.6054E-03   
4.3611E-03   -1.2160E-02   
1.7959E-02   -2.8813E-03   
1.3569E-02   -5.5180E-03   
1.9496E-02   -2.4504E-03   
1.7059E-02   -3.0619E-03   
2.1133E-02   -2.0664E-03   
1.9607E-02   -1.6732E-03   
1.5814E-02   -4.0207E-03   
2.2064E-02   -7.5159E-04   
2.2546E-02   -5.3489E-04   
2.0077E-02   -2.3105E-03   
1.9575E-02   -1.8199E-03   
2.5087E-02   -5.0775E-05   
1.9180E-02   -2.1644E-03   
2.4345E-02   -7.5935E-05   
1.5794E-02   -3.8861E-03   
2.2681E-02   -3.2868E-04   
1.8983E-02   -2.5851E-03   
1.9999E-02   -1.4484E-03   
2.3612E-02   -9.7608E-05   
2.2755E-02   -3.7569E-04   
2.5285E-02   -4.3129E-04   
2.5637E-02   -5.3120E-05   
2.5517E-02   -1.4405E-04   
2.5722E-02   -2.7251E-05   
2.1628E-02   -8.2867E-04   
2.3956E-02   -1.3267E-03   
2.4879E-02   -8.5640E-04   
2.6003E-02   -5.9191E-05   
2.5785E-02   -4.1092E-04   
2.5867E-02   -1.5567E-04   
2.5798E-02   -2.0331E-04   
1.8879E-02   -2.4871E-03   
1.5222E-02   -4.3518E-03   
2.4805E-02   -8.3942E-05   
2.2963E-02   -1.6630E-03   
1.7660E-02   -2.8999E-03   
1.9615E-02   -1.9365E-03   
1.8770E-02   -2.3981E-03   
2.2939E-02   -4.8962E-04   
2.3456E-02   -1.4565E-04   
2.0719E-02   -2.0838E-03   
2.4159E-02   -1.0877E-04   
2.5441E-02   -2.1775E-04   
2.5656E-02   -8.6624E-05   
2.3126E-02   -3.3845E-04   
2.1082E-02   -1.0870E-03   
2.3167E-02   -2.3397E-04   
2.0561E-02   -1.2542E-03   
2.5296E-02   -3.1486E-04   
2.4181E-02   -1.0562E-03   
2.2389E-02   -7.3733E-04   
2.1731E-02   -1.8575E-03   
2.0028E-02   -1.6140E-03   
1.8288E-02   -2.5507E-03   
1.9897E-02   -2.2284E-03   
2.2092E-02   -8.3348E-04   
2.5437E-02   -4.7893E-05   
2.3871E-02   -1.2404E-03   
2.5007E-02   -6.2834E-04   
2.0881E-02   -1.8805E-03   
2.0521E-02   -1.5256E-03   
2.1967E-02   -9.4899E-04   
2.2785E-02   -6.7477E-04   
2.0298E-02   -2.0116E-03   
1.9281E-02   -2.2612E-03   
2.4917E-02   -1.0135E-04   
2.3589E-02   -1.2396E-03   
2.4169E-02   -1.4687E-04   
2.4577E-02   -1.2269E-04   
1.9789E-02   -2.1346E-03   
2.3395E-02   -2.5422E-04   
2.3459E-02   -1.8961E-04   
2.3230E-02   -3.8939E-04   
2.0010E-02   -1.5372E-03   
2.0082E-02   -1.8344E-03   
2.3054E-02   -5.4578E-04   
2.1909E-02   -1.6752E-03   
2.1424E-02   -1.0845E-03   
2.0928E-02   -1.2345E-03   
2.0406E-02   -1.6705E-03   
2.2393E-02   -8.8249E-04   
2.2693E-02   -7.7784E-04   
2.2149E-02   -1.8349E-03   
2.3340E-02   -4.3874E-04   
2.0182E-02   -1.9230E-03   
2.5254E-02   -7.8959E-05   
2.3765E-02   -1.9417E-04   
2.3496E-02   -3.0609E-04   
2.2963E-02   -1.4308E-03   
2.4023E-02   -2.0580E-04   
2.0839E-02   -1.3541E-03   
2.1678E-02   -1.0986E-03   
2.2741E-02   -8.5451E-04   
2.0538E-02   -1.7283E-03   
2.3891E-02   -2.6866E-04   
2.3897E-02   -1.0361E-03   
2.3197E-02   -5.8123E-04   
2.3737E-02   -3.8658E-04   
2.2711E-02   -1.6416E-03   
2.4729E-02   -1.4070E-04   
2.1082E-02   -1.3726E-03   
2.1599E-02   -1.2130E-03   
2.5391E-02   -9.2757E-05   
2.3547E-02   -5.3333E-04   
2.4934E-02   -1.5329E-04   
2.1031E-02   -1.6047E-03   
2.3937E-02   -3.1438E-04   
2.4513E-02   -1.9209E-04   
2.3854E-02   -4.2494E-04   
2.1993E-02   -1.1867E-03   
2.4207E-02   -2.1737E-04   
2.2518E-02   -1.0196E-03   
2.3294E-02   -7.4052E-04   
2.4212E-02   -3.1834E-04   
2.3433E-02   -8.1447E-04   
2.1154E-02   -1.6802E-03   
2.2884E-02   -1.0026E-03   
2.1426E-02   -1.3877E-03   
2.2355E-02   -1.1743E-03   
2.4586E-02   -2.2477E-04   
2.5318E-02   -1.3626E-04   
2.3724E-02   -8.2012E-04   
2.3275E-02   -9.7108E-04   
2.4676E-02   -2.5808E-04   
2.1540E-02   -1.4944E-03   
2.2112E-02   -1.3606E-03   
2.4454E-02   -3.2556E-04   
2.4194E-02   -7.2811E-04   
2.3190E-02   -1.1134E-03   
2.5082E-02   -2.0284E-04   
2.4412E-02   -3.8182E-04   
2.4127E-02   -8.5856E-04   
2.5248E-02   -2.1861E-04   
2.3639E-02   -1.0268E-03   
2.3974E-02   -4.6489E-04   
2.3662E-02   -5.8753E-04   
2.3829E-02   -6.3497E-04   
2.4352E-02   -5.2174E-04   
