51 
1844 
2.1644E-02   -4.9639E-03   
2.3020E-02   -3.1786E-03   
2.4036E-02   -1.9471E-03   
2.4725E-02   -9.5824E-04   
6.2877E-37   -9.7049E-04   
2.4966E-02   8.4799E-38   
2.5128E-02   -1.7085E-34   
2.5250E-02   -4.5870E-35   
2.5583E-02   1.8650E-35   
2.5924E-02   4.9165E-35   
2.6386E-02   1.2973E-34   
2.6979E-02   1.9535E-34   
2.7449E-02   2.4276E-34   
2.8269E-02   3.7274E-34   
2.8893E-02   4.4605E-34   
2.9578E-02   3.8128E-34   
2.9944E-02   5.8702E-34   
3.0720E-02   8.4432E-34   
3.1557E-02   1.1777E-33   
3.2000E-02   -3.4568E-30   
3.2000E-02   -1.3596E-34   
3.2000E-02   -1.3596E-34   
3.2000E-02   -1.3596E-34   
3.2000E-02   -1.3596E-34   
3.2000E-02   -1.3596E-34   
3.2000E-02   -1.3596E-34   
3.2000E-02   -1.3596E-34   
3.2000E-02   -1.3596E-34   
3.2000E-02   -1.3596E-34   
3.2000E-02   -1.3596E-34   
3.2000E-02   -1.3596E-34   
3.2000E-02   -1.3596E-34   
3.0740E-02   -8.0292E-04   
2.9398E-02   -1.4882E-03   
2.8775E-02   -1.7304E-03   
2.8158E-02   -1.9319E-03   
2.6929E-02   -2.2640E-03   
2.6313E-02   -2.4110E-03   
2.5073E-02   -2.6979E-03   
2.4446E-02   -2.8495E-03   
2.2621E-02   -3.6050E-03   
1.7568E-02   -6.7422E-03   
1.3311E-02   -9.3223E-03   
5.4160E-03   -1.4801E-02   
3.9542E-03   -1.6097E-02   
3.4904E-03   -1.6421E-02   
2.6005E-03   -1.6784E-02   
1.7160E-03   -1.6964E-02   
8.4695E-04   -1.7054E-02   
-2.9214E-37   -1.7078E-02   
1.2989E-33   -1.6794E-02   
1.3927E-33   -1.6515E-02   
1.3271E-33   -1.6134E-02   
1.2571E-33   -1.5911E-02   
1.0945E-33   -1.5542E-02   
9.8696E-34   -1.5323E-02   
8.8700E-34   -1.5105E-02   
7.7244E-34   -1.4924E-02   
6.3277E-34   -1.4299E-02   
1.9103E-02   -4.7944E-03   
3.1443E-02   -1.7865E-05   
3.0867E-02   -5.1250E-05   
3.0044E-02   -1.0907E-04   
2.9373E-02   -1.6400E-04   
2.8718E-02   -2.3563E-04   
2.8003E-02   -2.8316E-04   
2.7432E-02   -3.0710E-04   
2.6706E-02   -3.7240E-04   
2.6003E-02   -4.2219E-04   
2.5307E-02   -4.7524E-04   
2.4631E-02   -5.3603E-04   
2.3934E-02   -6.3253E-04   
2.3208E-02   -8.3407E-04   
2.2199E-02   -1.3522E-03   
2.1050E-02   -2.4172E-03   
2.3054E-02   -2.0880E-03   
2.3482E-02   -9.0201E-04   
2.4046E-02   -4.7864E-04   
2.4608E-02   -3.3234E-04   
2.5167E-02   -2.8568E-04   
2.5712E-02   -2.6945E-04   
2.6366E-02   -2.3322E-04   
2.6978E-02   -2.0775E-04   
2.7556E-02   -1.7951E-04   
2.8145E-02   -1.7507E-04   
2.8815E-02   -1.3019E-04   
2.9461E-02   -9.4713E-05   
3.0095E-02   -6.8878E-05   
3.0781E-02   -3.1365E-05   
3.1382E-02   -8.4312E-06   
2.4639E-02   -4.8971E-04   
2.4868E-02   -1.9051E-04   
2.5143E-02   -1.2539E-04   
2.5573E-02   -1.0410E-04   
2.6009E-02   -9.8381E-05   
2.6564E-02   -9.9612E-05   
2.7077E-02   -9.9549E-05   
2.7599E-02   -9.4576E-05   
2.8290E-02   -7.2239E-05   
2.8875E-02   -5.5073E-05   
2.9544E-02   -4.3313E-05   
3.0211E-02   -2.6708E-05   
3.0871E-02   -1.3110E-05   
3.1486E-02   -1.6233E-06   
3.1333E-02   -3.7147E-05   
3.0698E-02   -9.6878E-05   
2.9923E-02   -1.8788E-04   
2.9228E-02   -2.4766E-04   
2.8607E-02   -3.3865E-04   
2.7851E-02   -4.1667E-04   
2.7110E-02   -4.9308E-04   
2.6413E-02   -5.5988E-04   
2.5681E-02   -6.4782E-04   
2.4999E-02   -7.3367E-04   
2.4119E-02   -8.7580E-04   
2.3175E-02   -1.0842E-03   
2.2257E-02   -1.3660E-03   
2.1153E-02   -1.8741E-03   
1.8731E-02   -3.4390E-03   
7.4307E-03   -1.0765E-02   
3.1278E-02   -6.8677E-05   
3.0729E-02   -1.4118E-04   
2.9790E-02   -2.8176E-04   
2.9178E-02   -3.7553E-04   
2.8455E-02   -4.7262E-04   
2.7579E-02   -6.0619E-04   
2.6828E-02   -6.8676E-04   
2.6095E-02   -7.8083E-04   
2.5215E-02   -9.2714E-04   
2.4379E-02   -1.0988E-03   
2.3496E-02   -1.2984E-03   
2.2602E-02   -1.4952E-03   
2.1509E-02   -1.8946E-03   
1.9649E-02   -2.8515E-03   
1.1933E-02   -7.8122E-03   
1.5747E-03   -1.4567E-02   
3.1473E-02   -6.7461E-05   
3.0457E-02   -2.4384E-04   
2.9883E-02   -3.4201E-04   
2.9178E-02   -4.8197E-04   
2.8135E-02   -6.6413E-04   
2.7392E-02   -7.9334E-04   
2.6633E-02   -9.0623E-04   
2.5722E-02   -1.0715E-03   
2.4882E-02   -1.2490E-03   
2.3997E-02   -1.4227E-03   
2.3149E-02   -1.6243E-03   
2.2105E-02   -1.9059E-03   
2.0159E-02   -2.8971E-03   
1.5184E-02   -6.0414E-03   
5.0390E-03   -1.2917E-02   
1.0736E-03   -1.5199E-02   
3.1134E-02   -1.6475E-04   
3.0524E-02   -3.0776E-04   
2.9785E-02   -4.8622E-04   
2.9041E-02   -6.6280E-04   
2.7974E-02   -8.7497E-04   
2.7129E-02   -1.0125E-03   
2.6244E-02   -1.2083E-03   
2.5393E-02   -1.3985E-03   
2.4423E-02   -1.5728E-03   
2.3632E-02   -1.7471E-03   
2.2758E-02   -2.0299E-03   
2.1320E-02   -2.6157E-03   
1.6741E-02   -5.4813E-03   
8.0066E-03   -1.1526E-02   
2.1685E-03   -1.5255E-02   
1.0393E-03   -1.5489E-02   
3.1299E-02   -2.0091E-04   
3.0452E-02   -4.5927E-04   
2.9765E-02   -6.2877E-04   
2.8680E-02   -9.1317E-04   
2.7720E-02   -1.1592E-03   
2.6884E-02   -1.3070E-03   
2.5829E-02   -1.5285E-03   
2.5032E-02   -1.7059E-03   
2.4025E-02   -1.9092E-03   
2.3129E-02   -2.1595E-03   
2.2035E-02   -2.5665E-03   
1.9374E-02   -4.1161E-03   
1.2343E-02   -8.9852E-03   
4.1635E-03   -1.4689E-02   
2.0326E-03   -1.5684E-02   
9.5376E-04   -1.5798E-02   
3.1169E-02   -2.9303E-04   
3.0227E-02   -6.1905E-04   
2.9571E-02   -8.1350E-04   
2.8287E-02   -1.2030E-03   
2.7515E-02   -1.3923E-03   
2.6630E-02   -1.6118E-03   
2.5675E-02   -1.7906E-03   
2.4687E-02   -2.0177E-03   
2.3575E-02   -2.2989E-03   
2.2644E-02   -2.5962E-03   
2.0537E-02   -3.8272E-03   
1.5591E-02   -7.1723E-03   
6.3135E-03   -1.3922E-02   
3.3288E-03   -1.5653E-02   
2.0104E-03   -1.6017E-02   
1.0016E-03   -1.6104E-02   
3.1206E-02   -3.9016E-04   
3.0385E-02   -7.5170E-04   
2.9298E-02   -1.1156E-03   
2.8342E-02   -1.4480E-03   
2.7327E-02   -1.6309E-03   
2.6328E-02   -1.8555E-03   
2.5361E-02   -2.0943E-03   
2.4381E-02   -2.3420E-03   
2.3379E-02   -2.5897E-03   
2.1453E-02   -3.5133E-03   
1.6860E-02   -6.6334E-03   
9.0945E-03   -1.2348E-02   
4.4257E-03   -1.5474E-02   
2.9795E-03   -1.6141E-02   
1.9348E-03   -1.6338E-02   
1.0753E-03   -1.6403E-02   
3.0870E-02   -6.8316E-04   
2.9900E-02   -1.1718E-03   
2.9118E-02   -1.4096E-03   
2.7848E-02   -1.7849E-03   
2.7064E-02   -1.9725E-03   
2.5955E-02   -2.2297E-03   
2.4970E-02   -2.4810E-03   
2.4098E-02   -2.6655E-03   
2.2707E-02   -3.1809E-03   
1.8929E-02   -5.3776E-03   
1.3429E-02   -9.1607E-03   
5.8800E-03   -1.4787E-02   
3.8648E-03   -1.6136E-02   
2.8336E-03   -1.6462E-02   
1.8854E-03   -1.6642E-02   
8.4302E-04   -1.6792E-02   
5.6377E-03   -1.2676E-03   
1.0685E-02   -1.8874E-03   
1.5115E-02   -2.6003E-03   
1.7894E-02   -3.4650E-03   
1.9569E-02   -4.2474E-03   
2.0713E-02   -4.9356E-03   
2.1245E-02   -5.0035E-03   
2.1904E-02   -4.7835E-03   
2.2090E-02   -4.5290E-03   
2.2258E-02   -4.2688E-03   
2.2418E-02   -4.0220E-03   
2.2574E-02   -3.7907E-03   
2.2727E-02   -3.5739E-03   
2.2876E-02   -3.3702E-03   
2.3161E-02   -2.9979E-03   
2.3299E-02   -2.8270E-03   
2.3432E-02   -2.6647E-03   
2.3562E-02   -2.5104E-03   
2.3687E-02   -2.3621E-03   
2.3808E-02   -2.2192E-03   
2.3925E-02   -2.0811E-03   
2.4142E-02   -1.8165E-03   
2.4243E-02   -1.6886E-03   
2.4339E-02   -1.5630E-03   
2.4429E-02   -1.4393E-03   
2.4512E-02   -1.3171E-03   
2.4590E-02   -1.1963E-03   
2.4661E-02   -1.0767E-03   
2.4782E-02   -8.4119E-04   
2.4833E-02   -7.2622E-04   
2.4876E-02   -6.0722E-04   
2.4907E-02   -4.8542E-04   
2.4940E-02   -3.7265E-04   
2.4952E-02   -2.4893E-04   
2.4973E-02   -1.2452E-04   
2.5030E-02   -6.1371E-34   
2.5062E-02   -5.9577E-34   
2.5085E-02   -4.6232E-34   
2.5102E-02   -2.6066E-34   
2.5115E-02   -2.1058E-34   
2.5143E-02   -1.3733E-34   
2.5161E-02   -1.0886E-34   
2.5184E-02   -8.4633E-35   
2.5213E-02   -6.3860E-35   
2.5296E-02   -3.0178E-35   
2.5351E-02   -1.6423E-35   
2.5417E-02   -4.1865E-36   
2.5494E-02   7.3207E-36   
2.5683E-02   2.8989E-35   
2.5797E-02   3.9174E-35   
2.6064E-02   6.0000E-35   
2.6218E-02   7.0946E-35   
2.6569E-02   1.3958E-34   
2.6766E-02   1.0897E-34   
2.7206E-02   2.1278E-34   
2.7706E-02   2.8036E-34   
2.7980E-02   3.1679E-34   
2.8573E-02   3.7977E-34   
2.9228E-02   4.9982E-34   
3.0324E-02   7.1913E-34   
3.1130E-02   7.2467E-34   
3.2000E-02   -1.3596E-34   
3.2000E-02   -1.3596E-34   
3.2000E-02   -1.3596E-34   
3.2000E-02   -1.3596E-34   
3.2000E-02   -1.3596E-34   
3.0045E-02   -1.1898E-03   
2.7544E-02   -2.1064E-03   
2.5695E-02   -2.5537E-03   
2.3790E-02   -3.0347E-03   
2.0669E-02   -4.7334E-03   
8.5885E-03   -1.2517E-02   
4.4733E-03   -1.5700E-02   
3.0441E-03   -1.6636E-02   
2.1568E-03   -1.6887E-02   
1.2786E-03   -1.7018E-02   
4.2154E-04   -1.7075E-02   
9.5171E-34   -1.6937E-02   
1.3656E-33   -1.6653E-02   
1.3567E-33   -1.6382E-02   
1.9845E-33   -1.6255E-02   
2.0095E-33   -1.6019E-02   
1.2256E-33   -1.5809E-02   
1.1891E-33   -1.5714E-02   
1.1398E-33   -1.5625E-02   
1.0564E-33   -1.5464E-02   
1.0204E-33   -1.5391E-02   
9.5819E-34   -1.5260E-02   
9.3108E-34   -1.5203E-02   
9.0668E-34   -1.5151E-02   
8.7253E-34   -1.5065E-02   
8.5215E-34   -1.5030E-02   
8.2583E-34   -1.4996E-02   
7.9876E-34   -1.4962E-02   
7.4997E-34   -1.4880E-02   
7.2585E-34   -1.4827E-02   
7.0435E-34   -1.4760E-02   
6.8229E-34   -1.4665E-02   
6.5667E-34   -1.4521E-02   
6.0682E-34   -1.3954E-02   
5.8045E-34   -1.3427E-02   
5.5356E-34   -1.2656E-02   
5.2918E-34   -1.1593E-02   
5.0712E-34   -1.0198E-02   
7.3927E-34   -8.3760E-03   
6.7563E-34   -6.2385E-03   
4.9592E-34   -3.6778E-03   
2.2115E-02   -4.0480E-03   
2.3237E-02   -2.6297E-03   
2.3649E-02   -2.1729E-03   
2.2458E-02   -3.5763E-03   
2.4614E-02   -1.0457E-03   
2.1554E-02   -4.8629E-03   
1.6621E-02   -4.2088E-03   
2.4347E-02   -1.3944E-03   
2.4870E-02   -6.0296E-04   
2.4023E-02   -1.7667E-03   
2.2784E-02   -3.1626E-03   
2.4756E-02   -8.2264E-04   
2.2940E-02   -2.9746E-03   
2.1284E-02   -5.0713E-03   
2.3905E-02   -1.8978E-03   
2.4442E-02   -1.2760E-03   
2.5002E-02   -1.7050E-04   
7.4649E-03   -3.6465E-03   
2.0877E-02   -5.1445E-03   
2.3378E-02   -2.4708E-03   
2.3514E-02   -2.3185E-03   
2.4689E-02   -9.3341E-04   
1.8951E-02   -4.6073E-03   
2.4916E-02   -4.9119E-04   
1.2605E-02   -4.0732E-03   
2.0338E-02   -5.1155E-03   
2.4531E-02   -1.1598E-03   
2.4816E-02   -7.1290E-04   
2.1756E-02   -4.5864E-03   
2.4245E-02   -1.5154E-03   
2.4137E-02   -1.6395E-03   
2.2624E-02   -3.3629E-03   
2.1938E-02   -4.3092E-03   
2.2289E-02   -3.8044E-03   
2.3091E-02   -2.7975E-03   
2.3780E-02   -2.0330E-03   
4.0940E-03   -9.1891E-03   
3.4049E-03   -1.0719E-02   
2.7627E-03   -1.1955E-02   
2.1596E-03   -1.2892E-02   
1.6277E-03   -1.3560E-02   
1.2037E-03   -1.4018E-02   
8.8872E-04   -1.4326E-02   
6.6673E-04   -1.4529E-02   
5.1473E-04   -1.4666E-02   
2.5067E-02   -9.0837E-05   
4.1415E-04   -1.4759E-02   
2.5085E-02   -7.5166E-05   
3.5072E-04   -1.4826E-02   
2.5100E-02   -6.3219E-05   
3.0082E-04   -1.4877E-02   
2.5112E-02   -5.3177E-05   
2.5783E-04   -1.4920E-02   
2.5125E-02   -4.5035E-05   
2.2424E-04   -1.4960E-02   
2.5141E-02   -3.8459E-05   
2.0136E-04   -1.4998E-02   
2.5161E-02   -3.3272E-05   
1.8912E-04   -1.5037E-02   
2.5187E-02   -2.9315E-05   
1.8935E-04   -1.5078E-02   
2.5221E-02   -2.6411E-05   
1.9626E-04   -1.5123E-02   
2.5262E-02   -2.4386E-05   
2.0477E-04   -1.5173E-02   
2.5313E-02   -2.3141E-05   
2.1334E-04   -1.5228E-02   
2.5373E-02   -2.2575E-05   
2.2269E-04   -1.5288E-02   
2.5445E-02   -2.2545E-05   
2.3279E-04   -1.5354E-02   
2.5528E-02   -2.2884E-05   
2.4305E-04   -1.5425E-02   
2.5623E-02   -2.3333E-05   
2.5329E-04   -1.5500E-02   
2.5730E-02   -2.4348E-05   
2.6371E-04   -1.5581E-02   
2.5849E-02   -2.5593E-05   
2.7412E-04   -1.5666E-02   
2.5981E-02   -2.7302E-05   
2.8770E-04   -1.5756E-02   
2.6127E-02   -2.8824E-05   
3.0371E-04   -1.5853E-02   
2.6288E-02   -2.9877E-05   
3.1328E-04   -1.5957E-02   
2.6463E-02   -3.0913E-05   
3.2290E-04   -1.6066E-02   
2.6655E-02   -3.1787E-05   
3.4735E-04   -1.6184E-02   
2.6864E-02   -3.1987E-05   
3.6194E-04   -1.6311E-02   
2.7084E-02   -3.0842E-05   
3.6457E-04   -1.6444E-02   
2.7314E-02   -3.1846E-05   
3.7804E-04   -1.6582E-02   
2.7563E-02   -3.1489E-05   
3.9892E-04   -1.6727E-02   
2.2537E-02   -3.1567E-03   
2.4020E-02   -1.5965E-03   
2.4462E-02   -1.1258E-03   
2.1803E-02   -4.0885E-03   
2.4998E-02   -2.5894E-04   
1.4176E-02   -5.5384E-03   
2.3327E-02   -2.2831E-03   
2.4907E-02   -4.9472E-04   
1.9685E-02   -5.4252E-03   
2.1198E-02   -4.9565E-03   
2.0918E-02   -5.1900E-03   
2.3761E-02   -1.8555E-03   
2.2874E-02   -2.7763E-03   
2.4720E-02   -8.0371E-04   
2.4789E-02   -7.0021E-04   
2.3032E-02   -2.6028E-03   
2.3620E-02   -1.9911E-03   
2.4556E-02   -1.0161E-03   
2.4362E-02   -1.2383E-03   
2.1994E-02   -3.8311E-03   
2.1410E-02   -4.6581E-03   
9.5376E-03   -5.8900E-03   
2.2179E-02   -3.5909E-03   
2.3180E-02   -2.4414E-03   
2.3473E-02   -2.1329E-03   
2.4642E-02   -9.0886E-04   
2.4852E-02   -5.9736E-04   
2.2361E-02   -3.3666E-03   
2.4140E-02   -1.4733E-03   
2.0491E-02   -5.2987E-03   
2.1609E-02   -4.3641E-03   
2.4254E-02   -1.3541E-03   
2.4955E-02   -3.8815E-04   
1.7574E-02   -5.2867E-03   
2.3894E-02   -1.7242E-03   
2.2709E-02   -2.9606E-03   
4.4961E-03   -7.3011E-03   
7.4974E-03   -9.3566E-03   
6.3984E-03   -1.0732E-02   
5.1840E-03   -1.1854E-02   
4.0063E-03   -1.2713E-02   
3.0392E-03   -1.3348E-02   
2.2828E-03   -1.3812E-02   
1.7092E-03   -1.4145E-02   
2.5040E-02   -1.1765E-04   
1.2869E-03   -1.4382E-02   
9.8471E-04   -1.4551E-02   
2.5052E-02   -1.6089E-04   
7.7393E-04   -1.4673E-02   
2.5066E-02   -1.3786E-04   
6.2812E-04   -1.4760E-02   
2.5078E-02   -1.1550E-04   
5.2795E-04   -1.4828E-02   
2.5089E-02   -9.7573E-05   
4.6130E-04   -1.4884E-02   
2.5103E-02   -8.3218E-05   
4.1603E-04   -1.4935E-02   
2.5120E-02   -7.1689E-05   
3.8982E-04   -1.4983E-02   
2.5142E-02   -6.2719E-05   
3.8074E-04   -1.5033E-02   
2.5171E-02   -5.6064E-05   
3.8863E-04   -1.5084E-02   
2.5208E-02   -5.1356E-05   
4.0275E-04   -1.5135E-02   
2.5255E-02   -4.8120E-05   
4.1761E-04   -1.5189E-02   
2.5311E-02   -4.6391E-05   
4.3528E-04   -1.5247E-02   
2.5378E-02   -4.6016E-05   
4.5475E-04   -1.5310E-02   
2.5456E-02   -4.6586E-05   
4.7541E-04   -1.5378E-02   
2.5547E-02   -4.7146E-05   
4.9627E-04   -1.5452E-02   
2.5649E-02   -4.7532E-05   
5.1696E-04   -1.5530E-02   
2.5757E-02   -5.0589E-05   
5.3494E-04   -1.5612E-02   
2.5879E-02   -5.2957E-05   
5.4936E-04   -1.5698E-02   
2.6014E-02   -5.7664E-05   
5.8678E-04   -1.5786E-02   
2.6168E-02   -5.9738E-05   
6.2159E-04   -1.5886E-02   
2.6338E-02   -6.1421E-05   
6.2544E-04   -1.5993E-02   
2.6521E-02   -6.3571E-05   
6.5711E-04   -1.6100E-02   
2.6729E-02   -6.4883E-05   
7.5228E-04   -1.6221E-02   
2.6955E-02   -6.3942E-05   
7.2601E-04   -1.6362E-02   
2.7167E-02   -5.8643E-05   
7.3886E-04   -1.6495E-02   
2.7391E-02   -6.9769E-05   
7.7466E-04   -1.6632E-02   
2.7828E-02   -3.2875E-05   
2.3284E-02   -2.1011E-03   
2.3449E-02   -1.9533E-03   
2.2824E-02   -2.5888E-03   
2.3606E-02   -1.8187E-03   
2.2650E-02   -2.7655E-03   
2.0834E-02   -5.0647E-03   
2.1058E-02   -4.7447E-03   
2.1273E-02   -4.4345E-03   
2.1483E-02   -4.1435E-03   
2.1689E-02   -3.8718E-03   
2.0512E-02   -5.3327E-03   
2.1891E-02   -3.6182E-03   
2.2468E-02   -2.9566E-03   
2.3754E-02   -1.6883E-03   
2.2089E-02   -3.3819E-03   
2.2281E-02   -3.1619E-03   
1.9761E-02   -5.6041E-03   
2.3893E-02   -1.5605E-03   
2.4673E-02   -7.8465E-04   
2.4753E-02   -6.8638E-04   
2.4824E-02   -5.9074E-04   
2.4585E-02   -8.8530E-04   
1.8169E-02   -6.1217E-03   
2.4026E-02   -1.4372E-03   
2.4488E-02   -9.8846E-04   
2.4271E-02   -1.2045E-03   
2.4152E-02   -1.3186E-03   
2.4383E-02   -1.0948E-03   
1.4955E-02   -6.5238E-03   
1.2070E-02   -6.8134E-03   
2.4886E-02   -4.9575E-04   
2.4942E-02   -3.9871E-04   
2.4992E-02   -2.9835E-04   
8.5030E-03   -7.9320E-03   
9.1412E-03   -1.0352E-02   
7.2173E-03   -1.1384E-02   
5.6711E-03   -1.2207E-02   
4.4214E-03   -1.2853E-02   
3.4107E-03   -1.3361E-02   
2.6084E-03   -1.3758E-02   
2.5033E-02   -1.9217E-04   
1.9904E-03   -1.4066E-02   
1.5289E-03   -1.4303E-02   
2.5013E-02   -2.3227E-04   
1.1920E-03   -1.4483E-02   
2.5027E-02   -1.8956E-04   
9.5433E-04   -1.4622E-02   
2.5036E-02   -1.5938E-04   
7.9247E-04   -1.4731E-02   
2.5047E-02   -1.3562E-04   
6.8633E-04   -1.4820E-02   
2.5061E-02   -1.1677E-04   
6.2837E-04   -1.4891E-02   
2.5080E-02   -1.0145E-04   
6.1194E-04   -1.4954E-02   
2.5105E-02   -9.0077E-05   
6.0162E-04   -1.5022E-02   
2.5137E-02   -8.2235E-05   
6.0165E-04   -1.5086E-02   
2.5178E-02   -7.6413E-05   
6.1579E-04   -1.5143E-02   
2.5230E-02   -7.2518E-05   
6.3736E-04   -1.5200E-02   
2.5291E-02   -7.1408E-05   
6.6477E-04   -1.5259E-02   
2.5363E-02   -7.2154E-05   
6.9759E-04   -1.5325E-02   
2.5451E-02   -7.3075E-05   
7.3019E-04   -1.5396E-02   
2.5555E-02   -7.3230E-05   
7.6129E-04   -1.5473E-02   
2.5660E-02   -7.0829E-05   
7.8871E-04   -1.5555E-02   
2.5754E-02   -8.2454E-05   
8.0198E-04   -1.5641E-02   
7.9175E-04   -1.5721E-02   
9.4028E-04   -1.5923E-02   
2.6361E-02   -9.5847E-05   
1.0635E-03   -1.6285E-02   
1.1091E-03   -1.6526E-02   
2.6794E-02   -1.0066E-04   
2.8123E-02   -3.4417E-05   
2.4855E-02   -4.9650E-04   
2.4917E-02   -4.0696E-04   
2.4975E-02   -3.1463E-04   
2.2952E-02   -2.2763E-03   
2.2792E-02   -2.4104E-03   
2.0396E-02   -5.2045E-03   
1.9715E-02   -5.6501E-03   
2.1378E-02   -3.9263E-03   
2.0684E-02   -4.8462E-03   
2.1596E-02   -3.6589E-03   
2.0927E-02   -4.5181E-03   
2.2609E-02   -2.5776E-03   
2.3608E-02   -1.6609E-03   
2.1156E-02   -4.2124E-03   
2.4618E-02   -7.6556E-04   
2.4518E-02   -8.6299E-04   
2.1809E-02   -3.4096E-03   
2.2017E-02   -3.1778E-03   
2.4171E-02   -1.1751E-03   
2.4295E-02   -1.0670E-03   
2.4709E-02   -6.7022E-04   
1.7943E-02   -6.3971E-03   
2.4788E-02   -5.8216E-04   
2.2418E-02   -2.7626E-03   
2.4040E-02   -1.2886E-03   
2.2221E-02   -2.9627E-03   
2.4411E-02   -9.6328E-04   
2.3758E-02   -1.5317E-03   
2.3902E-02   -1.4076E-03   
1.0818E-02   -9.7287E-03   
8.8695E-03   -1.0695E-02   
7.2563E-03   -1.1464E-02   
5.8655E-03   -1.2118E-02   
4.6788E-03   -1.2680E-02   
3.6934E-03   -1.3159E-02   
2.8993E-03   -1.3560E-02   
2.2756E-03   -1.3889E-02   
2.5017E-02   -2.3868E-04   
2.4962E-02   -2.7555E-04   
1.8017E-03   -1.4158E-02   
2.4969E-02   -2.3300E-04   
1.4507E-03   -1.4376E-02   
2.4978E-02   -1.9716E-04   
1.1960E-03   -1.4553E-02   
2.4987E-02   -1.6959E-04   
1.0226E-03   -1.4696E-02   
2.5000E-02   -1.4782E-04   
9.2723E-04   -1.4805E-02   
2.5024E-02   -1.2909E-04   
9.3628E-04   -1.4880E-02   
2.5050E-02   -1.1795E-04   
8.6453E-04   -1.4987E-02   
2.5082E-02   -1.0983E-04   
8.4289E-04   -1.5067E-02   
2.5132E-02   -1.0292E-04   
8.4273E-04   -1.5141E-02   
2.5190E-02   -9.8746E-05   
9.0481E-04   -1.5265E-02   
1.0650E-03   -1.5680E-02   
2.5329E-02   -1.0256E-04   
9.5750E-04   -1.5333E-02   
9.9896E-04   -1.5408E-02   
1.0758E-03   -1.5580E-02   
2.5896E-02   -7.9555E-05   
2.6208E-02   -8.9157E-05   
2.6371E-02   -1.3642E-04   
2.5434E-02   -1.0385E-04   
1.4686E-03   -1.6416E-02   
2.6593E-02   -1.3941E-04   
1.1089E-03   -1.6187E-02   
2.5675E-02   -1.1848E-04   
1.2947E-03   -1.5852E-02   
2.4945E-02   -3.3141E-04   
2.4879E-02   -4.2075E-04   
2.4819E-02   -4.9955E-04   
2.3313E-02   -1.7613E-03   
2.3278E-02   -1.9196E-03   
2.3454E-02   -1.6410E-03   
2.2596E-02   -2.3959E-03   
2.4656E-02   -6.5518E-04   
2.0234E-02   -4.9714E-03   
2.4750E-02   -5.6370E-04   
1.9585E-02   -5.5032E-03   
1.7922E-02   -6.4282E-03   
2.0556E-02   -4.6110E-03   
2.1295E-02   -3.7131E-03   
2.1063E-02   -3.9944E-03   
2.2388E-02   -2.5747E-03   
2.0821E-02   -4.2916E-03   
2.1523E-02   -3.4500E-03   
2.3614E-02   -1.5106E-03   
2.4197E-02   -1.0432E-03   
2.4553E-02   -7.4863E-04   
2.1747E-02   -3.2056E-03   
2.4324E-02   -9.4115E-04   
2.4443E-02   -8.4339E-04   
2.4062E-02   -1.1509E-03   
2.1966E-02   -2.9790E-03   
2.2180E-02   -2.7693E-03   
2.3919E-02   -1.2647E-03   
2.3770E-02   -1.3849E-03   
1.3219E-02   -8.3550E-03   
1.2028E-02   -9.1594E-03   
1.0397E-02   -9.8597E-03   
8.8501E-03   -1.0543E-02   
7.4239E-03   -1.1192E-02   
6.1479E-03   -1.1799E-02   
5.0366E-03   -1.2353E-02   
4.0920E-03   -1.2845E-02   
3.3185E-03   -1.3276E-02   
2.4883E-02   -3.2687E-04   
2.7010E-03   -1.3644E-02   
2.4896E-02   -2.6907E-04   
2.2212E-03   -1.3953E-02   
1.8460E-03   -1.4218E-02   
2.4902E-02   -2.3098E-04   
2.4908E-02   -2.0211E-04   
1.5384E-03   -1.4454E-02   
2.4916E-02   -1.8015E-04   
1.2335E-03   -1.4805E-02   
2.4960E-02   -1.5315E-04   
1.1931E-03   -1.4895E-02   
2.5074E-02   -1.3179E-04   
2.5013E-02   -1.3962E-04   
1.1569E-03   -1.5008E-02   
1.2083E-03   -1.5240E-02   
8.5861E-04   -1.5206E-02   
1.2414E-03   -1.5328E-02   
1.2912E-03   -1.5412E-02   
1.3692E-03   -1.6215E-02   
1.3450E-03   -1.6106E-02   
1.3511E-03   -1.5502E-02   
2.5280E-02   -1.3914E-04   
2.5819E-02   -1.0906E-04   
2.5525E-02   -1.4845E-04   
2.6150E-02   -1.2957E-04   
2.5397E-02   -1.4123E-04   
2.5252E-02   -1.0036E-04   
1.4257E-03   -1.5606E-02   
1.2491E-03   -1.5989E-02   
1.3499E-03   -1.5730E-02   
2.6827E-02   -1.4118E-04   
1.4013E-03   -1.6543E-02   
1.3281E-03   -1.6317E-02   
2.6376E-02   -1.8168E-04   
2.3106E-02   -1.8434E-03   
2.4899E-02   -3.5809E-04   
2.4696E-02   -5.5421E-04   
2.0131E-02   -4.7171E-03   
2.4589E-02   -6.4589E-04   
1.9519E-02   -5.2002E-03   
1.5731E-02   -7.4157E-03   
2.2379E-02   -2.3895E-03   
2.0989E-02   -3.7801E-03   
2.0735E-02   -4.0748E-03   
2.0469E-02   -4.3810E-03   
2.3461E-02   -1.5036E-03   
2.1233E-02   -3.5031E-03   
2.4230E-02   -9.2255E-04   
2.1471E-02   -3.2454E-03   
2.4359E-02   -8.2684E-04   
2.4478E-02   -7.3528E-04   
2.4091E-02   -1.0242E-03   
2.1705E-02   -3.0066E-03   
2.2157E-02   -2.5809E-03   
2.3628E-02   -1.3710E-03   
2.3944E-02   -1.1326E-03   
2.1934E-02   -2.7857E-03   
2.3790E-02   -1.2482E-03   
1.4907E-02   -7.6818E-03   
1.3503E-02   -8.2126E-03   
2.2845E-02   -2.0325E-03   
1.2023E-02   -8.8314E-03   
2.2607E-02   -2.2077E-03   
1.0542E-02   -9.4739E-03   
9.1428E-03   -1.0116E-02   
7.8415E-03   -1.0744E-02   
6.6506E-03   -1.1346E-02   
5.6036E-03   -1.1914E-02   
4.7026E-03   -1.2431E-02   
1.8787E-03   -1.4474E-02   
2.4808E-02   -3.4575E-04   
3.9545E-03   -1.2888E-02   
3.3401E-03   -1.3292E-02   
2.4811E-02   -3.0030E-04   
2.8091E-03   -1.3673E-02   
2.4810E-02   -2.6468E-04   
2.4810E-02   -2.3812E-04   
1.3408E-03   -1.4624E-02   
2.4878E-02   -1.8329E-04   
1.7383E-03   -1.4675E-02   
1.3930E-03   -1.5084E-02   
2.5702E-02   -1.5443E-04   
2.5334E-02   -1.8617E-04   
2.5012E-02   -1.6566E-04   
1.5945E-03   -1.5281E-02   
2.4934E-02   -1.7265E-04   
1.6596E-03   -1.5379E-02   
1.1090E-03   -1.5119E-02   
1.6522E-03   -1.6263E-02   
1.7032E-03   -1.5479E-02   
2.5919E-02   -1.4678E-04   
1.6578E-03   -1.5779E-02   
1.6207E-03   -1.5897E-02   
2.5170E-02   -1.3951E-04   
1.6894E-03   -1.6130E-02   
1.5627E-03   -1.5181E-02   
2.5218E-02   -1.8143E-04   
2.6606E-02   -1.8392E-04   
2.6166E-02   -1.7659E-04   
2.4718E-02   -4.7521E-04   
2.4618E-02   -5.5884E-04   
2.4810E-02   -4.4455E-04   
1.8346E-02   -5.6524E-03   
2.0123E-02   -4.4781E-03   
2.3291E-02   -1.5053E-03   
2.0664E-02   -3.8643E-03   
2.4510E-02   -6.4181E-04   
2.0379E-02   -4.1782E-03   
2.0934E-02   -3.5699E-03   
1.3962E-02   -8.2186E-03   
2.1191E-02   -3.2975E-03   
2.2154E-02   -2.3973E-03   
2.4127E-02   -9.0841E-04   
2.4393E-02   -7.2670E-04   
2.4265E-02   -8.1489E-04   
2.3475E-02   -1.3663E-03   
2.1440E-02   -3.0457E-03   
2.3977E-02   -1.0108E-03   
2.1683E-02   -2.8130E-03   
2.1921E-02   -2.5978E-03   
2.3651E-02   -1.2389E-03   
2.3818E-02   -1.1210E-03   
2.2391E-02   -2.2065E-03   
1.6364E-02   -6.6886E-03   
1.5065E-02   -7.1817E-03   
1.3631E-02   -7.7620E-03   
1.7825E-02   -6.2216E-03   
1.2282E-02   -8.3447E-03   
2.2632E-02   -2.0231E-03   
2.2873E-02   -1.8434E-03   
1.0977E-02   -8.9373E-03   
2.4791E-02   -4.0019E-04   
2.3095E-02   -1.6683E-03   
9.7116E-03   -9.5411E-03   
8.5296E-03   -1.0160E-02   
6.4478E-03   -1.1339E-02   
2.4720E-02   -3.7434E-04   
5.6010E-03   -1.1869E-02   
4.8953E-03   -1.2348E-02   
2.4707E-02   -3.3605E-04   
2.4701E-02   -3.0167E-04   
2.8603E-03   -1.3787E-02   
1.6393E-03   -1.4857E-02   
2.4774E-02   -2.2068E-04   
2.5114E-02   -1.7951E-04   
2.0641E-03   -1.5154E-02   
2.2089E-03   -1.4115E-02   
2.5459E-02   -1.9514E-04   
2.9224E-03   -1.3884E-02   
2.5134E-02   -2.3054E-04   
1.6032E-03   -1.5072E-02   
1.9705E-03   -1.5824E-02   
2.0033E-03   -1.5047E-02   
1.7902E-03   -1.5549E-02   
2.5026E-02   -1.8295E-04   
2.5992E-02   -1.7341E-04   
2.4828E-02   -2.1432E-04   
1.7119E-03   -1.5658E-02   
1.6384E-03   -1.6013E-02   
2.6145E-02   -2.2751E-04   
2.6822E-02   -1.8279E-04   
1.7329E-03   -1.6501E-02   
2.1091E-03   -1.6156E-02   
2.5863E-02   -1.2533E-04   
2.4534E-02   -5.6484E-04   
1.9903E-02   -4.3581E-03   
2.2170E-02   -2.2189E-03   
2.0306E-02   -3.9712E-03   
2.0615E-02   -3.6537E-03   
2.4422E-02   -6.4367E-04   
2.0899E-02   -3.3640E-03   
2.3312E-02   -1.3704E-03   
2.4167E-02   -8.0477E-04   
2.4303E-02   -7.2227E-04   
2.1170E-02   -3.0968E-03   
2.4016E-02   -8.9951E-04   
2.1927E-02   -2.4157E-03   
2.1429E-02   -2.8514E-03   
2.3501E-02   -1.2378E-03   
2.1681E-02   -2.6253E-03   
2.3854E-02   -1.0034E-03   
2.3682E-02   -1.1163E-03   
1.7817E-02   -5.7007E-03   
1.6236E-02   -6.3205E-03   
2.4723E-02   -4.1824E-04   
1.5113E-02   -6.7546E-03   
2.2893E-02   -1.6781E-03   
2.2416E-02   -2.0304E-03   
2.3110E-02   -1.5170E-03   
1.3989E-02   -7.2085E-03   
1.2829E-02   -7.7078E-03   
2.2660E-02   -1.8503E-03   
1.1704E-02   -8.2583E-03   
1.0602E-02   -8.8229E-03   
9.5513E-03   -9.4004E-03   
2.4696E-02   -2.7622E-04   
8.6010E-03   -9.9603E-03   
4.2205E-03   -1.2836E-02   
7.8192E-03   -1.0452E-02   
2.4595E-02   -4.2303E-04   
2.4940E-02   -2.2277E-04   
2.4584E-02   -3.7592E-04   
2.7412E-03   -1.4111E-02   
2.0523E-03   -1.4770E-02   
2.4730E-02   -2.3325E-04   
3.3614E-03   -1.3527E-02   
2.4880E-02   -2.1778E-04   
2.7625E-03   -1.4648E-02   
2.1352E-03   -1.5510E-02   
2.0465E-03   -1.4896E-02   
2.0441E-03   -1.5427E-02   
2.4647E-02   -2.6755E-04   
2.5765E-02   -2.0321E-04   
2.4032E-03   -1.5693E-02   
2.5949E-02   -2.1929E-04   
1.9080E-03   -1.5927E-02   
2.6108E-02   -2.8566E-04   
2.1694E-03   -1.6434E-02   
2.6638E-02   -2.3608E-04   
2.7055E-02   -1.5159E-04   
2.4159E-03   -1.6254E-02   
2.5560E-02   -2.1335E-04   
2.4554E-02   -4.9791E-04   
1.9514E-02   -4.8693E-03   
1.9913E-02   -4.0861E-03   
2.0271E-02   -3.7505E-03   
2.1948E-02   -2.2408E-03   
2.0589E-02   -3.4452E-03   
2.4339E-02   -6.4978E-04   
2.4220E-02   -7.0986E-04   
2.0886E-02   -3.1630E-03   
1.7969E-02   -5.3518E-03   
2.4065E-02   -7.9658E-04   
2.3343E-02   -1.2433E-03   
2.1170E-02   -2.9023E-03   
2.1696E-02   -2.4443E-03   
2.3898E-02   -8.9486E-04   
2.1439E-02   -2.6635E-03   
2.3537E-02   -1.1173E-03   
2.3722E-02   -1.0016E-03   
1.7335E-02   -5.5127E-03   
2.2200E-02   -2.0479E-03   
2.2922E-02   -1.5298E-03   
2.3138E-02   -1.3807E-03   
1.6525E-02   -5.7619E-03   
2.2691E-02   -1.6920E-03   
1.5555E-02   -6.1186E-03   
1.4622E-02   -6.5285E-03   
2.2449E-02   -1.8648E-03   
2.4647E-02   -4.3916E-04   
1.1831E-02   -7.9145E-03   
1.3670E-02   -6.9583E-03   
2.4573E-02   -3.4363E-04   
1.2735E-02   -7.4234E-03   
2.4802E-02   -2.2548E-04   
5.0994E-03   -1.2348E-02   
7.2044E-03   -1.0862E-02   
4.8627E-03   -1.2573E-02   
1.1056E-02   -8.3624E-03   
2.4462E-02   -4.5780E-04   
2.4696E-02   -2.6626E-04   
2.4603E-02   -2.7647E-04   
4.2356E-03   -1.3076E-02   
3.0606E-03   -1.4330E-02   
2.5906E-03   -1.5173E-02   
2.5904E-02   -2.7761E-04   
2.4752E-02   -2.7041E-04   
3.2643E-03   -1.4051E-02   
2.5361E-02   -2.5039E-04   
2.5636E-03   -1.5476E-02   
2.5491E-02   -2.7091E-04   
2.2953E-03   -1.5876E-02   
2.7095E-03   -1.4251E-02   
2.6335E-02   -2.9228E-04   
2.5028E-02   -2.2620E-04   
2.7322E-02   -1.1809E-04   
2.6312E-03   -1.6084E-02   
1.8810E-02   -4.7346E-03   
2.4438E-02   -5.7704E-04   
1.9889E-02   -3.8628E-03   
2.0260E-02   -3.5366E-03   
2.0589E-02   -3.2415E-03   
2.1727E-02   -2.2714E-03   
2.4306E-02   -6.0786E-04   
1.9465E-02   -4.4264E-03   
2.4126E-02   -6.9841E-04   
2.1984E-02   -2.0737E-03   
2.0898E-02   -2.9667E-03   
2.3951E-02   -7.9447E-04   
2.1191E-02   -2.7126E-03   
2.1466E-02   -2.4818E-03   
2.3383E-02   -1.1238E-03   
2.3770E-02   -8.9487E-04   
2.3581E-02   -1.0038E-03   
1.8509E-02   -4.6485E-03   
2.2729E-02   -1.5469E-03   
2.3176E-02   -1.2542E-03   
2.2958E-02   -1.3949E-03   
2.4705E-02   -2.5158E-04   
1.7598E-02   -4.9472E-03   
2.2238E-02   -1.8869E-03   
1.6928E-02   -5.1871E-03   
2.2488E-02   -1.7111E-03   
2.4446E-02   -4.1979E-04   
1.4720E-02   -6.1150E-03   
1.6203E-02   -5.4463E-03   
1.4026E-02   -6.4756E-03   
1.5465E-02   -5.7579E-03   
7.5613E-03   -1.0797E-02   
2.4454E-02   -5.1279E-04   
2.4561E-02   -3.2153E-04   
1.0421E-02   -8.7540E-03   
2.4966E-02   -1.5246E-04   
5.4975E-03   -1.2455E-02   
2.4570E-02   -2.9224E-04   
2.4919E-02   -2.8206E-04   
2.4824E-02   -2.7602E-04   
2.4548E-02   -3.2562E-04   
2.4498E-02   -3.2388E-04   
2.5217E-02   -3.1458E-04   
2.4456E-02   -3.2856E-04   
3.4325E-03   -1.3849E-02   
4.7793E-03   -1.3251E-02   
6.8375E-03   -1.1167E-02   
7.6790E-03   -1.0635E-02   
3.4273E-03   -1.4519E-02   
2.5503E-02   -3.2255E-04   
2.8256E-03   -1.5186E-02   
4.4894E-03   -1.3025E-02   
2.6061E-02   -3.5074E-04   
2.4203E-03   -1.5994E-02   
2.7660E-02   -5.9968E-05   
3.0712E-03   -1.5365E-02   
2.7278E-02   -1.6543E-04   
2.5850E-02   -3.4280E-04   
2.5252E-02   -2.3629E-04   
2.8312E-03   -1.5633E-02   
1.9405E-02   -4.2602E-03   
1.9904E-02   -3.6408E-03   
2.0284E-02   -3.3305E-03   
2.1770E-02   -2.1074E-03   
2.4190E-02   -6.0116E-04   
2.0614E-02   -3.0445E-03   
2.1509E-02   -2.3091E-03   
2.4006E-02   -7.0345E-04   
2.0933E-02   -2.7742E-03   
2.1232E-02   -2.5295E-03   
2.3827E-02   -7.9638E-04   
2.2775E-02   -1.4142E-03   
2.3429E-02   -1.0118E-03   
2.3633E-02   -8.9726E-04   
2.3219E-02   -1.1381E-03   
1.8793E-02   -4.2790E-03   
2.3002E-02   -1.2712E-03   
2.4348E-02   -5.3399E-04   
2.2028E-02   -1.9167E-03   
2.2533E-02   -1.5695E-03   
1.8501E-02   -4.2923E-03   
2.2284E-02   -1.7371E-03   
1.8026E-02   -4.3819E-03   
1.6433E-02   -4.9799E-03   
1.6974E-02   -4.7440E-03   
2.4319E-02   -5.0302E-04   
1.7509E-02   -4.5397E-03   
2.4427E-02   -3.9198E-04   
2.4831E-02   -1.9988E-04   
1.3372E-02   -6.8513E-03   
2.4424E-02   -3.4014E-04   
2.4333E-02   -3.8932E-04   
8.0231E-03   -1.0374E-02   
2.4533E-02   -3.1668E-04   
2.4291E-02   -3.9030E-04   
2.4381E-02   -3.9518E-04   
7.5035E-03   -1.1127E-02   
2.5038E-02   -2.8636E-04   
2.4686E-02   -3.4054E-04   
1.0039E-02   -9.0303E-03   
2.4952E-02   -3.5386E-04   
3.9666E-03   -1.4401E-02   
3.0888E-03   -1.4571E-02   
7.7575E-03   -1.1041E-02   
8.0947E-03   -1.0585E-02   
2.5786E-02   -4.1526E-04   
2.6281E-02   -3.5880E-04   
3.6168E-03   -1.4873E-02   
2.7821E-03   -1.5797E-02   
2.7508E-02   -1.3477E-04   
3.5209E-03   -1.5216E-02   
1.9406E-02   -4.0231E-03   
1.9992E-02   -3.4252E-03   
2.1561E-02   -2.1472E-03   
2.0305E-02   -3.1434E-03   
2.4043E-02   -6.3707E-04   
2.1822E-02   -1.9534E-03   
2.0657E-02   -2.8520E-03   
2.1285E-02   -2.3569E-03   
2.3888E-02   -7.0963E-04   
2.2825E-02   -1.2937E-03   
2.0984E-02   -2.5907E-03   
2.2586E-02   -1.4397E-03   
1.9468E-02   -3.7635E-03   
2.3704E-02   -7.9974E-04   
2.3264E-02   -1.0349E-03   
2.3050E-02   -1.1600E-03   
1.9161E-02   -3.7359E-03   
2.2336E-02   -1.5990E-03   
2.2080E-02   -1.7705E-03   
2.4291E-02   -4.7051E-04   
2.4404E-02   -3.5703E-04   
1.8132E-02   -3.9528E-03   
1.8821E-02   -3.7808E-03   
1.0673E-02   -8.6032E-03   
1.8483E-02   -3.8523E-03   
2.4407E-02   -3.7393E-04   
1.5882E-02   -5.2570E-03   
1.0671E-02   -8.9251E-03   
2.4110E-02   -4.6202E-04   
1.2714E-02   -7.2743E-03   
2.4149E-02   -4.6568E-04   
2.4257E-02   -3.9838E-04   
2.4440E-02   -4.0649E-04   
9.3886E-03   -9.7447E-03   
4.5943E-03   -1.4578E-02   
8.4666E-03   -1.0751E-02   
2.5033E-02   -3.9167E-04   
2.4795E-02   -3.4847E-04   
2.6227E-02   -4.2847E-04   
1.0711E-02   -8.7286E-03   
3.4008E-03   -1.5420E-02   
2.5578E-02   -4.0660E-04   
2.6555E-02   -3.0347E-04   
5.8842E-03   -1.3166E-02   
5.9558E-03   -1.2647E-02   
5.9051E-03   -1.2894E-02   
2.5710E-02   -4.9603E-04   
2.4156E-02   -5.5713E-04   
2.1619E-02   -1.9963E-03   
2.1346E-02   -2.1963E-03   
1.9891E-02   -3.3099E-03   
2.3609E-02   -8.0004E-04   
2.4236E-02   -4.3011E-04   
2.0349E-02   -2.9531E-03   
2.2646E-02   -1.3219E-03   
2.3963E-02   -6.2535E-04   
2.2882E-02   -1.1856E-03   
2.3773E-02   -7.2016E-04   
2.0712E-02   -2.6689E-03   
2.2396E-02   -1.4723E-03   
2.1880E-02   -1.8104E-03   
2.2139E-02   -1.6356E-03   
1.9592E-02   -3.3385E-03   
2.3292E-02   -9.6164E-04   
2.3103E-02   -1.0627E-03   
1.9172E-02   -3.3414E-03   
1.9379E-02   -3.3354E-03   
1.5170E-02   -5.6690E-03   
1.7765E-02   -4.0912E-03   
2.4261E-02   -4.4688E-04   
1.3812E-02   -6.6381E-03   
2.4233E-02   -4.1353E-04   
2.3914E-02   -5.4420E-04   
1.1954E-02   -7.9426E-03   
2.4075E-02   -4.6625E-04   
2.4193E-02   -4.7723E-04   
2.5367E-02   -3.9653E-04   
2.4524E-02   -4.1890E-04   
1.1578E-02   -8.4731E-03   
1.3864E-02   -6.5002E-03   
1.0345E-02   -8.8518E-03   
2.5286E-02   -3.5213E-04   
2.4769E-02   -4.4771E-04   
9.5468E-03   -1.0116E-02   
4.2905E-03   -1.5029E-02   
6.9095E-03   -1.2756E-02   
1.3330E-02   -7.0293E-03   
2.5655E-02   -3.3336E-04   
2.5947E-02   -4.9651E-04   
2.6501E-02   -3.6670E-04   
2.6794E-02   -2.6218E-04   
8.9286E-03   -1.0697E-02   
8.9004E-03   -1.1059E-02   
2.3647E-02   -7.4177E-04   
2.1113E-02   -2.2620E-03   
2.1403E-02   -2.0520E-03   
2.4072E-02   -5.1103E-04   
2.3180E-02   -9.6957E-04   
2.2950E-02   -1.0873E-03   
2.3810E-02   -6.6748E-04   
2.1679E-02   -1.8585E-03   
2.2713E-02   -1.2156E-03   
2.2465E-02   -1.3569E-03   
2.0793E-02   -2.4934E-03   
2.2207E-02   -1.5120E-03   
2.1944E-02   -1.6791E-03   
2.0053E-02   -3.0624E-03   
1.9947E-02   -3.0110E-03   
1.9815E-02   -2.9733E-03   
1.8964E-02   -3.3710E-03   
1.7319E-02   -4.3087E-03   
2.0397E-02   -2.7672E-03   
2.4114E-02   -5.2988E-04   
2.3849E-02   -5.5227E-04   
2.3428E-02   -8.5448E-04   
2.3878E-02   -5.4449E-04   
1.4834E-02   -5.9006E-03   
1.3759E-02   -6.5437E-03   
1.2594E-02   -7.9977E-03   
2.3952E-02   -5.5186E-04   
1.6696E-02   -4.6781E-03   
2.4012E-02   -5.0677E-04   
1.4900E-02   -6.0802E-03   
2.4236E-02   -4.9923E-04   
1.5842E-02   -5.2945E-03   
2.4877E-02   -4.6584E-04   
2.5133E-02   -4.7513E-04   
2.4643E-02   -4.3030E-04   
2.7024E-02   -2.5810E-04   
1.2373E-02   -8.4670E-03   
1.2400E-02   -8.2857E-03   
8.0442E-03   -1.2107E-02   
2.5659E-02   -5.7834E-04   
4.0962E-03   -1.5355E-02   
2.6160E-02   -5.0130E-04   
2.6775E-02   -3.1242E-04   
2.3732E-02   -6.6939E-04   
2.1164E-02   -2.1288E-03   
2.0857E-02   -2.3501E-03   
2.3032E-02   -9.9606E-04   
2.3927E-02   -5.9475E-04   
2.2791E-02   -1.1190E-03   
2.1461E-02   -1.9227E-03   
2.2543E-02   -1.2521E-03   
2.1746E-02   -1.7326E-03   
2.2284E-02   -1.3991E-03   
2.0262E-02   -2.7282E-03   
2.2017E-02   -1.5593E-03   
1.9699E-02   -2.9424E-03   
2.3511E-02   -7.6660E-04   
2.3637E-02   -6.3758E-04   
2.0579E-02   -2.5567E-03   
1.8399E-02   -3.6012E-03   
1.9581E-02   -2.9312E-03   
1.7106E-02   -4.3859E-03   
2.3273E-02   -8.7887E-04   
2.3675E-02   -6.3053E-04   
2.4853E-02   -5.3051E-04   
2.3861E-02   -5.8969E-04   
2.3714E-02   -6.3273E-04   
1.7026E-02   -4.4625E-03   
2.3981E-02   -5.7107E-04   
2.4329E-02   -5.1596E-04   
2.3823E-02   -5.7006E-04   
1.5653E-02   -6.0586E-03   
1.6613E-02   -4.8219E-03   
1.7426E-02   -4.4503E-03   
2.5094E-02   -4.3290E-04   
2.7062E-02   -3.2030E-04   
1.5870E-02   -5.7754E-03   
2.4474E-02   -5.2611E-04   
2.5023E-02   -5.5241E-04   
2.5353E-02   -6.8436E-04   
1.2901E-02   -8.2157E-03   
1.1480E-02   -9.4273E-03   
2.5341E-02   -5.9443E-04   
2.7229E-02   -2.1025E-04   
2.6454E-02   -4.3328E-04   
3.1679E-03   -1.5897E-02   
1.2272E-02   -8.1312E-03   
2.0887E-02   -2.2392E-03   
2.0564E-02   -2.4793E-03   
2.2880E-02   -1.0313E-03   
2.3617E-02   -6.8498E-04   
2.2631E-02   -1.1579E-03   
2.1528E-02   -1.8051E-03   
2.0190E-02   -2.6713E-03   
2.2371E-02   -1.2975E-03   
1.9436E-02   -2.9629E-03   
2.1822E-02   -1.6188E-03   
1.7906E-02   -3.8622E-03   
2.2100E-02   -1.4512E-03   
2.3125E-02   -9.1206E-04   
2.0137E-02   -2.6153E-03   
2.3416E-02   -7.3287E-04   
2.3786E-02   -5.9976E-04   
2.3365E-02   -8.0029E-04   
2.3613E-02   -6.4975E-04   
2.3502E-02   -7.1013E-04   
2.3756E-02   -6.4112E-04   
1.8306E-02   -4.1700E-03   
1.8270E-02   -3.7029E-03   
1.7409E-02   -4.5571E-03   
1.7492E-02   -4.3465E-03   
2.4495E-02   -6.3317E-04   
2.6368E-02   -5.0250E-04   
8.8996E-03   -1.1625E-02   
1.8654E-02   -3.4000E-03   
1.5636E-02   -5.8051E-03   
2.4314E-02   -6.2793E-04   
2.5219E-02   -5.5140E-04   
2.7299E-02   -2.4508E-04   
2.6747E-02   -4.3784E-04   
2.5385E-02   -7.5838E-04   
1.5366E-02   -6.6686E-03   
3.6923E-03   -1.5788E-02   
2.4140E-02   -6.2546E-04   
2.8332E-03   -1.5915E-02   
2.2729E-02   -1.0745E-03   
2.3607E-02   -6.6460E-04   
2.2980E-02   -9.5322E-04   
2.2470E-02   -1.2065E-03   
2.1610E-02   -1.6965E-03   
2.0557E-02   -2.3946E-03   
1.6007E-02   -5.0909E-03   
1.9201E-02   -3.0583E-03   
2.3226E-02   -8.3892E-04   
2.0094E-02   -2.5728E-03   
2.3383E-02   -7.4371E-04   
2.1214E-02   -2.0128E-03   
2.1913E-02   -1.5153E-03   
1.8508E-02   -3.8909E-03   
1.9019E-02   -3.3834E-03   
2.3497E-02   -7.3104E-04   
1.8705E-02   -3.4977E-03   
1.8883E-02   -3.2635E-03   
1.8694E-02   -3.4066E-03   
1.8076E-02   -3.8509E-03   
1.9252E-02   -3.2828E-03   
1.7813E-02   -4.6096E-03   
2.4684E-02   -6.4529E-04   
2.6048E-02   -5.9340E-04   
2.4147E-02   -7.3844E-04   
2.3106E-02   -8.6487E-04   
2.3793E-02   -7.4487E-04   
2.4913E-02   -6.5993E-04   
1.3194E-02   -8.5708E-03   
6.1076E-03   -1.3653E-02   
2.3974E-02   -7.3610E-04   
2.5492E-02   -4.8804E-04   
1.5911E-02   -6.4716E-03   
1.5021E-02   -6.8002E-03   
2.5711E-02   -7.1969E-04   
2.5043E-02   -8.0883E-04   
2.2839E-02   -1.0013E-03   
2.2590E-02   -1.1217E-03   
2.3361E-02   -7.6133E-04   
1.9996E-02   -2.5783E-03   
2.3435E-02   -7.4739E-04   
2.3087E-02   -8.8518E-04   
2.2316E-02   -1.2607E-03   
2.0573E-02   -2.3092E-03   
2.1712E-02   -1.5965E-03   
2.2020E-02   -1.4210E-03   
2.0187E-02   -2.6455E-03   
1.9937E-02   -2.7505E-03   
2.0925E-02   -2.1374E-03   
1.9523E-02   -2.8637E-03   
1.9802E-02   -2.6945E-03   
1.9713E-02   -2.7445E-03   
2.1281E-02   -1.9025E-03   
2.3577E-02   -7.3524E-04   
2.2859E-02   -9.8374E-04   
2.3637E-02   -8.5403E-04   
1.9450E-02   -2.9545E-03   
2.3553E-02   -7.9555E-04   
1.7705E-02   -4.9430E-03   
2.4317E-02   -7.4946E-04   
1.9890E-02   -3.1708E-03   
9.1647E-03   -1.1019E-02   
1.6720E-02   -6.0073E-03   
2.3225E-02   -8.5822E-04   
2.3800E-02   -8.5218E-04   
2.0332E-02   -2.6799E-03   
1.8141E-02   -4.7693E-03   
9.4875E-03   -1.1435E-02   
2.5094E-02   -8.8077E-04   
2.6065E-02   -6.8279E-04   
2.2726E-02   -1.0459E-03   
2.2950E-02   -9.3827E-04   
2.1378E-02   -1.7939E-03   
2.0176E-02   -2.4581E-03   
2.1830E-02   -1.5072E-03   
2.0335E-02   -2.4070E-03   
2.0628E-02   -2.2080E-03   
2.2897E-02   -9.8608E-04   
2.0994E-02   -2.0305E-03   
2.0517E-02   -2.2580E-03   
2.3813E-02   -6.4450E-04   
2.2151E-02   -1.3325E-03   
2.3177E-02   -8.3581E-04   
2.0545E-02   -2.3268E-03   
2.3461E-02   -9.7353E-04   
2.0770E-02   -2.2470E-03   
2.3501E-02   -8.6173E-04   
6.1588E-03   -1.3167E-02   
1.7956E-02   -5.2510E-03   
2.3960E-02   -8.6027E-04   
6.0489E-03   -1.3838E-02   
2.1253E-02   -2.1843E-03   
1.9549E-02   -3.5792E-03   
2.3244E-02   -8.9216E-04   
2.4490E-02   -7.6864E-04   
9.9944E-03   -1.1147E-02   
2.1072E-02   -2.3935E-03   
1.9967E-02   -3.4413E-03   
1.4202E-02   -7.9476E-03   
2.4730E-02   -9.4582E-04   
2.0468E-02   -2.5091E-03   
2.6446E-02   -6.3877E-04   
2.1500E-02   -1.6944E-03   
2.0973E-02   -2.0363E-03   
2.2490E-02   -1.1564E-03   
2.1130E-02   -1.9112E-03   
2.2580E-02   -1.1223E-03   
2.0974E-02   -2.1680E-03   
2.0214E-02   -2.4732E-03   
2.3760E-02   -9.9188E-04   
2.1949E-02   -1.4330E-03   
2.1153E-02   -1.9794E-03   
2.0927E-02   -2.0204E-03   
2.2917E-02   -1.0111E-03   
2.3608E-02   -9.7952E-04   
2.2788E-02   -1.0115E-03   
2.0494E-02   -2.2728E-03   
2.3243E-02   -9.4174E-04   
1.5253E-02   -6.4396E-03   
2.1129E-02   -2.1590E-03   
2.0994E-02   -2.5922E-03   
2.1046E-02   -2.6551E-03   
2.0280E-02   -3.3834E-03   
2.0508E-02   -3.4938E-03   
2.4782E-02   -1.0340E-03   
6.4936E-03   -1.3845E-02   
2.4274E-02   -9.0094E-04   
2.6761E-02   -5.2666E-04   
2.1624E-02   -1.6111E-03   
2.1282E-02   -1.8085E-03   
2.2293E-02   -1.2531E-03   
2.1457E-02   -1.7724E-03   
2.2590E-02   -1.1430E-03   
2.3273E-02   -9.8955E-04   
2.2933E-02   -1.0482E-03   
2.1334E-02   -1.9244E-03   
2.3411E-02   -1.1152E-03   
2.3266E-02   -1.1043E-03   
2.4394E-02   -1.0004E-03   
2.3914E-02   -1.0125E-03   
2.1810E-02   -2.2481E-03   
2.1661E-02   -2.1672E-03   
2.0778E-02   -2.1288E-03   
2.4633E-02   -8.0575E-04   
2.5414E-02   -8.2105E-04   
2.4326E-02   -1.2270E-03   
2.1147E-02   -2.9478E-03   
1.9780E-02   -4.2032E-03   
2.1691E-02   -2.5018E-03   
2.1668E-02   -1.8940E-03   
1.0183E-02   -1.1351E-02   
2.6806E-02   -5.9899E-04   
2.1399E-02   -1.7319E-03   
2.2601E-02   -1.1026E-03   
2.1028E-02   -1.9580E-03   
2.2027E-02   -1.3947E-03   
2.3014E-02   -1.2725E-03   
2.2248E-02   -1.2937E-03   
2.1734E-02   -1.5480E-03   
2.2603E-02   -1.1760E-03   
2.1618E-02   -1.7302E-03   
2.2936E-02   -1.1535E-03   
2.1793E-02   -1.6940E-03   
2.2934E-02   -1.2188E-03   
2.4703E-02   -8.6664E-04   
2.3565E-02   -1.1280E-03   
2.4082E-02   -1.0418E-03   
2.5648E-02   -8.2771E-04   
2.1706E-02   -2.0245E-03   
2.4418E-02   -9.2129E-04   
2.1797E-02   -1.9020E-03   
2.4065E-02   -1.1422E-03   
2.1340E-02   -1.8017E-03   
2.2014E-02   -1.6598E-03   
2.2057E-02   -2.2192E-03   
2.4003E-02   -1.2545E-03   
2.4718E-02   -1.1420E-03   
2.1582E-02   -2.2903E-03   
2.2049E-02   -2.4045E-03   
2.1282E-02   -3.1671E-03   
6.7567E-03   -1.3952E-02   
2.1488E-02   -1.6898E-03   
2.2023E-02   -1.5300E-03   
2.1887E-02   -1.4781E-03   
2.2288E-02   -1.3050E-03   
2.2106E-02   -1.8051E-03   
2.1846E-02   -1.5735E-03   
2.2636E-02   -1.3874E-03   
2.3267E-02   -1.2326E-03   
2.2233E-02   -2.5812E-03   
2.3720E-02   -1.2883E-03   
2.1021E-02   -1.9517E-03   
2.2143E-02   -1.6935E-03   
2.3703E-02   -1.1534E-03   
2.2640E-02   -1.2066E-03   
2.2591E-02   -1.3295E-03   
2.2335E-02   -2.0101E-03   
5.1737E-03   -1.5191E-02   
2.2308E-02   -2.2008E-03   
2.3907E-02   -1.3674E-03   
2.5006E-02   -1.0393E-03   
2.2954E-02   -1.0906E-03   
2.0755E-02   -2.1064E-03   
2.1680E-02   -1.6310E-03   
2.2197E-02   -1.5025E-03   
2.1979E-02   -1.4714E-03   
2.3350E-02   -1.2727E-03   
2.2400E-02   -1.3560E-03   
2.2348E-02   -1.5414E-03   
2.2033E-02   -1.4213E-03   
2.3581E-02   -1.5277E-03   
2.1743E-02   -1.5753E-03   
2.5322E-02   -9.7894E-04   
2.3615E-02   -1.4157E-03   
2.2119E-02   -2.0034E-03   
2.2357E-02   -1.4827E-03   
2.2613E-02   -2.3344E-03   
4.0442E-03   -1.5893E-02   
2.2703E-02   -1.2253E-03   
2.2482E-02   -1.7801E-03   
2.2999E-02   -1.3784E-03   
2.3068E-02   -1.4553E-03   
2.2629E-02   -1.8088E-03   
2.3613E-02   -1.6252E-03   
2.2393E-02   -1.6533E-03   
2.2570E-02   -2.2275E-03   
2.2669E-02   -2.4052E-03   
2.2895E-02   -1.6214E-03   
2.2417E-02   -1.7211E-03   
2.3005E-02   -2.3283E-03   
2.2789E-02   -1.8448E-03   
2.3813E-02   -1.1834E-03   
2.4063E-02   -1.5099E-03   
2.3203E-02   -1.7229E-03   
2.2698E-02   -1.5538E-03   
2.3324E-02   -1.4483E-03   
2.2525E-02   -2.0248E-03   
2.3197E-02   -1.8329E-03   
2.4493E-02   -1.2939E-03   
2.3486E-02   -2.0937E-03   
2.2894E-02   -1.8905E-03   
2.2713E-02   -1.6254E-03   
2.3090E-02   -1.9860E-03   
2.3403E-02   -1.9499E-03   
2.3907E-02   -1.7535E-03   
2.4158E-02   -1.5778E-03   
2.3681E-02   -1.9335E-03   
3.9717E-04   -1.6883E-02   
2.2965E-02   -2.1302E-03   
2.2258E-02   -2.6721E-03   
2.7551E-02   -2.4006E-04   
8.9493E-04   -1.6023E-02   
2.8436E-02   -3.1364E-05   
2.7171E-02   -5.5947E-04   
7.2052E-04   -1.6947E-02   
3.5253E-03   -1.6027E-02   
2.3561E-02   -2.1677E-03   
2.7765E-02   -1.2028E-04   
1.0997E-03   -1.6908E-02   
4.7272E-03   -1.5135E-02   
1.5583E-03   -1.6851E-02   
2.0242E-03   -1.6785E-02   
2.4853E-03   -1.6696E-02   
2.9626E-03   -1.6576E-02   
2.8741E-02   -2.8054E-05   
3.4483E-03   -1.6403E-02   
3.9742E-03   -1.6138E-02   
2.7028E-02   -4.4391E-04   
4.5421E-03   -1.5731E-02   
2.9058E-02   -2.5894E-05   
5.7361E-03   -1.4872E-02   
8.9827E-03   -1.2321E-02   
2.4465E-02   -1.4153E-03   
1.4208E-02   -8.5713E-03   
2.9394E-02   -2.2964E-05   
2.5900E-02   -5.6222E-04   
1.7184E-02   -6.6598E-03   
1.8267E-02   -4.8323E-03   
2.6471E-03   -1.6347E-02   
2.7132E-02   -3.7808E-04   
2.0676E-02   -4.5242E-03   
2.2588E-02   -3.4253E-03   
2.9743E-02   -1.9028E-05   
2.3669E-02   -2.9238E-03   
1.4698E-02   -8.0224E-03   
2.4347E-02   -2.7194E-03   
2.4857E-02   -2.6372E-03   
3.0108E-02   -1.5056E-05   
2.5454E-02   -2.4523E-03   
2.6113E-02   -2.3124E-03   
1.1651E-03   -1.6647E-02   
2.6723E-02   -2.1703E-03   
3.0531E-02   -1.1812E-05   
2.7905E-02   -7.3281E-05   
1.8125E-02   -5.5000E-03   
2.7372E-02   -1.9977E-03   
2.7986E-02   -1.8558E-03   
2.6509E-02   -7.0033E-04   
3.1006E-02   -4.8292E-06   
2.5676E-02   -9.1225E-04   
2.4970E-02   -1.1250E-03   
2.9160E-02   -1.5065E-03   
3.1457E-02   -2.1808E-04   
3.1553E-02   -2.3895E-04   
3.1549E-02   -2.9548E-05   
3.1603E-02   -6.2801E-06   
3.1492E-02   -1.1188E-04   
5.8735E-03   -1.4810E-02   
3.0394E-02   -9.6845E-04   
1.3446E-03   -1.6749E-02   
2.5912E-02   -9.2345E-04   
2.5387E-02   -1.0661E-03   
2.3733E-03   -1.6507E-02   
2.4734E-02   -1.3943E-03   
3.0734E-03   -1.6255E-02   
2.7809E-02   -1.9619E-04   
2.4126E-02   -1.7606E-03   
2.7473E-02   -4.5482E-04   
3.4125E-03   -1.6227E-02   
1.8496E-02   -5.2985E-03   
2.3209E-03   -1.6626E-02   
2.1280E-02   -3.3841E-03   
3.3085E-03   -1.6376E-02   
2.6365E-02   -8.0251E-04   
2.6550E-02   -2.0593E-03   
2.3553E-02   -2.8151E-03   
4.5698E-03   -1.5748E-02   
1.4241E-02   -8.5066E-03   
9.3545E-03   -1.2227E-02   
1.0323E-02   -1.1456E-02   
2.9208E-02   -5.0117E-05   
2.4088E-02   -2.0301E-03   
2.8035E-02   -1.0550E-04   
2.7239E-02   -6.2054E-04   
2.8595E-02   -5.5790E-05   
3.0473E-02   -2.7012E-05   
2.3138E-02   -2.3903E-03   
2.4593E-02   -2.5198E-03   
2.7336E-02   -2.7678E-04   
2.7379E-02   -3.9122E-04   
2.4445E-02   -1.4888E-03   
2.1288E-02   -3.2343E-03   
3.1295E-02   -1.2831E-06   
2.8601E-02   -1.6804E-03   
1.7095E-02   -6.5632E-03   
2.7517E-02   -1.8121E-03   
3.1590E-02   -1.3878E-04   
3.1694E-02   -2.3642E-06   
3.1666E-02   -1.5040E-05   
3.1622E-02   -6.5249E-05   
2.5545E-02   -2.2652E-03   
2.1517E-02   -3.7260E-03   
2.9897E-02   -3.4924E-05   
2.9714E-02   -1.0790E-03   
3.1057E-02   -1.4859E-05   
3.0422E-02   -8.2513E-04   
3.0871E-02   -2.7228E-04   
3.1110E-02   -2.2543E-05   
3.1017E-02   -7.6122E-05   
3.0734E-02   -5.0794E-04   
2.6220E-02   -9.2818E-04   
2.3490E-02   -2.6922E-03   
2.7931E-02   -1.4820E-04   
2.8253E-02   -1.2055E-04   
2.9009E-02   -8.3157E-05   
1.5060E-03   -1.6619E-02   
2.2876E-02   -2.5958E-03   
2.5208E-02   -1.2358E-03   
1.3457E-02   -9.1475E-03   
2.7834E-02   -2.4534E-04   
2.9691E-02   -6.1523E-05   
2.8402E-02   -1.6001E-03   
4.5609E-03   -1.5702E-02   
2.2887E-02   -2.9044E-03   
1.7162E-02   -6.4788E-03   
2.4501E-02   -2.4354E-03   
2.1843E-02   -3.1699E-03   
2.6135E-02   -2.0551E-03   
2.4591E-02   -1.6468E-03   
2.0153E-02   -4.4357E-03   
2.7058E-02   -7.3518E-04   
2.7544E-02   -5.2033E-04   
2.5080E-02   -2.2965E-03   
2.4560E-02   -1.7948E-03   
3.0088E-02   -4.8087E-05   
2.4170E-02   -2.1403E-03   
2.9348E-02   -7.2258E-05   
2.0192E-02   -4.2646E-03   
2.7685E-02   -3.1595E-04   
2.3989E-02   -2.5684E-03   
2.4984E-02   -1.4234E-03   
2.8618E-02   -9.2747E-05   
2.7757E-02   -3.6266E-04   
3.0284E-02   -4.2792E-04   
3.0638E-02   -5.0351E-05   
3.0516E-02   -1.4019E-04   
3.0723E-02   -2.5428E-05   
2.6622E-02   -8.1014E-04   
2.8957E-02   -1.3223E-03   
2.9879E-02   -8.5334E-04   
3.1003E-02   -5.6695E-05   
3.0784E-02   -4.0909E-04   
3.0867E-02   -1.5288E-04   
3.0797E-02   -2.0054E-04   
2.3881E-02   -2.4659E-03   
1.9405E-02   -4.8910E-03   
2.9807E-02   -8.0028E-05   
2.7964E-02   -1.6566E-03   
2.2554E-02   -2.9318E-03   
2.4603E-02   -1.9141E-03   
2.3766E-02   -2.3716E-03   
2.7937E-02   -4.7685E-04   
2.8462E-02   -1.3884E-04   
2.5720E-02   -2.0713E-03   
2.9163E-02   -1.0383E-04   
3.0440E-02   -2.1382E-04   
3.0656E-02   -8.3293E-05   
2.8127E-02   -3.2701E-04   
2.6072E-02   -1.0668E-03   
2.8172E-02   -2.2424E-04   
2.5549E-02   -1.2318E-03   
3.0294E-02   -3.1090E-04   
2.9180E-02   -1.0516E-03   
2.7384E-02   -7.2274E-04   
2.6732E-02   -1.8478E-03   
2.5014E-02   -1.5910E-03   
2.3288E-02   -2.5139E-03   
2.4898E-02   -2.2139E-03   
2.7086E-02   -8.1785E-04   
3.0438E-02   -4.5258E-05   
2.8871E-02   -1.2355E-03   
3.0006E-02   -6.2491E-04   
2.5879E-02   -1.8681E-03   
2.5509E-02   -1.5063E-03   
2.6960E-02   -9.3358E-04   
2.7781E-02   -6.6193E-04   
2.5296E-02   -1.9974E-03   
2.4278E-02   -2.2413E-03   
2.9918E-02   -9.7017E-05   
2.8589E-02   -1.2339E-03   
2.9172E-02   -1.4077E-04   
2.9579E-02   -1.1758E-04   
2.4787E-02   -2.1184E-03   
2.8398E-02   -2.4461E-04   
2.8464E-02   -1.8146E-04   
2.8229E-02   -3.7799E-04   
2.4995E-02   -1.5131E-03   
2.5073E-02   -1.8158E-03   
2.8051E-02   -5.3367E-04   
2.6908E-02   -1.6655E-03   
2.6415E-02   -1.0668E-03   
2.5917E-02   -1.2148E-03   
2.5396E-02   -1.6523E-03   
2.7387E-02   -8.6911E-04   
2.7688E-02   -7.6527E-04   
2.7150E-02   -1.8264E-03   
2.8338E-02   -4.2769E-04   
2.5176E-02   -1.9070E-03   
3.0254E-02   -7.5373E-05   
2.8768E-02   -1.8643E-04   
2.8497E-02   -2.9612E-04   
2.7963E-02   -1.4238E-03   
2.9025E-02   -1.9831E-04   
2.5828E-02   -1.3352E-03   
2.6669E-02   -1.0828E-03   
2.7736E-02   -8.4286E-04   
2.5530E-02   -1.7123E-03   
2.8891E-02   -2.6012E-04   
2.8896E-02   -1.0306E-03   
2.8193E-02   -5.6995E-04   
2.8736E-02   -3.7710E-04   
2.7712E-02   -1.6343E-03   
2.9730E-02   -1.3536E-04   
2.6072E-02   -1.3559E-03   
2.6591E-02   -1.1980E-03   
3.0391E-02   -8.8991E-05   
2.8544E-02   -5.2344E-04   
2.9934E-02   -1.4811E-04   
2.6025E-02   -1.5906E-03   
2.8937E-02   -3.0570E-04   
2.9513E-02   -1.8573E-04   
2.8852E-02   -4.1594E-04   
2.6986E-02   -1.1740E-03   
2.9207E-02   -2.1010E-04   
2.7513E-02   -1.0082E-03   
2.8290E-02   -7.3079E-04   
2.9211E-02   -3.1054E-04   
2.8429E-02   -8.0597E-04   
2.6150E-02   -1.6676E-03   
2.7879E-02   -9.9292E-04   
2.6419E-02   -1.3736E-03   
2.7350E-02   -1.1635E-03   
2.9585E-02   -2.1831E-04   
3.0317E-02   -1.3194E-04   
2.8721E-02   -8.1293E-04   
2.8272E-02   -9.6296E-04   
2.9675E-02   -2.5182E-04   
2.6535E-02   -1.4821E-03   
2.7108E-02   -1.3501E-03   
2.9452E-02   -3.1860E-04   
2.9192E-02   -7.2225E-04   
2.8187E-02   -1.1058E-03   
3.0081E-02   -1.9777E-04   
2.9410E-02   -3.7488E-04   
2.9125E-02   -8.5313E-04   
3.0246E-02   -2.1405E-04   
2.8637E-02   -1.0204E-03   
2.8971E-02   -4.5655E-04   
2.8658E-02   -5.7850E-04   
2.8826E-02   -6.2701E-04   
2.9349E-02   -5.1529E-04   
