51 
1844 
8.1267E-04   -9.0000E-04   
1.5441E-03   -7.6151E-04   
2.1241E-03   -5.4955E-04   
2.4965E-03   -2.8697E-04   
1.5314E-36   -9.4393E-04   
2.6221E-03   -8.1350E-37   
2.6809E-03   -5.2184E-36   
2.7769E-03   -5.4742E-38   
2.9874E-03   2.1694E-36   
3.1782E-03   3.1871E-36   
3.4206E-03   6.6230E-36   
3.7164E-03   9.1378E-36   
3.9441E-03   1.1076E-35   
4.3314E-03   1.6802E-35   
4.6199E-03   2.0415E-35   
4.9320E-03   1.8231E-35   
5.0966E-03   2.7778E-35   
5.4422E-03   4.0866E-35   
5.8089E-03   5.9124E-35   
6.0000E-03   -1.9662E-31   
6.0000E-03   -7.7512E-35   
6.0000E-03   -7.7512E-35   
6.0000E-03   -7.7512E-35   
6.0000E-03   -7.7512E-35   
6.0000E-03   -7.7512E-35   
6.0000E-03   -7.7512E-35   
6.0000E-03   -7.7512E-35   
6.0000E-03   -7.7512E-35   
6.0000E-03   -7.7512E-35   
6.0000E-03   -7.7512E-35   
6.0000E-03   -7.7512E-35   
6.0000E-03   -7.7512E-35   
5.6370E-03   -2.5960E-04   
5.0454E-03   -5.9270E-04   
4.7958E-03   -7.0732E-04   
4.5577E-03   -8.0188E-04   
4.0990E-03   -9.5417E-04   
3.8755E-03   -1.0179E-03   
3.4361E-03   -1.1302E-03   
3.2202E-03   -1.1816E-03   
2.7954E-03   -1.2794E-03   
2.3823E-03   -1.3740E-03   
2.1811E-03   -1.4211E-03   
1.7913E-03   -1.5134E-03   
1.4210E-03   -1.6014E-03   
1.2438E-03   -1.6424E-03   
9.0558E-04   -1.7154E-03   
5.8772E-04   -1.7713E-03   
2.8727E-04   -1.8060E-03   
2.1793E-36   -1.8164E-03   
6.1606E-35   -1.7209E-03   
6.4441E-35   -1.6298E-03   
6.0644E-35   -1.5088E-03   
5.7471E-35   -1.4394E-03   
5.0617E-35   -1.3262E-03   
4.6185E-35   -1.2617E-03   
4.1597E-35   -1.1990E-03   
3.7800E-35   -1.1486E-03   
3.6986E-35   -1.1049E-03   
6.1500E-04   -9.6013E-04   
5.7650E-03   -2.2932E-05   
5.5186E-03   -4.7956E-05   
5.1623E-03   -8.2940E-05   
4.8703E-03   -1.1284E-04   
4.5875E-03   -1.5008E-04   
4.2688E-03   -1.7230E-04   
4.0078E-03   -1.8141E-04   
3.6853E-03   -2.0936E-04   
3.3654E-03   -2.2664E-04   
3.0470E-03   -2.4182E-04   
2.7312E-03   -2.5538E-04   
2.4023E-03   -2.7707E-04   
2.0640E-03   -3.3198E-04   
1.6017E-03   -4.7916E-04   
1.1304E-03   -7.0868E-04   
1.6783E-03   -5.5845E-04   
2.0008E-03   -2.7789E-04   
2.3135E-03   -1.7603E-04   
2.6093E-03   -1.4893E-04   
2.8936E-03   -1.4521E-04   
3.1640E-03   -1.4654E-04   
3.4728E-03   -1.3443E-04   
3.7600E-03   -1.2467E-04   
4.0274E-03   -1.1207E-04   
4.3034E-03   -1.1282E-04   
4.6039E-03   -8.9370E-05   
4.8928E-03   -7.0474E-05   
5.1755E-03   -5.6727E-05   
5.4748E-03   -3.2953E-05   
5.7347E-03   -1.3892E-05   
2.4558E-03   -1.2439E-04   
2.6067E-03   -5.8789E-05   
2.7786E-03   -5.5192E-05   
3.0168E-03   -5.6638E-05   
3.2448E-03   -5.7664E-05   
3.5258E-03   -6.0742E-05   
3.7769E-03   -6.2359E-05   
4.0264E-03   -6.0984E-05   
4.3475E-03   -4.9020E-05   
4.6161E-03   -3.9626E-05   
4.9201E-03   -3.4022E-05   
5.2187E-03   -2.4549E-05   
5.5106E-03   -1.6104E-05   
5.7786E-03   -5.2537E-06   
5.7208E-03   -3.5629E-05   
5.4543E-03   -7.5182E-05   
5.1277E-03   -1.2620E-04   
4.8261E-03   -1.5776E-04   
4.5653E-03   -2.0283E-04   
4.2376E-03   -2.3912E-04   
3.9145E-03   -2.7189E-04   
3.6081E-03   -2.9741E-04   
3.2896E-03   -3.2851E-04   
2.9909E-03   -3.5564E-04   
2.6079E-03   -3.9824E-04   
2.1988E-03   -4.6121E-04   
1.7972E-03   -5.4789E-04   
1.3765E-03   -6.7295E-04   
9.0610E-04   -8.6617E-04   
4.5054E-04   -1.0514E-03   
5.7039E-03   -5.2854E-05   
5.4774E-03   -9.6053E-05   
5.0892E-03   -1.7116E-04   
4.8347E-03   -2.1827E-04   
4.5307E-03   -2.6538E-04   
4.1654E-03   -3.2616E-04   
3.8421E-03   -3.5944E-04   
3.5284E-03   -3.9462E-04   
3.1595E-03   -4.4577E-04   
2.8141E-03   -5.0220E-04   
2.4479E-03   -5.6346E-04   
2.0634E-03   -6.2013E-04   
1.6501E-03   -7.3451E-04   
1.2477E-03   -8.4316E-04   
8.1085E-04   -9.9756E-04   
3.8637E-04   -1.1320E-03   
5.7867E-03   -4.6212E-05   
5.3761E-03   -1.4443E-04   
5.1423E-03   -1.9551E-04   
4.8572E-03   -2.6312E-04   
4.4316E-03   -3.4926E-04   
4.1286E-03   -4.0669E-04   
3.8136E-03   -4.5375E-04   
3.4412E-03   -5.1629E-04   
3.1017E-03   -5.7747E-04   
2.7354E-03   -6.2873E-04   
2.3901E-03   -6.8816E-04   
1.9575E-03   -7.6688E-04   
1.5380E-03   -8.9930E-04   
1.1466E-03   -9.9418E-04   
7.7910E-04   -1.1138E-03   
3.8307E-04   -1.2089E-03   
5.6553E-03   -9.4551E-05   
5.4145E-03   -1.6647E-04   
5.1233E-03   -2.5250E-04   
4.8297E-03   -3.3540E-04   
4.4040E-03   -4.3474E-04   
4.0619E-03   -4.9683E-04   
3.7145E-03   -5.7646E-04   
3.3816E-03   -6.4820E-04   
2.9844E-03   -7.0235E-04   
2.6613E-03   -7.4981E-04   
2.3325E-03   -8.3384E-04   
1.8964E-03   -9.3734E-04   
1.4707E-03   -1.0463E-03   
1.0985E-03   -1.1393E-03   
7.0260E-04   -1.2348E-03   
3.6694E-04   -1.2959E-03   
5.7280E-03   -1.0007E-04   
5.4009E-03   -2.2064E-04   
5.1328E-03   -3.0287E-04   
4.7131E-03   -4.3486E-04   
4.3436E-03   -5.4522E-04   
4.0137E-03   -6.1203E-04   
3.6045E-03   -7.0146E-04   
3.2977E-03   -7.6672E-04   
2.8996E-03   -8.3033E-04   
2.5526E-03   -8.9766E-04   
2.1595E-03   -9.8439E-04   
1.8388E-03   -1.0656E-03   
1.4528E-03   -1.1652E-03   
1.0702E-03   -1.2550E-03   
6.9904E-04   -1.3370E-03   
3.2863E-04   -1.3958E-03   
5.6819E-03   -1.3494E-04   
5.3231E-03   -2.8100E-04   
5.0725E-03   -3.7108E-04   
4.5855E-03   -5.4708E-04   
4.2905E-03   -6.3376E-04   
3.9551E-03   -7.2811E-04   
3.5876E-03   -8.0045E-04   
3.2163E-03   -8.8259E-04   
2.8045E-03   -9.7545E-04   
2.4603E-03   -1.0462E-03   
2.1226E-03   -1.1156E-03   
1.7710E-03   -1.2008E-03   
1.3843E-03   -1.3088E-03   
1.0551E-03   -1.3711E-03   
6.8249E-04   -1.4483E-03   
3.3875E-04   -1.4932E-03   
5.7092E-03   -1.6045E-04   
5.4021E-03   -3.0958E-04   
4.9898E-03   -4.7879E-04   
4.6292E-03   -6.2921E-04   
4.2389E-03   -7.2246E-04   
3.8620E-03   -8.2025E-04   
3.5034E-03   -9.1293E-04   
3.1441E-03   -9.9918E-04   
2.7849E-03   -1.0835E-03   
2.3901E-03   -1.1576E-03   
2.0410E-03   -1.2660E-03   
1.6748E-03   -1.3387E-03   
1.3456E-03   -1.4061E-03   
1.0033E-03   -1.4866E-03   
6.5075E-04   -1.5592E-03   
3.6161E-04   -1.5885E-03   
5.6245E-03   -2.4347E-04   
5.2492E-03   -4.5931E-04   
4.9369E-03   -5.8242E-04   
4.4495E-03   -7.6169E-04   
4.1549E-03   -8.4879E-04   
3.7458E-03   -9.5925E-04   
3.3908E-03   -1.0541E-03   
3.0747E-03   -1.1120E-03   
2.6940E-03   -1.1960E-03   
2.3347E-03   -1.2972E-03   
2.0333E-03   -1.3591E-03   
1.6685E-03   -1.4483E-03   
1.2929E-03   -1.5350E-03   
9.5809E-04   -1.6026E-03   
6.3814E-04   -1.6606E-03   
2.8547E-04   -1.7178E-03   
1.0250E-04   -9.4749E-04   
2.0780E-04   -9.4566E-04   
3.1113E-04   -9.4177E-04   
4.1330E-04   -9.3639E-04   
5.1406E-04   -9.2947E-04   
6.1446E-04   -9.2112E-04   
7.1409E-04   -9.1128E-04   
9.1001E-04   -8.8734E-04   
1.0060E-03   -8.7330E-04   
1.1004E-03   -8.5792E-04   
1.1931E-03   -8.4120E-04   
1.2840E-03   -8.2317E-04   
1.3729E-03   -8.0385E-04   
1.4597E-03   -7.8329E-04   
1.6262E-03   -7.3856E-04   
1.7057E-03   -7.1450E-04   
1.7825E-03   -6.8941E-04   
1.8568E-03   -6.6330E-04   
1.9281E-03   -6.3626E-04   
1.9966E-03   -6.0821E-04   
2.0620E-03   -5.7928E-04   
2.1830E-03   -5.1907E-04   
2.2385E-03   -4.8781E-04   
2.2906E-03   -4.5583E-04   
2.3391E-03   -4.2319E-04   
2.3841E-03   -3.8993E-04   
2.4253E-03   -3.5611E-04   
2.4628E-03   -3.2178E-04   
2.5263E-03   -2.5172E-04   
2.5523E-03   -2.1606E-04   
2.5742E-03   -1.7994E-04   
2.5907E-03   -1.4353E-04   
2.6072E-03   -1.0778E-04   
2.6148E-03   -7.2367E-05   
2.6225E-03   -3.5136E-05   
2.6394E-03   -2.5443E-35   
2.6490E-03   -2.3499E-35   
2.6566E-03   -1.7422E-35   
2.6638E-03   -9.3958E-36   
2.6715E-03   -7.0463E-36   
2.6928E-03   -3.7340E-36   
2.7079E-03   -2.5256E-36   
2.7267E-03   -1.5406E-36   
2.7496E-03   -7.3030E-37   
2.8088E-03   5.1078E-37   
2.8457E-03   9.8677E-37   
2.8877E-03   1.4006E-36   
2.9349E-03   1.7867E-36   
3.0454E-03   2.5139E-36   
3.1090E-03   2.8549E-36   
3.2531E-03   3.5573E-36   
3.3339E-03   3.9376E-36   
3.5132E-03   6.9903E-36   
3.6118E-03   5.3676E-36   
3.8271E-03   9.8937E-36   
4.0670E-03   1.2796E-35   
4.1962E-03   1.4444E-35   
4.4727E-03   1.7450E-35   
4.7731E-03   2.3279E-35   
5.2668E-03   3.4712E-35   
5.6229E-03   3.6614E-35   
6.0000E-03   -7.7512E-35   
6.0000E-03   -7.7512E-35   
6.0000E-03   -7.7512E-35   
6.0000E-03   -7.7512E-35   
6.0000E-03   -7.7512E-35   
5.3142E-03   -4.5531E-04   
4.3263E-03   -8.8309E-04   
3.6547E-03   -1.0760E-03   
3.0064E-03   -1.2311E-03   
2.5872E-03   -1.3270E-03   
1.9839E-03   -1.4675E-03   
1.6036E-03   -1.5582E-03   
1.0720E-03   -1.6806E-03   
7.4424E-04   -1.7456E-03   
4.3544E-04   -1.7914E-03   
1.4273E-04   -1.8150E-03   
4.6801E-35   -1.7687E-03   
6.3834E-35   -1.6744E-03   
6.2454E-35   -1.5872E-03   
8.9042E-35   -1.5469E-03   
8.9632E-35   -1.4730E-03   
5.6115E-35   -1.4079E-03   
5.4583E-35   -1.3786E-03   
5.2513E-35   -1.3514E-03   
4.9035E-35   -1.3029E-03   
4.7550E-35   -1.2814E-03   
4.5021E-35   -1.2437E-03   
4.3877E-35   -1.2274E-03   
4.2681E-35   -1.2125E-03   
4.0648E-35   -1.1868E-03   
3.9787E-35   -1.1758E-03   
3.9021E-35   -1.1659E-03   
3.8356E-35   -1.1568E-03   
3.7351E-35   -1.1409E-03   
3.7015E-35   -1.1337E-03   
3.6801E-35   -1.1267E-03   
3.6720E-35   -1.1198E-03   
3.6781E-35   -1.1126E-03   
3.7326E-35   -1.0964E-03   
3.7785E-35   -1.0867E-03   
3.8422E-35   -1.0756E-03   
3.9270E-35   -1.0625E-03   
4.0603E-35   -1.0473E-03   
6.2652E-35   -1.0287E-03   
6.3320E-35   -1.0069E-03   
5.2745E-35   -9.7764E-04   
1.0994E-03   -8.4842E-04   
1.6966E-03   -6.7385E-04   
1.9203E-03   -5.8575E-04   
1.2784E-03   -8.0420E-04   
2.4350E-03   -3.0254E-04   
8.2172E-04   -9.0392E-04   
3.4065E-04   -9.6333E-04   
2.2948E-03   -3.9851E-04   
2.5663E-03   -1.7374E-04   
2.1224E-03   -4.9348E-04   
1.4515E-03   -7.5504E-04   
2.5089E-03   -2.3830E-04   
1.5354E-03   -7.2890E-04   
7.2726E-04   -9.1924E-04   
2.0584E-03   -5.2469E-04   
2.3453E-03   -3.6660E-04   
2.6297E-03   -4.8594E-05   
1.3131E-04   -9.7541E-04   
6.3203E-04   -9.3286E-04   
1.7731E-03   -6.4508E-04   
1.8471E-03   -6.1561E-04   
2.4740E-03   -2.7045E-04   
4.3906E-04   -9.5474E-04   
2.5889E-03   -1.4093E-04   
2.3769E-04   -9.7085E-04   
5.3607E-04   -9.4471E-04   
2.3921E-03   -3.3461E-04   
2.5397E-03   -2.0605E-04   
9.1537E-04   -8.8695E-04   
2.2407E-03   -4.3035E-04   
2.1832E-03   -4.6203E-04   
1.3658E-03   -7.8020E-04   
1.0080E-03   -8.6844E-04   
1.1896E-03   -8.2698E-04   
1.6173E-03   -7.0184E-04   
1.9909E-03   -5.5546E-04   
7.5446E-05   -1.0370E-03   
7.1690E-05   -1.0538E-03   
6.9015E-05   -1.0679E-03   
6.6563E-05   -1.0800E-03   
6.4664E-05   -1.0903E-03   
6.3503E-05   -1.0992E-03   
6.2867E-05   -1.1072E-03   
6.2603E-05   -1.1146E-03   
6.2636E-05   -1.1216E-03   
2.6494E-03   -2.3437E-05   
6.2938E-05   -1.1285E-03   
2.6563E-03   -1.8504E-05   
6.3503E-05   -1.1356E-03   
2.6634E-03   -1.4938E-05   
6.4324E-05   -1.1430E-03   
2.6717E-03   -1.2280E-05   
6.5384E-05   -1.1509E-03   
2.6823E-03   -1.0436E-05   
6.6664E-05   -1.1595E-03   
2.6958E-03   -9.2274E-06   
6.8157E-05   -1.1690E-03   
2.7128E-03   -8.5496E-06   
6.9840E-05   -1.1795E-03   
2.7337E-03   -8.3018E-06   
7.1707E-05   -1.1911E-03   
2.7589E-03   -8.3853E-06   
7.3754E-05   -1.2039E-03   
2.7886E-03   -8.7222E-06   
7.5890E-05   -1.2181E-03   
2.8232E-03   -9.2825E-06   
7.8076E-05   -1.2337E-03   
2.8629E-03   -1.0021E-05   
8.0541E-05   -1.2509E-03   
2.9078E-03   -1.0879E-05   
8.3381E-05   -1.2697E-03   
2.9579E-03   -1.1812E-05   
8.6365E-05   -1.2903E-03   
3.0135E-03   -1.2708E-05   
8.9398E-05   -1.3127E-03   
3.0741E-03   -1.3737E-05   
9.2459E-05   -1.3369E-03   
3.1398E-03   -1.4853E-05   
9.5448E-05   -1.3629E-03   
3.2109E-03   -1.6153E-05   
9.9488E-05   -1.3906E-03   
3.2883E-03   -1.7330E-05   
1.0426E-04   -1.4205E-03   
3.3719E-03   -1.8180E-05   
1.0681E-04   -1.4528E-03   
3.4615E-03   -1.8983E-05   
1.0945E-04   -1.4870E-03   
3.5581E-03   -1.9781E-05   
1.1720E-04   -1.5237E-03   
3.6618E-03   -2.0141E-05   
1.2176E-04   -1.5639E-03   
3.7691E-03   -1.9706E-05   
1.2257E-04   -1.6063E-03   
3.8805E-03   -2.0391E-05   
1.2728E-04   -1.6506E-03   
4.0000E-03   -2.0638E-05   
1.3477E-04   -1.6982E-03   
1.3644E-03   -7.5404E-04   
2.1265E-03   -4.4173E-04   
2.3556E-03   -3.1619E-04   
1.0130E-03   -8.5900E-04   
2.6238E-03   -7.1244E-05   
2.7488E-04   -9.8863E-04   
1.7661E-03   -6.0159E-04   
2.5805E-03   -1.3789E-04   
4.6348E-04   -9.6796E-04   
7.4129E-04   -9.2178E-04   
6.4967E-04   -9.3905E-04   
1.9915E-03   -5.0580E-04   
1.5332E-03   -6.9522E-04   
2.4873E-03   -2.2587E-04   
2.5227E-03   -1.9640E-04   
1.6143E-03   -6.6477E-04   
1.9181E-03   -5.3750E-04   
2.4036E-03   -2.8574E-04   
2.3037E-03   -3.4703E-04   
1.1022E-03   -8.3477E-04   
8.3253E-04   -9.0260E-04   
1.6895E-04   -9.9929E-04   
1.1906E-03   -8.0910E-04   
1.6911E-03   -6.3339E-04   
1.8424E-03   -5.6931E-04   
2.4476E-03   -2.5564E-04   
2.5536E-03   -1.6710E-04   
1.2781E-03   -7.8215E-04   
2.1890E-03   -4.0986E-04   
5.5701E-04   -9.5447E-04   
9.2317E-04   -8.8163E-04   
2.2481E-03   -3.7828E-04   
2.6038E-03   -1.0770E-04   
3.6866E-04   -9.7937E-04   
2.0607E-03   -4.7386E-04   
1.4497E-03   -7.2505E-04   
7.8734E-05   -1.0167E-03   
1.5028E-04   -1.0400E-03   
1.4336E-04   -1.0564E-03   
1.3720E-04   -1.0695E-03   
1.3157E-04   -1.0807E-03   
1.2808E-04   -1.0901E-03   
1.2620E-04   -1.0984E-03   
1.2532E-04   -1.1059E-03   
2.6412E-03   -3.1866E-05   
1.2514E-04   -1.1129E-03   
1.2553E-04   -1.1198E-03   
2.6419E-03   -4.0576E-05   
1.2644E-04   -1.1267E-03   
2.6475E-03   -3.3295E-05   
1.2787E-04   -1.1338E-03   
2.6548E-03   -2.7045E-05   
1.2979E-04   -1.1414E-03   
2.6640E-03   -2.2674E-05   
1.3216E-04   -1.1497E-03   
2.6759E-03   -1.9762E-05   
1.3489E-04   -1.1587E-03   
2.6911E-03   -1.7949E-05   
1.3835E-04   -1.1686E-03   
2.7102E-03   -1.7083E-05   
1.4246E-04   -1.1796E-03   
2.7334E-03   -1.6978E-05   
1.4636E-04   -1.1918E-03   
2.7610E-03   -1.7446E-05   
1.4997E-04   -1.2053E-03   
2.7937E-03   -1.8343E-05   
1.5380E-04   -1.2201E-03   
2.8314E-03   -1.9669E-05   
1.5832E-04   -1.2364E-03   
2.8741E-03   -2.1333E-05   
1.6367E-04   -1.2544E-03   
2.9221E-03   -2.3221E-05   
1.6964E-04   -1.2740E-03   
2.9762E-03   -2.4914E-05   
1.7584E-04   -1.2956E-03   
3.0344E-03   -2.6265E-05   
1.8200E-04   -1.3189E-03   
3.0953E-03   -2.8692E-05   
1.8706E-04   -1.3440E-03   
3.1621E-03   -3.0889E-05   
1.9077E-04   -1.3703E-03   
3.2349E-03   -3.4016E-05   
2.0244E-04   -1.3975E-03   
3.3157E-03   -3.5927E-05   
2.1285E-04   -1.4284E-03   
3.4027E-03   -3.7181E-05   
2.1276E-04   -1.4620E-03   
3.4959E-03   -3.9023E-05   
2.2235E-04   -1.4954E-03   
3.5994E-03   -4.0303E-05   
2.5349E-04   -1.5331E-03   
3.7107E-03   -4.0234E-05   
2.4415E-04   -1.5783E-03   
3.8129E-03   -3.7340E-05   
2.4853E-04   -1.6208E-03   
3.9224E-03   -4.4752E-05   
2.6117E-04   -1.6652E-03   
4.1261E-03   -2.1751E-05   
1.7661E-03   -5.5996E-04   
1.8473E-03   -5.2501E-04   
1.5370E-03   -6.6189E-04   
1.9242E-03   -4.9221E-04   
1.4540E-03   -6.9406E-04   
6.6778E-04   -9.4046E-04   
7.5675E-04   -9.1963E-04   
8.4537E-04   -8.9684E-04   
9.3361E-04   -8.7220E-04   
1.0215E-03   -8.4578E-04   
5.7729E-04   -9.5953E-04   
1.1090E-03   -8.1776E-04   
1.3690E-03   -7.2619E-04   
1.9984E-03   -4.5974E-04   
1.1962E-03   -7.8833E-04   
1.2830E-03   -7.5773E-04   
4.8400E-04   -9.7703E-04   
2.0689E-03   -4.2687E-04   
2.4624E-03   -2.1471E-04   
2.5023E-03   -1.8725E-04   
2.5371E-03   -1.6059E-04   
2.4180E-03   -2.4284E-04   
3.9087E-04   -9.9199E-04   
2.1359E-03   -3.9432E-04   
2.3693E-03   -2.7160E-04   
2.2599E-03   -3.3131E-04   
2.1997E-03   -3.6245E-04   
2.3166E-03   -3.0110E-04   
3.0319E-04   -1.0016E-03   
2.2831E-04   -1.0089E-03   
2.5674E-03   -1.3413E-04   
2.5940E-03   -1.0722E-04   
2.6171E-03   -7.9705E-05   
1.5657E-04   -1.0232E-03   
2.1606E-04   -1.0543E-03   
2.0255E-04   -1.0673E-03   
1.9461E-04   -1.0776E-03   
1.9046E-04   -1.0863E-03   
1.8844E-04   -1.0939E-03   
1.8774E-04   -1.1009E-03   
2.6353E-03   -5.0613E-05   
1.8799E-04   -1.1076E-03   
1.8905E-04   -1.1143E-03   
2.6235E-03   -5.7677E-05   
1.9088E-04   -1.1212E-03   
2.6307E-03   -4.5292E-05   
1.9346E-04   -1.1285E-03   
2.6386E-03   -3.7461E-05   
1.9674E-04   -1.1363E-03   
2.6489E-03   -3.2219E-05   
2.0045E-04   -1.1449E-03   
2.6623E-03   -2.8890E-05   
2.0542E-04   -1.1541E-03   
2.6797E-03   -2.6892E-05   
2.1340E-04   -1.1640E-03   
2.7010E-03   -2.6274E-05   
2.1956E-04   -1.1756E-03   
2.7263E-03   -2.6704E-05   
2.2320E-04   -1.1889E-03   
2.7569E-03   -2.7748E-05   
2.2812E-04   -1.2031E-03   
2.7931E-03   -2.9338E-05   
2.3346E-04   -1.2187E-03   
2.8335E-03   -3.1711E-05   
2.4058E-04   -1.2355E-03   
2.8791E-03   -3.4589E-05   
2.5012E-04   -1.2540E-03   
2.9320E-03   -3.7322E-05   
2.5985E-04   -1.2746E-03   
2.9922E-03   -3.9318E-05   
2.6922E-04   -1.2973E-03   
3.0495E-03   -3.9325E-05   
2.7710E-04   -1.3221E-03   
3.1053E-03   -4.6798E-05   
2.7972E-04   -1.3489E-03   
2.7444E-04   -1.3741E-03   
3.2116E-04   -1.4362E-03   
3.4237E-03   -5.7746E-05   
3.5798E-04   -1.5507E-03   
3.7331E-04   -1.6282E-03   
3.6395E-03   -6.2156E-05   
4.2648E-03   -2.3324E-05   
2.5509E-03   -1.3086E-04   
2.5803E-03   -1.0636E-04   
2.6071E-03   -8.1450E-05   
1.6187E-03   -5.9941E-04   
1.5477E-03   -6.2791E-04   
5.9813E-04   -9.6039E-04   
5.0569E-04   -9.8192E-04   
9.4691E-04   -8.5935E-04   
6.8682E-04   -9.3775E-04   
1.0334E-03   -8.2949E-04   
7.7399E-04   -9.1346E-04   
1.4646E-03   -6.6236E-04   
1.9381E-03   -4.5172E-04   
8.6056E-04   -8.8737E-04   
2.4351E-03   -2.0503E-04   
2.3860E-03   -2.3222E-04   
1.1200E-03   -7.9805E-04   
1.2066E-03   -7.6530E-04   
2.2146E-03   -3.1951E-04   
2.2756E-03   -2.8934E-04   
2.4799E-03   -1.7857E-04   
4.0939E-04   -1.0015E-03   
2.5183E-03   -1.5438E-04   
1.3793E-03   -6.9707E-04   
2.1501E-03   -3.5102E-04   
1.2933E-03   -7.3154E-04   
2.3328E-03   -2.6029E-04   
2.0113E-03   -4.1734E-04   
2.0822E-03   -3.8373E-04   
2.7793E-04   -1.0507E-03   
2.6300E-04   -1.0622E-03   
2.5582E-04   -1.0712E-03   
2.5215E-04   -1.0788E-03   
2.5059E-04   -1.0858E-03   
2.5048E-04   -1.0923E-03   
2.5153E-04   -1.0987E-03   
2.5360E-04   -1.1053E-03   
2.6262E-03   -6.1515E-05   
2.6007E-03   -6.7363E-05   
2.5661E-04   -1.1122E-03   
2.6067E-03   -5.5720E-05   
2.6059E-04   -1.1197E-03   
2.6156E-03   -4.7221E-05   
2.6529E-04   -1.1277E-03   
2.6270E-03   -4.1849E-05   
2.7071E-04   -1.1364E-03   
2.6422E-03   -3.8686E-05   
2.7821E-04   -1.1455E-03   
2.6628E-03   -3.6598E-05   
2.9877E-04   -1.1540E-03   
2.6852E-03   -3.6882E-05   
2.9569E-04   -1.1690E-03   
2.7123E-03   -3.8135E-05   
3.0177E-04   -1.1827E-03   
2.7479E-03   -3.9797E-05   
3.0779E-04   -1.1980E-03   
2.7874E-03   -4.1969E-05   
3.2595E-04   -1.2308E-03   
3.7030E-04   -1.3558E-03   
2.8778E-03   -5.0363E-05   
3.4247E-04   -1.2495E-03   
3.5500E-04   -1.2716E-03   
3.7704E-04   -1.3236E-03   
3.1797E-03   -4.6187E-05   
3.3436E-03   -5.3059E-05   
3.4412E-03   -8.1211E-05   
2.9393E-03   -5.3907E-05   
4.9393E-04   -1.5893E-03   
3.5518E-03   -8.4079E-05   
3.7402E-04   -1.5184E-03   
3.0787E-03   -6.5941E-05   
4.4423E-04   -1.4070E-03   
2.5925E-03   -8.3580E-05   
2.5612E-03   -1.0760E-04   
2.5328E-03   -1.2928E-04   
1.8108E-03   -4.7923E-04   
1.7812E-03   -5.1754E-04   
1.8781E-03   -4.4716E-04   
1.4844E-03   -6.2999E-04   
2.4548E-03   -1.7151E-04   
6.2296E-04   -9.5643E-04   
2.4998E-03   -1.4633E-04   
5.3210E-04   -9.8143E-04   
4.3764E-04   -1.0046E-03   
7.0971E-04   -9.3059E-04   
9.6323E-04   -8.4367E-04   
8.7823E-04   -8.7480E-04   
1.3960E-03   -6.6698E-04   
7.9429E-04   -9.0362E-04   
1.0489E-03   -8.1068E-04   
1.9536E-03   -4.1248E-04   
2.2332E-03   -2.8099E-04   
2.4052E-03   -1.9755E-04   
1.1352E-03   -7.7619E-04   
2.2945E-03   -2.5194E-04   
2.3519E-03   -2.2422E-04   
2.1681E-03   -3.1168E-04   
1.2219E-03   -7.4050E-04   
1.3089E-03   -7.0399E-04   
2.0995E-03   -3.4398E-04   
2.0279E-03   -3.7774E-04   
2.7535E-04   -1.0293E-03   
3.3021E-04   -1.0449E-03   
3.2154E-04   -1.0536E-03   
3.1636E-04   -1.0611E-03   
3.1376E-04   -1.0678E-03   
3.1311E-04   -1.0740E-03   
3.1402E-04   -1.0801E-03   
3.1616E-04   -1.0863E-03   
3.1946E-04   -1.0928E-03   
2.5659E-03   -7.9924E-05   
3.2399E-04   -1.0998E-03   
2.5769E-03   -6.5331E-05   
3.2966E-04   -1.1073E-03   
3.3565E-04   -1.1157E-03   
2.5867E-03   -5.7214E-05   
2.5987E-03   -5.2504E-05   
3.3989E-04   -1.1253E-03   
2.6142E-03   -5.0626E-05   
3.5923E-04   -1.1493E-03   
2.6559E-03   -5.0929E-05   
3.7379E-04   -1.1589E-03   
2.7361E-03   -5.3900E-05   
2.6948E-03   -5.1883E-05   
3.8598E-04   -1.1734E-03   
4.2750E-04   -1.2180E-03   
3.1287E-04   -1.2146E-03   
4.4131E-04   -1.2417E-03   
4.5784E-04   -1.2651E-03   
4.6152E-04   -1.5245E-03   
4.5481E-04   -1.4892E-03   
4.7588E-04   -1.2910E-03   
2.8728E-03   -6.9376E-05   
3.1505E-03   -6.2234E-05   
3.0127E-03   -8.0056E-05   
3.3278E-03   -7.6095E-05   
2.9400E-03   -7.3758E-05   
2.8285E-03   -4.6084E-05   
4.9863E-04   -1.3221E-03   
4.2467E-04   -1.4525E-03   
4.6762E-04   -1.3655E-03   
3.6666E-03   -8.6268E-05   
4.7203E-04   -1.6316E-03   
4.4695E-04   -1.5584E-03   
3.4593E-03   -1.0657E-04   
1.7262E-03   -5.0347E-04   
2.5713E-03   -8.9186E-05   
2.4755E-03   -1.4196E-04   
6.5383E-04   -9.4721E-04   
2.4251E-03   -1.6746E-04   
5.6764E-04   -9.7457E-04   
3.9235E-04   -1.0212E-03   
1.4190E-03   -6.3515E-04   
8.9834E-04   -8.5964E-04   
8.1573E-04   -8.9126E-04   
7.3559E-04   -9.2001E-04   
1.8955E-03   -4.1422E-04   
9.8280E-04   -8.2563E-04   
2.2549E-03   -2.4661E-04   
1.0683E-03   -7.8982E-04   
2.3159E-03   -2.1891E-04   
2.3724E-03   -1.9269E-04   
2.1897E-03   -2.7621E-04   
1.1548E-03   -7.5257E-04   
1.3297E-03   -6.7514E-04   
1.9731E-03   -3.7669E-04   
2.1207E-03   -3.0780E-04   
1.2420E-03   -7.1425E-04   
2.0483E-03   -3.4137E-04   
3.9653E-04   -1.0261E-03   
3.8854E-04   -1.0337E-03   
1.6131E-03   -5.5171E-04   
3.8196E-04   -1.0409E-03   
1.5123E-03   -5.9381E-04   
3.7765E-04   -1.0474E-03   
3.7604E-04   -1.0533E-03   
3.7656E-04   -1.0589E-03   
3.7871E-04   -1.0646E-03   
3.8227E-04   -1.0705E-03   
3.8723E-04   -1.0770E-03   
4.4302E-04   -1.1299E-03   
2.5356E-03   -8.5299E-05   
3.9364E-04   -1.0839E-03   
4.0134E-04   -1.0916E-03   
2.5433E-03   -7.5008E-05   
4.0912E-04   -1.1009E-03   
2.5519E-03   -6.8501E-05   
2.5626E-03   -6.5350E-05   
3.4166E-04   -1.1347E-03   
2.6354E-03   -6.5945E-05   
4.6225E-04   -1.1440E-03   
4.6114E-04   -1.1887E-03   
3.1091E-03   -8.6021E-05   
2.9306E-03   -9.6770E-05   
2.7278E-03   -7.1785E-05   
5.4603E-04   -1.2304E-03   
2.6755E-03   -6.8214E-05   
5.7114E-04   -1.2533E-03   
3.8895E-04   -1.1915E-03   
5.5642E-04   -1.5371E-03   
5.9108E-04   -1.2794E-03   
3.2166E-03   -8.3864E-05   
5.7229E-04   -1.3737E-03   
5.5378E-04   -1.4150E-03   
2.8072E-03   -6.5233E-05   
5.7083E-04   -1.4919E-03   
5.2636E-04   -1.2090E-03   
2.8642E-03   -9.1046E-05   
3.5724E-03   -1.0931E-04   
3.3534E-03   -1.0230E-04   
2.4889E-03   -1.1981E-04   
2.4422E-03   -1.4293E-04   
2.5295E-03   -1.1196E-04   
5.2646E-04   -9.8915E-04   
6.8857E-04   -9.3453E-04   
1.8335E-03   -4.1963E-04   
8.3807E-04   -8.7692E-04   
2.3917E-03   -1.6638E-04   
7.5708E-04   -9.0894E-04   
9.2113E-04   -8.4237E-04   
3.1987E-04   -1.0306E-03   
1.0057E-03   -8.0570E-04   
1.3561E-03   -6.4512E-04   
2.2141E-03   -2.4444E-04   
2.3371E-03   -1.9083E-04   
2.2780E-03   -2.1668E-04   
1.9168E-03   -3.8001E-04   
1.0917E-03   -7.6728E-04   
2.1451E-03   -2.7499E-04   
1.1787E-03   -7.2755E-04   
1.2669E-03   -6.8678E-04   
1.9962E-03   -3.4282E-04   
2.0723E-03   -3.0787E-04   
1.4492E-03   -6.0190E-04   
4.5981E-04   -1.0110E-03   
4.5135E-04   -1.0178E-03   
4.4315E-04   -1.0246E-03   
4.7157E-04   -1.0026E-03   
4.3965E-04   -1.0302E-03   
1.5464E-03   -5.5733E-04   
1.6473E-03   -5.1094E-04   
4.3938E-04   -1.0353E-03   
2.5240E-03   -9.9383E-05   
1.7445E-03   -4.6407E-04   
4.4136E-04   -1.0403E-03   
4.4514E-04   -1.0456E-03   
4.5752E-04   -1.0577E-03   
2.4998E-03   -9.4452E-05   
4.6688E-04   -1.0644E-03   
4.7992E-04   -1.0718E-03   
2.5028E-03   -8.7102E-05   
2.5108E-03   -8.1985E-05   
4.6995E-04   -1.1059E-03   
4.8588E-04   -1.1602E-03   
2.6061E-03   -8.3999E-05   
2.8032E-03   -8.6136E-05   
6.5667E-04   -1.2127E-03   
4.0668E-04   -1.1142E-03   
3.0018E-03   -1.0408E-04   
5.3212E-04   -1.1128E-03   
2.8470E-03   -1.1533E-04   
5.1670E-04   -1.1905E-03   
6.7674E-04   -1.3809E-03   
6.2472E-04   -1.1938E-03   
6.1793E-04   -1.2996E-03   
2.7524E-03   -8.3737E-05   
3.2652E-03   -9.9191E-05   
2.6470E-03   -8.8368E-05   
5.9576E-04   -1.3325E-03   
5.5616E-04   -1.4533E-03   
3.3622E-03   -1.2955E-04   
3.6770E-03   -1.0986E-04   
5.8347E-04   -1.6151E-03   
7.1208E-04   -1.4958E-03   
3.1806E-03   -7.1843E-05   
2.4077E-03   -1.4568E-04   
6.9194E-04   -9.3133E-04   
1.3879E-03   -6.1421E-04   
7.8121E-04   -8.9548E-04   
8.6371E-04   -8.6039E-04   
2.3562E-03   -1.6840E-04   
9.4709E-04   -8.2331E-04   
1.8594E-03   -3.8773E-04   
2.2407E-03   -2.1659E-04   
2.3017E-03   -1.9159E-04   
1.0323E-03   -7.8417E-04   
2.1726E-03   -2.4551E-04   
1.2964E-03   -6.5836E-04   
1.1190E-03   -7.4337E-04   
1.9430E-03   -3.4842E-04   
1.2071E-03   -7.0134E-04   
2.0998E-03   -2.7731E-04   
2.0230E-03   -3.1172E-04   
5.3255E-04   -9.8969E-04   
5.1024E-04   -1.0001E-03   
2.4957E-03   -1.0469E-04   
5.0432E-04   -1.0054E-03   
1.6781E-03   -4.7520E-04   
1.4834E-03   -5.6850E-04   
1.7711E-03   -4.3012E-04   
5.0308E-04   -1.0097E-03   
5.0446E-04   -1.0140E-03   
1.5810E-03   -5.2191E-04   
5.0824E-04   -1.0185E-03   
5.1404E-04   -1.0234E-03   
5.2158E-04   -1.0288E-03   
2.5212E-03   -8.0129E-05   
5.3176E-04   -1.0347E-03   
4.9726E-04   -1.0812E-03   
5.4642E-04   -1.0404E-03   
2.4486E-03   -1.1013E-04   
2.7308E-03   -1.0313E-04   
2.4555E-03   -1.0180E-04   
5.5541E-04   -1.1244E-03   
5.6677E-04   -1.1594E-03   
2.5708E-03   -8.1599E-05   
5.2243E-04   -1.1006E-03   
2.6873E-03   -9.5857E-05   
7.1648E-04   -1.1764E-03   
7.2324E-04   -1.2917E-03   
6.0147E-04   -1.1749E-03   
6.8509E-04   -1.2701E-03   
2.5685E-03   -1.0621E-04   
3.1630E-03   -1.1287E-04   
8.0651E-04   -1.3423E-03   
3.2621E-03   -1.2340E-04   
6.5009E-04   -1.4189E-03   
3.3661E-03   -1.5957E-04   
7.3017E-04   -1.5900E-03   
3.6055E-03   -1.3797E-04   
3.7797E-03   -9.3075E-05   
8.1284E-04   -1.5270E-03   
3.0619E-03   -1.1515E-04   
2.4229E-03   -1.2860E-04   
6.0915E-04   -9.6216E-04   
7.3391E-04   -9.1226E-04   
8.1157E-04   -8.7864E-04   
1.3299E-03   -6.2944E-04   
8.9263E-04   -8.4196E-04   
2.3240E-03   -1.7242E-04   
2.2719E-03   -1.9141E-04   
9.7643E-04   -8.0270E-04   
5.6949E-04   -9.7785E-04   
2.2040E-03   -2.1861E-04   
1.8895E-03   -3.5755E-04   
1.0625E-03   -7.6129E-04   
1.2393E-03   -6.7438E-04   
2.1307E-03   -2.4942E-04   
1.1503E-03   -7.1835E-04   
1.9732E-03   -3.1889E-04   
2.0536E-03   -2.8287E-04   
5.6872E-04   -9.7957E-04   
1.4237E-03   -5.8308E-04   
1.7108E-03   -4.4273E-04   
1.8019E-03   -3.9895E-04   
5.6853E-04   -9.8211E-04   
1.6161E-03   -4.8878E-04   
5.6831E-04   -9.8583E-04   
5.7174E-04   -9.8940E-04   
1.5197E-03   -5.3590E-04   
2.4648E-03   -1.1168E-04   
5.9635E-04   -1.0027E-03   
5.7781E-04   -9.9324E-04   
2.4631E-03   -9.8143E-05   
5.8602E-04   -9.9765E-04   
2.5700E-03   -6.6145E-05   
5.6829E-04   -1.0720E-03   
5.6606E-04   -1.0460E-03   
6.0067E-04   -1.0794E-03   
6.1071E-04   -1.0076E-03   
2.3979E-03   -1.2444E-04   
2.6082E-03   -1.1265E-04   
2.5322E-03   -1.0211E-04   
6.1105E-04   -1.0935E-03   
7.0237E-04   -1.1558E-03   
7.9245E-04   -1.2427E-03   
3.2630E-03   -1.5324E-04   
2.6508E-03   -1.2051E-04   
6.7331E-04   -1.1376E-03   
2.9773E-03   -1.3114E-04   
8.3112E-04   -1.2959E-03   
3.0538E-03   -1.4421E-04   
7.8277E-04   -1.3939E-03   
5.8256E-04   -1.1338E-03   
3.4790E-03   -1.6517E-04   
2.7847E-03   -1.0920E-04   
3.8996E-03   -7.4437E-05   
8.9010E-04   -1.4643E-03   
6.2525E-04   -9.5634E-04   
2.3696E-03   -1.5145E-04   
7.6610E-04   -8.9614E-04   
8.4404E-04   -8.6042E-04   
9.2528E-04   -8.2186E-04   
1.2749E-03   -6.4705E-04   
2.3177E-03   -1.6392E-04   
6.7084E-04   -9.3807E-04   
2.2406E-03   -1.9324E-04   
1.3672E-03   -6.0030E-04   
1.0099E-03   -7.8050E-04   
2.1649E-03   -2.2395E-04   
1.0970E-03   -7.3705E-04   
1.1854E-03   -6.9244E-04   
1.9231E-03   -3.2922E-04   
2.0876E-03   -2.5629E-04   
2.0069E-03   -2.9128E-04   
6.4193E-04   -9.5027E-04   
1.6530E-03   -4.5785E-04   
1.8360E-03   -3.6982E-04   
1.7458E-03   -4.1277E-04   
2.5412E-03   -7.9737E-05   
6.3327E-04   -9.5621E-04   
1.4619E-03   -5.5260E-04   
6.3596E-04   -9.5875E-04   
1.5576E-03   -5.0481E-04   
2.4032E-03   -1.1898E-04   
6.6112E-04   -9.6877E-04   
6.4204E-04   -9.6140E-04   
6.7487E-04   -9.7311E-04   
6.5050E-04   -9.6468E-04   
7.0895E-04   -1.0503E-03   
2.3847E-03   -1.3600E-04   
2.4717E-03   -9.7988E-05   
6.2940E-04   -1.0123E-03   
2.6455E-03   -4.6148E-05   
7.4711E-04   -1.0932E-03   
2.5010E-03   -1.0010E-04   
2.7580E-03   -1.3586E-04   
2.6997E-03   -1.2831E-04   
2.5644E-03   -1.3992E-04   
2.5240E-03   -1.3227E-04   
2.9335E-03   -1.6112E-04   
2.4872E-03   -1.2646E-04   
6.4561E-04   -1.1248E-03   
8.2245E-04   -1.1342E-03   
5.8612E-04   -1.0509E-03   
6.6254E-04   -1.0439E-03   
8.5341E-04   -1.1935E-03   
3.0821E-03   -1.7043E-04   
8.5243E-04   -1.2564E-03   
6.6021E-04   -1.0970E-03   
3.3674E-03   -1.9206E-04   
8.2301E-04   -1.4343E-03   
4.0496E-03   -3.9180E-05   
9.3709E-04   -1.2974E-03   
3.8912E-03   -1.0244E-04   
3.2618E-03   -1.8556E-04   
2.9135E-03   -1.2159E-04   
9.1903E-04   -1.3422E-03   
6.9269E-04   -9.2831E-04   
8.0249E-04   -8.7779E-04   
8.7993E-04   -8.4076E-04   
1.3137E-03   -6.1970E-04   
2.2800E-03   -1.6899E-04   
9.6131E-04   -8.0044E-04   
1.2236E-03   -6.6625E-04   
2.2003E-03   -2.0132E-04   
1.0474E-03   -7.5687E-04   
1.1352E-03   -7.1187E-04   
2.1250E-03   -2.3197E-04   
1.6918E-03   -4.2911E-04   
1.9594E-03   -3.0301E-04   
2.0445E-03   -2.6556E-04   
1.8721E-03   -3.4317E-04   
6.9305E-04   -9.2875E-04   
1.7831E-03   -3.8507E-04   
2.3453E-03   -1.4614E-04   
1.4069E-03   -5.7177E-04   
1.5974E-03   -4.7552E-04   
7.0090E-04   -9.2708E-04   
1.5019E-03   -5.2339E-04   
7.0738E-04   -9.2803E-04   
7.3995E-04   -9.3666E-04   
7.2639E-04   -9.3305E-04   
2.3429E-03   -1.4214E-04   
7.1560E-04   -9.3014E-04   
2.4088E-03   -1.1736E-04   
2.6029E-03   -6.6518E-05   
6.9040E-04   -9.7819E-04   
2.4551E-03   -1.2268E-04   
2.4740E-03   -1.6184E-04   
6.3846E-04   -1.0383E-03   
2.4728E-03   -1.0256E-04   
2.4365E-03   -1.5467E-04   
2.5146E-03   -1.7108E-04   
8.4274E-04   -1.0756E-03   
2.8260E-03   -1.4219E-04   
2.6619E-03   -1.5804E-04   
6.5819E-04   -1.0158E-03   
2.8151E-03   -1.7463E-04   
9.4418E-04   -1.2040E-03   
7.7935E-04   -1.1821E-03   
8.9396E-04   -1.0823E-03   
7.7804E-04   -1.0526E-03   
3.2579E-03   -2.2042E-04   
3.4769E-03   -1.9842E-04   
9.7439E-04   -1.2436E-03   
9.2731E-04   -1.3822E-03   
3.9924E-03   -8.5238E-05   
1.0239E-03   -1.3000E-03   
7.2656E-04   -9.1304E-04   
8.4349E-04   -8.5742E-04   
1.2641E-03   -6.4044E-04   
9.1478E-04   -8.2174E-04   
2.2270E-03   -1.8613E-04   
1.3549E-03   -5.9295E-04   
1.0002E-03   -7.7811E-04   
1.1756E-03   -6.8681E-04   
2.1635E-03   -2.1096E-04   
1.7323E-03   -4.0277E-04   
1.0876E-03   -7.3281E-04   
1.6393E-03   -4.4815E-04   
7.6999E-04   -8.9303E-04   
2.0884E-03   -2.4168E-04   
1.9086E-03   -3.1988E-04   
1.8216E-03   -3.6022E-04   
7.7665E-04   -8.9217E-04   
1.5441E-03   -4.9573E-04   
1.4487E-03   -5.4436E-04   
2.3449E-03   -1.3930E-04   
2.4296E-03   -1.2079E-04   
8.0575E-04   -8.9854E-04   
7.8234E-04   -8.9400E-04   
7.1430E-04   -1.0085E-03   
7.9235E-04   -8.9594E-04   
2.4153E-03   -1.1905E-04   
7.5520E-04   -9.4142E-04   
9.4245E-04   -1.0382E-03   
2.3806E-03   -1.8661E-04   
7.0298E-04   -9.8475E-04   
2.4180E-03   -1.9544E-04   
2.4025E-03   -1.4952E-04   
2.5604E-03   -1.8204E-04   
8.5992E-04   -1.0449E-03   
1.1546E-03   -1.2708E-03   
9.6612E-04   -1.0873E-03   
2.8743E-03   -1.9558E-04   
2.7279E-03   -1.6685E-04   
3.4751E-03   -2.3227E-04   
8.1481E-04   -1.0172E-03   
1.0414E-03   -1.3309E-03   
3.1531E-03   -2.1315E-04   
3.5886E-03   -1.7277E-04   
1.0649E-03   -1.1878E-03   
9.2939E-04   -1.1358E-03   
9.7832E-04   -1.1563E-03   
3.2511E-03   -2.5825E-04   
2.2810E-03   -1.6362E-04   
1.3063E-03   -6.1554E-04   
1.2177E-03   -6.6242E-04   
8.5927E-04   -8.4975E-04   
2.0632E-03   -2.4968E-04   
2.3552E-03   -1.4310E-04   
9.5392E-04   -8.0139E-04   
1.6832E-03   -4.2291E-04   
2.2081E-03   -1.9063E-04   
1.7744E-03   -3.7904E-04   
2.1294E-03   -2.2220E-04   
1.0416E-03   -7.5554E-04   
1.5886E-03   -4.6978E-04   
1.3981E-03   -5.6734E-04   
1.4928E-03   -5.1835E-04   
8.5196E-04   -8.5628E-04   
1.9362E-03   -3.0468E-04   
1.8611E-03   -3.3853E-04   
8.7191E-04   -8.5941E-04   
8.5915E-04   -8.5798E-04   
7.6719E-04   -9.4995E-04   
8.2150E-04   -9.0230E-04   
2.3482E-03   -1.3992E-04   
8.9718E-04   -9.7513E-04   
2.3730E-03   -1.4627E-04   
2.3204E-03   -2.2229E-04   
8.8583E-04   -1.0070E-03   
2.3456E-03   -1.8017E-04   
2.4576E-03   -2.0685E-04   
3.0451E-03   -2.0486E-04   
2.6171E-03   -1.9322E-04   
1.0187E-03   -1.0389E-03   
7.6636E-04   -9.6905E-04   
7.4218E-04   -1.0144E-03   
2.9858E-03   -1.8144E-04   
2.7634E-03   -2.1633E-04   
1.0421E-03   -1.0855E-03   
1.1728E-03   -1.3137E-03   
1.2088E-03   -1.2101E-03   
9.7422E-04   -9.9542E-04   
3.1621E-03   -1.7820E-04   
3.3650E-03   -2.6172E-04   
3.5849E-03   -2.0455E-04   
3.6897E-03   -1.5310E-04   
1.0669E-03   -1.1073E-03   
1.1856E-03   -1.1490E-03   
2.0918E-03   -2.3723E-04   
1.1723E-03   -6.8668E-04   
1.2590E-03   -6.4038E-04   
2.2802E-03   -1.6664E-04   
1.9085E-03   -3.1658E-04   
1.8202E-03   -3.5698E-04   
2.1567E-03   -2.1102E-04   
1.3494E-03   -5.9252E-04   
1.7296E-03   -3.9981E-04   
1.6357E-03   -4.4563E-04   
1.0869E-03   -7.3231E-04   
1.5395E-03   -4.9391E-04   
1.4434E-03   -5.4330E-04   
9.1667E-04   -8.2182E-04   
9.2595E-04   -8.2020E-04   
9.3765E-04   -8.2030E-04   
8.8820E-04   -8.6175E-04   
8.3634E-04   -9.0908E-04   
9.9633E-04   -7.8063E-04   
2.2795E-03   -1.6348E-04   
2.2521E-03   -2.0916E-04   
2.0023E-03   -2.7487E-04   
2.2846E-03   -2.1466E-04   
8.9015E-04   -9.5499E-04   
8.1656E-04   -9.7039E-04   
1.1509E-03   -1.0534E-03   
2.3575E-03   -2.3233E-04   
8.4723E-04   -9.2072E-04   
2.2777E-03   -1.7599E-04   
1.0777E-03   -9.8385E-04   
2.4991E-03   -2.2213E-04   
1.0041E-03   -9.4861E-04   
2.8272E-03   -2.2804E-04   
2.9603E-03   -2.3833E-04   
2.6890E-03   -2.0385E-04   
3.7984E-03   -1.5256E-04   
1.2543E-03   -1.0930E-03   
1.1985E-03   -1.0732E-03   
1.3052E-03   -1.2148E-03   
3.2554E-03   -2.9612E-04   
1.2087E-03   -1.3560E-03   
3.4686E-03   -2.6662E-04   
3.6978E-03   -1.7942E-04   
2.1397E-03   -2.1969E-04   
1.2114E-03   -6.6829E-04   
1.1271E-03   -7.1326E-04   
1.8705E-03   -3.3595E-04   
2.2114E-03   -1.9026E-04   
1.7795E-03   -3.7833E-04   
1.3009E-03   -6.2062E-04   
1.6863E-03   -4.2312E-04   
1.3950E-03   -5.7096E-04   
1.5898E-03   -4.7093E-04   
1.0016E-03   -7.8242E-04   
1.4918E-03   -5.2073E-04   
9.5462E-04   -8.2054E-04   
2.0548E-03   -2.5498E-04   
2.1863E-03   -2.4641E-04   
1.0574E-03   -7.5037E-04   
9.2066E-04   -8.7557E-04   
9.7447E-04   -8.2260E-04   
9.3693E-04   -9.1314E-04   
1.9625E-03   -2.9461E-04   
2.2226E-03   -2.5177E-04   
2.8423E-03   -2.5856E-04   
2.2032E-03   -1.9821E-04   
2.2590E-03   -2.5978E-04   
9.9067E-04   -9.1886E-04   
2.3914E-03   -2.4629E-04   
2.5618E-03   -2.3549E-04   
2.2213E-03   -2.0685E-04   
1.3348E-03   -1.0344E-03   
1.0915E-03   -9.4192E-04   
1.2130E-03   -9.4186E-04   
2.9231E-03   -2.1712E-04   
3.8369E-03   -1.8588E-04   
1.2829E-03   -1.0123E-03   
2.6451E-03   -2.4589E-04   
2.9363E-03   -2.7276E-04   
3.1449E-03   -3.3994E-04   
1.3334E-03   -1.1074E-03   
1.3587E-03   -1.1512E-03   
3.1074E-03   -2.9845E-04   
3.8809E-03   -1.2760E-04   
3.5853E-03   -2.3718E-04   
1.0469E-03   -1.4197E-03   
1.0901E-03   -1.0435E-03   
1.1604E-03   -7.0046E-04   
1.0773E-03   -7.4397E-04   
1.8332E-03   -3.5841E-04   
2.1146E-03   -2.3568E-04   
1.7403E-03   -4.0241E-04   
1.3456E-03   -6.0232E-04   
1.0185E-03   -7.8050E-04   
1.6435E-03   -4.4966E-04   
9.9424E-04   -8.2854E-04   
1.4440E-03   -5.5088E-04   
9.3249E-04   -8.8958E-04   
1.5438E-03   -4.9964E-04   
1.9254E-03   -3.1629E-04   
1.0417E-03   -7.7868E-04   
2.1191E-03   -2.8723E-04   
2.1905E-03   -2.0996E-04   
2.0164E-03   -2.7625E-04   
2.1551E-03   -2.4215E-04   
2.1708E-03   -2.8561E-04   
2.2970E-03   -2.6965E-04   
1.4282E-03   -9.7123E-04   
1.1318E-03   -8.9524E-04   
1.2596E-03   -9.5480E-04   
1.1709E-03   -9.3046E-04   
2.7032E-03   -2.9777E-04   
3.5680E-03   -2.6970E-04   
1.3913E-03   -1.2255E-03   
1.0502E-03   -8.6770E-04   
1.2159E-03   -1.0003E-03   
2.6073E-03   -2.8994E-04   
3.0323E-03   -2.7616E-04   
3.9251E-03   -1.4744E-04   
3.7262E-03   -2.4243E-04   
3.1850E-03   -3.7391E-04   
1.5170E-03   -1.1041E-03   
1.1812E-03   -1.4192E-03   
2.5134E-03   -2.8266E-04   
9.4842E-04   -1.4148E-03   
1.7974E-03   -3.8355E-04   
2.1321E-03   -2.3855E-04   
1.8901E-03   -3.4028E-04   
1.7015E-03   -4.2982E-04   
1.3952E-03   -5.8478E-04   
1.1041E-03   -7.3737E-04   
8.5910E-04   -9.3277E-04   
1.0099E-03   -8.4049E-04   
1.9817E-03   -2.9898E-04   
1.0696E-03   -7.7871E-04   
2.0833E-03   -2.8257E-04   
1.2503E-03   -6.5283E-04   
1.4979E-03   -5.3171E-04   
1.3665E-03   -9.4287E-04   
1.2745E-03   -8.9044E-04   
2.1903E-03   -2.9999E-04   
1.2051E-03   -8.9061E-04   
1.0218E-03   -8.5729E-04   
1.0901E-03   -8.7037E-04   
1.0779E-03   -8.9610E-04   
1.3524E-03   -8.9600E-04   
1.4675E-03   -1.0037E-03   
2.8033E-03   -3.0825E-04   
3.4460E-03   -3.0868E-04   
2.5678E-03   -3.3665E-04   
1.9947E-03   -3.3230E-04   
2.3819E-03   -3.2686E-04   
2.9229E-03   -3.2033E-04   
1.5406E-03   -1.1780E-03   
1.2673E-03   -1.2625E-03   
2.4760E-03   -3.2981E-04   
3.1417E-03   -2.5094E-04   
1.5982E-03   -1.1177E-03   
1.4509E-03   -1.0907E-03   
3.3275E-03   -3.6172E-04   
3.0382E-03   -3.9025E-04   
1.8568E-03   -3.6606E-04   
1.7663E-03   -4.0973E-04   
2.0510E-03   -2.7914E-04   
1.0932E-03   -7.8644E-04   
2.0588E-03   -2.6492E-04   
1.9483E-03   -3.2396E-04   
1.6668E-03   -4.5911E-04   
1.1384E-03   -7.3087E-04   
1.4514E-03   -5.6731E-04   
1.5584E-03   -5.1302E-04   
1.3942E-03   -8.4018E-04   
1.3205E-03   -8.4024E-04   
1.1967E-03   -6.8932E-04   
1.1041E-03   -8.2583E-04   
1.1025E-03   -8.0518E-04   
1.1599E-03   -8.1979E-04   
1.2945E-03   -6.3781E-04   
2.2489E-03   -3.0989E-04   
1.9233E-03   -3.8252E-04   
2.3480E-03   -3.7281E-04   
1.1785E-03   -8.4409E-04   
2.2700E-03   -3.4022E-04   
1.5751E-03   -1.0447E-03   
2.6595E-03   -3.4668E-04   
1.5799E-03   -9.3628E-04   
1.2417E-03   -1.1643E-03   
1.6927E-03   -1.1255E-03   
2.1019E-03   -3.5050E-04   
2.4344E-03   -3.7791E-04   
1.4950E-03   -8.6546E-04   
1.6626E-03   -1.0573E-03   
1.4702E-03   -1.2424E-03   
3.0865E-03   -4.2305E-04   
3.4833E-03   -3.5009E-04   
1.8314E-03   -3.8900E-04   
1.9158E-03   -3.5077E-04   
1.3471E-03   -6.2172E-04   
1.1868E-03   -7.7839E-04   
1.5140E-03   -5.5048E-04   
1.3006E-03   -7.9034E-04   
1.1873E-03   -7.2345E-04   
1.9655E-03   -3.9253E-04   
1.2426E-03   -6.7701E-04   
1.2062E-03   -7.4085E-04   
2.3352E-03   -2.7572E-04   
1.6288E-03   -4.9428E-04   
1.9982E-03   -3.1287E-04   
1.3683E-03   -7.8803E-04   
2.3055E-03   -4.2153E-04   
1.4412E-03   -7.8694E-04   
2.2754E-03   -3.7053E-04   
1.1238E-03   -1.2021E-03   
1.8181E-03   -1.1252E-03   
2.5208E-03   -3.8670E-04   
1.3154E-03   -1.2854E-03   
1.6649E-03   -8.1798E-04   
1.6216E-03   -9.7840E-04   
2.1386E-03   -3.7121E-04   
2.7538E-03   -3.5991E-04   
1.5576E-03   -1.2617E-03   
1.6949E-03   -8.6399E-04   
1.7310E-03   -9.9213E-04   
1.6414E-03   -1.1894E-03   
2.9332E-03   -4.4416E-04   
1.4683E-03   -8.3783E-04   
3.6485E-03   -3.3431E-04   
1.4069E-03   -6.0500E-04   
1.4184E-03   -7.3337E-04   
1.7543E-03   -4.3282E-04   
1.3030E-03   -6.5977E-04   
1.8343E-03   -4.3736E-04   
1.5167E-03   -7.8837E-04   
1.2503E-03   -7.9049E-04   
2.4697E-03   -4.3947E-04   
1.5788E-03   -5.3671E-04   
1.4898E-03   -7.3187E-04   
1.2758E-03   -6.8976E-04   
2.0028E-03   -4.1032E-04   
2.3865E-03   -4.2934E-04   
1.8727E-03   -3.8380E-04   
1.2665E-03   -7.5820E-04   
2.1677E-03   -3.9683E-04   
1.3717E-03   -1.0571E-03   
1.5868E-03   -7.9829E-04   
1.7336E-03   -9.0085E-04   
1.8001E-03   -9.2460E-04   
1.8351E-03   -1.0106E-03   
1.9834E-03   -1.0555E-03   
2.9871E-03   -4.8356E-04   
1.4572E-03   -1.3324E-03   
2.6945E-03   -4.1347E-04   
3.7613E-03   -2.8505E-04   
1.4686E-03   -5.9074E-04   
1.3656E-03   -6.4298E-04   
1.7087E-03   -4.7831E-04   
1.5394E-03   -6.7634E-04   
1.8676E-03   -4.5400E-04   
2.2095E-03   -4.2155E-04   
2.0388E-03   -4.3176E-04   
1.5674E-03   -7.3127E-04   
2.3376E-03   -4.8301E-04   
2.2570E-03   -4.7354E-04   
2.7885E-03   -4.6008E-04   
2.5556E-03   -4.5289E-04   
1.9565E-03   -8.7215E-04   
1.8444E-03   -8.3317E-04   
1.3458E-03   -7.4055E-04   
2.8374E-03   -3.7996E-04   
3.2194E-03   -4.0241E-04   
2.8306E-03   -5.5555E-04   
1.9908E-03   -1.0010E-03   
1.9882E-03   -1.1113E-03   
2.0121E-03   -9.4418E-04   
1.7343E-03   -7.4440E-04   
1.6333E-03   -1.2901E-03   
3.8052E-03   -3.1919E-04   
1.4227E-03   -6.3315E-04   
1.8184E-03   -4.2219E-04   
1.3704E-03   -6.9942E-04   
1.6288E-03   -5.3245E-04   
2.1922E-03   -5.3873E-04   
1.7260E-03   -5.0408E-04   
1.5289E-03   -5.8131E-04   
1.9036E-03   -4.7449E-04   
1.6156E-03   -6.7346E-04   
2.0976E-03   -4.8328E-04   
1.7028E-03   -6.7168E-04   
2.1268E-03   -5.1273E-04   
2.8933E-03   -4.0871E-04   
2.4216E-03   -4.9300E-04   
2.6494E-03   -4.7016E-04   
3.3327E-03   -4.0937E-04   
1.8146E-03   -7.9495E-04   
2.7728E-03   -4.2603E-04   
1.8069E-03   -7.5594E-04   
2.6758E-03   -5.1294E-04   
1.4725E-03   -6.7315E-04   
1.8113E-03   -6.6971E-04   
2.0621E-03   -8.8151E-04   
2.6833E-03   -5.5902E-04   
2.9906E-03   -5.2819E-04   
1.8675E-03   -8.6714E-04   
2.1260E-03   -9.4377E-04   
2.1104E-03   -1.0439E-03   
1.5178E-03   -1.3562E-03   
1.4776E-03   -6.3255E-04   
1.7478E-03   -6.1183E-04   
1.6017E-03   -5.6737E-04   
1.7732E-03   -5.1756E-04   
1.9242E-03   -7.3160E-04   
1.6599E-03   -6.1877E-04   
2.0375E-03   -5.7595E-04   
2.3081E-03   -5.2904E-04   
2.2559E-03   -1.0058E-03   
2.5560E-03   -5.6561E-04   
1.3215E-03   -6.8328E-04   
1.8996E-03   -6.8972E-04   
2.5004E-03   -5.0785E-04   
1.9483E-03   -4.9316E-04   
1.9850E-03   -5.4877E-04   
2.1209E-03   -8.1673E-04   
1.4787E-03   -1.4111E-03   
2.1749E-03   -8.8876E-04   
2.6740E-03   -6.0361E-04   
3.0952E-03   -4.9033E-04   
2.0760E-03   -4.5432E-04   
1.2868E-03   -7.2199E-04   
1.5855E-03   -6.2946E-04   
1.8406E-03   -6.0972E-04   
1.6772E-03   -5.7781E-04   
2.3652E-03   -5.4839E-04   
1.8849E-03   -5.5230E-04   
1.9458E-03   -6.3218E-04   
1.6710E-03   -5.5377E-04   
2.5689E-03   -6.6068E-04   
1.5798E-03   -6.0523E-04   
3.2262E-03   -4.7034E-04   
2.5479E-03   -6.1592E-04   
2.0064E-03   -8.0457E-04   
1.9234E-03   -6.0712E-04   
2.3570E-03   -9.3854E-04   
1.3118E-03   -1.4725E-03   
1.9979E-03   -5.0581E-04   
2.1068E-03   -7.2973E-04   
2.2255E-03   -5.8257E-04   
2.2883E-03   -6.1628E-04   
2.1956E-03   -7.4681E-04   
2.6150E-03   -7.0064E-04   
2.0149E-03   -6.7838E-04   
2.2972E-03   -8.9915E-04   
2.4103E-03   -9.6829E-04   
2.2605E-03   -6.7925E-04   
2.0512E-03   -7.0462E-04   
2.5528E-03   -9.6350E-04   
2.2885E-03   -7.6570E-04   
2.5658E-03   -5.2371E-04   
2.7938E-03   -6.6620E-04   
2.4495E-03   -7.2846E-04   
2.1350E-03   -6.4593E-04   
2.4147E-03   -6.2099E-04   
2.2220E-03   -8.2871E-04   
2.4808E-03   -7.7072E-04   
2.9314E-03   -5.8761E-04   
2.7043E-03   -8.8756E-04   
2.3545E-03   -7.8538E-04   
2.1682E-03   -6.7500E-04   
2.4742E-03   -8.2574E-04   
2.6146E-03   -8.2354E-04   
2.7953E-03   -7.6187E-04   
2.8604E-03   -6.9698E-04   
2.7450E-03   -8.2870E-04   
1.3468E-04   -1.7501E-03   
2.4591E-03   -8.7681E-04   
2.3184E-03   -1.0392E-03   
4.0426E-03   -1.4608E-04   
3.0388E-04   -1.4685E-03   
4.4103E-03   -2.1775E-05   
3.9636E-03   -3.0353E-04   
2.4466E-04   -1.7702E-03   
1.1712E-03   -1.4761E-03   
2.7621E-03   -9.2085E-04   
4.1107E-03   -7.7782E-05   
3.7393E-04   -1.7549E-03   
1.3155E-03   -1.3650E-03   
5.3103E-04   -1.7330E-03   
6.9151E-04   -1.7090E-03   
8.5169E-04   -1.6802E-03   
1.0170E-03   -1.6474E-03   
4.5514E-03   -1.9923E-05   
1.1858E-03   -1.6111E-03   
1.3628E-03   -1.5695E-03   
3.8609E-03   -2.4757E-04   
1.5454E-03   -1.5264E-03   
4.6967E-03   -1.9200E-05   
1.7307E-03   -1.4811E-03   
1.9215E-03   -1.4341E-03   
2.9558E-03   -6.3769E-04   
2.1368E-03   -1.3778E-03   
4.8496E-03   -1.7804E-05   
3.3652E-03   -2.9207E-04   
2.3088E-03   -1.3515E-03   
1.7252E-03   -1.0756E-03   
8.9080E-04   -1.5598E-03   
3.8889E-03   -2.1579E-04   
2.5092E-03   -1.2865E-03   
2.7342E-03   -1.2404E-03   
5.0074E-03   -1.5761E-05   
2.9439E-03   -1.1931E-03   
1.8254E-03   -1.2469E-03   
3.1769E-03   -1.1358E-03   
3.3584E-03   -1.1092E-03   
5.1708E-03   -1.3690E-05   
3.5689E-03   -1.0427E-03   
3.8065E-03   -9.8647E-04   
3.9328E-04   -1.6676E-03   
4.0292E-03   -9.2612E-04   
5.3593E-03   -1.2373E-05   
4.1675E-03   -4.8513E-05   
1.9506E-03   -1.1741E-03   
4.2704E-03   -8.5003E-04   
4.5007E-03   -7.8163E-04   
3.6976E-03   -3.6282E-04   
5.5689E-03   -6.7075E-06   
3.3723E-03   -4.4697E-04   
3.1053E-03   -5.2653E-04   
4.9538E-03   -6.1245E-04   
5.7942E-03   -9.7136E-05   
5.8358E-03   -9.6823E-05   
5.8133E-03   -2.7545E-05   
5.8307E-03   -1.1503E-05   
5.7998E-03   -6.1704E-05   
1.5911E-03   -1.4203E-03   
5.4607E-03   -3.5443E-04   
4.5557E-04   -1.7000E-03   
3.4864E-03   -4.5510E-04   
3.2836E-03   -5.0918E-04   
8.0130E-04   -1.6145E-03   
3.0765E-03   -6.3531E-04   
1.0347E-03   -1.5327E-03   
4.1515E-03   -1.2296E-04   
2.9017E-03   -7.7174E-04   
4.0729E-03   -2.5574E-04   
1.1486E-03   -1.5354E-03   
2.0440E-03   -1.1965E-03   
7.8820E-04   -1.6546E-03   
2.2598E-03   -1.1142E-03   
1.1208E-03   -1.5871E-03   
3.6612E-03   -4.0710E-04   
3.9635E-03   -8.9025E-04   
2.8831E-03   -1.1565E-03   
1.4824E-03   -1.4951E-03   
1.8788E-03   -1.2813E-03   
1.8561E-03   -1.4029E-03   
1.8118E-03   -1.3569E-03   
4.7678E-03   -3.7421E-05   
2.9623E-03   -8.8044E-04   
4.2347E-03   -6.9562E-05   
4.0127E-03   -3.3158E-04   
4.4869E-03   -3.8778E-05   
5.3360E-03   -2.6707E-05   
2.6318E-03   -9.9417E-04   
3.2498E-03   -1.0656E-03   
3.9532E-03   -1.6475E-04   
4.0089E-03   -2.2403E-04   
2.9692E-03   -6.6781E-04   
2.1590E-03   -1.0631E-03   
5.6953E-03   -2.6835E-06   
4.7360E-03   -6.9753E-04   
2.1956E-03   -1.3114E-03   
4.3237E-03   -7.8101E-04   
5.8427E-03   -6.5623E-05   
5.8692E-03   -6.0294E-06   
5.8604E-03   -1.6921E-05   
5.8492E-03   -3.9644E-05   
3.5930E-03   -9.7529E-04   
2.5245E-03   -1.2166E-03   
5.0788E-03   -2.9557E-05   
5.1573E-03   -4.4515E-04   
5.5933E-03   -1.9563E-05   
5.4344E-03   -3.2372E-04   
5.5567E-03   -1.4209E-04   
5.6193E-03   -2.7319E-05   
5.5912E-03   -6.1135E-05   
5.5218E-03   -2.2117E-04   
3.6303E-03   -4.6037E-04   
2.8382E-03   -1.1175E-03   
4.1960E-03   -9.5432E-05   
4.3398E-03   -7.9974E-05   
4.6823E-03   -5.9635E-05   
5.0853E-04   -1.6556E-03   
2.5700E-03   -1.0675E-03   
3.2506E-03   -5.7813E-04   
1.9748E-03   -1.3348E-03   
4.1782E-03   -1.5103E-04   
4.9903E-03   -4.8703E-05   
4.6601E-03   -6.7836E-04   
1.4315E-03   -1.4673E-03   
2.6845E-03   -1.1501E-03   
2.1356E-03   -1.2882E-03   
3.2035E-03   -1.0339E-03   
2.3813E-03   -1.1126E-03   
3.8042E-03   -8.9474E-04   
3.0842E-03   -7.3690E-04   
2.3413E-03   -1.2332E-03   
3.9618E-03   -3.8192E-04   
4.1251E-03   -2.8696E-04   
3.4155E-03   -9.8711E-04   
3.1112E-03   -7.9586E-04   
5.1675E-03   -4.1416E-05   
3.0235E-03   -9.2410E-04   
4.8360E-03   -5.4002E-05   
2.2237E-03   -1.1787E-03   
4.1295E-03   -1.8770E-04   
3.0183E-03   -1.0767E-03   
3.2016E-03   -6.5260E-04   
4.5041E-03   -6.3989E-05   
4.1774E-03   -2.1199E-04   
5.3275E-03   -2.1653E-04   
5.4158E-03   -4.6996E-05   
5.3831E-03   -9.8589E-05   
5.4474E-03   -2.7315E-05   
3.7821E-03   -4.1227E-04   
4.8668E-03   -5.6192E-04   
5.2029E-03   -3.6895E-04   
5.5808E-03   -5.0674E-05   
5.5337E-03   -1.8944E-04   
5.5394E-03   -9.8263E-05   
5.5166E-03   -1.1878E-04   
2.9634E-03   -1.0405E-03   
2.2265E-03   -1.2248E-03   
5.0473E-03   -6.2818E-05   
4.4911E-03   -7.1337E-04   
2.5758E-03   -1.1374E-03   
3.1591E-03   -8.4289E-04   
2.8998E-03   -1.0063E-03   
4.2945E-03   -2.6790E-04   
4.4422E-03   -9.2576E-05   
3.6434E-03   -9.0400E-04   
4.7579E-03   -7.4207E-05   
5.3640E-03   -1.3260E-04   
5.4324E-03   -6.8084E-05   
4.3396E-03   -1.9573E-04   
3.6010E-03   -5.1795E-04   
4.3303E-03   -1.4106E-04   
3.4071E-03   -5.8149E-04   
5.3167E-03   -1.7440E-04   
4.9353E-03   -4.6432E-04   
4.1066E-03   -3.7664E-04   
4.0212E-03   -8.1168E-04   
3.2611E-03   -7.2121E-04   
2.7270E-03   -1.0541E-03   
3.3334E-03   -9.5570E-04   
3.9963E-03   -4.1703E-04   
5.3243E-03   -4.1907E-05   
4.8263E-03   -5.3715E-04   
5.2332E-03   -2.9227E-04   
3.6829E-03   -8.2871E-04   
3.4605E-03   -6.9212E-04   
3.9687E-03   -4.6558E-04   
4.2718E-03   -3.5027E-04   
3.4638E-03   -8.7723E-04   
3.0869E-03   -9.6234E-04   
5.1020E-03   -7.4816E-05   
4.7115E-03   -5.4776E-04   
4.7716E-03   -9.8042E-05   
4.9525E-03   -8.6029E-05   
3.2745E-03   -9.2024E-04   
4.4415E-03   -1.5363E-04   
4.4542E-03   -1.1838E-04   
4.4017E-03   -2.2144E-04   
3.2322E-03   -6.8938E-04   
3.3396E-03   -8.0896E-04   
4.3619E-03   -2.9358E-04   
4.0745E-03   -7.4323E-04   
3.7563E-03   -5.1964E-04   
3.5700E-03   -5.7792E-04   
3.4438E-03   -7.4802E-04   
4.1441E-03   -4.3772E-04   
4.2548E-03   -3.9359E-04   
4.1827E-03   -7.9554E-04   
4.4654E-03   -2.4514E-04   
3.4000E-03   -8.4349E-04   
5.2493E-03   -6.2343E-05   
4.5973E-03   -1.2292E-04   
4.5021E-03   -1.8115E-04   
4.4756E-03   -6.3327E-04   
4.7188E-03   -1.3087E-04   
3.5601E-03   -6.2579E-04   
3.8740E-03   -5.2625E-04   
4.2931E-03   -4.2486E-04   
3.5132E-03   -7.7116E-04   
4.6745E-03   -1.6381E-04   
4.8170E-03   -4.6836E-04   
4.4360E-03   -3.0897E-04   
4.6344E-03   -2.2110E-04   
4.3914E-03   -7.1362E-04   
5.0264E-03   -9.7733E-05   
3.6730E-03   -6.3473E-04   
3.8655E-03   -5.7225E-04   
5.3148E-03   -7.1823E-05   
4.5835E-03   -2.8721E-04   
5.1229E-03   -1.0558E-04   
3.6998E-03   -7.2468E-04   
4.7078E-03   -1.8680E-04   
4.9404E-03   -1.2553E-04   
4.6972E-03   -2.3853E-04   
4.0328E-03   -5.6070E-04   
4.8065E-03   -1.3797E-04   
4.2288E-03   -4.9177E-04   
4.5146E-03   -3.7442E-04   
4.8343E-03   -1.8873E-04   
4.5894E-03   -4.0134E-04   
3.7650E-03   -7.5274E-04   
4.3846E-03   -4.8101E-04   
3.8274E-03   -6.4093E-04   
4.1874E-03   -5.5271E-04   
4.9821E-03   -1.4274E-04   
5.2922E-03   -9.6120E-05   
4.7158E-03   -3.9789E-04   
4.5474E-03   -4.6251E-04   
5.0306E-03   -1.5842E-04   
3.8965E-03   -6.8101E-04   
4.1156E-03   -6.2546E-04   
4.9454E-03   -1.9084E-04   
4.9029E-03   -3.5342E-04   
4.5323E-03   -5.1580E-04   
5.2012E-03   -1.3026E-04   
4.9389E-03   -2.1596E-04   
4.8921E-03   -4.0064E-04   
5.2782E-03   -1.3591E-04   
4.7089E-03   -4.7340E-04   
4.7600E-03   -2.5513E-04   
4.6464E-03   -3.0902E-04   
4.7299E-03   -3.2599E-04   
4.9389E-03   -2.7355E-04   
