51 
1844 
3.7814E-02   -6.1445E-03   
3.9248E-02   -3.5825E-03   
4.0229E-02   -2.1202E-03   
4.0898E-02   -1.0423E-03   
9.2839E-38   1.0525E-04   
4.1129E-02   0.0000E+00   
4.1302E-02   -5.4917E-35   
4.1399E-02   -1.5522E-35   
4.1696E-02   5.6234E-36   
4.2015E-02   1.5215E-35   
4.2456E-02   3.9099E-35   
4.3029E-02   5.7260E-35   
4.3487E-02   6.9710E-35   
4.4293E-02   1.0402E-34   
4.4909E-02   1.2224E-34   
4.5588E-02   1.0273E-34   
4.5951E-02   1.5740E-34   
4.6723E-02   2.2338E-34   
4.7557E-02   3.0685E-34   
4.8000E-02   -5.6741E-30   
4.8000E-02   -1.3390E-34   
4.8000E-02   -1.3390E-34   
4.8000E-02   -1.3390E-34   
4.8000E-02   -1.3390E-34   
4.8000E-02   -1.3390E-34   
4.8000E-02   -1.3390E-34   
4.8000E-02   -1.3390E-34   
4.8000E-02   -1.3390E-34   
4.8000E-02   -1.3390E-34   
4.8000E-02   -1.3390E-34   
4.8000E-02   -1.3390E-34   
4.8000E-02   -1.3390E-34   
4.6744E-02   -8.0025E-04   
4.5408E-02   -1.4804E-03   
4.4787E-02   -1.7198E-03   
4.4173E-02   -1.9185E-03   
4.2947E-02   -2.2439E-03   
4.2333E-02   -2.3872E-03   
4.1095E-02   -2.6668E-03   
4.0465E-02   -2.8190E-03   
3.8035E-02   -3.9989E-03   
2.9505E-02   -9.6880E-03   
2.1706E-02   -1.4573E-02   
6.5651E-03   -2.5366E-02   
4.1792E-03   -2.7620E-02   
3.6919E-03   -2.7940E-02   
2.7791E-03   -2.8241E-02   
1.8419E-03   -2.8337E-02   
9.1068E-04   -2.8379E-02   
-8.0843E-38   -2.8390E-02   
3.6299E-34   -2.8087E-02   
3.8176E-34   -2.7797E-02   
3.5681E-34   -2.7400E-02   
3.3473E-34   -2.7162E-02   
2.8719E-34   -2.6750E-02   
2.5626E-34   -2.6485E-02   
2.2404E-34   -2.6153E-02   
1.8954E-34   -2.5756E-02   
1.5555E-34   -2.4594E-02   
3.4051E-02   -5.9291E-03   
4.7444E-02   -1.5391E-05   
4.6868E-02   -4.6413E-05   
4.6047E-02   -1.0064E-04   
4.5379E-02   -1.5197E-04   
4.4726E-02   -2.1895E-04   
4.4015E-02   -2.6137E-04   
4.3450E-02   -2.8125E-04   
4.2728E-02   -3.3972E-04   
4.2032E-02   -3.8393E-04   
4.1346E-02   -4.3396E-04   
4.0679E-02   -4.9766E-04   
3.9993E-02   -6.0713E-04   
3.9272E-02   -8.3647E-04   
3.8257E-02   -1.4201E-03   
3.6975E-02   -2.6704E-03   
3.9217E-02   -2.2859E-03   
3.9606E-02   -9.5873E-04   
4.0157E-02   -4.8410E-04   
4.0701E-02   -3.1314E-04   
4.1242E-02   -2.5708E-04   
4.1770E-02   -2.3889E-04   
4.2412E-02   -2.0615E-04   
4.3012E-02   -1.8493E-04   
4.3583E-02   -1.6087E-04   
4.4162E-02   -1.5872E-04   
4.4828E-02   -1.1838E-04   
4.5469E-02   -8.6099E-05   
4.6100E-02   -6.2403E-05   
4.6783E-02   -2.7451E-05   
4.7383E-02   -6.5940E-06   
4.0808E-02   -5.3286E-04   
4.1016E-02   -1.9470E-04   
4.1266E-02   -1.1566E-04   
4.1670E-02   -8.9584E-05   
4.2086E-02   -8.3659E-05   
4.2621E-02   -8.5691E-05   
4.3119E-02   -8.6827E-05   
4.3631E-02   -8.3509E-05   
4.4312E-02   -6.4426E-05   
4.4891E-02   -4.9348E-05   
4.5554E-02   -3.8843E-05   
4.6217E-02   -2.3592E-05   
4.6874E-02   -1.1006E-05   
4.7487E-02   -8.2273E-07   
4.7333E-02   -3.3973E-05   
4.6699E-02   -9.0646E-05   
4.5925E-02   -1.7754E-04   
4.5232E-02   -2.3322E-04   
4.4611E-02   -3.1957E-04   
4.3857E-02   -3.9135E-04   
4.3117E-02   -4.6083E-04   
4.2423E-02   -5.2083E-04   
4.1693E-02   -6.0214E-04   
4.1013E-02   -6.8388E-04   
4.0136E-02   -8.2720E-04   
3.9193E-02   -1.0499E-03   
3.8275E-02   -1.3657E-03   
3.7098E-02   -1.9801E-03   
3.3782E-02   -4.2103E-03   
1.3349E-02   -1.7658E-02   
4.7278E-02   -6.5239E-05   
4.6729E-02   -1.3506E-04   
4.5790E-02   -2.7052E-04   
4.5178E-02   -3.6043E-04   
4.4455E-02   -4.5223E-04   
4.3578E-02   -5.7836E-04   
4.2827E-02   -6.5137E-04   
4.2094E-02   -7.3775E-04   
4.1212E-02   -8.7536E-04   
4.0372E-02   -1.0408E-03   
3.9486E-02   -1.2400E-03   
3.8592E-02   -1.4507E-03   
3.7453E-02   -1.9089E-03   
3.5000E-02   -3.3069E-03   
2.1837E-02   -1.1968E-02   
2.2857E-03   -2.5185E-02   
4.7473E-02   -6.5126E-05   
4.6457E-02   -2.3670E-04   
4.5883E-02   -3.3175E-04   
4.5177E-02   -4.6765E-04   
4.4133E-02   -6.4248E-04   
4.3388E-02   -7.6559E-04   
4.2627E-02   -8.7093E-04   
4.1711E-02   -1.0263E-03   
4.0867E-02   -1.1945E-03   
3.9977E-02   -1.3593E-03   
3.9123E-02   -1.5548E-03   
3.8079E-02   -1.8542E-03   
3.5503E-02   -3.2845E-03   
2.7359E-02   -8.6481E-03   
8.1695E-03   -2.1883E-02   
1.2508E-03   -2.6267E-02   
4.7134E-02   -1.6125E-04   
4.6524E-02   -3.0162E-04   
4.5785E-02   -4.7653E-04   
4.5040E-02   -6.4915E-04   
4.3972E-02   -8.5452E-04   
4.3124E-02   -9.8527E-04   
4.2236E-02   -1.1734E-03   
4.1380E-02   -1.3541E-03   
4.0404E-02   -1.5147E-03   
3.9608E-02   -1.6796E-03   
3.8728E-02   -1.9491E-03   
3.6983E-02   -2.7379E-03   
2.9573E-02   -7.5651E-03   
1.3301E-02   -1.9026E-02   
2.5636E-03   -2.6244E-02   
1.0577E-03   -2.6709E-02   
4.7300E-02   -1.9870E-04   
4.6453E-02   -4.5376E-04   
4.5766E-02   -6.2002E-04   
4.4681E-02   -8.9906E-04   
4.3721E-02   -1.1399E-03   
4.2883E-02   -1.2820E-03   
4.1825E-02   -1.4948E-03   
4.1023E-02   -1.6628E-03   
4.0008E-02   -1.8490E-03   
3.9102E-02   -2.0812E-03   
3.7889E-02   -2.5744E-03   
3.3672E-02   -5.1416E-03   
2.1137E-02   -1.3955E-02   
5.4238E-03   -2.5138E-02   
2.1246E-03   -2.6931E-02   
9.5580E-04   -2.7059E-02   
4.7170E-02   -2.9057E-04   
4.6229E-02   -6.1301E-04   
4.5573E-02   -8.0462E-04   
4.4291E-02   -1.1881E-03   
4.3520E-02   -1.3734E-03   
4.2636E-02   -1.5880E-03   
4.1679E-02   -1.7601E-03   
4.0689E-02   -1.9774E-03   
3.9569E-02   -2.2296E-03   
3.8601E-02   -2.5599E-03   
3.5318E-02   -4.5975E-03   
2.6754E-02   -1.0516E-02   
8.9250E-03   -2.3564E-02   
3.7282E-03   -2.6775E-02   
2.0202E-03   -2.7355E-02   
1.0079E-03   -2.7388E-02   
4.7208E-02   -3.8815E-04   
4.6388E-02   -7.4688E-04   
4.5303E-02   -1.1064E-03   
4.4349E-02   -1.4345E-03   
4.3335E-02   -1.6118E-03   
4.2338E-02   -1.8307E-03   
4.1375E-02   -2.0636E-03   
4.0400E-02   -2.3053E-03   
3.9400E-02   -2.5302E-03   
3.6609E-02   -4.0343E-03   
2.8711E-02   -9.5011E-03   
1.3985E-02   -2.0415E-02   
5.1840E-03   -2.6456E-02   
3.0192E-03   -2.7561E-02   
1.9648E-03   -2.7683E-02   
1.0925E-03   -2.7703E-02   
4.6873E-02   -6.8043E-04   
4.5906E-02   -1.1657E-03   
4.5126E-02   -1.4002E-03   
4.3860E-02   -1.7693E-03   
4.3077E-02   -1.9526E-03   
4.1971E-02   -2.2031E-03   
4.0990E-02   -2.4488E-03   
4.0119E-02   -2.6288E-03   
3.8391E-02   -3.3950E-03   
3.2168E-02   -7.2317E-03   
2.2118E-02   -1.4313E-02   
7.5198E-03   -2.5278E-02   
4.1046E-03   -2.7613E-02   
2.9274E-03   -2.7904E-02   
1.9536E-03   -2.8000E-02   
8.7917E-04   -2.8100E-02   
1.0845E-02   -4.7830E-04   
2.0336E-02   -1.8492E-03   
2.8595E-02   -3.3708E-03   
3.3179E-02   -4.8596E-03   
3.5572E-02   -5.9362E-03   
3.6817E-02   -6.4917E-03   
3.7386E-02   -6.3621E-03   
3.8098E-02   -5.8077E-03   
3.8300E-02   -5.4175E-03   
3.8478E-02   -5.0411E-03   
3.8645E-02   -4.6954E-03   
3.8804E-02   -4.3799E-03   
3.8958E-02   -4.0914E-03   
3.9106E-02   -3.8265E-03   
3.9385E-02   -3.3569E-03   
3.9518E-02   -3.1474E-03   
3.9647E-02   -2.9518E-03   
3.9772E-02   -2.7686E-03   
3.9893E-02   -2.5950E-03   
4.0010E-02   -2.4298E-03   
4.0122E-02   -2.2718E-03   
4.0332E-02   -1.9738E-03   
4.0430E-02   -1.8317E-03   
4.0522E-02   -1.6933E-03   
4.0609E-02   -1.5579E-03   
4.0690E-02   -1.4252E-03   
4.0766E-02   -1.2950E-03   
4.0835E-02   -1.1673E-03   
4.0955E-02   -9.1725E-04   
4.1005E-02   -7.9164E-04   
4.1046E-02   -6.6540E-04   
4.1075E-02   -5.3448E-04   
4.1109E-02   -4.0566E-04   
4.1118E-02   -2.7303E-04   
4.1137E-02   -1.3885E-04   
4.1203E-02   -1.8286E-34   
4.1239E-02   -1.8422E-34   
4.1263E-02   -1.4321E-34   
4.1280E-02   -8.1823E-35   
4.1292E-02   -6.6902E-35   
4.1313E-02   -4.4634E-35   
4.1327E-02   -3.5747E-35   
4.1345E-02   -2.8059E-35   
4.1368E-02   -2.1373E-35   
4.1439E-02   -1.0375E-35   
4.1487E-02   -5.8338E-36   
4.1546E-02   -1.7898E-36   
4.1615E-02   1.9757E-36   
4.1790E-02   8.9353E-36   
4.1896E-02   1.2140E-35   
4.2148E-02   1.8448E-35   
4.2295E-02   2.1639E-35   
4.2632E-02   4.1782E-35   
4.2823E-02   3.2228E-35   
4.3250E-02   6.1508E-35   
4.3740E-02   7.9341E-35   
4.4008E-02   8.8735E-35   
4.4593E-02   1.0447E-34   
4.5241E-02   1.3535E-34   
4.6330E-02   1.9077E-34   
4.7132E-02   1.8952E-34   
4.8000E-02   -1.3390E-34   
4.8000E-02   -1.3390E-34   
4.8000E-02   -1.3390E-34   
4.8000E-02   -1.3390E-34   
4.8000E-02   -1.3390E-34   
4.6052E-02   -1.1845E-03   
4.3560E-02   -2.0898E-03   
4.1716E-02   -2.5261E-03   
3.9762E-02   -3.0327E-03   
3.4891E-02   -5.9873E-03   
1.2718E-02   -2.0886E-02   
4.8155E-03   -2.6918E-02   
3.2388E-03   -2.8140E-02   
2.3114E-03   -2.8298E-02   
1.3740E-03   -2.8362E-02   
4.5281E-04   -2.8389E-02   
2.6896E-34   -2.8237E-02   
3.7747E-34   -2.7940E-02   
3.6933E-34   -2.7660E-02   
5.3717E-34   -2.7527E-02   
5.3704E-34   -2.7278E-02   
3.2487E-34   -2.7052E-02   
3.1395E-34   -2.6946E-02   
2.9994E-34   -2.6846E-02   
2.7637E-34   -2.6658E-02   
2.6593E-34   -2.6570E-02   
2.4787E-34   -2.6402E-02   
2.3971E-34   -2.6318E-02   
2.3135E-34   -2.6235E-02   
2.1782E-34   -2.6073E-02   
2.1131E-34   -2.5992E-02   
2.0408E-34   -2.5913E-02   
1.9666E-34   -2.5835E-02   
1.8347E-34   -2.5667E-02   
1.7761E-34   -2.5557E-02   
1.7241E-34   -2.5416E-02   
1.6722E-34   -2.5229E-02   
1.6142E-34   -2.4971E-02   
1.4924E-34   -2.4024E-02   
1.4256E-34   -2.3152E-02   
1.3568E-34   -2.1845E-02   
1.2924E-34   -1.9981E-02   
1.2308E-34   -1.7428E-02   
1.7846E-34   -1.3987E-02   
1.6133E-34   -9.8901E-03   
1.1774E-34   -5.0199E-03   
3.8273E-02   -4.7277E-03   
3.9443E-02   -2.9148E-03   
3.9849E-02   -2.3828E-03   
3.8647E-02   -4.0940E-03   
4.0790E-02   -1.1369E-03   
3.7619E-02   -5.9160E-03   
3.1086E-02   -6.0578E-03   
4.0529E-02   -1.5141E-03   
4.1043E-02   -6.6391E-04   
4.0214E-02   -1.9245E-03   
3.8987E-02   -3.5644E-03   
4.0931E-02   -8.9781E-04   
3.9146E-02   -3.3313E-03   
3.7304E-02   -6.2923E-03   
4.0099E-02   -2.0710E-03   
4.0623E-02   -1.3853E-03   
4.1172E-02   -1.9271E-04   
1.4412E-02   -5.0025E-03   
3.6845E-02   -6.5571E-03   
3.9583E-02   -2.7276E-03   
3.9716E-02   -2.5503E-03   
4.0863E-02   -1.0166E-03   
3.4621E-02   -6.4510E-03   
4.1088E-02   -5.4395E-04   
2.4050E-02   -5.9946E-03   
3.6257E-02   -6.7393E-03   
4.0710E-02   -1.2597E-03   
4.0991E-02   -7.8017E-04   
3.7859E-02   -5.4941E-03   
4.0430E-02   -1.6467E-03   
4.0325E-02   -1.7833E-03   
3.8821E-02   -3.8179E-03   
3.8072E-02   -5.0934E-03   
3.8465E-02   -4.3963E-03   
3.9298E-02   -3.1157E-03   
3.9977E-02   -2.2235E-03   
7.8260E-03   -1.5491E-02   
6.3021E-03   -1.8287E-02   
4.8762E-03   -2.0500E-02   
3.6195E-03   -2.2144E-02   
2.5910E-03   -2.3297E-02   
1.8269E-03   -2.4084E-02   
1.2954E-03   -2.4617E-02   
9.4161E-04   -2.4982E-02   
7.0807E-04   -2.5238E-02   
4.1245E-02   -1.0020E-04   
5.4992E-04   -2.5424E-02   
4.1264E-02   -8.2569E-05   
4.3745E-04   -2.5564E-02   
4.1277E-02   -6.9180E-05   
3.5554E-04   -2.5675E-02   
4.1287E-02   -5.7849E-05   
2.9880E-04   -2.5768E-02   
4.1297E-02   -4.8547E-05   
2.6293E-04   -2.5853E-02   
4.1309E-02   -4.0908E-05   
2.4121E-04   -2.5937E-02   
4.1324E-02   -3.4746E-05   
2.2786E-04   -2.6022E-02   
4.1345E-02   -2.9896E-05   
2.2260E-04   -2.6106E-02   
4.1372E-02   -2.6184E-05   
2.2316E-04   -2.6189E-02   
4.1407E-02   -2.3431E-05   
2.2686E-04   -2.6273E-02   
4.1451E-02   -2.1532E-05   
2.2824E-04   -2.6356E-02   
4.1505E-02   -2.0382E-05   
2.2979E-04   -2.6440E-02   
4.1569E-02   -1.9835E-05   
2.3527E-04   -2.6525E-02   
4.1645E-02   -1.9708E-05   
2.4501E-04   -2.6613E-02   
4.1733E-02   -1.9773E-05   
2.5519E-04   -2.6704E-02   
4.1832E-02   -2.0487E-05   
2.6489E-04   -2.6797E-02   
4.1944E-02   -2.1440E-05   
2.7503E-04   -2.6894E-02   
4.2068E-02   -2.2878E-05   
2.8860E-04   -2.6995E-02   
4.2207E-02   -2.4203E-05   
3.0471E-04   -2.7101E-02   
4.2361E-02   -2.5204E-05   
3.1459E-04   -2.7213E-02   
4.2529E-02   -2.6241E-05   
3.2470E-04   -2.7330E-02   
4.2714E-02   -2.7111E-05   
3.5010E-04   -2.7454E-02   
4.2917E-02   -2.7446E-05   
3.6627E-04   -2.7588E-02   
4.3130E-02   -2.6593E-05   
3.7089E-04   -2.7726E-02   
4.3355E-02   -2.7757E-05   
3.8749E-04   -2.7869E-02   
4.3599E-02   -2.7522E-05   
4.1326E-04   -2.8021E-02   
3.8705E-02   -3.5563E-03   
4.0208E-02   -1.7393E-03   
4.0642E-02   -1.2254E-03   
3.7876E-02   -4.7799E-03   
4.1171E-02   -2.8839E-04   
2.6620E-02   -8.4355E-03   
3.9521E-02   -2.5117E-03   
4.1081E-02   -5.4438E-04   
3.5250E-02   -7.2121E-03   
3.7118E-02   -6.0500E-03   
3.6767E-02   -6.4669E-03   
3.9953E-02   -2.0269E-03   
3.9060E-02   -3.0906E-03   
4.0895E-02   -8.7786E-04   
4.0964E-02   -7.6626E-04   
3.9222E-02   -2.8838E-03   
3.9813E-02   -2.1792E-03   
4.0733E-02   -1.1069E-03   
4.0543E-02   -1.3474E-03   
3.8100E-02   -4.4292E-03   
3.7390E-02   -5.5947E-03   
1.8400E-02   -9.2730E-03   
3.8313E-02   -4.1109E-03   
3.9372E-02   -2.6952E-03   
3.9666E-02   -2.3398E-03   
4.0818E-02   -9.9130E-04   
4.1026E-02   -6.5570E-04   
3.8514E-02   -3.8212E-03   
4.0326E-02   -1.6039E-03   
3.6264E-02   -6.7798E-03   
3.7640E-02   -5.1678E-03   
4.0438E-02   -1.4734E-03   
4.1131E-02   -4.2653E-04   
3.2327E-02   -7.5614E-03   
4.0084E-02   -1.8806E-03   
3.8887E-02   -3.3141E-03   
8.7072E-03   -1.1946E-02   
1.3920E-02   -1.5510E-02   
1.1531E-02   -1.7953E-02   
9.0064E-03   -1.9991E-02   
6.6855E-03   -2.1578E-02   
4.8758E-03   -2.2761E-02   
3.5332E-03   -2.3631E-02   
2.5649E-03   -2.4264E-02   
4.1216E-02   -1.3165E-04   
1.8803E-03   -2.4719E-02   
1.4017E-03   -2.5046E-02   
4.1230E-02   -1.7703E-04   
1.0688E-03   -2.5284E-02   
4.1243E-02   -1.5116E-04   
8.3857E-04   -2.5466E-02   
4.1253E-02   -1.2603E-04   
6.8288E-04   -2.5610E-02   
4.1262E-02   -1.0567E-04   
5.8297E-04   -2.5730E-02   
4.1272E-02   -8.9117E-05   
5.2368E-04   -2.5836E-02   
4.1284E-02   -7.5568E-05   
4.9125E-04   -2.5934E-02   
4.1302E-02   -6.4746E-05   
4.7096E-04   -2.6031E-02   
4.1325E-02   -5.6408E-05   
4.6081E-04   -2.6124E-02   
4.1356E-02   -5.0178E-05   
4.5870E-04   -2.6213E-02   
4.1395E-02   -4.5561E-05   
4.5849E-04   -2.6297E-02   
4.1445E-02   -4.2599E-05   
4.6210E-04   -2.6382E-02   
4.1504E-02   -4.1122E-05   
4.6979E-04   -2.6470E-02   
4.1575E-02   -4.0696E-05   
4.8400E-04   -2.6561E-02   
4.1658E-02   -4.0443E-05   
5.0088E-04   -2.6652E-02   
4.1753E-02   -4.0268E-05   
5.1969E-04   -2.6744E-02   
4.1854E-02   -4.2717E-05   
5.3663E-04   -2.6839E-02   
4.1969E-02   -4.4489E-05   
5.5108E-04   -2.6936E-02   
4.2097E-02   -4.8649E-05   
5.8838E-04   -2.7035E-02   
4.2244E-02   -5.0413E-05   
6.2365E-04   -2.7144E-02   
4.2406E-02   -5.2209E-05   
6.2821E-04   -2.7259E-02   
4.2583E-02   -5.4246E-05   
6.6116E-04   -2.7373E-02   
4.2783E-02   -5.5692E-05   
7.5920E-04   -2.7503E-02   
4.3004E-02   -5.5212E-05   
7.3615E-04   -2.7649E-02   
4.3210E-02   -5.0899E-05   
7.5385E-04   -2.7787E-02   
4.3429E-02   -6.1088E-05   
7.9723E-04   -2.7930E-02   
4.3859E-02   -2.8977E-05   
3.9466E-02   -2.3029E-03   
3.9633E-02   -2.1367E-03   
3.8993E-02   -2.8662E-03   
3.9792E-02   -1.9865E-03   
3.8808E-02   -3.0762E-03   
3.6577E-02   -6.2167E-03   
3.6896E-02   -5.7238E-03   
3.7189E-02   -5.2672E-03   
3.7461E-02   -4.8539E-03   
3.7717E-02   -4.4817E-03   
3.6155E-02   -6.6824E-03   
3.7959E-02   -4.1445E-03   
3.8612E-02   -3.3073E-03   
3.9940E-02   -1.8418E-03   
3.8188E-02   -3.8387E-03   
3.8406E-02   -3.5608E-03   
3.5140E-02   -7.2625E-03   
4.0079E-02   -1.7009E-03   
4.0849E-02   -8.5766E-04   
4.0928E-02   -7.5127E-04   
4.0998E-02   -6.4776E-04   
4.0761E-02   -9.6655E-04   
3.2746E-02   -8.4288E-03   
4.0210E-02   -1.5656E-03   
4.0666E-02   -1.0781E-03   
4.0452E-02   -1.3121E-03   
4.0334E-02   -1.4362E-03   
4.0563E-02   -1.1931E-03   
2.7550E-02   -9.8345E-03   
2.2744E-02   -1.0699E-02   
4.1061E-02   -5.4448E-04   
4.1118E-02   -4.3821E-04   
4.1168E-02   -3.2937E-04   
1.6199E-02   -1.3016E-02   
1.6224E-02   -1.6764E-02   
1.2493E-02   -1.8765E-02   
9.5659E-03   -2.0394E-02   
7.2711E-03   -2.1690E-02   
5.4774E-03   -2.2720E-02   
4.0946E-03   -2.3524E-02   
4.1209E-02   -2.1245E-04   
3.0539E-03   -2.4141E-02   
2.2909E-03   -2.4611E-02   
4.1190E-02   -2.5509E-04   
1.7437E-03   -2.4967E-02   
4.1202E-02   -2.0732E-04   
1.3620E-03   -2.5243E-02   
4.1210E-02   -1.7325E-04   
1.1031E-03   -2.5461E-02   
4.1217E-02   -1.4604E-04   
9.3424E-04   -2.5637E-02   
4.1226E-02   -1.2406E-04   
8.4014E-04   -2.5776E-02   
4.1240E-02   -1.0585E-04   
8.0258E-04   -2.5891E-02   
4.1260E-02   -9.1860E-05   
7.6122E-04   -2.6009E-02   
4.1285E-02   -8.1665E-05   
7.2800E-04   -2.6120E-02   
4.1320E-02   -7.3665E-05   
7.0686E-04   -2.6215E-02   
4.1365E-02   -6.7812E-05   
7.0305E-04   -2.6306E-02   
4.1419E-02   -6.4970E-05   
7.1317E-04   -2.6396E-02   
4.1484E-02   -6.4117E-05   
7.3132E-04   -2.6492E-02   
4.1564E-02   -6.3652E-05   
7.4889E-04   -2.6588E-02   
4.1661E-02   -6.2835E-05   
7.6834E-04   -2.6684E-02   
4.1760E-02   -6.0247E-05   
7.9139E-04   -2.6783E-02   
4.1846E-02   -6.9981E-05   
8.0430E-04   -2.6882E-02   
7.9374E-04   -2.6970E-02   
9.4333E-04   -2.7194E-02   
4.2425E-02   -8.2009E-05   
1.0756E-03   -2.7580E-02   
1.1346E-03   -2.7832E-02   
4.2844E-02   -8.7129E-05   
4.4149E-02   -3.0463E-05   
4.1031E-02   -5.4474E-04   
4.1093E-02   -4.4686E-04   
4.1152E-02   -3.4614E-04   
3.9117E-02   -2.5011E-03   
3.8946E-02   -2.6558E-03   
3.5926E-02   -6.4344E-03   
3.4924E-02   -7.1925E-03   
3.7321E-02   -4.5556E-03   
3.6343E-02   -5.8860E-03   
3.7593E-02   -4.1970E-03   
3.6700E-02   -5.3957E-03   
3.8752E-02   -2.8506E-03   
3.9787E-02   -1.8104E-03   
3.7025E-02   -4.9538E-03   
4.0794E-02   -8.3695E-04   
4.0695E-02   -9.4242E-04   
3.7849E-02   -3.8727E-03   
3.8092E-02   -3.5788E-03   
4.0350E-02   -1.2801E-03   
4.0473E-02   -1.1631E-03   
4.0885E-02   -7.3359E-04   
3.2115E-02   -8.6783E-03   
4.0963E-02   -6.3801E-04   
3.8543E-02   -3.0702E-03   
4.0220E-02   -1.4033E-03   
3.8324E-02   -3.3125E-03   
4.0588E-02   -1.0509E-03   
3.9938E-02   -1.6685E-03   
4.0083E-02   -1.5329E-03   
1.9111E-02   -1.5263E-02   
1.5464E-02   -1.7218E-02   
1.2479E-02   -1.8810E-02   
9.9485E-03   -2.0185E-02   
7.8188E-03   -2.1365E-02   
6.0727E-03   -2.2363E-02   
4.6821E-03   -2.3187E-02   
3.6035E-03   -2.3852E-02   
4.1194E-02   -2.6296E-04   
4.1138E-02   -3.0177E-04   
2.7940E-03   -2.4388E-02   
4.1143E-02   -2.5399E-04   
2.1981E-03   -2.4816E-02   
4.1148E-02   -2.1326E-04   
1.7649E-03   -2.5159E-02   
4.1153E-02   -1.8134E-04   
1.4640E-03   -2.5428E-02   
4.1161E-02   -1.5557E-04   
1.2872E-03   -2.5625E-02   
4.1179E-02   -1.3318E-04   
1.2645E-03   -2.5753E-02   
4.1199E-02   -1.1892E-04   
1.1174E-03   -2.5936E-02   
4.1225E-02   -1.0778E-04   
1.0378E-03   -2.6067E-02   
4.1268E-02   -9.8061E-05   
9.9162E-04   -2.6191E-02   
4.1319E-02   -9.1517E-05   
9.9912E-04   -2.6393E-02   
1.0666E-03   -2.6938E-02   
4.1443E-02   -9.0964E-05   
1.0238E-03   -2.6493E-02   
1.0372E-03   -2.6599E-02   
1.0834E-03   -2.6824E-02   
4.1981E-02   -6.7349E-05   
4.2278E-02   -7.6044E-05   
4.2430E-02   -1.1789E-04   
4.1540E-02   -9.0564E-05   
1.4946E-03   -2.7735E-02   
4.2644E-02   -1.2110E-04   
1.1182E-03   -2.7479E-02   
4.1764E-02   -1.0176E-04   
1.2973E-03   -2.7134E-02   
4.1122E-02   -3.6383E-04   
4.1054E-02   -4.6146E-04   
4.0994E-02   -5.4762E-04   
3.9480E-02   -1.9189E-03   
3.9449E-02   -2.0970E-03   
3.9623E-02   -1.7865E-03   
3.8727E-02   -2.6360E-03   
4.0831E-02   -7.1670E-04   
3.5682E-02   -6.0863E-03   
4.0925E-02   -6.1735E-04   
3.4683E-02   -6.9242E-03   
3.1939E-02   -8.5891E-03   
3.6162E-02   -5.5483E-03   
3.7215E-02   -4.2715E-03   
3.6901E-02   -4.6580E-03   
3.8500E-02   -2.8444E-03   
3.6554E-02   -5.0803E-03   
3.7502E-02   -3.9247E-03   
3.9786E-02   -1.6434E-03   
4.0373E-02   -1.1362E-03   
4.0728E-02   -8.1797E-04   
3.7769E-02   -3.6128E-03   
4.0500E-02   -1.0260E-03   
4.0618E-02   -9.2045E-04   
4.0238E-02   -1.2526E-03   
3.8024E-02   -3.3307E-03   
3.8268E-02   -3.0757E-03   
4.0095E-02   -1.3759E-03   
3.9944E-02   -1.5064E-03   
2.3952E-02   -1.2860E-02   
2.1305E-02   -1.4041E-02   
1.8337E-02   -1.5495E-02   
1.5534E-02   -1.6943E-02   
1.2945E-02   -1.8323E-02   
1.0630E-02   -1.9609E-02   
8.6171E-03   -2.0773E-02   
6.9109E-03   -2.1795E-02   
5.5215E-03   -2.2678E-02   
4.1057E-02   -3.5700E-04   
4.4153E-03   -2.3420E-02   
4.1066E-02   -2.9199E-04   
3.5544E-03   -2.4031E-02   
2.8737E-03   -2.4544E-02   
4.1068E-02   -2.4829E-04   
4.1069E-02   -2.1434E-04   
2.3060E-03   -2.4985E-02   
4.1071E-02   -1.8746E-04   
1.6950E-03   -2.5609E-02   
4.1104E-02   -1.5305E-04   
1.5795E-03   -2.5759E-02   
4.1203E-02   -1.2434E-04   
4.1149E-02   -1.3545E-04   
1.4697E-03   -2.5946E-02   
1.3881E-03   -2.6320E-02   
9.7214E-04   -2.6300E-02   
1.3716E-03   -2.6457E-02   
1.3847E-03   -2.6584E-02   
1.3821E-03   -2.7521E-02   
1.3536E-03   -2.7406E-02   
1.4106E-03   -2.6717E-02   
4.1386E-02   -1.2368E-04   
4.1903E-02   -9.3130E-05   
4.1614E-02   -1.2919E-04   
4.2216E-02   -1.1134E-04   
4.1495E-02   -1.2377E-04   
4.1374E-02   -9.0928E-05   
1.4487E-03   -2.6858E-02   
1.2542E-03   -2.7278E-02   
1.3508E-03   -2.7006E-02   
4.2871E-02   -1.2332E-04   
1.4365E-03   -2.7865E-02   
1.3450E-03   -2.7626E-02   
4.2428E-02   -1.5875E-04   
3.9260E-02   -2.0078E-03   
4.1074E-02   -3.9240E-04   
4.0869E-02   -6.0606E-04   
3.5546E-02   -5.7259E-03   
4.0763E-02   -7.0551E-04   
3.4606E-02   -6.4678E-03   
2.8025E-02   -1.0521E-02   
3.8481E-02   -2.6252E-03   
3.6810E-02   -4.3747E-03   
3.6448E-02   -4.7878E-03   
3.6053E-02   -5.2296E-03   
3.9623E-02   -1.6327E-03   
3.7139E-02   -3.9993E-03   
4.0402E-02   -1.0041E-03   
3.7440E-02   -3.6634E-03   
4.0532E-02   -9.0101E-04   
4.0651E-02   -8.0220E-04   
4.0263E-02   -1.1136E-03   
3.7718E-02   -3.3636E-03   
3.8235E-02   -2.8490E-03   
3.9794E-02   -1.4884E-03   
4.0115E-02   -1.2304E-03   
3.7983E-02   -3.0937E-03   
3.9959E-02   -1.3553E-03   
2.6574E-02   -1.1067E-02   
2.4093E-02   -1.2162E-02   
3.8985E-02   -2.2184E-03   
2.1473E-02   -1.3462E-02   
3.8729E-02   -2.4165E-03   
1.8815E-02   -1.4816E-02   
1.6287E-02   -1.6174E-02   
1.3917E-02   -1.7501E-02   
1.1733E-02   -1.8764E-02   
9.8079E-03   -1.9951E-02   
8.1426E-03   -2.1016E-02   
2.7314E-03   -2.5003E-02   
4.0978E-02   -3.7588E-04   
6.7521E-03   -2.1943E-02   
5.6002E-03   -2.2749E-02   
4.0977E-02   -3.2409E-04   
4.5913E-03   -2.3492E-02   
4.0972E-02   -2.8259E-04   
4.0966E-02   -2.5066E-04   
1.9379E-03   -2.5294E-02   
4.1013E-02   -1.8063E-04   
2.4235E-03   -2.5355E-02   
1.7220E-03   -2.6051E-02   
4.1782E-02   -1.3358E-04   
4.1424E-02   -1.6457E-04   
4.1132E-02   -1.5466E-04   
1.8402E-03   -2.6347E-02   
4.1062E-02   -1.6577E-04   
1.8630E-03   -2.6496E-02   
1.3430E-03   -2.6132E-02   
1.6702E-03   -2.7587E-02   
1.8483E-03   -2.6646E-02   
4.1991E-02   -1.2663E-04   
1.6601E-03   -2.7073E-02   
1.6253E-03   -2.7200E-02   
4.1284E-02   -1.2659E-04   
1.7013E-03   -2.7450E-02   
1.8602E-03   -2.6190E-02   
4.1315E-02   -1.6200E-04   
4.2651E-02   -1.6148E-04   
4.2225E-02   -1.5362E-04   
4.0890E-02   -5.1870E-04   
4.0790E-02   -6.0960E-04   
4.0984E-02   -4.8665E-04   
3.2706E-02   -7.2850E-03   
3.5560E-02   -5.3933E-03   
3.9442E-02   -1.6311E-03   
3.6368E-02   -4.5093E-03   
4.0681E-02   -6.9940E-04   
3.5947E-02   -4.9580E-03   
3.6749E-02   -4.1019E-03   
2.4960E-02   -1.2273E-02   
3.7092E-02   -3.7377E-03   
3.8227E-02   -2.6313E-03   
4.0295E-02   -9.8628E-04   
4.0563E-02   -7.9097E-04   
4.0434E-02   -8.8584E-04   
3.9631E-02   -1.4798E-03   
3.7406E-02   -3.4134E-03   
4.0143E-02   -1.0963E-03   
3.7694E-02   -3.1255E-03   
3.7967E-02   -2.8669E-03   
3.9811E-02   -1.3419E-03   
3.9981E-02   -1.2148E-03   
3.8488E-02   -2.4116E-03   
2.9260E-02   -9.1895E-03   
2.7049E-02   -1.0211E-02   
2.4543E-02   -1.1404E-02   
3.1771E-02   -8.2273E-03   
2.2168E-02   -1.2617E-02   
3.8748E-02   -2.2039E-03   
3.9005E-02   -2.0034E-03   
1.9840E-02   -1.3854E-02   
4.0963E-02   -4.3670E-04   
3.9238E-02   -1.8101E-03   
1.7549E-02   -1.5114E-02   
1.5388E-02   -1.6404E-02   
1.1501E-02   -1.8840E-02   
4.0886E-02   -4.0514E-04   
9.8885E-03   -1.9920E-02   
8.5225E-03   -2.0884E-02   
4.0869E-02   -3.6064E-04   
4.0857E-02   -3.1996E-04   
4.5865E-03   -2.3698E-02   
2.1709E-03   -2.5660E-02   
4.0901E-02   -2.1563E-04   
4.1219E-02   -1.6260E-04   
2.5118E-03   -2.6098E-02   
3.4549E-03   -2.4337E-02   
4.1541E-02   -1.7156E-04   
4.5629E-03   -2.3865E-02   
4.1223E-02   -2.0732E-04   
1.9862E-03   -2.6011E-02   
1.9882E-03   -2.7134E-02   
2.4982E-03   -2.5933E-02   
1.9166E-03   -2.6744E-02   
4.1137E-02   -1.6841E-04   
4.2057E-02   -1.5050E-04   
4.0948E-02   -2.0466E-04   
1.7525E-03   -2.6917E-02   
1.6459E-03   -2.7325E-02   
4.2197E-02   -2.0023E-04   
4.2862E-02   -1.6124E-04   
1.7739E-03   -2.7841E-02   
2.1245E-03   -2.7505E-02   
4.1942E-02   -1.0733E-04   
4.0702E-02   -6.1414E-04   
3.5263E-02   -5.2452E-03   
3.8241E-02   -2.4228E-03   
3.5868E-02   -4.6837E-03   
3.6321E-02   -4.2344E-03   
4.0589E-02   -6.9924E-04   
3.6716E-02   -3.8386E-03   
3.9456E-02   -1.4805E-03   
4.0332E-02   -8.7207E-04   
4.0469E-02   -7.8375E-04   
3.7073E-02   -3.4868E-03   
4.0178E-02   -9.7353E-04   
3.7972E-02   -2.6505E-03   
3.7399E-02   -3.1747E-03   
3.9652E-02   -1.3371E-03   
3.7695E-02   -2.8982E-03   
4.0013E-02   -1.0849E-03   
3.9837E-02   -1.2061E-03   
3.1901E-02   -7.4484E-03   
2.9210E-02   -8.6617E-03   
4.0893E-02   -4.5504E-04   
2.7316E-02   -9.5428E-03   
3.9019E-02   -1.8167E-03   
3.8509E-02   -2.2087E-03   
3.9246E-02   -1.6401E-03   
2.5392E-02   -1.0472E-02   
2.3366E-02   -1.1492E-02   
3.8771E-02   -2.0071E-03   
2.1380E-02   -1.2621E-02   
1.9389E-02   -1.3775E-02   
1.7454E-02   -1.4951E-02   
4.0846E-02   -2.8872E-04   
1.5672E-02   -1.6088E-02   
7.1868E-03   -2.1847E-02   
1.4177E-02   -1.7081E-02   
4.0758E-02   -4.5591E-04   
4.1044E-02   -2.0540E-04   
4.0741E-02   -4.0104E-04   
4.1475E-03   -2.4280E-02   
2.7536E-03   -2.5485E-02   
4.0865E-02   -2.3316E-04   
5.4528E-03   -2.3185E-02   
4.0991E-02   -2.0402E-04   
3.7427E-03   -2.5191E-02   
2.3533E-03   -2.6650E-02   
2.6503E-03   -2.5688E-02   
2.3058E-03   -2.6528E-02   
4.0765E-02   -2.6014E-04   
4.1834E-02   -1.7763E-04   
2.5778E-03   -2.6917E-02   
4.2008E-02   -1.9232E-04   
1.9182E-03   -2.7249E-02   
4.2152E-02   -2.5433E-04   
2.2171E-03   -2.7803E-02   
4.2676E-02   -2.0985E-04   
4.3093E-02   -1.3362E-04   
2.4496E-03   -2.7635E-02   
4.1634E-02   -1.8771E-04   
4.0720E-02   -5.3950E-04   
3.4645E-02   -5.9953E-03   
3.5313E-02   -4.8783E-03   
3.5849E-02   -4.3934E-03   
3.7996E-02   -2.4456E-03   
3.6306E-02   -3.9661E-03   
4.0503E-02   -7.0367E-04   
4.0381E-02   -7.6742E-04   
3.6714E-02   -3.5858E-03   
3.2212E-02   -6.9082E-03   
4.0223E-02   -8.5987E-04   
3.9482E-02   -1.3390E-03   
3.7083E-02   -3.2474E-03   
3.7717E-02   -2.6827E-03   
4.0053E-02   -9.6488E-04   
3.7417E-02   -2.9475E-03   
3.9682E-02   -1.2033E-03   
3.9872E-02   -1.0791E-03   
3.1191E-02   -7.2530E-03   
3.8271E-02   -2.2254E-03   
3.9042E-02   -1.6502E-03   
3.9269E-02   -1.4877E-03   
2.9882E-02   -7.7702E-03   
3.8798E-02   -1.8282E-03   
2.8266E-02   -8.4866E-03   
2.6702E-02   -9.3134E-03   
3.8540E-02   -2.0198E-03   
4.0814E-02   -4.7619E-04   
2.1790E-02   -1.2073E-02   
2.5062E-02   -1.0174E-02   
4.0724E-02   -3.6224E-04   
2.3415E-02   -1.1099E-02   
4.0953E-02   -2.3392E-04   
8.7984E-03   -2.0871E-02   
1.2969E-02   -1.7901E-02   
8.2644E-03   -2.1303E-02   
2.0366E-02   -1.2960E-02   
4.0619E-02   -4.9020E-04   
4.0806E-02   -2.5407E-04   
4.0729E-02   -2.7427E-04   
6.9848E-03   -2.2280E-02   
4.3776E-03   -2.4621E-02   
3.1310E-03   -2.6070E-02   
4.1955E-02   -2.4641E-04   
4.0854E-02   -2.5390E-04   
4.8665E-03   -2.4116E-02   
4.1436E-02   -2.2276E-04   
2.9076E-03   -2.6559E-02   
4.1557E-02   -2.4075E-04   
2.3376E-03   -2.7204E-02   
4.0195E-03   -2.4530E-02   
4.2373E-02   -2.6132E-04   
4.1124E-02   -2.0573E-04   
4.3358E-02   -1.0403E-04   
2.6469E-03   -2.7476E-02   
3.3637E-02   -5.8884E-03   
4.0602E-02   -6.2495E-04   
3.5312E-02   -4.5820E-03   
3.5862E-02   -4.1152E-03   
3.6330E-02   -3.7077E-03   
3.7755E-02   -2.4795E-03   
4.0466E-02   -6.5537E-04   
3.4630E-02   -5.3870E-03   
4.0281E-02   -7.5138E-04   
3.8036E-02   -2.2521E-03   
3.6746E-02   -3.3427E-03   
4.0102E-02   -8.5374E-04   
3.7122E-02   -3.0167E-03   
3.7456E-02   -2.7308E-03   
3.9517E-02   -1.2061E-03   
3.9916E-02   -9.6081E-04   
3.9721E-02   -1.0772E-03   
3.3212E-02   -5.8162E-03   
3.8833E-02   -1.6652E-03   
3.9302E-02   -1.3468E-03   
3.9074E-02   -1.4993E-03   
4.0847E-02   -2.5762E-04   
3.1759E-02   -6.3968E-03   
3.8310E-02   -2.0414E-03   
3.0706E-02   -6.8850E-03   
3.8577E-02   -1.8459E-03   
4.0597E-02   -4.4528E-04   
2.7029E-02   -8.7078E-03   
2.9527E-02   -7.4023E-03   
2.5814E-02   -9.4046E-03   
2.8297E-02   -8.0133E-03   
1.3494E-02   -1.7728E-02   
4.0615E-02   -5.5285E-04   
4.0705E-02   -3.3423E-04   
1.9170E-02   -1.3733E-02   
4.1116E-02   -1.5564E-04   
9.1859E-03   -2.1004E-02   
4.0703E-02   -2.9564E-04   
4.1006E-02   -2.5812E-04   
4.0919E-02   -2.5560E-04   
4.0649E-02   -3.1105E-04   
4.0607E-02   -3.1429E-04   
4.1284E-02   -2.8318E-04   
4.0572E-02   -3.2436E-04   
5.2850E-03   -2.3748E-02   
7.5139E-03   -2.2500E-02   
1.2239E-02   -1.8512E-02   
1.3806E-02   -1.7430E-02   
4.6387E-03   -2.4911E-02   
4.1559E-02   -2.8888E-04   
3.4112E-03   -2.6071E-02   
7.3722E-03   -2.2163E-02   
4.2098E-02   -3.1574E-04   
2.4308E-03   -2.7355E-02   
4.3693E-02   -5.2752E-05   
3.6171E-03   -2.6340E-02   
4.3311E-02   -1.4688E-04   
4.1893E-02   -3.0770E-04   
4.1333E-02   -2.1081E-04   
3.1347E-03   -2.6786E-02   
3.4576E-02   -5.1710E-03   
3.5371E-02   -4.2910E-03   
3.5924E-02   -3.8509E-03   
3.7807E-02   -2.2885E-03   
4.0341E-02   -6.4334E-04   
3.6385E-02   -3.4615E-03   
3.7511E-02   -2.5263E-03   
4.0153E-02   -7.5270E-04   
3.6807E-02   -3.1058E-03   
3.7181E-02   -2.7957E-03   
3.9970E-02   -8.5152E-04   
3.8876E-02   -1.5166E-03   
3.9558E-02   -1.0814E-03   
3.9769E-02   -9.5884E-04   
3.9341E-02   -1.2173E-03   
3.3702E-02   -5.2822E-03   
3.9114E-02   -1.3612E-03   
4.0504E-02   -5.7287E-04   
3.8085E-02   -2.0718E-03   
3.8621E-02   -1.6865E-03   
3.3289E-02   -5.3580E-03   
3.8357E-02   -1.8715E-03   
3.2572E-02   -5.5602E-03   
3.0023E-02   -6.7240E-03   
3.0915E-02   -6.2759E-03   
4.0470E-02   -5.3600E-04   
3.1768E-02   -5.8775E-03   
4.0571E-02   -4.1103E-04   
4.0972E-02   -2.0118E-04   
2.4638E-02   -1.0127E-02   
4.0547E-02   -3.4173E-04   
4.0432E-02   -3.7781E-04   
1.4508E-02   -1.6922E-02   
4.0670E-02   -3.2511E-04   
4.0397E-02   -3.8437E-04   
4.0472E-02   -3.7846E-04   
1.3012E-02   -1.8353E-02   
4.1118E-02   -2.5948E-04   
4.0771E-02   -3.1705E-04   
1.8423E-02   -1.4281E-02   
4.1022E-02   -3.2275E-04   
5.4336E-03   -2.4671E-02   
4.1916E-03   -2.5027E-02   
1.3385E-02   -1.8167E-02   
1.4410E-02   -1.7297E-02   
4.1821E-02   -3.7660E-04   
4.2313E-02   -3.2434E-04   
4.6397E-03   -2.5493E-02   
2.9601E-03   -2.7041E-02   
4.3539E-02   -1.1964E-04   
4.2584E-03   -2.6057E-02   
3.4619E-02   -4.8514E-03   
3.5529E-02   -4.0067E-03   
3.7575E-02   -2.3362E-03   
3.5980E-02   -3.6150E-03   
4.0186E-02   -6.7826E-04   
3.7866E-02   -2.1108E-03   
3.6460E-02   -3.2207E-03   
3.7253E-02   -2.5888E-03   
4.0027E-02   -7.5498E-04   
3.8924E-02   -1.3818E-03   
3.6883E-02   -2.8813E-03   
3.8673E-02   -1.5409E-03   
3.4763E-02   -4.5107E-03   
3.9837E-02   -8.5060E-04   
3.9381E-02   -1.1021E-03   
3.9159E-02   -1.2370E-03   
3.4345E-02   -4.5162E-03   
3.8410E-02   -1.7156E-03   
3.8141E-02   -1.9053E-03   
4.0435E-02   -4.9661E-04   
4.0534E-02   -3.6449E-04   
3.2829E-02   -4.9860E-03   
3.3859E-02   -4.6297E-03   
1.9561E-02   -1.3481E-02   
3.3365E-02   -4.7871E-03   
4.0544E-02   -3.8710E-04   
2.9087E-02   -7.2418E-03   
1.9140E-02   -1.4038E-02   
4.0205E-02   -4.5471E-04   
2.3431E-02   -1.0936E-02   
4.0238E-02   -4.5260E-04   
4.0370E-02   -3.9845E-04   
4.0523E-02   -3.8479E-04   
1.6800E-02   -1.5634E-02   
6.0216E-03   -2.4910E-02   
1.4624E-02   -1.7585E-02   
4.1092E-02   -3.5682E-04   
4.0872E-02   -3.2097E-04   
4.2251E-02   -3.9108E-04   
1.9474E-02   -1.3713E-02   
3.9500E-03   -2.6392E-02   
4.1619E-02   -3.6815E-04   
4.2587E-02   -2.7292E-04   
9.0091E-03   -2.2221E-02   
9.5930E-03   -2.1287E-02   
9.3470E-03   -2.1744E-02   
4.1737E-02   -4.5414E-04   
4.0300E-02   -5.9107E-04   
3.7644E-02   -2.1605E-03   
3.7331E-02   -2.3980E-03   
3.5415E-02   -3.8708E-03   
3.9734E-02   -8.4692E-04   
4.0365E-02   -4.4323E-04   
3.6062E-02   -3.3726E-03   
3.8732E-02   -1.4087E-03   
4.0098E-02   -6.6102E-04   
3.8978E-02   -1.2607E-03   
3.9903E-02   -7.6203E-04   
3.6547E-02   -2.9937E-03   
3.8471E-02   -1.5728E-03   
3.7930E-02   -1.9468E-03   
3.8203E-02   -1.7522E-03   
3.5010E-02   -3.9474E-03   
3.9405E-02   -1.0195E-03   
3.9209E-02   -1.1280E-03   
3.4437E-02   -4.0144E-03   
3.4725E-02   -3.9769E-03   
2.7843E-02   -7.9961E-03   
3.2249E-02   -5.2440E-03   
4.0398E-02   -4.6639E-04   
2.5238E-02   -9.7963E-03   
4.0354E-02   -4.2005E-04   
3.9999E-02   -5.3592E-04   
2.1755E-02   -1.2200E-02   
4.0178E-02   -4.6509E-04   
4.0273E-02   -4.5866E-04   
4.1415E-02   -3.5892E-04   
4.0599E-02   -3.9230E-04   
2.0749E-02   -1.3165E-02   
2.5529E-02   -9.5044E-03   
1.8884E-02   -1.3962E-02   
4.1344E-02   -3.1759E-04   
4.0827E-02   -4.1282E-04   
1.6596E-02   -1.6326E-02   
5.3632E-03   -2.5693E-02   
1.0691E-02   -2.1365E-02   
2.4198E-02   -1.0487E-02   
4.1704E-02   -2.9871E-04   
4.1970E-02   -4.5558E-04   
4.2527E-02   -3.3302E-04   
4.2826E-02   -2.3497E-04   
1.5279E-02   -1.7442E-02   
1.4875E-02   -1.8078E-02   
3.9768E-02   -7.8105E-04   
3.7060E-02   -2.4835E-03   
3.7403E-02   -2.2274E-03   
4.0200E-02   -5.3130E-04   
3.9284E-02   -1.0240E-03   
3.9045E-02   -1.1504E-03   
3.9937E-02   -7.0243E-04   
3.7712E-02   -2.0002E-03   
3.8798E-02   -1.2890E-03   
3.8540E-02   -1.4426E-03   
3.6664E-02   -2.7769E-03   
3.8272E-02   -1.6119E-03   
3.7999E-02   -1.7963E-03   
3.5665E-02   -3.5426E-03   
3.5537E-02   -3.4927E-03   
3.5367E-02   -3.4602E-03   
3.4135E-02   -4.0846E-03   
3.1519E-02   -5.6305E-03   
3.6149E-02   -3.1408E-03   
4.0250E-02   -5.5686E-04   
3.9949E-02   -5.5690E-04   
3.9542E-02   -9.0179E-04   
3.9970E-02   -5.4251E-04   
2.7121E-02   -8.4642E-03   
2.5267E-02   -9.5991E-03   
2.2425E-02   -1.2216E-02   
4.0030E-02   -5.3761E-04   
3.0472E-02   -6.2786E-03   
4.0130E-02   -5.2022E-04   
2.6961E-02   -8.7346E-03   
4.0308E-02   -4.7527E-04   
2.8807E-02   -7.3546E-03   
4.0929E-02   -4.2822E-04   
4.1176E-02   -4.3463E-04   
4.0710E-02   -3.9919E-04   
4.3052E-02   -2.3224E-04   
2.1740E-02   -1.3051E-02   
2.1934E-02   -1.2733E-02   
1.2741E-02   -2.0058E-02   
4.1678E-02   -5.3394E-04   
4.8758E-03   -2.6250E-02   
4.2179E-02   -4.6148E-04   
4.2803E-02   -2.8249E-04   
3.9851E-02   -7.0015E-04   
3.7127E-02   -2.3223E-03   
3.6751E-02   -2.6004E-03   
3.9125E-02   -1.0477E-03   
4.0054E-02   -6.2295E-04   
3.8875E-02   -1.1799E-03   
3.7471E-02   -2.0736E-03   
3.8618E-02   -1.3239E-03   
3.7786E-02   -1.8532E-03   
3.8350E-02   -1.4834E-03   
3.5981E-02   -3.1058E-03   
3.8074E-02   -1.6588E-03   
3.5215E-02   -3.4346E-03   
3.9622E-02   -8.0282E-04   
3.9725E-02   -6.4196E-04   
3.6395E-02   -2.8693E-03   
3.3265E-02   -4.4836E-03   
3.5051E-02   -3.4332E-03   
3.1130E-02   -5.7814E-03   
3.9375E-02   -9.2238E-04   
3.9757E-02   -6.2809E-04   
4.0895E-02   -4.8941E-04   
3.9980E-02   -6.1208E-04   
3.9789E-02   -6.2395E-04   
3.0933E-02   -5.9101E-03   
4.0051E-02   -5.5137E-04   
4.0392E-02   -4.8634E-04   
3.9928E-02   -5.8164E-04   
2.7832E-02   -8.6368E-03   
3.0042E-02   -6.5273E-03   
3.1276E-02   -5.8839E-03   
4.1144E-02   -3.9496E-04   
4.3084E-02   -2.9162E-04   
2.8351E-02   -8.1497E-03   
4.0529E-02   -4.9154E-04   
4.1057E-02   -5.0887E-04   
4.1366E-02   -6.3635E-04   
2.2566E-02   -1.2544E-02   
1.9664E-02   -1.4821E-02   
4.1363E-02   -5.4868E-04   
4.3258E-02   -1.8826E-04   
4.2474E-02   -3.9705E-04   
3.3773E-03   -2.7178E-02   
2.1939E-02   -1.2490E-02   
3.6794E-02   -2.4636E-03   
3.6383E-02   -2.7748E-03   
3.8963E-02   -1.0803E-03   
3.9726E-02   -7.1089E-04   
3.8705E-02   -1.2166E-03   
3.7547E-02   -1.9328E-03   
3.5893E-02   -3.0418E-03   
3.8437E-02   -1.3673E-03   
3.4841E-02   -3.4921E-03   
3.7866E-02   -1.7199E-03   
3.2461E-02   -4.9136E-03   
3.8157E-02   -1.5343E-03   
3.9217E-02   -9.5269E-04   
3.5827E-02   -2.9755E-03   
3.9492E-02   -7.3724E-04   
3.9897E-02   -6.1787E-04   
3.9466E-02   -8.3364E-04   
3.9707E-02   -6.6132E-04   
3.9574E-02   -7.0737E-04   
3.9824E-02   -6.2620E-04   
3.2489E-02   -5.3506E-03   
3.2875E-02   -4.6456E-03   
3.1175E-02   -6.0567E-03   
3.1465E-02   -5.7192E-03   
4.0533E-02   -5.9118E-04   
4.2383E-02   -4.6403E-04   
1.4256E-02   -1.9081E-02   
3.3592E-02   -4.1725E-03   
2.8054E-02   -8.2094E-03   
4.0358E-02   -5.8985E-04   
4.1249E-02   -5.0721E-04   
4.3324E-02   -2.2124E-04   
4.2763E-02   -4.0345E-04   
4.1392E-02   -7.0927E-04   
2.6865E-02   -9.6720E-03   
4.0860E-03   -2.6991E-02   
4.0191E-02   -5.9246E-04   
2.9632E-03   -2.7218E-02   
3.8803E-02   -1.1211E-03   
3.9708E-02   -6.8315E-04   
3.9061E-02   -9.9132E-04   
3.8535E-02   -1.2628E-03   
3.7636E-02   -1.8022E-03   
3.6380E-02   -2.6696E-03   
2.9262E-02   -7.0081E-03   
3.4486E-02   -3.6407E-03   
3.9316E-02   -8.6958E-04   
3.5769E-02   -2.9249E-03   
3.9466E-02   -7.5600E-04   
3.7188E-02   -2.1810E-03   
3.7959E-02   -1.5985E-03   
3.2943E-02   -4.9100E-03   
3.3938E-02   -4.1226E-03   
3.9563E-02   -7.2259E-04   
3.3509E-02   -4.3118E-03   
3.3988E-02   -3.9579E-03   
3.3623E-02   -4.1858E-03   
3.2625E-02   -4.8972E-03   
3.4216E-02   -3.9493E-03   
3.1540E-02   -6.0746E-03   
4.0715E-02   -6.0023E-04   
4.2059E-02   -5.5100E-04   
4.0180E-02   -6.9696E-04   
3.9177E-02   -8.7941E-04   
3.9838E-02   -7.1424E-04   
4.0937E-02   -6.1258E-04   
2.2604E-02   -1.3159E-02   
8.8142E-03   -2.3082E-02   
4.0014E-02   -6.9950E-04   
4.1524E-02   -4.4611E-04   
2.7724E-02   -9.3066E-03   
2.6363E-02   -9.9295E-03   
4.1717E-02   -6.7327E-04   
4.1050E-02   -7.5738E-04   
3.8912E-02   -1.0370E-03   
3.8654E-02   -1.1654E-03   
3.9451E-02   -7.8187E-04   
3.5628E-02   -2.9364E-03   
3.9533E-02   -7.7300E-04   
3.9168E-02   -9.1339E-04   
3.8373E-02   -1.3140E-03   
3.6404E-02   -2.5610E-03   
3.7744E-02   -1.6821E-03   
3.8068E-02   -1.4879E-03   
3.5697E-02   -2.9731E-03   
3.5381E-02   -3.1461E-03   
3.6843E-02   -2.3367E-03   
3.4927E-02   -3.3477E-03   
3.5347E-02   -3.1017E-03   
3.5178E-02   -3.1658E-03   
3.7267E-02   -2.0451E-03   
3.9635E-02   -7.1828E-04   
3.8917E-02   -9.9843E-04   
3.9671E-02   -8.1992E-04   
3.4760E-02   -3.4741E-03   
3.9600E-02   -7.7195E-04   
3.1128E-02   -6.6185E-03   
4.0345E-02   -7.0402E-04   
3.5007E-02   -3.6818E-03   
1.5258E-02   -1.7972E-02   
2.9048E-02   -8.4502E-03   
3.9279E-02   -8.5130E-04   
3.9829E-02   -8.1235E-04   
3.5825E-02   -2.9860E-03   
3.1748E-02   -6.3013E-03   
1.5262E-02   -1.8693E-02   
4.1095E-02   -8.2850E-04   
4.2069E-02   -6.3958E-04   
3.8791E-02   -1.0793E-03   
3.9022E-02   -9.6413E-04   
3.7377E-02   -1.9102E-03   
3.5845E-02   -2.7609E-03   
3.7866E-02   -1.5746E-03   
3.6009E-02   -2.6629E-03   
3.6473E-02   -2.4266E-03   
3.8948E-02   -9.9084E-04   
3.6927E-02   -2.2004E-03   
3.6318E-02   -2.4899E-03   
3.9877E-02   -6.2521E-04   
3.8198E-02   -1.3831E-03   
3.9255E-02   -8.5590E-04   
3.6270E-02   -2.5348E-03   
3.9484E-02   -9.3635E-04   
3.6549E-02   -2.4037E-03   
3.9539E-02   -8.3338E-04   
9.4041E-03   -2.2203E-02   
3.1109E-02   -7.0943E-03   
3.9983E-02   -8.1561E-04   
8.5547E-03   -2.3413E-02   
3.7090E-02   -2.2387E-03   
3.4370E-02   -4.3079E-03   
3.9289E-02   -8.7703E-04   
4.0511E-02   -7.2007E-04   
1.6061E-02   -1.8098E-02   
3.6797E-02   -2.5004E-03   
3.4919E-02   -4.0544E-03   
2.4340E-02   -1.1963E-02   
4.0730E-02   -8.9114E-04   
3.6062E-02   -2.7514E-03   
4.2450E-02   -5.9939E-04   
3.7512E-02   -1.7866E-03   
3.6851E-02   -2.1491E-03   
3.8546E-02   -1.1938E-03   
3.7089E-02   -2.0473E-03   
3.8627E-02   -1.1403E-03   
3.6793E-02   -2.2707E-03   
3.5867E-02   -2.7709E-03   
3.9773E-02   -9.4417E-04   
3.7985E-02   -1.4835E-03   
3.7060E-02   -2.0561E-03   
3.6839E-02   -2.1818E-03   
3.8960E-02   -1.0064E-03   
3.9626E-02   -9.3663E-04   
3.8850E-02   -1.0364E-03   
3.6262E-02   -2.4942E-03   
3.9280E-02   -9.1940E-04   
2.6987E-02   -9.3078E-03   
3.6970E-02   -2.2362E-03   
3.6645E-02   -2.7613E-03   
3.6651E-02   -2.8247E-03   
3.5298E-02   -3.9329E-03   
3.5474E-02   -4.0758E-03   
4.0776E-02   -9.7841E-04   
9.0989E-03   -2.3378E-02   
4.0285E-02   -8.4923E-04   
4.2769E-02   -4.9101E-04   
3.7643E-02   -1.6820E-03   
3.7263E-02   -1.9144E-03   
3.8338E-02   -1.2867E-03   
3.7431E-02   -1.8122E-03   
3.8629E-02   -1.1508E-03   
3.9300E-02   -9.5964E-04   
3.8967E-02   -1.0347E-03   
3.7263E-02   -1.9657E-03   
3.9419E-02   -1.0692E-03   
3.9279E-02   -1.0642E-03   
4.0395E-02   -9.4466E-04   
3.9922E-02   -9.6074E-04   
3.7686E-02   -2.2315E-03   
3.7551E-02   -2.1722E-03   
3.6622E-02   -2.2887E-03   
4.0647E-02   -7.5478E-04   
4.1416E-02   -7.7147E-04   
4.0313E-02   -1.1671E-03   
3.6579E-02   -3.2092E-03   
3.4175E-02   -5.2484E-03   
3.7458E-02   -2.5384E-03   
3.7617E-02   -1.8862E-03   
1.6286E-02   -1.8502E-02   
4.2810E-02   -5.6330E-04   
3.7392E-02   -1.8120E-03   
3.8655E-02   -1.1281E-03   
3.6944E-02   -2.0762E-03   
3.8060E-02   -1.4327E-03   
3.9015E-02   -1.2288E-03   
3.8283E-02   -1.3170E-03   
3.7754E-02   -1.6008E-03   
3.8634E-02   -1.1735E-03   
3.7600E-02   -1.7474E-03   
3.8954E-02   -1.1253E-03   
3.7779E-02   -1.6904E-03   
3.8943E-02   -1.1835E-03   
4.0710E-02   -8.1368E-04   
3.9569E-02   -1.0771E-03   
4.0083E-02   -9.8664E-04   
4.1647E-02   -7.8007E-04   
3.7628E-02   -2.0084E-03   
4.0425E-02   -8.6778E-04   
3.7748E-02   -1.8761E-03   
4.0059E-02   -1.0838E-03   
3.7311E-02   -1.8658E-03   
3.8004E-02   -1.6348E-03   
3.7969E-02   -2.1650E-03   
3.9990E-02   -1.1933E-03   
4.0706E-02   -1.0854E-03   
3.7420E-02   -2.3142E-03   
3.7918E-02   -2.3746E-03   
3.6654E-02   -3.5310E-03   
9.5350E-03   -2.3589E-02   
3.7486E-02   -1.7492E-03   
3.8026E-02   -1.5262E-03   
3.7910E-02   -1.5144E-03   
3.8316E-02   -1.3158E-03   
3.8083E-02   -1.7558E-03   
3.7849E-02   -1.5862E-03   
3.8636E-02   -1.3510E-03   
3.9267E-02   -1.1834E-03   
3.8111E-02   -2.5664E-03   
3.9708E-02   -1.2273E-03   
3.6947E-02   -2.0857E-03   
3.8128E-02   -1.6509E-03   
3.9702E-02   -1.0984E-03   
3.8662E-02   -1.1939E-03   
3.8599E-02   -1.3028E-03   
3.8298E-02   -1.9312E-03   
6.3604E-03   -2.5965E-02   
3.8255E-02   -2.1212E-03   
3.9889E-02   -1.3039E-03   
4.0998E-02   -9.8546E-04   
3.8979E-02   -1.0690E-03   
3.6611E-02   -2.2786E-03   
3.7679E-02   -1.6614E-03   
3.8198E-02   -1.4834E-03   
3.7995E-02   -1.4881E-03   
3.9345E-02   -1.2187E-03   
3.8412E-02   -1.3414E-03   
3.8340E-02   -1.5049E-03   
3.8057E-02   -1.4453E-03   
3.9558E-02   -1.4607E-03   
3.7755E-02   -1.6112E-03   
4.1315E-02   -9.2806E-04   
3.9596E-02   -1.3510E-03   
3.8081E-02   -1.9429E-03   
3.8355E-02   -1.4536E-03   
3.8578E-02   -2.2625E-03   
4.4588E-03   -2.7187E-02   
3.8720E-02   -1.2043E-03   
3.8458E-02   -1.7195E-03   
3.8992E-02   -1.3279E-03   
3.9055E-02   -1.3976E-03   
3.8598E-02   -1.7373E-03   
3.9587E-02   -1.5577E-03   
3.8377E-02   -1.6045E-03   
3.8545E-02   -2.1495E-03   
3.8621E-02   -2.3346E-03   
3.8873E-02   -1.5570E-03   
3.8398E-02   -1.6683E-03   
3.8991E-02   -2.2518E-03   
3.8756E-02   -1.7683E-03   
3.9808E-02   -1.1257E-03   
4.0042E-02   -1.4471E-03   
3.9174E-02   -1.6510E-03   
3.8684E-02   -1.5018E-03   
3.9307E-02   -1.3852E-03   
3.8492E-02   -1.9398E-03   
3.9169E-02   -1.7606E-03   
4.0476E-02   -1.2352E-03   
3.9467E-02   -2.0249E-03   
3.8863E-02   -1.8134E-03   
3.8694E-02   -1.5679E-03   
3.9064E-02   -1.9129E-03   
3.9379E-02   -1.8783E-03   
3.9885E-02   -1.6889E-03   
4.0137E-02   -1.5161E-03   
3.9659E-02   -1.8659E-03   
4.1768E-04   -2.8185E-02   
3.8939E-02   -2.0556E-03   
3.8101E-02   -2.6605E-03   
4.3572E-02   -2.1776E-04   
8.9917E-04   -2.7299E-02   
4.4457E-02   -2.7906E-05   
4.3175E-02   -5.2743E-04   
7.6366E-04   -2.8259E-02   
3.7340E-03   -2.7390E-02   
3.9549E-02   -2.1016E-03   
4.3792E-02   -1.0698E-04   
1.1628E-03   -2.8233E-02   
5.8470E-03   -2.5855E-02   
1.6445E-03   -2.8200E-02   
2.1333E-03   -2.8168E-02   
2.6171E-03   -2.8122E-02   
3.1155E-03   -2.8050E-02   
4.4759E-02   -2.5091E-05   
3.6283E-03   -2.7920E-02   
4.1856E-03   -2.7639E-02   
4.3040E-02   -4.1163E-04   
5.1008E-03   -2.7021E-02   
4.5073E-02   -2.3142E-05   
7.1029E-03   -2.5389E-02   
1.3514E-02   -2.0458E-02   
4.0446E-02   -1.3567E-03   
2.3555E-02   -1.3180E-02   
4.5406E-02   -2.0534E-05   
4.1917E-02   -5.1944E-04   
2.8914E-02   -9.5615E-03   
3.1858E-02   -6.3965E-03   
2.6987E-03   -2.7754E-02   
4.3147E-02   -3.4803E-04   
3.5067E-02   -5.6839E-03   
3.8106E-02   -3.7526E-03   
4.5752E-02   -1.6940E-05   
3.9660E-02   -2.9062E-03   
2.4873E-02   -1.2102E-02   
4.0370E-02   -2.6833E-03   
4.0878E-02   -2.6052E-03   
4.6114E-02   -1.3269E-05   
4.1473E-02   -2.4228E-03   
4.2131E-02   -2.2870E-03   
1.2021E-03   -2.7961E-02   
4.2739E-02   -2.1486E-03   
4.6535E-02   -1.0211E-05   
4.3933E-02   -6.4887E-05   
3.1190E-02   -7.5061E-03   
4.3387E-02   -1.9798E-03   
4.3999E-02   -1.8413E-03   
4.2510E-02   -6.6159E-04   
4.7009E-02   -3.9127E-06   
4.1671E-02   -8.6501E-04   
4.0959E-02   -1.0709E-03   
4.5169E-02   -1.4975E-03   
4.7458E-02   -2.1665E-04   
4.7554E-02   -2.3786E-04   
4.7549E-02   -2.7362E-05   
4.7603E-02   -4.8187E-06   
4.7492E-02   -1.1006E-04   
7.5354E-03   -2.5259E-02   
4.6399E-02   -9.6436E-04   
1.4006E-03   -2.8077E-02   
4.1906E-02   -8.7910E-04   
4.1376E-02   -1.0164E-03   
2.4439E-03   -2.7899E-02   
4.0717E-02   -1.3390E-03   
3.1306E-03   -2.7707E-02   
4.3830E-02   -1.7745E-04   
4.0106E-02   -1.6996E-03   
4.3480E-02   -4.2608E-04   
3.5201E-03   -2.7699E-02   
3.1728E-02   -7.1229E-03   
2.4155E-03   -2.8023E-02   
3.6444E-02   -3.8286E-03   
3.4385E-03   -2.7868E-02   
4.2362E-02   -7.6262E-04   
4.2565E-02   -2.0363E-03   
3.9572E-02   -2.7895E-03   
5.1719E-03   -2.6975E-02   
2.3888E-02   -1.3024E-02   
1.4236E-02   -2.0180E-02   
1.6286E-02   -1.8688E-02   
4.5220E-02   -4.5000E-05   
4.0077E-02   -1.9725E-03   
4.4059E-02   -9.4182E-05   
4.3239E-02   -5.8933E-04   
4.4614E-02   -4.9976E-05   
4.6478E-02   -2.3686E-05   
3.9126E-02   -2.3231E-03   
4.0613E-02   -2.4846E-03   
4.3357E-02   -2.5158E-04   
4.3390E-02   -3.6266E-04   
4.0425E-02   -1.4304E-03   
3.6601E-02   -3.6242E-03   
4.7297E-02   -8.9043E-07   
4.4612E-02   -1.6688E-03   
2.8938E-02   -9.4205E-03   
4.3529E-02   -1.7947E-03   
4.7591E-02   -1.3763E-04   
4.7695E-02   -1.5149E-06   
4.7666E-02   -1.3452E-05   
4.7622E-02   -6.3750E-05   
4.1563E-02   -2.2360E-03   
3.6543E-02   -4.3509E-03   
4.5905E-02   -3.1123E-05   
4.5720E-02   -1.0718E-03   
4.7059E-02   -1.2341E-05   
4.6426E-02   -8.2070E-04   
4.6871E-02   -2.6805E-04   
4.7112E-02   -1.9316E-05   
4.7017E-02   -7.1387E-05   
4.6736E-02   -5.0417E-04   
4.2213E-02   -8.8781E-04   
3.9522E-02   -2.6477E-03   
4.3953E-02   -1.3311E-04   
4.4273E-02   -1.0844E-04   
4.5022E-02   -7.5060E-05   
1.5534E-03   -2.7950E-02   
3.8843E-02   -2.5372E-03   
4.1194E-02   -1.1856E-03   
2.2172E-02   -1.4259E-02   
4.3851E-02   -2.2404E-04   
4.5699E-02   -5.5421E-05   
4.4412E-02   -1.5873E-03   
5.2413E-03   -2.6877E-02   
3.8716E-02   -2.9828E-03   
2.9136E-02   -9.2488E-03   
4.0523E-02   -2.3998E-03   
3.7291E-02   -3.4848E-03   
4.2149E-02   -2.0294E-03   
4.0574E-02   -1.5929E-03   
3.4366E-02   -5.5925E-03   
4.3055E-02   -7.0282E-04   
4.3547E-02   -4.9191E-04   
4.1098E-02   -2.2642E-03   
4.0547E-02   -1.7434E-03   
4.6094E-02   -4.3035E-05   
4.0169E-02   -2.0905E-03   
4.5359E-02   -6.5269E-05   
3.4569E-02   -5.3224E-03   
4.3698E-02   -2.9129E-04   
4.0016E-02   -2.5320E-03   
4.0968E-02   -1.3726E-03   
4.4635E-02   -8.3443E-05   
4.3766E-02   -3.3739E-04   
4.6284E-02   -4.2114E-04   
4.6640E-02   -4.5197E-05   
4.6517E-02   -1.3294E-04   
4.6726E-02   -2.2043E-05   
4.2618E-02   -7.7344E-04   
4.4964E-02   -1.3118E-03   
4.5883E-02   -8.4633E-04   
4.7004E-02   -5.2076E-05   
4.6785E-02   -4.0516E-04   
4.6867E-02   -1.4761E-04   
4.6797E-02   -1.9525E-04   
3.9901E-02   -2.4222E-03   
3.3154E-02   -6.4070E-03   
4.5813E-02   -7.2632E-05   
4.3974E-02   -1.6414E-03   
3.8302E-02   -3.0327E-03   
4.0596E-02   -1.8677E-03   
3.9778E-02   -2.3176E-03   
4.3939E-02   -4.5199E-04   
4.4478E-02   -1.2577E-04   
4.1734E-02   -2.0431E-03   
4.5173E-02   -9.4420E-05   
4.6440E-02   -2.0635E-04   
4.6657E-02   -7.7080E-05   
4.4135E-02   -3.0490E-04   
4.2063E-02   -1.0266E-03   
4.4186E-02   -2.0551E-04   
4.1536E-02   -1.1866E-03   
4.6294E-02   -3.0322E-04   
4.5184E-02   -1.0415E-03   
4.3381E-02   -6.9398E-04   
4.2743E-02   -1.8256E-03   
4.1001E-02   -1.5442E-03   
3.9305E-02   -2.4433E-03   
4.0914E-02   -2.1804E-03   
4.3082E-02   -7.8690E-04   
4.6441E-02   -4.0335E-05   
4.4877E-02   -1.2243E-03   
4.6007E-02   -6.1766E-04   
4.1888E-02   -1.8403E-03   
4.1500E-02   -1.4668E-03   
4.2954E-02   -9.0290E-04   
4.3779E-02   -6.3668E-04   
4.1306E-02   -1.9657E-03   
4.0289E-02   -2.1992E-03   
4.5923E-02   -8.8842E-05   
4.4594E-02   -1.2210E-03   
4.5180E-02   -1.2915E-04   
4.5585E-02   -1.0789E-04   
4.0797E-02   -2.0828E-03   
4.4408E-02   -2.2611E-04   
4.4477E-02   -1.6581E-04   
4.4234E-02   -3.5590E-04   
4.0980E-02   -1.4642E-03   
4.1070E-02   -1.7769E-03   
4.4051E-02   -5.1004E-04   
4.2916E-02   -1.6440E-03   
4.2407E-02   -1.0315E-03   
4.1907E-02   -1.1750E-03   
4.1390E-02   -1.6148E-03   
4.3383E-02   -8.4248E-04   
4.3685E-02   -7.4038E-04   
4.3161E-02   -1.8067E-03   
4.4340E-02   -4.0625E-04   
4.1179E-02   -1.8724E-03   
4.6258E-02   -6.8646E-05   
4.4778E-02   -1.7161E-04   
4.4503E-02   -2.7692E-04   
4.3969E-02   -1.4079E-03   
4.5032E-02   -1.8400E-04   
4.1818E-02   -1.2968E-03   
4.2663E-02   -1.0512E-03   
4.3733E-02   -8.1960E-04   
4.1529E-02   -1.6785E-03   
4.4897E-02   -2.4372E-04   
4.4899E-02   -1.0187E-03   
4.4192E-02   -5.4789E-04   
4.4737E-02   -3.5876E-04   
4.3721E-02   -1.6176E-03   
4.5734E-02   -1.2527E-04   
4.2065E-02   -1.3218E-03   
4.2585E-02   -1.1676E-03   
4.6393E-02   -8.1940E-05   
4.4543E-02   -5.0414E-04   
4.5936E-02   -1.3831E-04   
4.2025E-02   -1.5609E-03   
4.4940E-02   -2.8900E-04   
4.5517E-02   -1.7360E-04   
4.4852E-02   -3.9851E-04   
4.2983E-02   -1.1480E-03   
4.5212E-02   -1.9621E-04   
4.3510E-02   -9.8513E-04   
4.4288E-02   -7.1145E-04   
4.5212E-02   -2.9558E-04   
4.4428E-02   -7.8879E-04   
4.2154E-02   -1.6402E-03   
4.3878E-02   -9.7312E-04   
4.2416E-02   -1.3446E-03   
4.3349E-02   -1.1410E-03   
4.5588E-02   -2.0600E-04   
4.6319E-02   -1.2382E-04   
4.4721E-02   -7.9821E-04   
4.4272E-02   -9.4616E-04   
4.5676E-02   -2.3987E-04   
4.2536E-02   -1.4561E-03   
4.3109E-02   -1.3278E-03   
4.5453E-02   -3.0524E-04   
4.5192E-02   -7.1027E-04   
4.4189E-02   -1.0897E-03   
4.6082E-02   -1.8816E-04   
4.5410E-02   -3.6148E-04   
4.5127E-02   -8.4166E-04   
4.6247E-02   -2.0539E-04   
4.4640E-02   -1.0068E-03   
4.4970E-02   -4.4034E-04   
4.4657E-02   -5.6075E-04   
4.4825E-02   -6.1123E-04   
4.5348E-02   -5.0260E-04   
