51 
1844 
5.2236E-03   -2.7952E-03   
6.5308E-03   -2.1905E-03   
7.6225E-03   -1.4997E-03   
8.3693E-03   -7.6906E-04   
1.0894E-36   -1.2939E-03   
8.6279E-03   -2.1860E-37   
8.7759E-03   -1.1140E-34   
8.9603E-03   -2.1996E-35   
9.3794E-03   2.2382E-35   
9.7719E-03   4.3694E-35   
1.0281E-02   1.0554E-34   
1.0913E-02   1.5335E-34   
1.1404E-02   1.8839E-34   
1.2250E-02   2.8769E-34   
1.2885E-02   3.4585E-34   
1.3579E-02   2.9864E-34   
1.3947E-02   4.6096E-34   
1.4725E-02   6.7162E-34   
1.5560E-02   9.5512E-34   
1.6000E-02   -1.2383E-30   
1.6000E-02   -1.4459E-34   
1.6000E-02   -1.4459E-34   
1.6000E-02   -1.4459E-34   
1.6000E-02   -1.4459E-34   
1.6000E-02   -1.4459E-34   
1.6000E-02   -1.4459E-34   
1.6000E-02   -1.4459E-34   
1.6000E-02   -1.4459E-34   
1.6000E-02   -1.4459E-34   
1.6000E-02   -1.4459E-34   
1.6000E-02   -1.4459E-34   
1.6000E-02   -1.4459E-34   
1.4797E-02   -7.7024E-04   
1.3469E-02   -1.4729E-03   
1.2858E-02   -1.7200E-03   
1.2254E-02   -1.9259E-03   
1.1058E-02   -2.2672E-03   
1.0461E-02   -2.4183E-03   
9.2670E-03   -2.7089E-03   
8.6684E-03   -2.8554E-03   
7.4753E-03   -3.1721E-03   
6.2964E-03   -3.5327E-03   
5.7164E-03   -3.7337E-03   
4.6035E-03   -4.1740E-03   
3.5792E-03   -4.6339E-03   
3.1065E-03   -4.8521E-03   
2.2346E-03   -5.2320E-03   
1.4400E-03   -5.5082E-03   
7.0122E-04   -5.6723E-03   
1.5334E-36   -5.7200E-03   
9.8298E-34   -5.4832E-03   
1.0535E-33   -5.2458E-03   
1.0091E-33   -4.9285E-03   
9.6274E-34   -4.7508E-03   
8.5522E-34   -4.4861E-03   
7.8403E-34   -4.3674E-03   
7.2672E-34   -4.3105E-03   
6.7089E-34   -4.3413E-03   
5.6112E-34   -4.0038E-03   
4.2610E-03   -2.7964E-03   
1.5450E-02   -2.6935E-05   
1.4878E-02   -6.7378E-05   
1.4060E-02   -1.3353E-04   
1.3391E-02   -1.9536E-04   
1.2740E-02   -2.7532E-04   
1.2022E-02   -3.3034E-04   
1.1444E-02   -3.5973E-04   
1.0716E-02   -4.3504E-04   
1.0004E-02   -4.9314E-04   
9.2994E-03   -5.5172E-04   
8.6094E-03   -6.0997E-04   
7.8988E-03   -6.8741E-04   
7.1692E-03   -8.3829E-04   
6.1871E-03   -1.2071E-03   
5.2242E-03   -1.8479E-03   
6.7023E-03   -1.5655E-03   
7.2506E-03   -7.6646E-04   
7.8649E-03   -4.7273E-04   
8.4715E-03   -3.7728E-04   
9.0697E-03   -3.4530E-04   
9.6463E-03   -3.2988E-04   
1.0322E-02   -2.8619E-04   
1.0952E-02   -2.5315E-04   
1.1543E-02   -2.1801E-04   
1.2145E-02   -2.1082E-04   
1.2820E-02   -1.5821E-04   
1.3470E-02   -1.1714E-04   
1.4106E-02   -8.7541E-05   
1.4789E-02   -4.3885E-05   
1.5387E-02   -1.4776E-05   
8.2890E-03   -3.8306E-04   
8.5819E-03   -1.8126E-04   
8.9211E-03   -1.4864E-04   
9.4120E-03   -1.3569E-04   
9.8911E-03   -1.2889E-04   
1.0488E-02   -1.2767E-04   
1.1028E-02   -1.2529E-04   
1.1569E-02   -1.1759E-04   
1.2276E-02   -8.9503E-05   
1.2871E-02   -6.8659E-05   
1.3547E-02   -5.4983E-05   
1.4217E-02   -3.5737E-05   
1.4877E-02   -1.9861E-05   
1.5490E-02   -4.4299E-06   
1.5342E-02   -4.8751E-05   
1.4715E-02   -1.1755E-04   
1.3949E-02   -2.1804E-04   
1.3258E-02   -2.8515E-04   
1.2644E-02   -3.8407E-04   
1.1893E-02   -4.7104E-04   
1.1154E-02   -5.5646E-04   
1.0459E-02   -6.3145E-04   
9.7323E-03   -7.2676E-04   
9.0549E-03   -8.1710E-04   
8.1853E-03   -9.5695E-04   
7.2560E-03   -1.1453E-03   
6.3530E-03   -1.3736E-03   
5.3936E-03   -1.6812E-03   
4.1618E-03   -2.2677E-03   
2.2858E-03   -3.4151E-03   
1.5290E-02   -8.1929E-05   
1.4750E-02   -1.6222E-04   
1.3826E-02   -3.1438E-04   
1.3223E-02   -4.1527E-04   
1.2509E-02   -5.2081E-04   
1.1646E-02   -6.6463E-04   
1.0903E-02   -7.5407E-04   
1.0179E-02   -8.5573E-04   
9.3150E-03   -1.0086E-03   
8.4992E-03   -1.1827E-03   
7.6384E-03   -1.3794E-03   
6.7614E-03   -1.5623E-03   
5.7644E-03   -1.8825E-03   
4.7217E-03   -2.2135E-03   
3.0961E-03   -2.9722E-03   
1.1449E-03   -3.9916E-03   
1.5483E-02   -7.6933E-05   
1.4486E-02   -2.6734E-04   
1.3924E-02   -3.7244E-04   
1.3232E-02   -5.1978E-04   
1.2209E-02   -7.1351E-04   
1.1481E-02   -8.5068E-04   
1.0736E-02   -9.7199E-04   
9.8448E-03   -1.1451E-03   
9.0261E-03   -1.3267E-03   
8.1634E-03   -1.5021E-03   
7.3399E-03   -1.7056E-03   
6.3143E-03   -1.9744E-03   
5.1995E-03   -2.4062E-03   
3.9664E-03   -2.8658E-03   
2.3693E-03   -3.6669E-03   
1.0223E-03   -4.1957E-03   
1.5153E-02   -1.7787E-04   
1.4556E-02   -3.2759E-04   
1.3835E-02   -5.1319E-04   
1.3108E-02   -6.9659E-04   
1.2065E-02   -9.1970E-04   
1.1239E-02   -1.0666E-03   
1.0378E-02   -1.2698E-03   
9.5513E-03   -1.4670E-03   
8.6027E-03   -1.6467E-03   
7.8305E-03   -1.8183E-03   
6.9909E-03   -2.1017E-03   
5.8811E-03   -2.4851E-03   
4.6662E-03   -2.9662E-03   
3.3189E-03   -3.5750E-03   
1.9242E-03   -4.1576E-03   
1.0016E-03   -4.3778E-03   
1.5316E-02   -2.0854E-04   
1.4491E-02   -4.7327E-04   
1.3821E-02   -6.4944E-04   
1.2763E-02   -9.4285E-04   
1.1828E-02   -1.1962E-03   
1.1014E-02   -1.3524E-03   
9.9892E-03   -1.5828E-03   
9.2168E-03   -1.7680E-03   
8.2375E-03   -1.9808E-03   
7.3649E-03   -2.2231E-03   
6.3569E-03   -2.5597E-03   
5.5007E-03   -2.9022E-03   
4.3163E-03   -3.4366E-03   
3.0090E-03   -4.0284E-03   
1.9413E-03   -4.3921E-03   
9.1027E-04   -4.6184E-03   
1.5190E-02   -2.9884E-04   
1.4274E-02   -6.2952E-04   
1.3635E-02   -8.2880E-04   
1.2386E-02   -1.2269E-03   
1.1634E-02   -1.4224E-03   
1.0774E-02   -1.6476E-03   
9.8459E-03   -1.8338E-03   
8.8909E-03   -2.0698E-03   
7.8186E-03   -2.3716E-03   
6.9219E-03   -2.6431E-03   
6.0327E-03   -2.9467E-03   
5.0648E-03   -3.3622E-03   
3.8687E-03   -3.9640E-03   
2.9287E-03   -4.3280E-03   
1.8864E-03   -4.6714E-03   
9.3428E-04   -4.8633E-03   
1.5233E-02   -3.9001E-04   
1.4434E-02   -7.4869E-04   
1.3374E-02   -1.1209E-03   
1.2443E-02   -1.4594E-03   
1.1454E-02   -1.6540E-03   
1.0482E-02   -1.8855E-03   
9.5428E-03   -2.1274E-03   
8.5929E-03   -2.3784E-03   
7.6322E-03   -2.6579E-03   
6.5885E-03   -2.9653E-03   
5.5911E-03   -3.4038E-03   
4.5860E-03   -3.8247E-03   
3.6760E-03   -4.2352E-03   
2.7262E-03   -4.6381E-03   
1.7587E-03   -4.9631E-03   
9.7759E-04   -5.1077E-03   
1.4926E-02   -6.6394E-04   
1.3969E-02   -1.1586E-03   
1.3201E-02   -1.4051E-03   
1.1961E-02   -1.7914E-03   
1.1197E-02   -1.9858E-03   
1.0120E-02   -2.2504E-03   
9.1664E-03   -2.5027E-03   
8.3201E-03   -2.6819E-03   
7.2812E-03   -2.9732E-03   
6.2652E-03   -3.3512E-03   
5.4372E-03   -3.6523E-03   
4.4208E-03   -4.1037E-03   
3.3988E-03   -4.5771E-03   
2.5093E-03   -4.9432E-03   
1.6634E-03   -5.2236E-03   
7.3644E-04   -5.4542E-03   
9.1982E-04   -1.3447E-03   
1.7660E-03   -1.4504E-03   
2.5772E-03   -1.6134E-03   
3.2548E-03   -1.8519E-03   
3.8329E-03   -2.1041E-03   
4.3993E-03   -2.4020E-03   
4.8600E-03   -2.6357E-03   
5.4560E-03   -2.8057E-03   
5.6211E-03   -2.7309E-03   
5.7740E-03   -2.6376E-03   
5.9247E-03   -2.5445E-03   
6.0766E-03   -2.4538E-03   
6.2288E-03   -2.3649E-03   
6.3805E-03   -2.2772E-03   
6.6792E-03   -2.1043E-03   
6.8250E-03   -2.0184E-03   
6.9679E-03   -1.9327E-03   
7.1075E-03   -1.8469E-03   
7.2432E-03   -1.7610E-03   
7.3746E-03   -1.6744E-03   
7.5011E-03   -1.5874E-03   
7.7383E-03   -1.4115E-03   
7.8484E-03   -1.3223E-03   
7.9523E-03   -1.2323E-03   
8.0497E-03   -1.1413E-03   
8.1403E-03   -1.0496E-03   
8.2240E-03   -9.5688E-04   
8.3004E-03   -8.6338E-04   
8.4306E-03   -6.7396E-04   
8.4839E-03   -5.7807E-04   
8.5292E-03   -4.8132E-04   
8.5630E-03   -3.8406E-04   
8.5977E-03   -2.8834E-04   
8.6129E-03   -1.9327E-04   
8.6295E-03   -9.4165E-05   
8.6737E-03   -4.4308E-34   
8.7005E-03   -4.2435E-34   
8.7212E-03   -3.2416E-34   
8.7391E-03   -1.7880E-34   
8.7565E-03   -1.4103E-34   
8.7993E-03   -8.6809E-35   
8.8282E-03   -6.6274E-35   
8.8640E-03   -4.9066E-35   
8.9077E-03   -3.4497E-35   
9.0226E-03   -1.1183E-35   
9.0950E-03   -1.7696E-36   
9.1784E-03   6.6066E-36   
9.2731E-03   1.4521E-35   
9.4977E-03   2.9579E-35   
9.6285E-03   3.6708E-35   
9.9284E-03   5.1310E-35   
1.0098E-02   5.9035E-35   
1.0478E-02   1.1265E-34   
1.0688E-02   8.6391E-35   
1.1151E-02   1.6643E-34   
1.1672E-02   2.1750E-34   
1.1953E-02   2.4554E-34   
1.2560E-02   2.9475E-34   
1.3225E-02   3.9030E-34   
1.4329E-02   5.7074E-34   
1.5135E-02   5.8517E-34   
1.6000E-02   -1.4459E-34   
1.6000E-02   -1.4459E-34   
1.6000E-02   -1.4459E-34   
1.6000E-02   -1.4459E-34   
1.6000E-02   -1.4459E-34   
1.4107E-02   -1.1697E-03   
1.1655E-02   -2.1051E-03   
9.8643E-03   -2.5640E-03   
8.0713E-03   -3.0095E-03   
6.8825E-03   -3.3460E-03   
5.1514E-03   -3.9482E-03   
4.0785E-03   -4.4052E-03   
2.6591E-03   -5.0532E-03   
1.8290E-03   -5.3830E-03   
1.0642E-03   -5.6039E-03   
3.4904E-04   -5.7140E-03   
7.2100E-34   -5.6044E-03   
1.0331E-33   -5.3627E-03   
1.0271E-33   -5.1340E-03   
1.5023E-33   -5.0281E-03   
1.5309E-33   -4.8360E-03   
9.4286E-34   -4.6731E-03   
9.1932E-34   -4.6030E-03   
8.8583E-34   -4.5407E-03   
8.2987E-34   -4.4391E-03   
8.0595E-34   -4.3996E-03   
7.6585E-34   -4.3425E-03   
7.4958E-34   -4.3249E-03   
7.3783E-34   -4.3143E-03   
7.2008E-34   -4.3133E-03   
7.1120E-34   -4.3212E-03   
6.9956E-34   -4.3309E-03   
6.8617E-34   -4.3386E-03   
6.5809E-34   -4.3354E-03   
6.3809E-34   -4.3162E-03   
6.1951E-34   -4.2789E-03   
6.0131E-34   -4.2180E-03   
5.7944E-34   -4.1276E-03   
5.4186E-34   -3.8434E-03   
5.2367E-34   -3.6455E-03   
5.0365E-34   -3.4102E-03   
4.8522E-34   -3.1404E-03   
4.6840E-34   -2.8387E-03   
6.8444E-34   -2.5003E-03   
6.3494E-34   -2.1392E-03   
4.6782E-34   -1.7281E-03   
5.7256E-03   -2.5588E-03   
6.7928E-03   -1.9010E-03   
7.2197E-03   -1.6292E-03   
6.0326E-03   -2.3651E-03   
8.2464E-03   -8.2707E-04   
5.2594E-03   -2.8484E-03   
2.9816E-03   -2.0148E-03   
7.9608E-03   -1.0926E-03   
8.5176E-03   -4.7444E-04   
7.6156E-03   -1.3601E-03   
6.3406E-03   -2.1769E-03   
8.3986E-03   -6.5081E-04   
6.4935E-03   -2.0843E-03   
5.0310E-03   -2.8555E-03   
7.4894E-03   -1.4498E-03   
8.0632E-03   -1.0039E-03   
8.6509E-03   -1.3328E-04   
1.2301E-03   -1.7352E-03   
4.6679E-03   -2.7182E-03   
6.9375E-03   -1.8101E-03   
7.0785E-03   -1.7193E-03   
8.3265E-03   -7.3890E-04   
3.6212E-03   -2.2276E-03   
8.5646E-03   -3.8487E-04   
2.1535E-03   -1.8615E-03   
4.2014E-03   -2.5062E-03   
8.1585E-03   -9.1541E-04   
8.4623E-03   -5.6266E-04   
5.4231E-03   -2.7613E-03   
7.8518E-03   -1.1816E-03   
7.7366E-03   -1.2708E-03   
6.1869E-03   -2.2705E-03   
5.5735E-03   -2.6594E-03   
5.8789E-03   -2.4611E-03   
6.6446E-03   -1.9925E-03   
7.3570E-03   -1.5395E-03   
7.9232E-04   -2.6862E-03   
7.7014E-04   -3.0011E-03   
7.4563E-04   -3.2878E-03   
7.1302E-04   -3.5395E-03   
6.7323E-04   -3.7526E-03   
6.2939E-04   -3.9267E-03   
5.7992E-04   -4.0629E-03   
5.2488E-04   -4.1637E-03   
4.6634E-04   -4.2337E-03   
8.7041E-03   -6.9704E-05   
4.0787E-04   -4.2784E-03   
8.7222E-03   -5.7481E-05   
3.5280E-04   -4.3039E-03   
8.7388E-03   -4.8503E-05   
3.0319E-04   -4.3155E-03   
8.7566E-03   -4.1414E-05   
2.6042E-04   -4.3178E-03   
8.7776E-03   -3.6102E-05   
2.2655E-04   -4.3146E-03   
8.8036E-03   -3.2202E-05   
2.0250E-04   -4.3086E-03   
8.8358E-03   -2.9502E-05   
1.8955E-04   -4.3027E-03   
8.8756E-03   -2.7809E-05   
1.8833E-04   -4.2998E-03   
8.9239E-03   -2.6925E-05   
1.9243E-04   -4.3019E-03   
8.9814E-03   -2.6677E-05   
1.9842E-04   -4.3103E-03   
9.0490E-03   -2.6978E-05   
2.0535E-04   -4.3252E-03   
9.1273E-03   -2.7727E-05   
2.1348E-04   -4.3470E-03   
9.2168E-03   -2.8806E-05   
2.2286E-04   -4.3759E-03   
9.3177E-03   -3.0090E-05   
2.3273E-04   -4.4120E-03   
9.4306E-03   -3.1272E-05   
2.4277E-04   -4.4554E-03   
9.5549E-03   -3.2793E-05   
2.5281E-04   -4.5062E-03   
9.6906E-03   -3.4521E-05   
2.6242E-04   -4.5642E-03   
9.8384E-03   -3.6657E-05   
2.7471E-04   -4.6289E-03   
1.0000E-02   -3.8454E-05   
2.8859E-04   -4.7014E-03   
1.0176E-02   -3.9499E-05   
2.9565E-04   -4.7820E-03   
1.0366E-02   -4.0441E-05   
3.0237E-04   -4.8694E-03   
1.0572E-02   -4.1285E-05   
3.2232E-04   -4.9644E-03   
1.0794E-02   -4.1201E-05   
3.3218E-04   -5.0693E-03   
1.1024E-02   -3.9495E-05   
3.3087E-04   -5.1807E-03   
1.1265E-02   -4.0217E-05   
3.3875E-04   -5.2963E-03   
1.1524E-02   -3.9739E-05   
3.5189E-04   -5.4196E-03   
6.1542E-03   -2.1722E-03   
7.6202E-03   -1.2294E-03   
8.0849E-03   -8.7962E-04   
5.5284E-03   -2.5791E-03   
8.6423E-03   -1.9999E-04   
2.5861E-03   -2.2366E-03   
6.9105E-03   -1.6892E-03   
8.5514E-03   -3.8526E-04   
3.9915E-03   -2.6066E-03   
5.0619E-03   -2.8924E-03   
4.8361E-03   -2.9146E-03   
7.3512E-03   -1.4108E-03   
6.4673E-03   -1.9765E-03   
8.3568E-03   -6.2917E-04   
8.4303E-03   -5.4748E-04   
6.6200E-03   -1.8803E-03   
7.2065E-03   -1.5020E-03   
8.1836E-03   -7.9516E-04   
7.9786E-03   -9.6526E-04   
5.6837E-03   -2.4749E-03   
5.2228E-03   -2.7944E-03   
1.6550E-03   -2.1579E-03   
5.8399E-03   -2.3726E-03   
6.7658E-03   -1.7851E-03   
7.0579E-03   -1.5945E-03   
8.2744E-03   -7.1170E-04   
8.4950E-03   -4.6631E-04   
5.9971E-03   -2.2719E-03   
7.7458E-03   -1.1402E-03   
4.4688E-03   -2.7975E-03   
5.3750E-03   -2.6854E-03   
7.8655E-03   -1.0521E-03   
8.6004E-03   -3.0126E-04   
3.3426E-03   -2.3699E-03   
7.4886E-03   -1.3200E-03   
6.3115E-03   -2.0739E-03   
7.8784E-04   -2.3399E-03   
1.5785E-03   -2.8638E-03   
1.5435E-03   -3.1645E-03   
1.4730E-03   -3.4296E-03   
1.3786E-03   -3.6523E-03   
1.2815E-03   -3.8325E-03   
1.1767E-03   -3.9714E-03   
1.0612E-03   -4.0732E-03   
8.6817E-03   -9.0856E-05   
9.3952E-04   -4.1447E-03   
8.1907E-04   -4.1928E-03   
8.6899E-03   -1.2315E-04   
7.0716E-04   -4.2240E-03   
8.7041E-03   -1.0548E-04   
6.0923E-04   -4.2432E-03   
8.7201E-03   -8.9232E-05   
5.2836E-04   -4.2540E-03   
8.7386E-03   -7.7111E-05   
4.6494E-04   -4.2595E-03   
8.7614E-03   -6.8238E-05   
4.1849E-04   -4.2619E-03   
8.7901E-03   -6.1833E-05   
3.9028E-04   -4.2632E-03   
8.8259E-03   -5.7582E-05   
3.8004E-04   -4.2657E-03   
8.8698E-03   -5.5166E-05   
3.8420E-04   -4.2702E-03   
8.9228E-03   -5.4208E-05   
3.9272E-04   -4.2790E-03   
8.9858E-03   -5.4285E-05   
4.0406E-04   -4.2929E-03   
9.0598E-03   -5.5398E-05   
4.1861E-04   -4.3127E-03   
9.1442E-03   -5.7433E-05   
4.3610E-04   -4.3389E-03   
9.2402E-03   -6.0066E-05   
4.5560E-04   -4.3719E-03   
9.3494E-03   -6.2202E-05   
4.7594E-04   -4.4120E-03   
9.4683E-03   -6.3563E-05   
4.9622E-04   -4.4593E-03   
9.5932E-03   -6.7623E-05   
5.1317E-04   -4.5138E-03   
9.7313E-03   -7.1000E-05   
5.2580E-04   -4.5740E-03   
9.8827E-03   -7.6540E-05   
5.5993E-04   -4.6379E-03   
1.0052E-02   -7.9019E-05   
5.8949E-04   -4.7131E-03   
1.0236E-02   -8.0232E-05   
5.8879E-04   -4.7982E-03   
1.0434E-02   -8.2498E-05   
6.1359E-04   -4.8830E-03   
1.0655E-02   -8.3476E-05   
6.9529E-04   -4.9779E-03   
1.0894E-02   -8.1631E-05   
6.6319E-04   -5.0970E-03   
1.1115E-02   -7.4413E-05   
6.6690E-04   -5.2077E-03   
1.1350E-02   -8.7608E-05   
6.8977E-04   -5.3219E-03   
1.1798E-02   -4.1123E-05   
6.8945E-03   -1.5718E-03   
7.0551E-03   -1.4733E-03   
6.4525E-03   -1.8711E-03   
7.2094E-03   -1.3810E-03   
6.2937E-03   -1.9701E-03   
4.8625E-03   -2.9382E-03   
5.0224E-03   -2.8311E-03   
5.1769E-03   -2.7168E-03   
5.3330E-03   -2.6049E-03   
5.4904E-03   -2.4950E-03   
4.6326E-03   -2.9752E-03   
5.6494E-03   -2.3870E-03   
6.1326E-03   -2.0720E-03   
7.3578E-03   -1.2898E-03   
5.8097E-03   -2.2805E-03   
5.9711E-03   -2.1756E-03   
4.2450E-03   -2.8787E-03   
7.4995E-03   -1.1982E-03   
8.3068E-03   -6.0940E-04   
8.3902E-03   -5.3252E-04   
8.4632E-03   -4.5773E-04   
8.2143E-03   -6.8795E-04   
3.6879E-03   -2.7291E-03   
7.6351E-03   -1.1080E-03   
8.1134E-03   -7.6802E-04   
7.8880E-03   -9.3369E-04   
7.7647E-03   -1.0198E-03   
8.0044E-03   -8.4994E-04   
2.9228E-03   -2.5630E-03   
2.2618E-03   -2.4576E-03   
8.5270E-03   -3.8347E-04   
8.5835E-03   -3.0773E-04   
8.6328E-03   -2.2990E-04   
1.5948E-03   -2.5500E-03   
2.2849E-03   -3.3233E-03   
2.1055E-03   -3.5446E-03   
1.9425E-03   -3.7200E-03   
1.7765E-03   -3.8507E-03   
1.6001E-03   -3.9443E-03   
1.4192E-03   -4.0112E-03   
8.6723E-03   -1.4778E-04   
1.2434E-03   -4.0603E-03   
1.0815E-03   -4.0977E-03   
8.6517E-03   -1.7761E-04   
9.3930E-04   -4.1270E-03   
8.6680E-03   -1.4571E-04   
8.1987E-04   -4.1503E-03   
8.6839E-03   -1.2461E-04   
7.2468E-04   -4.1689E-03   
8.7033E-03   -1.0934E-04   
6.5327E-04   -4.1841E-03   
8.7281E-03   -9.8413E-05   
6.0832E-04   -4.1956E-03   
8.7603E-03   -9.0449E-05   
5.9170E-04   -4.2039E-03   
8.7999E-03   -8.5701E-05   
5.8468E-04   -4.2164E-03   
8.8475E-03   -8.3704E-05   
5.8765E-04   -4.2305E-03   
8.9058E-03   -8.3161E-05   
6.0007E-04   -4.2455E-03   
8.9759E-03   -8.3859E-05   
6.1665E-04   -4.2651E-03   
9.0549E-03   -8.6617E-05   
6.3964E-04   -4.2893E-03   
9.1450E-03   -9.0741E-05   
6.6985E-04   -4.3191E-03   
9.2509E-03   -9.4411E-05   
7.0111E-04   -4.3559E-03   
9.3735E-03   -9.6297E-05   
7.3180E-04   -4.4002E-03   
9.4923E-03   -9.3926E-05   
7.5844E-04   -4.4525E-03   
9.6041E-03   -1.0917E-04   
7.6980E-04   -4.5129E-03   
7.5786E-04   -4.5730E-03   
8.8994E-04   -4.7201E-03   
1.0271E-02   -1.2391E-04   
9.7694E-04   -5.0097E-03   
9.9643E-04   -5.2087E-03   
1.0731E-02   -1.2791E-04   
1.2101E-02   -4.3010E-05   
8.4943E-03   -3.8212E-04   
8.5568E-03   -3.1265E-04   
8.6144E-03   -2.4135E-04   
6.5942E-03   -1.6845E-03   
6.4516E-03   -1.7666E-03   
4.6500E-03   -2.9881E-03   
4.3977E-03   -3.0452E-03   
5.2984E-03   -2.5212E-03   
4.8182E-03   -2.8714E-03   
5.4604E-03   -2.4079E-03   
4.9783E-03   -2.7525E-03   
6.2887E-03   -1.8665E-03   
7.2276E-03   -1.2708E-03   
5.1381E-03   -2.6361E-03   
8.2504E-03   -5.9182E-04   
8.1478E-03   -6.6786E-04   
5.6240E-03   -2.2962E-03   
5.7893E-03   -2.1861E-03   
7.7921E-03   -9.0931E-04   
7.9182E-03   -8.2626E-04   
8.3445E-03   -5.1736E-04   
3.8976E-03   -2.9921E-03   
8.4254E-03   -4.4876E-04   
6.1224E-03   -1.9708E-03   
7.6593E-03   -9.9568E-04   
5.9559E-03   -2.0776E-03   
8.0370E-03   -7.4592E-04   
7.3760E-03   -1.1769E-03   
7.5203E-03   -1.0851E-03   
2.8136E-03   -3.4324E-03   
2.5798E-03   -3.5921E-03   
2.3582E-03   -3.7015E-03   
2.1317E-03   -3.7791E-03   
1.9065E-03   -3.8380E-03   
1.6914E-03   -3.8863E-03   
1.4933E-03   -3.9288E-03   
1.3166E-03   -3.9675E-03   
8.6552E-03   -1.8300E-04   
8.6032E-03   -2.1139E-04   
1.1638E-03   -4.0032E-03   
8.6153E-03   -1.8081E-04   
1.0364E-03   -4.0364E-03   
8.6317E-03   -1.5686E-04   
9.3468E-04   -4.0672E-03   
8.6520E-03   -1.4020E-04   
8.6020E-04   -4.0950E-03   
8.6790E-03   -1.2861E-04   
8.1666E-04   -4.1173E-03   
8.7168E-03   -1.1917E-04   
8.3310E-04   -4.1253E-03   
8.7578E-03   -1.1588E-04   
7.9444E-04   -4.1599E-03   
8.8079E-03   -1.1513E-04   
7.9800E-04   -4.1817E-03   
8.8757E-03   -1.1488E-04   
8.1356E-04   -4.2047E-03   
8.9523E-03   -1.1612E-04   
8.7115E-04   -4.2556E-03   
1.0227E-03   -4.5145E-03   
9.1287E-03   -1.2909E-04   
9.2139E-04   -4.2866E-03   
9.6205E-04   -4.3285E-03   
1.0361E-03   -4.4377E-03   
9.7604E-03   -1.0528E-04   
1.0103E-02   -1.1596E-04   
1.0295E-02   -1.7363E-04   
9.2528E-03   -1.3352E-04   
1.3303E-03   -5.0834E-03   
1.0530E-02   -1.7601E-04   
1.0271E-03   -4.9230E-03   
9.5344E-03   -1.5410E-04   
1.2323E-03   -4.6262E-03   
8.5847E-03   -2.5362E-04   
8.5178E-03   -3.2260E-04   
8.4570E-03   -3.8366E-04   
6.9592E-03   -1.3454E-03   
6.9099E-03   -1.4523E-03   
7.0951E-03   -1.2591E-03   
6.3036E-03   -1.7629E-03   
8.2919E-03   -5.0498E-04   
4.6060E-03   -2.9134E-03   
8.3873E-03   -4.3353E-04   
4.4115E-03   -3.0443E-03   
4.0666E-03   -3.1481E-03   
4.7789E-03   -2.7896E-03   
5.2722E-03   -2.4350E-03   
5.1074E-03   -2.5528E-03   
6.1260E-03   -1.8693E-03   
4.9446E-03   -2.6704E-03   
5.4394E-03   -2.3185E-03   
7.2495E-03   -1.1646E-03   
7.8270E-03   -8.0878E-04   
8.1872E-03   -5.7819E-04   
5.6087E-03   -2.2035E-03   
7.9550E-03   -7.2913E-04   
8.0751E-03   -6.5253E-04   
7.6916E-03   -8.9233E-04   
5.7798E-03   -2.0901E-03   
5.9525E-03   -1.9787E-03   
7.5495E-03   -9.7977E-04   
7.4018E-03   -1.0709E-03   
2.8355E-03   -2.9917E-03   
3.1349E-03   -3.4596E-03   
2.8899E-03   -3.5311E-03   
2.6393E-03   -3.5882E-03   
2.3932E-03   -3.6373E-03   
2.1583E-03   -3.6830E-03   
1.9395E-03   -3.7276E-03   
1.7401E-03   -3.7720E-03   
1.5626E-03   -3.8164E-03   
8.5277E-03   -2.5246E-04   
1.4093E-03   -3.8601E-03   
8.5486E-03   -2.1203E-04   
1.2819E-03   -3.9028E-03   
1.1772E-03   -3.9459E-03   
8.5652E-03   -1.8794E-04   
8.5848E-03   -1.7194E-04   
1.0887E-03   -3.9914E-03   
8.6099E-03   -1.6258E-04   
1.0060E-03   -4.0712E-03   
8.6840E-03   -1.5415E-04   
1.0167E-03   -4.0920E-03   
8.8370E-03   -1.5005E-04   
8.7575E-03   -1.5040E-04   
1.0301E-03   -4.1231E-03   
1.1473E-03   -4.1988E-03   
8.3095E-04   -4.2305E-03   
1.1925E-03   -4.2433E-03   
1.2460E-03   -4.2892E-03   
1.2642E-03   -4.9227E-03   
1.2538E-03   -4.8330E-03   
1.3042E-03   -4.3422E-03   
9.1008E-03   -1.7405E-04   
9.6887E-03   -1.4253E-04   
9.3841E-03   -1.8970E-04   
1.0056E-02   -1.6657E-04   
9.2367E-03   -1.7960E-04   
9.0320E-03   -1.2247E-04   
1.3759E-03   -4.4089E-03   
1.1760E-03   -4.7449E-03   
1.2955E-03   -4.5193E-03   
1.0776E-02   -1.7692E-04   
1.2543E-03   -5.1967E-03   
1.2154E-03   -5.0135E-03   
1.0315E-02   -2.2715E-04   
6.7779E-03   -1.4072E-03   
8.5397E-03   -2.7446E-04   
8.3352E-03   -4.2707E-04   
4.5792E-03   -2.8239E-03   
8.2281E-03   -4.9907E-04   
4.3871E-03   -2.9535E-03   
3.7180E-03   -3.2666E-03   
6.1439E-03   -1.7656E-03   
5.0848E-03   -2.4677E-03   
4.9180E-03   -2.5880E-03   
4.7548E-03   -2.7059E-03   
7.1188E-03   -1.1657E-03   
5.2554E-03   -2.3470E-03   
7.8682E-03   -7.1781E-04   
5.4286E-03   -2.2274E-03   
7.9967E-03   -6.4207E-04   
8.1162E-03   -5.6961E-04   
7.7311E-03   -7.9797E-04   
5.6043E-03   -2.1095E-03   
5.9612E-03   -1.8790E-03   
7.2792E-03   -1.0663E-03   
7.5865E-03   -8.8280E-04   
5.7822E-03   -1.9934E-03   
7.4355E-03   -9.7240E-04   
3.5985E-03   -3.2978E-03   
3.3699E-03   -3.3412E-03   
6.5442E-03   -1.5370E-03   
3.1208E-03   -3.3828E-03   
6.3366E-03   -1.6518E-03   
2.8715E-03   -3.4242E-03   
2.6325E-03   -3.4652E-03   
2.4065E-03   -3.5077E-03   
2.1955E-03   -3.5528E-03   
2.0028E-03   -3.6002E-03   
1.8313E-03   -3.6492E-03   
1.2952E-03   -3.9478E-03   
8.4599E-03   -2.7107E-04   
1.6837E-03   -3.6989E-03   
1.5588E-03   -3.7498E-03   
8.4722E-03   -2.4138E-04   
1.4492E-03   -3.8062E-03   
8.4844E-03   -2.2065E-04   
8.4994E-03   -2.0788E-04   
1.0263E-03   -4.0310E-03   
8.6243E-03   -1.9104E-04   
1.2941E-03   -3.9960E-03   
1.2345E-03   -4.1266E-03   
9.5827E-03   -1.9797E-04   
9.1956E-03   -2.3285E-04   
8.8004E-03   -1.9224E-04   
1.4816E-03   -4.1900E-03   
8.6997E-03   -1.9023E-04   
1.5596E-03   -4.2334E-03   
1.0329E-03   -4.1611E-03   
1.5169E-03   -4.9334E-03   
1.6251E-03   -4.2872E-03   
9.8132E-03   -1.8807E-04   
1.5887E-03   -4.5159E-03   
1.5365E-03   -4.6228E-03   
8.9696E-03   -1.6958E-04   
1.5702E-03   -4.8136E-03   
1.4192E-03   -4.1489E-03   
9.0615E-03   -2.2453E-04   
1.0557E-02   -2.2836E-04   
1.0091E-02   -2.2250E-04   
8.3622E-03   -3.6800E-04   
8.2625E-03   -4.3357E-04   
8.4505E-03   -3.4154E-04   
4.1526E-03   -3.0047E-03   
4.5867E-03   -2.7385E-03   
6.9772E-03   -1.1749E-03   
4.8968E-03   -2.5053E-03   
8.1546E-03   -4.9928E-04   
4.7264E-03   -2.6289E-03   
5.0711E-03   -2.3811E-03   
3.2335E-03   -3.1982E-03   
5.2484E-03   -2.2576E-03   
5.9830E-03   -1.7785E-03   
7.7767E-03   -7.1239E-04   
8.0381E-03   -5.6694E-04   
7.9123E-03   -6.3752E-04   
7.1504E-03   -1.0706E-03   
5.4286E-03   -2.1353E-03   
7.6305E-03   -7.9393E-04   
5.6113E-03   -2.0148E-03   
5.7963E-03   -1.8960E-03   
7.3166E-03   -9.7297E-04   
7.4768E-03   -8.8097E-04   
6.1783E-03   -1.6600E-03   
3.8181E-03   -3.1526E-03   
3.5798E-03   -3.1766E-03   
3.3301E-03   -3.2126E-03   
4.0801E-03   -3.1295E-03   
3.0971E-03   -3.2470E-03   
6.3821E-03   -1.5401E-03   
6.5928E-03   -1.4170E-03   
2.8753E-03   -3.2827E-03   
8.4368E-03   -3.1005E-04   
6.7938E-03   -1.2930E-03   
2.6642E-03   -3.3224E-03   
2.4669E-03   -3.3667E-03   
2.1252E-03   -3.4665E-03   
8.3792E-03   -2.9822E-04   
1.9883E-03   -3.5190E-03   
1.8787E-03   -3.5715E-03   
8.3793E-03   -2.7569E-04   
8.3880E-03   -2.5748E-04   
1.5173E-03   -3.8027E-03   
1.3224E-03   -4.0426E-03   
8.5437E-03   -2.3471E-04   
8.9395E-03   -2.1813E-04   
1.7868E-03   -4.1191E-03   
1.3161E-03   -3.8874E-03   
9.3392E-03   -2.4480E-04   
1.6245E-03   -3.8082E-03   
9.0012E-03   -2.8111E-04   
1.3916E-03   -4.1093E-03   
1.8803E-03   -4.5052E-03   
1.6956E-03   -4.0833E-03   
1.7065E-03   -4.3272E-03   
8.8374E-03   -2.1710E-04   
9.9044E-03   -2.1966E-04   
8.6186E-03   -2.3873E-04   
1.6503E-03   -4.4104E-03   
1.5388E-03   -4.7189E-03   
1.0088E-02   -2.8119E-04   
1.0783E-02   -2.2560E-04   
1.5533E-03   -5.1255E-03   
1.9511E-03   -4.7825E-03   
9.7450E-03   -1.6280E-04   
8.1855E-03   -4.4287E-04   
4.5049E-03   -2.6896E-03   
6.0180E-03   -1.6778E-03   
4.7047E-03   -2.5485E-03   
4.8860E-03   -2.4202E-03   
8.0749E-03   -5.0582E-04   
5.0675E-03   -2.2934E-03   
7.0156E-03   -1.0837E-03   
7.8271E-03   -6.3639E-04   
7.9581E-03   -5.6919E-04   
5.2523E-03   -2.1673E-03   
7.6812E-03   -7.1316E-04   
5.8219E-03   -1.7986E-03   
5.4401E-03   -2.0427E-03   
7.1924E-03   -9.8178E-04   
5.6303E-03   -1.9198E-03   
7.5255E-03   -7.9674E-04   
7.3622E-03   -8.8649E-04   
4.0236E-03   -2.9690E-03   
3.7385E-03   -3.0206E-03   
8.3741E-03   -3.2723E-04   
3.5284E-03   -3.0434E-03   
6.6344E-03   -1.3111E-03   
6.2220E-03   -1.5556E-03   
6.8300E-03   -1.1937E-03   
3.3244E-03   -3.0665E-03   
3.1234E-03   -3.0955E-03   
6.4294E-03   -1.4330E-03   
2.9322E-03   -3.1304E-03   
2.7536E-03   -3.1708E-03   
2.5906E-03   -3.2169E-03   
8.4006E-03   -2.4700E-04   
2.4495E-03   -3.2653E-03   
1.7853E-03   -3.6336E-03   
2.3419E-03   -3.3105E-03   
8.2640E-03   -3.4222E-04   
8.7720E-03   -2.6305E-04   
8.2698E-03   -3.1504E-04   
1.6378E-03   -3.8538E-03   
1.5600E-03   -4.0017E-03   
8.4800E-03   -2.3562E-04   
1.6746E-03   -3.7440E-03   
8.6914E-03   -2.5089E-04   
2.0006E-03   -3.9777E-03   
2.0017E-03   -4.2788E-03   
1.6405E-03   -4.0375E-03   
1.8882E-03   -4.2412E-03   
8.4414E-03   -2.8778E-04   
9.6746E-03   -2.5508E-04   
2.2436E-03   -4.3689E-03   
9.8777E-03   -2.7296E-04   
1.8029E-03   -4.6071E-03   
1.0070E-02   -3.4622E-04   
1.9475E-03   -5.0135E-03   
1.0607E-02   -2.8745E-04   
1.1017E-02   -1.8770E-04   
2.2028E-03   -4.8241E-03   
9.4572E-03   -2.6615E-04   
8.2140E-03   -3.9520E-04   
4.3733E-03   -2.8443E-03   
4.5203E-03   -2.5860E-03   
4.7010E-03   -2.4608E-03   
5.8584E-03   -1.7022E-03   
4.8859E-03   -2.3332E-03   
8.0016E-03   -5.1614E-04   
7.8878E-03   -5.6686E-04   
5.0749E-03   -2.2047E-03   
4.0320E-03   -2.8761E-03   
7.7406E-03   -6.3866E-04   
7.0636E-03   -9.9729E-04   
5.2677E-03   -2.0766E-03   
5.6596E-03   -1.8254E-03   
7.5820E-03   -7.1915E-04   
5.4632E-03   -1.9500E-03   
7.2431E-03   -8.9827E-04   
7.4158E-03   -8.0570E-04   
3.8991E-03   -2.8698E-03   
6.0631E-03   -1.5784E-03   
6.6817E-03   -1.2151E-03   
6.8763E-03   -1.1031E-03   
3.7322E-03   -2.8710E-03   
6.4786E-03   -1.3333E-03   
3.5467E-03   -2.8874E-03   
3.3715E-03   -2.9084E-03   
6.2711E-03   -1.4550E-03   
8.3049E-03   -3.4764E-04   
2.9122E-03   -3.0096E-03   
3.2055E-03   -2.9352E-03   
8.2758E-03   -2.9967E-04   
3.0516E-03   -2.9692E-03   
8.5069E-03   -2.0581E-04   
1.9965E-03   -3.5425E-03   
2.2705E-03   -3.3521E-03   
2.0114E-03   -3.5772E-03   
2.8028E-03   -3.0491E-03   
8.1464E-03   -3.7902E-04   
8.5119E-03   -2.9682E-04   
8.3774E-03   -2.8477E-04   
1.9486E-03   -3.6581E-03   
1.9962E-03   -3.9063E-03   
2.1907E-03   -4.1387E-03   
9.8530E-03   -3.3848E-04   
8.5888E-03   -3.0970E-04   
1.9522E-03   -3.8459E-03   
9.2617E-03   -3.0755E-04   
2.3075E-03   -4.2519E-03   
9.4123E-03   -3.3166E-04   
2.1736E-03   -4.5028E-03   
1.6848E-03   -3.8826E-03   
1.0309E-02   -3.5191E-04   
8.8771E-03   -2.7214E-04   
1.1287E-02   -1.4680E-04   
2.4419E-03   -4.6356E-03   
4.1811E-03   -2.7514E-03   
8.0991E-03   -4.5857E-04   
4.5199E-03   -2.5004E-03   
4.7070E-03   -2.3736E-03   
4.8988E-03   -2.2450E-03   
5.6989E-03   -1.7323E-03   
7.9812E-03   -4.9075E-04   
4.3624E-03   -2.6886E-03   
7.8114E-03   -5.6771E-04   
5.9049E-03   -1.6073E-03   
5.0954E-03   -2.1149E-03   
7.6460E-03   -6.4763E-04   
5.2959E-03   -1.9851E-03   
5.4974E-03   -1.8575E-03   
7.1192E-03   -9.1593E-04   
7.4770E-03   -7.3069E-04   
7.3012E-03   -8.1973E-04   
4.1004E-03   -2.6971E-03   
6.5330E-03   -1.2408E-03   
6.9304E-03   -1.0185E-03   
6.7349E-03   -1.1269E-03   
8.4308E-03   -2.3879E-04   
3.9071E-03   -2.7127E-03   
6.1144E-03   -1.4827E-03   
3.7590E-03   -2.7162E-03   
6.3247E-03   -1.3600E-03   
8.1477E-03   -3.5904E-04   
3.3485E-03   -2.7711E-03   
3.6144E-03   -2.7256E-03   
3.2406E-03   -2.8030E-03   
3.4769E-03   -2.7440E-03   
2.4861E-03   -3.3426E-03   
8.1256E-03   -4.1432E-04   
8.2825E-03   -2.9290E-04   
2.7256E-03   -3.0867E-03   
8.6717E-03   -1.4518E-04   
2.3496E-03   -3.5819E-03   
8.3239E-03   -2.8711E-04   
8.7934E-03   -3.3473E-04   
8.6804E-03   -3.2263E-04   
8.3912E-03   -3.6170E-04   
8.3205E-03   -3.4968E-04   
9.1387E-03   -3.7833E-04   
8.2575E-03   -3.4247E-04   
1.9103E-03   -3.8024E-03   
2.4415E-03   -3.7367E-03   
2.2361E-03   -3.3850E-03   
2.4296E-03   -3.3150E-03   
2.4074E-03   -3.9632E-03   
9.4472E-03   -3.8857E-04   
2.3665E-03   -4.1470E-03   
2.0701E-03   -3.6525E-03   
1.0042E-02   -4.1707E-04   
2.2737E-03   -4.5877E-03   
1.1628E-02   -7.5049E-05   
2.6093E-03   -4.2091E-03   
1.1252E-02   -2.0307E-04   
9.8200E-03   -4.0977E-04   
9.1351E-03   -2.9035E-04   
2.5580E-03   -4.3234E-03   
4.3405E-03   -2.6249E-03   
4.5342E-03   -2.4117E-03   
4.7279E-03   -2.2862E-03   
5.7471E-03   -1.6414E-03   
7.8871E-03   -4.9861E-04   
4.9239E-03   -2.1567E-03   
5.5409E-03   -1.7667E-03   
7.7126E-03   -5.8332E-04   
5.1292E-03   -2.0241E-03   
5.3358E-03   -1.8937E-03   
7.5462E-03   -6.6156E-04   
6.5926E-03   -1.1553E-03   
7.1803E-03   -8.4006E-04   
7.3679E-03   -7.4614E-04   
6.9891E-03   -9.4092E-04   
4.1641E-03   -2.5863E-03   
6.7939E-03   -1.0455E-03   
8.0336E-03   -4.3911E-04   
5.9579E-03   -1.5159E-03   
6.3835E-03   -1.2713E-03   
4.0799E-03   -2.5618E-03   
6.1709E-03   -1.3920E-03   
3.9633E-03   -2.5517E-03   
3.6389E-03   -2.5833E-03   
3.7367E-03   -2.5638E-03   
8.0191E-03   -4.2378E-04   
3.8467E-03   -2.5533E-03   
8.1473E-03   -3.4819E-04   
8.5626E-03   -1.9812E-04   
3.1505E-03   -2.8419E-03   
8.2040E-03   -3.4056E-04   
8.1842E-03   -4.1981E-04   
2.4386E-03   -3.2806E-03   
8.2725E-03   -2.9924E-04   
8.1213E-03   -4.0905E-04   
8.2534E-03   -4.3590E-04   
2.7276E-03   -3.4279E-03   
8.9293E-03   -3.4364E-04   
8.5695E-03   -3.9307E-04   
2.6970E-03   -3.1125E-03   
8.8728E-03   -4.1808E-04   
2.6786E-03   -3.9456E-03   
2.1906E-03   -3.9646E-03   
2.8563E-03   -3.4349E-03   
2.6574E-03   -3.3290E-03   
9.7772E-03   -4.8722E-04   
1.0274E-02   -4.2401E-04   
2.7294E-03   -4.0543E-03   
2.5742E-03   -4.4162E-03   
1.1483E-02   -1.6597E-04   
2.8578E-03   -4.1709E-03   
4.3400E-03   -2.5397E-03   
4.5777E-03   -2.3239E-03   
5.5915E-03   -1.6792E-03   
4.7488E-03   -2.2045E-03   
7.7608E-03   -5.3832E-04   
5.8019E-03   -1.5541E-03   
4.9592E-03   -2.0685E-03   
5.3830E-03   -1.8051E-03   
7.6185E-03   -6.0105E-04   
6.6568E-03   -1.0774E-03   
5.1718E-03   -1.9348E-03   
6.4480E-03   -1.1892E-03   
4.3585E-03   -2.4399E-03   
7.4500E-03   -6.7797E-04   
7.0490E-03   -8.7252E-04   
6.8561E-03   -9.7245E-04   
4.2557E-03   -2.4115E-03   
6.2331E-03   -1.3072E-03   
6.0166E-03   -1.4295E-03   
8.0107E-03   -4.0958E-04   
8.1639E-03   -3.4311E-04   
3.9811E-03   -2.4006E-03   
4.1532E-03   -2.4010E-03   
2.8316E-03   -3.0589E-03   
4.0622E-03   -2.3963E-03   
8.1474E-03   -3.4553E-04   
3.5521E-03   -2.6137E-03   
3.1985E-03   -3.1725E-03   
7.9704E-03   -4.8450E-04   
3.0673E-03   -2.8907E-03   
8.0310E-03   -4.9977E-04   
8.0659E-03   -4.0366E-04   
8.3333E-03   -4.5624E-04   
2.9302E-03   -3.2458E-03   
3.2462E-03   -4.0195E-03   
3.0647E-03   -3.4183E-03   
8.9770E-03   -4.6098E-04   
8.6973E-03   -4.0746E-04   
1.0237E-02   -4.9792E-04   
2.9734E-03   -3.0965E-03   
2.9002E-03   -4.2382E-03   
9.5579E-03   -4.7889E-04   
1.0540E-02   -3.6233E-04   
3.0991E-03   -3.7949E-03   
2.7860E-03   -3.6743E-03   
2.8932E-03   -3.7286E-03   
9.7237E-03   -5.7194E-04   
7.8748E-03   -4.7675E-04   
5.6473E-03   -1.5962E-03   
5.4363E-03   -1.7205E-03   
4.5365E-03   -2.2751E-03   
7.3786E-03   -6.9049E-04   
8.0001E-03   -4.0350E-04   
4.7799E-03   -2.1204E-03   
6.5183E-03   -1.1143E-03   
7.7040E-03   -5.4226E-04   
6.7254E-03   -1.0074E-03   
7.5279E-03   -6.2237E-04   
5.0010E-03   -1.9819E-03   
6.3017E-03   -1.2288E-03   
5.8622E-03   -1.4719E-03   
6.0814E-03   -1.3488E-03   
4.4138E-03   -2.2742E-03   
7.0916E-03   -8.2582E-04   
6.9219E-03   -9.0860E-04   
4.2678E-03   -2.2532E-03   
4.3336E-03   -2.2615E-03   
3.4494E-03   -2.6678E-03   
3.9096E-03   -2.4160E-03   
8.0024E-03   -4.0349E-04   
3.4253E-03   -2.8288E-03   
8.0200E-03   -4.0346E-04   
7.8061E-03   -5.6916E-04   
3.2123E-03   -3.0146E-03   
7.9146E-03   -4.7551E-04   
8.0954E-03   -5.2152E-04   
9.3333E-03   -4.6851E-04   
8.4373E-03   -4.7675E-04   
3.4179E-03   -3.1431E-03   
3.2652E-03   -2.7863E-03   
2.8293E-03   -3.0955E-03   
9.2300E-03   -4.2024E-04   
8.7196E-03   -5.1743E-04   
3.3084E-03   -3.3655E-03   
3.2743E-03   -4.1216E-03   
3.5016E-03   -3.7755E-03   
3.4969E-03   -2.9255E-03   
9.6118E-03   -4.0029E-04   
9.9677E-03   -5.7075E-04   
1.0502E-02   -4.3065E-04   
1.0776E-02   -3.1544E-04   
3.3136E-03   -3.4525E-03   
3.5648E-03   -3.5557E-03   
7.4280E-03   -6.5275E-04   
5.2752E-03   -1.7691E-03   
5.4881E-03   -1.6445E-03   
7.8381E-03   -4.6766E-04   
7.0080E-03   -8.4589E-04   
6.8042E-03   -9.4323E-04   
7.5764E-03   -5.8809E-04   
5.7051E-03   -1.5202E-03   
6.5952E-03   -1.0464E-03   
6.3776E-03   -1.1571E-03   
5.0579E-03   -1.8964E-03   
6.1536E-03   -1.2744E-03   
5.9279E-03   -1.3961E-03   
4.6231E-03   -2.1688E-03   
4.5731E-03   -2.1457E-03   
4.5174E-03   -2.1296E-03   
4.2127E-03   -2.2541E-03   
3.8328E-03   -2.4496E-03   
4.8134E-03   -2.0354E-03   
7.8554E-03   -4.6835E-04   
7.7013E-03   -5.4976E-04   
7.2270E-03   -7.4644E-04   
7.7502E-03   -5.5656E-04   
3.5355E-03   -2.7129E-03   
3.3102E-03   -2.7976E-03   
3.7517E-03   -3.1502E-03   
7.8644E-03   -5.8819E-04   
3.7354E-03   -2.5122E-03   
7.8080E-03   -4.8153E-04   
3.8236E-03   -2.8351E-03   
8.1615E-03   -5.5268E-04   
3.8098E-03   -2.6683E-03   
8.8426E-03   -5.3891E-04   
9.1166E-03   -5.5112E-04   
8.5755E-03   -4.9497E-04   
1.1013E-02   -3.0932E-04   
3.9320E-03   -3.2702E-03   
3.8265E-03   -3.2162E-03   
3.7820E-03   -3.7219E-03   
9.6932E-03   -6.5662E-04   
3.3544E-03   -4.2055E-03   
1.0188E-02   -5.7388E-04   
1.0771E-02   -3.7051E-04   
7.5211E-03   -6.0237E-04   
5.3200E-03   -1.7027E-03   
5.1071E-03   -1.8274E-03   
6.8945E-03   -8.8319E-04   
7.6923E-03   -5.3210E-04   
6.6815E-03   -9.8458E-04   
5.5418E-03   -1.5769E-03   
6.4626E-03   -1.0916E-03   
5.7706E-03   -1.4509E-03   
6.2348E-03   -1.2063E-03   
4.7445E-03   -2.0216E-03   
6.0022E-03   -1.3269E-03   
4.4763E-03   -2.1186E-03   
7.3233E-03   -6.8801E-04   
7.5237E-03   -6.3685E-04   
4.9289E-03   -1.9348E-03   
4.0963E-03   -2.3066E-03   
4.4419E-03   -2.1176E-03   
3.8810E-03   -2.4807E-03   
7.1093E-03   -7.8413E-04   
7.5804E-03   -6.4417E-04   
8.8426E-03   -6.0753E-04   
7.6529E-03   -5.4321E-04   
7.6375E-03   -6.5874E-04   
3.9376E-03   -2.5152E-03   
7.9141E-03   -6.1704E-04   
8.2749E-03   -5.7823E-04   
7.6547E-03   -5.5128E-04   
4.3387E-03   -2.9761E-03   
4.0367E-03   -2.6263E-03   
4.3247E-03   -2.6133E-03   
9.0592E-03   -5.0601E-04   
1.1068E-02   -3.7688E-04   
4.2681E-03   -2.9014E-03   
8.4376E-03   -5.9534E-04   
9.0282E-03   -6.3172E-04   
9.4055E-03   -7.6594E-04   
4.1228E-03   -3.2815E-03   
4.0806E-03   -3.4425E-03   
9.3699E-03   -6.7483E-04   
1.1212E-02   -2.5453E-04   
1.0471E-02   -5.0111E-04   
2.8843E-03   -4.4512E-03   
3.6105E-03   -3.1328E-03   
5.1358E-03   -1.7774E-03   
4.9252E-03   -1.9033E-03   
6.7779E-03   -9.2821E-04   
7.4387E-03   -6.3245E-04   
6.5569E-03   -1.0328E-03   
5.6046E-03   -1.5164E-03   
4.7138E-03   -2.0017E-03   
6.3258E-03   -1.1451E-03   
4.4056E-03   -2.1350E-03   
5.8459E-03   -1.3886E-03   
4.0130E-03   -2.3693E-03   
6.0868E-03   -1.2645E-03   
6.9961E-03   -8.2771E-04   
4.6977E-03   -1.9853E-03   
7.3384E-03   -7.3292E-04   
7.6033E-03   -5.6519E-04   
7.2108E-03   -7.3163E-04   
7.4791E-03   -6.3284E-04   
7.4350E-03   -7.2448E-04   
7.6975E-03   -6.7831E-04   
4.7639E-03   -2.6873E-03   
4.3152E-03   -2.4125E-03   
4.3946E-03   -2.6616E-03   
4.2670E-03   -2.5683E-03   
8.5031E-03   -7.1070E-04   
1.0400E-02   -5.7336E-04   
4.0157E-03   -3.6973E-03   
4.2762E-03   -2.2921E-03   
4.1305E-03   -2.8702E-03   
8.3090E-03   -7.0090E-04   
9.2315E-03   -6.3090E-04   
1.1293E-02   -2.9320E-04   
1.0773E-02   -5.0340E-04   
9.4547E-03   -8.3989E-04   
4.6348E-03   -3.1696E-03   
3.2398E-03   -4.3744E-03   
8.1209E-03   -6.9171E-04   
2.6212E-03   -4.4865E-03   
6.6608E-03   -9.8059E-04   
7.4524E-03   -6.3095E-04   
6.8840E-03   -8.7779E-04   
6.4287E-03   -1.0902E-03   
5.6821E-03   -1.4619E-03   
4.9294E-03   -1.8714E-03   
3.6473E-03   -2.5817E-03   
4.3519E-03   -2.1768E-03   
7.1035E-03   -7.7924E-04   
4.6923E-03   -1.9794E-03   
7.2863E-03   -7.2677E-04   
5.3656E-03   -1.6472E-03   
5.9351E-03   -1.3324E-03   
4.6949E-03   -2.5882E-03   
4.6374E-03   -2.3947E-03   
7.4507E-03   -7.5611E-04   
4.4867E-03   -2.3945E-03   
4.2851E-03   -2.2435E-03   
4.3317E-03   -2.3084E-03   
4.2066E-03   -2.4172E-03   
4.7917E-03   -2.4111E-03   
4.7699E-03   -2.8023E-03   
8.7047E-03   -7.2586E-04   
1.0094E-02   -6.6884E-04   
8.1726E-03   -8.1418E-04   
7.0489E-03   -8.4421E-04   
7.7970E-03   -8.0624E-04   
8.9476E-03   -7.4228E-04   
4.5298E-03   -3.4280E-03   
3.5931E-03   -3.9109E-03   
7.9883E-03   -8.0580E-04   
9.4949E-03   -5.6456E-04   
4.8143E-03   -3.1808E-03   
4.4923E-03   -3.1521E-03   
9.7782E-03   -7.9861E-04   
9.1175E-03   -8.9241E-04   
6.7744E-03   -9.3354E-04   
6.5513E-03   -1.0371E-03   
7.2430E-03   -7.2532E-04   
4.6682E-03   -2.0007E-03   
7.2893E-03   -6.9793E-04   
6.9964E-03   -8.3323E-04   
6.3056E-03   -1.1537E-03   
4.9506E-03   -1.8434E-03   
5.7779E-03   -1.4116E-03   
6.0412E-03   -1.2813E-03   
5.0288E-03   -2.2092E-03   
4.8772E-03   -2.2082E-03   
5.1709E-03   -1.7349E-03   
4.5257E-03   -2.1374E-03   
4.6030E-03   -2.0632E-03   
4.6346E-03   -2.1212E-03   
5.4261E-03   -1.5966E-03   
7.5505E-03   -7.7529E-04   
6.8406E-03   -9.6327E-04   
7.6718E-03   -9.1863E-04   
4.5877E-03   -2.2122E-03   
7.5544E-03   -8.4563E-04   
4.9302E-03   -2.9228E-03   
8.3550E-03   -8.2941E-04   
5.2059E-03   -2.5276E-03   
3.7000E-03   -3.5774E-03   
5.0330E-03   -3.1615E-03   
7.2118E-03   -8.7969E-04   
7.8447E-03   -9.2417E-04   
5.1841E-03   -2.2930E-03   
5.1126E-03   -2.9368E-03   
4.2087E-03   -3.6959E-03   
9.1841E-03   -9.6361E-04   
1.0130E-02   -7.5859E-04   
6.6857E-03   -9.8468E-04   
6.8896E-03   -8.9301E-04   
5.5111E-03   -1.5472E-03   
4.8089E-03   -1.9851E-03   
5.8903E-03   -1.3672E-03   
4.9678E-03   -2.0352E-03   
5.0029E-03   -1.8159E-03   
6.8982E-03   -9.8535E-04   
5.2314E-03   -1.6931E-03   
4.9583E-03   -1.8679E-03   
7.7662E-03   -6.8921E-04   
6.1706E-03   -1.2335E-03   
7.0921E-03   -8.0233E-04   
5.1032E-03   -2.0330E-03   
7.5246E-03   -1.0402E-03   
5.2496E-03   -2.0335E-03   
7.5269E-03   -9.1807E-04   
3.2563E-03   -3.8075E-03   
5.3286E-03   -3.1013E-03   
8.0151E-03   -9.3769E-04   
3.7043E-03   -3.9477E-03   
5.6379E-03   -2.1350E-03   
5.2053E-03   -2.6671E-03   
7.2544E-03   -9.2743E-04   
8.5403E-03   -8.5131E-04   
4.4097E-03   -3.6923E-03   
5.6069E-03   -2.2780E-03   
5.4206E-03   -2.6901E-03   
4.7687E-03   -3.4037E-03   
8.8274E-03   -1.0301E-03   
5.1893E-03   -2.1997E-03   
1.0508E-02   -7.1057E-04   
5.6183E-03   -1.5008E-03   
5.3235E-03   -1.8640E-03   
6.4789E-03   -1.0877E-03   
5.3387E-03   -1.6420E-03   
6.5957E-03   -1.0958E-03   
5.3969E-03   -2.0397E-03   
4.8768E-03   -2.0323E-03   
7.8439E-03   -1.0701E-03   
6.0075E-03   -1.3336E-03   
5.4614E-03   -1.8649E-03   
5.2094E-03   -1.7239E-03   
6.9402E-03   -1.0274E-03   
7.6822E-03   -1.0529E-03   
6.7562E-03   -9.6924E-04   
4.9948E-03   -1.9277E-03   
7.2777E-03   -9.8794E-04   
4.3701E-03   -3.0546E-03   
5.5185E-03   -2.0733E-03   
5.6147E-03   -2.3932E-03   
5.7044E-03   -2.4604E-03   
5.6081E-03   -2.7259E-03   
5.8370E-03   -2.8218E-03   
8.8960E-03   -1.1169E-03   
4.0375E-03   -3.9725E-03   
8.3514E-03   -9.8435E-04   
1.0806E-02   -5.9419E-04   
5.7314E-03   -1.4646E-03   
5.4599E-03   -1.5976E-03   
6.3171E-03   -1.1945E-03   
5.6668E-03   -1.7039E-03   
6.6265E-03   -1.1364E-03   
7.3290E-03   -1.0463E-03   
6.9783E-03   -1.0792E-03   
5.6108E-03   -1.8677E-03   
7.5129E-03   -1.1894E-03   
7.3585E-03   -1.1724E-03   
8.4966E-03   -1.0849E-03   
8.0083E-03   -1.0941E-03   
6.1277E-03   -2.2798E-03   
5.9682E-03   -2.1771E-03   
5.1760E-03   -1.8800E-03   
8.6966E-03   -8.8977E-04   
9.4966E-03   -9.0203E-04   
8.4669E-03   -1.3091E-03   
5.9602E-03   -2.6568E-03   
5.7378E-03   -2.9866E-03   
6.1137E-03   -2.4819E-03   
5.9088E-03   -1.9154E-03   
4.5584E-03   -3.7233E-03   
1.0866E-02   -6.6671E-04   
5.5634E-03   -1.5725E-03   
6.5972E-03   -1.0599E-03   
5.3190E-03   -1.7575E-03   
6.0906E-03   -1.3242E-03   
7.1392E-03   -1.3415E-03   
6.2986E-03   -1.2580E-03   
5.8386E-03   -1.4427E-03   
6.6613E-03   -1.1876E-03   
5.8114E-03   -1.7022E-03   
7.0235E-03   -1.2055E-03   
5.9762E-03   -1.7041E-03   
7.0414E-03   -1.2793E-03   
8.7834E-03   -9.5114E-04   
7.6757E-03   -1.2065E-03   
8.1863E-03   -1.1255E-03   
9.7350E-03   -9.0667E-04   
5.9769E-03   -2.0641E-03   
8.5039E-03   -1.0056E-03   
6.0307E-03   -1.9491E-03   
8.1890E-03   -1.2260E-03   
5.5539E-03   -1.6883E-03   
6.1847E-03   -1.7034E-03   
6.3333E-03   -2.2888E-03   
8.1455E-03   -1.3376E-03   
8.8476E-03   -1.2231E-03   
5.9526E-03   -2.2765E-03   
6.3580E-03   -2.4535E-03   
6.1384E-03   -2.7464E-03   
4.1700E-03   -3.9883E-03   
5.6497E-03   -1.5742E-03   
6.1594E-03   -1.5411E-03   
5.9816E-03   -1.4108E-03   
6.3577E-03   -1.2941E-03   
6.3056E-03   -1.8761E-03   
5.9893E-03   -1.5538E-03   
6.7732E-03   -1.4472E-03   
7.3916E-03   -1.3077E-03   
6.5294E-03   -2.5921E-03   
7.8648E-03   -1.3708E-03   
5.2861E-03   -1.7068E-03   
6.3249E-03   -1.7591E-03   
7.8222E-03   -1.2347E-03   
6.7177E-03   -1.2350E-03   
6.7087E-03   -1.3775E-03   
6.5690E-03   -2.0945E-03   
4.0060E-03   -4.1526E-03   
6.5609E-03   -2.2861E-03   
8.0654E-03   -1.4489E-03   
9.1218E-03   -1.1205E-03   
7.0195E-03   -1.1340E-03   
5.1267E-03   -1.8177E-03   
5.8374E-03   -1.5768E-03   
6.3372E-03   -1.5393E-03   
6.0899E-03   -1.4452E-03   
7.4846E-03   -1.3509E-03   
6.5101E-03   -1.3872E-03   
6.5074E-03   -1.6003E-03   
6.1205E-03   -1.3815E-03   
7.7604E-03   -1.6077E-03   
5.8736E-03   -1.5098E-03   
9.4309E-03   -1.0587E-03   
7.7791E-03   -1.4976E-03   
6.3507E-03   -2.0768E-03   
6.5018E-03   -1.5327E-03   
6.8677E-03   -2.3795E-03   
3.5210E-03   -4.4175E-03   
6.7953E-03   -1.2664E-03   
6.6827E-03   -1.8554E-03   
7.1466E-03   -1.4521E-03   
7.2303E-03   -1.5330E-03   
6.8397E-03   -1.8903E-03   
7.8021E-03   -1.7015E-03   
6.5748E-03   -1.7229E-03   
6.8062E-03   -2.2865E-03   
6.9356E-03   -2.4468E-03   
7.0803E-03   -1.7008E-03   
6.6082E-03   -1.7920E-03   
7.2613E-03   -2.3968E-03   
7.0063E-03   -1.9267E-03   
7.9407E-03   -1.2661E-03   
8.2381E-03   -1.5861E-03   
7.4057E-03   -1.8010E-03   
6.8697E-03   -1.6260E-03   
7.4891E-03   -1.5293E-03   
6.7631E-03   -2.1098E-03   
7.4089E-03   -1.9053E-03   
8.6426E-03   -1.3733E-03   
7.7175E-03   -2.1645E-03   
7.1154E-03   -1.9677E-03   
6.8948E-03   -1.7004E-03   
7.3092E-03   -2.0505E-03   
7.6174E-03   -2.0168E-03   
8.1045E-03   -1.8254E-03   
8.3389E-03   -1.6523E-03   
7.8960E-03   -2.0045E-03   
3.4237E-04   -5.5524E-03   
7.1937E-03   -2.1894E-03   
6.6105E-03   -2.6648E-03   
1.1550E-02   -2.8601E-04   
8.4057E-04   -4.8046E-03   
1.2421E-02   -3.9127E-05   
1.1229E-02   -6.2297E-04   
6.1338E-04   -5.5916E-03   
3.1650E-03   -4.5177E-03   
7.7983E-03   -2.2390E-03   
1.1745E-02   -1.4827E-04   
9.4150E-04   -5.5310E-03   
3.6350E-03   -4.1550E-03   
1.3419E-03   -5.4361E-03   
1.7521E-03   -5.3215E-03   
2.1636E-03   -5.1809E-03   
2.5935E-03   -5.0145E-03   
1.2733E-02   -3.4956E-05   
3.0358E-03   -4.8241E-03   
3.5105E-03   -4.6059E-03   
1.1061E-02   -5.0688E-04   
4.0058E-03   -4.3749E-03   
1.3054E-02   -3.2574E-05   
4.5184E-03   -4.1385E-03   
5.0527E-03   -3.9023E-03   
8.6283E-03   -1.4920E-03   
5.6654E-03   -3.6448E-03   
1.3394E-02   -2.9151E-05   
9.9362E-03   -6.3838E-04   
6.1314E-03   -3.5013E-03   
5.2200E-03   -2.9781E-03   
2.3811E-03   -4.8717E-03   
1.1153E-02   -4.3749E-04   
6.7165E-03   -3.2614E-03   
7.3409E-03   -3.0801E-03   
1.3746E-02   -2.4630E-05   
7.9239E-03   -2.9153E-03   
5.1020E-03   -3.4674E-03   
8.5689E-03   -2.7342E-03   
9.0598E-03   -2.6526E-03   
1.4112E-02   -2.0130E-05   
9.6350E-03   -2.4704E-03   
1.0272E-02   -2.3272E-03   
1.0335E-03   -5.3065E-03   
1.0863E-02   -2.1812E-03   
1.4536E-02   -1.6683E-05   
1.1882E-02   -9.1168E-05   
5.5296E-03   -3.1900E-03   
1.1495E-02   -2.0043E-03   
1.2092E-02   -1.8565E-03   
1.0583E-02   -7.7121E-04   
1.5012E-02   -7.8022E-06   
9.7770E-03   -9.8976E-04   
9.0987E-03   -1.2048E-03   
1.3240E-02   -1.4971E-03   
1.5472E-02   -2.2138E-04   
1.5563E-02   -2.3979E-04   
1.5556E-02   -3.8038E-05   
1.5607E-02   -1.1577E-05   
1.5504E-02   -1.1919E-04   
4.2713E-03   -4.0908E-03   
1.4456E-02   -9.4745E-04   
1.1772E-03   -5.3755E-03   
1.0017E-02   -9.9820E-04   
9.5086E-03   -1.1436E-03   
2.1092E-03   -5.0458E-03   
8.8951E-03   -1.4698E-03   
2.7680E-03   -4.7325E-03   
1.1806E-02   -2.3576E-04   
8.3242E-03   -1.8330E-03   
1.1516E-02   -5.1371E-04   
3.0482E-03   -4.6734E-03   
5.7074E-03   -3.2091E-03   
2.0398E-03   -5.1495E-03   
6.3500E-03   -2.8918E-03   
2.9190E-03   -4.8113E-03   
1.0454E-02   -8.7402E-04   
1.0698E-02   -2.0778E-03   
7.7966E-03   -2.8286E-03   
3.9062E-03   -4.3483E-03   
5.1740E-03   -3.5340E-03   
4.9418E-03   -3.8665E-03   
4.8994E-03   -3.7785E-03   
1.3207E-02   -6.2830E-05   
8.3093E-03   -2.0985E-03   
1.2020E-02   -1.2990E-04   
1.1306E-02   -6.8309E-04   
1.2586E-02   -6.9101E-05   
1.4480E-02   -3.7094E-05   
7.3942E-03   -2.4599E-03   
8.7988E-03   -2.5422E-03   
1.1339E-02   -3.2773E-04   
1.1408E-02   -4.4901E-04   
8.6160E-03   -1.5642E-03   
6.2100E-03   -2.7847E-03   
1.5300E-02   -2.6177E-06   
1.2692E-02   -1.6758E-03   
5.9027E-03   -3.4485E-03   
1.1639E-02   -1.8239E-03   
1.5601E-02   -1.4249E-04   
1.5697E-02   -5.4084E-06   
1.5670E-02   -2.1106E-05   
1.5630E-02   -7.1489E-05   
9.7228E-03   -2.2897E-03   
6.8352E-03   -3.0756E-03   
1.3902E-02   -4.5397E-05   
1.3783E-02   -1.0757E-03   
1.5063E-02   -2.3193E-05   
1.4478E-02   -8.1455E-04   
1.4897E-02   -2.8637E-04   
1.5118E-02   -3.3492E-05   
1.5031E-02   -9.2975E-05   
1.4769E-02   -5.1163E-04   
1.0326E-02   -9.9905E-04   
7.7232E-03   -2.7353E-03   
1.1921E-02   -1.8042E-04   
1.2245E-02   -1.4730E-04   
1.3009E-02   -1.0279E-04   
1.3366E-03   -5.2489E-03   
7.1441E-03   -2.6687E-03   
9.3505E-03   -1.3110E-03   
5.3284E-03   -3.6228E-03   
1.1842E-02   -2.9051E-04   
1.3697E-02   -7.7890E-05   
1.2501E-02   -1.6033E-03   
3.8209E-03   -4.3204E-03   
7.3091E-03   -2.8561E-03   
5.7877E-03   -3.4167E-03   
8.7065E-03   -2.4624E-03   
6.6352E-03   -2.8474E-03   
1.0295E-02   -2.0801E-03   
8.7768E-03   -1.7184E-03   
6.3652E-03   -3.1825E-03   
1.1141E-02   -7.9882E-04   
1.1599E-02   -5.7932E-04   
9.2694E-03   -2.3243E-03   
8.7588E-03   -1.8626E-03   
1.4096E-02   -6.2526E-05   
8.3928E-03   -2.2009E-03   
1.3352E-02   -9.0047E-05   
6.1618E-03   -3.0842E-03   
1.1704E-02   -3.6746E-04   
8.2092E-03   -2.5969E-03   
9.1475E-03   -1.4963E-03   
1.2614E-02   -1.1415E-04   
1.1787E-02   -4.1605E-04   
1.4324E-02   -4.4729E-04   
1.4649E-02   -6.6676E-05   
1.4538E-02   -1.6383E-04   
1.4730E-02   -3.6090E-05   
1.0713E-02   -8.7817E-04   
1.3043E-02   -1.3258E-03   
1.3939E-02   -8.5856E-04   
1.5015E-02   -7.2661E-05   
1.4816E-02   -4.1772E-04   
1.4888E-02   -1.7167E-04   
1.4821E-02   -2.1918E-04   
8.1125E-03   -2.5114E-03   
6.0991E-03   -3.2079E-03   
1.3817E-02   -1.0036E-04   
1.2074E-02   -1.6664E-03   
7.0609E-03   -2.8518E-03   
8.8069E-03   -1.9753E-03   
8.0011E-03   -2.4338E-03   
1.1989E-02   -5.3122E-04   
1.2463E-02   -1.6845E-04   
9.8913E-03   -2.1010E-03   
1.3169E-02   -1.2725E-04   
1.4468E-02   -2.3831E-04   
1.4671E-02   -1.0352E-04   
1.2157E-02   -3.7590E-04   
1.0194E-02   -1.1361E-03   
1.2183E-02   -2.6548E-04   
9.6902E-03   -1.3033E-03   
1.4330E-02   -3.3519E-04   
1.3257E-02   -1.0635E-03   
1.1465E-02   -7.8185E-04   
1.0875E-02   -1.8719E-03   
9.1917E-03   -1.6585E-03   
7.5315E-03   -2.5950E-03   
9.0934E-03   -2.2474E-03   
1.1179E-02   -8.7908E-04   
1.4447E-02   -6.0189E-05   
1.2959E-02   -1.2452E-03   
1.4057E-02   -6.4024E-04   
1.0045E-02   -1.9042E-03   
9.6743E-03   -1.5682E-03   
1.1065E-02   -9.9347E-04   
1.1855E-02   -7.1674E-04   
9.4794E-03   -2.0363E-03   
8.4955E-03   -2.2903E-03   
1.3931E-02   -1.2009E-04   
1.2682E-02   -1.2500E-03   
1.3184E-02   -1.6995E-04   
1.3592E-02   -1.4348E-04   
8.9865E-03   -2.1605E-03   
1.2416E-02   -2.8667E-04   
1.2472E-02   -2.1708E-04   
1.2269E-02   -4.2782E-04   
9.1667E-03   -1.5833E-03   
9.2616E-03   -1.8706E-03   
1.2111E-02   -5.8652E-04   
1.1046E-02   -1.6943E-03   
1.0535E-02   -1.1308E-03   
1.0055E-02   -1.2815E-03   
9.5707E-03   -1.7091E-03   
1.1483E-02   -9.2407E-04   
1.1773E-02   -8.1866E-04   
1.1282E-02   -1.8444E-03   
1.2386E-02   -4.7720E-04   
9.3630E-03   -1.9536E-03   
1.4267E-02   -9.5415E-05   
1.2782E-02   -2.2169E-04   
1.2526E-02   -3.4072E-04   
1.2072E-02   -1.4440E-03   
1.3044E-02   -2.3382E-04   
9.9763E-03   -1.3987E-03   
1.0789E-02   -1.1420E-03   
1.1827E-02   -8.9295E-04   
9.7038E-03   -1.7628E-03   
1.2919E-02   -3.0044E-04   
1.2979E-02   -1.0500E-03   
1.2258E-02   -6.2045E-04   
1.2779E-02   -4.2192E-04   
1.1829E-02   -1.6501E-03   
1.3747E-02   -1.6324E-04   
1.0219E-02   -1.4140E-03   
1.0720E-02   -1.2538E-03   
1.4406E-02   -1.1078E-04   
1.2604E-02   -5.6991E-04   
1.3955E-02   -1.7642E-04   
1.0183E-02   -1.6379E-03   
1.2972E-02   -3.4740E-04   
1.3536E-02   -2.1835E-04   
1.2901E-02   -4.5962E-04   
1.1108E-02   -1.2238E-03   
1.3231E-02   -2.4571E-04   
1.1618E-02   -1.0556E-03   
1.2368E-02   -7.7546E-04   
1.3248E-02   -3.4987E-04   
1.2511E-02   -8.4528E-04   
1.0306E-02   -1.7088E-03   
1.1978E-02   -1.0344E-03   
1.0561E-02   -1.4245E-03   
1.1466E-02   -1.2070E-03   
1.3613E-02   -2.5223E-04   
1.4338E-02   -1.5717E-04   
1.2800E-02   -8.4643E-04   
1.2364E-02   -9.9839E-04   
1.3707E-02   -2.8557E-04   
1.0678E-02   -1.5256E-03   
1.1235E-02   -1.3895E-03   
1.3491E-02   -3.5526E-04   
1.3259E-02   -7.5058E-04   
1.2286E-02   -1.1362E-03   
1.4108E-02   -2.2686E-04   
1.3455E-02   -4.1166E-04   
1.3199E-02   -8.7643E-04   
1.4275E-02   -2.4130E-04   
1.2725E-02   -1.0458E-03   
1.3024E-02   -4.9809E-04   
1.2723E-02   -6.2193E-04   
1.2893E-02   -6.6612E-04   
1.3405E-02   -5.4931E-04   
