51 
1844 
3.3789E-02   -5.9265E-03   
3.5210E-02   -3.5177E-03   
3.6197E-02   -2.0921E-03   
3.6869E-02   -1.0277E-03   
2.4219E-37   -2.6448E-04   
3.7101E-02   2.8306E-38   
3.7272E-02   -1.1351E-34   
3.7373E-02   -3.1727E-35   
3.7676E-02   1.1687E-35   
3.7998E-02   3.1599E-35   
3.8443E-02   8.1991E-35   
3.9019E-02   1.2119E-34   
3.9480E-02   1.4852E-34   
4.0288E-02   2.2368E-34   
4.0906E-02   2.6438E-34   
4.1586E-02   2.2337E-34   
4.1950E-02   3.4276E-34   
4.2723E-02   4.8843E-34   
4.3557E-02   6.7400E-34   
4.4000E-02   -5.1203E-30   
4.4000E-02   -1.3426E-34   
4.4000E-02   -1.3426E-34   
4.4000E-02   -1.3426E-34   
4.4000E-02   -1.3426E-34   
4.4000E-02   -1.3426E-34   
4.4000E-02   -1.3426E-34   
4.4000E-02   -1.3426E-34   
4.4000E-02   -1.3426E-34   
4.4000E-02   -1.3426E-34   
4.4000E-02   -1.3426E-34   
4.4000E-02   -1.3426E-34   
4.4000E-02   -1.3426E-34   
4.2743E-02   -8.0090E-04   
4.1405E-02   -1.4822E-03   
4.0784E-02   -1.7222E-03   
4.0169E-02   -1.9214E-03   
3.8942E-02   -2.2482E-03   
3.8328E-02   -2.3923E-03   
3.7088E-02   -2.6733E-03   
3.6459E-02   -2.8254E-03   
3.4160E-02   -3.9135E-03   
2.6446E-02   -9.0001E-03   
1.9521E-02   -1.3315E-02   
6.2428E-03   -2.2740E-02   
4.1357E-03   -2.4753E-02   
3.6537E-03   -2.5071E-02   
2.7453E-03   -2.5383E-02   
1.8189E-03   -2.5496E-02   
8.9937E-04   -2.5547E-02   
-1.6925E-37   -2.5560E-02   
7.8049E-34   -2.5260E-02   
8.2632E-34   -2.4972E-02   
7.7722E-34   -2.4576E-02   
7.3131E-34   -2.4341E-02   
6.3010E-34   -2.3934E-02   
5.6404E-34   -2.3675E-02   
4.9697E-34   -2.3382E-02   
4.2345E-34   -2.3065E-02   
3.4778E-34   -2.2059E-02   
3.0286E-02   -5.7098E-03   
4.3443E-02   -1.5799E-05   
4.2868E-02   -4.7230E-05   
4.2047E-02   -1.0211E-04   
4.1377E-02   -1.5411E-04   
4.0724E-02   -2.2196E-04   
4.0012E-02   -2.6536E-04   
3.9446E-02   -2.8601E-04   
3.8724E-02   -3.4575E-04   
3.8026E-02   -3.9093E-04   
3.7338E-02   -4.4135E-04   
3.6669E-02   -5.0423E-04   
3.5981E-02   -6.1096E-04   
3.5259E-02   -8.3496E-04   
3.4244E-02   -1.4068E-03   
3.2986E-02   -2.6260E-03   
3.5190E-02   -2.2542E-03   
3.5584E-02   -9.4818E-04   
3.6136E-02   -4.8227E-04   
3.6683E-02   -3.1593E-04   
3.7227E-02   -2.6185E-04   
3.7759E-02   -2.4425E-04   
3.8403E-02   -2.1102E-04   
3.9006E-02   -1.8908E-04   
3.9577E-02   -1.6427E-04   
4.0159E-02   -1.6170E-04   
4.0825E-02   -1.2051E-04   
4.1467E-02   -8.7630E-05   
4.2099E-02   -6.3532E-05   
4.2783E-02   -2.8118E-05   
4.3383E-02   -6.9015E-06   
3.6779E-02   -5.2542E-04   
3.6990E-02   -1.9360E-04   
3.7244E-02   -1.1702E-04   
3.7652E-02   -9.1959E-05   
3.8071E-02   -8.6191E-05   
3.8610E-02   -8.8165E-05   
3.9111E-02   -8.9123E-05   
3.9624E-02   -8.5519E-05   
4.0308E-02   -6.5843E-05   
4.0888E-02   -5.0378E-05   
4.1552E-02   -3.9636E-05   
4.2216E-02   -2.4134E-05   
4.2873E-02   -1.1364E-05   
4.3487E-02   -9.5614E-07   
4.3333E-02   -3.4498E-05   
4.2698E-02   -9.1702E-05   
4.1924E-02   -1.7935E-04   
4.1231E-02   -2.3580E-04   
4.0610E-02   -3.2302E-04   
3.9855E-02   -3.9601E-04   
3.9115E-02   -4.6684E-04   
3.8421E-02   -5.2815E-04   
3.7690E-02   -6.1070E-04   
3.7009E-02   -6.9311E-04   
3.6131E-02   -8.3592E-04   
3.5187E-02   -1.0555E-03   
3.4269E-02   -1.3645E-03   
3.3103E-02   -1.9606E-03   
2.9974E-02   -4.0526E-03   
1.1788E-02   -1.5987E-02   
4.3278E-02   -6.5801E-05   
4.2729E-02   -1.3609E-04   
4.1790E-02   -2.7248E-04   
4.1178E-02   -3.6312E-04   
4.0455E-02   -4.5593E-04   
3.9577E-02   -5.8352E-04   
3.8827E-02   -6.5804E-04   
3.8093E-02   -7.4597E-04   
3.7211E-02   -8.8532E-04   
3.6372E-02   -1.0519E-03   
3.5486E-02   -1.2510E-03   
3.4591E-02   -1.4583E-03   
3.3459E-02   -1.9059E-03   
3.1126E-02   -3.2149E-03   
1.9260E-02   -1.0996E-02   
2.0632E-03   -2.2540E-02   
4.3473E-02   -6.5503E-05   
4.2456E-02   -2.3791E-04   
4.1883E-02   -3.3353E-04   
4.1177E-02   -4.7020E-04   
4.0132E-02   -6.4643E-04   
3.9388E-02   -7.7074E-04   
3.8627E-02   -8.7761E-04   
3.7712E-02   -1.0350E-03   
3.6868E-02   -1.2053E-03   
3.5979E-02   -1.3719E-03   
3.5126E-02   -1.5683E-03   
3.4081E-02   -1.8634E-03   
3.1633E-02   -3.2040E-03   
2.4226E-02   -8.0549E-03   
7.3299E-03   -1.9677E-02   
1.1776E-03   -2.3505E-02   
4.3134E-02   -1.6183E-04   
4.2524E-02   -3.0267E-04   
4.1785E-02   -4.7824E-04   
4.1039E-02   -6.5161E-04   
3.9971E-02   -8.5828E-04   
3.9124E-02   -9.9035E-04   
3.8236E-02   -1.1800E-03   
3.7381E-02   -1.3628E-03   
3.6406E-02   -1.5265E-03   
3.5611E-02   -1.6936E-03   
3.4731E-02   -1.9652E-03   
3.3047E-02   -2.7128E-03   
2.6287E-02   -7.0932E-03   
1.1904E-02   -1.7202E-02   
2.4394E-03   -2.3511E-02   
1.0459E-03   -2.3899E-02   
4.3300E-02   -1.9908E-04   
4.2452E-02   -4.5475E-04   
4.1766E-02   -6.2161E-04   
4.0680E-02   -9.0168E-04   
3.9719E-02   -1.1435E-03   
3.8882E-02   -1.2867E-03   
3.7824E-02   -1.5012E-03   
3.7022E-02   -1.6711E-03   
3.6009E-02   -1.8613E-03   
3.5106E-02   -2.0989E-03   
3.3915E-02   -2.5729E-03   
3.0048E-02   -4.9139E-03   
1.8848E-02   -1.2777E-02   
5.0814E-03   -2.2550E-02   
2.0908E-03   -2.4126E-02   
9.5587E-04   -2.4237E-02   
4.3169E-02   -2.9102E-04   
4.2228E-02   -6.1414E-04   
4.1572E-02   -8.0630E-04   
4.0289E-02   -1.1910E-03   
3.9517E-02   -1.3771E-03   
3.8633E-02   -1.5926E-03   
3.7676E-02   -1.7660E-03   
3.6685E-02   -1.9852E-03   
3.5566E-02   -2.2436E-03   
3.4610E-02   -2.5668E-03   
3.1588E-02   -4.4286E-03   
2.3883E-02   -9.7383E-03   
8.2371E-03   -2.1188E-02   
3.6153E-03   -2.4012E-02   
2.0188E-03   -2.4521E-02   
1.0073E-03   -2.4562E-02   
4.3207E-02   -3.8857E-04   
4.2387E-02   -7.4786E-04   
4.1301E-02   -1.1082E-03   
4.0347E-02   -1.4372E-03   
3.9332E-02   -1.6157E-03   
3.8334E-02   -1.8357E-03   
3.7370E-02   -2.0698E-03   
3.6393E-02   -2.3126E-03   
3.5392E-02   -2.5412E-03   
3.2792E-02   -3.9172E-03   
2.5676E-02   -8.8384E-03   
1.2707E-02   -1.8450E-02   
4.9797E-03   -2.3734E-02   
3.0119E-03   -2.4715E-02   
1.9603E-03   -2.4848E-02   
1.0900E-03   -2.4874E-02   
4.2872E-02   -6.8105E-04   
4.1904E-02   -1.1670E-03   
4.1123E-02   -1.4022E-03   
3.9857E-02   -1.7726E-03   
3.9073E-02   -1.9567E-03   
3.7966E-02   -2.2086E-03   
3.6984E-02   -2.4555E-03   
3.6112E-02   -2.6364E-03   
3.4456E-02   -3.3479E-03   
2.8793E-02   -6.8066E-03   
1.9863E-02   -1.3077E-02   
7.0956E-03   -2.2686E-02   
4.0482E-03   -2.4759E-02   
2.9125E-03   -2.5049E-02   
1.9423E-03   -2.5162E-02   
8.7301E-04   -2.5271E-02   
9.4986E-03   -7.7210E-04   
1.7862E-02   -1.9304E-03   
2.5153E-02   -3.2250E-03   
2.9318E-02   -4.5595E-03   
3.1571E-02   -5.5838E-03   
3.2806E-02   -6.1875E-03   
3.3367E-02   -6.1040E-03   
3.4067E-02   -5.6230E-03   
3.4266E-02   -5.2613E-03   
3.4442E-02   -4.9085E-03   
3.4607E-02   -4.5821E-03   
3.4766E-02   -4.2825E-03   
3.4920E-02   -4.0070E-03   
3.5068E-02   -3.7528E-03   
3.5348E-02   -3.2996E-03   
3.5482E-02   -3.0964E-03   
3.5612E-02   -2.9061E-03   
3.5738E-02   -2.7274E-03   
3.5859E-02   -2.5578E-03   
3.5977E-02   -2.3960E-03   
3.6089E-02   -2.2410E-03   
3.6300E-02   -1.9482E-03   
3.6399E-02   -1.8082E-03   
3.6492E-02   -1.6717E-03   
3.6579E-02   -1.5382E-03   
3.6660E-02   -1.4071E-03   
3.6736E-02   -1.2783E-03   
3.6805E-02   -1.1518E-03   
3.6926E-02   -9.0477E-04   
3.6975E-02   -7.8012E-04   
3.7017E-02   -6.5583E-04   
3.7046E-02   -5.2744E-04   
3.7080E-02   -4.0019E-04   
3.7090E-02   -2.6872E-04   
3.7109E-02   -1.3612E-04   
3.7173E-02   -3.8686E-34   
3.7209E-02   -3.8402E-34   
3.7233E-02   -2.9875E-34   
3.7249E-02   -1.7012E-34   
3.7262E-02   -1.3868E-34   
3.7284E-02   -9.2001E-35   
3.7298E-02   -7.3502E-35   
3.7317E-02   -5.7570E-35   
3.7341E-02   -4.3770E-35   
3.7413E-02   -2.1158E-35   
3.7463E-02   -1.1852E-35   
3.7523E-02   -3.5681E-36   
3.7594E-02   4.1643E-36   
3.7770E-02   1.8526E-35   
3.7878E-02   2.5177E-35   
3.8132E-02   3.8415E-35   
3.8281E-02   4.5191E-35   
3.8620E-02   8.7804E-35   
3.8812E-02   6.8001E-35   
3.9242E-02   1.3074E-34   
3.9733E-02   1.6982E-34   
4.0003E-02   1.9056E-34   
4.0589E-02   2.2566E-34   
4.1238E-02   2.9383E-34   
4.2329E-02   4.1678E-34   
4.3132E-02   4.1582E-34   
4.4000E-02   -1.3426E-34   
4.4000E-02   -1.3426E-34   
4.4000E-02   -1.3426E-34   
4.4000E-02   -1.3426E-34   
4.4000E-02   -1.3426E-34   
4.2051E-02   -1.1857E-03   
3.9556E-02   -2.0933E-03   
3.7710E-02   -2.5319E-03   
3.5765E-02   -3.0333E-03   
3.1287E-02   -5.7059E-03   
1.1619E-02   -1.8830E-02   
4.7037E-03   -2.4131E-02   
3.2024E-03   -2.5273E-02   
2.2826E-03   -2.5450E-02   
1.3569E-03   -2.5527E-02   
4.4730E-04   -2.5559E-02   
5.7613E-34   -2.5409E-02   
8.1468E-34   -2.5114E-02   
8.0128E-34   -2.4835E-02   
1.1676E-33   -2.4703E-02   
1.1720E-33   -2.4456E-02   
7.1075E-34   -2.4232E-02   
6.8768E-34   -2.4128E-02   
6.5762E-34   -2.4029E-02   
6.0687E-34   -2.3844E-02   
5.8473E-34   -2.3757E-02   
5.4616E-34   -2.3596E-02   
5.2891E-34   -2.3521E-02   
5.1169E-34   -2.3450E-02   
4.8499E-34   -2.3316E-02   
4.7146E-34   -2.3252E-02   
4.5550E-34   -2.3189E-02   
4.3908E-34   -2.3128E-02   
4.1041E-34   -2.2993E-02   
3.9740E-34   -2.2903E-02   
3.8581E-34   -2.2783E-02   
3.7421E-34   -2.2621E-02   
3.6102E-34   -2.2394E-02   
3.3347E-34   -2.1546E-02   
3.1854E-34   -2.0761E-02   
3.0331E-34   -1.9588E-02   
2.8922E-34   -1.7927E-02   
2.7601E-34   -1.5669E-02   
4.0094E-34   -1.2644E-02   
3.6368E-34   -9.0531E-03   
2.6598E-34   -4.7734E-03   
3.4250E-02   -4.6134E-03   
3.5409E-02   -2.8694E-03   
3.5816E-02   -2.3491E-03   
3.4617E-02   -4.0097E-03   
3.6760E-02   -1.1215E-03   
3.3617E-02   -5.7251E-03   
2.7410E-02   -5.6569E-03   
3.6499E-02   -1.4943E-03   
3.7014E-02   -6.5302E-04   
3.6183E-02   -1.8987E-03   
3.4954E-02   -3.5001E-03   
3.6901E-02   -8.8506E-04   
3.5112E-02   -3.2745E-03   
3.3312E-02   -6.0657E-03   
3.6067E-02   -2.0429E-03   
3.6592E-02   -1.3671E-03   
3.7143E-02   -1.8855E-04   
1.2610E-02   -4.7466E-03   
3.2867E-02   -6.2864E-03   
3.5549E-02   -2.6866E-03   
3.5683E-02   -2.5132E-03   
3.6834E-02   -1.0024E-03   
3.0690E-02   -6.0670E-03   
3.7059E-02   -5.3663E-04   
2.1105E-02   -5.5717E-03   
3.2290E-02   -6.4197E-03   
3.6679E-02   -1.2429E-03   
3.6961E-02   -7.6851E-04   
3.3847E-02   -5.3339E-03   
3.6399E-02   -1.6250E-03   
3.6294E-02   -1.7597E-03   
3.4789E-02   -3.7446E-03   
3.4053E-02   -4.9584E-03   
3.4437E-02   -4.2985E-03   
3.5264E-02   -3.0651E-03   
3.5944E-02   -2.1928E-03   
6.8541E-03   -1.3971E-02   
5.5524E-03   -1.6445E-02   
4.3373E-03   -1.8410E-02   
3.2523E-03   -1.9875E-02   
2.3499E-03   -2.0905E-02   
1.6693E-03   -2.1607E-02   
1.1897E-03   -2.2081E-02   
8.6711E-04   -2.2403E-02   
6.5220E-04   -2.2626E-02   
3.7214E-02   -9.8633E-05   
5.0546E-04   -2.2786E-02   
3.7233E-02   -8.1316E-05   
4.0025E-04   -2.2904E-02   
3.7246E-02   -6.8153E-05   
3.2290E-04   -2.2995E-02   
3.7257E-02   -5.7028E-05   
2.6859E-04   -2.3071E-02   
3.7268E-02   -4.7912E-05   
2.3380E-04   -2.3139E-02   
3.7280E-02   -4.0443E-05   
2.1299E-04   -2.3206E-02   
3.7296E-02   -3.4438E-05   
2.0129E-04   -2.3275E-02   
3.7318E-02   -2.9734E-05   
1.9834E-04   -2.3344E-02   
3.7346E-02   -2.6156E-05   
2.0202E-04   -2.3413E-02   
3.7382E-02   -2.3526E-05   
2.0978E-04   -2.3484E-02   
3.7427E-02   -2.1740E-05   
2.1672E-04   -2.3557E-02   
3.7482E-02   -2.0695E-05   
2.2469E-04   -2.3634E-02   
3.7547E-02   -2.0242E-05   
2.3448E-04   -2.3715E-02   
3.7624E-02   -2.0203E-05   
2.4497E-04   -2.3799E-02   
3.7713E-02   -2.0343E-05   
2.5498E-04   -2.3888E-02   
3.7814E-02   -2.1119E-05   
2.6501E-04   -2.3980E-02   
3.7927E-02   -2.2133E-05   
2.7529E-04   -2.4076E-02   
3.8052E-02   -2.3628E-05   
2.8875E-04   -2.4175E-02   
3.8192E-02   -2.4997E-05   
3.0475E-04   -2.4280E-02   
3.8347E-02   -2.6017E-05   
3.1452E-04   -2.4391E-02   
3.8517E-02   -2.7063E-05   
3.2454E-04   -2.4507E-02   
3.8703E-02   -2.7940E-05   
3.4979E-04   -2.4631E-02   
3.8907E-02   -2.8258E-05   
3.6569E-04   -2.4763E-02   
3.9122E-02   -2.7356E-05   
3.6996E-04   -2.4901E-02   
3.9347E-02   -2.8496E-05   
3.8600E-04   -2.5043E-02   
3.9592E-02   -2.8241E-05   
4.1087E-04   -2.5194E-02   
3.4678E-02   -3.4925E-03   
3.6177E-02   -1.7159E-03   
3.6611E-02   -1.2087E-03   
3.3870E-02   -4.6634E-03   
3.7142E-02   -2.8341E-04   
2.3439E-02   -7.7807E-03   
3.5489E-02   -2.4752E-03   
3.7051E-02   -5.3630E-04   
3.1359E-02   -6.8589E-03   
3.3148E-02   -5.8501E-03   
3.2817E-02   -6.2270E-03   
3.5921E-02   -1.9991E-03   
3.5030E-02   -3.0408E-03   
3.6865E-02   -8.6536E-04   
3.6934E-02   -7.5502E-04   
3.5191E-02   -2.8392E-03   
3.5781E-02   -2.1489E-03   
3.6703E-02   -1.0916E-03   
3.6513E-02   -1.3292E-03   
3.4086E-02   -4.3304E-03   
3.3406E-02   -5.4285E-03   
1.6096E-02   -8.4936E-03   
3.4293E-02   -4.0263E-03   
3.5341E-02   -2.6548E-03   
3.5634E-02   -2.3066E-03   
3.6788E-02   -9.7740E-04   
3.6996E-02   -6.4582E-04   
3.4490E-02   -3.7481E-03   
3.6295E-02   -1.5824E-03   
3.2332E-02   -6.4937E-03   
3.3644E-02   -5.0288E-03   
3.6407E-02   -1.4537E-03   
3.7102E-02   -4.2022E-04   
2.8604E-02   -7.0791E-03   
3.6052E-02   -1.8551E-03   
3.4858E-02   -3.2579E-03   
7.6082E-03   -1.0849E-02   
1.2266E-02   -1.4037E-02   
1.0218E-02   -1.6213E-02   
8.0356E-03   -1.8016E-02   
6.0080E-03   -1.9413E-02   
4.4103E-03   -2.0452E-02   
3.2126E-03   -2.1215E-02   
2.3406E-03   -2.1769E-02   
3.7186E-02   -1.2924E-04   
1.7187E-03   -2.2166E-02   
1.2806E-03   -2.2449E-02   
3.7200E-02   -1.7430E-04   
9.7378E-04   -2.2655E-02   
3.7213E-02   -1.4888E-04   
7.6037E-04   -2.2809E-02   
3.7223E-02   -1.2420E-04   
6.1490E-04   -2.2930E-02   
3.7232E-02   -1.0423E-04   
5.2070E-04   -2.3031E-02   
3.7242E-02   -8.8026E-05   
4.6472E-04   -2.3119E-02   
3.7256E-02   -7.4802E-05   
4.3522E-04   -2.3201E-02   
3.7274E-02   -6.4280E-05   
4.1931E-04   -2.3282E-02   
3.7298E-02   -5.6219E-05   
4.1503E-04   -2.3361E-02   
3.7330E-02   -5.0244E-05   
4.2006E-04   -2.3438E-02   
3.7370E-02   -4.5863E-05   
4.2868E-04   -2.3511E-02   
3.7421E-02   -4.3118E-05   
4.4183E-04   -2.3586E-02   
3.7482E-02   -4.1840E-05   
4.5843E-04   -2.3667E-02   
3.7553E-02   -4.1600E-05   
4.7906E-04   -2.3751E-02   
3.7638E-02   -4.1504E-05   
4.9979E-04   -2.3838E-02   
3.7734E-02   -4.1445E-05   
5.1957E-04   -2.3928E-02   
3.7837E-02   -4.4019E-05   
5.3715E-04   -2.4021E-02   
3.7952E-02   -4.5912E-05   
5.5148E-04   -2.4116E-02   
3.8082E-02   -5.0188E-05   
5.8857E-04   -2.4214E-02   
3.8230E-02   -5.2026E-05   
6.2360E-04   -2.4321E-02   
3.8394E-02   -5.3822E-05   
6.2803E-04   -2.4435E-02   
3.8571E-02   -5.5894E-05   
6.6077E-04   -2.4548E-02   
3.8773E-02   -5.7330E-05   
7.5833E-04   -2.4677E-02   
3.8994E-02   -5.6779E-05   
7.3470E-04   -2.4823E-02   
3.9202E-02   -5.2295E-05   
7.5156E-04   -2.4960E-02   
3.9421E-02   -6.2660E-05   
7.9359E-04   -2.5103E-02   
3.9853E-02   -2.9684E-05   
3.5436E-02   -2.2706E-03   
3.5602E-02   -2.1072E-03   
3.4966E-02   -2.8223E-03   
3.5762E-02   -1.9593E-03   
3.4783E-02   -3.0271E-03   
3.2648E-02   -6.0029E-03   
3.2945E-02   -5.5483E-03   
3.3218E-02   -5.1219E-03   
3.3474E-02   -4.7336E-03   
3.3719E-02   -4.3806E-03   
3.2251E-02   -6.4259E-03   
3.3952E-02   -4.0589E-03   
3.4590E-02   -3.2517E-03   
3.5909E-02   -1.8167E-03   
3.4175E-02   -3.7652E-03   
3.4387E-02   -3.4972E-03   
3.1291E-02   -6.9388E-03   
3.6048E-02   -1.6779E-03   
3.6819E-02   -8.4538E-04   
3.6898E-02   -7.4033E-04   
3.6969E-02   -6.3816E-04   
3.6731E-02   -9.5290E-04   
2.9081E-02   -7.9560E-03   
3.6179E-02   -1.5444E-03   
3.6636E-02   -1.0630E-03   
3.6422E-02   -1.2942E-03   
3.6304E-02   -1.4167E-03   
3.6533E-02   -1.1767E-03   
2.4353E-02   -9.0949E-03   
2.0001E-02   -9.8045E-03   
3.7031E-02   -5.3640E-04   
3.7088E-02   -4.3153E-04   
3.7138E-02   -3.2413E-04   
1.4205E-02   -1.1809E-02   
1.4421E-02   -1.5244E-02   
1.1149E-02   -1.6990E-02   
8.5716E-03   -1.8405E-02   
6.5403E-03   -1.9530E-02   
4.9424E-03   -2.0421E-02   
3.7030E-03   -2.1117E-02   
3.7179E-02   -2.0904E-04   
2.7649E-03   -2.1651E-02   
2.0736E-03   -2.2057E-02   
3.7160E-02   -2.5120E-04   
1.5757E-03   -2.2366E-02   
3.7172E-02   -2.0426E-04   
1.2267E-03   -2.2604E-02   
3.7180E-02   -1.7081E-04   
9.8912E-04   -2.2792E-02   
3.7188E-02   -1.4415E-04   
8.3428E-04   -2.2943E-02   
3.7198E-02   -1.2267E-04   
7.4882E-04   -2.3063E-02   
3.7212E-02   -1.0493E-04   
7.1697E-04   -2.3162E-02   
3.7233E-02   -9.1366E-05   
6.8490E-04   -2.3265E-02   
3.7259E-02   -8.1561E-05   
6.6274E-04   -2.3362E-02   
3.7295E-02   -7.3930E-05   
6.5373E-04   -2.3446E-02   
3.7342E-02   -6.8417E-05   
6.6140E-04   -2.3526E-02   
3.7397E-02   -6.5885E-05   
6.8196E-04   -2.3607E-02   
3.7462E-02   -6.5325E-05   
7.0992E-04   -2.3693E-02   
3.7543E-02   -6.5123E-05   
7.3727E-04   -2.3781E-02   
3.7642E-02   -6.4504E-05   
7.6527E-04   -2.3871E-02   
3.7742E-02   -6.1980E-05   
7.9171E-04   -2.3965E-02   
3.7829E-02   -7.2061E-05   
8.0497E-04   -2.4062E-02   
7.9432E-04   -2.4149E-02   
9.4319E-04   -2.4370E-02   
3.8413E-02   -8.4444E-05   
1.0740E-03   -2.4753E-02   
1.1306E-03   -2.5003E-02   
3.8834E-02   -8.9554E-05   
4.0144E-02   -3.1180E-05   
3.7001E-02   -5.3668E-04   
3.7063E-02   -4.4013E-04   
3.7122E-02   -3.4078E-04   
3.5090E-02   -2.4654E-03   
3.4921E-02   -2.6170E-03   
3.2045E-02   -6.2029E-03   
3.1113E-02   -6.8945E-03   
3.3341E-02   -4.4502E-03   
3.2432E-02   -5.6961E-03   
3.3599E-02   -4.1093E-03   
3.2761E-02   -5.2400E-03   
3.4729E-02   -2.8075E-03   
3.5757E-02   -1.7860E-03   
3.3063E-02   -4.8261E-03   
3.6764E-02   -8.2495E-04   
3.6665E-02   -9.2907E-04   
3.3847E-02   -3.7980E-03   
3.4083E-02   -3.5148E-03   
3.6320E-02   -1.2626E-03   
3.6443E-02   -1.1470E-03   
3.6855E-02   -7.2294E-04   
2.8543E-02   -8.2095E-03   
3.6933E-02   -6.2862E-04   
3.4523E-02   -3.0216E-03   
3.6190E-02   -1.3843E-03   
3.4309E-02   -3.2570E-03   
3.6558E-02   -1.0362E-03   
3.5908E-02   -1.6461E-03   
3.6053E-02   -1.5122E-03   
1.6995E-02   -1.3968E-02   
1.3776E-02   -1.5664E-02   
1.1136E-02   -1.7039E-02   
8.8937E-03   -1.8222E-02   
7.0010E-03   -1.9239E-02   
5.4445E-03   -2.0098E-02   
4.2014E-03   -2.0809E-02   
3.2349E-03   -2.1385E-02   
3.7163E-02   -2.5884E-04   
3.7108E-02   -2.9727E-04   
2.5074E-03   -2.1848E-02   
3.7113E-02   -2.5034E-04   
1.9711E-03   -2.2220E-02   
3.7118E-02   -2.1039E-04   
1.5813E-03   -2.2519E-02   
3.7124E-02   -1.7916E-04   
1.3116E-03   -2.2754E-02   
3.7134E-02   -1.5403E-04   
1.1549E-03   -2.2928E-02   
3.7152E-02   -1.3224E-04   
1.1402E-03   -2.3042E-02   
3.7173E-02   -1.1849E-04   
1.0148E-03   -2.3204E-02   
3.7200E-02   -1.0786E-04   
9.5290E-04   -2.3321E-02   
3.7244E-02   -9.8619E-05   
9.2224E-04   -2.3432E-02   
3.7297E-02   -9.2496E-05   
9.5241E-04   -2.3612E-02   
1.0678E-03   -2.4115E-02   
3.7422E-02   -9.2740E-05   
9.8876E-04   -2.3703E-02   
1.0149E-03   -2.3799E-02   
1.0799E-03   -2.4006E-02   
3.7966E-02   -6.9418E-05   
3.8265E-02   -7.8330E-05   
3.8419E-02   -1.2117E-04   
3.7520E-02   -9.2673E-05   
1.4907E-03   -2.4904E-02   
3.8635E-02   -1.2438E-04   
1.1170E-03   -2.4652E-02   
3.7747E-02   -1.0455E-04   
1.2972E-03   -2.4308E-02   
3.7091E-02   -3.5832E-04   
3.7024E-02   -4.5459E-04   
3.6964E-02   -5.3955E-04   
3.5452E-02   -1.8933E-03   
3.5421E-02   -2.0683E-03   
3.5595E-02   -1.7627E-03   
3.4706E-02   -2.5979E-03   
3.6801E-02   -7.0633E-04   
3.1817E-02   -5.8789E-03   
3.6895E-02   -6.0832E-04   
3.0894E-02   -6.6512E-03   
2.8401E-02   -8.1465E-03   
3.2259E-02   -5.3784E-03   
3.3238E-02   -4.1783E-03   
3.2943E-02   -4.5444E-03   
3.4482E-02   -2.8018E-03   
3.2621E-02   -4.9416E-03   
3.3510E-02   -3.8476E-03   
3.5758E-02   -1.6215E-03   
3.6344E-02   -1.1206E-03   
3.6699E-02   -8.0629E-04   
3.3769E-02   -3.5474E-03   
3.6470E-02   -1.0117E-03   
3.6589E-02   -9.0747E-04   
3.6209E-02   -1.2356E-03   
3.4017E-02   -3.2748E-03   
3.4254E-02   -3.0273E-03   
3.6065E-02   -1.3573E-03   
3.5915E-02   -1.4862E-03   
2.1226E-02   -1.1835E-02   
1.8934E-02   -1.2909E-02   
1.6299E-02   -1.4167E-02   
1.3811E-02   -1.5414E-02   
1.1513E-02   -1.6601E-02   
9.4590E-03   -1.7708E-02   
7.6725E-03   -1.8710E-02   
6.1577E-03   -1.9591E-02   
4.9228E-03   -2.0354E-02   
3.7027E-02   -3.5182E-04   
3.9391E-03   -2.0996E-02   
3.7037E-02   -2.8796E-04   
3.1740E-03   -2.1528E-02   
2.5703E-03   -2.1975E-02   
3.7040E-02   -2.4515E-04   
3.7042E-02   -2.1201E-04   
2.0686E-03   -2.2363E-02   
3.7044E-02   -1.8591E-04   
1.5372E-03   -2.2916E-02   
3.7078E-02   -1.5272E-04   
1.4427E-03   -2.3051E-02   
3.7180E-02   -1.2529E-04   
3.7125E-02   -1.3582E-04   
1.3548E-03   -2.3220E-02   
1.3164E-03   -2.3557E-02   
9.1596E-04   -2.3528E-02   
1.3174E-03   -2.3680E-02   
1.3442E-03   -2.3795E-02   
1.3803E-03   -2.4692E-02   
1.3526E-03   -2.4578E-02   
1.3833E-03   -2.3916E-02   
3.7367E-02   -1.2609E-04   
3.7888E-02   -9.5829E-05   
3.7598E-02   -1.3237E-04   
3.8204E-02   -1.1453E-04   
3.7477E-02   -1.2659E-04   
3.7352E-02   -9.2304E-05   
1.4351E-03   -2.4044E-02   
1.2539E-03   -2.4451E-02   
1.3508E-03   -2.4181E-02   
3.8863E-02   -1.2654E-04   
1.4309E-03   -2.5033E-02   
1.3426E-03   -2.4796E-02   
3.8418E-02   -1.6284E-04   
3.5235E-02   -1.9811E-03   
3.7044E-02   -3.8656E-04   
3.6840E-02   -5.9728E-04   
3.1685E-02   -5.5390E-03   
3.6733E-02   -6.9542E-04   
3.0818E-02   -6.2263E-03   
2.4906E-02   -9.8422E-03   
3.4464E-02   -2.5879E-03   
3.2853E-02   -4.2732E-03   
3.2516E-02   -4.6629E-03   
3.2151E-02   -5.0767E-03   
3.5596E-02   -1.6113E-03   
3.3163E-02   -3.9167E-03   
3.6373E-02   -9.9033E-04   
3.3449E-02   -3.5958E-03   
3.6502E-02   -8.8845E-04   
3.6622E-02   -7.9087E-04   
3.6234E-02   -1.0985E-03   
3.3718E-02   -3.3067E-03   
3.4223E-02   -2.8066E-03   
3.5767E-02   -1.4688E-03   
3.6086E-02   -1.2139E-03   
3.3976E-02   -3.0448E-03   
3.5930E-02   -1.3374E-03   
2.3606E-02   -1.0315E-02   
2.1387E-02   -1.1265E-02   
3.4962E-02   -2.1886E-03   
1.9047E-02   -1.2389E-02   
3.4709E-02   -2.3832E-03   
1.6680E-02   -1.3558E-02   
1.4432E-02   -1.4728E-02   
1.2330E-02   -1.5870E-02   
1.0396E-02   -1.6960E-02   
8.6925E-03   -1.7983E-02   
7.2208E-03   -1.8904E-02   
2.4744E-03   -2.2382E-02   
3.6949E-02   -3.7063E-04   
5.9936E-03   -1.9707E-02   
4.9787E-03   -2.0408E-02   
3.6949E-02   -3.1984E-04   
4.0922E-03   -2.1056E-02   
3.6944E-02   -2.7927E-04   
3.6939E-02   -2.4819E-04   
1.7441E-03   -2.2635E-02   
3.6989E-02   -1.8065E-04   
2.2119E-03   -2.2696E-02   
1.6077E-03   -2.3319E-02   
3.7767E-02   -1.3712E-04   
3.7407E-02   -1.6810E-04   
3.7111E-02   -1.5616E-04   
1.7542E-03   -2.3591E-02   
3.7039E-02   -1.6653E-04   
1.7910E-03   -2.3726E-02   
1.2518E-03   -2.3386E-02   
1.6676E-03   -2.4755E-02   
1.7943E-03   -2.3861E-02   
3.7978E-02   -1.3011E-04   
1.6589E-03   -2.4248E-02   
1.6254E-03   -2.4372E-02   
3.7263E-02   -1.2851E-04   
1.6997E-03   -2.4619E-02   
1.7580E-03   -2.3449E-02   
3.7297E-02   -1.6509E-04   
3.8642E-02   -1.6552E-04   
3.8214E-02   -1.5768E-04   
3.6860E-02   -5.1127E-04   
3.6761E-02   -6.0094E-04   
3.6955E-02   -4.7951E-04   
2.9081E-02   -6.9581E-03   
3.1691E-02   -5.2245E-03   
3.5417E-02   -1.6101E-03   
3.2435E-02   -4.3963E-03   
3.6652E-02   -6.8958E-04   
3.2046E-02   -4.8174E-03   
3.2790E-02   -4.0112E-03   
2.2166E-02   -1.1360E-02   
3.3115E-02   -3.6646E-03   
3.4215E-02   -2.5941E-03   
3.6266E-02   -9.7302E-04   
3.6534E-02   -7.8000E-04   
3.6406E-02   -8.7374E-04   
3.5605E-02   -1.4608E-03   
3.3414E-02   -3.3536E-03   
3.6115E-02   -1.0817E-03   
3.3693E-02   -3.0756E-03   
3.3959E-02   -2.8241E-03   
3.5784E-02   -1.3246E-03   
3.5954E-02   -1.1989E-03   
3.4472E-02   -2.3788E-03   
2.5986E-02   -8.6540E-03   
2.3992E-02   -9.5415E-03   
2.1745E-02   -1.0578E-02   
2.8246E-02   -7.8170E-03   
1.9620E-02   -1.1628E-02   
3.4729E-02   -2.1747E-03   
3.4983E-02   -1.9773E-03   
1.7543E-02   -1.2699E-02   
3.6933E-02   -4.3043E-04   
3.5214E-02   -1.7867E-03   
1.5506E-02   -1.3788E-02   
1.3590E-02   -1.4903E-02   
1.0160E-02   -1.7010E-02   
3.6858E-02   -3.9971E-04   
8.7429E-03   -1.7946E-02   
7.5462E-03   -1.8783E-02   
3.6841E-02   -3.5617E-04   
3.6830E-02   -3.1648E-04   
4.1026E-03   -2.1238E-02   
2.0015E-03   -2.2971E-02   
3.6879E-02   -2.1599E-04   
3.7199E-02   -1.6519E-04   
2.3723E-03   -2.3377E-02   
3.0941E-03   -2.1795E-02   
3.7526E-02   -1.7550E-04   
4.1044E-03   -2.1389E-02   
3.7206E-02   -2.1106E-04   
1.8595E-03   -2.3288E-02   
1.9803E-03   -2.4308E-02   
2.3447E-03   -2.3226E-02   
1.8700E-03   -2.3952E-02   
3.7117E-02   -1.7053E-04   
3.8045E-02   -1.5450E-04   
3.6926E-02   -2.0584E-04   
1.7332E-03   -2.4105E-02   
1.6450E-03   -2.4494E-02   
3.8187E-02   -2.0508E-04   
3.8855E-02   -1.6514E-04   
1.7676E-03   -2.5006E-02   
2.1223E-03   -2.4669E-02   
3.7927E-02   -1.1040E-04   
3.6674E-02   -6.0564E-04   
3.1407E-02   -5.0800E-03   
3.4229E-02   -2.3900E-03   
3.1965E-02   -4.5550E-03   
3.2385E-02   -4.1327E-03   
3.6561E-02   -6.8967E-04   
3.2755E-02   -3.7578E-03   
3.5431E-02   -1.4618E-03   
3.6304E-02   -8.6048E-04   
3.6441E-02   -7.7317E-04   
3.3094E-02   -3.4220E-03   
3.6151E-02   -9.6079E-04   
3.3964E-02   -2.6130E-03   
3.3406E-02   -3.1220E-03   
3.5626E-02   -1.3202E-03   
3.3693E-02   -2.8546E-03   
3.5986E-02   -1.0709E-03   
3.5811E-02   -1.1908E-03   
2.8336E-02   -7.0905E-03   
2.5908E-02   -8.1566E-03   
3.6864E-02   -4.4867E-04   
2.4195E-02   -8.9250E-03   
3.4997E-02   -1.7937E-03   
3.4494E-02   -2.1797E-03   
3.5223E-02   -1.6194E-03   
2.2462E-02   -9.7334E-03   
2.0645E-02   -1.0621E-02   
3.4752E-02   -1.9813E-03   
1.8869E-02   -1.1603E-02   
1.7097E-02   -1.2605E-02   
1.5383E-02   -1.3627E-02   
3.6820E-02   -2.8616E-04   
1.3810E-02   -1.4615E-02   
6.3811E-03   -1.9622E-02   
1.2496E-02   -1.5478E-02   
3.6730E-02   -4.5004E-04   
3.7025E-02   -2.0799E-04   
3.6714E-02   -3.9638E-04   
3.7516E-03   -2.1757E-02   
2.5432E-03   -2.2821E-02   
3.6841E-02   -2.3266E-04   
4.8759E-03   -2.0793E-02   
3.6970E-02   -2.0594E-04   
3.4642E-03   -2.2574E-02   
2.2806E-03   -2.3876E-02   
2.4670E-03   -2.3005E-02   
2.2198E-03   -2.3764E-02   
3.6743E-02   -2.6083E-04   
3.7821E-02   -1.8206E-04   
2.5215E-03   -2.4121E-02   
3.7997E-02   -1.9707E-04   
1.9152E-03   -2.4418E-02   
3.8144E-02   -2.5996E-04   
2.2099E-03   -2.4963E-02   
3.8669E-02   -2.1461E-04   
3.9086E-02   -1.3688E-04   
2.4442E-03   -2.4793E-02   
3.7620E-02   -1.9208E-04   
3.6692E-02   -5.3224E-04   
3.0843E-02   -5.7813E-03   
3.1445E-02   -4.7307E-03   
3.1939E-02   -4.2772E-03   
3.3987E-02   -2.4124E-03   
3.2365E-02   -3.8748E-03   
3.6475E-02   -6.9430E-04   
3.6354E-02   -7.5738E-04   
3.2749E-02   -3.5137E-03   
2.8607E-02   -6.5909E-03   
3.6196E-02   -8.4882E-04   
3.5458E-02   -1.3225E-03   
3.3100E-02   -3.1899E-03   
3.3712E-02   -2.6441E-03   
3.6027E-02   -9.5267E-04   
3.3421E-02   -2.9008E-03   
3.5657E-02   -1.1884E-03   
3.5847E-02   -1.0656E-03   
2.7674E-02   -6.8890E-03   
3.4258E-02   -2.1963E-03   
3.5021E-02   -1.6298E-03   
3.5247E-02   -1.4694E-03   
2.6479E-02   -7.3391E-03   
3.4779E-02   -1.8053E-03   
2.5014E-02   -7.9658E-03   
2.3598E-02   -8.6885E-03   
3.4524E-02   -1.9940E-03   
3.6786E-02   -4.6972E-04   
1.9199E-02   -1.1102E-02   
2.2123E-02   -9.4408E-03   
3.6698E-02   -3.5861E-04   
2.0648E-02   -1.0250E-02   
3.6926E-02   -2.3209E-04   
7.8040E-03   -1.8776E-02   
1.1439E-02   -1.6192E-02   
7.3484E-03   -1.9155E-02   
1.7935E-02   -1.1878E-02   
3.6592E-02   -4.8430E-04   
3.6786E-02   -2.5562E-04   
3.6706E-02   -2.7405E-04   
6.2397E-03   -2.0009E-02   
4.0108E-03   -2.2069E-02   
2.9708E-03   -2.3362E-02   
3.7945E-02   -2.5195E-04   
3.6835E-02   -2.5625E-04   
4.4242E-03   -2.1622E-02   
3.7421E-02   -2.2742E-04   
2.8024E-03   -2.3802E-02   
3.7544E-02   -2.4595E-04   
2.3231E-03   -2.4377E-02   
3.6499E-03   -2.1979E-02   
3.8366E-02   -2.6693E-04   
3.7106E-02   -2.0892E-04   
3.9351E-02   -1.0658E-04   
2.6442E-03   -2.4634E-02   
2.9895E-02   -5.6615E-03   
3.6574E-02   -6.1660E-04   
3.1435E-02   -4.4479E-03   
3.1944E-02   -4.0107E-03   
3.2382E-02   -3.6259E-03   
3.3748E-02   -2.4453E-03   
3.6438E-02   -6.4697E-04   
3.0815E-02   -5.2035E-03   
3.6255E-02   -7.4198E-04   
3.4025E-02   -2.2225E-03   
3.2776E-02   -3.2784E-03   
3.6076E-02   -8.4322E-04   
3.3134E-02   -2.9655E-03   
3.3457E-02   -2.6894E-03   
3.5494E-02   -1.1916E-03   
3.5891E-02   -9.4912E-04   
3.5697E-02   -1.0642E-03   
2.9495E-02   -5.5826E-03   
3.4815E-02   -1.6448E-03   
3.5280E-02   -1.3306E-03   
3.5054E-02   -1.4812E-03   
3.6822E-02   -2.5610E-04   
2.8165E-02   -6.0947E-03   
3.4297E-02   -2.0154E-03   
2.7198E-02   -6.5219E-03   
3.4561E-02   -1.8229E-03   
3.6571E-02   -4.4045E-04   
2.3863E-02   -8.1241E-03   
2.6123E-02   -6.9757E-03   
2.2773E-02   -8.7377E-03   
2.5008E-02   -7.5129E-03   
1.1920E-02   -1.6052E-02   
3.6587E-02   -5.4574E-04   
3.6680E-02   -3.3153E-04   
1.6879E-02   -1.2555E-02   
3.7090E-02   -1.5479E-04   
8.1995E-03   -1.8907E-02   
3.6679E-02   -2.9446E-04   
3.6990E-02   -2.6191E-04   
3.6901E-02   -2.5869E-04   
3.6630E-02   -3.1297E-04   
3.6587E-02   -3.1529E-04   
3.7271E-02   -2.8852E-04   
3.6551E-02   -3.2441E-04   
4.7760E-03   -2.1297E-02   
6.7786E-03   -2.0220E-02   
1.0803E-02   -1.6724E-02   
1.2182E-02   -1.5787E-02   
4.3028E-03   -2.2335E-02   
3.7548E-02   -2.9477E-04   
3.2406E-03   -2.3367E-02   
6.5938E-03   -1.9910E-02   
3.8090E-02   -3.2208E-04   
2.4278E-03   -2.4519E-02   
3.9687E-02   -5.4062E-05   
3.4603E-03   -2.3614E-02   
3.9304E-02   -1.5026E-04   
3.7884E-02   -3.1399E-04   
3.7318E-02   -2.1502E-04   
3.0444E-03   -2.4012E-02   
3.0756E-02   -4.9960E-03   
3.1481E-02   -4.1698E-03   
3.1996E-02   -3.7568E-03   
3.3798E-02   -2.2581E-03   
3.6315E-02   -6.3568E-04   
3.2429E-02   -3.3880E-03   
3.3508E-02   -2.4897E-03   
3.6128E-02   -7.4378E-04   
3.2830E-02   -3.0487E-03   
3.3189E-02   -2.7504E-03   
3.5945E-02   -8.4153E-04   
3.4857E-02   -1.4985E-03   
3.5535E-02   -1.0689E-03   
3.5746E-02   -9.4769E-04   
3.5319E-02   -1.2031E-03   
2.9936E-02   -5.0828E-03   
3.5094E-02   -1.3452E-03   
3.6478E-02   -5.6586E-04   
3.4073E-02   -2.0455E-03   
3.4605E-02   -1.6660E-03   
2.9548E-02   -5.1421E-03   
3.4343E-02   -1.8483E-03   
2.8884E-02   -5.3164E-03   
2.6551E-02   -6.3426E-03   
2.7362E-02   -5.9460E-03   
3.6444E-02   -5.2988E-04   
2.8144E-02   -5.5948E-03   
3.6546E-02   -4.0721E-04   
3.6947E-02   -2.0052E-04   
2.1723E-02   -9.3739E-03   
3.6525E-02   -3.4076E-04   
3.6413E-02   -3.7909E-04   
1.2793E-02   -1.5342E-02   
3.6646E-02   -3.2308E-04   
3.6378E-02   -3.8464E-04   
3.6455E-02   -3.8071E-04   
1.1554E-02   -1.6600E-02   
3.7103E-02   -2.6387E-04   
3.6755E-02   -3.2067E-04   
1.6224E-02   -1.3034E-02   
3.7008E-02   -3.2793E-04   
5.0330E-03   -2.2127E-02   
3.8825E-03   -2.2434E-02   
1.1898E-02   -1.6439E-02   
1.2739E-02   -1.5678E-02   
3.7813E-02   -3.8361E-04   
3.8306E-02   -3.3064E-04   
4.3567E-03   -2.2859E-02   
2.9062E-03   -2.4242E-02   
3.9533E-02   -1.2239E-04   
4.0530E-03   -2.3367E-02   
3.0787E-02   -4.6921E-03   
3.1622E-02   -3.8986E-03   
3.3569E-02   -2.3040E-03   
3.2043E-02   -3.5294E-03   
3.6161E-02   -6.7062E-04   
3.3855E-02   -2.0838E-03   
3.2496E-02   -3.1555E-03   
3.3256E-02   -2.5489E-03   
3.6003E-02   -7.4656E-04   
3.4906E-02   -1.3659E-03   
3.2899E-02   -2.8308E-03   
3.4657E-02   -1.5227E-03   
3.0910E-02   -4.3665E-03   
3.5814E-02   -8.4116E-04   
3.5360E-02   -1.0897E-03   
3.5139E-02   -1.2229E-03   
3.0514E-02   -4.3625E-03   
3.4396E-02   -1.6949E-03   
3.4128E-02   -1.8818E-03   
3.6410E-02   -4.9156E-04   
3.6511E-02   -3.6254E-04   
2.9102E-02   -4.7704E-03   
3.0058E-02   -4.4589E-03   
1.7237E-02   -1.2327E-02   
2.9597E-02   -4.5952E-03   
3.6520E-02   -3.8421E-04   
2.5706E-02   -6.8022E-03   
1.6922E-02   -1.2826E-02   
3.6187E-02   -4.5516E-04   
2.0651E-02   -1.0087E-02   
3.6221E-02   -4.5411E-04   
3.6350E-02   -3.9766E-04   
3.6507E-02   -3.8799E-04   
1.4849E-02   -1.4226E-02   
5.6379E-03   -2.2352E-02   
1.3002E-02   -1.5932E-02   
3.7080E-02   -3.6278E-04   
3.6858E-02   -3.2540E-04   
3.8246E-02   -3.9797E-04   
1.7183E-02   -1.2533E-02   
3.7951E-03   -2.3668E-02   
3.7610E-02   -3.7504E-04   
3.8580E-02   -2.7850E-04   
8.1781E-03   -1.9994E-02   
8.6246E-03   -1.9167E-02   
8.4305E-03   -1.9569E-02   
3.7731E-02   -4.6182E-04   
3.6275E-02   -5.8467E-04   
3.3636E-02   -2.1320E-03   
3.3330E-02   -2.3629E-03   
3.1509E-02   -3.7654E-03   
3.5712E-02   -8.3802E-04   
3.6342E-02   -4.4023E-04   
3.2115E-02   -3.2963E-03   
3.4716E-02   -1.3927E-03   
3.6074E-02   -6.5418E-04   
3.4960E-02   -1.2467E-03   
3.5880E-02   -7.5406E-04   
3.2575E-02   -2.9359E-03   
3.4456E-02   -1.5545E-03   
3.3918E-02   -1.9228E-03   
3.4190E-02   -1.7313E-03   
3.1125E-02   -3.8300E-03   
3.5385E-02   -1.0086E-03   
3.5189E-02   -1.1158E-03   
3.0583E-02   -3.8801E-03   
3.0854E-02   -3.8507E-03   
2.4588E-02   -7.4740E-03   
2.8569E-02   -4.9999E-03   
3.6374E-02   -4.6237E-04   
2.2286E-02   -9.0702E-03   
3.6332E-02   -4.1815E-04   
3.5982E-02   -5.3650E-04   
1.9203E-02   -1.1203E-02   
3.6159E-02   -4.6443E-04   
3.6258E-02   -4.6121E-04   
3.7405E-02   -3.6556E-04   
3.6584E-02   -3.9647E-04   
1.8355E-02   -1.2059E-02   
2.2515E-02   -8.8185E-03   
1.6649E-02   -1.2749E-02   
3.7333E-02   -3.2358E-04   
3.6816E-02   -4.1871E-04   
1.4746E-02   -1.4833E-02   
5.0734E-03   -2.3050E-02   
9.6907E-03   -1.9255E-02   
2.1384E-02   -9.6874E-03   
3.7694E-02   -3.0486E-04   
3.7965E-02   -4.6314E-04   
3.8521E-02   -3.3921E-04   
3.8820E-02   -2.3994E-04   
1.3609E-02   -1.5811E-02   
1.3305E-02   -1.6377E-02   
3.5746E-02   -7.7338E-04   
3.3065E-02   -2.4443E-03   
3.3399E-02   -2.1965E-03   
3.6177E-02   -5.2702E-04   
3.5265E-02   -1.0135E-03   
3.5027E-02   -1.1384E-03   
3.5915E-02   -6.9558E-04   
3.3702E-02   -1.9751E-03   
3.4782E-02   -1.2751E-03   
3.4525E-02   -1.4266E-03   
3.2684E-02   -2.7261E-03   
3.4258E-02   -1.5935E-03   
3.3986E-02   -1.7752E-03   
3.1739E-02   -3.4528E-03   
3.1614E-02   -3.4013E-03   
3.1451E-02   -3.3667E-03   
3.0301E-02   -3.9404E-03   
2.7904E-02   -5.3467E-03   
3.2193E-02   -3.0724E-03   
3.6226E-02   -5.5153E-04   
3.5930E-02   -5.5514E-04   
3.5522E-02   -8.9266E-04   
3.5952E-02   -5.4193E-04   
2.3960E-02   -7.8828E-03   
2.2293E-02   -8.9002E-03   
1.9867E-02   -1.1228E-02   
3.6014E-02   -5.3930E-04   
2.6955E-02   -5.9290E-03   
3.6109E-02   -5.1703E-04   
2.3854E-02   -8.1305E-03   
3.6294E-02   -4.7886E-04   
2.5482E-02   -6.8948E-03   
3.6918E-02   -4.3470E-04   
3.7167E-02   -4.4180E-04   
3.6697E-02   -4.0428E-04   
3.9046E-02   -2.3698E-04   
1.9299E-02   -1.1972E-02   
1.9451E-02   -1.1688E-02   
1.1505E-02   -1.8119E-02   
3.7674E-02   -5.4218E-04   
4.6638E-03   -2.3549E-02   
3.8175E-02   -4.6888E-04   
3.8797E-02   -2.8798E-04   
3.5830E-02   -6.9392E-04   
3.3129E-02   -2.2878E-03   
3.2766E-02   -2.5553E-03   
3.5107E-02   -1.0375E-03   
3.6032E-02   -6.1727E-04   
3.4859E-02   -1.1681E-03   
3.3465E-02   -2.0467E-03   
3.4603E-02   -1.3101E-03   
3.3775E-02   -1.8314E-03   
3.4336E-02   -1.4675E-03   
3.2030E-02   -3.0355E-03   
3.4061E-02   -1.6404E-03   
3.1306E-02   -3.3390E-03   
3.5602E-02   -7.9553E-04   
3.5708E-02   -6.4017E-04   
3.2425E-02   -2.8122E-03   
2.9498E-02   -4.3004E-03   
3.1151E-02   -3.3349E-03   
2.7554E-02   -5.4801E-03   
3.5356E-02   -9.1373E-04   
3.5741E-02   -6.2754E-04   
3.6887E-02   -4.9661E-04   
3.5958E-02   -6.0731E-04   
3.5774E-02   -6.2457E-04   
2.7385E-02   -5.5961E-03   
3.6037E-02   -5.5410E-04   
3.6379E-02   -4.9106E-04   
3.5909E-02   -5.7866E-04   
2.4701E-02   -8.0471E-03   
2.6609E-02   -6.1502E-03   
2.7745E-02   -5.5682E-03   
3.7134E-02   -4.0157E-04   
3.9079E-02   -2.9690E-04   
2.5146E-02   -7.6097E-03   
3.6518E-02   -4.9729E-04   
3.7050E-02   -5.1665E-04   
3.7363E-02   -6.4532E-04   
2.0054E-02   -1.1528E-02   
1.7527E-02   -1.3537E-02   
3.7358E-02   -5.5708E-04   
3.9252E-02   -1.9228E-04   
3.8469E-02   -4.0376E-04   
3.3178E-03   -2.4372E-02   
1.9421E-02   -1.1467E-02   
3.2807E-02   -2.4229E-03   
3.2412E-02   -2.7205E-03   
3.4947E-02   -1.0705E-03   
3.5706E-02   -7.0537E-04   
3.4690E-02   -1.2050E-03   
3.3539E-02   -1.9098E-03   
3.1945E-02   -2.9722E-03   
3.4423E-02   -1.3537E-03   
3.0955E-02   -3.3874E-03   
3.3855E-02   -1.7012E-03   
2.8764E-02   -4.6917E-03   
3.4145E-02   -1.5185E-03   
3.5199E-02   -9.4442E-04   
3.1882E-02   -2.9074E-03   
3.5477E-02   -7.3540E-04   
3.5877E-02   -6.1376E-04   
3.5447E-02   -8.2673E-04   
3.5689E-02   -6.5825E-04   
3.5560E-02   -7.0685E-04   
3.5810E-02   -6.2799E-04   
2.8882E-02   -5.0910E-03   
2.9168E-02   -4.4460E-03   
2.7664E-02   -5.7246E-03   
2.7904E-02   -5.4183E-03   
3.6525E-02   -5.9849E-04   
3.8379E-02   -4.7120E-04   
1.2851E-02   -1.7270E-02   
2.9809E-02   -4.0128E-03   
2.4863E-02   -7.6640E-03   
3.6349E-02   -5.9630E-04   
3.7242E-02   -5.1521E-04   
3.9319E-02   -2.2561E-04   
3.8759E-02   -4.0984E-04   
3.7389E-02   -7.1855E-04   
2.3905E-02   -8.9774E-03   
3.9784E-03   -2.4209E-02   
3.6180E-02   -5.9783E-04   
2.9249E-03   -2.4403E-02   
3.4788E-02   -1.1116E-03   
3.5689E-02   -6.7887E-04   
3.5045E-02   -9.8341E-04   
3.4521E-02   -1.2515E-03   
3.3627E-02   -1.7829E-03   
3.2408E-02   -2.6188E-03   
2.5869E-02   -6.5830E-03   
3.0626E-02   -3.5240E-03   
3.5299E-02   -8.6305E-04   
3.1826E-02   -2.8579E-03   
3.5450E-02   -7.5274E-04   
3.3188E-02   -2.1507E-03   
3.3947E-02   -1.5828E-03   
2.9277E-02   -4.6885E-03   
3.0161E-02   -3.9664E-03   
3.5549E-02   -7.2312E-04   
2.9757E-02   -4.1399E-03   
3.0167E-02   -3.8162E-03   
2.9842E-02   -4.0238E-03   
2.8929E-02   -4.6746E-03   
3.0430E-02   -3.8082E-03   
2.8041E-02   -5.7484E-03   
3.6708E-02   -6.0826E-04   
3.8056E-02   -5.5895E-04   
3.6173E-02   -7.0411E-04   
3.5162E-02   -8.7568E-04   
3.5828E-02   -7.1910E-04   
3.6932E-02   -6.2120E-04   
2.0162E-02   -1.2075E-02   
8.0984E-03   -2.0760E-02   
3.6005E-02   -7.0560E-04   
3.7517E-02   -4.5372E-04   
2.4689E-02   -8.6515E-03   
2.3440E-02   -9.2051E-03   
3.7715E-02   -6.8206E-04   
3.7048E-02   -7.6707E-04   
3.4897E-02   -1.0295E-03   
3.4641E-02   -1.1564E-03   
3.5434E-02   -7.7714E-04   
3.1694E-02   -2.8677E-03   
3.5514E-02   -7.6743E-04   
3.5152E-02   -9.0723E-04   
3.4361E-02   -1.3032E-03   
3.2430E-02   -2.5144E-03   
3.3734E-02   -1.6661E-03   
3.4056E-02   -1.4748E-03   
3.1791E-02   -2.9069E-03   
3.1488E-02   -3.0660E-03   
3.2853E-02   -2.3004E-03   
3.1041E-02   -3.2516E-03   
3.1432E-02   -3.0223E-03   
3.1279E-02   -3.0826E-03   
3.3264E-02   -2.0193E-03   
3.5623E-02   -7.2044E-04   
3.4904E-02   -9.9463E-04   
3.5663E-02   -8.2549E-04   
3.0894E-02   -3.3690E-03   
3.5589E-02   -7.7540E-04   
2.7704E-02   -6.2410E-03   
3.6338E-02   -7.1206E-04   
3.1188E-02   -3.5738E-03   
1.3658E-02   -1.6288E-02   
2.5891E-02   -7.8891E-03   
3.5267E-02   -8.5152E-04   
3.5822E-02   -8.1912E-04   
3.1922E-02   -2.9234E-03   
2.8282E-02   -5.9564E-03   
1.3750E-02   -1.6933E-02   
3.7094E-02   -8.3847E-04   
3.8068E-02   -6.4776E-04   
3.4778E-02   -1.0722E-03   
3.5007E-02   -9.5835E-04   
3.3372E-02   -1.8890E-03   
3.1904E-02   -2.7028E-03   
3.3856E-02   -1.5616E-03   
3.2067E-02   -2.6133E-03   
3.2496E-02   -2.3862E-03   
3.4937E-02   -9.8886E-04   
3.2934E-02   -2.1694E-03   
3.2350E-02   -2.4465E-03   
3.5864E-02   -6.2785E-04   
3.4187E-02   -1.3728E-03   
3.5240E-02   -8.5120E-04   
3.2318E-02   -2.4945E-03   
3.5477E-02   -9.4255E-04   
3.2586E-02   -2.3735E-03   
3.5530E-02   -8.3778E-04   
8.5426E-03   -1.9982E-02   
2.7756E-02   -6.6752E-03   
3.5977E-02   -8.2343E-04   
7.8926E-03   -2.1054E-02   
3.3116E-02   -2.2282E-03   
3.0618E-02   -4.1508E-03   
3.5279E-02   -8.7882E-04   
3.6506E-02   -7.2885E-04   
1.4476E-02   -1.6417E-02   
3.2847E-02   -2.4792E-03   
3.1139E-02   -3.9222E-03   
2.1720E-02   -1.1021E-02   
3.6729E-02   -9.0153E-04   
3.2138E-02   -2.7028E-03   
3.8448E-02   -6.0682E-04   
3.3506E-02   -1.7697E-03   
3.2868E-02   -2.1279E-03   
3.4534E-02   -1.1859E-03   
3.3091E-02   -2.0225E-03   
3.4616E-02   -1.1358E-03   
3.2822E-02   -2.2511E-03   
3.1929E-02   -2.7129E-03   
3.5769E-02   -9.5266E-04   
3.3975E-02   -1.4734E-03   
3.3072E-02   -2.0417E-03   
3.2850E-02   -2.1520E-03   
3.4950E-02   -1.0062E-03   
3.5621E-02   -9.4405E-04   
3.4837E-02   -1.0307E-03   
3.2301E-02   -2.4522E-03   
3.5271E-02   -9.2259E-04   
2.3966E-02   -8.6476E-03   
3.2995E-02   -2.2214E-03   
3.2710E-02   -2.7270E-03   
3.2727E-02   -2.7900E-03   
3.1506E-02   -3.8143E-03   
3.1697E-02   -3.9488E-03   
3.6776E-02   -9.8915E-04   
8.4136E-03   -2.1031E-02   
3.6281E-02   -8.5871E-04   
3.8767E-02   -4.9768E-04   
3.3636E-02   -1.6687E-03   
3.3262E-02   -1.8950E-03   
3.4327E-02   -1.2794E-03   
3.3431E-02   -1.8045E-03   
3.4620E-02   -1.1482E-03   
3.5293E-02   -9.6435E-04   
3.4959E-02   -1.0361E-03   
3.3272E-02   -1.9579E-03   
3.5415E-02   -1.0773E-03   
3.5274E-02   -1.0710E-03   
3.6393E-02   -9.5518E-04   
3.5919E-02   -9.7017E-04   
3.3707E-02   -2.2346E-03   
3.3568E-02   -2.1708E-03   
3.2646E-02   -2.2586E-03   
3.6642E-02   -7.6417E-04   
3.7414E-02   -7.8093E-04   
3.6313E-02   -1.1788E-03   
3.2697E-02   -3.1533E-03   
3.0529E-02   -5.0162E-03   
3.3502E-02   -2.5311E-03   
3.3623E-02   -1.8872E-03   
1.4694E-02   -1.6770E-02   
3.8808E-02   -5.7000E-04   
3.3389E-02   -1.7972E-03   
3.4643E-02   -1.1223E-03   
3.2954E-02   -2.0543E-03   
3.4051E-02   -1.4247E-03   
3.5013E-02   -1.2364E-03   
3.4275E-02   -1.3115E-03   
3.3747E-02   -1.5905E-03   
3.4626E-02   -1.1729E-03   
3.3599E-02   -1.7437E-03   
3.4948E-02   -1.1296E-03   
3.3778E-02   -1.6903E-03   
3.4939E-02   -1.1893E-03   
3.6708E-02   -8.2359E-04   
3.5566E-02   -1.0863E-03   
3.6081E-02   -9.9692E-04   
3.7646E-02   -7.8919E-04   
3.3639E-02   -2.0111E-03   
3.6422E-02   -8.7773E-04   
3.3753E-02   -1.8806E-03   
3.6058E-02   -1.0949E-03   
3.3311E-02   -1.8538E-03   
3.4003E-02   -1.6384E-03   
3.3984E-02   -2.1756E-03   
3.5991E-02   -1.2051E-03   
3.6707E-02   -1.0965E-03   
3.3448E-02   -2.3092E-03   
3.3942E-02   -2.3807E-03   
3.2787E-02   -3.4514E-03   
8.8055E-03   -2.1216E-02   
3.3482E-02   -1.7380E-03   
3.4023E-02   -1.5258E-03   
3.3903E-02   -1.5068E-03   
3.4308E-02   -1.3126E-03   
3.4085E-02   -1.7643E-03   
3.3845E-02   -1.5829E-03   
3.4634E-02   -1.3570E-03   
3.5265E-02   -1.1922E-03   
3.4135E-02   -2.5701E-03   
3.5709E-02   -1.2390E-03   
3.2956E-02   -2.0610E-03   
3.4128E-02   -1.6580E-03   
3.5700E-02   -1.1085E-03   
3.4656E-02   -1.1952E-03   
3.4595E-02   -1.3068E-03   
3.4303E-02   -1.9463E-03   
6.0470E-03   -2.3299E-02   
3.4264E-02   -2.1369E-03   
3.5890E-02   -1.3164E-03   
3.6998E-02   -9.9593E-04   
3.4973E-02   -1.0720E-03   
3.2633E-02   -2.2466E-03   
3.3675E-02   -1.6551E-03   
3.4195E-02   -1.4858E-03   
3.3989E-02   -1.4839E-03   
3.5343E-02   -1.2286E-03   
3.4407E-02   -1.3430E-03   
3.4339E-02   -1.5108E-03   
3.4050E-02   -1.4398E-03   
3.5560E-02   -1.4739E-03   
3.3749E-02   -1.6038E-03   
3.7315E-02   -9.3793E-04   
3.5598E-02   -1.3636E-03   
3.4086E-02   -1.9541E-03   
3.4353E-02   -1.4581E-03   
3.4583E-02   -2.2776E-03   
4.3472E-03   -2.4383E-02   
3.4715E-02   -1.2072E-03   
3.4459E-02   -1.7307E-03   
3.4991E-02   -1.3369E-03   
3.5055E-02   -1.4083E-03   
3.4601E-02   -1.7509E-03   
3.5590E-02   -1.5713E-03   
3.4377E-02   -1.6130E-03   
3.4548E-02   -2.1650E-03   
3.4631E-02   -2.3507E-03   
3.4875E-02   -1.5691E-03   
3.4399E-02   -1.6777E-03   
3.4992E-02   -2.2687E-03   
3.4760E-02   -1.7833E-03   
3.5807E-02   -1.1365E-03   
3.6044E-02   -1.4598E-03   
3.5177E-02   -1.6653E-03   
3.4684E-02   -1.5111E-03   
3.5308E-02   -1.3972E-03   
3.4496E-02   -1.9567E-03   
3.5172E-02   -1.7752E-03   
3.6478E-02   -1.2469E-03   
3.5469E-02   -2.0397E-03   
3.4866E-02   -1.8288E-03   
3.4695E-02   -1.5784E-03   
3.5067E-02   -1.9281E-03   
3.5382E-02   -1.8937E-03   
3.5888E-02   -1.7024E-03   
3.6139E-02   -1.5287E-03   
3.5661E-02   -1.8803E-03   
4.1412E-04   -2.5356E-02   
3.4942E-02   -2.0715E-03   
3.4134E-02   -2.6643E-03   
3.9567E-02   -2.2185E-04   
8.9887E-04   -2.4474E-02   
4.0453E-02   -2.8532E-05   
3.9173E-02   -5.3341E-04   
7.5606E-04   -2.5429E-02   
3.6788E-03   -2.4564E-02   
3.5549E-02   -2.1152E-03   
3.9787E-02   -1.0940E-04   
1.1517E-03   -2.5401E-02   
5.5486E-03   -2.3200E-02   
1.6292E-03   -2.5364E-02   
2.1138E-03   -2.5326E-02   
2.5930E-03   -2.5271E-02   
3.0869E-03   -2.5188E-02   
4.0756E-02   -2.5625E-05   
3.5941E-03   -2.5051E-02   
4.1394E-03   -2.4778E-02   
3.9037E-02   -4.1763E-04   
4.9525E-03   -2.4228E-02   
4.1070E-02   -2.3636E-05   
6.7354E-03   -2.2781E-02   
1.2314E-02   -1.8463E-02   
3.6448E-02   -1.3685E-03   
2.1130E-02   -1.2082E-02   
4.1403E-02   -2.0967E-05   
3.7913E-02   -5.2741E-04   
2.5905E-02   -8.8838E-03   
2.8398E-02   -6.0434E-03   
2.6910E-03   -2.4907E-02   
3.9144E-02   -3.5359E-04   
3.1422E-02   -5.4229E-03   
3.4208E-02   -3.6815E-03   
4.1750E-02   -1.7309E-05   
3.5660E-02   -2.9099E-03   
2.2252E-02   -1.1142E-02   
3.6363E-02   -2.6907E-03   
3.6872E-02   -2.6119E-03   
4.2113E-02   -1.3581E-05   
3.7467E-02   -2.4290E-03   
3.8126E-02   -2.2923E-03   
1.1960E-03   -2.5131E-02   
3.8734E-02   -2.1532E-03   
4.2534E-02   -1.0487E-05   
3.9928E-02   -6.6412E-05   
2.7862E-02   -7.0481E-03   
3.9383E-02   -1.9836E-03   
3.9995E-02   -1.8444E-03   
3.8509E-02   -6.6892E-04   
4.3008E-02   -4.0684E-06   
3.7671E-02   -8.7412E-04   
3.6959E-02   -1.0815E-03   
4.1167E-02   -1.4995E-03   
4.3458E-02   -2.1692E-04   
4.3554E-02   -2.3809E-04   
4.3549E-02   -2.7718E-05   
4.3603E-02   -5.0603E-06   
4.3492E-02   -1.1036E-04   
7.1036E-03   -2.2677E-02   
4.2398E-02   -9.6530E-04   
1.3911E-03   -2.5245E-02   
3.7906E-02   -8.8764E-04   
3.7377E-02   -1.0261E-03   
2.4328E-03   -2.5055E-02   
3.6719E-02   -1.3501E-03   
3.1215E-03   -2.4853E-02   
3.9825E-02   -1.8087E-04   
3.6108E-02   -1.7122E-03   
3.9478E-02   -4.3140E-04   
3.4955E-03   -2.4842E-02   
2.8364E-02   -6.7104E-03   
2.3994E-03   -2.5178E-02   
3.2629E-02   -3.7326E-03   
3.4115E-03   -2.5004E-02   
3.8361E-02   -7.7021E-04   
3.8560E-02   -2.0410E-03   
3.5566E-02   -2.7945E-03   
5.0115E-03   -2.4195E-02   
2.1405E-02   -1.1957E-02   
1.2956E-02   -1.8239E-02   
1.4736E-02   -1.6940E-02   
4.1218E-02   -4.5916E-05   
3.6077E-02   -1.9839E-03   
4.0054E-02   -9.6239E-05   
3.9238E-02   -5.9515E-04   
4.0610E-02   -5.1027E-05   
4.2477E-02   -2.4260E-05   
3.5124E-02   -2.3371E-03   
3.6606E-02   -2.4918E-03   
3.9353E-02   -2.5621E-04   
3.9387E-02   -3.6795E-04   
3.6428E-02   -1.4423E-03   
3.2750E-02   -3.5394E-03   
4.3296E-02   -9.5638E-07   
4.0609E-02   -1.6713E-03   
2.5901E-02   -8.7524E-03   
3.9525E-02   -1.7983E-03   
4.3591E-02   -1.3783E-04   
4.3695E-02   -1.6557E-06   
4.3666E-02   -1.3712E-05   
4.3622E-02   -6.3992E-05   
3.7557E-02   -2.2420E-03   
3.2755E-02   -4.2104E-03   
4.1903E-02   -3.1791E-05   
4.1718E-02   -1.0733E-03   
4.3058E-02   -1.2767E-05   
4.2425E-02   -8.2165E-04   
4.2871E-02   -2.6877E-04   
4.3111E-02   -1.9859E-05   
4.3017E-02   -7.2176E-05   
4.2735E-02   -5.0489E-04   
3.8213E-02   -8.9554E-04   
3.5513E-02   -2.6560E-03   
3.9949E-02   -1.3586E-04   
4.0269E-02   -1.1064E-04   
4.1019E-02   -7.6514E-05   
1.5457E-03   -2.5117E-02   
3.4848E-02   -2.5478E-03   
3.7195E-02   -1.1955E-03   
1.9919E-02   -1.3036E-02   
3.9847E-02   -2.2794E-04   
4.1698E-02   -5.6499E-05   
4.0409E-02   -1.5900E-03   
5.0606E-03   -2.4109E-02   
3.4750E-02   -2.9645E-03   
2.6067E-02   -8.6036E-03   
3.6516E-02   -2.4071E-03   
3.3411E-02   -3.4148E-03   
3.8144E-02   -2.0347E-03   
3.6575E-02   -1.6037E-03   
3.0764E-02   -5.3300E-03   
3.9055E-02   -7.0888E-04   
3.9546E-02   -4.9718E-04   
3.7092E-02   -2.2709E-03   
3.6547E-02   -1.7535E-03   
4.2093E-02   -4.3917E-05   
3.6165E-02   -2.1001E-03   
4.1357E-02   -6.6515E-05   
3.0933E-02   -5.0850E-03   
3.9695E-02   -2.9583E-04   
3.6008E-02   -2.5393E-03   
3.6970E-02   -1.3827E-03   
4.0632E-02   -8.5126E-05   
3.9764E-02   -3.4204E-04   
4.2284E-02   -4.2233E-04   
4.2639E-02   -4.6078E-05   
4.2516E-02   -1.3417E-04   
4.2725E-02   -2.2622E-05   
3.8618E-02   -7.8039E-04   
4.0961E-02   -1.3139E-03   
4.1881E-02   -8.4771E-04   
4.3004E-02   -5.2850E-05   
4.2785E-02   -4.0587E-04   
4.2866E-02   -1.4849E-04   
4.2796E-02   -1.9613E-04   
3.5894E-02   -2.4307E-03   
2.9662E-02   -6.0610E-03   
4.1812E-02   -7.3934E-05   
3.9971E-02   -1.6446E-03   
3.4351E-02   -3.0090E-03   
3.6595E-02   -1.8767E-03   
3.5772E-02   -2.3280E-03   
3.9938E-02   -4.5656E-04   
4.0475E-02   -1.2814E-04   
3.7729E-02   -2.0488E-03   
4.1171E-02   -9.6105E-05   
4.2440E-02   -2.0762E-04   
4.2657E-02   -7.8137E-05   
4.0133E-02   -3.0894E-04   
3.8063E-02   -1.0343E-03   
4.0183E-02   -2.0892E-04   
3.7537E-02   -1.1954E-03   
4.2294E-02   -3.0454E-04   
4.1183E-02   -1.0435E-03   
3.9381E-02   -6.9932E-04   
3.8739E-02   -1.8301E-03   
3.7002E-02   -1.5534E-03   
3.5297E-02   -2.4560E-03   
3.6909E-02   -2.1872E-03   
3.9082E-02   -7.9269E-04   
4.2440E-02   -4.1185E-05   
4.0875E-02   -1.2265E-03   
4.2006E-02   -6.1899E-04   
3.7884E-02   -1.8458E-03   
3.7500E-02   -1.4743E-03   
3.8954E-02   -9.0864E-04   
3.9778E-02   -6.4133E-04   
3.7301E-02   -1.9720E-03   
3.6283E-02   -2.2075E-03   
4.1922E-02   -9.0274E-05   
4.0592E-02   -1.2235E-03   
4.1179E-02   -1.3123E-04   
4.1584E-02   -1.0960E-04   
3.6792E-02   -2.0898E-03   
4.0406E-02   -2.2948E-04   
4.0474E-02   -1.6865E-04   
4.0233E-02   -3.5994E-04   
3.6982E-02   -1.4738E-03   
3.7068E-02   -1.7844E-03   
4.0050E-02   -5.1437E-04   
3.8913E-02   -1.6483E-03   
3.8407E-02   -1.0382E-03   
3.7907E-02   -1.1827E-03   
3.7389E-02   -1.6219E-03   
3.9383E-02   -8.4742E-04   
3.9685E-02   -7.4497E-04   
3.9157E-02   -1.8108E-03   
4.0339E-02   -4.1015E-04   
3.7176E-02   -1.8791E-03   
4.2257E-02   -6.9811E-05   
4.0776E-02   -1.7428E-04   
4.0501E-02   -2.8041E-04   
3.9967E-02   -1.4111E-03   
4.1030E-02   -1.8657E-04   
3.7819E-02   -1.3041E-03   
3.8663E-02   -1.0572E-03   
3.9732E-02   -8.2388E-04   
3.7527E-02   -1.6850E-03   
4.0895E-02   -2.4667E-04   
4.0898E-02   -1.0210E-03   
4.0192E-02   -5.5192E-04   
4.0736E-02   -3.6207E-04   
3.9718E-02   -1.6210E-03   
4.1733E-02   -1.2704E-04   
3.8065E-02   -1.3283E-03   
3.8585E-02   -1.1734E-03   
4.2393E-02   -8.3153E-05   
4.0543E-02   -5.0763E-04   
4.1936E-02   -1.4002E-04   
3.8023E-02   -1.5666E-03   
4.0939E-02   -2.9200E-04   
4.1516E-02   -1.7575E-04   
4.0852E-02   -4.0164E-04   
3.8982E-02   -1.1528E-03   
4.1211E-02   -1.9869E-04   
3.9509E-02   -9.8941E-04   
4.0287E-02   -7.1497E-04   
4.1211E-02   -2.9824E-04   
4.0427E-02   -7.9193E-04   
3.8151E-02   -1.6455E-03   
3.9877E-02   -9.7679E-04   
3.8415E-02   -1.3501E-03   
3.9348E-02   -1.1452E-03   
4.1587E-02   -2.0817E-04   
4.2318E-02   -1.2521E-04   
4.0720E-02   -8.0090E-04   
4.0271E-02   -9.4928E-04   
4.1675E-02   -2.4197E-04   
3.8534E-02   -1.4611E-03   
3.9108E-02   -1.3320E-03   
4.1452E-02   -3.0760E-04   
4.1191E-02   -7.1245E-04   
4.0188E-02   -1.0927E-03   
4.2081E-02   -1.8982E-04   
4.1410E-02   -3.6384E-04   
4.1126E-02   -8.4379E-04   
4.2246E-02   -2.0688E-04   
4.0638E-02   -1.0094E-03   
4.0970E-02   -4.4324E-04   
4.0656E-02   -5.6395E-04   
4.0824E-02   -6.1407E-04   
4.1348E-02   -5.0485E-04   
