51 
1844 
1.0366E-02   -3.6215E-03   
1.1700E-02   -2.6017E-03   
1.2761E-02   -1.6913E-03   
1.3484E-02   -8.4863E-04   
9.4879E-37   -1.2077E-03   
1.3737E-02   1.3392E-37   
1.3890E-02   -1.6112E-34   
1.4049E-02   -3.9603E-35   
1.4435E-02   2.1690E-35   
1.4808E-02   5.1278E-35   
1.5302E-02   1.3272E-34   
1.5921E-02   1.9953E-34   
1.6406E-02   2.4863E-34   
1.7244E-02   3.8421E-34   
1.7878E-02   4.6263E-34   
1.8570E-02   3.9829E-34   
1.8938E-02   6.1450E-34   
1.9718E-02   8.9022E-34   
2.0557E-02   1.2535E-33   
2.1000E-02   -1.9306E-30   
2.1000E-02   -1.3857E-34   
2.1000E-02   -1.3857E-34   
2.1000E-02   -1.3857E-34   
2.1000E-02   -1.3857E-34   
2.1000E-02   -1.3857E-34   
2.1000E-02   -1.3857E-34   
2.1000E-02   -1.3857E-34   
2.1000E-02   -1.3857E-34   
2.1000E-02   -1.3857E-34   
2.1000E-02   -1.3857E-34   
2.1000E-02   -1.3857E-34   
2.1000E-02   -1.3857E-34   
1.9739E-02   -8.0420E-04   
1.8394E-02   -1.4941E-03   
1.7771E-02   -1.7391E-03   
1.7153E-02   -1.9438E-03   
1.5923E-02   -2.2834E-03   
1.5307E-02   -2.4348E-03   
1.4070E-02   -2.7303E-03   
1.3447E-02   -2.8824E-03   
1.2126E-02   -3.2741E-03   
9.7813E-03   -4.4666E-03   
8.0021E-03   -5.4390E-03   
4.8223E-03   -7.4637E-03   
3.7793E-03   -8.1742E-03   
3.3082E-03   -8.4454E-03   
2.4205E-03   -8.8421E-03   
1.5788E-03   -9.0921E-03   
7.7425E-04   -9.2311E-03   
-2.9475E-37   -9.2702E-03   
1.3315E-33   -9.0091E-03   
1.4329E-33   -8.7486E-03   
1.3735E-33   -8.3973E-03   
1.3075E-33   -8.1987E-03   
1.1494E-33   -7.8922E-03   
1.0442E-33   -7.7353E-03   
9.5495E-34   -7.6182E-03   
8.5411E-34   -7.5740E-03   
6.9916E-34   -7.1718E-03   
8.9249E-03   -3.5430E-03   
2.0444E-02   -2.1537E-05   
1.9868E-02   -5.8283E-05   
1.9044E-02   -1.2104E-04   
1.8372E-02   -1.8083E-04   
1.7717E-02   -2.5871E-04   
1.6998E-02   -3.1303E-04   
1.6421E-02   -3.4240E-04   
1.5690E-02   -4.1689E-04   
1.4978E-02   -4.7455E-04   
1.4273E-02   -5.3284E-04   
1.3584E-02   -5.9212E-04   
1.2876E-02   -6.7474E-04   
1.2144E-02   -8.4189E-04   
1.1149E-02   -1.2673E-03   
1.0125E-02   -2.0822E-03   
1.1817E-02   -1.7900E-03   
1.2313E-02   -8.2569E-04   
1.2905E-02   -4.7860E-04   
1.3494E-02   -3.6481E-04   
1.4079E-02   -3.2852E-04   
1.4646E-02   -3.1307E-04   
1.5317E-02   -2.7095E-04   
1.5943E-02   -2.3923E-04   
1.6531E-02   -2.0517E-04   
1.7130E-02   -1.9761E-04   
1.7806E-02   -1.4662E-04   
1.8456E-02   -1.0683E-04   
1.9094E-02   -7.8109E-05   
1.9781E-02   -3.7054E-05   
2.0382E-02   -1.1148E-05   
1.3402E-02   -4.2947E-04   
1.3668E-02   -1.8720E-04   
1.3982E-02   -1.4189E-04   
1.4450E-02   -1.2611E-04   
1.4914E-02   -1.1976E-04   
1.5497E-02   -1.1923E-04   
1.6029E-02   -1.1723E-04   
1.6565E-02   -1.0988E-04   
1.7269E-02   -8.3066E-05   
1.7861E-02   -6.3058E-05   
1.8537E-02   -4.9616E-05   
1.9208E-02   -3.1171E-05   
1.9870E-02   -1.6179E-05   
2.0486E-02   -2.8158E-06   
2.0334E-02   -4.1810E-05   
1.9700E-02   -1.0584E-04   
1.8927E-02   -2.0243E-04   
1.8232E-02   -2.6772E-04   
1.7612E-02   -3.6488E-04   
1.6856E-02   -4.5112E-04   
1.6113E-02   -5.3659E-04   
1.5415E-02   -6.1224E-04   
1.4682E-02   -7.0879E-04   
1.4000E-02   -8.0046E-04   
1.3121E-02   -9.4300E-04   
1.2180E-02   -1.1370E-03   
1.1267E-02   -1.3788E-03   
1.0248E-02   -1.7577E-03   
8.6477E-03   -2.6674E-03   
3.8305E-03   -5.7282E-03   
2.0280E-02   -7.3677E-05   
1.9733E-02   -1.4989E-04   
1.8797E-02   -2.9734E-04   
1.8186E-02   -3.9621E-04   
1.7466E-02   -5.0032E-04   
1.6593E-02   -6.4361E-04   
1.5845E-02   -7.3395E-04   
1.5114E-02   -8.3769E-04   
1.4240E-02   -9.9444E-04   
1.3412E-02   -1.1731E-03   
1.2537E-02   -1.3742E-03   
1.1649E-02   -1.5592E-03   
1.0613E-02   -1.8977E-03   
9.3193E-03   -2.4158E-03   
5.7493E-03   -4.5296E-03   
1.2418E-03   -7.2639E-03   
2.0474E-02   -7.0817E-05   
1.9462E-02   -2.5369E-04   
1.8891E-02   -3.5600E-04   
1.8188E-02   -5.0123E-04   
1.7150E-02   -6.9297E-04   
1.6413E-02   -8.3011E-04   
1.5659E-02   -9.5274E-04   
1.4756E-02   -1.1301E-03   
1.3925E-02   -1.3183E-03   
1.3051E-02   -1.5007E-03   
1.2213E-02   -1.7086E-03   
1.1176E-02   -1.9800E-03   
9.8236E-03   -2.5559E-03   
7.3837E-03   -3.8838E-03   
3.1579E-03   -6.5668E-03   
1.0371E-03   -7.5937E-03   
2.0137E-02   -1.6954E-04   
1.9529E-02   -3.1593E-04   
1.8793E-02   -4.9885E-04   
1.8052E-02   -6.8038E-04   
1.6991E-02   -9.0129E-04   
1.6153E-02   -1.0477E-03   
1.5276E-02   -1.2532E-03   
1.4435E-02   -1.4552E-03   
1.3477E-02   -1.6451E-03   
1.2695E-02   -1.8272E-03   
1.1836E-02   -2.1192E-03   
1.0660E-02   -2.5378E-03   
8.4001E-03   -3.7576E-03   
4.7381E-03   -6.0871E-03   
1.9797E-03   -7.6270E-03   
1.0233E-03   -7.8085E-03   
2.0301E-02   -2.0361E-04   
1.9456E-02   -4.6590E-04   
1.8772E-02   -6.3943E-04   
1.7691E-02   -9.3025E-04   
1.6735E-02   -1.1825E-03   
1.5905E-02   -1.3376E-03   
1.4860E-02   -1.5702E-03   
1.4073E-02   -1.7597E-03   
1.3083E-02   -1.9842E-03   
1.2201E-02   -2.2464E-03   
1.1173E-02   -2.6037E-03   
9.8450E-03   -3.2630E-03   
6.7953E-03   -5.2024E-03   
3.3687E-03   -7.3800E-03   
1.9931E-03   -7.9021E-03   
9.3983E-04   -8.0734E-03   
2.0170E-02   -2.9574E-04   
1.9231E-02   -6.2579E-04   
1.8577E-02   -8.2354E-04   
1.7296E-02   -1.2197E-03   
1.6526E-02   -1.4137E-03   
1.5644E-02   -1.6389E-03   
1.4695E-02   -1.8260E-03   
1.3716E-02   -2.0666E-03   
1.2618E-02   -2.3785E-03   
1.1710E-02   -2.6805E-03   
1.0589E-02   -3.2004E-03   
8.3721E-03   -4.5520E-03   
4.6382E-03   -7.1142E-03   
3.0842E-03   -7.8845E-03   
1.9747E-03   -8.1929E-03   
9.8030E-04   -8.3455E-03   
2.0206E-02   -3.9182E-04   
1.9386E-02   -7.5614E-04   
1.8301E-02   -1.1249E-03   
1.7345E-02   -1.4619E-03   
1.6333E-02   -1.6514E-03   
1.5335E-02   -1.8824E-03   
1.4369E-02   -2.1277E-03   
1.3387E-02   -2.3850E-03   
1.2387E-02   -2.6693E-03   
1.1183E-02   -3.1089E-03   
9.1425E-03   -4.3822E-03   
5.9800E-03   -6.5442E-03   
3.9504E-03   -7.7781E-03   
2.8995E-03   -8.2152E-03   
1.8732E-03   -8.5016E-03   
1.0403E-03   -8.6176E-03   
1.9869E-02   -6.8488E-04   
1.8898E-02   -1.1765E-03   
1.8117E-02   -1.4180E-03   
1.6848E-02   -1.8000E-03   
1.6063E-02   -1.9927E-03   
1.4954E-02   -2.2579E-03   
1.3968E-02   -2.5159E-03   
1.3092E-02   -2.7021E-03   
1.1994E-02   -3.0255E-03   
1.0197E-02   -3.9031E-03   
7.8825E-03   -5.3539E-03   
4.8868E-03   -7.4674E-03   
3.6631E-03   -8.1655E-03   
2.6996E-03   -8.5345E-03   
1.7915E-03   -8.7863E-03   
7.9603E-04   -8.9907E-03   
2.3402E-03   -1.3320E-03   
4.4662E-03   -1.5790E-03   
6.3776E-03   -1.8947E-03   
7.7270E-03   -2.3371E-03   
8.6611E-03   -2.7947E-03   
9.4855E-03   -3.3068E-03   
9.9894E-03   -3.5202E-03   
1.0609E-02   -3.5716E-03   
1.0782E-02   -3.4371E-03   
1.0941E-02   -3.2862E-03   
1.1095E-02   -3.1386E-03   
1.1248E-02   -2.9968E-03   
1.1401E-02   -2.8604E-03   
1.1551E-02   -2.7288E-03   
1.1845E-02   -2.4785E-03   
1.1988E-02   -2.3588E-03   
1.2127E-02   -2.2422E-03   
1.2262E-02   -2.1285E-03   
1.2394E-02   -2.0169E-03   
1.2521E-02   -1.9069E-03   
1.2644E-02   -1.7985E-03   
1.2873E-02   -1.5850E-03   
1.2980E-02   -1.4793E-03   
1.3080E-02   -1.3740E-03   
1.3174E-02   -1.2689E-03   
1.3262E-02   -1.1639E-03   
1.3343E-02   -1.0589E-03   
1.3417E-02   -9.5385E-04   
1.3544E-02   -7.4325E-04   
1.3595E-02   -6.3769E-04   
1.3639E-02   -5.3192E-04   
1.3673E-02   -4.2646E-04   
1.3707E-02   -3.2360E-04   
1.3722E-02   -2.1899E-04   
1.3739E-02   -1.0340E-04   
1.3788E-02   -6.0500E-34   
1.3817E-02   -5.8493E-34   
1.3839E-02   -4.5052E-34   
1.3857E-02   -2.5128E-34   
1.3873E-02   -2.0082E-34   
1.3910E-02   -1.2799E-34   
1.3934E-02   -1.0015E-34   
1.3965E-02   -7.6701E-35   
1.4003E-02   -5.6764E-35   
1.4105E-02   -2.4709E-35   
1.4171E-02   -1.1700E-35   
1.4247E-02   -1.2424E-37   
1.4335E-02   1.0822E-35   
1.4546E-02   3.1639E-35   
1.4671E-02   4.1518E-35   
1.4959E-02   6.1981E-35   
1.5123E-02   7.2879E-35   
1.5494E-02   1.4281E-34   
1.5700E-02   1.1139E-34   
1.6156E-02   2.1801E-34   
1.6670E-02   2.8831E-34   
1.6950E-02   3.2661E-34   
1.7553E-02   3.9361E-34   
1.8216E-02   5.2108E-34   
1.9321E-02   7.5720E-34   
2.0129E-02   7.6952E-34   
2.1000E-02   -1.3857E-34   
2.1000E-02   -1.3857E-34   
2.1000E-02   -1.3857E-34   
2.1000E-02   -1.3857E-34   
2.1000E-02   -1.3857E-34   
1.9042E-02   -1.1932E-03   
1.6538E-02   -2.1219E-03   
1.4689E-02   -2.5821E-03   
1.2825E-02   -3.0480E-03   
1.1165E-02   -3.7037E-03   
6.0921E-03   -6.6055E-03   
4.2786E-03   -7.8420E-03   
2.8575E-03   -8.6651E-03   
1.9944E-03   -8.9813E-03   
1.1717E-03   -9.1739E-03   
3.8549E-04   -9.2656E-03   
9.7340E-34   -9.1418E-03   
1.4028E-33   -8.8771E-03   
1.3981E-33   -8.6251E-03   
2.0487E-33   -8.5079E-03   
2.0853E-33   -8.2941E-03   
1.2780E-33   -8.1108E-03   
1.2429E-33   -8.0306E-03   
1.1941E-33   -7.9579E-03   
1.1119E-33   -7.8333E-03   
1.0766E-33   -7.7811E-03   
1.0171E-33   -7.6961E-03   
9.9222E-34   -7.6636E-03   
9.7182E-34   -7.6376E-03   
9.4340E-34   -7.6052E-03   
9.2618E-34   -7.5974E-03   
9.0341E-34   -7.5918E-03   
8.7927E-34   -7.5850E-03   
8.3203E-34   -7.5561E-03   
8.0542E-34   -7.5271E-03   
7.8101E-34   -7.4828E-03   
7.5534E-34   -7.4177E-03   
7.2511E-34   -7.3192E-03   
6.7212E-34   -6.9572E-03   
6.4557E-34   -6.6554E-03   
6.1780E-34   -6.2483E-03   
5.9249E-34   -5.7273E-03   
5.6968E-34   -5.0861E-03   
8.3178E-34   -4.2964E-03   
7.6553E-34   -3.3989E-03   
5.6294E-34   -2.3346E-03   
1.0860E-02   -3.1574E-03   
1.1944E-02   -2.2093E-03   
1.2365E-02   -1.8613E-03   
1.1178E-02   -2.8617E-03   
1.3366E-02   -9.1997E-04   
1.0364E-02   -3.6267E-03   
7.1403E-03   -2.6870E-03   
1.3088E-02   -1.2218E-03   
1.3631E-02   -5.2758E-04   
1.2752E-02   -1.5343E-03   
1.1492E-02   -2.5874E-03   
1.3515E-02   -7.2283E-04   
1.1646E-02   -2.4574E-03   
1.0123E-02   -3.6967E-03   
1.2629E-02   -1.6416E-03   
1.3188E-02   -1.1202E-03   
1.3765E-02   -1.4958E-04   
3.1026E-03   -2.3265E-03   
9.7473E-03   -3.6202E-03   
1.2087E-02   -2.0907E-03   
1.2226E-02   -1.9745E-03   
1.3444E-02   -8.2108E-04   
8.3476E-03   -2.9881E-03   
1.3677E-02   -4.2902E-04   
5.3089E-03   -2.5265E-03   
9.2418E-03   -3.4351E-03   
1.3281E-02   -1.0197E-03   
1.3577E-02   -6.2502E-04   
1.0539E-02   -3.4770E-03   
1.2982E-02   -1.3246E-03   
1.2870E-02   -1.4288E-03   
1.1336E-02   -2.7221E-03   
1.0699E-02   -3.3148E-03   
1.1020E-02   -3.0067E-03   
1.1797E-02   -2.3316E-03   
1.2499E-02   -1.7505E-03   
1.7851E-03   -4.6739E-03   
1.5761E-03   -5.3662E-03   
1.3768E-03   -5.9506E-03   
1.1745E-03   -6.4184E-03   
9.8016E-04   -6.7736E-03   
8.1022E-04   -7.0330E-03   
6.6881E-04   -7.2164E-03   
5.5589E-04   -7.3420E-03   
4.6947E-04   -7.4260E-03   
1.3822E-02   -7.8666E-05   
4.0555E-04   -7.4810E-03   
1.3840E-02   -6.5081E-05   
3.4932E-04   -7.5169E-03   
1.3856E-02   -5.4924E-05   
2.9958E-04   -7.5408E-03   
1.3872E-02   -4.6638E-05   
2.5733E-04   -7.5572E-03   
1.3890E-02   -4.0168E-05   
2.2386E-04   -7.5688E-03   
1.3912E-02   -3.5172E-05   
2.0071E-04   -7.5781E-03   
1.3939E-02   -3.1459E-05   
1.8886E-04   -7.5882E-03   
1.3973E-02   -2.8852E-05   
1.8866E-04   -7.6013E-03   
1.4015E-02   -2.7167E-05   
1.9382E-04   -7.6194E-03   
1.4067E-02   -2.6228E-05   
2.0087E-04   -7.6433E-03   
1.4127E-02   -2.5944E-05   
2.0874E-04   -7.6733E-03   
1.4199E-02   -2.6211E-05   
2.1772E-04   -7.7097E-03   
1.4282E-02   -2.6901E-05   
2.2777E-04   -7.7526E-03   
1.4376E-02   -2.7868E-05   
2.3817E-04   -7.8018E-03   
1.4482E-02   -2.8815E-05   
2.4869E-04   -7.8575E-03   
1.4600E-02   -3.0190E-05   
2.5932E-04   -7.9196E-03   
1.4729E-02   -3.1784E-05   
2.6978E-04   -7.9881E-03   
1.4871E-02   -3.3809E-05   
2.8322E-04   -8.0630E-03   
1.5028E-02   -3.5536E-05   
2.9879E-04   -8.1454E-03   
1.5199E-02   -3.6592E-05   
3.0764E-04   -8.2360E-03   
1.5384E-02   -3.7560E-05   
3.1634E-04   -8.3337E-03   
1.5585E-02   -3.8390E-05   
3.3918E-04   -8.4396E-03   
1.5803E-02   -3.8355E-05   
3.5170E-04   -8.5561E-03   
1.6030E-02   -3.6772E-05   
3.5229E-04   -8.6793E-03   
1.6268E-02   -3.7525E-05   
3.6267E-04   -8.8069E-03   
1.6524E-02   -3.6991E-05   
3.7900E-04   -8.9427E-03   
1.1283E-02   -2.5827E-03   
1.2753E-02   -1.3869E-03   
1.3209E-02   -9.8477E-04   
1.0624E-02   -3.1853E-03   
1.3757E-02   -2.2414E-04   
6.1141E-03   -3.2561E-03   
1.2050E-02   -1.9425E-03   
1.3666E-02   -4.3113E-04   
8.9166E-03   -3.5895E-03   
1.0119E-02   -3.6870E-03   
9.8797E-03   -3.7747E-03   
1.2488E-02   -1.6014E-03   
1.1604E-02   -2.3140E-03   
1.3475E-02   -7.0290E-04   
1.3547E-02   -6.1170E-04   
1.1759E-02   -2.1866E-03   
1.2345E-02   -1.7114E-03   
1.3306E-02   -8.8927E-04   
1.3105E-02   -1.0821E-03   
1.0790E-02   -3.0256E-03   
1.0293E-02   -3.5235E-03   
4.0184E-03   -3.2987E-03   
1.0955E-02   -2.8723E-03   
1.1905E-02   -2.0642E-03   
1.2197E-02   -1.8246E-03   
1.3394E-02   -7.9537E-04   
1.3610E-02   -5.2132E-04   
1.1120E-02   -2.7248E-03   
1.2877E-02   -1.2831E-03   
9.4987E-03   -3.7207E-03   
1.0459E-02   -3.3514E-03   
1.2994E-02   -1.1815E-03   
1.3714E-02   -3.3737E-04   
7.7258E-03   -3.3034E-03   
1.2624E-02   -1.4933E-03   
1.1445E-02   -2.4460E-03   
1.8973E-03   -3.8573E-03   
3.3889E-03   -4.8686E-03   
3.0510E-03   -5.5081E-03   
2.6433E-03   -6.0380E-03   
2.2163E-03   -6.4533E-03   
1.8398E-03   -6.7667E-03   
1.5168E-03   -6.9976E-03   
1.2437E-03   -7.1639E-03   
1.3798E-02   -1.0212E-04   
1.0194E-03   -7.2815E-03   
8.4142E-04   -7.3632E-03   
1.3807E-02   -1.3926E-04   
7.0519E-04   -7.4187E-03   
1.3821E-02   -1.1950E-04   
6.0344E-04   -7.4572E-03   
1.3836E-02   -1.0079E-04   
5.2281E-04   -7.4850E-03   
1.3852E-02   -8.6294E-05   
4.5961E-04   -7.5067E-03   
1.3871E-02   -7.5174E-05   
4.1419E-04   -7.5259E-03   
1.3895E-02   -6.6674E-05   
3.8818E-04   -7.5441E-03   
1.3925E-02   -6.0508E-05   
3.7979E-04   -7.5636E-03   
1.3963E-02   -5.6397E-05   
3.8587E-04   -7.5848E-03   
1.4010E-02   -5.3970E-05   
3.9645E-04   -7.6097E-03   
1.4066E-02   -5.2777E-05   
4.0969E-04   -7.6389E-03   
1.4133E-02   -5.2832E-05   
4.2603E-04   -7.6733E-03   
1.4211E-02   -5.4008E-05   
4.4505E-04   -7.7137E-03   
1.4300E-02   -5.5941E-05   
4.6574E-04   -7.7602E-03   
1.4402E-02   -5.7561E-05   
4.8701E-04   -7.8129E-03   
1.4515E-02   -5.8620E-05   
5.0827E-04   -7.8718E-03   
1.4634E-02   -6.2410E-05   
5.2657E-04   -7.9370E-03   
1.4766E-02   -6.5499E-05   
5.4094E-04   -8.0069E-03   
1.4912E-02   -7.0838E-05   
5.7787E-04   -8.0806E-03   
1.5076E-02   -7.3205E-05   
6.1133E-04   -8.1659E-03   
1.5255E-02   -7.4580E-05   
6.1385E-04   -8.2607E-03   
1.5448E-02   -7.6779E-05   
6.4323E-04   -8.3558E-03   
1.5664E-02   -7.7803E-05   
7.3343E-04   -8.4634E-03   
1.5900E-02   -7.6140E-05   
7.0399E-04   -8.5944E-03   
1.6118E-02   -6.9420E-05   
7.1189E-04   -8.7168E-03   
1.6349E-02   -8.1805E-05   
7.4036E-04   -8.8436E-03   
1.6796E-02   -3.8274E-05   
1.2024E-02   -1.7986E-03   
1.2186E-02   -1.6793E-03   
1.1576E-02   -2.1760E-03   
1.2341E-02   -1.5689E-03   
1.1412E-02   -2.3064E-03   
9.8717E-03   -3.7530E-03   
1.0047E-02   -3.5770E-03   
1.0217E-02   -3.3964E-03   
1.0388E-02   -3.2217E-03   
1.0559E-02   -3.0536E-03   
9.6247E-03   -3.8589E-03   
1.0731E-02   -2.8918E-03   
1.1244E-02   -2.4438E-03   
1.2489E-02   -1.4610E-03   
1.0903E-02   -2.7365E-03   
1.1074E-02   -2.5873E-03   
9.1422E-03   -3.8612E-03   
1.2630E-02   -1.3539E-03   
1.3427E-02   -6.8385E-04   
1.3509E-02   -5.9772E-04   
1.3580E-02   -5.1405E-04   
1.3336E-02   -7.7204E-04   
8.2237E-03   -3.8840E-03   
1.2765E-02   -1.2494E-03   
1.3236E-02   -8.6219E-04   
1.3014E-02   -1.0498E-03   
1.2893E-02   -1.1481E-03   
1.3129E-02   -9.5474E-04   
6.6280E-03   -3.8200E-03   
5.2397E-03   -3.8107E-03   
1.3643E-02   -4.3100E-04   
1.3699E-02   -3.4613E-04   
1.3749E-02   -2.5863E-04   
3.6773E-03   -4.2004E-03   
4.4372E-03   -5.5388E-03   
3.7232E-03   -5.9984E-03   
3.1232E-03   -6.3578E-03   
2.6051E-03   -6.6325E-03   
2.1517E-03   -6.8422E-03   
1.7627E-03   -7.0038E-03   
1.3789E-02   -1.6645E-04   
1.4395E-03   -7.1292E-03   
1.1804E-03   -7.2267E-03   
1.3769E-02   -2.0113E-04   
9.8015E-04   -7.3018E-03   
1.3784E-02   -1.6485E-04   
8.2920E-04   -7.3591E-03   
1.3798E-02   -1.4004E-04   
7.2019E-04   -7.4044E-03   
1.3814E-02   -1.2128E-04   
6.4696E-04   -7.4423E-03   
1.3834E-02   -1.0711E-04   
6.0402E-04   -7.4735E-03   
1.3861E-02   -9.6143E-05   
5.9045E-04   -7.5000E-03   
1.3895E-02   -8.8721E-05   
5.8570E-04   -7.5311E-03   
1.3936E-02   -8.4417E-05   
5.9146E-04   -7.5624E-03   
1.3987E-02   -8.1834E-05   
6.0648E-04   -7.5928E-03   
1.4050E-02   -8.0796E-05   
6.2580E-04   -7.6270E-03   
1.4122E-02   -8.2154E-05   
6.5127E-04   -7.6652E-03   
1.4205E-02   -8.5117E-05   
6.8364E-04   -7.7086E-03   
1.4304E-02   -8.7879E-05   
7.1648E-04   -7.7585E-03   
1.4420E-02   -8.9221E-05   
7.4836E-04   -7.8147E-03   
1.4534E-02   -8.6858E-05   
7.7659E-04   -7.8779E-03   
1.4639E-02   -1.0106E-04   
7.9015E-04   -7.9480E-03   
7.8009E-04   -8.0156E-03   
9.2464E-04   -8.1852E-03   
1.5285E-02   -1.1552E-04   
1.0342E-03   -8.5092E-03   
1.0659E-03   -8.7304E-03   
1.5737E-02   -1.1959E-04   
1.7097E-02   -3.9898E-05   
1.3612E-02   -4.3086E-04   
1.3674E-02   -3.5284E-04   
1.3731E-02   -2.7254E-04   
1.1712E-02   -1.9380E-03   
1.1563E-02   -2.0416E-03   
9.6047E-03   -3.8281E-03   
9.2389E-03   -3.9969E-03   
1.0328E-02   -3.0899E-03   
9.7943E-03   -3.6370E-03   
1.0506E-02   -2.9202E-03   
9.9736E-03   -3.4482E-03   
1.1393E-02   -2.1692E-03   
1.2353E-02   -1.4387E-03   
1.0151E-02   -3.2661E-03   
1.3371E-02   -6.6598E-04   
1.3269E-02   -7.5130E-04   
1.0684E-02   -2.7570E-03   
1.0863E-02   -2.6003E-03   
1.2917E-02   -1.0235E-03   
1.3042E-02   -9.2957E-04   
1.3464E-02   -5.8251E-04   
8.3222E-03   -4.1796E-03   
1.3544E-02   -5.0559E-04   
1.1218E-02   -2.3062E-03   
1.2785E-02   -1.1216E-03   
1.1041E-02   -2.4501E-03   
1.3160E-02   -8.3904E-04   
1.2502E-02   -1.3296E-03   
1.2646E-02   -1.2239E-03   
5.3350E-03   -5.4529E-03   
4.5598E-03   -5.8390E-03   
3.8932E-03   -6.1314E-03   
3.2902E-03   -6.3692E-03   
2.7524E-03   -6.5702E-03   
2.2864E-03   -6.7433E-03   
1.8943E-03   -6.8920E-03   
1.5733E-03   -7.0185E-03   
1.3772E-02   -2.0665E-04   
1.3720E-02   -2.3922E-04   
1.3181E-03   -7.1251E-03   
1.3730E-02   -2.0375E-04   
1.1223E-03   -7.2151E-03   
1.3743E-02   -1.7490E-04   
9.7771E-04   -7.2920E-03   
1.3759E-02   -1.5375E-04   
8.7801E-04   -7.3559E-03   
1.3780E-02   -1.3801E-04   
8.2376E-04   -7.4057E-03   
1.3812E-02   -1.2478E-04   
8.4161E-04   -7.4373E-03   
1.3847E-02   -1.1836E-04   
8.0199E-04   -7.4932E-03   
1.3890E-02   -1.1475E-04   
8.0469E-04   -7.5332E-03   
1.3950E-02   -1.1196E-04   
8.2269E-04   -7.5725E-03   
1.4020E-02   -1.1119E-04   
8.8685E-04   -7.6490E-03   
1.0505E-03   -7.9644E-03   
1.4181E-02   -1.2105E-04   
9.3995E-04   -7.6936E-03   
9.8217E-04   -7.7478E-03   
1.0606E-03   -7.8793E-03   
1.4790E-02   -9.7511E-05   
1.5122E-02   -1.0796E-04   
1.5303E-02   -1.6261E-04   
1.4298E-02   -1.2449E-04   
1.4185E-03   -8.6081E-03   
1.5534E-02   -1.6507E-04   
1.0823E-03   -8.4157E-03   
1.4565E-02   -1.4340E-04   
1.2758E-03   -8.1001E-03   
1.3702E-02   -2.8703E-04   
1.3635E-02   -3.6469E-04   
1.3575E-02   -4.3327E-04   
1.2074E-02   -1.5249E-03   
1.2030E-02   -1.6533E-03   
1.2212E-02   -1.4239E-03   
1.1396E-02   -2.0339E-03   
1.3411E-02   -5.6930E-04   
9.5256E-03   -3.7005E-03   
1.3506E-02   -4.8928E-04   
9.2072E-03   -3.9520E-03   
8.4335E-03   -4.3046E-03   
9.7253E-03   -3.5022E-03   
1.0280E-02   -2.9569E-03   
1.0096E-02   -3.1341E-03   
1.1208E-02   -2.1702E-03   
9.9135E-03   -3.3149E-03   
1.0465E-02   -2.7859E-03   
1.2368E-02   -1.3139E-03   
1.2948E-02   -9.0963E-04   
1.3307E-02   -6.5125E-04   
1.0651E-02   -2.6217E-03   
1.3076E-02   -8.2024E-04   
1.3195E-02   -7.3444E-04   
1.2813E-02   -1.0037E-03   
1.0837E-02   -2.4644E-03   
1.1023E-02   -2.3140E-03   
1.2670E-02   -1.1026E-03   
1.2522E-02   -1.2063E-03   
6.0663E-03   -4.7143E-03   
5.9263E-03   -5.3094E-03   
5.2382E-03   -5.5567E-03   
4.5713E-03   -5.7880E-03   
3.9468E-03   -6.0055E-03   
3.3783E-03   -6.2108E-03   
2.8734E-03   -6.4022E-03   
2.4354E-03   -6.5779E-03   
2.0666E-03   -6.7370E-03   
1.3643E-02   -2.8488E-04   
1.7659E-03   -6.8788E-03   
1.3660E-02   -2.3727E-04   
1.5288E-03   -7.0038E-03   
1.3414E-03   -7.1162E-03   
1.3673E-02   -2.0741E-04   
1.3687E-02   -1.8613E-04   
1.1877E-03   -7.2214E-03   
1.3705E-02   -1.7167E-04   
1.0495E-03   -7.3872E-03   
1.3766E-02   -1.5584E-04   
1.0487E-03   -7.4322E-03   
1.3903E-02   -1.4514E-04   
1.3832E-02   -1.4830E-04   
1.0530E-03   -7.4896E-03   
1.1673E-03   -7.6136E-03   
8.4334E-04   -7.6110E-03   
1.2150E-03   -7.6702E-03   
1.2703E-03   -7.7273E-03   
1.3350E-03   -8.4270E-03   
1.3165E-03   -8.3279E-03   
1.3313E-03   -7.7928E-03   
1.4145E-02   -1.6353E-04   
1.4716E-02   -1.3250E-04   
1.4414E-02   -1.7740E-04   
1.5070E-02   -1.5564E-04   
1.4273E-02   -1.6805E-04   
1.4092E-02   -1.1590E-04   
1.4084E-03   -7.8724E-03   
1.2266E-03   -8.2268E-03   
1.3328E-03   -7.9872E-03   
1.5777E-02   -1.6604E-04   
1.3439E-03   -8.7301E-03   
1.2895E-03   -8.5247E-03   
1.5318E-02   -2.1386E-04   
1.1883E-02   -1.5956E-03   
1.3657E-02   -3.1056E-04   
1.3452E-02   -4.8179E-04   
9.4714E-03   -3.5528E-03   
1.3346E-02   -5.6224E-04   
9.1645E-03   -3.7920E-03   
7.4983E-03   -4.6751E-03   
1.1215E-02   -2.0333E-03   
1.0053E-02   -3.0012E-03   
9.8639E-03   -3.1832E-03   
9.6773E-03   -3.3653E-03   
1.2228E-02   -1.3119E-03   
1.0244E-02   -2.8231E-03   
1.2986E-02   -8.0607E-04   
1.0436E-02   -2.6515E-03   
1.3115E-02   -7.2165E-04   
1.3234E-02   -6.4091E-04   
1.2848E-02   -8.9560E-04   
1.0630E-02   -2.4869E-03   
1.1019E-02   -2.1787E-03   
1.2392E-02   -1.1980E-03   
1.2703E-02   -9.9067E-04   
1.0825E-02   -2.3295E-03   
1.2550E-02   -1.0916E-03   
7.1494E-03   -4.7727E-03   
6.5404E-03   -4.9536E-03   
1.1639E-02   -1.7508E-03   
5.8921E-03   -5.1566E-03   
1.1420E-02   -1.8912E-03   
5.2471E-03   -5.3671E-03   
4.6365E-03   -5.5780E-03   
4.0671E-03   -5.7870E-03   
3.5445E-03   -5.9919E-03   
3.0800E-03   -6.1903E-03   
2.6779E-03   -6.3770E-03   
1.4428E-03   -7.2127E-03   
1.3572E-02   -3.0385E-04   
2.3422E-03   -6.5486E-03   
2.0649E-03   -6.7069E-03   
1.3580E-02   -2.6765E-04   
1.8256E-03   -6.8633E-03   
1.3587E-02   -2.4078E-04   
1.3596E-02   -2.2239E-04   
1.0877E-03   -7.3018E-03   
1.3697E-02   -1.9045E-04   
1.4017E-03   -7.3119E-03   
1.2693E-03   -7.5257E-03   
1.4605E-02   -1.8512E-04   
1.4223E-02   -2.1906E-04   
1.3856E-02   -1.8468E-04   
1.5081E-03   -7.6347E-03   
1.3764E-02   -1.8592E-04   
1.5895E-03   -7.6941E-03   
1.0470E-03   -7.5484E-03   
1.6073E-03   -8.4531E-03   
1.6565E-03   -7.7610E-03   
1.4831E-02   -1.7594E-04   
1.6384E-03   -8.0043E-03   
1.5955E-03   -8.1161E-03   
1.4021E-02   -1.6063E-04   
1.6526E-03   -8.3252E-03   
1.4506E-03   -7.5771E-03   
1.4096E-02   -2.1172E-04   
1.5556E-02   -2.1518E-04   
1.5098E-02   -2.0915E-04   
1.3477E-02   -4.1445E-04   
1.3378E-02   -4.8774E-04   
1.3567E-02   -3.8597E-04   
8.6187E-03   -3.9644E-03   
9.4662E-03   -3.4122E-03   
1.2076E-02   -1.3181E-03   
9.8224E-03   -3.0526E-03   
1.3270E-02   -5.6087E-04   
9.6267E-03   -3.2411E-03   
1.0021E-02   -2.8679E-03   
6.6083E-03   -4.8524E-03   
1.0220E-02   -2.6892E-03   
1.1029E-02   -2.0442E-03   
1.2889E-02   -7.9717E-04   
1.3153E-02   -6.3597E-04   
1.3026E-02   -7.1419E-04   
1.2253E-02   -1.1988E-03   
1.0422E-02   -2.5174E-03   
1.2742E-02   -8.8778E-04   
1.0624E-02   -2.3531E-03   
1.0827E-02   -2.1957E-03   
1.2423E-02   -1.0882E-03   
1.2586E-02   -9.8491E-04   
1.1239E-02   -1.8957E-03   
7.7534E-03   -4.3786E-03   
7.1638E-03   -4.5349E-03   
6.5289E-03   -4.7260E-03   
8.4074E-03   -4.2291E-03   
5.9337E-03   -4.9162E-03   
1.1457E-02   -1.7489E-03   
1.1679E-02   -1.6016E-03   
5.3621E-03   -5.1100E-03   
1.3551E-02   -3.4925E-04   
1.1887E-02   -1.4556E-03   
4.8134E-03   -5.3106E-03   
4.3014E-03   -5.5190E-03   
3.4126E-03   -5.9326E-03   
1.3488E-02   -3.3181E-04   
3.0550E-03   -6.1261E-03   
2.7616E-03   -6.3066E-03   
1.3483E-02   -3.0278E-04   
1.3485E-02   -2.7793E-04   
1.8923E-03   -6.9038E-03   
1.3941E-03   -7.4039E-03   
1.3606E-02   -2.3206E-04   
1.3980E-02   -2.0667E-04   
1.8490E-03   -7.5660E-03   
1.5505E-03   -7.0550E-03   
1.4360E-02   -2.3030E-04   
1.9912E-03   -6.9447E-03   
1.4025E-02   -2.6638E-04   
1.4406E-03   -7.5172E-03   
1.9452E-03   -8.0161E-03   
1.7645E-03   -7.5057E-03   
1.7435E-03   -7.8108E-03   
1.3884E-02   -2.0710E-04   
1.4915E-02   -2.0621E-04   
1.3673E-02   -2.3229E-04   
1.6915E-03   -7.8958E-03   
1.6083E-03   -8.2204E-03   
1.5087E-02   -2.6587E-04   
1.5778E-02   -2.1266E-04   
1.6637E-03   -8.6688E-03   
2.0606E-03   -8.3162E-03   
1.4767E-02   -1.5164E-04   
1.3298E-02   -4.9586E-04   
9.3407E-03   -3.3334E-03   
1.1055E-02   -1.9111E-03   
9.5853E-03   -3.1123E-03   
9.7945E-03   -2.9194E-03   
1.3186E-02   -5.6564E-04   
1.0002E-02   -2.7343E-03   
1.2106E-02   -1.2081E-03   
1.2936E-02   -7.0944E-04   
1.3069E-02   -6.3559E-04   
1.0211E-02   -2.5557E-03   
1.2788E-02   -7.9402E-04   
1.0842E-02   -2.0635E-03   
1.0421E-02   -2.3845E-03   
1.2288E-02   -1.0929E-03   
1.0632E-02   -2.2206E-03   
1.2629E-02   -8.8645E-04   
1.2462E-02   -9.8624E-04   
8.3480E-03   -3.9478E-03   
7.6371E-03   -4.1654E-03   
1.3486E-02   -3.6697E-04   
7.1233E-03   -4.3066E-03   
1.1711E-02   -1.4703E-03   
1.1275E-02   -1.7610E-03   
1.1915E-02   -1.3340E-03   
6.6142E-03   -4.4525E-03   
6.0993E-03   -4.6164E-03   
1.1495E-02   -1.6138E-03   
5.6030E-03   -4.7985E-03   
5.1275E-03   -4.9902E-03   
4.6828E-03   -5.1906E-03   
1.3490E-02   -2.6134E-04   
4.2874E-03   -5.3883E-03   
2.4919E-03   -6.4993E-03   
3.9703E-03   -5.5650E-03   
1.3369E-02   -3.7798E-04   
1.3809E-02   -2.5132E-04   
1.3368E-02   -3.4255E-04   
1.9469E-03   -7.0494E-03   
1.6862E-03   -7.3576E-03   
1.3551E-02   -2.3741E-04   
2.1579E-03   -6.7890E-03   
1.3737E-02   -2.4147E-04   
2.2079E-03   -7.3153E-03   
2.0444E-03   -7.7825E-03   
1.7393E-03   -7.4249E-03   
1.9297E-03   -7.7292E-03   
1.3493E-02   -2.8317E-04   
1.4685E-02   -2.4015E-04   
2.3124E-03   -7.9018E-03   
1.4882E-02   -2.5765E-04   
1.8762E-03   -8.1185E-03   
1.5061E-02   -3.2934E-04   
2.0855E-03   -8.5712E-03   
1.5598E-02   -2.7235E-04   
1.6013E-02   -1.7648E-04   
2.3442E-03   -8.3800E-03   
1.4471E-02   -2.5096E-04   
1.3323E-02   -4.4014E-04   
9.1436E-03   -3.6060E-03   
9.3443E-03   -3.1674E-03   
9.5659E-03   -2.9729E-03   
1.0870E-02   -1.9341E-03   
9.7804E-03   -2.7846E-03   
1.3109E-02   -5.7433E-04   
1.2993E-02   -6.2914E-04   
9.9967E-03   -2.6010E-03   
8.3954E-03   -3.7700E-03   
1.2843E-02   -7.0742E-04   
1.2147E-02   -1.1042E-03   
1.0215E-02   -2.4234E-03   
1.0652E-02   -2.0904E-03   
1.2680E-02   -7.9562E-04   
1.0434E-02   -2.2531E-03   
1.2332E-02   -9.9349E-04   
1.2510E-02   -8.9090E-04   
8.0911E-03   -3.8105E-03   
1.1092E-02   -1.7813E-03   
1.1750E-02   -1.3517E-03   
1.1953E-02   -1.2237E-03   
7.7033E-03   -3.8811E-03   
1.1536E-02   -1.4888E-03   
7.2532E-03   -3.9952E-03   
6.8214E-03   -4.1268E-03   
1.1316E-02   -1.6325E-03   
1.3415E-02   -3.8776E-04   
5.5987E-03   -4.6015E-03   
6.3949E-03   -4.2700E-03   
1.3366E-02   -3.2023E-04   
5.9853E-03   -4.4295E-03   
1.3597E-02   -2.1608E-04   
2.9083E-03   -6.2939E-03   
3.7333E-03   -5.7172E-03   
2.8495E-03   -6.3893E-03   
5.2773E-03   -4.7613E-03   
1.3245E-02   -4.1413E-04   
1.3555E-02   -2.8859E-04   
1.3438E-02   -2.8457E-04   
2.6167E-03   -6.6004E-03   
2.2965E-03   -7.1642E-03   
2.3000E-03   -7.5940E-03   
1.4848E-02   -3.2158E-04   
1.3623E-02   -2.9859E-04   
2.3280E-03   -7.0341E-03   
1.4273E-02   -2.9129E-04   
2.3859E-03   -7.7657E-03   
1.4416E-02   -3.1467E-04   
2.2577E-03   -8.0370E-03   
1.9702E-03   -7.1151E-03   
1.5296E-02   -3.3508E-04   
1.3908E-02   -2.5871E-04   
1.6284E-02   -1.3756E-04   
2.5771E-03   -8.1939E-03   
8.7660E-03   -3.4875E-03   
1.3207E-02   -5.1027E-04   
9.3274E-03   -3.0287E-03   
9.5590E-03   -2.8357E-03   
9.7829E-03   -2.6498E-03   
1.0684E-02   -1.9637E-03   
1.3083E-02   -5.4206E-04   
9.1020E-03   -3.3483E-03   
1.2909E-02   -6.2491E-04   
1.0909E-02   -1.8082E-03   
1.0008E-02   -2.4678E-03   
1.2739E-02   -7.1178E-04   
1.0235E-02   -2.2916E-03   
1.0461E-02   -2.1237E-03   
1.2196E-02   -1.0063E-03   
1.2566E-02   -8.0231E-04   
1.2384E-02   -8.9990E-04   
8.6012E-03   -3.4140E-03   
1.1583E-02   -1.3734E-03   
1.2000E-02   -1.1209E-03   
1.1795E-02   -1.2432E-03   
1.3511E-02   -2.4653E-04   
8.1614E-03   -3.5113E-03   
1.1136E-02   -1.6572E-03   
7.8283E-03   -3.5798E-03   
1.1362E-02   -1.5119E-03   
1.3239E-02   -3.8668E-04   
6.8066E-03   -3.8856E-03   
7.4836E-03   -3.6598E-03   
6.5061E-03   -4.0143E-03   
7.1417E-03   -3.7626E-03   
3.9919E-03   -5.6978E-03   
1.3229E-02   -4.5764E-04   
1.3365E-02   -3.0723E-04   
5.0253E-03   -4.9041E-03   
1.3761E-02   -1.5002E-04   
3.2829E-03   -6.3650E-03   
1.3393E-02   -2.9210E-04   
1.3813E-02   -3.1969E-04   
1.3707E-02   -3.0929E-04   
1.3422E-02   -3.5198E-04   
1.3360E-02   -3.4342E-04   
1.4141E-02   -3.6078E-04   
1.3306E-02   -3.4046E-04   
2.3491E-03   -6.9400E-03   
3.1312E-03   -6.7206E-03   
3.5960E-03   -5.8318E-03   
3.9864E-03   -5.6281E-03   
2.7049E-03   -7.2711E-03   
1.4442E-02   -3.7067E-04   
2.4994E-03   -7.6075E-03   
2.7804E-03   -6.5836E-03   
1.5025E-02   -3.9910E-04   
2.3806E-03   -8.1305E-03   
1.6625E-02   -6.9961E-05   
2.7531E-03   -7.7107E-03   
1.6245E-02   -1.9103E-04   
1.4806E-02   -3.9176E-04   
1.4153E-02   -2.7474E-04   
2.6590E-03   -7.8649E-03   
9.0597E-03   -3.2441E-03   
9.3319E-03   -2.8875E-03   
9.5718E-03   -2.7006E-03   
1.0726E-02   -1.8412E-03   
1.2980E-02   -5.4390E-04   
9.8003E-03   -2.5167E-03   
1.0499E-02   -1.9981E-03   
1.2801E-02   -6.3613E-04   
1.0036E-02   -2.3348E-03   
1.0270E-02   -2.1617E-03   
1.2629E-02   -7.2064E-04   
1.1635E-02   -1.2673E-03   
1.2250E-02   -9.1487E-04   
1.2445E-02   -8.1216E-04   
1.2051E-02   -1.0265E-03   
8.7272E-03   -3.2104E-03   
1.1847E-02   -1.1433E-03   
1.3131E-02   -4.8105E-04   
1.0956E-02   -1.6881E-03   
1.1413E-02   -1.3999E-03   
8.5634E-03   -3.1891E-03   
1.1186E-02   -1.5406E-03   
8.3172E-03   -3.2027E-03   
7.5487E-03   -3.3930E-03   
7.7982E-03   -3.3107E-03   
1.3110E-02   -4.5922E-04   
8.0579E-03   -3.2463E-03   
1.3230E-02   -3.6886E-04   
1.3641E-02   -2.0126E-04   
6.2342E-03   -4.1535E-03   
1.3261E-02   -3.4362E-04   
1.3211E-02   -4.1232E-04   
4.0960E-03   -5.5245E-03   
1.3347E-02   -3.0911E-04   
1.3157E-02   -4.0559E-04   
1.3271E-02   -4.2515E-04   
4.1530E-03   -5.8564E-03   
1.3943E-02   -3.2740E-04   
1.3584E-02   -3.7844E-04   
4.8864E-03   -5.0039E-03   
1.3874E-02   -4.0058E-04   
3.0670E-03   -7.2250E-03   
2.4441E-03   -7.2855E-03   
4.3228E-03   -5.8359E-03   
4.2745E-03   -5.6240E-03   
1.4754E-02   -4.6859E-04   
1.5253E-02   -4.0608E-04   
2.9950E-03   -7.4547E-03   
2.6758E-03   -7.9717E-03   
1.6476E-02   -1.5566E-04   
3.0688E-03   -7.6428E-03   
9.0501E-03   -3.1006E-03   
9.3787E-03   -2.7501E-03   
1.0545E-02   -1.8784E-03   
9.5835E-03   -2.5751E-03   
1.2844E-02   -5.8208E-04   
1.0776E-02   -1.7247E-03   
9.8301E-03   -2.3854E-03   
1.0313E-02   -2.0372E-03   
1.2697E-02   -6.4897E-04   
1.1693E-02   -1.1706E-03   
1.0074E-02   -2.2058E-03   
1.1471E-02   -1.2969E-03   
9.0696E-03   -2.9372E-03   
1.2522E-02   -7.3145E-04   
1.2104E-02   -9.4308E-04   
1.1903E-02   -1.0536E-03   
8.8891E-03   -2.8981E-03   
1.1242E-02   -1.4323E-03   
1.1009E-02   -1.5754E-03   
1.3094E-02   -4.3742E-04   
1.3230E-02   -3.5176E-04   
8.3377E-03   -2.9367E-03   
8.6985E-03   -2.8967E-03   
5.1763E-03   -4.8348E-03   
8.5159E-03   -2.9079E-03   
1.3222E-02   -3.5995E-04   
7.3067E-03   -3.4968E-03   
5.4428E-03   -5.0062E-03   
1.2992E-02   -4.8010E-04   
5.9689E-03   -4.3145E-03   
1.3044E-02   -4.9158E-04   
1.3110E-02   -4.0511E-04   
1.3343E-02   -4.4288E-04   
4.8604E-03   -5.3104E-03   
3.6764E-03   -7.3433E-03   
4.6864E-03   -5.7349E-03   
1.3969E-02   -4.4268E-04   
1.3705E-02   -3.9117E-04   
1.5208E-02   -4.7934E-04   
5.2900E-03   -4.8958E-03   
3.0683E-03   -7.7541E-03   
1.4538E-02   -4.6023E-04   
1.5524E-02   -3.4543E-04   
3.9459E-03   -6.7459E-03   
3.7347E-03   -6.4948E-03   
3.7972E-03   -6.6100E-03   
1.4691E-02   -5.5317E-04   
1.2958E-02   -5.1276E-04   
1.0598E-02   -1.7657E-03   
1.0364E-02   -1.9196E-03   
9.3104E-03   -2.6697E-03   
1.2440E-02   -7.3870E-04   
1.3064E-02   -4.1734E-04   
9.6097E-03   -2.4476E-03   
1.1536E-02   -1.2031E-03   
1.2777E-02   -5.7944E-04   
1.1755E-02   -1.0840E-03   
1.2595E-02   -6.6570E-04   
9.8684E-03   -2.2584E-03   
1.1305E-02   -1.3326E-03   
1.0832E-02   -1.6158E-03   
1.1069E-02   -1.4708E-03   
9.1245E-03   -2.6683E-03   
1.2140E-02   -8.8491E-04   
1.1962E-02   -9.7523E-04   
8.8746E-03   -2.6378E-03   
8.9930E-03   -2.6492E-03   
7.0049E-03   -3.6601E-03   
8.1629E-03   -2.9864E-03   
1.3076E-02   -4.2412E-04   
6.5623E-03   -4.0606E-03   
1.3074E-02   -4.1078E-04   
1.2813E-02   -5.6439E-04   
5.8393E-03   -4.5954E-03   
1.2945E-02   -4.7574E-04   
1.3099E-02   -5.1029E-04   
1.4318E-02   -4.4981E-04   
1.3439E-02   -4.6129E-04   
5.8775E-03   -4.8428E-03   
6.4612E-03   -4.0005E-03   
5.0759E-03   -4.9347E-03   
1.4223E-02   -4.0198E-04   
1.3707E-02   -4.9949E-04   
5.1900E-03   -5.5027E-03   
3.6047E-03   -7.5619E-03   
4.5458E-03   -6.6132E-03   
6.4678E-03   -4.2457E-03   
1.4602E-02   -3.8227E-04   
1.4933E-02   -5.5199E-04   
1.5479E-02   -4.1265E-04   
1.5763E-02   -2.9958E-04   
5.0082E-03   -5.7427E-03   
5.1881E-03   -5.9298E-03   
1.2484E-02   -6.9229E-04   
1.0175E-02   -1.9710E-03   
1.0414E-02   -1.8140E-03   
1.2901E-02   -4.8835E-04   
1.2044E-02   -8.9952E-04   
1.1829E-02   -1.0051E-03   
1.2639E-02   -6.2368E-04   
1.0653E-02   -1.6627E-03   
1.1608E-02   -1.1186E-03   
1.1376E-02   -1.2418E-03   
9.9262E-03   -2.1358E-03   
1.1137E-02   -1.3748E-03   
1.0895E-02   -1.5156E-03   
9.4096E-03   -2.5094E-03   
9.3358E-03   -2.4687E-03   
9.2502E-03   -2.4375E-03   
8.7634E-03   -2.6415E-03   
7.9603E-03   -3.0750E-03   
9.6382E-03   -2.3201E-03   
1.2929E-02   -4.9652E-04   
1.2726E-02   -5.5454E-04   
1.2275E-02   -7.9380E-04   
1.2766E-02   -5.5611E-04   
6.9586E-03   -3.7507E-03   
6.4617E-03   -4.0176E-03   
6.4345E-03   -4.6962E-03   
1.2863E-02   -5.7992E-04   
7.6882E-03   -3.2329E-03   
1.2858E-02   -4.9493E-04   
7.1895E-03   -3.8794E-03   
1.3156E-02   -5.3907E-04   
7.4694E-03   -3.5219E-03   
1.3824E-02   -5.2050E-04   
1.4093E-02   -5.3233E-04   
1.3570E-02   -4.7794E-04   
1.5998E-02   -2.9359E-04   
6.5049E-03   -4.9241E-03   
6.4333E-03   -4.8314E-03   
5.0950E-03   -6.3793E-03   
1.4651E-02   -6.3819E-04   
3.6047E-03   -7.7234E-03   
1.5151E-02   -5.5505E-04   
1.5752E-02   -3.5338E-04   
1.2574E-02   -6.3274E-04   
1.0218E-02   -1.8767E-03   
9.9749E-03   -2.0363E-03   
1.1914E-02   -9.3187E-04   
1.2755E-02   -5.6074E-04   
1.1689E-02   -1.0419E-03   
1.0467E-02   -1.7201E-03   
1.1457E-02   -1.1594E-03   
1.0717E-02   -1.5686E-03   
1.1215E-02   -1.2873E-03   
9.5434E-03   -2.2898E-03   
1.0967E-02   -1.4242E-03   
9.1804E-03   -2.4127E-03   
1.2366E-02   -7.2302E-04   
1.2533E-02   -6.4123E-04   
9.7682E-03   -2.1781E-03   
8.4905E-03   -2.7424E-03   
9.1149E-03   -2.4019E-03   
7.9181E-03   -3.1103E-03   
1.2141E-02   -8.2560E-04   
1.2581E-02   -6.4358E-04   
1.3814E-02   -5.8911E-04   
1.2704E-02   -5.6517E-04   
1.2631E-02   -6.5420E-04   
7.9323E-03   -3.1538E-03   
1.2904E-02   -6.0612E-04   
1.3261E-02   -5.6257E-04   
1.2688E-02   -5.6222E-04   
7.8132E-03   -3.9544E-03   
7.8766E-03   -3.3355E-03   
8.3433E-03   -3.1998E-03   
1.4043E-02   -4.8734E-04   
1.6046E-02   -3.5944E-04   
7.8241E-03   -3.8153E-03   
1.3418E-02   -5.7825E-04   
1.3994E-02   -6.1318E-04   
1.4353E-02   -7.4852E-04   
6.8114E-03   -4.8520E-03   
6.3516E-03   -5.3469E-03   
1.4328E-02   -6.5656E-04   
1.6200E-02   -2.4049E-04   
1.5440E-02   -4.8240E-04   
3.0336E-03   -8.0296E-03   
6.2306E-03   -4.7276E-03   
1.0000E-02   -1.9610E-03   
9.7565E-03   -2.1263E-03   
1.1782E-02   -9.7240E-04   
1.2477E-02   -6.5677E-04   
1.1548E-02   -1.0857E-03   
1.0529E-02   -1.6357E-03   
9.4953E-03   -2.2509E-03   
1.1303E-02   -1.2089E-03   
9.0399E-03   -2.4183E-03   
1.0792E-02   -1.4844E-03   
8.2693E-03   -2.8664E-03   
1.1050E-02   -1.3422E-03   
1.2012E-02   -8.6456E-04   
9.4637E-03   -2.2151E-03   
1.2331E-02   -7.3740E-04   
1.2643E-02   -5.8233E-04   
1.2238E-02   -7.6235E-04   
1.2497E-02   -6.4315E-04   
1.2423E-02   -7.2412E-04   
1.2683E-02   -6.7051E-04   
8.9442E-03   -3.1505E-03   
8.5968E-03   -2.8289E-03   
8.3887E-03   -3.2640E-03   
8.3199E-03   -3.1382E-03   
1.3465E-02   -6.9343E-04   
1.5362E-02   -5.5433E-04   
5.5256E-03   -6.2172E-03   
8.6926E-03   -2.6568E-03   
7.6470E-03   -3.8076E-03   
1.3275E-02   -6.8428E-04   
1.4196E-02   -6.1232E-04   
1.6277E-02   -2.7777E-04   
1.5740E-02   -4.8437E-04   
1.4395E-02   -8.2329E-04   
7.9623E-03   -4.2754E-03   
3.4395E-03   -7.9521E-03   
1.3092E-02   -6.7636E-04   
2.7442E-03   -8.0522E-03   
1.1649E-02   -1.0207E-03   
1.2480E-02   -6.4769E-04   
1.1885E-02   -9.1075E-04   
1.1404E-02   -1.1391E-03   
1.0606E-02   -1.5587E-03   
9.7530E-03   -2.0716E-03   
7.4055E-03   -3.4094E-03   
8.9237E-03   -2.4726E-03   
1.2116E-02   -8.0613E-04   
9.4432E-03   -2.1912E-03   
1.2288E-02   -7.3723E-04   
1.0261E-02   -1.7961E-03   
1.0881E-02   -1.4082E-03   
8.9523E-03   -2.9955E-03   
9.0660E-03   -2.7065E-03   
1.2430E-02   -7.5258E-04   
8.8581E-03   -2.7458E-03   
8.7736E-03   -2.5823E-03   
8.7432E-03   -2.6664E-03   
8.4565E-03   -2.8840E-03   
9.2502E-03   -2.6815E-03   
8.8000E-03   -3.3674E-03   
1.3663E-02   -7.0835E-04   
1.5048E-02   -6.5015E-04   
1.3125E-02   -7.9862E-04   
1.2032E-02   -8.5630E-04   
1.2757E-02   -7.9338E-04   
1.3901E-02   -7.2474E-04   
7.2176E-03   -5.0598E-03   
4.3830E-03   -6.9880E-03   
1.2945E-02   -7.9120E-04   
1.4465E-02   -5.4580E-04   
8.2689E-03   -4.2146E-03   
7.7443E-03   -4.3079E-03   
1.4721E-02   -7.8115E-04   
1.4054E-02   -8.7681E-04   
1.1761E-02   -9.6329E-04   
1.1525E-02   -1.0733E-03   
1.2254E-02   -7.4293E-04   
9.3926E-03   -2.2011E-03   
1.2313E-02   -7.2090E-04   
1.1995E-02   -8.5696E-04   
1.1267E-02   -1.1984E-03   
9.7688E-03   -2.0195E-03   
1.0704E-02   -1.4879E-03   
1.0988E-02   -1.3391E-03   
9.7050E-03   -2.3445E-03   
9.5200E-03   -2.3786E-03   
1.0032E-02   -1.8940E-03   
9.1434E-03   -2.3790E-03   
9.2864E-03   -2.2771E-03   
9.2784E-03   -2.3258E-03   
1.0321E-02   -1.7211E-03   
1.2522E-02   -7.6753E-04   
1.1806E-02   -9.7571E-04   
1.2618E-02   -9.0656E-04   
9.1626E-03   -2.4516E-03   
1.2514E-02   -8.3594E-04   
8.8985E-03   -3.5519E-03   
1.3304E-02   -8.1347E-04   
9.7500E-03   -2.7226E-03   
5.3680E-03   -5.9336E-03   
8.6875E-03   -4.0476E-03   
1.2176E-02   -8.7821E-04   
1.2787E-02   -9.1085E-04   
9.8629E-03   -2.4101E-03   
9.1735E-03   -3.5016E-03   
5.8401E-03   -6.1566E-03   
1.4114E-02   -9.4905E-04   
1.5075E-02   -7.4017E-04   
1.1661E-02   -1.0119E-03   
1.1874E-02   -9.1415E-04   
1.0408E-02   -1.6480E-03   
9.5429E-03   -2.1469E-03   
1.0819E-02   -1.4253E-03   
9.7009E-03   -2.1576E-03   
9.8180E-03   -1.9623E-03   
1.1855E-02   -9.9140E-04   
1.0092E-02   -1.8262E-03   
9.7518E-03   -2.0088E-03   
1.2747E-02   -6.7933E-04   
1.1118E-02   -1.2751E-03   
1.2088E-02   -8.1902E-04   
9.8603E-03   -2.1298E-03   
1.2457E-02   -1.0295E-03   
1.0032E-02   -2.1052E-03   
1.2476E-02   -9.0774E-04   
4.1394E-03   -6.7566E-03   
9.2936E-03   -3.7556E-03   
1.2954E-02   -9.2381E-04   
4.4445E-03   -7.0754E-03   
1.0455E-02   -2.1584E-03   
9.6556E-03   -2.9457E-03   
1.2208E-02   -9.2247E-04   
1.3485E-02   -8.3542E-04   
6.1445E-03   -6.0693E-03   
1.0381E-02   -2.3197E-03   
9.9451E-03   -2.9166E-03   
7.7130E-03   -4.8400E-03   
1.3752E-02   -1.0171E-03   
9.9046E-03   -2.2941E-03   
1.5456E-02   -6.9129E-04   
1.0520E-02   -1.5807E-03   
1.0141E-02   -1.9280E-03   
1.1440E-02   -1.1176E-03   
1.0207E-02   -1.7492E-03   
1.1545E-02   -1.1107E-03   
1.0197E-02   -2.0845E-03   
9.6006E-03   -2.1788E-03   
1.2770E-02   -1.0584E-03   
1.0937E-02   -1.3755E-03   
1.0292E-02   -1.9110E-03   
1.0053E-02   -1.8378E-03   
1.1888E-02   -1.0286E-03   
1.2611E-02   -1.0414E-03   
1.1727E-02   -9.8935E-04   
9.7681E-03   -2.0473E-03   
1.2222E-02   -9.8080E-04   
7.7166E-03   -4.1279E-03   
1.0331E-02   -2.1061E-03   
1.0369E-02   -2.4621E-03   
1.0453E-02   -2.5279E-03   
1.0182E-02   -2.9223E-03   
1.0427E-02   -3.0141E-03   
1.3813E-02   -1.1054E-03   
4.8179E-03   -7.1040E-03   
1.3283E-02   -9.7075E-04   
1.5763E-02   -5.7461E-04   
1.0637E-02   -1.5261E-03   
1.0337E-02   -1.6833E-03   
1.1263E-02   -1.2204E-03   
1.0529E-02   -1.7371E-03   
1.1567E-02   -1.1450E-03   
1.2264E-02   -1.0374E-03   
1.1916E-02   -1.0768E-03   
1.0451E-02   -1.8959E-03   
1.2429E-02   -1.1802E-03   
1.2278E-02   -1.1634E-03   
1.3418E-02   -1.0732E-03   
1.2931E-02   -1.0828E-03   
1.0959E-02   -2.2971E-03   
1.0809E-02   -2.1928E-03   
9.9796E-03   -1.9690E-03   
1.3636E-02   -8.7439E-04   
1.4431E-02   -8.8610E-04   
1.3369E-02   -1.3025E-03   
1.0676E-02   -2.7509E-03   
1.0161E-02   -3.3385E-03   
1.0925E-02   -2.5099E-03   
1.0764E-02   -1.9227E-03   
6.3024E-03   -6.1519E-03   
1.5816E-02   -6.4679E-04   
1.0445E-02   -1.6390E-03   
1.1555E-02   -1.0803E-03   
1.0156E-02   -1.8343E-03   
1.1018E-02   -1.3551E-03   
1.2043E-02   -1.3352E-03   
1.1233E-02   -1.2759E-03   
1.0746E-02   -1.4879E-03   
1.1593E-02   -1.1911E-03   
1.0681E-02   -1.7223E-03   
1.1944E-02   -1.1995E-03   
1.0851E-02   -1.7120E-03   
1.1953E-02   -1.2729E-03   
1.3716E-02   -9.3674E-04   
1.2589E-02   -1.1975E-03   
1.3105E-02   -1.1147E-03   
1.4668E-02   -8.9021E-04   
1.0825E-02   -2.0676E-03   
1.3432E-02   -9.9236E-04   
1.0889E-02   -1.9512E-03   
1.3099E-02   -1.2175E-03   
1.0415E-02   -1.7369E-03   
1.1065E-02   -1.7034E-03   
1.1167E-02   -2.3030E-03   
1.3046E-02   -1.3318E-03   
1.3756E-02   -1.2139E-03   
1.0774E-02   -2.2999E-03   
1.1183E-02   -2.4759E-03   
1.0844E-02   -2.8866E-03   
4.9815E-03   -7.1441E-03   
1.0531E-02   -1.6242E-03   
1.1056E-02   -1.5471E-03   
1.0894E-02   -1.4411E-03   
1.1284E-02   -1.3042E-03   
1.1171E-02   -1.8760E-03   
1.0881E-02   -1.5689E-03   
1.1671E-02   -1.4430E-03   
1.2297E-02   -1.3006E-03   
1.1342E-02   -2.6411E-03   
1.2763E-02   -1.3657E-03   
1.0134E-02   -1.8020E-03   
1.1200E-02   -1.7569E-03   
1.2732E-02   -1.2263E-03   
1.1641E-02   -1.2344E-03   
1.1614E-02   -1.3740E-03   
1.1415E-02   -2.1043E-03   
4.4057E-03   -7.6345E-03   
1.1393E-02   -2.3033E-03   
1.2957E-02   -1.4460E-03   
1.4038E-02   -1.1086E-03   
1.1949E-02   -1.1291E-03   
9.9401E-03   -1.9237E-03   
1.0722E-02   -1.6043E-03   
1.1232E-02   -1.5384E-03   
1.0996E-02   -1.4616E-03   
1.2386E-02   -1.3449E-03   
1.1419E-02   -1.3868E-03   
1.1394E-02   -1.5975E-03   
1.1037E-02   -1.4019E-03   
1.2640E-02   -1.6092E-03   
1.0769E-02   -1.5407E-03   
1.4351E-02   -1.0448E-03   
1.2667E-02   -1.4958E-03   
1.1201E-02   -2.0851E-03   
1.1395E-02   -1.5304E-03   
1.1695E-02   -2.4151E-03   
3.7800E-03   -7.9974E-03   
1.1712E-02   -1.2632E-03   
1.1549E-02   -1.8595E-03   
1.2041E-02   -1.4478E-03   
1.2118E-02   -1.5308E-03   
1.1701E-02   -1.8959E-03   
1.2675E-02   -1.7064E-03   
1.1451E-02   -1.7219E-03   
1.1642E-02   -2.3145E-03   
1.1755E-02   -2.4848E-03   
1.1956E-02   -1.7024E-03   
1.1479E-02   -1.7941E-03   
1.2077E-02   -2.4214E-03   
1.1863E-02   -1.9349E-03   
1.2848E-02   -1.2585E-03   
1.3119E-02   -1.5869E-03   
1.2271E-02   -1.8080E-03   
1.1752E-02   -1.6250E-03   
1.2376E-02   -1.5277E-03   
1.1608E-02   -2.1226E-03   
1.2267E-02   -1.9171E-03   
1.3539E-02   -1.3676E-03   
1.2552E-02   -2.1781E-03   
1.1969E-02   -1.9795E-03   
1.1771E-02   -1.7014E-03   
1.2159E-02   -2.0691E-03   
1.2469E-02   -2.0326E-03   
1.2968E-02   -1.8317E-03   
1.3215E-02   -1.6536E-03   
1.2745E-02   -2.0151E-03   
3.7195E-04   -9.0881E-03   
1.2035E-02   -2.2143E-03   
1.1403E-02   -2.7206E-03   
1.6533E-02   -2.7065E-04   
8.7790E-04   -8.2768E-03   
1.7415E-02   -3.6164E-05   
1.6181E-02   -6.0258E-04   
6.6956E-04   -9.1381E-03   
3.3774E-03   -8.1039E-03   
1.2620E-02   -2.2486E-03   
1.6738E-02   -1.3865E-04   
1.0252E-03   -9.0849E-03   
4.0008E-03   -7.6202E-03   
1.4573E-03   -9.0029E-03   
1.8981E-03   -8.9041E-03   
2.3370E-03   -8.7781E-03   
2.7937E-03   -8.6214E-03   
1.7725E-02   -3.2181E-05   
3.2600E-03   -8.4269E-03   
3.7612E-03   -8.1762E-03   
1.6026E-02   -4.8756E-04   
4.2885E-03   -7.8692E-03   
1.8045E-02   -2.9744E-05   
4.8716E-03   -7.4792E-03   
6.1878E-03   -6.5430E-03   
1.3516E-02   -1.4885E-03   
8.2575E-03   -5.1331E-03   
1.8385E-02   -2.6382E-05   
1.4894E-02   -6.1976E-04   
9.5440E-03   -4.4179E-03   
9.2974E-03   -3.5470E-03   
2.5494E-03   -8.4452E-03   
1.6124E-02   -4.1893E-04   
1.1050E-02   -3.5836E-03   
1.2012E-02   -3.1616E-03   
1.8737E-02   -2.1985E-05   
1.2675E-02   -2.9475E-03   
8.1236E-03   -4.8985E-03   
1.3347E-02   -2.7570E-03   
1.3855E-02   -2.6714E-03   
1.9103E-02   -1.7608E-05   
1.4451E-02   -2.4836E-03   
1.5110E-02   -2.3387E-03   
1.1109E-03   -8.8405E-03   
1.5720E-02   -2.1921E-03   
1.9529E-02   -1.4126E-05   
1.6877E-02   -8.4897E-05   
9.5065E-03   -3.8895E-03   
1.6370E-02   -2.0152E-03   
1.6983E-02   -1.8694E-03   
1.5525E-02   -7.5186E-04   
2.0005E-02   -6.1708E-06   
1.4702E-02   -9.7394E-04   
1.4008E-02   -1.1942E-03   
1.8157E-02   -1.5140E-03   
2.0458E-02   -2.1949E-04   
2.0553E-02   -2.3976E-04   
2.0550E-02   -3.2775E-05   
2.0603E-02   -8.4580E-06   
2.0494E-02   -1.1431E-04   
4.7944E-03   -7.4756E-03   
1.9392E-02   -9.7108E-04   
1.2713E-03   -8.9245E-03   
1.4940E-02   -9.8151E-04   
1.4421E-02   -1.1303E-03   
2.2665E-03   -8.6199E-03   
1.3783E-02   -1.4639E-03   
2.9641E-03   -8.3163E-03   
1.6791E-02   -2.2197E-04   
1.3185E-02   -1.8358E-03   
1.6477E-02   -4.9376E-04   
3.2750E-03   -8.2650E-03   
9.7546E-03   -3.8318E-03   
2.1990E-03   -8.7321E-03   
1.1009E-02   -3.0392E-03   
3.1422E-03   -8.4116E-03   
1.5387E-02   -8.5523E-04   
1.5551E-02   -2.0833E-03   
1.2547E-02   -2.8550E-03   
4.2172E-03   -7.8808E-03   
8.0280E-03   -5.0998E-03   
6.2531E-03   -6.5031E-03   
6.5695E-03   -6.2279E-03   
1.8197E-02   -5.7289E-05   
1.3138E-02   -2.0995E-03   
1.7012E-02   -1.2115E-04   
1.6253E-02   -6.6242E-04   
1.7578E-02   -6.3870E-05   
1.9471E-02   -3.1809E-05   
1.2194E-02   -2.4761E-03   
1.3589E-02   -2.5567E-03   
1.6319E-02   -3.1127E-04   
1.6375E-02   -4.3003E-04   
1.3497E-02   -1.5617E-03   
1.0895E-02   -2.9340E-03   
2.0295E-02   -1.8639E-06   
1.7598E-02   -1.6906E-03   
9.3742E-03   -4.3551E-03   
1.6518E-02   -1.8297E-03   
2.0591E-02   -1.4007E-04   
2.0694E-02   -3.6315E-06   
2.0666E-02   -1.7398E-05   
2.0623E-02   -6.7341E-05   
1.4545E-02   -2.2965E-03   
1.1358E-02   -3.2313E-03   
1.8893E-02   -4.0324E-05   
1.8715E-02   -1.0856E-03   
2.0056E-02   -1.8552E-05   
1.9422E-02   -8.2873E-04   
1.9874E-02   -2.7776E-04   
2.0111E-02   -2.7282E-05   
2.0019E-02   -8.2990E-05   
1.9735E-02   -5.1179E-04   
1.5248E-02   -9.8119E-04   
1.2478E-02   -2.7557E-03   
1.6910E-02   -1.6901E-04   
1.7234E-02   -1.3731E-04   
1.7998E-02   -9.4462E-05   
1.4365E-03   -8.7931E-03   
1.1915E-02   -2.6831E-03   
1.4250E-02   -1.3002E-03   
7.8387E-03   -5.3430E-03   
1.6822E-02   -2.7457E-04   
1.8686E-02   -7.0151E-05   
1.7402E-02   -1.6123E-03   
4.1406E-03   -7.8691E-03   
1.2044E-02   -2.8744E-03   
9.3404E-03   -4.3192E-03   
1.3498E-02   -2.4733E-03   
1.1334E-02   -2.9481E-03   
1.5138E-02   -2.0825E-03   
1.3643E-02   -1.7146E-03   
1.0654E-02   -3.5063E-03   
1.6078E-02   -7.7829E-04   
1.6554E-02   -5.5873E-04   
1.4080E-02   -2.3308E-03   
1.3610E-02   -1.8585E-03   
1.9085E-02   -5.5296E-05   
1.3206E-02   -2.2012E-03   
1.8341E-02   -8.2072E-05   
1.0562E-02   -3.4190E-03   
1.6678E-02   -3.4963E-04   
1.2983E-02   -2.6123E-03   
1.4032E-02   -1.4881E-03   
1.7604E-02   -1.0567E-04   
1.6756E-02   -3.9713E-04   
1.9289E-02   -4.3654E-04   
1.9638E-02   -5.7804E-05   
1.9520E-02   -1.5051E-04   
1.9722E-02   -3.0341E-05   
1.5645E-02   -8.5874E-04   
1.7958E-02   -1.3325E-03   
1.8882E-02   -8.6053E-04   
2.0005E-02   -6.3420E-05   
1.9787E-02   -4.1356E-04   
1.9870E-02   -1.6030E-04   
1.9801E-02   -2.0785E-04   
1.2889E-02   -2.5216E-03   
1.0261E-02   -3.6803E-03   
1.8804E-02   -9.0503E-05   
1.6965E-02   -1.6717E-03   
1.1783E-02   -2.8791E-03   
1.3644E-02   -1.9709E-03   
1.2787E-02   -2.4392E-03   
1.6946E-02   -5.1059E-04   
1.7449E-02   -1.5694E-04   
1.4724E-02   -2.1018E-03   
1.8156E-02   -1.1700E-04   
1.9445E-02   -2.2425E-04   
1.9658E-02   -9.2245E-05   
1.7127E-02   -3.5730E-04   
1.5105E-02   -1.1194E-03   
1.7163E-02   -2.5003E-04   
1.4589E-02   -1.2900E-03   
1.9300E-02   -3.2128E-04   
1.8185E-02   -1.0624E-03   
1.6403E-02   -7.6107E-04   
1.5736E-02   -1.8714E-03   
1.4060E-02   -1.6500E-03   
1.2301E-02   -2.6056E-03   
1.3905E-02   -2.2505E-03   
1.6108E-02   -8.5883E-04   
1.9436E-02   -5.2343E-05   
1.7875E-02   -1.2470E-03   
1.9011E-02   -6.3340E-04   
1.4891E-02   -1.8992E-03   
1.4548E-02   -1.5562E-03   
1.5985E-02   -9.7385E-04   
1.6797E-02   -6.9571E-04   
1.4310E-02   -2.0333E-03   
1.3297E-02   -2.2928E-03   
1.8917E-02   -1.0861E-04   
1.7594E-02   -1.2477E-03   
1.8168E-02   -1.5701E-04   
1.8577E-02   -1.3123E-04   
1.3803E-02   -2.1601E-03   
1.7394E-02   -2.7011E-04   
1.7454E-02   -2.0310E-04   
1.7234E-02   -4.0818E-04   
1.4043E-02   -1.5752E-03   
1.4107E-02   -1.8633E-03   
1.7063E-02   -5.6562E-04   
1.5917E-02   -1.6892E-03   
1.5445E-02   -1.1129E-03   
1.4953E-02   -1.2661E-03   
1.4431E-02   -1.6989E-03   
1.6409E-02   -9.0406E-04   
1.6707E-02   -7.9820E-04   
1.6152E-02   -1.8468E-03   
1.7346E-02   -4.5693E-04   
1.4200E-02   -1.9480E-03   
1.9254E-02   -8.4994E-05   
1.7763E-02   -2.0700E-04   
1.7498E-02   -3.2255E-04   
1.6969E-02   -1.4409E-03   
1.8023E-02   -2.1823E-04   
1.4865E-02   -1.3843E-03   
1.5698E-02   -1.1238E-03   
1.6755E-02   -8.7324E-04   
1.4559E-02   -1.7532E-03   
1.7893E-02   -2.8282E-04   
1.7903E-02   -1.0441E-03   
1.7207E-02   -5.9966E-04   
1.7743E-02   -4.0223E-04   
1.6715E-02   -1.6516E-03   
1.8730E-02   -1.4961E-04   
1.5105E-02   -1.3991E-03   
1.5619E-02   -1.2368E-03   
1.9392E-02   -9.9098E-05   
1.7556E-02   -5.4950E-04   
1.8936E-02   -1.6196E-04   
1.5049E-02   -1.6264E-03   
1.7942E-02   -3.2874E-04   
1.8515E-02   -2.0271E-04   
1.7861E-02   -4.3974E-04   
1.6010E-02   -1.2068E-03   
1.8208E-02   -2.2945E-04   
1.6533E-02   -1.0376E-03   
1.7305E-02   -7.5616E-04   
1.8217E-02   -3.3123E-04   
1.7444E-02   -8.2796E-04   
1.5168E-02   -1.6994E-03   
1.6896E-02   -1.0178E-03   
1.5446E-02   -1.4097E-03   
1.6370E-02   -1.1912E-03   
1.8589E-02   -2.3552E-04   
1.9320E-02   -1.4351E-04   
1.7733E-02   -8.3136E-04   
1.7286E-02   -9.8367E-04   
1.8680E-02   -2.6847E-04   
1.5556E-02   -1.5133E-03   
1.6125E-02   -1.3767E-03   
1.8459E-02   -3.3705E-04   
1.8201E-02   -7.3718E-04   
1.7199E-02   -1.1248E-03   
1.9085E-02   -2.1129E-04   
1.8419E-02   -3.9323E-04   
1.8134E-02   -8.6673E-04   
1.9252E-02   -2.2618E-04   
1.7647E-02   -1.0364E-03   
1.7981E-02   -4.7855E-04   
1.7671E-02   -6.0221E-04   
1.7838E-02   -6.4778E-04   
1.8359E-02   -5.3212E-04   
