51 
1844 
3.1773E-02   -5.7987E-03   
3.3187E-02   -3.4765E-03   
3.4177E-02   -2.0745E-03   
3.4850E-02   -1.0188E-03   
3.1120E-37   -4.2068E-04   
3.5084E-02   3.7728E-38   
3.5254E-02   -1.1887E-34   
3.5358E-02   -3.2896E-35   
3.5664E-02   1.2352E-35   
3.5989E-02   3.3301E-35   
3.6436E-02   8.7008E-35   
3.7014E-02   1.2948E-34   
3.7476E-02   1.5946E-34   
3.8285E-02   2.4178E-34   
3.8904E-02   2.8698E-34   
3.9585E-02   2.4342E-34   
3.9949E-02   3.7394E-34   
4.0722E-02   5.3450E-34   
4.1557E-02   7.4012E-34   
4.2000E-02   -4.8432E-30   
4.2000E-02   -1.3447E-34   
4.2000E-02   -1.3447E-34   
4.2000E-02   -1.3447E-34   
4.2000E-02   -1.3447E-34   
4.2000E-02   -1.3447E-34   
4.2000E-02   -1.3447E-34   
4.2000E-02   -1.3447E-34   
4.2000E-02   -1.3447E-34   
4.2000E-02   -1.3447E-34   
4.2000E-02   -1.3447E-34   
4.2000E-02   -1.3447E-34   
4.2000E-02   -1.3447E-34   
4.0742E-02   -8.0123E-04   
3.9404E-02   -1.4831E-03   
3.8783E-02   -1.7234E-03   
3.8167E-02   -1.9230E-03   
3.6940E-02   -2.2505E-03   
3.6325E-02   -2.3950E-03   
3.5085E-02   -2.6768E-03   
3.4456E-02   -2.8288E-03   
3.2228E-02   -3.8672E-03   
2.4937E-02   -8.6428E-03   
1.8452E-02   -1.2671E-02   
6.0924E-03   -2.1421E-02   
4.1123E-03   -2.3315E-02   
3.6326E-03   -2.3635E-02   
2.7263E-03   -2.3953E-02   
1.8054E-03   -2.4076E-02   
8.9257E-04   -2.4132E-02   
-1.8882E-37   -2.4146E-02   
8.4342E-34   -2.3849E-02   
8.9714E-34   -2.3562E-02   
8.4770E-34   -2.3167E-02   
7.9942E-34   -2.2933E-02   
6.9103E-34   -2.2531E-02   
6.2011E-34   -2.2276E-02   
5.4954E-34   -2.1995E-02   
4.7106E-34   -2.1708E-02   
3.8699E-34   -2.0778E-02   
2.8411E-02   -5.5841E-03   
4.1443E-02   -1.6047E-05   
4.0868E-02   -4.7721E-05   
4.0046E-02   -1.0298E-04   
3.9377E-02   -1.5537E-04   
3.8723E-02   -2.2372E-04   
3.8011E-02   -2.6768E-04   
3.7444E-02   -2.8878E-04   
3.6721E-02   -3.4926E-04   
3.6023E-02   -3.9502E-04   
3.5333E-02   -4.4572E-04   
3.4663E-02   -5.0821E-04   
3.3975E-02   -6.1345E-04   
3.3251E-02   -8.3444E-04   
3.2237E-02   -1.3994E-03   
3.0993E-02   -2.5990E-03   
3.3173E-02   -2.2341E-03   
3.3571E-02   -9.4212E-04   
3.4125E-02   -4.8150E-04   
3.4673E-02   -3.1779E-04   
3.5219E-02   -2.6478E-04   
3.5752E-02   -2.4745E-04   
3.6398E-02   -2.1389E-04   
3.7002E-02   -1.9151E-04   
3.7574E-02   -1.6626E-04   
3.8157E-02   -1.6344E-04   
3.8824E-02   -1.2175E-04   
3.9466E-02   -8.8530E-05   
4.0098E-02   -6.4201E-05   
4.0782E-02   -2.8517E-05   
4.1383E-02   -7.0870E-06   
3.4762E-02   -5.2093E-04   
3.4975E-02   -1.9308E-04   
3.5231E-02   -1.1796E-04   
3.5642E-02   -9.3437E-05   
3.6063E-02   -8.7721E-05   
3.6604E-02   -8.9633E-05   
3.7106E-02   -9.0473E-05   
3.7621E-02   -8.6695E-05   
3.8305E-02   -6.6672E-05   
3.8886E-02   -5.0982E-05   
3.9551E-02   -4.0103E-05   
4.0215E-02   -2.4456E-05   
4.0873E-02   -1.1579E-05   
4.1487E-02   -1.0368E-06   
4.1333E-02   -3.4815E-05   
4.0698E-02   -9.2334E-05   
3.9924E-02   -1.8041E-04   
3.9230E-02   -2.3730E-04   
3.8609E-02   -3.2503E-04   
3.7855E-02   -3.9871E-04   
3.7114E-02   -4.7031E-04   
3.6419E-02   -5.3237E-04   
3.5688E-02   -6.1565E-04   
3.5007E-02   -6.9847E-04   
3.4129E-02   -8.4106E-04   
3.3185E-02   -1.0589E-03   
3.2266E-02   -1.3642E-03   
3.1108E-02   -1.9490E-03   
2.8082E-02   -3.9653E-03   
1.1029E-02   -1.5137E-02   
4.1278E-02   -6.6142E-05   
4.0729E-02   -1.3671E-04   
3.9790E-02   -2.7364E-04   
3.9177E-02   -3.6469E-04   
3.8454E-02   -4.5808E-04   
3.7577E-02   -5.8648E-04   
3.6827E-02   -6.6185E-04   
3.6093E-02   -7.5067E-04   
3.5211E-02   -8.9101E-04   
3.4372E-02   -1.0583E-03   
3.3486E-02   -1.2573E-03   
3.2592E-02   -1.4629E-03   
3.1464E-02   -1.9040E-03   
2.9199E-02   -3.1633E-03   
1.7998E-02   -1.0493E-02   
1.9675E-03   -2.1214E-02   
4.1473E-02   -6.5734E-05   
4.0456E-02   -2.3864E-04   
3.9882E-02   -3.3459E-04   
3.9177E-02   -4.7168E-04   
3.8132E-02   -6.4871E-04   
3.7388E-02   -7.7370E-04   
3.6627E-02   -8.8141E-04   
3.5713E-02   -1.0400E-03   
3.4869E-02   -1.2114E-03   
3.3981E-02   -1.3790E-03   
3.3128E-02   -1.5760E-03   
3.2083E-02   -1.8687E-03   
2.9707E-02   -3.1593E-03   
2.2682E-02   -7.7433E-03   
6.9275E-03   -1.8564E-02   
1.1515E-03   -2.2122E-02   
4.1134E-02   -1.6218E-04   
4.0524E-02   -3.0329E-04   
3.9785E-02   -4.7924E-04   
3.9039E-02   -6.5304E-04   
3.7971E-02   -8.6044E-04   
3.7124E-02   -9.9324E-04   
3.6236E-02   -1.1838E-03   
3.5382E-02   -1.3676E-03   
3.4408E-02   -1.5331E-03   
3.3613E-02   -1.7014E-03   
3.2734E-02   -1.9743E-03   
3.1085E-02   -2.6985E-03   
2.4664E-02   -6.8444E-03   
1.1227E-02   -1.6276E-02   
2.3868E-03   -2.2140E-02   
1.0437E-03   -2.2496E-02   
4.1299E-02   -1.9930E-04   
4.0452E-02   -4.5532E-04   
3.9765E-02   -6.2253E-04   
3.8680E-02   -9.0318E-04   
3.7719E-02   -1.1456E-03   
3.6881E-02   -1.2894E-03   
3.5823E-02   -1.5048E-03   
3.5023E-02   -1.6757E-03   
3.4010E-02   -1.8680E-03   
3.3109E-02   -2.1085E-03   
3.1932E-02   -2.5716E-03   
2.8249E-02   -4.7924E-03   
1.7729E-02   -1.2170E-02   
4.9205E-03   -2.1248E-02   
2.0782E-03   -2.2721E-02   
9.5593E-04   -2.2828E-02   
4.1169E-02   -2.9128E-04   
4.0228E-02   -6.1479E-04   
3.9572E-02   -8.0725E-04   
3.8289E-02   -1.1926E-03   
3.7516E-02   -1.3791E-03   
3.6632E-02   -1.5952E-03   
3.5675E-02   -1.7693E-03   
3.4684E-02   -1.9895E-03   
3.3565E-02   -2.2513E-03   
3.2616E-02   -2.5703E-03   
2.9733E-02   -4.3382E-03   
2.2469E-02   -9.3339E-03   
7.9051E-03   -1.9990E-02   
3.5642E-03   -2.2625E-02   
2.0179E-03   -2.3104E-02   
1.0068E-03   -2.3152E-02   
4.1207E-02   -3.8880E-04   
4.0386E-02   -7.4840E-04   
3.9300E-02   -1.1092E-03   
3.8346E-02   -1.4388E-03   
3.7331E-02   -1.6178E-03   
3.6333E-02   -1.8384E-03   
3.5368E-02   -2.0732E-03   
3.4390E-02   -2.3166E-03   
3.3389E-02   -2.5472E-03   
3.0891E-02   -3.8548E-03   
2.4178E-02   -8.4926E-03   
1.2086E-02   -1.7453E-02   
4.8836E-03   -2.2366E-02   
3.0080E-03   -2.3290E-02   
1.9575E-03   -2.3430E-02   
1.0884E-03   -2.3462E-02   
4.0872E-02   -6.8138E-04   
3.9903E-02   -1.1678E-03   
3.9122E-02   -1.4033E-03   
3.7855E-02   -1.7744E-03   
3.7071E-02   -1.9590E-03   
3.5964E-02   -2.2116E-03   
3.4981E-02   -2.4591E-03   
3.4110E-02   -2.6406E-03   
3.2492E-02   -3.3222E-03   
2.7123E-02   -6.5833E-03   
1.8758E-02   -1.2444E-02   
6.8894E-03   -2.1381E-02   
4.0214E-03   -2.3327E-02   
2.9024E-03   -2.3621E-02   
1.9352E-03   -2.3743E-02   
8.6923E-04   -2.3857E-02   
8.8363E-03   -8.9148E-04   
1.6639E-02   -1.9500E-03   
2.3447E-02   -3.1372E-03   
2.7395E-02   -4.3941E-03   
2.9567E-02   -5.3867E-03   
3.0798E-02   -6.0143E-03   
3.1354E-02   -5.9548E-03   
3.2049E-02   -5.5134E-03   
3.2245E-02   -5.1673E-03   
3.2420E-02   -4.8275E-03   
3.2585E-02   -4.5120E-03   
3.2743E-02   -4.2216E-03   
3.2896E-02   -3.9537E-03   
3.3044E-02   -3.7061E-03   
3.3326E-02   -3.2631E-03   
3.3460E-02   -3.0639E-03   
3.3590E-02   -2.8770E-03   
3.3716E-02   -2.7012E-03   
3.3838E-02   -2.5341E-03   
3.3956E-02   -2.3746E-03   
3.4069E-02   -2.2216E-03   
3.4281E-02   -1.9321E-03   
3.4380E-02   -1.7936E-03   
3.4473E-02   -1.6584E-03   
3.4560E-02   -1.5260E-03   
3.4642E-02   -1.3960E-03   
3.4718E-02   -1.2681E-03   
3.4787E-02   -1.1423E-03   
3.4908E-02   -8.9732E-04   
3.4957E-02   -7.7337E-04   
3.5000E-02   -6.4983E-04   
3.5028E-02   -5.2242E-04   
3.5063E-02   -3.9668E-04   
3.5073E-02   -2.6600E-04   
3.5092E-02   -1.3441E-04   
3.5155E-02   -4.1235E-34   
3.5190E-02   -4.0529E-34   
3.5214E-02   -3.1534E-34   
3.5231E-02   -1.7906E-34   
3.5243E-02   -1.4559E-34   
3.5266E-02   -9.6124E-35   
3.5281E-02   -7.6634E-35   
3.5300E-02   -5.9910E-35   
3.5325E-02   -4.5469E-35   
3.5399E-02   -2.1882E-35   
3.5449E-02   -1.2199E-35   
3.5509E-02   -3.5812E-36   
3.5581E-02   4.4803E-36   
3.5759E-02   1.9516E-35   
3.5867E-02   2.6511E-35   
3.6123E-02   4.0558E-35   
3.6272E-02   4.7812E-35   
3.6613E-02   9.3330E-35   
3.6806E-02   7.2492E-35   
3.7237E-02   1.4014E-34   
3.7730E-02   1.8295E-34   
3.8000E-02   2.0579E-34   
3.8587E-02   2.4473E-34   
3.9237E-02   3.1983E-34   
4.0328E-02   4.5581E-34   
4.1131E-02   4.5624E-34   
4.2000E-02   -1.3447E-34   
4.2000E-02   -1.3447E-34   
4.2000E-02   -1.3447E-34   
4.2000E-02   -1.3447E-34   
4.2000E-02   -1.3447E-34   
4.0050E-02   -1.1863E-03   
3.7554E-02   -2.0953E-03   
3.5707E-02   -2.5350E-03   
3.3768E-02   -3.0333E-03   
2.9497E-02   -5.5565E-03   
1.1088E-02   -1.7790E-02   
4.6555E-03   -2.2733E-02   
3.1817E-03   -2.3838E-02   
2.2660E-03   -2.4026E-02   
1.3467E-03   -2.4110E-02   
4.4396E-04   -2.4145E-02   
6.2092E-34   -2.3997E-02   
8.8272E-34   -2.3703E-02   
8.7139E-34   -2.3425E-02   
1.2715E-33   -2.3293E-02   
1.2801E-33   -2.3047E-02   
7.7772E-34   -2.2825E-02   
7.5313E-34   -2.2722E-02   
7.2074E-34   -2.2624E-02   
6.6600E-34   -2.2442E-02   
6.4227E-34   -2.2357E-02   
6.0086E-34   -2.2200E-02   
5.8242E-34   -2.2128E-02   
5.6456E-34   -2.2059E-02   
5.3786E-34   -2.1935E-02   
5.2366E-34   -2.1878E-02   
5.0618E-34   -2.1823E-02   
4.8816E-34   -2.1767E-02   
4.5698E-34   -2.1644E-02   
4.4260E-34   -2.1562E-02   
4.2967E-34   -2.1454E-02   
4.1665E-34   -2.1305E-02   
4.0175E-34   -2.1093E-02   
3.7096E-34   -2.0294E-02   
3.5442E-34   -1.9552E-02   
3.3759E-34   -1.8446E-02   
3.2217E-34   -1.6885E-02   
3.0790E-34   -1.4774E-02   
4.4784E-34   -1.1954E-02   
4.0723E-34   -8.6117E-03   
2.9823E-34   -4.6242E-03   
3.2234E-02   -4.5426E-03   
3.3388E-02   -2.8405E-03   
3.3796E-02   -2.3278E-03   
3.2598E-02   -3.9564E-03   
3.4742E-02   -1.1120E-03   
3.1613E-02   -5.6120E-03   
2.5585E-02   -5.4378E-03   
3.4480E-02   -1.4820E-03   
3.4996E-02   -6.4670E-04   
3.4163E-02   -1.8826E-03   
3.2933E-02   -3.4591E-03   
3.4882E-02   -8.7736E-04   
3.3091E-02   -3.2382E-03   
3.1314E-02   -5.9331E-03   
3.4047E-02   -2.0253E-03   
3.4574E-02   -1.3558E-03   
3.5126E-02   -1.8593E-04   
1.1725E-02   -4.5943E-03   
3.0875E-02   -6.1306E-03   
3.3528E-02   -2.6606E-03   
3.3662E-02   -2.4897E-03   
3.4816E-02   -9.9381E-04   
2.8725E-02   -5.8527E-03   
3.5041E-02   -5.3127E-04   
1.9652E-02   -5.3424E-03   
3.0305E-02   -6.2386E-03   
3.4661E-02   -1.2326E-03   
3.4943E-02   -7.6158E-04   
3.1839E-02   -5.2377E-03   
3.4380E-02   -1.6116E-03   
3.4274E-02   -1.7450E-03   
3.2769E-02   -3.6980E-03   
3.2041E-02   -4.8761E-03   
3.2420E-02   -4.2373E-03   
3.3243E-02   -3.0328E-03   
3.3924E-02   -2.1734E-03   
6.3777E-03   -1.3193E-02   
5.1841E-03   -1.5508E-02   
4.0709E-03   -1.7350E-02   
3.0697E-03   -1.8726E-02   
2.2296E-03   -1.9695E-02   
1.5907E-03   -2.0355E-02   
1.1372E-03   -2.0800E-02   
8.3022E-04   -2.1101E-02   
6.2463E-04   -2.1308E-02   
3.5196E-02   -9.7665E-05   
4.8400E-04   -2.1454E-02   
3.5215E-02   -8.0554E-05   
3.8363E-04   -2.1562E-02   
3.5228E-02   -6.7537E-05   
3.1102E-04   -2.1645E-02   
3.5239E-02   -5.6542E-05   
2.6228E-04   -2.1713E-02   
3.5250E-02   -4.7542E-05   
2.2831E-04   -2.1776E-02   
3.5263E-02   -4.0181E-05   
2.0496E-04   -2.1836E-02   
3.5279E-02   -3.4275E-05   
1.9255E-04   -2.1898E-02   
3.5301E-02   -2.9661E-05   
1.9205E-04   -2.1961E-02   
3.5330E-02   -2.6166E-05   
1.9915E-04   -2.2025E-02   
3.5367E-02   -2.3611E-05   
2.0811E-04   -2.2092E-02   
3.5412E-02   -2.1892E-05   
2.1601E-04   -2.2162E-02   
3.5468E-02   -2.0908E-05   
2.2448E-04   -2.2236E-02   
3.5534E-02   -2.0510E-05   
2.3441E-04   -2.2315E-02   
3.5612E-02   -2.0521E-05   
2.4479E-04   -2.2398E-02   
3.5702E-02   -2.0703E-05   
2.5476E-04   -2.2485E-02   
3.5803E-02   -2.1513E-05   
2.6492E-04   -2.2576E-02   
3.5917E-02   -2.2560E-05   
2.7525E-04   -2.2670E-02   
3.6043E-02   -2.4085E-05   
2.8873E-04   -2.2769E-02   
3.6184E-02   -2.5478E-05   
3.0472E-04   -2.2873E-02   
3.6339E-02   -2.6505E-05   
3.1446E-04   -2.2983E-02   
3.6510E-02   -2.7553E-05   
3.2441E-04   -2.3099E-02   
3.6697E-02   -2.8433E-05   
3.4956E-04   -2.3221E-02   
3.6901E-02   -2.8737E-05   
3.6529E-04   -2.3353E-02   
3.7116E-02   -2.7806E-05   
3.6935E-04   -2.3490E-02   
3.7342E-02   -2.8930E-05   
3.8505E-04   -2.3632E-02   
3.7588E-02   -2.8662E-05   
4.0939E-04   -2.3782E-02   
3.2661E-02   -3.4518E-03   
3.4157E-02   -1.7013E-03   
3.4593E-02   -1.1985E-03   
3.1864E-02   -4.5913E-03   
3.5124E-02   -2.8026E-04   
2.1865E-02   -7.4323E-03   
3.3469E-02   -2.4520E-03   
3.5033E-02   -5.3117E-04   
2.9415E-02   -6.6593E-03   
3.1161E-02   -5.7320E-03   
3.0840E-02   -6.0875E-03   
3.3901E-02   -1.9816E-03   
3.3011E-02   -3.0089E-03   
3.4847E-02   -8.5774E-04   
3.4916E-02   -7.4819E-04   
3.3172E-02   -2.8107E-03   
3.3761E-02   -2.1298E-03   
3.4685E-02   -1.0823E-03   
3.4494E-02   -1.3180E-03   
3.2077E-02   -4.2685E-03   
3.1412E-02   -5.3291E-03   
1.4966E-02   -8.0833E-03   
3.2280E-02   -3.9728E-03   
3.3321E-02   -2.6291E-03   
3.3615E-02   -2.2856E-03   
3.4770E-02   -9.6890E-04   
3.4978E-02   -6.3979E-04   
3.2475E-02   -3.7015E-03   
3.4276E-02   -1.5690E-03   
3.0364E-02   -6.3299E-03   
3.1643E-02   -4.9443E-03   
3.4388E-02   -1.4414E-03   
3.5083E-02   -4.1621E-04   
2.6749E-02   -6.8134E-03   
3.4033E-02   -1.8391E-03   
3.2840E-02   -3.2220E-03   
7.0701E-03   -1.0281E-02   
1.1451E-02   -1.3281E-02   
9.5693E-03   -1.5323E-02   
7.5551E-03   -1.7010E-02   
5.6720E-03   -1.8314E-02   
4.1792E-03   -1.9283E-02   
3.0536E-03   -1.9994E-02   
2.2295E-03   -2.0509E-02   
3.5168E-02   -1.2772E-04   
1.6391E-03   -2.0877E-02   
1.2219E-03   -2.1139E-02   
3.5181E-02   -1.7263E-04   
9.2966E-04   -2.1329E-02   
3.5194E-02   -1.4750E-04   
7.2719E-04   -2.1471E-02   
3.5205E-02   -1.2310E-04   
5.8996E-04   -2.1583E-02   
3.5214E-02   -1.0338E-04   
5.0039E-04   -2.1675E-02   
3.5225E-02   -8.7400E-05   
4.4561E-04   -2.1754E-02   
3.5239E-02   -7.4380E-05   
4.1659E-04   -2.1829E-02   
3.5257E-02   -6.4046E-05   
4.0294E-04   -2.1905E-02   
3.5282E-02   -5.6156E-05   
4.0237E-04   -2.1979E-02   
3.5315E-02   -5.0336E-05   
4.1110E-04   -2.2050E-02   
3.5356E-02   -4.6098E-05   
4.2344E-04   -2.2119E-02   
3.5407E-02   -4.3482E-05   
4.3947E-04   -2.2191E-02   
3.5468E-02   -4.2321E-05   
4.5779E-04   -2.2268E-02   
3.5541E-02   -4.2186E-05   
4.7886E-04   -2.2350E-02   
3.5627E-02   -4.2179E-05   
4.9931E-04   -2.2435E-02   
3.5723E-02   -4.2183E-05   
5.1935E-04   -2.2524E-02   
3.5826E-02   -4.4825E-05   
5.3708E-04   -2.2616E-02   
3.5943E-02   -4.6785E-05   
5.5144E-04   -2.2710E-02   
3.6073E-02   -5.1123E-05   
5.8856E-04   -2.2806E-02   
3.6222E-02   -5.2998E-05   
6.2354E-04   -2.2913E-02   
3.6386E-02   -5.4787E-05   
6.2787E-04   -2.3026E-02   
3.6565E-02   -5.6875E-05   
6.6046E-04   -2.3139E-02   
3.6767E-02   -5.8300E-05   
7.5773E-04   -2.3267E-02   
3.6989E-02   -5.7703E-05   
7.3375E-04   -2.3412E-02   
3.7197E-02   -5.3117E-05   
7.5010E-04   -2.3548E-02   
3.7417E-02   -6.3582E-05   
7.9129E-04   -2.3690E-02   
3.7850E-02   -3.0098E-05   
3.3417E-02   -2.2501E-03   
3.3583E-02   -2.0885E-03   
3.2949E-02   -2.7942E-03   
3.3743E-02   -1.9422E-03   
3.2767E-02   -2.9956E-03   
3.0683E-02   -5.8777E-03   
3.0968E-02   -5.4435E-03   
3.1230E-02   -5.0338E-03   
3.1480E-02   -4.6595E-03   
3.1718E-02   -4.3173E-03   
3.0298E-02   -6.2778E-03   
3.1947E-02   -4.0046E-03   
3.2575E-02   -3.2161E-03   
3.3890E-02   -1.8011E-03   
3.2166E-02   -3.7185E-03   
3.2375E-02   -3.4566E-03   
2.9369E-02   -6.7545E-03   
3.4029E-02   -1.6635E-03   
3.4801E-02   -8.3787E-04   
3.4880E-02   -7.3363E-04   
3.4950E-02   -6.3226E-04   
3.4713E-02   -9.4453E-04   
2.7255E-02   -7.6936E-03   
3.4160E-02   -1.5313E-03   
3.4617E-02   -1.0538E-03   
3.4403E-02   -1.2831E-03   
3.4285E-02   -1.4047E-03   
3.4514E-02   -1.1666E-03   
2.2766E-02   -8.7001E-03   
1.8647E-02   -9.3342E-03   
3.5013E-02   -5.3136E-04   
3.5070E-02   -4.2741E-04   
3.5120E-02   -3.2088E-04   
1.3225E-02   -1.1186E-02   
1.3529E-02   -1.4460E-02   
1.0485E-02   -1.6082E-02   
8.0802E-03   -1.7393E-02   
6.1791E-03   -1.8433E-02   
4.6782E-03   -1.9257E-02   
3.5102E-03   -1.9900E-02   
3.5161E-02   -2.0691E-04   
2.6240E-03   -2.0395E-02   
1.9701E-03   -2.0771E-02   
3.5142E-02   -2.4882E-04   
1.4990E-03   -2.1056E-02   
3.5154E-02   -2.0241E-04   
1.1686E-03   -2.1277E-02   
3.5162E-02   -1.6936E-04   
9.4288E-04   -2.1451E-02   
3.5170E-02   -1.4305E-04   
7.9567E-04   -2.1590E-02   
3.5180E-02   -1.2189E-04   
7.1535E-04   -2.1701E-02   
3.5196E-02   -1.0444E-04   
6.8721E-04   -2.1793E-02   
3.5217E-02   -9.1141E-05   
6.5995E-04   -2.1890E-02   
3.5244E-02   -8.1576E-05   
6.4264E-04   -2.1981E-02   
3.5280E-02   -7.4170E-05   
6.3881E-04   -2.2061E-02   
3.5327E-02   -6.8860E-05   
6.5081E-04   -2.2137E-02   
3.5383E-02   -6.6509E-05   
6.7467E-04   -2.2213E-02   
3.5450E-02   -6.6119E-05   
7.0526E-04   -2.2295E-02   
3.5531E-02   -6.6067E-05   
7.3515E-04   -2.2380E-02   
3.5630E-02   -6.5556E-05   
7.6477E-04   -2.2467E-02   
3.5731E-02   -6.3059E-05   
7.9160E-04   -2.2560E-02   
3.5820E-02   -7.3342E-05   
8.0494E-04   -2.2656E-02   
7.9430E-04   -2.2741E-02   
9.4308E-04   -2.2961E-02   
3.6407E-02   -8.5897E-05   
1.0729E-03   -2.3341E-02   
1.1281E-03   -2.3590E-02   
3.6829E-02   -9.0986E-05   
3.8141E-02   -3.1600E-05   
3.4982E-02   -5.3168E-04   
3.5045E-02   -4.3598E-04   
3.5103E-02   -3.3749E-04   
3.3073E-02   -2.4427E-03   
3.2905E-02   -2.5921E-03   
3.0105E-02   -6.0686E-03   
2.9210E-02   -6.7240E-03   
3.1349E-02   -4.3848E-03   
3.0476E-02   -5.5839E-03   
3.1602E-02   -4.0535E-03   
3.0791E-02   -5.1463E-03   
3.2714E-02   -2.7799E-03   
3.3739E-02   -1.7707E-03   
3.1082E-02   -4.7482E-03   
3.4746E-02   -8.1760E-04   
3.4647E-02   -9.2089E-04   
3.1844E-02   -3.7505E-03   
3.2076E-02   -3.4739E-03   
3.4302E-02   -1.2518E-03   
3.4425E-02   -1.1371E-03   
3.4837E-02   -7.1640E-04   
2.6765E-02   -7.9495E-03   
3.4915E-02   -6.2285E-04   
3.2511E-02   -2.9905E-03   
3.4172E-02   -1.3725E-03   
3.2299E-02   -3.2215E-03   
3.4540E-02   -1.0272E-03   
3.3890E-02   -1.6321E-03   
3.4034E-02   -1.4994E-03   
1.5949E-02   -1.3296E-02   
1.2942E-02   -1.4865E-02   
1.0474E-02   -1.6133E-02   
8.3741E-03   -1.7224E-02   
6.5989E-03   -1.8160E-02   
5.1372E-03   -1.8953E-02   
3.9689E-03   -1.9609E-02   
3.0600E-03   -2.0142E-02   
3.5145E-02   -2.5631E-04   
3.5090E-02   -2.9454E-04   
2.3749E-03   -2.0572E-02   
3.5095E-02   -2.4815E-04   
1.8688E-03   -2.0916E-02   
3.5101E-02   -2.0870E-04   
1.5012E-03   -2.1193E-02   
3.5107E-02   -1.7791E-04   
1.2483E-03   -2.1412E-02   
3.5117E-02   -1.5318E-04   
1.1030E-03   -2.1575E-02   
3.5136E-02   -1.3176E-04   
1.0933E-03   -2.1682E-02   
3.5157E-02   -1.1833E-04   
9.7809E-04   -2.1835E-02   
3.5185E-02   -1.0801E-04   
9.2389E-04   -2.1946E-02   
3.5229E-02   -9.9061E-05   
8.9950E-04   -2.2050E-02   
3.5283E-02   -9.3187E-05   
9.3782E-04   -2.2220E-02   
1.0679E-03   -2.2707E-02   
3.5410E-02   -9.3893E-05   
9.7831E-04   -2.2307E-02   
1.0089E-03   -2.2399E-02   
1.0796E-03   -2.2600E-02   
3.5956E-02   -7.0679E-05   
3.6257E-02   -7.9701E-05   
3.6412E-02   -1.2312E-04   
3.5509E-02   -9.4011E-05   
1.4882E-03   -2.3489E-02   
3.6629E-02   -1.2631E-04   
1.1162E-03   -2.3240E-02   
3.5738E-02   -1.0627E-04   
1.2972E-03   -2.2898E-02   
3.5073E-02   -3.5495E-04   
3.5006E-02   -4.5037E-04   
3.4946E-02   -5.3457E-04   
3.3435E-02   -1.8772E-03   
3.3403E-02   -2.0503E-03   
3.3578E-02   -1.7479E-03   
3.2693E-02   -2.5737E-03   
3.4783E-02   -6.9998E-04   
2.9887E-02   -5.7575E-03   
3.4877E-02   -6.0277E-04   
2.9005E-02   -6.4945E-03   
2.6641E-02   -7.9008E-03   
3.0309E-02   -5.2775E-03   
3.1249E-02   -4.1205E-03   
3.0964E-02   -4.4745E-03   
3.2471E-02   -2.7745E-03   
3.0655E-02   -4.8579E-03   
3.1514E-02   -3.7989E-03   
3.3740E-02   -1.6080E-03   
3.4326E-02   -1.1110E-03   
3.4681E-02   -7.9914E-04   
3.1768E-02   -3.5058E-03   
3.4452E-02   -1.0030E-03   
3.4571E-02   -8.9953E-04   
3.4190E-02   -1.2251E-03   
3.2012E-02   -3.2391E-03   
3.2246E-02   -2.9962E-03   
3.4047E-02   -1.3459E-03   
3.3897E-02   -1.4738E-03   
1.9875E-02   -1.1295E-02   
1.7763E-02   -1.2319E-02   
1.5294E-02   -1.3480E-02   
1.2962E-02   -1.4629E-02   
1.0809E-02   -1.5722E-02   
8.8854E-03   -1.6741E-02   
7.2123E-03   -1.7664E-02   
5.7937E-03   -1.8478E-02   
4.6365E-03   -1.9183E-02   
3.5009E-02   -3.4868E-04   
3.7140E-03   -1.9777E-02   
3.5020E-02   -2.8556E-04   
2.9968E-03   -2.0270E-02   
2.4324E-03   -2.0686E-02   
3.5022E-02   -2.4332E-04   
3.5025E-02   -2.1069E-04   
1.9647E-03   -2.1047E-02   
3.5028E-02   -1.8508E-04   
1.4736E-03   -2.1566E-02   
3.5063E-02   -1.5265E-04   
1.3890E-03   -2.1693E-02   
3.5166E-02   -1.2598E-04   
3.5111E-02   -1.3617E-04   
1.3108E-03   -2.1853E-02   
1.2901E-03   -2.2172E-02   
8.9822E-04   -2.2141E-02   
1.2983E-03   -2.2289E-02   
1.3307E-03   -2.2399E-02   
1.3792E-03   -2.3278E-02   
1.3518E-03   -2.3165E-02   
1.3749E-03   -2.2514E-02   
3.5355E-02   -1.2764E-04   
3.5879E-02   -9.7474E-05   
3.5588E-02   -1.3435E-04   
3.6197E-02   -1.1644E-04   
3.5466E-02   -1.2836E-04   
3.5339E-02   -9.3227E-05   
1.4319E-03   -2.2638E-02   
1.2536E-03   -2.3040E-02   
1.3512E-03   -2.2771E-02   
3.6858E-02   -1.2843E-04   
1.4274E-03   -2.3618E-02   
1.3410E-03   -2.3383E-02   
3.6413E-02   -1.6527E-04   
3.3219E-02   -1.9644E-03   
3.5026E-02   -3.8300E-04   
3.4822E-02   -5.9191E-04   
2.9757E-02   -5.4293E-03   
3.4715E-02   -6.8925E-04   
2.8929E-02   -6.0870E-03   
2.3359E-02   -9.4777E-03   
3.2454E-02   -2.5640E-03   
3.0876E-02   -4.2110E-03   
3.0552E-02   -4.5871E-03   
3.0203E-02   -4.9855E-03   
3.3579E-02   -1.5981E-03   
3.1175E-02   -3.8654E-03   
3.4355E-02   -9.8191E-04   
3.1454E-02   -3.5530E-03   
3.4485E-02   -8.8080E-04   
3.4604E-02   -7.8396E-04   
3.4217E-02   -1.0893E-03   
3.1718E-02   -3.2703E-03   
3.2216E-02   -2.7794E-03   
3.3749E-02   -1.4568E-03   
3.4069E-02   -1.2039E-03   
3.1972E-02   -3.0136E-03   
3.3913E-02   -1.3264E-03   
2.2135E-02   -9.9143E-03   
2.0049E-02   -1.0793E-02   
3.2948E-02   -2.1697E-03   
1.7849E-02   -1.1829E-02   
3.2697E-02   -2.3621E-03   
1.5629E-02   -1.2907E-02   
1.3522E-02   -1.3985E-02   
1.1554E-02   -1.5038E-02   
9.7445E-03   -1.6043E-02   
8.1518E-03   -1.6987E-02   
6.7763E-03   -1.7837E-02   
2.3612E-03   -2.1068E-02   
3.4932E-02   -3.6749E-04   
5.6304E-03   -1.8580E-02   
4.6843E-03   -1.9229E-02   
3.4931E-02   -3.1734E-04   
3.8592E-03   -1.9832E-02   
3.4927E-02   -2.7736E-04   
3.4923E-02   -2.4681E-04   
1.6625E-03   -2.1302E-02   
3.4975E-02   -1.8083E-04   
2.1203E-03   -2.1363E-02   
1.5619E-03   -2.1949E-02   
3.5758E-02   -1.3927E-04   
3.5397E-02   -1.7030E-04   
3.5098E-02   -1.5722E-04   
1.7205E-03   -2.2209E-02   
3.5025E-02   -1.6715E-04   
1.7631E-03   -2.2338E-02   
1.2180E-03   -2.2010E-02   
1.6661E-03   -2.3340E-02   
1.7742E-03   -2.2467E-02   
3.5970E-02   -1.3221E-04   
1.6588E-03   -2.2836E-02   
1.6253E-03   -2.2959E-02   
3.5251E-02   -1.2978E-04   
1.6987E-03   -2.3204E-02   
1.7169E-03   -2.2074E-02   
3.5287E-02   -1.6704E-04   
3.6637E-02   -1.6789E-04   
3.6207E-02   -1.6009E-04   
3.4843E-02   -5.0676E-04   
3.4743E-02   -5.9567E-04   
3.4937E-02   -4.7514E-04   
2.7278E-02   -6.7743E-03   
2.9759E-02   -5.1251E-03   
3.3401E-02   -1.5972E-03   
3.0471E-02   -4.3279E-03   
3.4634E-02   -6.8361E-04   
3.0098E-02   -4.7335E-03   
3.0813E-02   -3.9556E-03   
2.0782E-02   -1.0876E-02   
3.1127E-02   -3.6189E-03   
3.2208E-02   -2.5704E-03   
3.4249E-02   -9.6496E-04   
3.4516E-02   -7.7335E-04   
3.4388E-02   -8.6640E-04   
3.3589E-02   -1.4491E-03   
3.1419E-02   -3.3157E-03   
3.4098E-02   -1.0729E-03   
3.1693E-02   -3.0438E-03   
3.1955E-02   -2.7968E-03   
3.3767E-02   -1.3139E-03   
3.3937E-02   -1.1892E-03   
3.2462E-02   -2.3580E-03   
2.4362E-02   -8.3633E-03   
2.2478E-02   -9.1838E-03   
2.0363E-02   -1.0143E-02   
2.6494E-02   -7.5890E-03   
1.8364E-02   -1.1113E-02   
3.2717E-02   -2.1563E-03   
3.2970E-02   -1.9610E-03   
1.6415E-02   -1.2101E-02   
3.4916E-02   -4.2664E-04   
3.3200E-02   -1.7722E-03   
1.4506E-02   -1.3107E-02   
1.2713E-02   -1.4136E-02   
9.5102E-03   -1.6082E-02   
3.4840E-02   -3.9648E-04   
8.1905E-03   -1.6948E-02   
7.0783E-03   -1.7724E-02   
3.4825E-02   -3.5357E-04   
3.4814E-02   -3.1451E-04   
3.8776E-03   -2.0003E-02   
1.9296E-03   -2.1622E-02   
3.4865E-02   -2.1640E-04   
3.5188E-02   -1.6687E-04   
2.3128E-03   -2.2011E-02   
2.9299E-03   -2.0520E-02   
3.5517E-02   -1.7792E-04   
3.8908E-03   -2.0145E-02   
3.5197E-02   -2.1341E-04   
1.8071E-03   -2.1922E-02   
1.9778E-03   -2.2895E-02   
2.2788E-03   -2.1868E-02   
1.8525E-03   -2.2554E-02   
3.5105E-02   -1.7195E-04   
3.6038E-02   -1.5690E-04   
3.4913E-02   -2.0673E-04   
1.7272E-03   -2.2699E-02   
1.6443E-03   -2.3081E-02   
3.6181E-02   -2.0796E-04   
3.6850E-02   -1.6743E-04   
1.7635E-03   -2.3589E-02   
2.1211E-03   -2.3252E-02   
3.5919E-02   -1.1227E-04   
3.4656E-02   -6.0052E-04   
2.9484E-02   -4.9832E-03   
3.2222E-02   -2.3693E-03   
3.0017E-02   -4.4784E-03   
3.0420E-02   -4.0711E-03   
3.4544E-02   -6.8389E-04   
3.0777E-02   -3.7080E-03   
3.3417E-02   -1.4505E-03   
3.4287E-02   -8.5349E-04   
3.4423E-02   -7.6678E-04   
3.1106E-02   -3.3815E-03   
3.4134E-02   -9.5310E-04   
3.1959E-02   -2.5892E-03   
3.1410E-02   -3.0886E-03   
3.3611E-02   -1.3099E-03   
3.1692E-02   -2.8267E-03   
3.3969E-02   -1.0625E-03   
3.3795E-02   -1.1814E-03   
2.6565E-02   -6.8916E-03   
2.4271E-02   -7.8836E-03   
3.4846E-02   -4.4483E-04   
2.2652E-02   -8.5957E-03   
3.2984E-02   -1.7795E-03   
3.2484E-02   -2.1615E-03   
3.3209E-02   -1.6068E-03   
2.1016E-02   -9.3443E-03   
1.9307E-02   -1.0166E-02   
3.2741E-02   -1.9653E-03   
1.7637E-02   -1.1074E-02   
1.5975E-02   -1.2002E-02   
1.4372E-02   -1.2948E-02   
3.4804E-02   -2.8477E-04   
1.2904E-02   -1.3863E-02   
5.9977E-03   -1.8502E-02   
1.1680E-02   -1.4662E-02   
3.4713E-02   -4.4658E-04   
3.5014E-02   -2.0970E-04   
3.4698E-02   -3.9370E-04   
3.5682E-03   -2.0489E-02   
2.4503E-03   -2.1483E-02   
3.4827E-02   -2.3255E-04   
4.6046E-03   -1.9590E-02   
3.4959E-02   -2.0726E-04   
3.3367E-03   -2.1259E-02   
2.2511E-03   -2.2485E-02   
2.3869E-03   -2.1658E-02   
2.1845E-03   -2.2378E-02   
3.4731E-02   -2.6146E-04   
3.5813E-02   -1.8472E-04   
2.4983E-03   -2.2720E-02   
3.5991E-02   -1.9990E-04   
1.9140E-03   -2.3004E-02   
3.6139E-02   -2.6328E-04   
2.2052E-03   -2.3543E-02   
3.6665E-02   -2.1740E-04   
3.7082E-02   -1.3879E-04   
2.4411E-03   -2.3372E-02   
3.5612E-02   -1.9473E-04   
3.4675E-02   -5.2789E-04   
2.8947E-02   -5.6574E-03   
2.9516E-02   -4.6444E-03   
2.9989E-02   -4.2081E-03   
3.1982E-02   -2.3916E-03   
3.0398E-02   -3.8196E-03   
3.4458E-02   -6.8868E-04   
3.4337E-02   -7.5137E-04   
3.0769E-02   -3.4694E-03   
2.6816E-02   -6.4141E-03   
3.4180E-02   -8.4222E-04   
3.3444E-02   -1.3125E-03   
3.1111E-02   -3.1540E-03   
3.1710E-02   -2.6198E-03   
3.4011E-02   -9.4537E-04   
3.1424E-02   -2.8714E-03   
3.3642E-02   -1.1794E-03   
3.3831E-02   -1.0575E-03   
2.5929E-02   -6.6891E-03   
3.2251E-02   -2.1781E-03   
3.3009E-02   -1.6173E-03   
3.3233E-02   -1.4583E-03   
2.4794E-02   -7.1057E-03   
3.2768E-02   -1.7912E-03   
2.3406E-02   -7.6875E-03   
2.2067E-02   -8.3579E-03   
3.2514E-02   -1.9781E-03   
3.4768E-02   -4.6585E-04   
1.7930E-02   -1.0600E-02   
2.0676E-02   -9.0562E-03   
3.4682E-02   -3.5658E-04   
1.9289E-02   -9.8082E-03   
3.4911E-02   -2.3113E-04   
7.3274E-03   -1.7718E-02   
1.0699E-02   -1.5324E-02   
6.9099E-03   -1.8071E-02   
1.6747E-02   -1.1320E-02   
3.4575E-02   -4.8086E-04   
3.4774E-02   -2.5676E-04   
3.4693E-02   -2.7414E-04   
5.8846E-03   -1.8864E-02   
3.8403E-03   -2.0786E-02   
2.8999E-03   -2.2002E-02   
3.5940E-02   -2.5524E-04   
3.4825E-02   -2.5784E-04   
4.2168E-03   -2.0368E-02   
3.5413E-02   -2.3027E-04   
2.7571E-03   -2.2419E-02   
3.5537E-02   -2.4909E-04   
2.3178E-03   -2.2962E-02   
3.4790E-03   -2.0697E-02   
3.6361E-02   -2.7022E-04   
3.5096E-02   -2.1097E-04   
3.7347E-02   -1.0808E-04   
2.6431E-03   -2.3211E-02   
2.8033E-02   -5.5327E-03   
3.4557E-02   -6.1160E-04   
2.9503E-02   -4.3695E-03   
2.9990E-02   -3.9485E-03   
3.0411E-02   -3.5764E-03   
3.1745E-02   -2.4238E-03   
3.4422E-02   -6.4199E-04   
2.8914E-02   -5.0976E-03   
3.4238E-02   -7.3642E-04   
3.2020E-02   -2.2042E-03   
3.0793E-02   -3.2388E-03   
3.4060E-02   -8.3700E-04   
3.1142E-02   -2.9338E-03   
3.1458E-02   -2.6635E-03   
3.3480E-02   -1.1830E-03   
3.3876E-02   -9.4220E-04   
3.3682E-02   -1.0565E-03   
2.7647E-02   -5.4514E-03   
3.2804E-02   -1.6325E-03   
3.3267E-02   -1.3209E-03   
3.3042E-02   -1.4703E-03   
3.4807E-02   -2.5537E-04   
2.6381E-02   -5.9287E-03   
3.2289E-02   -1.9994E-03   
2.5460E-02   -6.3250E-03   
3.2551E-02   -1.8090E-03   
3.4555E-02   -4.3771E-04   
2.2303E-02   -7.8163E-03   
2.4439E-02   -6.7467E-03   
2.1277E-02   -8.3881E-03   
2.3384E-02   -7.2469E-03   
1.1158E-02   -1.5198E-02   
3.4571E-02   -5.4153E-04   
3.4665E-02   -3.3010E-04   
1.5761E-02   -1.1949E-02   
3.5074E-02   -1.5439E-04   
7.7252E-03   -1.7847E-02   
3.4665E-02   -2.9397E-04   
3.4980E-02   -2.6432E-04   
3.4891E-02   -2.6071E-04   
3.4619E-02   -3.1434E-04   
3.4575E-02   -3.1613E-04   
3.5264E-02   -2.9177E-04   
3.4539E-02   -3.2468E-04   
4.5362E-03   -2.0063E-02   
6.4272E-03   -1.9071E-02   
1.0109E-02   -1.5817E-02   
1.1396E-02   -1.4951E-02   
4.1465E-03   -2.1040E-02   
3.5542E-02   -2.9830E-04   
3.1642E-03   -2.2009E-02   
6.2220E-03   -1.8775E-02   
3.6086E-02   -3.2581E-04   
2.4271E-03   -2.3100E-02   
3.7683E-02   -5.4828E-05   
3.3897E-03   -2.2245E-02   
3.7301E-02   -1.5223E-04   
3.5880E-02   -3.1771E-04   
3.5309E-02   -2.1763E-04   
3.0050E-03   -2.2620E-02   
2.8853E-02   -4.8953E-03   
2.9543E-02   -4.0989E-03   
3.0037E-02   -3.7008E-03   
3.1793E-02   -2.2394E-03   
3.4299E-02   -6.3121E-04   
3.0454E-02   -3.3436E-03   
3.1508E-02   -2.4670E-03   
3.4113E-02   -7.3857E-04   
3.0844E-02   -3.0137E-03   
3.1194E-02   -2.7225E-03   
3.3930E-02   -8.3570E-04   
3.2847E-02   -1.4878E-03   
3.3522E-02   -1.0615E-03   
3.3732E-02   -9.4118E-04   
3.3307E-02   -1.1948E-03   
2.8063E-02   -4.9703E-03   
3.3083E-02   -1.3357E-03   
3.4461E-02   -5.6175E-04   
3.2067E-02   -2.0294E-03   
3.2596E-02   -1.6538E-03   
2.7689E-02   -5.0216E-03   
3.2335E-02   -1.8343E-03   
2.7053E-02   -5.1818E-03   
2.4834E-02   -6.1387E-03   
2.5603E-02   -5.7680E-03   
3.4428E-02   -5.2636E-04   
2.6347E-02   -5.4406E-03   
3.4531E-02   -4.0511E-04   
3.4933E-02   -2.0029E-04   
2.0291E-02   -8.9812E-03   
3.4512E-02   -3.4044E-04   
3.4403E-02   -3.8012E-04   
1.1962E-02   -1.4537E-02   
3.4632E-02   -3.2207E-04   
3.4366E-02   -3.8508E-04   
3.4445E-02   -3.8230E-04   
1.0849E-02   -1.5708E-02   
3.5094E-02   -2.6661E-04   
3.4746E-02   -3.2300E-04   
1.5152E-02   -1.2394E-02   
3.5001E-02   -3.3112E-04   
4.8446E-03   -2.0848E-02   
3.7398E-03   -2.1130E-02   
1.1177E-02   -1.5561E-02   
1.1929E-02   -1.4852E-02   
3.5809E-02   -3.8773E-04   
3.6303E-02   -3.3432E-04   
4.2252E-03   -2.1536E-02   
2.8834E-03   -2.2839E-02   
3.7529E-02   -1.2400E-04   
3.9585E-03   -2.2015E-02   
2.8879E-02   -4.6005E-03   
2.9675E-02   -3.8352E-03   
3.1567E-02   -2.2842E-03   
3.0079E-02   -3.4785E-03   
3.4146E-02   -6.6623E-04   
3.1850E-02   -2.0674E-03   
3.0518E-02   -3.1162E-03   
3.1259E-02   -2.5245E-03   
3.3988E-02   -7.4172E-04   
3.2896E-02   -1.3565E-03   
3.0910E-02   -2.8000E-03   
3.2648E-02   -1.5120E-03   
2.8991E-02   -4.2838E-03   
3.3800E-02   -8.3573E-04   
3.3348E-02   -1.0826E-03   
3.3128E-02   -1.2147E-03   
2.8607E-02   -4.2753E-03   
3.2388E-02   -1.6826E-03   
3.2121E-02   -1.8677E-03   
3.4395E-02   -4.8872E-04   
3.4497E-02   -3.6161E-04   
2.7252E-02   -4.6523E-03   
2.8168E-02   -4.3632E-03   
1.6102E-02   -1.1733E-02   
2.7726E-02   -4.4890E-03   
3.4506E-02   -3.8270E-04   
2.4036E-02   -6.5686E-03   
1.5840E-02   -1.2203E-02   
3.4177E-02   -4.5572E-04   
1.9288E-02   -9.6461E-03   
3.4211E-02   -4.5529E-04   
3.4338E-02   -3.9747E-04   
3.4498E-02   -3.9011E-04   
1.3901E-02   -1.3505E-02   
5.4563E-03   -2.1066E-02   
1.2214E-02   -1.5090E-02   
3.5074E-02   -3.6639E-04   
3.4849E-02   -3.2817E-04   
3.6243E-02   -4.0198E-04   
1.6064E-02   -1.1925E-02   
3.7247E-03   -2.2300E-02   
3.5606E-02   -3.7911E-04   
3.6577E-02   -2.8176E-04   
7.7783E-03   -1.8869E-02   
8.1583E-03   -1.8095E-02   
7.9894E-03   -1.8470E-02   
3.5728E-02   -4.6630E-04   
3.4260E-02   -5.8102E-04   
3.1633E-02   -2.1147E-03   
3.1331E-02   -2.3416E-03   
2.9563E-02   -3.7040E-03   
3.3699E-02   -8.3297E-04   
3.4328E-02   -4.3870E-04   
3.0147E-02   -3.2510E-03   
3.2706E-02   -1.3835E-03   
3.4060E-02   -6.5032E-04   
3.2950E-02   -1.2387E-03   
3.3866E-02   -7.4954E-04   
3.0593E-02   -2.9011E-03   
3.2448E-02   -1.5439E-03   
3.1912E-02   -1.9085E-03   
3.2182E-02   -1.7190E-03   
2.9191E-02   -3.7625E-03   
3.3373E-02   -1.0024E-03   
3.3178E-02   -1.1088E-03   
2.8666E-02   -3.8047E-03   
2.8928E-02   -3.7792E-03   
2.2983E-02   -7.1984E-03   
2.6745E-02   -4.8672E-03   
3.4360E-02   -4.6019E-04   
2.0834E-02   -8.6910E-03   
3.4319E-02   -4.1729E-04   
3.3973E-02   -5.3715E-04   
1.7954E-02   -1.0687E-02   
3.4148E-02   -4.6435E-04   
3.4249E-02   -4.6298E-04   
3.5400E-02   -3.6951E-04   
3.4576E-02   -3.9913E-04   
1.7185E-02   -1.1488E-02   
2.1034E-02   -8.4593E-03   
1.5558E-02   -1.2126E-02   
3.5326E-02   -3.2717E-04   
3.4809E-02   -4.2230E-04   
1.3845E-02   -1.4070E-02   
4.9370E-03   -2.1722E-02   
9.2077E-03   -1.8188E-02   
2.0002E-02   -9.2710E-03   
3.5689E-02   -3.0850E-04   
3.5962E-02   -4.6754E-04   
3.6518E-02   -3.4282E-04   
3.6816E-02   -2.4284E-04   
1.2797E-02   -1.4981E-02   
1.2541E-02   -1.5512E-02   
3.3734E-02   -7.6910E-04   
3.1071E-02   -2.4206E-03   
3.1398E-02   -2.1779E-03   
3.4164E-02   -5.2473E-04   
3.3254E-02   -1.0076E-03   
3.3017E-02   -1.1315E-03   
3.3901E-02   -6.9177E-04   
3.1698E-02   -1.9602E-03   
3.2773E-02   -1.2672E-03   
3.2517E-02   -1.4175E-03   
3.0697E-02   -2.6957E-03   
3.2251E-02   -1.5829E-03   
3.1980E-02   -1.7628E-03   
2.9782E-02   -3.4003E-03   
2.9660E-02   -3.3484E-03   
2.9501E-02   -3.3130E-03   
2.8395E-02   -3.8600E-03   
2.6114E-02   -5.1935E-03   
3.0220E-02   -3.0319E-03   
3.4212E-02   -5.4857E-04   
3.3919E-02   -5.5442E-04   
3.3510E-02   -8.8753E-04   
3.3942E-02   -5.4191E-04   
2.2403E-02   -7.5771E-03   
2.0831E-02   -8.5344E-03   
1.8615E-02   -1.0717E-02   
3.4006E-02   -5.4059E-04   
2.5216E-02   -5.7418E-03   
3.4096E-02   -5.1543E-04   
2.2324E-02   -7.8133E-03   
3.4286E-02   -4.8121E-04   
2.3841E-02   -6.6511E-03   
3.4912E-02   -4.3861E-04   
3.5162E-02   -4.4606E-04   
3.4689E-02   -4.0744E-04   
3.7043E-02   -2.3974E-04   
1.8105E-02   -1.1414E-02   
1.8235E-02   -1.1148E-02   
1.0906E-02   -1.7136E-02   
3.5671E-02   -5.4696E-04   
4.5647E-03   -2.2192E-02   
3.6172E-02   -4.7317E-04   
3.6794E-02   -2.9118E-04   
3.3817E-02   -6.9051E-04   
3.1132E-02   -2.2672E-03   
3.0777E-02   -2.5284E-03   
3.3097E-02   -1.0319E-03   
3.4018E-02   -6.1416E-04   
3.2850E-02   -1.1615E-03   
3.1463E-02   -2.0307E-03   
3.2595E-02   -1.3024E-03   
3.1770E-02   -1.8188E-03   
3.2329E-02   -1.4584E-03   
3.0061E-02   -2.9944E-03   
3.2054E-02   -1.6298E-03   
2.9360E-02   -3.2846E-03   
3.3590E-02   -7.9153E-04   
3.3698E-02   -6.3946E-04   
3.0445E-02   -2.7785E-03   
2.7628E-02   -4.1996E-03   
2.9210E-02   -3.2791E-03   
2.5784E-02   -5.3176E-03   
3.3346E-02   -9.0896E-04   
3.3732E-02   -6.2756E-04   
3.4882E-02   -5.0092E-04   
3.3946E-02   -6.0477E-04   
3.3766E-02   -6.2526E-04   
2.5629E-02   -5.4271E-03   
3.4029E-02   -5.5598E-04   
3.4372E-02   -4.9403E-04   
3.3898E-02   -5.7722E-04   
2.3158E-02   -7.7380E-03   
2.4911E-02   -5.9493E-03   
2.5998E-02   -5.3995E-03   
3.5128E-02   -4.0554E-04   
3.7077E-02   -2.9997E-04   
2.3565E-02   -7.3259E-03   
3.4512E-02   -5.0082E-04   
3.5046E-02   -5.2126E-04   
3.5361E-02   -6.5050E-04   
1.8823E-02   -1.1002E-02   
1.6484E-02   -1.2878E-02   
3.5355E-02   -5.6199E-04   
3.7249E-02   -1.9462E-04   
3.6467E-02   -4.0765E-04   
3.2913E-03   -2.2965E-02   
1.8189E-02   -1.0939E-02   
3.0816E-02   -2.3988E-03   
3.0431E-02   -2.6886E-03   
3.2938E-02   -1.0651E-03   
3.3694E-02   -7.0244E-04   
3.2682E-02   -1.1986E-03   
3.1537E-02   -1.8963E-03   
2.9977E-02   -2.9317E-03   
3.2415E-02   -1.3461E-03   
2.9021E-02   -3.3282E-03   
3.1849E-02   -1.6905E-03   
2.6931E-02   -4.5706E-03   
3.2138E-02   -1.5095E-03   
3.3190E-02   -9.3991E-04   
2.9915E-02   -2.8680E-03   
3.3469E-02   -7.3468E-04   
3.3865E-02   -6.1164E-04   
3.3436E-02   -8.2300E-04   
3.3679E-02   -6.5680E-04   
3.3552E-02   -7.0689E-04   
3.3803E-02   -6.2934E-04   
2.7094E-02   -4.9520E-03   
2.7328E-02   -4.3372E-03   
2.5927E-02   -5.5476E-03   
2.6141E-02   -5.2572E-03   
3.4521E-02   -6.0287E-04   
3.6377E-02   -4.7535E-04   
1.2167E-02   -1.6349E-02   
2.7930E-02   -3.9246E-03   
2.3289E-02   -7.3770E-03   
3.4344E-02   -6.0022E-04   
3.5239E-02   -5.1991E-04   
3.7316E-02   -2.2816E-04   
3.6757E-02   -4.1354E-04   
3.5388E-02   -7.2389E-04   
2.2447E-02   -8.6153E-03   
3.9286E-03   -2.2813E-02   
3.4174E-02   -6.0117E-04   
2.9085E-03   -2.2993E-02   
3.2780E-02   -1.1064E-03   
3.3678E-02   -6.7668E-04   
3.3036E-02   -9.7914E-04   
3.2514E-02   -1.2453E-03   
3.1624E-02   -1.7716E-03   
3.0427E-02   -2.5891E-03   
2.4193E-02   -6.3570E-03   
2.8706E-02   -3.4585E-03   
3.3289E-02   -8.5957E-04   
2.9861E-02   -2.8192E-03   
3.3441E-02   -7.5118E-04   
3.1190E-02   -2.1328E-03   
3.1942E-02   -1.5738E-03   
2.7459E-02   -4.5691E-03   
2.8285E-02   -3.8810E-03   
3.3542E-02   -7.2377E-04   
2.7894E-02   -4.0460E-03   
2.8269E-02   -3.7373E-03   
2.7964E-02   -3.9346E-03   
2.7096E-02   -4.5535E-03   
2.8549E-02   -3.7311E-03   
2.6309E-02   -5.5749E-03   
3.4704E-02   -6.1301E-04   
3.6055E-02   -5.6354E-04   
3.4169E-02   -7.0841E-04   
3.3155E-02   -8.7387E-04   
3.3823E-02   -7.2217E-04   
3.4929E-02   -6.2624E-04   
1.8966E-02   -1.1516E-02   
7.7537E-03   -1.9588E-02   
3.4000E-02   -7.0934E-04   
3.5513E-02   -4.5818E-04   
2.3193E-02   -8.3097E-03   
2.2001E-02   -8.8276E-03   
3.5714E-02   -6.8711E-04   
3.5046E-02   -7.7265E-04   
3.2889E-02   -1.0254E-03   
3.2634E-02   -1.1515E-03   
3.3424E-02   -7.7473E-04   
2.9734E-02   -2.8282E-03   
3.3504E-02   -7.6450E-04   
3.3143E-02   -9.0399E-04   
3.2354E-02   -1.2973E-03   
3.0448E-02   -2.4870E-03   
3.1730E-02   -1.6569E-03   
3.2051E-02   -1.4676E-03   
2.9845E-02   -2.8696E-03   
2.9550E-02   -3.0211E-03   
3.0861E-02   -2.2790E-03   
2.9107E-02   -3.1973E-03   
2.9482E-02   -2.9770E-03   
2.9339E-02   -3.0354E-03   
3.1265E-02   -2.0041E-03   
3.3616E-02   -7.2200E-04   
3.2898E-02   -9.9280E-04   
3.3659E-02   -8.2894E-04   
2.8972E-02   -3.3102E-03   
3.3584E-02   -7.7769E-04   
2.6009E-02   -6.0415E-03   
3.4335E-02   -7.1683E-04   
2.9288E-02   -3.5145E-03   
1.2880E-02   -1.5431E-02   
2.4332E-02   -7.5953E-03   
3.3261E-02   -8.5199E-04   
3.3818E-02   -8.2322E-04   
2.9979E-02   -2.8882E-03   
2.6566E-02   -5.7739E-03   
1.3014E-02   -1.6037E-02   
3.5093E-02   -8.4418E-04   
3.6067E-02   -6.5246E-04   
3.2770E-02   -1.0683E-03   
3.2999E-02   -9.5534E-04   
3.1371E-02   -1.8766E-03   
2.9940E-02   -2.6692E-03   
3.1852E-02   -1.5543E-03   
3.0102E-02   -2.5847E-03   
3.0513E-02   -2.3624E-03   
3.2931E-02   -9.8807E-04   
3.0941E-02   -2.1511E-03   
3.0371E-02   -2.4210E-03   
3.3857E-02   -6.2967E-04   
3.2181E-02   -1.3672E-03   
3.3231E-02   -8.4881E-04   
3.0347E-02   -2.4712E-03   
3.3474E-02   -9.4634E-04   
3.0609E-02   -2.3559E-03   
3.3525E-02   -8.4058E-04   
8.1277E-03   -1.8860E-02   
2.6097E-02   -6.4546E-03   
3.3974E-02   -8.2810E-04   
7.5738E-03   -1.9864E-02   
3.1133E-02   -2.2218E-03   
2.8754E-02   -4.0656E-03   
3.3274E-02   -8.8017E-04   
3.4503E-02   -7.3401E-04   
1.3704E-02   -1.5560E-02   
3.0876E-02   -2.4668E-03   
2.9260E-02   -3.8504E-03   
2.0433E-02   -1.0533E-02   
3.4729E-02   -9.0750E-04   
3.0182E-02   -2.6752E-03   
3.6448E-02   -6.1108E-04   
3.1504E-02   -1.7597E-03   
3.0881E-02   -2.1154E-03   
3.2528E-02   -1.1816E-03   
3.1095E-02   -2.0078E-03   
3.2611E-02   -1.1336E-03   
3.0841E-02   -2.2395E-03   
2.9967E-02   -2.6797E-03   
3.3767E-02   -9.5767E-04   
3.1971E-02   -1.4678E-03   
3.1081E-02   -2.0330E-03   
3.0859E-02   -2.1345E-03   
3.2945E-02   -1.0064E-03   
3.3619E-02   -9.4849E-04   
3.2830E-02   -1.0278E-03   
3.0326E-02   -2.4278E-03   
3.3267E-02   -9.2473E-04   
2.2479E-02   -8.3027E-03   
3.1011E-02   -2.2125E-03   
3.0748E-02   -2.7074E-03   
3.0770E-02   -2.7702E-03   
2.9620E-02   -3.7498E-03   
2.9818E-02   -3.8803E-03   
3.4776E-02   -9.9527E-04   
8.0827E-03   -1.9847E-02   
3.4280E-02   -8.6423E-04   
3.6766E-02   -5.0152E-04   
3.1633E-02   -1.6610E-03   
3.1263E-02   -1.8836E-03   
3.2322E-02   -1.2755E-03   
3.1433E-02   -1.8000E-03   
3.2615E-02   -1.1470E-03   
3.3289E-02   -9.6732E-04   
3.2955E-02   -1.0373E-03   
3.1278E-02   -1.9531E-03   
3.3414E-02   -1.0821E-03   
3.3272E-02   -1.0751E-03   
3.4393E-02   -9.6123E-04   
3.3917E-02   -9.7568E-04   
3.1720E-02   -2.2359E-03   
3.1579E-02   -2.1698E-03   
3.0662E-02   -2.2409E-03   
3.4641E-02   -7.6964E-04   
3.5414E-02   -7.8634E-04   
3.4314E-02   -1.1855E-03   
3.0762E-02   -3.1225E-03   
2.8719E-02   -4.8926E-03   
3.1528E-02   -2.5265E-03   
3.1627E-02   -1.8878E-03   
1.3918E-02   -1.5888E-02   
3.6808E-02   -5.7385E-04   
3.1389E-02   -1.7885E-03   
3.2637E-02   -1.1193E-03   
3.0962E-02   -2.0413E-03   
3.2047E-02   -1.4204E-03   
3.3012E-02   -1.2409E-03   
3.2270E-02   -1.3087E-03   
3.1744E-02   -1.5847E-03   
3.2622E-02   -1.1728E-03   
3.1600E-02   -1.7416E-03   
3.2946E-02   -1.1324E-03   
3.1779E-02   -1.6904E-03   
3.2938E-02   -1.1928E-03   
3.4706E-02   -8.2932E-04   
3.3565E-02   -1.0917E-03   
3.4081E-02   -1.0029E-03   
3.5646E-02   -7.9441E-04   
3.1646E-02   -2.0125E-03   
3.4421E-02   -8.8350E-04   
3.1758E-02   -1.8830E-03   
3.4058E-02   -1.1012E-03   
3.1314E-02   -1.8467E-03   
3.2003E-02   -1.6408E-03   
3.1993E-02   -2.1813E-03   
3.3992E-02   -1.2119E-03   
3.4708E-02   -1.1028E-03   
3.1465E-02   -2.3060E-03   
3.1956E-02   -2.3837E-03   
3.0861E-02   -3.4085E-03   
8.4529E-03   -2.0019E-02   
3.1481E-02   -1.7315E-03   
3.2022E-02   -1.5259E-03   
3.1900E-02   -1.5027E-03   
3.2305E-02   -1.3111E-03   
3.2086E-02   -1.7693E-03   
3.1844E-02   -1.5813E-03   
3.2633E-02   -1.3606E-03   
3.3264E-02   -1.1973E-03   
3.2150E-02   -2.5717E-03   
3.3709E-02   -1.2456E-03   
3.0963E-02   -2.0464E-03   
3.2129E-02   -1.6623E-03   
3.3699E-02   -1.1144E-03   
3.2653E-02   -1.1962E-03   
3.2593E-02   -1.3094E-03   
3.2306E-02   -1.9549E-03   
5.8977E-03   -2.1958E-02   
3.2269E-02   -2.1455E-03   
3.3892E-02   -1.3234E-03   
3.4998E-02   -1.0019E-03   
3.2969E-02   -1.0741E-03   
3.0648E-02   -2.2277E-03   
3.1674E-02   -1.6516E-03   
3.2194E-02   -1.4875E-03   
3.1987E-02   -1.4819E-03   
3.3343E-02   -1.2343E-03   
3.2405E-02   -1.3442E-03   
3.2339E-02   -1.5145E-03   
3.2047E-02   -1.4370E-03   
3.3562E-02   -1.4814E-03   
3.1747E-02   -1.5998E-03   
3.5316E-02   -9.4354E-04   
3.3599E-02   -1.3707E-03   
3.2089E-02   -1.9604E-03   
3.2352E-02   -1.4609E-03   
3.2587E-02   -2.2859E-03   
4.2953E-03   -2.2975E-02   
3.2712E-02   -1.2092E-03   
3.2461E-02   -1.7371E-03   
3.2991E-02   -1.3422E-03   
3.3056E-02   -1.4144E-03   
3.2604E-02   -1.7587E-03   
3.3592E-02   -1.5789E-03   
3.2378E-02   -1.6180E-03   
3.2550E-02   -2.1736E-03   
3.2638E-02   -2.3593E-03   
3.2876E-02   -1.5761E-03   
3.2400E-02   -1.6832E-03   
3.2993E-02   -2.2777E-03   
3.2763E-02   -1.7918E-03   
3.3807E-02   -1.1428E-03   
3.4046E-02   -1.4669E-03   
3.3180E-02   -1.6734E-03   
3.2685E-02   -1.5166E-03   
3.3309E-02   -1.4041E-03   
3.2499E-02   -1.9662E-03   
3.3174E-02   -1.7834E-03   
3.4479E-02   -1.2534E-03   
3.3470E-02   -2.0477E-03   
3.2869E-02   -1.8374E-03   
3.2696E-02   -1.5845E-03   
3.3069E-02   -1.9366E-03   
3.3384E-02   -1.9023E-03   
3.3890E-02   -1.7099E-03   
3.4141E-02   -1.5358E-03   
3.3664E-02   -1.8882E-03   
4.1195E-04   -2.3944E-02   
3.2945E-02   -2.0803E-03   
3.2153E-02   -2.6659E-03   
3.7565E-02   -2.2423E-04   
8.9860E-04   -2.3064E-02   
3.8451E-02   -2.8898E-05   
3.7173E-02   -5.3685E-04   
7.5148E-04   -2.4016E-02   
3.6531E-03   -2.3148E-02   
3.3549E-02   -2.1226E-03   
3.7784E-02   -1.1081E-04   
1.1450E-03   -2.3986E-02   
5.4068E-03   -2.1865E-02   
1.6200E-03   -2.3946E-02   
2.1021E-03   -2.3904E-02   
2.5789E-03   -2.3844E-02   
3.0706E-03   -2.3757E-02   
3.8754E-02   -2.5938E-05   
3.5749E-03   -2.3615E-02   
4.1175E-03   -2.3344E-02   
3.7036E-02   -4.2110E-04   
4.8813E-03   -2.2823E-02   
3.9068E-02   -2.3925E-05   
6.5611E-03   -2.1471E-02   
1.1734E-02   -1.7453E-02   
3.4449E-02   -1.3751E-03   
1.9941E-02   -1.1517E-02   
3.9402E-02   -2.1221E-05   
3.5911E-02   -5.3202E-04   
2.4421E-02   -8.5316E-03   
2.6684E-02   -5.8568E-03   
2.6860E-03   -2.3483E-02   
3.7142E-02   -3.5681E-04   
2.9612E-02   -5.2844E-03   
3.2264E-02   -3.6428E-03   
3.9749E-02   -1.7526E-05   
3.3661E-02   -2.9118E-03   
2.0964E-02   -1.0646E-02   
3.4360E-02   -2.6947E-03   
3.4869E-02   -2.6155E-03   
4.0112E-02   -1.3766E-05   
3.5465E-02   -2.4323E-03   
3.6123E-02   -2.2952E-03   
1.1922E-03   -2.3717E-02   
3.6732E-02   -2.1556E-03   
4.0534E-02   -1.0651E-05   
3.7925E-02   -6.7304E-05   
2.6215E-02   -6.8079E-03   
3.7381E-02   -1.9856E-03   
3.7993E-02   -1.8460E-03   
3.6509E-02   -6.7312E-04   
4.1008E-02   -4.1617E-06   
3.5671E-02   -8.7930E-04   
3.4960E-02   -1.0875E-03   
3.9165E-02   -1.5005E-03   
4.1457E-02   -2.1707E-04   
4.1554E-02   -2.3822E-04   
4.1549E-02   -2.7935E-05   
4.1603E-02   -5.2069E-06   
4.1492E-02   -1.1054E-04   
6.8956E-03   -2.1378E-02   
4.0397E-02   -9.6580E-04   
1.3852E-03   -2.3829E-02   
3.5907E-02   -8.9249E-04   
3.5378E-02   -1.0316E-03   
2.4255E-03   -2.3633E-02   
3.4720E-02   -1.3564E-03   
3.1160E-03   -2.3424E-02   
3.7823E-02   -1.8287E-04   
3.4110E-02   -1.7192E-03   
3.7477E-02   -4.3448E-04   
3.4838E-03   -2.3410E-02   
2.6697E-02   -6.4929E-03   
2.3893E-03   -2.3755E-02   
3.0728E-02   -3.6806E-03   
3.3980E-03   -2.3571E-02   
3.6362E-02   -7.7454E-04   
3.6558E-02   -2.0436E-03   
3.3564E-02   -2.7970E-03   
4.9361E-03   -2.2799E-02   
2.0183E-02   -1.1406E-02   
1.2335E-02   -1.7255E-02   
1.3978E-02   -1.6049E-02   
3.9216E-02   -4.6453E-05   
3.4077E-02   -1.9902E-03   
3.8051E-02   -9.7441E-05   
3.7238E-02   -5.9850E-04   
3.8608E-02   -5.1642E-05   
4.0476E-02   -2.4601E-05   
3.3124E-02   -2.3447E-03   
3.4604E-02   -2.4958E-03   
3.7351E-02   -2.5890E-04   
3.7386E-02   -3.7101E-04   
3.4429E-02   -1.4489E-03   
3.0831E-02   -3.4937E-03   
4.1296E-02   -9.9612E-07   
3.8607E-02   -1.6726E-03   
2.4402E-02   -8.4054E-03   
3.7523E-02   -1.8002E-03   
4.1591E-02   -1.3795E-04   
4.1695E-02   -1.7410E-06   
4.1666E-02   -1.3869E-05   
4.1621E-02   -6.4140E-05   
3.5555E-02   -2.2453E-03   
3.0869E-02   -4.1355E-03   
3.9902E-02   -3.2186E-05   
3.9717E-02   -1.0741E-03   
4.1058E-02   -1.3023E-05   
4.0424E-02   -8.2215E-04   
4.0870E-02   -2.6920E-04   
4.1111E-02   -2.0185E-05   
4.1017E-02   -7.2651E-05   
4.0735E-02   -5.0530E-04   
3.6214E-02   -8.9993E-04   
3.3509E-02   -2.6606E-03   
3.7946E-02   -1.3747E-04   
3.8266E-02   -1.1192E-04   
3.9017E-02   -7.7367E-05   
1.5409E-03   -2.3701E-02   
3.2852E-02   -2.5536E-03   
3.5196E-02   -1.2010E-03   
1.8813E-02   -1.2409E-02   
3.7845E-02   -2.3021E-04   
3.9697E-02   -5.7135E-05   
3.8407E-02   -1.5914E-03   
4.9753E-03   -2.2718E-02   
3.2769E-02   -2.9544E-03   
2.4553E-02   -8.2681E-03   
3.4513E-02   -2.4110E-03   
3.1476E-02   -3.3771E-03   
3.6142E-02   -2.0375E-03   
3.4577E-02   -1.6097E-03   
2.8975E-02   -5.1912E-03   
3.7055E-02   -7.1236E-04   
3.7545E-02   -5.0022E-04   
3.5089E-02   -2.2745E-03   
3.4548E-02   -1.7591E-03   
4.0092E-02   -4.4440E-05   
3.4164E-02   -2.1054E-03   
3.9355E-02   -6.7247E-05   
2.9126E-02   -4.9591E-03   
3.7694E-02   -2.9846E-04   
3.4005E-02   -2.5432E-03   
3.4971E-02   -1.3883E-03   
3.8630E-02   -8.6110E-05   
3.7763E-02   -3.4474E-04   
4.0284E-02   -4.2303E-04   
4.0639E-02   -4.6604E-05   
4.0516E-02   -1.3491E-04   
4.0725E-02   -2.2968E-05   
3.6618E-02   -7.8436E-04   
3.8960E-02   -1.3151E-03   
3.9881E-02   -8.4847E-04   
4.1004E-02   -5.3316E-05   
4.0785E-02   -4.0629E-04   
4.0866E-02   -1.4902E-04   
4.0796E-02   -1.9667E-04   
3.3891E-02   -2.4353E-03   
2.7930E-02   -5.8790E-03   
3.9811E-02   -7.4702E-05   
3.7969E-02   -1.6463E-03   
3.2379E-02   -2.9959E-03   
3.4594E-02   -1.8816E-03   
3.3769E-02   -2.3337E-03   
3.7938E-02   -4.5920E-04   
3.8473E-02   -1.2953E-04   
3.5727E-02   -2.0520E-03   
3.9170E-02   -9.7094E-05   
4.0440E-02   -2.0838E-04   
4.0656E-02   -7.8769E-05   
3.8132E-02   -3.1129E-04   
3.6064E-02   -1.0387E-03   
3.8181E-02   -2.1091E-04   
3.5538E-02   -1.2004E-03   
4.0294E-02   -3.0532E-04   
3.9182E-02   -1.0446E-03   
3.7381E-02   -7.0239E-04   
3.6737E-02   -1.8326E-03   
3.5002E-02   -1.5585E-03   
3.3294E-02   -2.4629E-03   
3.4906E-02   -2.1909E-03   
3.7082E-02   -7.9600E-04   
4.0440E-02   -4.1690E-05   
3.8874E-02   -1.2278E-03   
4.0006E-02   -6.1976E-04   
3.5882E-02   -1.8489E-03   
3.5501E-02   -1.4786E-03   
3.6955E-02   -9.1192E-04   
3.7778E-02   -6.4401E-04   
3.5299E-02   -1.9755E-03   
3.4281E-02   -2.2120E-03   
3.9921E-02   -9.1121E-05   
3.8591E-02   -1.2249E-03   
3.9178E-02   -1.3245E-04   
3.9583E-02   -1.1061E-04   
3.4790E-02   -2.0937E-03   
3.8404E-02   -2.3144E-04   
3.8473E-02   -1.7031E-04   
3.8232E-02   -3.6228E-04   
3.4983E-02   -1.4792E-03   
3.5067E-02   -1.7885E-03   
3.8050E-02   -5.1687E-04   
3.6911E-02   -1.6507E-03   
3.6408E-02   -1.0420E-03   
3.5908E-02   -1.1870E-03   
3.5389E-02   -1.6260E-03   
3.7383E-02   -8.5025E-04   
3.7685E-02   -7.4761E-04   
3.7156E-02   -1.8130E-03   
3.8339E-02   -4.1242E-04   
3.5175E-02   -1.8829E-03   
4.0257E-02   -7.0504E-05   
3.8775E-02   -1.7585E-04   
3.8501E-02   -2.8244E-04   
3.7966E-02   -1.4128E-03   
3.9029E-02   -1.8807E-04   
3.5819E-02   -1.3082E-03   
3.6663E-02   -1.0605E-03   
3.7732E-02   -8.2634E-04   
3.5526E-02   -1.6886E-03   
3.8895E-02   -2.4839E-04   
3.8897E-02   -1.0223E-03   
3.8192E-02   -5.5425E-04   
3.8736E-02   -3.6399E-04   
3.7716E-02   -1.6229E-03   
3.9732E-02   -1.2809E-04   
3.6065E-02   -1.3319E-03   
3.6585E-02   -1.1766E-03   
4.0392E-02   -8.3875E-05   
3.8542E-02   -5.0966E-04   
3.9935E-02   -1.4104E-04   
3.6022E-02   -1.5698E-03   
3.8938E-02   -2.9375E-04   
3.9515E-02   -1.7701E-04   
3.8851E-02   -4.0347E-04   
3.6982E-02   -1.1556E-03   
3.9210E-02   -2.0014E-04   
3.7509E-02   -9.9186E-04   
3.8287E-02   -7.1701E-04   
3.9211E-02   -2.9980E-04   
3.8427E-02   -7.9373E-04   
3.6150E-02   -1.6485E-03   
3.7877E-02   -9.7888E-04   
3.6415E-02   -1.3532E-03   
3.7348E-02   -1.1476E-03   
3.9587E-02   -2.0945E-04   
4.0318E-02   -1.2605E-04   
3.8720E-02   -8.0245E-04   
3.8271E-02   -9.5106E-04   
3.9675E-02   -2.4320E-04   
3.6534E-02   -1.4639E-03   
3.7107E-02   -1.3344E-03   
3.9452E-02   -3.0898E-04   
3.9191E-02   -7.1371E-04   
3.8187E-02   -1.0944E-03   
4.0081E-02   -1.9081E-04   
3.9410E-02   -3.6523E-04   
3.9126E-02   -8.4501E-04   
4.0246E-02   -2.0776E-04   
3.8638E-02   -1.0108E-03   
3.8970E-02   -4.4493E-04   
3.8656E-02   -5.6581E-04   
3.8824E-02   -6.1572E-04   
3.9348E-02   -5.0617E-04   
