51 
1844 
1.2431E-02   -3.9112E-03   
1.3774E-02   -2.7366E-03   
1.4825E-02   -1.7523E-03   
1.5540E-02   -8.7430E-04   
8.9236E-37   -1.1975E-03   
1.5790E-02   1.2551E-37   
1.5945E-02   -1.6565E-34   
1.6096E-02   -4.1680E-35   
1.6468E-02   2.1096E-35   
1.6834E-02   5.1323E-35   
1.7320E-02   1.3384E-34   
1.7933E-02   2.0170E-34   
1.8415E-02   2.5148E-34   
1.9249E-02   3.8859E-34   
1.9880E-02   4.6759E-34   
2.0571E-02   4.0215E-34   
2.0939E-02   6.2026E-34   
2.1718E-02   8.9742E-34   
2.2556E-02   1.2613E-33   
2.3000E-02   -2.2081E-30   
2.3000E-02   -1.3794E-34   
2.3000E-02   -1.3794E-34   
2.3000E-02   -1.3794E-34   
2.3000E-02   -1.3794E-34   
2.3000E-02   -1.3794E-34   
2.3000E-02   -1.3794E-34   
2.3000E-02   -1.3794E-34   
2.3000E-02   -1.3794E-34   
2.3000E-02   -1.3794E-34   
2.3000E-02   -1.3794E-34   
2.3000E-02   -1.3794E-34   
2.3000E-02   -1.3794E-34   
2.1739E-02   -8.0425E-04   
2.0394E-02   -1.4932E-03   
1.9770E-02   -1.7376E-03   
1.9152E-02   -1.9416E-03   
1.7922E-02   -2.2797E-03   
1.7306E-02   -2.4302E-03   
1.6067E-02   -2.7237E-03   
1.5443E-02   -2.8755E-03   
1.4037E-02   -3.3283E-03   
1.1169E-02   -4.8921E-03   
8.9325E-03   -6.1630E-03   
4.8799E-03   -8.8146E-03   
3.8201E-03   -9.6206E-03   
3.3471E-03   -9.8970E-03   
2.4580E-03   -1.0290E-02   
1.6075E-03   -1.0528E-02   
7.8957E-04   -1.0657E-02   
-3.0954E-37   -1.0694E-02   
1.3490E-33   -1.0427E-02   
1.4515E-33   -1.0163E-02   
1.3904E-33   -9.8041E-03   
1.3225E-33   -9.5999E-03   
1.1604E-33   -9.2795E-03   
1.0526E-33   -9.1091E-03   
9.5968E-34   -8.9707E-03   
8.5362E-34   -8.8994E-03   
6.9813E-34   -8.4655E-03   
1.0780E-02   -3.8125E-03   
2.2444E-02   -2.0640E-05   
2.1868E-02   -5.6584E-05   
2.1044E-02   -1.1819E-04   
2.0372E-02   -1.7686E-04   
1.9716E-02   -2.5332E-04   
1.8998E-02   -3.0609E-04   
1.8422E-02   -3.3423E-04   
1.7692E-02   -4.0660E-04   
1.6982E-02   -4.6242E-04   
1.6279E-02   -5.1942E-04   
1.5593E-02   -5.7892E-04   
1.4887E-02   -6.6454E-04   
1.4157E-02   -8.3944E-04   
1.3158E-02   -1.2866E-03   
1.2110E-02   -2.1592E-03   
1.3873E-02   -1.8615E-03   
1.4352E-02   -8.4368E-04   
1.4937E-02   -4.7824E-04   
1.5519E-02   -3.5691E-04   
1.6098E-02   -3.1836E-04   
1.6660E-02   -3.0284E-04   
1.7328E-02   -2.6215E-04   
1.7950E-02   -2.3191E-04   
1.8536E-02   -1.9920E-04   
1.9133E-02   -1.9237E-04   
1.9807E-02   -1.4277E-04   
2.0457E-02   -1.0397E-04   
2.1094E-02   -7.5912E-05   
2.1780E-02   -3.5685E-05   
2.2382E-02   -1.0489E-05   
1.5457E-02   -4.4378E-04   
1.5715E-02   -1.8789E-04   
1.6018E-02   -1.3788E-04   
1.6478E-02   -1.2086E-04   
1.6935E-02   -1.1472E-04   
1.7512E-02   -1.1464E-04   
1.8039E-02   -1.1311E-04   
1.8572E-02   -1.0632E-04   
1.9273E-02   -8.0540E-05   
1.9864E-02   -6.1187E-05   
2.0538E-02   -4.8129E-05   
2.1208E-02   -3.0108E-05   
2.1870E-02   -1.5440E-05   
2.2486E-02   -2.5256E-06   
2.2334E-02   -4.0672E-05   
2.1699E-02   -1.0368E-04   
2.0925E-02   -1.9897E-04   
2.0230E-02   -2.6301E-04   
1.9610E-02   -3.5877E-04   
1.8854E-02   -4.4316E-04   
1.8111E-02   -5.2659E-04   
1.7413E-02   -6.0022E-04   
1.6680E-02   -6.9479E-04   
1.5998E-02   -7.8509E-04   
1.5118E-02   -9.2746E-04   
1.4176E-02   -1.1245E-03   
1.3262E-02   -1.3752E-03   
1.2225E-02   -1.7823E-03   
1.0464E-02   -2.8256E-03   
4.4499E-03   -6.6672E-03   
2.2279E-02   -7.2449E-05   
2.1732E-02   -1.4778E-04   
2.0795E-02   -2.9364E-04   
2.0184E-02   -3.9136E-04   
1.9462E-02   -4.9389E-04   
1.8589E-02   -6.3502E-04   
1.7839E-02   -7.2319E-04   
1.7108E-02   -8.2476E-04   
1.6232E-02   -9.7915E-04   
1.5402E-02   -1.1562E-03   
1.4525E-02   -1.3570E-03   
1.3635E-02   -1.5445E-03   
1.2587E-02   -1.8950E-03   
1.1182E-02   -2.5014E-03   
6.8271E-03   -5.1589E-03   
1.2890E-03   -8.5932E-03   
2.2474E-02   -6.9988E-05   
2.1460E-02   -2.5132E-04   
2.0888E-02   -3.5268E-04   
2.0185E-02   -4.9672E-04   
1.9146E-02   -6.8632E-04   
1.8406E-02   -8.2172E-04   
1.7652E-02   -9.4224E-04   
1.6746E-02   -1.1170E-03   
1.5913E-02   -1.3028E-03   
1.5036E-02   -1.4832E-03   
1.4196E-02   -1.6897E-03   
1.3156E-02   -1.9632E-03   
1.1689E-02   -2.6196E-03   
8.7606E-03   -4.3019E-03   
3.4760E-03   -7.7394E-03   
1.0408E-03   -8.9751E-03   
2.2136E-02   -1.6837E-04   
2.1527E-02   -3.1397E-04   
2.0791E-02   -4.9588E-04   
2.0048E-02   -6.7630E-04   
1.8986E-02   -8.9526E-04   
1.8145E-02   -1.0398E-03   
1.7267E-02   -1.2432E-03   
1.6424E-02   -1.4429E-03   
1.5462E-02   -1.6293E-03   
1.4678E-02   -1.8094E-03   
1.3814E-02   -2.0996E-03   
1.2593E-02   -2.5467E-03   
9.8841E-03   -4.0894E-03   
5.3024E-03   -7.1002E-03   
2.0044E-03   -9.0247E-03   
1.0279E-03   -9.2031E-03   
2.2300E-02   -2.0296E-04   
2.1455E-02   -4.6437E-04   
2.0770E-02   -6.3697E-04   
1.9687E-02   -9.2636E-04   
1.8730E-02   -1.1772E-03   
1.7898E-02   -1.3307E-03   
1.6851E-02   -1.5609E-03   
1.6061E-02   -1.7481E-03   
1.5067E-02   -1.9684E-03   
1.4181E-02   -2.2279E-03   
1.3146E-02   -2.5887E-03   
1.1560E-02   -3.4235E-03   
7.7685E-03   -5.9168E-03   
3.5006E-03   -8.7261E-03   
1.9997E-03   -9.3213E-03   
9.4431E-04   -9.4770E-03   
2.2170E-02   -2.9512E-04   
2.1229E-02   -6.2429E-04   
2.0574E-02   -8.2131E-04   
1.9292E-02   -1.2160E-03   
1.8522E-02   -1.4089E-03   
1.7638E-02   -1.6330E-03   
1.6688E-02   -1.8181E-03   
1.5707E-02   -2.0557E-03   
1.4607E-02   -2.3635E-03   
1.3696E-02   -2.6589E-03   
1.2388E-02   -3.3141E-03   
9.6540E-03   -5.0478E-03   
4.9244E-03   -8.3728E-03   
3.1210E-03   -9.3121E-03   
1.9863E-03   -9.6177E-03   
9.8672E-04   -9.7569E-03   
2.2206E-02   -3.9151E-04   
2.1385E-02   -7.5529E-04   
2.0299E-02   -1.1230E-03   
1.9343E-02   -1.4590E-03   
1.8329E-02   -1.6470E-03   
1.7331E-02   -1.8767E-03   
1.6363E-02   -2.1205E-03   
1.5381E-02   -2.3752E-03   
1.4378E-02   -2.6528E-03   
1.3050E-02   -3.1784E-03   
1.0525E-02   -4.8105E-03   
6.5201E-03   -7.6215E-03   
4.0220E-03   -9.1971E-03   
2.9213E-03   -9.6601E-03   
1.8895E-03   -9.9292E-03   
1.0495E-03   -1.0035E-02   
2.1869E-02   -6.8474E-04   
2.0898E-02   -1.1757E-03   
2.0116E-02   -1.4165E-03   
1.8846E-02   -1.7970E-03   
1.8061E-02   -1.9886E-03   
1.6951E-02   -2.2522E-03   
1.5965E-02   -2.5089E-03   
1.5089E-02   -2.6940E-03   
1.3944E-02   -3.0438E-03   
1.1765E-02   -4.1797E-03   
8.8590E-03   -6.0622E-03   
5.0422E-03   -8.8263E-03   
3.7059E-03   -9.6194E-03   
2.7307E-03   -9.9794E-03   
1.8130E-03   -1.0218E-02   
8.0662E-04   -1.0412E-02   
2.9234E-03   -1.3519E-03   
5.5727E-03   -1.6577E-03   
7.9338E-03   -2.0345E-03   
9.5535E-03   -2.5509E-03   
1.0637E-02   -3.0741E-03   
1.1541E-02   -3.6455E-03   
1.2050E-02   -3.8347E-03   
1.2678E-02   -3.8370E-03   
1.2854E-02   -3.6793E-03   
1.3014E-02   -3.5067E-03   
1.3170E-02   -3.3389E-03   
1.3324E-02   -3.1785E-03   
1.3476E-02   -3.0250E-03   
1.3626E-02   -2.8779E-03   
1.3919E-02   -2.6006E-03   
1.4060E-02   -2.4693E-03   
1.4198E-02   -2.3423E-03   
1.4332E-02   -2.2192E-03   
1.4463E-02   -2.0991E-03   
1.4588E-02   -1.9814E-03   
1.4709E-02   -1.8659E-03   
1.4936E-02   -1.6402E-03   
1.5041E-02   -1.5292E-03   
1.5141E-02   -1.4190E-03   
1.5234E-02   -1.3095E-03   
1.5321E-02   -1.2003E-03   
1.5401E-02   -1.0915E-03   
1.5474E-02   -9.8281E-04   
1.5599E-02   -7.6593E-04   
1.5650E-02   -6.5778E-04   
1.5694E-02   -5.5004E-04   
1.5727E-02   -4.3980E-04   
1.5761E-02   -3.3481E-04   
1.5776E-02   -2.2652E-04   
1.5794E-02   -1.0920E-04   
1.5845E-02   -6.1627E-34   
1.5874E-02   -5.9648E-34   
1.5896E-02   -4.6008E-34   
1.5914E-02   -2.5715E-34   
1.5929E-02   -2.0597E-34   
1.5964E-02   -1.3194E-34   
1.5987E-02   -1.0357E-34   
1.6016E-02   -7.9625E-35   
1.6052E-02   -5.9242E-35   
1.6149E-02   -2.6424E-35   
1.6212E-02   -1.3092E-35   
1.6286E-02   -1.2291E-36   
1.6371E-02   9.9798E-36   
1.6578E-02   3.1268E-35   
1.6699E-02   4.1358E-35   
1.6983E-02   6.2239E-35   
1.7145E-02   7.3345E-35   
1.7510E-02   1.4409E-34   
1.7715E-02   1.1251E-34   
1.8166E-02   2.2038E-34   
1.8678E-02   2.9154E-34   
1.8956E-02   3.3024E-34   
1.9557E-02   3.9782E-34   
2.0219E-02   5.2627E-34   
2.1321E-02   7.6350E-34   
2.2129E-02   7.7470E-34   
2.3000E-02   -1.3794E-34   
2.3000E-02   -1.3794E-34   
2.3000E-02   -1.3794E-34   
2.3000E-02   -1.3794E-34   
2.3000E-02   -1.3794E-34   
2.1042E-02   -1.1928E-03   
1.8537E-02   -2.1190E-03   
1.6688E-02   -2.5764E-03   
1.4819E-02   -3.0443E-03   
1.2879E-02   -3.8949E-03   
6.5100E-03   -7.6975E-03   
4.3246E-03   -9.2842E-03   
2.8965E-03   -1.0117E-02   
2.0284E-03   -1.0423E-02   
1.1942E-03   -1.0604E-02   
3.9311E-04   -1.0689E-02   
9.8627E-34   -1.0562E-02   
1.4211E-33   -1.0293E-02   
1.4161E-33   -1.0037E-02   
2.0746E-33   -9.9172E-03   
2.1101E-33   -9.6982E-03   
1.2920E-33   -9.5090E-03   
1.2559E-33   -9.4255E-03   
1.2061E-33   -9.3491E-03   
1.1220E-33   -9.2164E-03   
1.0858E-33   -9.1597E-03   
1.0246E-33   -9.0649E-03   
9.9882E-34   -9.0270E-03   
9.7728E-34   -8.9956E-03   
9.4737E-34   -8.9522E-03   
9.2907E-34   -8.9389E-03   
9.0498E-34   -8.9278E-03   
8.7971E-34   -8.9156E-03   
8.3087E-34   -8.8768E-03   
8.0414E-34   -8.8431E-03   
7.7971E-34   -8.7954E-03   
7.5423E-34   -8.7271E-03   
7.2419E-34   -8.6233E-03   
6.7077E-34   -8.2299E-03   
6.4367E-34   -7.8891E-03   
6.1549E-34   -7.4172E-03   
5.8985E-34   -6.7994E-03   
5.6677E-34   -6.0244E-03   
8.2738E-34   -5.0531E-03   
7.6038E-34   -3.9374E-03   
5.5901E-34   -2.6067E-03   
1.2921E-02   -3.3593E-03   
1.4012E-02   -2.3090E-03   
1.4431E-02   -1.9356E-03   
1.3244E-02   -3.0266E-03   
1.5424E-02   -9.4968E-04   
1.2413E-02   -3.8968E-03   
8.8334E-03   -2.9781E-03   
1.5149E-02   -1.2629E-03   
1.5686E-02   -5.4518E-04   
1.4815E-02   -1.5898E-03   
1.3560E-02   -2.7220E-03   
1.5571E-02   -7.4618E-04   
1.3714E-02   -2.5791E-03   
1.2167E-02   -3.9924E-03   
1.4693E-02   -1.7027E-03   
1.5247E-02   -1.1572E-03   
1.5820E-02   -1.5527E-04   
3.8712E-03   -2.5924E-03   
1.1786E-02   -3.9417E-03   
1.4155E-02   -2.1810E-03   
1.4293E-02   -2.0564E-03   
1.5501E-02   -8.4751E-04   
1.0264E-02   -3.3020E-03   
1.5732E-02   -4.4337E-04   
6.6000E-03   -2.8223E-03   
1.1276E-02   -3.7823E-03   
1.5339E-02   -1.0529E-03   
1.5632E-02   -6.4547E-04   
1.2593E-02   -3.7227E-03   
1.5043E-02   -1.3701E-03   
1.4932E-02   -1.4790E-03   
1.3403E-02   -2.8711E-03   
1.2757E-02   -3.5377E-03   
1.3083E-02   -3.1893E-03   
1.3865E-02   -2.4417E-03   
1.4565E-02   -1.8179E-03   
2.1875E-03   -5.5064E-03   
1.8966E-03   -6.3485E-03   
1.6222E-03   -7.0492E-03   
1.3496E-03   -7.6003E-03   
1.0942E-03   -8.0100E-03   
8.7691E-04   -8.3027E-03   
7.0263E-04   -8.5054E-03   
5.6927E-04   -8.6424E-03   
4.7198E-04   -8.7336E-03   
1.5879E-02   -8.1489E-05   
4.0515E-04   -8.7941E-03   
1.5897E-02   -6.7446E-05   
3.4926E-04   -8.8347E-03   
1.5913E-02   -5.6883E-05   
2.9887E-04   -8.8635E-03   
1.5928E-02   -4.8187E-05   
2.5677E-04   -8.8851E-03   
1.5944E-02   -4.1320E-05   
2.2349E-04   -8.9023E-03   
1.5965E-02   -3.5947E-05   
2.0038E-04   -8.9172E-03   
1.5991E-02   -3.1881E-05   
1.8863E-04   -8.9329E-03   
1.6023E-02   -2.8950E-05   
1.8868E-04   -8.9516E-03   
1.6063E-02   -2.6972E-05   
1.9418E-04   -8.9753E-03   
1.6112E-02   -2.5774E-05   
2.0156E-04   -9.0047E-03   
1.6170E-02   -2.5260E-05   
2.0967E-04   -9.0401E-03   
1.6239E-02   -2.5330E-05   
2.1881E-04   -9.0816E-03   
1.6319E-02   -2.5851E-05   
2.2897E-04   -9.1294E-03   
1.6411E-02   -2.6672E-05   
2.3943E-04   -9.1833E-03   
1.6514E-02   -2.7504E-05   
2.4998E-04   -9.2432E-03   
1.6629E-02   -2.8799E-05   
2.6064E-04   -9.3094E-03   
1.6757E-02   -3.0315E-05   
2.7112E-04   -9.3816E-03   
1.6896E-02   -3.2270E-05   
2.8463E-04   -9.4599E-03   
1.7050E-02   -3.3953E-05   
3.0034E-04   -9.5455E-03   
1.7218E-02   -3.5012E-05   
3.0939E-04   -9.6391E-03   
1.7401E-02   -3.6001E-05   
3.1833E-04   -9.7395E-03   
1.7600E-02   -3.6844E-05   
3.4157E-04   -9.8481E-03   
1.7816E-02   -3.6867E-05   
3.5453E-04   -9.9672E-03   
1.8042E-02   -3.5388E-05   
3.5550E-04   -1.0093E-02   
1.8277E-02   -3.6201E-05   
3.6645E-04   -1.0223E-02   
1.8532E-02   -3.5709E-05   
3.8362E-04   -1.0361E-02   
1.3343E-02   -2.7172E-03   
1.4816E-02   -1.4369E-03   
1.5268E-02   -1.0182E-03   
1.2670E-02   -3.3899E-03   
1.5812E-02   -2.3223E-04   
7.5473E-03   -3.6881E-03   
1.4115E-02   -2.0237E-03   
1.5722E-02   -4.4593E-04   
1.0886E-02   -3.9669E-03   
1.2149E-02   -3.9635E-03   
1.1903E-02   -4.0778E-03   
1.4552E-02   -1.6621E-03   
1.3667E-02   -2.4234E-03   
1.5532E-02   -7.2662E-04   
1.5603E-02   -6.3247E-04   
1.3823E-02   -2.2854E-03   
1.4409E-02   -1.7782E-03   
1.5364E-02   -9.1929E-04   
1.5165E-02   -1.1193E-03   
1.2840E-02   -3.2100E-03   
1.2329E-02   -3.7742E-03   
4.9858E-03   -3.7869E-03   
1.3010E-02   -3.0382E-03   
1.3970E-02   -2.1540E-03   
1.4262E-02   -1.8982E-03   
1.5452E-02   -8.2217E-04   
1.5666E-02   -5.3917E-04   
1.3178E-02   -2.8742E-03   
1.4938E-02   -1.3284E-03   
1.1515E-02   -4.0508E-03   
1.2500E-02   -3.5781E-03   
1.5055E-02   -1.2226E-03   
1.5770E-02   -3.4919E-04   
9.4962E-03   -3.6886E-03   
1.4687E-02   -1.5484E-03   
1.3507E-02   -2.5673E-03   
2.3511E-03   -4.5001E-03   
4.1144E-03   -5.7001E-03   
3.6449E-03   -6.4732E-03   
3.0959E-03   -7.1078E-03   
2.5344E-03   -7.5998E-03   
2.0497E-03   -7.9674E-03   
1.6459E-03   -8.2366E-03   
1.3167E-03   -8.4300E-03   
1.5854E-02   -1.0571E-04   
1.0563E-03   -8.5671E-03   
8.5704E-04   -8.6633E-03   
1.5864E-02   -1.4434E-04   
7.0903E-04   -8.7290E-03   
1.5878E-02   -1.2384E-04   
6.0299E-04   -8.7753E-03   
1.5892E-02   -1.0428E-04   
5.2181E-04   -8.8101E-03   
1.5907E-02   -8.8969E-05   
4.5891E-04   -8.8379E-03   
1.5925E-02   -7.7077E-05   
4.1351E-04   -8.8628E-03   
1.5947E-02   -6.7851E-05   
3.8768E-04   -8.8869E-03   
1.5976E-02   -6.1011E-05   
3.7961E-04   -8.9124E-03   
1.6011E-02   -5.6289E-05   
3.8622E-04   -8.9395E-03   
1.6056E-02   -5.3316E-05   
3.9749E-04   -8.9701E-03   
1.6110E-02   -5.1635E-05   
4.1125E-04   -9.0046E-03   
1.6174E-02   -5.1267E-05   
4.2798E-04   -9.0442E-03   
1.6249E-02   -5.2077E-05   
4.4728E-04   -9.0895E-03   
1.6335E-02   -5.3691E-05   
4.6814E-04   -9.1408E-03   
1.6435E-02   -5.5067E-05   
4.8950E-04   -9.1980E-03   
1.6545E-02   -5.5975E-05   
5.1081E-04   -9.2610E-03   
1.6662E-02   -5.9600E-05   
5.2914E-04   -9.3300E-03   
1.6791E-02   -6.2527E-05   
5.4357E-04   -9.4033E-03   
1.6935E-02   -6.7727E-05   
5.8071E-04   -9.4803E-03   
1.7096E-02   -7.0034E-05   
6.1456E-04   -9.5687E-03   
1.7273E-02   -7.1490E-05   
6.1743E-04   -9.6664E-03   
1.7464E-02   -7.3684E-05   
6.4740E-04   -9.7641E-03   
1.7678E-02   -7.4781E-05   
7.3885E-04   -9.8749E-03   
1.7912E-02   -7.3292E-05   
7.0995E-04   -1.0008E-02   
1.8129E-02   -6.6907E-05   
7.1874E-04   -1.0133E-02   
1.8358E-02   -7.9001E-05   
7.4857E-04   -1.0262E-02   
1.8803E-02   -3.7016E-05   
1.4085E-02   -1.8710E-03   
1.4247E-02   -1.7449E-03   
1.3634E-02   -2.2742E-03   
1.4403E-02   -1.6287E-03   
1.3468E-02   -2.4153E-03   
1.1881E-02   -4.0374E-03   
1.2064E-02   -3.8340E-03   
1.2241E-02   -3.6281E-03   
1.2418E-02   -3.4301E-03   
1.2596E-02   -3.2406E-03   
1.1625E-02   -4.1714E-03   
1.2773E-02   -3.0596E-03   
1.3298E-02   -2.5648E-03   
1.4551E-02   -1.5153E-03   
1.2949E-02   -2.8868E-03   
1.3125E-02   -2.7221E-03   
1.1084E-02   -4.2241E-03   
1.4692E-02   -1.4032E-03   
1.5484E-02   -7.0766E-04   
1.5566E-02   -6.1863E-04   
1.5637E-02   -5.3213E-04   
1.5394E-02   -7.9885E-04   
1.0031E-02   -4.3361E-03   
1.4826E-02   -1.2942E-03   
1.5295E-02   -8.9214E-04   
1.5074E-02   -1.0866E-03   
1.4953E-02   -1.1887E-03   
1.5188E-02   -9.8802E-04   
8.1198E-03   -4.3373E-03   
6.4475E-03   -4.3766E-03   
1.5700E-02   -4.4622E-04   
1.5756E-02   -3.5847E-04   
1.5805E-02   -2.6797E-04   
4.5236E-03   -4.8930E-03   
5.2802E-03   -6.4393E-03   
4.3479E-03   -6.9972E-03   
3.5752E-03   -7.4346E-03   
2.9224E-03   -7.7711E-03   
2.3660E-03   -8.0305E-03   
1.9012E-03   -8.2317E-03   
1.5846E-02   -1.7245E-04   
1.5245E-03   -8.3880E-03   
1.2293E-03   -8.5090E-03   
1.5826E-02   -2.0849E-04   
1.0062E-03   -8.6023E-03   
1.5841E-02   -1.7071E-04   
8.4176E-04   -8.6733E-03   
1.5853E-02   -1.4463E-04   
7.2436E-04   -8.7293E-03   
1.5868E-02   -1.2468E-04   
6.4686E-04   -8.7757E-03   
1.5887E-02   -1.0938E-04   
6.0327E-04   -8.8143E-03   
1.5912E-02   -9.7375E-05   
5.9023E-04   -8.8476E-03   
1.5943E-02   -8.9002E-05   
5.8581E-04   -8.8856E-03   
1.5982E-02   -8.3850E-05   
5.9242E-04   -8.9230E-03   
1.6031E-02   -8.0492E-05   
6.0823E-04   -8.9587E-03   
1.6092E-02   -7.8774E-05   
6.2819E-04   -8.9978E-03   
1.6161E-02   -7.9548E-05   
6.5424E-04   -9.0409E-03   
1.6241E-02   -8.1991E-05   
6.8692E-04   -9.0891E-03   
1.6337E-02   -8.4327E-05   
7.2002E-04   -9.1435E-03   
1.6451E-02   -8.5400E-05   
7.5200E-04   -9.2042E-03   
1.6562E-02   -8.3041E-05   
7.8025E-04   -9.2714E-03   
1.6665E-02   -9.6643E-05   
7.9382E-04   -9.3450E-03   
7.8380E-04   -9.4151E-03   
9.2957E-04   -9.5919E-03   
1.7302E-02   -1.1091E-04   
1.0424E-03   -9.9246E-03   
1.0766E-03   -1.0150E-02   
1.7749E-02   -1.1517E-04   
1.9102E-02   -3.8620E-05   
1.5668E-02   -4.4636E-04   
1.5730E-02   -3.6561E-04   
1.5788E-02   -2.8247E-04   
1.3768E-02   -2.0190E-03   
1.3617E-02   -2.1297E-03   
1.1589E-02   -4.1228E-03   
1.1156E-02   -4.3456E-03   
1.2349E-02   -3.2808E-03   
1.1790E-02   -3.9014E-03   
1.2534E-02   -3.0906E-03   
1.1978E-02   -3.6859E-03   
1.3445E-02   -2.2666E-03   
1.4413E-02   -1.4919E-03   
1.2164E-02   -3.4794E-03   
1.5428E-02   -6.8956E-04   
1.5327E-02   -7.7779E-04   
1.2718E-02   -2.9089E-03   
1.2903E-02   -2.7358E-03   
1.4976E-02   -1.0596E-03   
1.5101E-02   -9.6229E-04   
1.5521E-02   -6.0326E-04   
1.0071E-02   -4.6310E-03   
1.5601E-02   -5.2369E-04   
1.3266E-02   -2.4146E-03   
1.4844E-02   -1.1615E-03   
1.3086E-02   -2.5712E-03   
1.5218E-02   -8.6856E-04   
1.4562E-02   -1.3780E-03   
1.4706E-02   -1.2678E-03   
6.3195E-03   -6.2631E-03   
5.3291E-03   -6.7477E-03   
4.4886E-03   -7.1202E-03   
3.7408E-03   -7.4279E-03   
3.0842E-03   -7.6898E-03   
2.5235E-03   -7.9148E-03   
2.0586E-03   -8.1065E-03   
1.6836E-03   -8.2678E-03   
1.5829E-02   -2.1419E-04   
1.5776E-02   -2.4783E-04   
1.3897E-03   -8.4021E-03   
1.5786E-02   -2.1069E-04   
1.1669E-03   -8.5138E-03   
1.5797E-02   -1.8018E-04   
1.0041E-03   -8.6082E-03   
1.5812E-02   -1.5750E-04   
8.9306E-04   -8.6862E-03   
1.5831E-02   -1.4030E-04   
8.3301E-04   -8.7468E-03   
1.5861E-02   -1.2575E-04   
8.5028E-04   -8.7871E-03   
1.5894E-02   -1.1820E-04   
8.0748E-04   -8.8520E-03   
1.5934E-02   -1.1351E-04   
8.0750E-04   -8.8989E-03   
1.5992E-02   -1.0973E-04   
8.2500E-04   -8.9445E-03   
1.6059E-02   -1.0816E-04   
8.9067E-04   -9.0300E-03   
1.0553E-03   -9.3661E-03   
1.6215E-02   -1.1660E-04   
9.4418E-04   -9.0794E-03   
9.8679E-04   -9.1381E-03   
1.0652E-03   -9.2778E-03   
1.6814E-02   -9.3264E-05   
1.7141E-02   -1.0354E-04   
1.7318E-02   -1.5648E-04   
1.6329E-02   -1.1955E-04   
1.4315E-03   -1.0030E-02   
1.7547E-02   -1.5907E-04   
1.0900E-03   -9.8298E-03   
1.6590E-02   -1.3749E-04   
1.2819E-03   -9.5096E-03   
1.5758E-02   -2.9754E-04   
1.5692E-02   -3.7796E-04   
1.5631E-02   -4.4896E-04   
1.4130E-02   -1.5816E-03   
1.4088E-02   -1.7172E-03   
1.4269E-02   -1.4760E-03   
1.3444E-02   -2.1206E-03   
1.5468E-02   -5.8966E-04   
1.1493E-02   -3.9743E-03   
1.5563E-02   -5.0691E-04   
1.1106E-02   -4.2822E-03   
1.0158E-02   -4.7408E-03   
1.1710E-02   -3.7463E-03   
1.2293E-02   -3.1309E-03   
1.2101E-02   -3.3298E-03   
1.3252E-02   -2.2668E-03   
1.1909E-02   -3.5339E-03   
1.2486E-02   -2.9403E-03   
1.4426E-02   -1.3611E-03   
1.5006E-02   -9.4145E-04   
1.5364E-02   -6.7435E-04   
1.2678E-02   -2.7587E-03   
1.5134E-02   -8.4901E-04   
1.5253E-02   -7.6032E-04   
1.4871E-02   -1.0388E-03   
1.2871E-02   -2.5861E-03   
1.3062E-02   -2.4223E-03   
1.4729E-02   -1.1414E-03   
1.4580E-02   -1.2491E-03   
7.3517E-03   -5.4108E-03   
7.0214E-03   -6.0460E-03   
6.1584E-03   -6.3707E-03   
5.3289E-03   -6.6786E-03   
4.5570E-03   -6.9693E-03   
3.8590E-03   -7.2429E-03   
3.2437E-03   -7.4960E-03   
2.7141E-03   -7.7257E-03   
2.2725E-03   -7.9312E-03   
1.5699E-02   -2.9485E-04   
1.9152E-03   -8.1116E-03   
1.5715E-02   -2.4482E-04   
1.6359E-03   -8.2685E-03   
1.4165E-03   -8.4078E-03   
1.5726E-02   -2.1299E-04   
1.5738E-02   -1.8988E-04   
1.2369E-03   -8.5362E-03   
1.5754E-02   -1.7362E-04   
1.0728E-03   -8.7355E-03   
1.5811E-02   -1.5511E-04   
1.0659E-03   -8.7893E-03   
1.5943E-02   -1.4187E-04   
1.5873E-02   -1.4613E-04   
1.0645E-03   -8.8573E-03   
1.1722E-03   -9.0004E-03   
8.4657E-04   -8.9876E-03   
1.2201E-03   -9.0625E-03   
1.2759E-03   -9.1238E-03   
1.3449E-03   -9.8447E-03   
1.3251E-03   -9.7433E-03   
1.3364E-03   -9.1935E-03   
1.6175E-02   -1.5768E-04   
1.6739E-02   -1.2695E-04   
1.6438E-02   -1.7052E-04   
1.7087E-02   -1.4952E-04   
1.6301E-02   -1.6165E-04   
1.6129E-02   -1.1214E-04   
1.4143E-03   -9.2777E-03   
1.2336E-03   -9.6387E-03   
1.3385E-03   -9.3946E-03   
1.7787E-02   -1.6024E-04   
1.3579E-03   -1.0154E-02   
1.3001E-03   -9.9436E-03   
1.7330E-02   -2.0634E-04   
1.3935E-02   -1.6552E-03   
1.5713E-02   -3.2183E-04   
1.5509E-02   -4.9897E-04   
1.1428E-02   -3.8056E-03   
1.5403E-02   -5.8209E-04   
1.1058E-02   -4.0939E-03   
8.9882E-03   -5.2199E-03   
1.3255E-02   -2.1188E-03   
1.2050E-02   -3.1797E-03   
1.1852E-02   -3.3844E-03   
1.1655E-02   -3.5903E-03   
1.4283E-02   -1.3579E-03   
1.2250E-02   -2.9807E-03   
1.5043E-02   -8.3382E-04   
1.2451E-02   -2.7906E-03   
1.5172E-02   -7.4667E-04   
1.5291E-02   -6.6333E-04   
1.4905E-02   -9.2629E-04   
1.2653E-02   -2.6097E-03   
1.3054E-02   -2.2749E-03   
1.4447E-02   -1.2395E-03   
1.4759E-02   -1.0246E-03   
1.2854E-02   -2.4381E-03   
1.4606E-02   -1.1291E-03   
8.5491E-03   -5.3466E-03   
7.7905E-03   -5.5880E-03   
1.3688E-02   -1.8186E-03   
6.9861E-03   -5.8624E-03   
1.3465E-02   -1.9673E-03   
6.1858E-03   -6.1471E-03   
5.4293E-03   -6.4317E-03   
4.7252E-03   -6.7122E-03   
4.0807E-03   -6.9849E-03   
3.5104E-03   -7.2464E-03   
3.0186E-03   -7.4898E-03   
1.5086E-03   -8.5369E-03   
1.5627E-02   -3.1380E-04   
2.6098E-03   -7.7105E-03   
2.2736E-03   -7.9117E-03   
1.5634E-02   -2.7539E-04   
1.9839E-03   -8.1073E-03   
1.5639E-02   -2.4642E-04   
1.5645E-02   -2.2606E-04   
1.1210E-03   -8.6325E-03   
1.5738E-02   -1.8862E-04   
1.4509E-03   -8.6552E-03   
1.2842E-03   -8.9033E-03   
1.6626E-02   -1.7786E-04   
1.6248E-02   -2.1123E-04   
1.5892E-02   -1.8004E-04   
1.5174E-03   -9.0301E-03   
1.5803E-02   -1.8264E-04   
1.5963E-03   -9.0957E-03   
1.0525E-03   -8.9249E-03   
1.6199E-03   -9.8754E-03   
1.6623E-03   -9.1685E-03   
1.6850E-02   -1.6907E-04   
1.6451E-03   -9.4182E-03   
1.6036E-03   -9.5318E-03   
1.6055E-02   -1.5553E-04   
1.6638E-03   -9.7461E-03   
1.4644E-03   -8.9653E-03   
1.6123E-02   -2.0447E-04   
1.7566E-02   -2.0789E-04   
1.7112E-02   -2.0152E-04   
1.5533E-02   -4.2888E-04   
1.5434E-02   -5.0462E-04   
1.5624E-02   -3.9986E-04   
1.0388E-02   -4.3189E-03   
1.1420E-02   -3.6454E-03   
1.4126E-02   -1.3631E-03   
1.1804E-02   -3.2364E-03   
1.5326E-02   -5.8010E-04   
1.1596E-02   -3.4493E-03   
1.2012E-02   -3.0296E-03   
7.9358E-03   -5.5054E-03   
1.2222E-02   -2.8312E-03   
1.3061E-02   -2.1290E-03   
1.4945E-02   -8.2369E-04   
1.5209E-02   -6.5755E-04   
1.5082E-02   -7.3817E-04   
1.4305E-02   -1.2390E-03   
1.2432E-02   -2.6419E-03   
1.4797E-02   -9.1715E-04   
1.2642E-02   -2.4624E-03   
1.2852E-02   -2.2918E-03   
1.4476E-02   -1.1243E-03   
1.4640E-02   -1.0175E-03   
1.3276E-02   -1.9705E-03   
9.3099E-03   -4.8463E-03   
8.5842E-03   -5.0614E-03   
7.7983E-03   -5.3205E-03   
1.0118E-02   -4.6412E-03   
7.0610E-03   -5.5785E-03   
1.3499E-02   -1.8150E-03   
1.3725E-02   -1.6598E-03   
6.3521E-03   -5.8411E-03   
1.5607E-02   -3.6134E-04   
1.3936E-02   -1.5068E-03   
5.6706E-03   -6.1111E-03   
5.0351E-03   -6.3899E-03   
3.9306E-03   -6.9355E-03   
1.5542E-02   -3.4190E-04   
3.4861E-03   -7.1873E-03   
3.1202E-03   -7.4199E-03   
1.5535E-02   -3.1065E-04   
1.5535E-02   -2.8350E-04   
2.0493E-03   -8.1629E-03   
1.4276E-03   -8.7639E-03   
1.5645E-02   -2.2918E-04   
1.6010E-02   -2.0013E-04   
1.8768E-03   -8.9549E-03   
1.6530E-03   -8.3425E-03   
1.6382E-02   -2.2196E-04   
2.1430E-03   -8.2156E-03   
1.6049E-02   -2.5782E-04   
1.4620E-03   -8.8964E-03   
1.9540E-03   -9.4375E-03   
1.7967E-03   -8.8859E-03   
1.7505E-03   -9.2220E-03   
1.5916E-02   -2.0125E-04   
1.6932E-02   -1.9851E-04   
1.5708E-02   -2.2786E-04   
1.6979E-03   -9.3083E-03   
1.6177E-03   -9.6386E-03   
1.7099E-02   -2.5691E-04   
1.7788E-02   -2.0571E-04   
1.6807E-03   -1.0096E-02   
2.0751E-03   -9.7442E-03   
1.6789E-02   -1.4543E-04   
1.5353E-02   -5.1224E-04   
1.1274E-02   -3.5574E-03   
1.3084E-02   -1.9852E-03   
1.1546E-02   -3.3034E-03   
1.1771E-02   -3.0861E-03   
1.5241E-02   -5.8418E-04   
1.1989E-02   -2.8800E-03   
1.4155E-02   -1.2471E-03   
1.4990E-02   -7.3214E-04   
1.5123E-02   -6.5621E-04   
1.2208E-02   -2.6827E-03   
1.4841E-02   -8.1918E-04   
1.2864E-02   -2.1480E-03   
1.2428E-02   -2.4951E-03   
1.4338E-02   -1.1277E-03   
1.2647E-02   -2.3172E-03   
1.4682E-02   -9.1440E-04   
1.4514E-02   -1.0174E-03   
1.0064E-02   -4.3132E-03   
9.1864E-03   -4.6028E-03   
1.5542E-02   -3.7914E-04   
8.5546E-03   -4.7955E-03   
1.3754E-02   -1.5204E-03   
1.3309E-02   -1.8259E-03   
1.3961E-02   -1.3781E-03   
7.9273E-03   -4.9954E-03   
7.2899E-03   -5.2178E-03   
1.3535E-02   -1.6708E-03   
6.6748E-03   -5.4640E-03   
6.0825E-03   -5.7205E-03   
5.5266E-03   -5.9868E-03   
1.5538E-02   -2.6477E-04   
5.0306E-03   -6.2477E-03   
2.7803E-03   -7.6644E-03   
4.6301E-03   -6.4795E-03   
1.5421E-02   -3.8865E-04   
1.5839E-02   -2.4441E-04   
1.5418E-02   -3.5041E-04   
2.0754E-03   -8.3425E-03   
1.7414E-03   -8.7133E-03   
1.5592E-02   -2.3626E-04   
2.3565E-03   -8.0245E-03   
1.5769E-02   -2.3569E-04   
2.2943E-03   -8.6603E-03   
2.0534E-03   -9.1959E-03   
1.7843E-03   -8.7925E-03   
1.9438E-03   -9.1372E-03   
1.5528E-02   -2.7925E-04   
1.6703E-02   -2.3146E-04   
2.3255E-03   -9.3271E-03   
1.6896E-02   -2.4866E-04   
1.8860E-03   -9.5402E-03   
1.7070E-02   -3.1916E-04   
2.1062E-03   -1.0004E-02   
1.7606E-02   -2.6392E-04   
1.8022E-02   -1.7069E-04   
2.3634E-03   -9.8146E-03   
1.6491E-02   -2.4208E-04   
1.5377E-02   -4.5385E-04   
1.1039E-02   -3.8788E-03   
1.1276E-02   -3.3690E-03   
1.1521E-02   -3.1464E-03   
1.2890E-02   -2.0078E-03   
1.1753E-02   -2.9347E-03   
1.5163E-02   -5.9226E-04   
1.5046E-02   -6.4834E-04   
1.1981E-02   -2.7312E-03   
1.0131E-02   -4.1019E-03   
1.4894E-02   -7.2865E-04   
1.4193E-02   -1.1375E-03   
1.2210E-02   -2.5361E-03   
1.2665E-02   -2.1751E-03   
1.4731E-02   -8.1929E-04   
1.2439E-02   -2.3507E-03   
1.4380E-02   -1.0231E-03   
1.4560E-02   -9.1734E-04   
9.7605E-03   -4.1636E-03   
1.3119E-02   -1.8455E-03   
1.3790E-02   -1.3946E-03   
1.3997E-02   -1.2614E-03   
9.2887E-03   -4.2655E-03   
1.3573E-02   -1.5377E-03   
8.7368E-03   -4.4226E-03   
8.2070E-03   -4.6031E-03   
1.3348E-02   -1.6884E-03   
1.5469E-02   -3.9996E-04   
6.6871E-03   -5.2392E-03   
7.6796E-03   -4.7970E-03   
1.5414E-02   -3.2568E-04   
7.1705E-03   -5.0106E-03   
1.5644E-02   -2.1822E-04   
3.2780E-03   -7.4116E-03   
4.3263E-03   -6.6770E-03   
3.1888E-03   -7.5302E-03   
6.2818E-03   -5.4501E-03   
1.5295E-02   -4.2444E-04   
1.5587E-02   -2.8309E-04   
1.5476E-02   -2.8243E-04   
2.8878E-03   -7.7925E-03   
2.4202E-03   -8.4789E-03   
2.3415E-03   -8.9840E-03   
1.6860E-02   -3.1130E-04   
1.5652E-02   -2.9173E-04   
2.4826E-03   -8.3226E-03   
1.6293E-02   -2.8162E-04   
2.4098E-03   -9.1796E-03   
1.6433E-02   -3.0437E-04   
2.2685E-03   -9.4663E-03   
2.0895E-03   -8.4222E-03   
1.7304E-02   -3.2513E-04   
1.5935E-02   -2.5089E-04   
1.8292E-02   -1.3303E-04   
2.5941E-03   -9.6310E-03   
1.0592E-02   -3.7548E-03   
1.5261E-02   -5.2613E-04   
1.1255E-02   -3.2118E-03   
1.1511E-02   -2.9922E-03   
1.1753E-02   -2.7842E-03   
1.2695E-02   -2.0374E-03   
1.5135E-02   -5.5768E-04   
1.0993E-02   -3.5821E-03   
1.4960E-02   -6.4236E-04   
1.2928E-02   -1.8719E-03   
1.1991E-02   -2.5831E-03   
1.4789E-02   -7.3145E-04   
1.2230E-02   -2.3907E-03   
1.2464E-02   -2.2091E-03   
1.4240E-02   -1.0344E-03   
1.4613E-02   -8.2435E-04   
1.4430E-02   -9.2467E-04   
1.0397E-02   -3.6768E-03   
1.3617E-02   -1.4150E-03   
1.4041E-02   -1.1528E-03   
1.3834E-02   -1.2795E-03   
1.5556E-02   -2.4759E-04   
9.8630E-03   -3.8106E-03   
1.3161E-02   -1.7124E-03   
9.4610E-03   -3.9093E-03   
1.3392E-02   -1.5597E-03   
1.5287E-02   -3.9444E-04   
8.2063E-03   -4.3263E-03   
9.0404E-03   -4.0211E-03   
7.8309E-03   -4.4967E-03   
8.6207E-03   -4.1613E-03   
4.6019E-03   -6.6518E-03   
1.5282E-02   -4.7071E-04   
1.5410E-02   -3.1048E-04   
5.9599E-03   -5.6371E-03   
1.5809E-02   -1.5053E-04   
3.6594E-03   -7.4922E-03   
1.5433E-02   -2.9194E-04   
1.5836E-02   -3.1067E-04   
1.5733E-02   -3.0126E-04   
1.5450E-02   -3.4550E-04   
1.5391E-02   -3.3853E-04   
1.6157E-02   -3.4987E-04   
1.5340E-02   -3.3738E-04   
2.5289E-03   -8.2088E-03   
3.4091E-03   -7.9255E-03   
4.1484E-03   -6.8251E-03   
4.6179E-03   -6.5652E-03   
2.8218E-03   -8.6032E-03   
1.6455E-02   -3.5938E-04   
2.5473E-03   -8.9986E-03   
3.0680E-03   -7.7709E-03   
1.7032E-02   -3.8786E-04   
2.3938E-03   -9.5627E-03   
1.8632E-02   -6.7633E-05   
2.8012E-03   -9.1172E-03   
1.8252E-02   -1.8508E-04   
1.6815E-02   -3.8035E-04   
1.6175E-02   -2.6560E-04   
2.6840E-03   -9.2902E-03   
1.0945E-02   -3.4642E-03   
1.1259E-02   -3.0527E-03   
1.1523E-02   -2.8410E-03   
1.2737E-02   -1.9048E-03   
1.5029E-02   -5.5744E-04   
1.1769E-02   -2.6363E-03   
1.2502E-02   -2.0721E-03   
1.4849E-02   -6.5207E-04   
1.2019E-02   -2.4362E-03   
1.2264E-02   -2.2482E-03   
1.4675E-02   -7.3860E-04   
1.3668E-02   -1.3023E-03   
1.4292E-02   -9.3791E-04   
1.4489E-02   -8.3236E-04   
1.4091E-02   -1.0531E-03   
1.0553E-02   -3.4383E-03   
1.3883E-02   -1.1738E-03   
1.5182E-02   -4.9358E-04   
1.2973E-02   -1.7428E-03   
1.3442E-02   -1.4404E-03   
1.0361E-02   -3.4218E-03   
1.3209E-02   -1.5876E-03   
1.0066E-02   -3.4483E-03   
9.1314E-03   -3.7121E-03   
9.4387E-03   -3.6019E-03   
1.5159E-02   -4.6953E-04   
9.7543E-03   -3.5123E-03   
1.5276E-02   -3.7420E-04   
1.5685E-02   -2.0081E-04   
7.4869E-03   -4.6785E-03   
1.5298E-02   -3.4254E-04   
1.5238E-02   -4.0657E-04   
4.7692E-03   -6.4338E-03   
1.5390E-02   -3.1073E-04   
1.5187E-02   -4.0165E-04   
1.5296E-02   -4.1779E-04   
4.7280E-03   -6.8397E-03   
1.5964E-02   -3.1762E-04   
1.5607E-02   -3.6931E-04   
5.7771E-03   -5.7681E-03   
1.5891E-02   -3.8950E-04   
3.2159E-03   -8.5450E-03   
2.5475E-03   -8.6236E-03   
4.9132E-03   -6.8076E-03   
4.9296E-03   -6.5539E-03   
1.6760E-02   -4.5621E-04   
1.7258E-02   -3.9512E-04   
3.0949E-03   -8.8200E-03   
2.6907E-03   -9.4052E-03   
1.8483E-02   -1.5080E-04   
3.1404E-03   -9.0359E-03   
1.0936E-02   -3.3003E-03   
1.1311E-02   -2.8981E-03   
1.2548E-02   -1.9422E-03   
1.1534E-02   -2.7014E-03   
1.4890E-02   -5.9504E-04   
1.2786E-02   -1.7792E-03   
1.1799E-02   -2.4910E-03   
1.2308E-02   -2.1119E-03   
1.4741E-02   -6.6327E-04   
1.3724E-02   -1.1998E-03   
1.2058E-02   -2.2945E-03   
1.3498E-02   -1.3308E-03   
1.0960E-02   -3.1152E-03   
1.4564E-02   -7.4755E-04   
1.4141E-02   -9.6480E-04   
1.3937E-02   -1.0788E-03   
1.0751E-02   -3.0763E-03   
1.3264E-02   -1.4719E-03   
1.3025E-02   -1.6218E-03   
1.5139E-02   -4.4514E-04   
1.5270E-02   -3.5278E-04   
1.0098E-02   -3.1455E-03   
1.0528E-02   -3.0824E-03   
6.1295E-03   -5.5520E-03   
1.0313E-02   -3.1039E-03   
1.5264E-02   -3.6308E-04   
8.8293E-03   -3.8476E-03   
6.3493E-03   -5.7494E-03   
1.5018E-02   -4.7545E-04   
7.1490E-03   -4.8867E-03   
1.5067E-02   -4.8512E-04   
1.5144E-02   -4.0320E-04   
1.5364E-02   -4.3405E-04   
5.6414E-03   -6.1467E-03   
3.8305E-03   -8.6764E-03   
5.3384E-03   -6.6729E-03   
1.5982E-02   -4.3066E-04   
1.5724E-02   -3.8096E-04   
1.7211E-02   -4.6758E-04   
6.2306E-03   -5.6241E-03   
3.1185E-03   -9.1637E-03   
1.6546E-02   -4.4774E-04   
1.7530E-02   -3.3570E-04   
4.2780E-03   -7.9333E-03   
4.1139E-03   -7.6336E-03   
4.1567E-03   -7.7720E-03   
1.6694E-02   -5.3994E-04   
1.5004E-02   -5.2317E-04   
1.2601E-02   -1.8202E-03   
1.2360E-02   -1.9842E-03   
1.1234E-02   -2.8087E-03   
1.4479E-02   -7.5307E-04   
1.5103E-02   -4.2012E-04   
1.1562E-02   -2.5596E-03   
1.3561E-02   -1.2311E-03   
1.4820E-02   -5.9017E-04   
1.3784E-02   -1.1079E-03   
1.4637E-02   -6.7845E-04   
1.1839E-02   -2.3510E-03   
1.3326E-02   -1.3655E-03   
1.2842E-02   -1.6618E-03   
1.3085E-02   -1.5096E-03   
1.1024E-02   -2.8115E-03   
1.4175E-02   -9.0291E-04   
1.3994E-02   -9.9577E-04   
1.0736E-02   -2.7846E-03   
1.0874E-02   -2.7938E-03   
8.4489E-03   -4.0569E-03   
9.8842E-03   -3.2114E-03   
1.5119E-02   -4.2932E-04   
7.8357E-03   -4.5598E-03   
1.5110E-02   -4.1113E-04   
1.4835E-02   -5.5920E-04   
6.9051E-03   -5.2359E-03   
1.4974E-02   -4.7311E-04   
1.5120E-02   -5.0218E-04   
1.6328E-02   -4.3735E-04   
1.5457E-02   -4.5111E-04   
6.8696E-03   -5.5331E-03   
7.7610E-03   -4.4881E-03   
5.9886E-03   -5.6782E-03   
1.6237E-02   -3.9026E-04   
1.5720E-02   -4.8725E-04   
5.9448E-03   -6.3684E-03   
3.7171E-03   -8.9382E-03   
4.9533E-03   -7.7520E-03   
7.6704E-03   -4.7819E-03   
1.6613E-02   -3.7084E-04   
1.6935E-02   -5.3918E-04   
1.7482E-02   -4.0202E-04   
1.7769E-02   -2.9090E-04   
5.6862E-03   -6.6690E-03   
5.8322E-03   -6.8877E-03   
1.4522E-02   -7.0377E-04   
1.2162E-02   -2.0378E-03   
1.2411E-02   -1.8694E-03   
1.4940E-02   -4.9347E-04   
1.4075E-02   -9.1581E-04   
1.3856E-02   -1.0243E-03   
1.4679E-02   -6.3384E-04   
1.2657E-02   -1.7086E-03   
1.3631E-02   -1.1412E-03   
1.3396E-02   -1.2688E-03   
1.1900E-02   -2.2163E-03   
1.3152E-02   -1.4070E-03   
1.2905E-02   -1.5539E-03   
1.1343E-02   -2.6295E-03   
1.1261E-02   -2.5851E-03   
1.1165E-02   -2.5511E-03   
1.0604E-02   -2.7923E-03   
9.6330E-03   -3.3241E-03   
1.1592E-02   -2.4185E-03   
1.4972E-02   -5.0424E-04   
1.4754E-02   -5.5355E-04   
1.4310E-02   -8.0793E-04   
1.4791E-02   -5.5292E-04   
8.3481E-03   -4.1706E-03   
7.7425E-03   -4.5091E-03   
7.5108E-03   -5.3255E-03   
1.4882E-02   -5.7292E-04   
9.2919E-03   -3.5218E-03   
1.4893E-02   -4.9740E-04   
8.5489E-03   -4.3066E-03   
1.5173E-02   -5.2942E-04   
8.9519E-03   -3.8702E-03   
1.5835E-02   -5.0765E-04   
1.6100E-02   -5.1897E-04   
1.5585E-02   -4.6659E-04   
1.8003E-02   -2.8535E-04   
7.5309E-03   -5.5968E-03   
7.4757E-03   -5.4883E-03   
5.6067E-03   -7.4442E-03   
1.6651E-02   -6.2440E-04   
3.6809E-03   -9.1296E-03   
1.7152E-02   -5.4266E-04   
1.7756E-02   -3.4389E-04   
1.4610E-02   -6.4112E-04   
1.2206E-02   -1.9344E-03   
1.1950E-02   -2.1067E-03   
1.3941E-02   -9.4661E-04   
1.4795E-02   -5.6855E-04   
1.3712E-02   -1.0596E-03   
1.2464E-02   -1.7672E-03   
1.3476E-02   -1.1809E-03   
1.2722E-02   -1.6071E-03   
1.3229E-02   -1.3133E-03   
1.1488E-02   -2.3848E-03   
1.2977E-02   -1.4558E-03   
1.1085E-02   -2.5238E-03   
1.4399E-02   -7.3298E-04   
1.4556E-02   -6.3985E-04   
1.1731E-02   -2.2618E-03   
1.0270E-02   -2.9170E-03   
1.1008E-02   -2.5118E-03   
9.5553E-03   -3.3655E-03   
1.4171E-02   -8.3781E-04   
1.4602E-02   -6.4001E-04   
1.5822E-02   -5.7540E-04   
1.4740E-02   -5.7065E-04   
1.4648E-02   -6.4868E-04   
9.5514E-03   -3.4145E-03   
1.4920E-02   -5.9753E-04   
1.5275E-02   -5.5141E-04   
1.4719E-02   -5.6365E-04   
9.2013E-03   -4.3594E-03   
9.4289E-03   -3.6278E-03   
9.9634E-03   -3.4446E-03   
1.6053E-02   -4.7457E-04   
1.8048E-02   -3.5038E-04   
9.2489E-03   -4.1938E-03   
1.5429E-02   -5.6589E-04   
1.5999E-02   -5.9904E-04   
1.6352E-02   -7.3377E-04   
7.8792E-03   -5.4914E-03   
7.2481E-03   -6.1167E-03   
1.6329E-02   -6.4221E-04   
1.8206E-02   -2.3346E-04   
1.7442E-02   -4.7106E-04   
3.0530E-03   -9.4719E-03   
7.2848E-03   -5.3763E-03   
1.1976E-02   -2.0232E-03   
1.1718E-02   -2.2037E-03   
1.3803E-02   -9.8572E-04   
1.4509E-02   -6.6303E-04   
1.3566E-02   -1.1022E-03   
1.2527E-02   -1.6750E-03   
1.1434E-02   -2.3409E-03   
1.3317E-02   -1.2293E-03   
1.0918E-02   -2.5301E-03   
1.2797E-02   -1.5156E-03   
9.9946E-03   -3.0673E-03   
1.3059E-02   -1.3674E-03   
1.4037E-02   -8.7526E-04   
1.1398E-02   -2.2998E-03   
1.4349E-02   -7.3575E-04   
1.4676E-02   -5.8605E-04   
1.4267E-02   -7.7085E-04   
1.4523E-02   -6.4419E-04   
1.4440E-02   -7.2029E-04   
1.4698E-02   -6.6319E-04   
1.0620E-02   -3.3480E-03   
1.0329E-02   -3.0027E-03   
9.9969E-03   -3.5160E-03   
9.9562E-03   -3.3756E-03   
1.5470E-02   -6.7932E-04   
1.7362E-02   -5.4240E-04   
6.1131E-03   -7.2247E-03   
1.0482E-02   -2.8065E-03   
9.0600E-03   -4.1944E-03   
1.5282E-02   -6.7100E-04   
1.6200E-02   -5.9818E-04   
1.8281E-02   -2.7019E-04   
1.7740E-02   -4.7364E-04   
1.6391E-02   -8.0843E-04   
9.2744E-03   -4.7321E-03   
3.4774E-03   -9.3924E-03   
1.5101E-02   -6.6425E-04   
2.7592E-03   -9.4913E-03   
1.3666E-02   -1.0327E-03   
1.4508E-02   -6.5120E-04   
1.3905E-02   -9.2013E-04   
1.3417E-02   -1.1542E-03   
1.2605E-02   -1.5904E-03   
1.1713E-02   -2.1418E-03   
8.9314E-03   -3.7424E-03   
1.0777E-02   -2.5917E-03   
1.4140E-02   -8.1330E-04   
1.1372E-02   -2.2709E-03   
1.4308E-02   -7.3816E-04   
1.2250E-02   -1.8456E-03   
1.2886E-02   -1.4327E-03   
1.0664E-02   -3.1695E-03   
1.0855E-02   -2.8393E-03   
1.4444E-02   -7.4702E-04   
1.0625E-02   -2.8944E-03   
1.0593E-02   -2.7201E-03   
1.0530E-02   -2.8146E-03   
1.0178E-02   -3.0768E-03   
1.1049E-02   -2.7980E-03   
1.0410E-02   -3.6072E-03   
1.5666E-02   -6.9368E-04   
1.7046E-02   -6.3712E-04   
1.5128E-02   -7.8452E-04   
1.4048E-02   -8.5764E-04   
1.4763E-02   -7.8180E-04   
1.5902E-02   -7.0974E-04   
8.2692E-03   -5.7231E-03   
4.6796E-03   -8.2204E-03   
1.4949E-02   -7.7818E-04   
1.6470E-02   -5.3240E-04   
9.6263E-03   -4.6441E-03   
9.0317E-03   -4.7841E-03   
1.6717E-02   -7.6709E-04   
1.6050E-02   -8.6124E-04   
1.3777E-02   -9.7152E-04   
1.3538E-02   -1.0840E-03   
1.4278E-02   -7.4669E-04   
1.1311E-02   -2.2786E-03   
1.4340E-02   -7.2665E-04   
1.4015E-02   -8.6295E-04   
1.3276E-02   -1.2122E-03   
1.1728E-02   -2.0818E-03   
1.2702E-02   -1.5126E-03   
1.2993E-02   -1.3575E-03   
1.1599E-02   -2.4015E-03   
1.1401E-02   -2.4506E-03   
1.2008E-02   -1.9482E-03   
1.1017E-02   -2.4770E-03   
1.1187E-02   -2.3620E-03   
1.1163E-02   -2.4096E-03   
1.2310E-02   -1.7624E-03   
1.4533E-02   -7.5954E-04   
1.3816E-02   -9.7688E-04   
1.4620E-02   -8.9411E-04   
1.1017E-02   -2.5516E-03   
1.4521E-02   -8.2615E-04   
1.0472E-02   -3.8187E-03   
1.5305E-02   -7.9858E-04   
1.1577E-02   -2.8072E-03   
6.0275E-03   -6.8834E-03   
1.0119E-02   -4.4202E-03   
1.4185E-02   -8.7299E-04   
1.4788E-02   -8.9708E-04   
1.1755E-02   -2.4598E-03   
1.0779E-02   -3.7434E-03   
6.4761E-03   -7.1401E-03   
1.6107E-02   -9.3348E-04   
1.7071E-02   -7.2706E-04   
1.3674E-02   -1.0191E-03   
1.3890E-02   -9.1911E-04   
1.2399E-02   -1.6811E-03   
1.1467E-02   -2.2099E-03   
1.2818E-02   -1.4437E-03   
1.1625E-02   -2.2062E-03   
1.1777E-02   -2.0144E-03   
1.3863E-02   -9.8950E-04   
1.2069E-02   -1.8713E-03   
1.1702E-02   -2.0604E-03   
1.4761E-02   -6.7078E-04   
1.3123E-02   -1.2877E-03   
1.4107E-02   -8.2232E-04   
1.1794E-02   -2.1672E-03   
1.4456E-02   -1.0163E-03   
1.1977E-02   -2.1309E-03   
1.4479E-02   -8.9671E-04   
4.4858E-03   -7.9425E-03   
1.0845E-02   -4.0386E-03   
1.4953E-02   -9.0901E-04   
4.7190E-03   -8.3256E-03   
1.2412E-02   -2.1593E-03   
1.1436E-02   -3.0666E-03   
1.4214E-02   -9.1493E-04   
1.5484E-02   -8.1997E-04   
6.8178E-03   -7.0167E-03   
1.2317E-02   -2.3295E-03   
1.1752E-02   -3.0150E-03   
8.8597E-03   -5.4282E-03   
1.5745E-02   -1.0008E-03   
1.1815E-02   -2.3332E-03   
1.7452E-02   -6.7928E-04   
1.2513E-02   -1.6063E-03   
1.2103E-02   -1.9487E-03   
1.3450E-02   -1.1258E-03   
1.2188E-02   -1.7849E-03   
1.3551E-02   -1.1126E-03   
1.2149E-02   -2.0979E-03   
1.1520E-02   -2.2371E-03   
1.4765E-02   -1.0430E-03   
1.2937E-02   -1.3882E-03   
1.2260E-02   -1.9234E-03   
1.2024E-02   -1.8768E-03   
1.3892E-02   -1.0239E-03   
1.4608E-02   -1.0270E-03   
1.3739E-02   -9.9379E-04   
1.1710E-02   -2.0925E-03   
1.4224E-02   -9.7131E-04   
9.0498E-03   -4.5712E-03   
1.2288E-02   -2.1129E-03   
1.2293E-02   -2.4829E-03   
1.2371E-02   -2.5477E-03   
1.2005E-02   -3.0067E-03   
1.2249E-02   -3.1004E-03   
1.5804E-02   -1.0892E-03   
5.1041E-03   -8.3515E-03   
1.5279E-02   -9.5469E-04   
1.7761E-02   -5.6360E-04   
1.2631E-02   -1.5452E-03   
1.2322E-02   -1.7109E-03   
1.3267E-02   -1.2272E-03   
1.2510E-02   -1.7439E-03   
1.3570E-02   -1.1438E-03   
1.4263E-02   -1.0260E-03   
1.3918E-02   -1.0696E-03   
1.2423E-02   -1.8999E-03   
1.4422E-02   -1.1652E-03   
1.4273E-02   -1.1496E-03   
1.5410E-02   -1.0566E-03   
1.4925E-02   -1.0666E-03   
1.2928E-02   -2.2830E-03   
1.2776E-02   -2.1837E-03   
1.1936E-02   -2.0006E-03   
1.5633E-02   -8.5859E-04   
1.6425E-02   -8.7126E-04   
1.5357E-02   -1.2854E-03   
1.2573E-02   -2.7828E-03   
1.1894E-02   -3.4984E-03   
1.2879E-02   -2.5009E-03   
1.2740E-02   -1.9147E-03   
6.9810E-03   -7.1201E-03   
1.7812E-02   -6.3585E-04   
1.2431E-02   -1.6595E-03   
1.3564E-02   -1.0848E-03   
1.2126E-02   -1.8597E-03   
1.3017E-02   -1.3636E-03   
1.4034E-02   -1.3207E-03   
1.3234E-02   -1.2792E-03   
1.2740E-02   -1.5013E-03   
1.3592E-02   -1.1870E-03   
1.2663E-02   -1.7231E-03   
1.3939E-02   -1.1886E-03   
1.2834E-02   -1.7071E-03   
1.3946E-02   -1.2602E-03   
1.5711E-02   -9.2067E-04   
1.4581E-02   -1.1815E-03   
1.5097E-02   -1.0981E-03   
1.6662E-02   -8.7599E-04   
1.2797E-02   -2.0556E-03   
1.5427E-02   -9.7606E-04   
1.2866E-02   -1.9389E-03   
1.5088E-02   -1.2004E-03   
1.2395E-02   -1.7502E-03   
1.3050E-02   -1.6931E-03   
1.3141E-02   -2.2817E-03   
1.5034E-02   -1.3143E-03   
1.5745E-02   -1.1976E-03   
1.2734E-02   -2.2934E-03   
1.3157E-02   -2.4555E-03   
1.2734E-02   -2.9332E-03   
5.2837E-03   -8.4036E-03   
1.2518E-02   -1.6385E-03   
1.3045E-02   -1.5425E-03   
1.2889E-02   -1.4491E-03   
1.3282E-02   -1.3036E-03   
1.3153E-02   -1.8598E-03   
1.2869E-02   -1.5694E-03   
1.3660E-02   -1.4300E-03   
1.4288E-02   -1.2850E-03   
1.3319E-02   -2.6222E-03   
1.4751E-02   -1.3482E-03   
1.2107E-02   -1.8339E-03   
1.3184E-02   -1.7424E-03   
1.4723E-02   -1.2096E-03   
1.3638E-02   -1.2274E-03   
1.3606E-02   -1.3634E-03   
1.3392E-02   -2.0834E-03   
4.5275E-03   -9.0307E-03   
1.3371E-02   -2.2802E-03   
1.4943E-02   -1.4283E-03   
1.6028E-02   -1.0929E-03   
1.3947E-02   -1.1197E-03   
1.1900E-02   -1.9613E-03   
1.2709E-02   -1.6096E-03   
1.3220E-02   -1.5297E-03   
1.2989E-02   -1.4632E-03   
1.4375E-02   -1.3284E-03   
1.3411E-02   -1.3792E-03   
1.3380E-02   -1.5845E-03   
1.3033E-02   -1.4056E-03   
1.4624E-02   -1.5909E-03   
1.2759E-02   -1.5479E-03   
1.6343E-02   -1.0299E-03   
1.4653E-02   -1.4777E-03   
1.3180E-02   -2.0670E-03   
1.3383E-02   -1.5191E-03   
1.3672E-02   -2.3963E-03   
3.8226E-03   -9.4466E-03   
1.3707E-02   -1.2540E-03   
1.3531E-02   -1.8418E-03   
1.4029E-02   -1.4319E-03   
1.4104E-02   -1.5137E-03   
1.3681E-02   -1.8765E-03   
1.4658E-02   -1.6882E-03   
1.3434E-02   -1.7063E-03   
1.3620E-02   -2.2952E-03   
1.3734E-02   -2.4673E-03   
1.3939E-02   -1.6843E-03   
1.3462E-02   -1.7776E-03   
1.4057E-02   -2.4012E-03   
1.3843E-02   -1.9148E-03   
1.4837E-02   -1.2414E-03   
1.5103E-02   -1.5697E-03   
1.4252E-02   -1.7890E-03   
1.3736E-02   -1.6088E-03   
1.4361E-02   -1.5098E-03   
1.3585E-02   -2.1012E-03   
1.4248E-02   -1.8983E-03   
1.5526E-02   -1.3511E-03   
1.4534E-02   -2.1602E-03   
1.3948E-02   -1.9597E-03   
1.3755E-02   -1.6843E-03   
1.4139E-02   -2.0504E-03   
1.4450E-02   -2.0144E-03   
1.4951E-02   -1.8146E-03   
1.5199E-02   -1.6369E-03   
1.4728E-02   -1.9976E-03   
3.7749E-04   -1.0509E-02   
1.4014E-02   -2.1954E-03   
1.3376E-02   -2.7069E-03   
1.8536E-02   -2.6356E-04   
8.8314E-04   -9.6854E-03   
1.9419E-02   -3.5043E-05   
1.8178E-02   -5.9269E-04   
6.8056E-04   -1.0561E-02   
3.4031E-03   -9.5536E-03   
1.4604E-02   -2.2320E-03   
1.8743E-02   -1.3437E-04   
1.0413E-03   -1.0511E-02   
4.1191E-03   -9.0061E-03   
1.4792E-03   -1.0434E-02   
1.9254E-03   -1.0341E-02   
2.3690E-03   -1.0222E-02   
2.8299E-03   -1.0071E-02   
1.9728E-02   -3.1215E-05   
3.2994E-03   -9.8799E-03   
3.8030E-03   -9.6252E-03   
1.8025E-02   -4.7751E-04   
4.3341E-03   -9.3110E-03   
2.0048E-02   -2.8840E-05   
5.0085E-03   -8.8586E-03   
6.6592E-03   -7.6079E-03   
1.5501E-02   -1.4722E-03   
9.3058E-03   -5.7750E-03   
2.0386E-02   -2.5577E-05   
1.6894E-02   -6.0652E-04   
1.0906E-02   -4.8382E-03   
1.0904E-02   -3.7910E-03   
2.5738E-03   -9.8851E-03   
1.8124E-02   -4.0950E-04   
1.2787E-02   -3.7561E-03   
1.3938E-02   -3.2019E-03   
2.0738E-02   -2.1285E-05   
1.4672E-02   -2.9407E-03   
9.2891E-03   -5.4860E-03   
1.5344E-02   -2.7501E-03   
1.5852E-02   -2.6643E-03   
2.1104E-02   -1.7001E-05   
1.6449E-02   -2.4772E-03   
1.7108E-02   -2.3334E-03   
1.1237E-03   -1.0263E-02   
1.7718E-02   -2.1877E-03   
2.1529E-02   -1.3572E-05   
1.8883E-02   -8.2190E-05   
1.1051E-02   -4.1925E-03   
1.8368E-02   -2.0117E-03   
1.8982E-02   -1.8668E-03   
1.7520E-02   -7.4011E-04   
2.2005E-02   -5.8473E-06   
1.6694E-02   -9.5998E-04   
1.5997E-02   -1.1786E-03   
2.0156E-02   -1.5127E-03   
2.2457E-02   -2.1918E-04   
2.2553E-02   -2.3961E-04   
2.2550E-02   -3.1981E-05   
2.2603E-02   -7.9263E-06   
2.2493E-02   -1.1371E-04   
4.9653E-03   -8.8318E-03   
2.1392E-02   -9.7081E-04   
1.2878E-03   -1.0351E-02   
1.6932E-02   -9.6840E-04   
1.6411E-02   -1.1159E-03   
2.2917E-03   -1.0057E-02   
1.5769E-02   -1.4485E-03   
2.9914E-03   -9.7620E-03   
1.8794E-02   -2.1598E-04   
1.5168E-02   -1.8196E-03   
1.8475E-02   -4.8478E-04   
3.3094E-03   -9.7162E-03   
1.1326E-02   -4.1086E-03   
2.2264E-03   -1.0171E-02   
1.2874E-02   -3.0994E-03   
3.1797E-03   -9.8630E-03   
1.7380E-02   -8.4327E-04   
1.7548E-02   -2.0784E-03   
1.4545E-02   -2.8445E-03   
4.2671E-03   -9.3227E-03   
9.1299E-03   -5.7399E-03   
6.7995E-03   -7.5722E-03   
7.2273E-03   -7.2020E-03   
2.0199E-02   -5.5603E-05   
1.5125E-02   -2.0855E-03   
1.9016E-02   -1.1750E-04   
1.8248E-02   -6.5283E-04   
1.9581E-02   -6.1981E-05   
2.1471E-02   -3.0661E-05   
1.4180E-02   -2.4576E-03   
1.5586E-02   -2.5493E-03   
1.8322E-02   -3.0327E-04   
1.8375E-02   -4.2107E-04   
1.5483E-02   -1.5456E-03   
1.2777E-02   -2.9844E-03   
2.2295E-02   -1.7231E-06   
1.9597E-02   -1.6887E-03   
1.0752E-02   -4.7692E-03   
1.8515E-02   -1.8261E-03   
2.2591E-02   -1.3976E-04   
2.2694E-02   -3.3224E-06   
2.2666E-02   -1.6819E-05   
2.2622E-02   -6.6823E-05   
1.6542E-02   -2.2902E-03   
1.3202E-02   -3.3179E-03   
2.0893E-02   -3.9044E-05   
2.0714E-02   -1.0844E-03   
2.2056E-02   -1.7659E-05   
2.1422E-02   -8.2813E-04   
2.1873E-02   -2.7644E-04   
2.2110E-02   -2.6134E-05   
2.2018E-02   -8.1320E-05   
2.1734E-02   -5.1097E-04   
1.7240E-02   -9.6925E-04   
1.4475E-02   -2.7405E-03   
1.8914E-02   -1.6416E-04   
1.9238E-02   -1.3340E-04   
2.0000E-02   -9.1811E-05   
1.4529E-03   -1.0219E-02   
1.3909E-02   -2.6628E-03   
1.6238E-02   -1.2859E-03   
8.8405E-03   -6.0587E-03   
1.8824E-02   -2.6779E-04   
2.0687E-02   -6.8111E-05   
1.9400E-02   -1.6099E-03   
4.2066E-03   -9.3098E-03   
1.4020E-02   -2.8698E-03   
1.0739E-02   -4.7258E-03   
1.5494E-02   -2.4651E-03   
1.3245E-02   -2.9835E-03   
1.7134E-02   -2.0768E-03   
1.5629E-02   -1.7001E-03   
1.2371E-02   -3.6788E-03   
1.8072E-02   -7.6847E-04   
1.8550E-02   -5.4990E-04   
1.6076E-02   -2.3237E-03   
1.5596E-02   -1.8452E-03   
2.1086E-02   -5.3581E-05   
1.5195E-02   -2.1883E-03   
2.0342E-02   -7.9762E-05   
1.2306E-02   -3.5766E-03   
1.8679E-02   -3.4183E-04   
1.4979E-02   -2.6022E-03   
1.6018E-02   -1.4739E-03   
1.9606E-02   -1.0265E-04   
1.8755E-02   -3.8916E-04   
2.1287E-02   -4.3451E-04   
2.1638E-02   -5.6013E-05   
2.1518E-02   -1.4803E-04   
2.1722E-02   -2.9161E-05   
1.7638E-02   -8.4772E-04   
1.9957E-02   -1.3304E-03   
2.0880E-02   -8.5902E-04   
2.2004E-02   -6.1789E-05   
2.1786E-02   -4.1254E-04   
2.1869E-02   -1.5850E-04   
2.1799E-02   -2.0607E-04   
1.4881E-02   -2.5088E-03   
1.1910E-02   -3.9072E-03   
2.0804E-02   -8.8021E-05   
1.8963E-02   -1.6687E-03   
1.3750E-02   -2.8811E-03   
1.5632E-02   -1.9588E-03   
1.4778E-02   -2.4248E-03   
1.8943E-02   -5.0280E-04   
1.9451E-02   -1.5271E-04   
1.6720E-02   -2.0954E-03   
2.0157E-02   -1.1390E-04   
2.1443E-02   -2.2174E-04   
2.1657E-02   -9.0089E-05   
1.9126E-02   -3.5027E-04   
1.7095E-02   -1.1076E-03   
1.9164E-02   -2.4403E-04   
1.6577E-02   -1.2771E-03   
2.1298E-02   -3.1880E-04   
2.0182E-02   -1.0601E-03   
1.8397E-02   -7.5232E-04   
1.7733E-02   -1.8665E-03   
1.6047E-02   -1.6373E-03   
1.4293E-02   -2.5885E-03   
1.5899E-02   -2.2425E-03   
1.8102E-02   -8.4951E-04   
2.1436E-02   -5.0648E-05   
1.9873E-02   -1.2446E-03   
2.1009E-02   -6.3147E-04   
1.6885E-02   -1.8923E-03   
1.6537E-02   -1.5452E-03   
1.7978E-02   -9.6474E-04   
1.8792E-02   -6.8795E-04   
1.6303E-02   -2.0253E-03   
1.5289E-02   -2.2811E-03   
2.0917E-02   -1.0586E-04   
1.9592E-02   -1.2447E-03   
2.0168E-02   -1.5320E-04   
2.0577E-02   -1.2801E-04   
1.5795E-02   -2.1506E-03   
1.9394E-02   -2.6417E-04   
1.9456E-02   -1.9805E-04   
1.9232E-02   -4.0117E-04   
1.6029E-02   -1.5618E-03   
1.6097E-02   -1.8528E-03   
1.9059E-02   -5.5825E-04   
1.7912E-02   -1.6841E-03   
1.7436E-02   -1.1026E-03   
1.6943E-02   -1.2547E-03   
1.6421E-02   -1.6887E-03   
1.8403E-02   -8.9610E-04   
1.8701E-02   -7.9066E-04   
1.8149E-02   -1.8426E-03   
1.9343E-02   -4.5015E-04   
1.6191E-02   -1.9388E-03   
2.1254E-02   -8.2698E-05   
1.9764E-02   -2.0219E-04   
1.9497E-02   -3.1640E-04   
1.8966E-02   -1.4372E-03   
2.0023E-02   -2.1356E-04   
1.6854E-02   -1.3734E-03   
1.7689E-02   -1.1146E-03   
1.8749E-02   -8.6629E-04   
1.6550E-02   -1.7441E-03   
1.9892E-02   -2.7751E-04   
1.9900E-02   -1.0411E-03   
1.9203E-02   -5.9280E-04   
1.9741E-02   -3.9637E-04   
1.8712E-02   -1.6480E-03   
2.0729E-02   -1.4624E-04   
1.7095E-02   -1.3895E-03   
1.7610E-02   -1.2281E-03   
2.1392E-02   -9.6677E-05   
1.9552E-02   -5.4345E-04   
2.0935E-02   -1.5867E-04   
1.7041E-02   -1.6184E-03   
1.9940E-02   -3.2335E-04   
2.0514E-02   -1.9870E-04   
1.9858E-02   -4.3419E-04   
1.8002E-02   -1.1994E-03   
2.0207E-02   -2.2491E-04   
1.8527E-02   -1.0309E-03   
1.9301E-02   -7.5031E-04   
2.0215E-02   -3.2637E-04   
1.9439E-02   -8.2289E-04   
1.7161E-02   -1.6924E-03   
1.8891E-02   -1.0121E-03   
1.7437E-02   -1.4016E-03   
1.8363E-02   -1.1849E-03   
2.0588E-02   -2.3146E-04   
2.1319E-02   -1.4074E-04   
1.9729E-02   -8.2712E-04   
1.9281E-02   -9.7894E-04   
2.0679E-02   -2.6453E-04   
1.7549E-02   -1.5063E-03   
1.8119E-02   -1.3707E-03   
2.0457E-02   -3.3270E-04   
2.0198E-02   -7.3374E-04   
1.9195E-02   -1.1205E-03   
2.1084E-02   -2.0807E-04   
2.0416E-02   -3.8891E-04   
2.0131E-02   -8.6365E-04   
2.1250E-02   -2.2327E-04   
1.9643E-02   -1.0328E-03   
1.9978E-02   -4.7341E-04   
1.9667E-02   -5.9670E-04   
1.9834E-02   -6.4295E-04   
2.0356E-02   -5.2818E-04   
