51 
1844 
3.0764E-02   -5.7281E-03   
3.2174E-02   -3.4531E-03   
3.3166E-02   -2.0646E-03   
3.3840E-02   -1.0138E-03   
3.4477E-37   -4.9024E-04   
3.4075E-02   4.2439E-38   
3.4244E-02   -1.2641E-34   
3.4349E-02   -3.4886E-35   
3.4657E-02   1.3176E-35   
3.4983E-02   3.5483E-35   
3.5431E-02   9.2863E-35   
3.6011E-02   1.3842E-34   
3.6473E-02   1.7068E-34   
3.7284E-02   2.5922E-34   
3.7903E-02   3.0801E-34   
3.8585E-02   2.6151E-34   
3.8948E-02   4.0184E-34   
3.9722E-02   5.7481E-34   
4.0557E-02   7.9663E-34   
4.1000E-02   -4.7047E-30   
4.1000E-02   -1.3459E-34   
4.1000E-02   -1.3459E-34   
4.1000E-02   -1.3459E-34   
4.1000E-02   -1.3459E-34   
4.1000E-02   -1.3459E-34   
4.1000E-02   -1.3459E-34   
4.1000E-02   -1.3459E-34   
4.1000E-02   -1.3459E-34   
4.1000E-02   -1.3459E-34   
4.1000E-02   -1.3459E-34   
4.1000E-02   -1.3459E-34   
4.1000E-02   -1.3459E-34   
3.9742E-02   -8.0140E-04   
3.8404E-02   -1.4836E-03   
3.7782E-02   -1.7241E-03   
3.7166E-02   -1.9238E-03   
3.5939E-02   -2.2517E-03   
3.5324E-02   -2.3964E-03   
3.4084E-02   -2.6787E-03   
3.3455E-02   -2.8307E-03   
3.1264E-02   -3.8432E-03   
2.4188E-02   -8.4603E-03   
1.7925E-02   -1.2344E-02   
6.0236E-03   -2.0760E-02   
4.0981E-03   -2.2594E-02   
3.6201E-03   -2.2915E-02   
2.7154E-03   -2.3238E-02   
1.7978E-03   -2.3366E-02   
8.8873E-04   -2.3425E-02   
-2.0380E-37   -2.3440E-02   
9.0419E-34   -2.3143E-02   
9.6287E-34   -2.2857E-02   
9.1082E-34   -2.2464E-02   
8.5942E-34   -2.2230E-02   
7.4351E-34   -2.1830E-02   
6.6760E-34   -2.1579E-02   
5.9255E-34   -2.1303E-02   
5.0873E-34   -2.1027E-02   
4.1790E-34   -2.0132E-02   
2.7475E-02   -5.5161E-03   
4.0443E-02   -1.6192E-05   
3.9868E-02   -4.8005E-05   
3.9046E-02   -1.0348E-04   
3.8376E-02   -1.5607E-04   
3.7723E-02   -2.2470E-04   
3.7010E-02   -2.6895E-04   
3.6443E-02   -2.9028E-04   
3.5720E-02   -3.5115E-04   
3.5021E-02   -3.9723E-04   
3.4331E-02   -4.4807E-04   
3.3660E-02   -5.1037E-04   
3.2971E-02   -6.1485E-04   
3.2248E-02   -8.3423E-04   
3.1234E-02   -1.3955E-03   
2.9998E-02   -2.5843E-03   
3.2164E-02   -2.2228E-03   
3.2564E-02   -9.3887E-04   
3.3118E-02   -4.8115E-04   
3.3668E-02   -3.1886E-04   
3.4215E-02   -2.6640E-04   
3.4749E-02   -2.4919E-04   
3.5395E-02   -2.1544E-04   
3.6000E-02   -1.9283E-04   
3.6573E-02   -1.6734E-04   
3.7156E-02   -1.6439E-04   
3.7823E-02   -1.2244E-04   
3.8466E-02   -8.9034E-05   
3.9098E-02   -6.4581E-05   
3.9782E-02   -2.8747E-05   
4.0383E-02   -7.1947E-06   
3.3752E-02   -5.1845E-04   
3.3966E-02   -1.9283E-04   
3.4223E-02   -1.1850E-04   
3.4636E-02   -9.4256E-05   
3.5059E-02   -8.8558E-05   
3.5600E-02   -9.0431E-05   
3.6104E-02   -9.1206E-05   
3.6619E-02   -8.7336E-05   
3.7304E-02   -6.7126E-05   
3.7885E-02   -5.1316E-05   
3.8550E-02   -4.0364E-05   
3.9215E-02   -2.4639E-05   
3.9873E-02   -1.1702E-05   
4.0487E-02   -1.0837E-06   
4.0333E-02   -3.5002E-05   
3.9698E-02   -9.2701E-05   
3.8924E-02   -1.8102E-04   
3.8230E-02   -2.3815E-04   
3.7609E-02   -3.2616E-04   
3.6854E-02   -4.0019E-04   
3.6114E-02   -4.7219E-04   
3.5419E-02   -5.3465E-04   
3.4687E-02   -6.1829E-04   
3.4006E-02   -7.0133E-04   
3.3128E-02   -8.4381E-04   
3.2183E-02   -1.0608E-03   
3.1265E-02   -1.3642E-03   
3.0111E-02   -1.9427E-03   
2.7139E-02   -3.9189E-03   
1.0657E-02   -1.4707E-02   
4.0278E-02   -6.6346E-05   
3.9729E-02   -1.3707E-04   
3.8790E-02   -2.7430E-04   
3.8177E-02   -3.6558E-04   
3.7454E-02   -4.5928E-04   
3.6577E-02   -5.8813E-04   
3.5827E-02   -6.6393E-04   
3.5093E-02   -7.5319E-04   
3.4211E-02   -8.9403E-04   
3.3372E-02   -1.0616E-03   
3.2487E-02   -1.2606E-03   
3.1592E-02   -1.4654E-03   
3.0467E-02   -1.9030E-03   
2.8238E-02   -3.1358E-03   
1.7374E-02   -1.0236E-02   
1.9245E-03   -2.0549E-02   
4.0473E-02   -6.5872E-05   
3.9456E-02   -2.3906E-04   
3.8882E-02   -3.3520E-04   
3.8177E-02   -4.7253E-04   
3.7132E-02   -6.5000E-04   
3.6388E-02   -7.7534E-04   
3.5628E-02   -8.8350E-04   
3.4713E-02   -1.0427E-03   
3.3870E-02   -1.2146E-03   
3.2982E-02   -1.3827E-03   
3.2129E-02   -1.5800E-03   
3.1085E-02   -1.8715E-03   
2.8746E-02   -3.1356E-03   
2.1917E-02   -7.5832E-03   
6.7320E-03   -1.8003E-02   
1.1414E-03   -2.1429E-02   
4.0134E-02   -1.6239E-04   
3.9524E-02   -3.0366E-04   
3.8785E-02   -4.7982E-04   
3.8039E-02   -6.5385E-04   
3.6971E-02   -8.6166E-04   
3.6124E-02   -9.9487E-04   
3.5237E-02   -1.1858E-03   
3.4383E-02   -1.3703E-03   
3.3409E-02   -1.5366E-03   
3.2614E-02   -1.7054E-03   
3.1735E-02   -1.9789E-03   
3.0105E-02   -2.6907E-03   
2.3858E-02   -6.7163E-03   
1.0895E-02   -1.5808E-02   
2.3639E-03   -2.1452E-02   
1.0431E-03   -2.1794E-02   
4.0299E-02   -1.9943E-04   
3.9452E-02   -4.5565E-04   
3.8765E-02   -6.2306E-04   
3.7680E-02   -9.0402E-04   
3.6718E-02   -1.1467E-03   
3.5881E-02   -1.2909E-03   
3.4824E-02   -1.5068E-03   
3.4023E-02   -1.6783E-03   
3.3011E-02   -1.8717E-03   
3.2110E-02   -2.1133E-03   
3.0940E-02   -2.5708E-03   
2.7353E-02   -4.7294E-03   
1.7176E-02   -1.1862E-02   
4.8442E-03   -2.0594E-02   
2.0733E-03   -2.2018E-02   
9.5597E-04   -2.2124E-02   
4.0169E-02   -2.9143E-04   
3.9228E-02   -6.1516E-04   
3.8572E-02   -8.0778E-04   
3.7288E-02   -1.1935E-03   
3.6516E-02   -1.3802E-03   
3.5631E-02   -1.5967E-03   
3.4674E-02   -1.7712E-03   
3.3684E-02   -1.9919E-03   
3.2566E-02   -2.2556E-03   
3.1619E-02   -2.5722E-03   
2.8807E-02   -4.2909E-03   
2.1768E-02   -9.1271E-03   
7.7438E-03   -1.9387E-02   
3.5411E-03   -2.1929E-02   
2.0175E-03   -2.2396E-02   
1.0065E-03   -2.2447E-02   
4.0207E-02   -3.8892E-04   
3.9386E-02   -7.4870E-04   
3.8300E-02   -1.1098E-03   
3.7345E-02   -1.4396E-03   
3.6330E-02   -1.6189E-03   
3.5332E-02   -1.8399E-03   
3.4367E-02   -2.0751E-03   
3.3389E-02   -2.3189E-03   
3.2388E-02   -2.5506E-03   
2.9943E-02   -3.8232E-03   
2.3435E-02   -8.3157E-03   
1.1781E-02   -1.6950E-02   
4.8387E-03   -2.1679E-02   
3.0061E-03   -2.2577E-02   
1.9559E-03   -2.2722E-02   
1.0874E-03   -2.2756E-02   
3.9871E-02   -6.8155E-04   
3.8903E-02   -1.1681E-03   
3.8122E-02   -1.4038E-03   
3.6854E-02   -1.7753E-03   
3.6070E-02   -1.9602E-03   
3.4963E-02   -2.2132E-03   
3.3980E-02   -2.4610E-03   
3.3108E-02   -2.6428E-03   
3.1512E-02   -3.3090E-03   
2.6293E-02   -6.4689E-03   
1.8214E-02   -1.2124E-02   
6.7886E-03   -2.0723E-02   
4.0076E-03   -2.2610E-02   
2.8968E-03   -2.2907E-02   
1.9312E-03   -2.3034E-02   
8.6708E-04   -2.3151E-02   
8.5077E-03   -9.4289E-04   
1.6030E-02   -1.9531E-03   
2.2598E-02   -3.0883E-03   
2.6435E-02   -4.3062E-03   
2.8565E-02   -5.2817E-03   
2.9793E-02   -5.9210E-03   
3.0347E-02   -5.8733E-03   
3.1038E-02   -5.4525E-03   
3.1233E-02   -5.1149E-03   
3.1407E-02   -4.7821E-03   
3.1571E-02   -4.4726E-03   
3.1730E-02   -4.1872E-03   
3.1883E-02   -3.9236E-03   
3.2031E-02   -3.6796E-03   
3.2313E-02   -3.2423E-03   
3.2447E-02   -3.0454E-03   
3.2577E-02   -2.8604E-03   
3.2704E-02   -2.6864E-03   
3.2826E-02   -2.5208E-03   
3.2944E-02   -2.3625E-03   
3.3058E-02   -2.2107E-03   
3.3270E-02   -1.9231E-03   
3.3369E-02   -1.7854E-03   
3.3462E-02   -1.6509E-03   
3.3550E-02   -1.5192E-03   
3.3632E-02   -1.3897E-03   
3.3708E-02   -1.2624E-03   
3.3777E-02   -1.1371E-03   
3.3898E-02   -8.9321E-04   
3.3947E-02   -7.6966E-04   
3.3990E-02   -6.4649E-04   
3.4019E-02   -5.1954E-04   
3.4053E-02   -3.9472E-04   
3.4063E-02   -2.6447E-04   
3.4082E-02   -1.3346E-04   
3.4145E-02   -4.4047E-34   
3.4180E-02   -4.3193E-34   
3.4204E-02   -3.3605E-34   
3.4220E-02   -1.9068E-34   
3.4233E-02   -1.5493E-34   
3.4256E-02   -1.0216E-34   
3.4271E-02   -8.1400E-35   
3.4291E-02   -6.3602E-35   
3.4316E-02   -4.8247E-35   
3.4390E-02   -2.3188E-35   
3.4441E-02   -1.2907E-35   
3.4502E-02   -3.7577E-36   
3.4574E-02   4.8061E-36   
3.4753E-02   2.0796E-35   
3.4861E-02   2.8244E-35   
3.5119E-02   4.3234E-35   
3.5268E-02   5.0992E-35   
3.5610E-02   9.9652E-35   
3.5803E-02   7.7458E-35   
3.6234E-02   1.4994E-34   
3.6728E-02   1.9599E-34   
3.6998E-02   2.2058E-34   
3.7586E-02   2.6261E-34   
3.8236E-02   3.4350E-34   
3.9328E-02   4.9011E-34   
4.0131E-02   4.9096E-34   
4.1000E-02   -1.3459E-34   
4.1000E-02   -1.3459E-34   
4.1000E-02   -1.3459E-34   
4.1000E-02   -1.3459E-34   
4.1000E-02   -1.3459E-34   
3.9049E-02   -1.1867E-03   
3.6553E-02   -2.0963E-03   
3.4706E-02   -2.5367E-03   
3.2770E-02   -3.0333E-03   
2.8606E-02   -5.4795E-03   
1.0830E-02   -1.7267E-02   
4.6394E-03   -2.2032E-02   
3.1697E-03   -2.3120E-02   
2.2567E-03   -2.3313E-02   
1.3409E-03   -2.3401E-02   
4.4208E-04   -2.3438E-02   
6.6522E-34   -2.3291E-02   
9.4693E-34   -2.2998E-02   
9.3561E-34   -2.2720E-02   
1.3656E-33   -2.2589E-02   
1.3759E-33   -2.2344E-02   
8.3630E-34   -2.2122E-02   
8.1004E-34   -2.2020E-02   
7.7535E-34   -2.1923E-02   
7.1670E-34   -2.1742E-02   
6.9131E-34   -2.1658E-02   
6.4700E-34   -2.1504E-02   
6.2729E-34   -2.1432E-02   
6.0839E-34   -2.1365E-02   
5.8031E-34   -2.1245E-02   
5.6520E-34   -2.1191E-02   
5.4646E-34   -2.1138E-02   
5.2716E-34   -2.1083E-02   
4.9354E-34   -2.0965E-02   
4.7807E-34   -2.0888E-02   
4.6410E-34   -2.0785E-02   
4.5000E-34   -2.0642E-02   
4.3384E-34   -2.0438E-02   
4.0058E-34   -1.9663E-02   
3.8274E-34   -1.8942E-02   
3.6460E-34   -1.7870E-02   
3.4801E-34   -1.6358E-02   
3.3272E-34   -1.4320E-02   
4.8408E-34   -1.1603E-02   
4.4045E-34   -8.3837E-03   
3.2267E-34   -4.5417E-03   
3.1226E-02   -4.5028E-03   
3.2376E-02   -2.8241E-03   
3.2784E-02   -2.3158E-03   
3.1587E-02   -3.9263E-03   
3.3732E-02   -1.1068E-03   
3.0610E-02   -5.5494E-03   
2.4675E-02   -5.3223E-03   
3.3469E-02   -1.4751E-03   
3.3986E-02   -6.4323E-04   
3.3152E-02   -1.8736E-03   
3.1921E-02   -3.4358E-03   
3.3872E-02   -8.7310E-04   
3.2079E-02   -3.2176E-03   
3.0314E-02   -5.8600E-03   
3.3035E-02   -2.0154E-03   
3.3563E-02   -1.3495E-03   
3.4116E-02   -1.8447E-04   
1.1286E-02   -4.5106E-03   
2.9878E-02   -6.0459E-03   
3.2517E-02   -2.6459E-03   
3.2651E-02   -2.4764E-03   
3.3805E-02   -9.8903E-04   
2.7743E-02   -5.7386E-03   
3.4031E-02   -5.2819E-04   
1.8930E-02   -5.2218E-03   
2.9310E-02   -6.1412E-03   
3.3651E-02   -1.2269E-03   
3.3933E-02   -7.5776E-04   
3.0834E-02   -5.1841E-03   
3.3369E-02   -1.6041E-03   
3.3263E-02   -1.7368E-03   
3.1758E-02   -3.6716E-03   
3.1034E-02   -4.8300E-03   
3.1410E-02   -4.2027E-03   
3.2231E-02   -3.0144E-03   
3.2913E-02   -2.1625E-03   
6.1418E-03   -1.2798E-02   
5.0015E-03   -1.5033E-02   
3.9385E-03   -1.6814E-02   
2.9787E-03   -1.8147E-02   
2.1696E-03   -1.9085E-02   
1.5517E-03   -1.9724E-02   
1.1113E-03   -2.0155E-02   
8.1221E-04   -2.0445E-02   
6.1136E-04   -2.0644E-02   
3.4185E-02   -9.7125E-05   
4.7396E-04   -2.0784E-02   
3.4204E-02   -8.0132E-05   
3.7644E-04   -2.0887E-02   
3.4218E-02   -6.7197E-05   
3.0703E-04   -2.0966E-02   
3.4229E-02   -5.6275E-05   
2.6136E-04   -2.1032E-02   
3.4240E-02   -4.7341E-05   
2.2790E-04   -2.1092E-02   
3.4253E-02   -4.0040E-05   
2.0424E-04   -2.1150E-02   
3.4270E-02   -3.4189E-05   
1.9117E-04   -2.1209E-02   
3.4292E-02   -2.9626E-05   
1.9144E-04   -2.1270E-02   
3.4321E-02   -2.6176E-05   
1.9892E-04   -2.1332E-02   
3.4358E-02   -2.3662E-05   
2.0778E-04   -2.1397E-02   
3.4404E-02   -2.1981E-05   
2.1578E-04   -2.1466E-02   
3.4460E-02   -2.1030E-05   
2.2441E-04   -2.1539E-02   
3.4527E-02   -2.0662E-05   
2.3437E-04   -2.1617E-02   
3.4605E-02   -2.0700E-05   
2.4466E-04   -2.1699E-02   
3.4695E-02   -2.0904E-05   
2.5463E-04   -2.1785E-02   
3.4797E-02   -2.1731E-05   
2.6482E-04   -2.1875E-02   
3.4911E-02   -2.2795E-05   
2.7518E-04   -2.1969E-02   
3.5038E-02   -2.4336E-05   
2.8870E-04   -2.2067E-02   
3.5179E-02   -2.5741E-05   
3.0470E-04   -2.2170E-02   
3.5335E-02   -2.6772E-05   
3.1442E-04   -2.2280E-02   
3.5506E-02   -2.7820E-05   
3.2435E-04   -2.2395E-02   
3.5693E-02   -2.8701E-05   
3.4944E-04   -2.2517E-02   
3.5898E-02   -2.8998E-05   
3.6508E-04   -2.2649E-02   
3.6114E-02   -2.8051E-05   
3.6901E-04   -2.2786E-02   
3.6340E-02   -2.9166E-05   
3.8452E-04   -2.2927E-02   
3.6586E-02   -2.8891E-05   
4.0855E-04   -2.3077E-02   
3.1652E-02   -3.4286E-03   
3.3146E-02   -1.6931E-03   
3.3583E-02   -1.1927E-03   
3.0861E-02   -4.5509E-03   
3.4114E-02   -2.7849E-04   
2.1082E-02   -7.2516E-03   
3.2458E-02   -2.4389E-03   
3.4023E-02   -5.2830E-04   
2.8442E-02   -6.5521E-03   
3.0167E-02   -5.6667E-03   
2.9851E-02   -6.0111E-03   
3.2890E-02   -1.9718E-03   
3.2000E-02   -2.9908E-03   
3.3837E-02   -8.5352E-04   
3.3906E-02   -7.4440E-04   
3.2161E-02   -2.7946E-03   
3.2750E-02   -2.1190E-03   
3.3675E-02   -1.0771E-03   
3.3483E-02   -1.3118E-03   
3.1071E-02   -4.2336E-03   
3.0414E-02   -5.2737E-03   
1.4406E-02   -7.8717E-03   
3.1273E-02   -3.9425E-03   
3.2310E-02   -2.6145E-03   
3.2604E-02   -2.2738E-03   
3.3759E-02   -9.6417E-04   
3.3968E-02   -6.3643E-04   
3.1467E-02   -3.6752E-03   
3.3265E-02   -1.5615E-03   
2.9378E-02   -6.2411E-03   
3.0642E-02   -4.8970E-03   
3.3377E-02   -1.4346E-03   
3.4073E-02   -4.1396E-04   
2.5823E-02   -6.6731E-03   
3.3022E-02   -1.8302E-03   
3.1830E-02   -3.2016E-03   
6.8038E-03   -9.9897E-03   
1.1047E-02   -1.2896E-02   
9.2472E-03   -1.4872E-02   
7.3160E-03   -1.6501E-02   
5.5047E-03   -1.7759E-02   
4.0643E-03   -1.8693E-02   
2.9749E-03   -1.9378E-02   
2.1749E-03   -1.9874E-02   
3.4158E-02   -1.2688E-04   
1.6003E-03   -2.0228E-02   
1.1939E-03   -2.0480E-02   
3.4171E-02   -1.7170E-04   
9.0936E-04   -2.0662E-02   
3.4184E-02   -1.4674E-04   
7.1301E-04   -2.0799E-02   
3.4195E-02   -1.2250E-04   
5.8048E-04   -2.0907E-02   
3.4204E-02   -1.0292E-04   
4.9372E-04   -2.0994E-02   
3.4215E-02   -8.7061E-05   
4.4014E-04   -2.1070E-02   
3.4229E-02   -7.4155E-05   
4.1151E-04   -2.1142E-02   
3.4248E-02   -6.3926E-05   
3.9863E-04   -2.1216E-02   
3.4273E-02   -5.6131E-05   
3.9909E-04   -2.1287E-02   
3.4306E-02   -5.0398E-05   
4.0896E-04   -2.1356E-02   
3.4348E-02   -4.6239E-05   
4.2271E-04   -2.1424E-02   
3.4399E-02   -4.3693E-05   
4.3918E-04   -2.1494E-02   
3.4461E-02   -4.2594E-05   
4.5768E-04   -2.1570E-02   
3.4534E-02   -4.2517E-05   
4.7871E-04   -2.1651E-02   
3.4620E-02   -4.2556E-05   
4.9907E-04   -2.1735E-02   
3.4717E-02   -4.2593E-05   
5.1915E-04   -2.1823E-02   
3.4821E-02   -4.5270E-05   
5.3694E-04   -2.1914E-02   
3.4938E-02   -4.7265E-05   
5.5136E-04   -2.2008E-02   
3.5068E-02   -5.1635E-05   
5.8853E-04   -2.2104E-02   
3.5217E-02   -5.3529E-05   
6.2351E-04   -2.2210E-02   
3.5382E-02   -5.5313E-05   
6.2778E-04   -2.2322E-02   
3.5561E-02   -5.7409E-05   
6.6031E-04   -2.2434E-02   
3.5764E-02   -5.8828E-05   
7.5741E-04   -2.2562E-02   
3.5986E-02   -5.8205E-05   
7.3324E-04   -2.2707E-02   
3.6195E-02   -5.3563E-05   
7.4927E-04   -2.2843E-02   
3.6415E-02   -6.4084E-05   
7.8999E-04   -2.2985E-02   
3.6848E-02   -3.0324E-05   
3.2407E-02   -2.2386E-03   
3.2573E-02   -2.0780E-03   
3.1939E-02   -2.7782E-03   
3.2732E-02   -1.9326E-03   
3.1758E-02   -2.9777E-03   
2.9700E-02   -5.8090E-03   
2.9980E-02   -5.3853E-03   
3.0236E-02   -4.9846E-03   
3.0482E-02   -4.6180E-03   
3.0717E-02   -4.2817E-03   
2.9321E-02   -6.1971E-03   
3.0943E-02   -3.9740E-03   
3.1567E-02   -3.1958E-03   
3.2879E-02   -1.7923E-03   
3.1160E-02   -3.6919E-03   
3.1368E-02   -3.4334E-03   
2.8407E-02   -6.6550E-03   
3.3018E-02   -1.6555E-03   
3.3791E-02   -8.3370E-04   
3.3870E-02   -7.2991E-04   
3.3940E-02   -6.2898E-04   
3.3703E-02   -9.3987E-04   
2.6343E-02   -7.5542E-03   
3.3150E-02   -1.5239E-03   
3.3607E-02   -1.0487E-03   
3.3393E-02   -1.2770E-03   
3.3275E-02   -1.3980E-03   
3.3504E-02   -1.1609E-03   
2.1975E-02   -8.4950E-03   
1.7974E-02   -9.0920E-03   
3.4003E-02   -5.2854E-04   
3.4060E-02   -4.2512E-04   
3.4110E-02   -3.1906E-04   
1.2740E-02   -1.0867E-02   
1.3085E-02   -1.4061E-02   
1.0154E-02   -1.5621E-02   
7.8361E-03   -1.6881E-02   
6.0001E-03   -1.7879E-02   
4.5477E-03   -1.8670E-02   
3.4155E-03   -1.9287E-02   
3.4151E-02   -2.0573E-04   
2.5555E-03   -1.9762E-02   
1.9208E-03   -2.0124E-02   
3.4131E-02   -2.4751E-04   
1.4636E-03   -2.0399E-02   
3.4144E-02   -2.0139E-04   
1.1430E-03   -2.0611E-02   
3.4152E-02   -1.6857E-04   
9.2381E-04   -2.0778E-02   
3.4160E-02   -1.4245E-04   
7.8100E-04   -2.0912E-02   
3.4171E-02   -1.2147E-04   
7.0332E-04   -2.1018E-02   
3.4186E-02   -1.0418E-04   
6.7688E-04   -2.1108E-02   
3.4208E-02   -9.1032E-05   
6.5156E-04   -2.1202E-02   
3.4235E-02   -8.1601E-05   
6.3620E-04   -2.1290E-02   
3.4272E-02   -7.4318E-05   
6.3439E-04   -2.1368E-02   
3.4319E-02   -6.9120E-05   
6.4769E-04   -2.1441E-02   
3.4376E-02   -6.6868E-05   
6.7235E-04   -2.1516E-02   
3.4442E-02   -6.6569E-05   
7.0365E-04   -2.1596E-02   
3.4525E-02   -6.6596E-05   
7.3461E-04   -2.1680E-02   
3.4624E-02   -6.6142E-05   
7.6452E-04   -2.1766E-02   
3.4725E-02   -6.3656E-05   
7.9138E-04   -2.1858E-02   
3.4814E-02   -7.4048E-05   
8.0481E-04   -2.1953E-02   
7.9424E-04   -2.2038E-02   
9.4302E-04   -2.2256E-02   
3.5403E-02   -8.6688E-05   
1.0723E-03   -2.2635E-02   
1.1267E-03   -2.2884E-02   
3.5826E-02   -9.1764E-05   
3.7139E-02   -3.1829E-05   
3.3972E-02   -5.2889E-04   
3.4035E-02   -4.3367E-04   
3.4093E-02   -3.3566E-04   
3.2064E-02   -2.4298E-03   
3.1897E-02   -2.5781E-03   
2.9135E-02   -5.9954E-03   
2.8259E-02   -6.6316E-03   
3.0353E-02   -4.3479E-03   
2.9499E-02   -5.5221E-03   
3.0602E-02   -4.0221E-03   
2.9806E-02   -5.0941E-03   
3.1706E-02   -2.7642E-03   
3.2728E-02   -1.7622E-03   
3.0091E-02   -4.7046E-03   
3.3736E-02   -8.1351E-04   
3.3637E-02   -9.1634E-04   
3.0842E-02   -3.7236E-03   
3.1072E-02   -3.4507E-03   
3.3292E-02   -1.2458E-03   
3.3414E-02   -1.1316E-03   
3.3827E-02   -7.1277E-04   
2.5877E-02   -7.8114E-03   
3.3905E-02   -6.1964E-04   
3.1504E-02   -2.9727E-03   
3.3161E-02   -1.3659E-03   
3.1293E-02   -3.2013E-03   
3.3530E-02   -1.0221E-03   
3.2879E-02   -1.6243E-03   
3.3024E-02   -1.4922E-03   
1.5429E-02   -1.2952E-02   
1.2528E-02   -1.4458E-02   
1.0146E-02   -1.5674E-02   
8.1169E-03   -1.6719E-02   
6.4005E-03   -1.7616E-02   
4.9864E-03   -1.8375E-02   
3.8559E-03   -1.9006E-02   
2.9761E-03   -1.9518E-02   
3.4135E-02   -2.5490E-04   
3.4080E-02   -2.9303E-04   
2.3126E-03   -1.9930E-02   
3.4085E-02   -2.4695E-04   
1.8222E-03   -2.0262E-02   
3.4091E-02   -2.0777E-04   
1.4661E-03   -2.0529E-02   
3.4097E-02   -1.7723E-04   
1.2215E-03   -2.0740E-02   
3.4107E-02   -1.5273E-04   
1.0819E-03   -2.0897E-02   
3.4127E-02   -1.3152E-04   
1.0744E-03   -2.1001E-02   
3.4149E-02   -1.1826E-04   
9.6402E-04   -2.1149E-02   
3.4177E-02   -1.0811E-04   
9.1331E-04   -2.1257E-02   
3.4221E-02   -9.9326E-05   
8.9138E-04   -2.1358E-02   
3.4275E-02   -9.3587E-05   
9.3253E-04   -2.1524E-02   
1.0679E-03   -2.2004E-02   
3.4404E-02   -9.4542E-05   
9.7463E-04   -2.1609E-02   
1.0068E-03   -2.1699E-02   
1.0794E-03   -2.1897E-02   
3.4951E-02   -7.1372E-05   
3.5253E-02   -8.0449E-05   
3.5409E-02   -1.2418E-04   
3.4503E-02   -9.4758E-05   
1.4868E-03   -2.2782E-02   
3.5626E-02   -1.2736E-04   
1.1158E-03   -2.2535E-02   
3.4733E-02   -1.0722E-04   
1.2972E-03   -2.2193E-02   
3.4063E-02   -3.5307E-04   
3.3996E-02   -4.4801E-04   
3.3935E-02   -5.3180E-04   
3.2426E-02   -1.8682E-03   
3.2394E-02   -2.0402E-03   
3.2568E-02   -1.7396E-03   
3.1685E-02   -2.5599E-03   
3.3773E-02   -6.9646E-04   
2.8921E-02   -5.6913E-03   
3.3867E-02   -5.9969E-04   
2.8060E-02   -6.4097E-03   
2.5763E-02   -7.7702E-03   
2.9334E-02   -5.2217E-03   
3.0254E-02   -4.0879E-03   
2.9975E-02   -4.4353E-03   
3.1465E-02   -2.7590E-03   
2.9673E-02   -4.8111E-03   
3.0516E-02   -3.7713E-03   
3.2730E-02   -1.6004E-03   
3.3315E-02   -1.1057E-03   
3.3670E-02   -7.9517E-04   
3.0767E-02   -3.4822E-03   
3.3442E-02   -9.9815E-04   
3.3561E-02   -8.9512E-04   
3.3180E-02   -1.2193E-03   
3.1009E-02   -3.2187E-03   
3.1241E-02   -2.9786E-03   
3.3037E-02   -1.3396E-03   
3.2887E-02   -1.4668E-03   
1.9203E-02   -1.1017E-02   
1.7180E-02   -1.2016E-02   
1.4795E-02   -1.3129E-02   
1.2541E-02   -1.4230E-02   
1.0461E-02   -1.5276E-02   
8.6026E-03   -1.6252E-02   
6.9865E-03   -1.7137E-02   
5.6162E-03   -1.7918E-02   
4.4981E-03   -1.8594E-02   
3.3999E-02   -3.4694E-04   
3.6065E-03   -1.9165E-02   
3.4010E-02   -2.8424E-04   
2.9136E-03   -1.9639E-02   
2.3687E-03   -2.0039E-02   
3.4013E-02   -2.4232E-04   
3.4015E-02   -2.0998E-04   
1.9177E-03   -2.0388E-02   
3.4019E-02   -1.8466E-04   
1.4465E-03   -2.0889E-02   
3.4055E-02   -1.5264E-04   
1.3665E-03   -2.1013E-02   
3.4159E-02   -1.2639E-04   
3.4103E-02   -1.3639E-04   
1.2927E-03   -2.1168E-02   
1.2799E-03   -2.1479E-02   
8.9191E-04   -2.1446E-02   
1.2909E-03   -2.1593E-02   
1.3257E-03   -2.1700E-02   
1.3786E-03   -2.2572E-02   
1.3515E-03   -2.2459E-02   
1.3718E-03   -2.1812E-02   
3.4349E-02   -1.2850E-04   
3.4874E-02   -9.8378E-05   
3.4583E-02   -1.3543E-04   
3.5193E-02   -1.1748E-04   
3.4461E-02   -1.2934E-04   
3.4332E-02   -9.3752E-05   
1.4313E-03   -2.1934E-02   
1.2534E-03   -2.2335E-02   
1.3515E-03   -2.2067E-02   
3.5855E-02   -1.2946E-04   
1.4254E-03   -2.2911E-02   
1.3402E-03   -2.2676E-02   
3.5410E-02   -1.6658E-04   
3.2210E-02   -1.9550E-03   
3.4016E-02   -3.8102E-04   
3.3812E-02   -5.8894E-04   
2.8794E-02   -5.3693E-03   
3.3705E-02   -6.8584E-04   
2.7985E-02   -6.0114E-03   
2.2589E-02   -9.2876E-03   
3.1448E-02   -2.5505E-03   
2.9887E-02   -4.1760E-03   
2.9570E-02   -4.5447E-03   
2.9229E-02   -4.9350E-03   
3.2570E-02   -1.5908E-03   
3.0182E-02   -3.8363E-03   
3.3345E-02   -9.7724E-04   
3.0456E-02   -3.5286E-03   
3.3475E-02   -8.7655E-04   
3.3594E-02   -7.8012E-04   
3.3207E-02   -1.0842E-03   
3.0717E-02   -3.2495E-03   
3.1211E-02   -2.7640E-03   
3.2740E-02   -1.4501E-03   
3.3059E-02   -1.1983E-03   
3.0969E-02   -2.9958E-03   
3.2903E-02   -1.3202E-03   
2.1403E-02   -9.7065E-03   
1.9384E-02   -1.0549E-02   
3.1940E-02   -2.1591E-03   
1.7255E-02   -1.1542E-02   
3.1690E-02   -2.3502E-03   
1.5108E-02   -1.2575E-02   
1.3072E-02   -1.3608E-02   
1.1171E-02   -1.4617E-02   
9.4245E-03   -1.5580E-02   
7.8874E-03   -1.6485E-02   
6.5601E-03   -1.7301E-02   
2.3093E-03   -2.0409E-02   
3.3922E-02   -3.6575E-04   
5.4549E-03   -1.8013E-02   
4.5429E-03   -1.8638E-02   
3.3922E-02   -3.1597E-04   
3.7483E-03   -1.9217E-02   
3.3918E-02   -2.7632E-04   
3.3914E-02   -2.4609E-04   
1.6266E-03   -2.0634E-02   
3.3967E-02   -1.8096E-04   
2.0788E-03   -2.0694E-02   
1.5427E-03   -2.1262E-02   
3.4754E-02   -1.4045E-04   
3.4392E-02   -1.7152E-04   
3.4091E-02   -1.5782E-04   
1.7064E-03   -2.1516E-02   
3.4018E-02   -1.6752E-04   
1.7516E-03   -2.1642E-02   
1.2045E-03   -2.1320E-02   
1.6652E-03   -2.2632E-02   
1.7663E-03   -2.1769E-02   
3.4966E-02   -1.3336E-04   
1.6589E-03   -2.2131E-02   
1.6252E-03   -2.2253E-02   
3.4245E-02   -1.3050E-04   
1.6982E-03   -2.2497E-02   
1.6996E-03   -2.1385E-02   
3.4281E-02   -1.6813E-04   
3.5635E-02   -1.6918E-04   
3.5204E-02   -1.6140E-04   
3.3833E-02   -5.0426E-04   
3.3733E-02   -5.9276E-04   
3.3927E-02   -4.7272E-04   
2.6379E-02   -6.6761E-03   
2.8794E-02   -5.0705E-03   
3.2392E-02   -1.5900E-03   
2.9490E-02   -4.2897E-03   
3.3624E-02   -6.8031E-04   
2.9125E-02   -4.6870E-03   
2.9825E-02   -3.9243E-03   
2.0093E-02   -1.0626E-02   
3.0134E-02   -3.5932E-03   
3.1204E-02   -2.5570E-03   
3.3239E-02   -9.6051E-04   
3.3506E-02   -7.6967E-04   
3.3378E-02   -8.6234E-04   
3.2580E-02   -1.4426E-03   
3.0422E-02   -3.2944E-03   
3.3088E-02   -1.0680E-03   
3.0693E-02   -3.0258E-03   
3.0953E-02   -2.7814E-03   
3.2758E-02   -1.3081E-03   
3.2927E-02   -1.1839E-03   
3.1456E-02   -2.3463E-03   
2.3553E-02   -8.2109E-03   
2.1726E-02   -8.9979E-03   
1.9677E-02   -9.9183E-03   
2.5620E-02   -7.4679E-03   
1.7742E-02   -1.0848E-02   
3.1710E-02   -2.1461E-03   
3.1962E-02   -1.9519E-03   
1.5857E-02   -1.1796E-02   
3.3906E-02   -4.2453E-04   
3.2191E-02   -1.7641E-03   
1.4013E-02   -1.2761E-02   
1.2281E-02   -1.3747E-02   
9.1923E-03   -1.5614E-02   
3.3831E-02   -3.9471E-04   
7.9211E-03   -1.6446E-02   
6.8508E-03   -1.7191E-02   
3.3815E-02   -3.5215E-04   
3.3805E-02   -3.1345E-04   
3.7704E-03   -1.9383E-02   
1.8978E-03   -2.0945E-02   
3.3858E-02   -2.1666E-04   
3.4182E-02   -1.6782E-04   
2.2865E-03   -2.1326E-02   
2.8530E-03   -1.9880E-02   
3.4512E-02   -1.7926E-04   
3.7891E-03   -1.9521E-02   
3.4192E-02   -2.1471E-04   
1.7846E-03   -2.1237E-02   
1.9771E-03   -2.2189E-02   
2.2496E-03   -2.1186E-02   
1.8456E-03   -2.1854E-02   
3.4099E-02   -1.7276E-04   
3.5034E-02   -1.5820E-04   
3.3906E-02   -2.0726E-04   
1.7253E-03   -2.1995E-02   
1.6441E-03   -2.2374E-02   
3.5178E-02   -2.0952E-04   
3.5848E-02   -1.6867E-04   
1.7611E-03   -2.2881E-02   
2.1205E-03   -2.2543E-02   
3.4914E-02   -1.1329E-04   
3.3647E-02   -5.9769E-04   
2.8523E-02   -4.9302E-03   
3.1218E-02   -2.3577E-03   
2.9045E-02   -4.4359E-03   
2.9438E-02   -4.0368E-03   
3.3534E-02   -6.8071E-04   
2.9789E-02   -3.6801E-03   
3.2408E-02   -1.4442E-03   
3.3278E-02   -8.4964E-04   
3.3414E-02   -7.6326E-04   
3.0112E-02   -3.3588E-03   
3.3125E-02   -9.4887E-04   
3.0957E-02   -2.5757E-03   
3.0412E-02   -3.0699E-03   
3.2602E-02   -1.3042E-03   
3.0691E-02   -2.8110E-03   
3.2960E-02   -1.0578E-03   
3.2786E-02   -1.1763E-03   
2.5682E-02   -6.7860E-03   
2.3457E-02   -7.7407E-03   
3.3836E-02   -4.4271E-04   
2.1885E-02   -8.4249E-03   
3.1977E-02   -1.7716E-03   
3.1479E-02   -2.1514E-03   
3.2201E-02   -1.5998E-03   
2.0300E-02   -9.1437E-03   
1.8644E-02   -9.9333E-03   
3.1734E-02   -1.9564E-03   
1.7028E-02   -1.0805E-02   
1.5422E-02   -1.1695E-02   
1.3875E-02   -1.2604E-02   
3.3796E-02   -2.8404E-04   
1.2459E-02   -1.3482E-02   
5.8121E-03   -1.7939E-02   
1.1280E-02   -1.4250E-02   
3.3703E-02   -4.4469E-04   
3.4008E-02   -2.1066E-04   
3.3689E-02   -3.9225E-04   
3.4812E-03   -1.9852E-02   
2.4080E-03   -2.0812E-02   
3.3819E-02   -2.3254E-04   
4.4744E-03   -1.8986E-02   
3.3952E-02   -2.0802E-04   
3.2772E-03   -2.0599E-02   
2.2387E-03   -2.1789E-02   
2.3508E-03   -2.0982E-02   
2.1696E-03   -2.1684E-02   
3.3724E-02   -2.6186E-04   
3.4809E-02   -1.8618E-04   
2.4886E-03   -2.2018E-02   
3.4987E-02   -2.0144E-04   
1.9137E-03   -2.2296E-02   
3.5136E-02   -2.6508E-04   
2.2025E-03   -2.2834E-02   
3.5662E-02   -2.1891E-04   
3.6079E-02   -1.3982E-04   
2.4394E-03   -2.2662E-02   
3.4607E-02   -1.9618E-04   
3.3665E-02   -5.2550E-04   
2.8001E-02   -5.5901E-03   
2.8553E-02   -4.5971E-03   
2.9015E-02   -4.1698E-03   
3.0979E-02   -2.3800E-03   
2.9416E-02   -3.7888E-03   
3.3449E-02   -6.8559E-04   
3.3328E-02   -7.4808E-04   
2.9780E-02   -3.4446E-03   
2.5923E-02   -6.3202E-03   
3.3171E-02   -8.3860E-04   
3.2436E-02   -1.3071E-03   
3.0116E-02   -3.1339E-03   
3.0709E-02   -2.6062E-03   
3.3002E-02   -9.4136E-04   
3.0426E-02   -2.8550E-03   
3.2634E-02   -1.1745E-03   
3.2822E-02   -1.0531E-03   
2.5060E-02   -6.5837E-03   
3.1247E-02   -2.1681E-03   
3.2002E-02   -1.6105E-03   
3.2226E-02   -1.4522E-03   
2.3955E-02   -6.9837E-03   
3.1762E-02   -1.7835E-03   
2.2608E-02   -7.5432E-03   
2.1308E-02   -8.1875E-03   
3.1509E-02   -1.9693E-03   
3.3759E-02   -4.6372E-04   
1.7303E-02   -1.0343E-02   
1.9960E-02   -8.8588E-03   
3.3673E-02   -3.5550E-04   
1.8617E-02   -9.5820E-03   
3.3902E-02   -2.3064E-04   
7.0954E-03   -1.7186E-02   
1.0337E-02   -1.4886E-02   
6.6966E-03   -1.7525E-02   
1.6161E-02   -1.1036E-02   
3.3566E-02   -4.7900E-04   
3.3768E-02   -2.5742E-04   
3.3686E-02   -2.7424E-04   
5.7127E-03   -1.8289E-02   
3.7595E-03   -2.0142E-02   
2.8679E-03   -2.1320E-02   
3.4937E-02   -2.5703E-04   
3.3819E-02   -2.5876E-04   
4.1177E-03   -1.9738E-02   
3.4409E-02   -2.3183E-04   
2.7372E-03   -2.1726E-02   
3.4533E-02   -2.5080E-04   
2.3158E-03   -2.2255E-02   
3.3982E-03   -2.0053E-02   
3.5359E-02   -2.7200E-04   
3.4090E-02   -2.1211E-04   
3.6345E-02   -1.0889E-04   
2.6425E-03   -2.2500E-02   
2.7105E-02   -5.4636E-03   
3.3548E-02   -6.0885E-04   
2.8538E-02   -4.3266E-03   
2.9015E-02   -3.9142E-03   
2.9428E-02   -3.5490E-03   
3.0743E-02   -2.4120E-03   
3.3413E-02   -6.3927E-04   
2.7965E-02   -5.0401E-03   
3.3229E-02   -7.3339E-04   
3.1017E-02   -2.1941E-03   
2.9802E-02   -3.2169E-03   
3.3051E-02   -8.3361E-04   
3.0147E-02   -2.9162E-03   
3.0459E-02   -2.6492E-03   
3.2472E-02   -1.1783E-03   
3.2868E-02   -9.3843E-04   
3.2674E-02   -1.0523E-03   
2.6726E-02   -5.3813E-03   
3.1798E-02   -1.6258E-03   
3.2260E-02   -1.3156E-03   
3.2035E-02   -1.4643E-03   
3.3799E-02   -2.5500E-04   
2.5494E-02   -5.8413E-03   
3.1285E-02   -1.9907E-03   
2.4596E-02   -6.2223E-03   
3.1546E-02   -1.8013E-03   
3.3547E-02   -4.3624E-04   
2.1530E-02   -7.6578E-03   
2.3603E-02   -6.6279E-03   
2.0536E-02   -8.2086E-03   
2.2578E-02   -7.1094E-03   
1.0785E-02   -1.4767E-02   
3.3561E-02   -5.3923E-04   
3.3657E-02   -3.2935E-04   
1.5210E-02   -1.1641E-02   
3.4065E-02   -1.5420E-04   
7.4942E-03   -1.7313E-02   
3.3657E-02   -2.9376E-04   
3.3975E-02   -2.6566E-04   
3.3885E-02   -2.6185E-04   
3.3613E-02   -3.1513E-04   
3.3569E-02   -3.1665E-04   
3.4260E-02   -2.9354E-04   
3.3532E-02   -3.2489E-04   
4.4213E-03   -1.9444E-02   
6.2569E-03   -1.8493E-02   
9.7692E-03   -1.5360E-02   
1.1010E-02   -1.4528E-02   
4.0727E-03   -2.0389E-02   
3.4538E-02   -3.0021E-04   
3.1295E-03   -2.1328E-02   
6.0417E-03   -1.8203E-02   
3.5084E-02   -3.2782E-04   
2.4269E-03   -2.2391E-02   
3.6681E-02   -5.5246E-05   
3.3576E-03   -2.1558E-02   
3.6299E-02   -1.5331E-04   
3.4877E-02   -3.1972E-04   
3.4304E-02   -2.1906E-04   
2.9877E-03   -2.1923E-02   
2.7904E-02   -4.8409E-03   
2.8576E-02   -4.0602E-03   
2.9060E-02   -3.6700E-03   
3.0791E-02   -2.2290E-03   
3.3290E-02   -6.2879E-04   
2.9469E-02   -3.3192E-03   
3.0508E-02   -2.4545E-03   
3.3104E-02   -7.3574E-04   
2.9852E-02   -2.9944E-03   
3.0198E-02   -2.7071E-03   
3.2922E-02   -8.3254E-04   
3.1841E-02   -1.4819E-03   
3.2514E-02   -1.0575E-03   
3.2724E-02   -9.3765E-04   
3.2300E-02   -1.1902E-03   
2.7130E-02   -4.9102E-03   
3.2076E-02   -1.3306E-03   
3.3452E-02   -5.5951E-04   
3.1063E-02   -2.0205E-03   
3.1591E-02   -1.6471E-03   
2.6763E-02   -4.9577E-03   
3.1330E-02   -1.8267E-03   
2.6141E-02   -5.1110E-03   
2.3982E-02   -6.0328E-03   
2.4729E-02   -5.6753E-03   
3.3419E-02   -5.2446E-04   
2.5453E-02   -5.3599E-03   
3.3523E-02   -4.0400E-04   
3.3924E-02   -2.0020E-04   
1.9583E-02   -8.7799E-03   
3.3505E-02   -3.4032E-04   
3.3397E-02   -3.8073E-04   
1.1554E-02   -1.4130E-02   
3.3624E-02   -3.2157E-04   
3.3360E-02   -3.8538E-04   
3.3440E-02   -3.8321E-04   
1.0502E-02   -1.5258E-02   
3.4089E-02   -2.6812E-04   
3.3741E-02   -3.2431E-04   
1.4624E-02   -1.2068E-02   
3.3997E-02   -3.3287E-04   
4.7550E-03   -2.0205E-02   
3.6728E-03   -2.0476E-02   
1.0823E-02   -1.5117E-02   
1.1532E-02   -1.4434E-02   
3.4807E-02   -3.8995E-04   
3.5301E-02   -3.3630E-04   
4.1635E-03   -2.0871E-02   
2.8735E-03   -2.2136E-02   
3.6527E-02   -1.2488E-04   
3.9146E-03   -2.1337E-02   
2.7927E-02   -4.5511E-03   
2.8703E-02   -3.8007E-03   
3.0567E-02   -2.2732E-03   
2.9099E-02   -3.4507E-03   
3.3138E-02   -6.6386E-04   
3.0847E-02   -2.0584E-03   
2.9530E-02   -3.0946E-03   
3.0261E-02   -2.5110E-03   
3.2980E-02   -7.3911E-04   
3.1890E-02   -1.3515E-03   
2.9916E-02   -2.7831E-03   
3.1642E-02   -1.5063E-03   
2.8034E-02   -4.2393E-03   
3.2792E-02   -8.3281E-04   
3.2341E-02   -1.0787E-03   
3.2121E-02   -1.2103E-03   
2.7657E-02   -4.2287E-03   
3.1383E-02   -1.6760E-03   
3.1117E-02   -1.8600E-03   
3.3387E-02   -4.8721E-04   
3.3490E-02   -3.6115E-04   
2.6331E-02   -4.5901E-03   
2.7227E-02   -4.3124E-03   
1.5542E-02   -1.1431E-02   
2.6794E-02   -4.4329E-03   
3.3498E-02   -3.8193E-04   
2.3206E-02   -6.4478E-03   
1.5307E-02   -1.1886E-02   
3.3171E-02   -4.5609E-04   
1.8613E-02   -9.4206E-03   
3.3206E-02   -4.5599E-04   
3.3331E-02   -3.9742E-04   
3.3494E-02   -3.9131E-04   
1.3434E-02   -1.3139E-02   
5.3697E-03   -2.0419E-02   
1.1827E-02   -1.4665E-02   
3.4070E-02   -3.6836E-04   
3.3845E-02   -3.2972E-04   
3.5242E-02   -4.0414E-04   
1.5512E-02   -1.1616E-02   
3.6925E-03   -2.1614E-02   
3.4603E-02   -3.8131E-04   
3.5575E-02   -2.8352E-04   
7.5838E-03   -1.8303E-02   
7.9310E-03   -1.7555E-02   
7.7745E-03   -1.7917E-02   
3.4727E-02   -4.6871E-04   
3.3251E-02   -5.7907E-04   
3.0631E-02   -2.1053E-03   
3.0332E-02   -2.3299E-03   
2.8592E-02   -3.6707E-03   
3.2691E-02   -8.3027E-04   
3.3321E-02   -4.3792E-04   
2.9164E-02   -3.2262E-03   
3.1701E-02   -1.3785E-03   
3.3052E-02   -6.4827E-04   
3.1944E-02   -1.2344E-03   
3.2859E-02   -7.4713E-04   
2.9603E-02   -2.8821E-03   
3.1444E-02   -1.5381E-03   
3.0909E-02   -1.9007E-03   
3.1179E-02   -1.7123E-03   
2.8227E-02   -3.7262E-03   
3.2366E-02   -9.9907E-04   
3.2172E-02   -1.1050E-03   
2.7711E-02   -3.7645E-03   
2.7968E-02   -3.7408E-03   
2.2187E-02   -7.0562E-03   
2.5837E-02   -4.7976E-03   
3.3352E-02   -4.5905E-04   
2.0116E-02   -8.4966E-03   
3.3312E-02   -4.1689E-04   
3.2968E-02   -5.3757E-04   
1.7337E-02   -1.0424E-02   
3.3141E-02   -4.6437E-04   
3.3244E-02   -4.6399E-04   
3.4397E-02   -3.7166E-04   
3.3572E-02   -4.0061E-04   
1.6608E-02   -1.1198E-02   
2.0300E-02   -8.2749E-03   
1.5020E-02   -1.1809E-02   
3.4323E-02   -3.2913E-04   
3.3806E-02   -4.2427E-04   
1.3402E-02   -1.3684E-02   
4.8725E-03   -2.1054E-02   
8.9719E-03   -1.7650E-02   
1.9318E-02   -9.0578E-03   
3.4686E-02   -3.1048E-04   
3.4961E-02   -4.6990E-04   
3.5517E-02   -3.4477E-04   
3.5814E-02   -2.4441E-04   
1.2398E-02   -1.4561E-02   
1.2167E-02   -1.5075E-02   
3.2726E-02   -7.6683E-04   
3.0074E-02   -2.4077E-03   
3.0398E-02   -2.1678E-03   
3.3156E-02   -5.2355E-04   
3.2248E-02   -1.0045E-03   
3.2011E-02   -1.1279E-03   
3.2894E-02   -6.8975E-04   
3.0696E-02   -1.9521E-03   
3.1768E-02   -1.2630E-03   
3.1512E-02   -1.4125E-03   
2.9705E-02   -2.6790E-03   
3.1247E-02   -1.5772E-03   
3.0976E-02   -1.7562E-03   
2.8806E-02   -3.3719E-03   
2.8685E-02   -3.3198E-03   
2.8528E-02   -3.2840E-03   
2.7445E-02   -3.8172E-03   
2.5223E-02   -5.1135E-03   
2.9235E-02   -3.0099E-03   
3.3204E-02   -5.4701E-04   
3.2914E-02   -5.5411E-04   
3.2503E-02   -8.8480E-04   
3.2937E-02   -5.4197E-04   
2.1630E-02   -7.4197E-03   
2.0107E-02   -8.3466E-03   
1.7996E-02   -1.0456E-02   
3.3001E-02   -5.4135E-04   
2.4351E-02   -5.6445E-03   
3.3089E-02   -5.1462E-04   
2.1566E-02   -7.6503E-03   
3.3282E-02   -4.8254E-04   
2.3027E-02   -6.5251E-03   
3.3909E-02   -4.4074E-04   
3.4159E-02   -4.4836E-04   
3.3685E-02   -4.0918E-04   
3.6041E-02   -2.4124E-04   
1.7516E-02   -1.1130E-02   
1.7636E-02   -1.0872E-02   
1.0612E-02   -1.6639E-02   
3.4670E-02   -5.4952E-04   
4.5183E-03   -2.1510E-02   
3.5171E-02   -4.7547E-04   
3.5792E-02   -2.9291E-04   
3.2810E-02   -6.8872E-04   
3.0135E-02   -2.2559E-03   
2.9783E-02   -2.5137E-03   
3.2092E-02   -1.0289E-03   
3.3011E-02   -6.1252E-04   
3.1845E-02   -1.1580E-03   
3.0463E-02   -2.0220E-03   
3.1590E-02   -1.2983E-03   
3.0767E-02   -1.8119E-03   
3.1325E-02   -1.4536E-03   
2.9078E-02   -2.9721E-03   
3.1051E-02   -1.6241E-03   
2.8389E-02   -3.2552E-03   
3.2584E-02   -7.8943E-04   
3.2693E-02   -6.3915E-04   
2.9456E-02   -2.7600E-03   
2.6696E-02   -4.1464E-03   
2.8242E-02   -3.2491E-03   
2.4904E-02   -5.2328E-03   
3.2340E-02   -9.0643E-04   
3.2727E-02   -6.2764E-04   
3.3879E-02   -5.0325E-04   
3.2939E-02   -6.0346E-04   
3.2762E-02   -6.2571E-04   
2.4756E-02   -5.3391E-03   
3.3025E-02   -5.5705E-04   
3.3368E-02   -4.9568E-04   
3.2891E-02   -5.7652E-04   
2.2393E-02   -7.5793E-03   
2.4068E-02   -5.8452E-03   
2.5129E-02   -5.3119E-03   
3.4125E-02   -4.0769E-04   
3.6075E-02   -3.0164E-04   
2.2781E-02   -7.1799E-03   
3.3508E-02   -5.0276E-04   
3.4044E-02   -5.2374E-04   
3.4360E-02   -6.5327E-04   
1.8216E-02   -1.0734E-02   
1.5969E-02   -1.2543E-02   
3.4354E-02   -5.6461E-04   
3.6247E-02   -1.9590E-04   
3.5466E-02   -4.0975E-04   
3.2796E-03   -2.2260E-02   
1.7581E-02   -1.0669E-02   
2.9822E-02   -2.3856E-03   
2.9442E-02   -2.6711E-03   
3.1933E-02   -1.0623E-03   
3.2688E-02   -7.0092E-04   
3.1678E-02   -1.1952E-03   
3.0535E-02   -1.8889E-03   
2.8995E-02   -2.9098E-03   
3.1411E-02   -1.3421E-03   
2.8057E-02   -3.2965E-03   
3.0847E-02   -1.6847E-03   
2.6018E-02   -4.5070E-03   
3.1135E-02   -1.5048E-03   
3.2184E-02   -9.3754E-04   
2.8934E-02   -2.8465E-03   
3.2464E-02   -7.3436E-04   
3.2858E-02   -6.1057E-04   
3.2430E-02   -8.2105E-04   
3.2673E-02   -6.5608E-04   
3.2547E-02   -7.0698E-04   
3.2799E-02   -6.3013E-04   
2.6205E-02   -4.8798E-03   
2.6413E-02   -4.2800E-03   
2.5063E-02   -5.4559E-03   
2.5265E-02   -5.1735E-03   
3.3518E-02   -6.0525E-04   
3.5376E-02   -4.7758E-04   
1.1832E-02   -1.5884E-02   
2.6994E-02   -3.8779E-03   
2.2509E-02   -7.2293E-03   
3.3341E-02   -6.0236E-04   
3.4237E-02   -5.2243E-04   
3.6315E-02   -2.2954E-04   
3.5756E-02   -4.1554E-04   
3.4388E-02   -7.2673E-04   
2.1725E-02   -8.4298E-03   
3.9059E-03   -2.2112E-02   
3.3171E-02   -6.0302E-04   
2.9015E-03   -2.2287E-02   
3.1775E-02   -1.1037E-03   
3.2673E-02   -6.7558E-04   
3.2032E-02   -9.7690E-04   
3.1510E-02   -1.2421E-03   
3.0622E-02   -1.7655E-03   
2.9438E-02   -2.5728E-03   
2.3361E-02   -6.2400E-03   
2.7749E-02   -3.4235E-03   
3.2284E-02   -8.5777E-04   
2.8881E-02   -2.7982E-03   
3.2436E-02   -7.5042E-04   
3.0192E-02   -2.1230E-03   
3.0939E-02   -1.5691E-03   
2.6554E-02   -4.5069E-03   
2.7350E-02   -3.8361E-03   
3.2538E-02   -7.2419E-04   
2.6967E-02   -3.9967E-03   
2.7322E-02   -3.6954E-03   
2.7029E-02   -3.8875E-03   
2.6184E-02   -4.4900E-03   
2.7611E-02   -3.6905E-03   
2.5448E-02   -5.4851E-03   
3.3702E-02   -6.1557E-04   
3.5054E-02   -5.6600E-04   
3.3167E-02   -7.1074E-04   
3.2150E-02   -8.7297E-04   
3.2820E-02   -7.2387E-04   
3.3927E-02   -6.2895E-04   
1.8374E-02   -1.1231E-02   
7.5863E-03   -1.8999E-02   
3.2998E-02   -7.1138E-04   
3.4511E-02   -4.6058E-04   
2.2451E-02   -8.1346E-03   
2.1288E-02   -8.6344E-03   
3.4713E-02   -6.8981E-04   
3.4046E-02   -7.7562E-04   
3.1885E-02   -1.0233E-03   
3.1630E-02   -1.1489E-03   
3.2419E-02   -7.7350E-04   
2.8756E-02   -2.8067E-03   
3.2498E-02   -7.6299E-04   
3.2138E-02   -9.0232E-04   
3.1351E-02   -1.2942E-03   
2.9458E-02   -2.4721E-03   
3.0728E-02   -1.6520E-03   
3.1048E-02   -1.4637E-03   
2.8874E-02   -2.8497E-03   
2.8583E-02   -2.9971E-03   
2.9866E-02   -2.2672E-03   
2.8143E-02   -3.1681E-03   
2.8509E-02   -2.9525E-03   
2.8371E-02   -3.0100E-03   
3.0266E-02   -1.9957E-03   
3.2613E-02   -7.2291E-04   
3.1894E-02   -9.9188E-04   
3.2657E-02   -8.3083E-04   
2.8013E-02   -3.2788E-03   
3.2581E-02   -7.7897E-04   
2.5167E-02   -5.9385E-03   
3.3333E-02   -7.1940E-04   
2.8342E-02   -3.4833E-03   
1.2498E-02   -1.4998E-02   
2.3558E-02   -7.4446E-03   
3.2258E-02   -8.5232E-04   
3.2816E-02   -8.2545E-04   
2.9009E-02   -2.8695E-03   
2.5713E-02   -5.6797E-03   
1.2653E-02   -1.5584E-02   
3.4093E-02   -8.4721E-04   
3.5066E-02   -6.5497E-04   
3.1766E-02   -1.0664E-03   
3.1995E-02   -9.5379E-04   
3.0371E-02   -1.8698E-03   
2.8960E-02   -2.6509E-03   
3.0849E-02   -1.5504E-03   
2.9121E-02   -2.5692E-03   
2.9522E-02   -2.3494E-03   
3.1928E-02   -9.8772E-04   
2.9945E-02   -2.1411E-03   
2.9383E-02   -2.4071E-03   
3.2853E-02   -6.3072E-04   
3.1178E-02   -1.3642E-03   
3.2227E-02   -8.4760E-04   
2.9363E-02   -2.4586E-03   
3.2473E-02   -9.4841E-04   
2.9622E-02   -2.3463E-03   
3.2523E-02   -8.4214E-04   
7.9257E-03   -1.8295E-02   
2.5272E-02   -6.3410E-03   
3.2972E-02   -8.3061E-04   
7.4191E-03   -1.9265E-02   
3.0143E-02   -2.2183E-03   
2.7825E-02   -4.0210E-03   
3.2271E-02   -8.8096E-04   
3.3502E-02   -7.3677E-04   
1.3324E-02   -1.5127E-02   
2.9893E-02   -2.4601E-03   
2.8323E-02   -3.8129E-03   
1.9796E-02   -1.0285E-02   
3.3728E-02   -9.1066E-04   
2.9207E-02   -2.6604E-03   
3.5447E-02   -6.1338E-04   
3.0503E-02   -1.7543E-03   
2.9888E-02   -2.1085E-03   
3.1524E-02   -1.1794E-03   
3.0097E-02   -1.9997E-03   
3.1608E-02   -1.1325E-03   
2.9852E-02   -2.2331E-03   
2.8988E-02   -2.6617E-03   
3.2766E-02   -9.6036E-04   
3.0968E-02   -1.4648E-03   
3.0086E-02   -2.0283E-03   
2.9864E-02   -2.1248E-03   
3.1942E-02   -1.0066E-03   
3.2617E-02   -9.5090E-04   
3.1826E-02   -1.0263E-03   
2.9340E-02   -2.4144E-03   
3.2264E-02   -9.2593E-04   
2.1741E-02   -8.1259E-03   
3.0021E-02   -2.2076E-03   
2.9769E-02   -2.6968E-03   
2.9794E-02   -2.7596E-03   
2.8679E-02   -3.7161E-03   
2.8880E-02   -3.8445E-03   
3.3776E-02   -9.9850E-04   
7.9219E-03   -1.9250E-02   
3.3279E-02   -8.6718E-04   
3.5765E-02   -5.0360E-04   
3.0631E-02   -1.6568E-03   
3.0264E-02   -1.8773E-03   
3.1319E-02   -1.2735E-03   
3.0434E-02   -1.7975E-03   
3.1613E-02   -1.1465E-03   
3.2288E-02   -9.6896E-04   
3.1952E-02   -1.0380E-03   
3.0282E-02   -1.9505E-03   
3.2413E-02   -1.0847E-03   
3.2271E-02   -1.0773E-03   
3.3392E-02   -9.6444E-04   
3.2917E-02   -9.7863E-04   
3.0727E-02   -2.2365E-03   
3.0586E-02   -2.1691E-03   
2.9671E-02   -2.2312E-03   
3.3640E-02   -7.7255E-04   
3.4413E-02   -7.8922E-04   
3.3315E-02   -1.1889E-03   
2.9796E-02   -3.1063E-03   
2.7817E-02   -4.8284E-03   
3.0542E-02   -2.5240E-03   
3.0630E-02   -1.8880E-03   
1.3536E-02   -1.5442E-02   
3.5807E-02   -5.7594E-04   
3.0389E-02   -1.7837E-03   
3.1633E-02   -1.1178E-03   
2.9967E-02   -2.0342E-03   
3.1044E-02   -1.4181E-03   
3.2012E-02   -1.2433E-03   
3.1268E-02   -1.3073E-03   
3.0742E-02   -1.5816E-03   
3.1620E-02   -1.1729E-03   
3.0601E-02   -1.7404E-03   
3.1945E-02   -1.1339E-03   
3.0780E-02   -1.6904E-03   
3.1937E-02   -1.1948E-03   
3.3706E-02   -8.3236E-04   
3.2565E-02   -1.0945E-03   
3.3080E-02   -1.0060E-03   
3.4646E-02   -7.9719E-04   
3.0651E-02   -2.0132E-03   
3.3420E-02   -8.8656E-04   
3.0760E-02   -1.8843E-03   
3.3059E-02   -1.1046E-03   
3.0315E-02   -1.8428E-03   
3.1003E-02   -1.6421E-03   
3.0998E-02   -2.1842E-03   
3.2992E-02   -1.2154E-03   
3.3708E-02   -1.1061E-03   
3.0474E-02   -2.3042E-03   
3.0964E-02   -2.3851E-03   
2.9899E-02   -3.3860E-03   
8.2810E-03   -1.9416E-02   
3.0481E-02   -1.7280E-03   
3.1021E-02   -1.5260E-03   
3.0898E-02   -1.5005E-03   
3.1303E-02   -1.3104E-03   
3.1087E-02   -1.7720E-03   
3.0844E-02   -1.5805E-03   
3.1633E-02   -1.3626E-03   
3.2264E-02   -1.2001E-03   
3.1157E-02   -2.5723E-03   
3.2710E-02   -1.2491E-03   
2.9967E-02   -2.0384E-03   
3.1129E-02   -1.6646E-03   
3.2699E-02   -1.1176E-03   
3.1651E-02   -1.1969E-03   
3.1593E-02   -1.3108E-03   
3.1308E-02   -1.9593E-03   
5.8265E-03   -2.1283E-02   
3.1272E-02   -2.1499E-03   
3.2892E-02   -1.3271E-03   
3.3999E-02   -1.0050E-03   
3.1967E-02   -1.0752E-03   
2.9656E-02   -2.2173E-03   
3.0674E-02   -1.6497E-03   
3.1194E-02   -1.4885E-03   
3.0985E-02   -1.4808E-03   
3.2343E-02   -1.2374E-03   
3.1404E-02   -1.3450E-03   
3.1339E-02   -1.5165E-03   
3.1045E-02   -1.4355E-03   
3.2563E-02   -1.4853E-03   
3.0746E-02   -1.5976E-03   
3.4316E-02   -9.4651E-04   
3.2600E-02   -1.3744E-03   
3.1091E-02   -1.9637E-03   
3.1352E-02   -1.4625E-03   
3.1589E-02   -2.2900E-03   
4.2714E-03   -2.2269E-02   
3.1711E-02   -1.2103E-03   
3.1463E-02   -1.7405E-03   
3.1991E-02   -1.3451E-03   
3.2056E-02   -1.4177E-03   
3.1606E-02   -1.7628E-03   
3.2594E-02   -1.5829E-03   
3.1379E-02   -1.6207E-03   
3.1551E-02   -2.1779E-03   
3.1641E-02   -2.3635E-03   
3.1877E-02   -1.5797E-03   
3.1401E-02   -1.6862E-03   
3.1993E-02   -2.2822E-03   
3.1765E-02   -1.7962E-03   
3.2807E-02   -1.1461E-03   
3.3047E-02   -1.4706E-03   
3.2181E-02   -1.6775E-03   
3.1686E-02   -1.5195E-03   
3.2310E-02   -1.4077E-03   
3.1501E-02   -1.9711E-03   
3.2176E-02   -1.7876E-03   
3.3480E-02   -1.2569E-03   
3.2471E-02   -2.0518E-03   
3.1871E-02   -1.8418E-03   
3.1697E-02   -1.5877E-03   
3.2070E-02   -1.9409E-03   
3.2385E-02   -1.9066E-03   
3.2891E-02   -1.7138E-03   
3.3142E-02   -1.5395E-03   
3.2665E-02   -1.8923E-03   
4.1073E-04   -2.3238E-02   
3.1946E-02   -2.0847E-03   
3.1163E-02   -2.6665E-03   
3.6564E-02   -2.2552E-04   
8.9845E-04   -2.2359E-02   
3.7449E-02   -2.9099E-05   
3.6172E-02   -5.3873E-04   
7.4890E-04   -2.3309E-02   
3.6414E-03   -2.2437E-02   
3.2550E-02   -2.1266E-03   
3.6782E-02   -1.1158E-04   
1.1412E-03   -2.3279E-02   
5.3394E-03   -2.1194E-02   
1.6148E-03   -2.3238E-02   
2.0955E-03   -2.3194E-02   
2.5710E-03   -2.3131E-02   
3.0613E-03   -2.3041E-02   
3.7753E-02   -2.6111E-05   
3.5640E-03   -2.2896E-02   
4.1052E-03   -2.2625E-02   
3.6035E-02   -4.2298E-04   
4.8484E-03   -2.2116E-02   
3.8067E-02   -2.4086E-05   
6.4803E-03   -2.0814E-02   
1.1452E-02   -1.6945E-02   
3.3450E-02   -1.3786E-03   
1.9354E-02   -1.1230E-02   
3.8401E-02   -2.1363E-05   
3.4910E-02   -5.3450E-04   
2.3685E-02   -8.3519E-03   
2.5832E-02   -5.7606E-03   
2.6831E-03   -2.2771E-02   
3.6141E-02   -3.5856E-04   
2.8711E-02   -5.2131E-03   
3.1294E-02   -3.6227E-03   
3.8749E-02   -1.7648E-05   
3.2662E-02   -2.9128E-03   
2.0325E-02   -1.0393E-02   
3.3358E-02   -2.6969E-03   
3.3868E-02   -2.6174E-03   
3.9112E-02   -1.3871E-05   
3.4463E-02   -2.4341E-03   
3.5122E-02   -2.2967E-03   
1.1901E-03   -2.3010E-02   
3.5731E-02   -2.1570E-03   
3.9533E-02   -1.0745E-05   
3.6923E-02   -6.7791E-05   
2.5395E-02   -6.6843E-03   
3.6380E-02   -1.9867E-03   
3.6993E-02   -1.8469E-03   
3.5509E-02   -6.7539E-04   
4.0008E-02   -4.2154E-06   
3.4671E-02   -8.8207E-04   
3.3961E-02   -1.0907E-03   
3.8165E-02   -1.5011E-03   
4.0457E-02   -2.1716E-04   
4.0554E-02   -2.3829E-04   
4.0549E-02   -2.8064E-05   
4.0603E-02   -5.2926E-06   
4.0492E-02   -1.1065E-04   
6.7946E-03   -2.0724E-02   
3.9397E-02   -9.6605E-04   
1.3819E-03   -2.3122E-02   
3.4907E-02   -8.9510E-04   
3.4378E-02   -1.0345E-03   
2.4213E-03   -2.2921E-02   
3.3721E-02   -1.3596E-03   
3.1129E-03   -2.2709E-02   
3.6822E-02   -1.8396E-04   
3.3111E-02   -1.7228E-03   
3.6477E-02   -4.3616E-04   
3.4776E-03   -2.2694E-02   
2.5867E-02   -6.3806E-03   
2.3836E-03   -2.3043E-02   
2.9779E-02   -3.6533E-03   
3.3905E-03   -2.2853E-02   
3.5362E-02   -7.7689E-04   
3.5557E-02   -2.0450E-03   
3.2562E-02   -2.7985E-03   
4.9012E-03   -2.2096E-02   
1.9578E-02   -1.1126E-02   
1.2031E-02   -1.6760E-02   
1.3604E-02   -1.5597E-02   
3.8215E-02   -4.6752E-05   
3.3077E-02   -1.9937E-03   
3.7050E-02   -9.8099E-05   
3.6238E-02   -6.0034E-04   
3.7607E-02   -5.1981E-05   
3.9476E-02   -2.4796E-05   
3.2125E-02   -2.3488E-03   
3.3602E-02   -2.4979E-03   
3.6349E-02   -2.6036E-04   
3.6385E-02   -3.7267E-04   
3.3430E-02   -1.4524E-03   
2.9873E-02   -3.4696E-03   
4.0296E-02   -1.0191E-06   
3.7607E-02   -1.6734E-03   
2.3660E-02   -8.2288E-03   
3.6522E-02   -1.8013E-03   
4.0591E-02   -1.3802E-04   
4.0695E-02   -1.7908E-06   
4.0666E-02   -1.3963E-05   
4.0621E-02   -6.4229E-05   
3.4553E-02   -2.2471E-03   
2.9928E-02   -4.0969E-03   
3.8902E-02   -3.2409E-05   
3.8717E-02   -1.0745E-03   
4.0058E-02   -1.3170E-05   
3.9424E-02   -8.2243E-04   
3.9870E-02   -2.6946E-04   
4.0111E-02   -2.0375E-05   
4.0017E-02   -7.2931E-05   
3.9734E-02   -5.0553E-04   
3.5214E-02   -9.0231E-04   
3.2507E-02   -2.6631E-03   
3.6945E-02   -1.3834E-04   
3.7265E-02   -1.1263E-04   
3.8017E-02   -7.7840E-05   
1.5381E-03   -2.2993E-02   
3.1855E-02   -2.5574E-03   
3.4197E-02   -1.2040E-03   
1.8268E-02   -1.2092E-02   
3.6844E-02   -2.3145E-04   
3.8696E-02   -5.7492E-05   
3.7406E-02   -1.5922E-03   
4.9355E-03   -2.2019E-02   
3.1779E-02   -2.9493E-03   
2.3803E-02   -8.0974E-03   
3.3512E-02   -2.4132E-03   
3.0510E-02   -3.3577E-03   
3.5141E-02   -2.0391E-03   
3.3577E-02   -1.6130E-03   
2.8085E-02   -5.1202E-03   
3.6055E-02   -7.1427E-04   
3.6545E-02   -5.0189E-04   
3.4088E-02   -2.2764E-03   
3.3549E-02   -1.7622E-03   
3.9092E-02   -4.4736E-05   
3.3164E-02   -2.1084E-03   
3.8355E-02   -6.7656E-05   
2.8226E-02   -4.8942E-03   
3.6693E-02   -2.9990E-04   
3.3003E-02   -2.5454E-03   
3.3972E-02   -1.3913E-03   
3.7629E-02   -8.6652E-05   
3.6762E-02   -3.4622E-04   
3.9283E-02   -4.2344E-04   
3.9639E-02   -4.6907E-05   
3.9516E-02   -1.3534E-04   
3.9725E-02   -2.3166E-05   
3.5618E-02   -7.8652E-04   
3.7960E-02   -1.3158E-03   
3.8880E-02   -8.4890E-04   
4.0003E-02   -5.3588E-05   
3.9785E-02   -4.0653E-04   
3.9866E-02   -1.4933E-04   
3.9796E-02   -1.9698E-04   
3.2890E-02   -2.4379E-03   
2.7070E-02   -5.7861E-03   
3.8811E-02   -7.5136E-05   
3.6969E-02   -1.6472E-03   
3.1395E-02   -2.9895E-03   
3.3595E-02   -1.8844E-03   
3.2768E-02   -2.3369E-03   
3.6938E-02   -4.6066E-04   
3.7472E-02   -1.3029E-04   
3.4726E-02   -2.0537E-03   
3.8169E-02   -9.7644E-05   
3.9440E-02   -2.0882E-04   
3.9656E-02   -7.9134E-05   
3.7132E-02   -3.1259E-04   
3.5064E-02   -1.0411E-03   
3.7180E-02   -2.1201E-04   
3.4539E-02   -1.2030E-03   
3.9294E-02   -3.0578E-04   
3.8182E-02   -1.0452E-03   
3.6381E-02   -7.0409E-04   
3.5737E-02   -1.8339E-03   
3.4003E-02   -1.5613E-03   
3.2293E-02   -2.4669E-03   
3.3905E-02   -2.1929E-03   
3.6082E-02   -7.9783E-04   
3.9440E-02   -4.1979E-05   
3.7874E-02   -1.2284E-03   
3.9006E-02   -6.2020E-04   
3.4882E-02   -1.8506E-03   
3.4501E-02   -1.4809E-03   
3.5955E-02   -9.1375E-04   
3.6778E-02   -6.4550E-04   
3.4299E-02   -1.9774E-03   
3.3280E-02   -2.2145E-03   
3.8921E-02   -9.1600E-05   
3.7591E-02   -1.2257E-03   
3.8177E-02   -1.3313E-04   
3.8583E-02   -1.1118E-04   
3.3789E-02   -2.0958E-03   
3.7404E-02   -2.3252E-04   
3.7472E-02   -1.7122E-04   
3.7232E-02   -3.6358E-04   
3.3983E-02   -1.4822E-03   
3.4067E-02   -1.7908E-03   
3.7050E-02   -5.1826E-04   
3.5911E-02   -1.6520E-03   
3.5408E-02   -1.0441E-03   
3.4909E-02   -1.1893E-03   
3.4389E-02   -1.6282E-03   
3.6383E-02   -8.5183E-04   
3.6685E-02   -7.4909E-04   
3.6155E-02   -1.8142E-03   
3.7338E-02   -4.1368E-04   
3.4175E-02   -1.8849E-03   
3.9256E-02   -7.0899E-05   
3.7774E-02   -1.7671E-04   
3.7500E-02   -2.8356E-04   
3.6965E-02   -1.4138E-03   
3.8029E-02   -1.8891E-04   
3.4820E-02   -1.3105E-03   
3.5663E-02   -1.0624E-03   
3.6733E-02   -8.2773E-04   
3.4526E-02   -1.6906E-03   
3.7894E-02   -2.4936E-04   
3.7897E-02   -1.0230E-03   
3.7192E-02   -5.5555E-04   
3.7736E-02   -3.6507E-04   
3.6716E-02   -1.6239E-03   
3.8732E-02   -1.2868E-04   
3.5065E-02   -1.3339E-03   
3.5585E-02   -1.1784E-03   
3.9392E-02   -8.4290E-05   
3.7542E-02   -5.1080E-04   
3.8935E-02   -1.4161E-04   
3.5022E-02   -1.5715E-03   
3.7938E-02   -2.9473E-04   
3.8515E-02   -1.7772E-04   
3.7851E-02   -4.0449E-04   
3.5982E-02   -1.1572E-03   
3.8210E-02   -2.0096E-04   
3.6509E-02   -9.9324E-04   
3.7287E-02   -7.1816E-04   
3.8211E-02   -3.0068E-04   
3.7427E-02   -7.9476E-04   
3.5150E-02   -1.6502E-03   
3.6877E-02   -9.8007E-04   
3.5415E-02   -1.3549E-03   
3.6348E-02   -1.1490E-03   
3.8586E-02   -2.1017E-04   
3.9318E-02   -1.2652E-04   
3.7720E-02   -8.0333E-04   
3.7271E-02   -9.5206E-04   
3.8675E-02   -2.4391E-04   
3.5534E-02   -1.4654E-03   
3.6107E-02   -1.3358E-03   
3.8452E-02   -3.0977E-04   
3.8191E-02   -7.1443E-04   
3.7187E-02   -1.0954E-03   
3.9081E-02   -1.9138E-04   
3.8409E-02   -3.6603E-04   
3.8125E-02   -8.4571E-04   
3.9246E-02   -2.0828E-04   
3.7637E-02   -1.0117E-03   
3.7970E-02   -4.4589E-04   
3.7656E-02   -5.6686E-04   
3.7824E-02   -6.1666E-04   
3.8348E-02   -5.0692E-04   
