51 
1844 
2.2661E-02   -5.0615E-03   
2.4041E-02   -3.2157E-03   
2.5053E-02   -1.9631E-03   
2.5740E-02   -9.6567E-04   
5.9842E-37   -9.3031E-04   
2.5981E-02   8.0179E-38   
2.6144E-02   -1.6745E-34   
2.6263E-02   -4.5110E-35   
2.6592E-02   1.8148E-35   
2.6931E-02   4.8013E-35   
2.7392E-02   1.2665E-34   
2.7983E-02   1.9058E-34   
2.8452E-02   2.3669E-34   
2.9271E-02   3.6308E-34   
2.9894E-02   4.3422E-34   
3.0579E-02   3.7094E-34   
3.0944E-02   5.7099E-34   
3.1720E-02   8.2085E-34   
3.2557E-02   1.1442E-33   
3.3000E-02   -3.5955E-30   
3.3000E-02   -1.3578E-34   
3.3000E-02   -1.3578E-34   
3.3000E-02   -1.3578E-34   
3.3000E-02   -1.3578E-34   
3.3000E-02   -1.3578E-34   
3.3000E-02   -1.3578E-34   
3.3000E-02   -1.3578E-34   
3.3000E-02   -1.3578E-34   
3.3000E-02   -1.3578E-34   
3.3000E-02   -1.3578E-34   
3.3000E-02   -1.3578E-34   
3.3000E-02   -1.3578E-34   
3.1740E-02   -8.0275E-04   
3.0399E-02   -1.4877E-03   
2.9776E-02   -1.7296E-03   
2.9159E-02   -1.9310E-03   
2.7930E-02   -2.2625E-03   
2.7314E-02   -2.4092E-03   
2.6074E-02   -2.6956E-03   
2.5446E-02   -2.8473E-03   
2.3578E-02   -3.6342E-03   
1.8293E-02   -6.9403E-03   
1.3812E-02   -9.6653E-03   
5.4824E-03   -1.5464E-02   
3.9715E-03   -1.6820E-02   
3.5062E-03   -1.7144E-02   
2.6148E-03   -1.7503E-02   
1.7263E-03   -1.7677E-02   
8.5228E-04   -1.7763E-02   
-2.8723E-37   -1.7785E-02   
1.2654E-33   -1.7500E-02   
1.3561E-33   -1.7220E-02   
1.2914E-33   -1.6837E-02   
1.2229E-33   -1.6612E-02   
1.0640E-33   -1.6239E-02   
9.5906E-34   -1.6016E-02   
8.6084E-34   -1.5790E-02   
7.4856E-34   -1.5599E-02   
6.1336E-34   -1.4949E-02   
2.0029E-02   -4.8859E-03   
3.2443E-02   -1.7647E-05   
3.1867E-02   -5.0827E-05   
3.1044E-02   -1.0834E-04   
3.0373E-02   -1.6297E-04   
2.9719E-02   -2.3421E-04   
2.9004E-02   -2.8130E-04   
2.8434E-02   -3.0490E-04   
2.7708E-02   -3.6960E-04   
2.7005E-02   -4.1887E-04   
2.6310E-02   -4.7158E-04   
2.5634E-02   -5.3251E-04   
2.4939E-02   -6.3000E-04   
2.4213E-02   -8.3387E-04   
2.3203E-02   -1.3578E-03   
2.2043E-02   -2.4394E-03   
2.4069E-02   -2.1065E-03   
2.4493E-02   -9.0689E-04   
2.5056E-02   -4.7882E-04   
2.5615E-02   -3.3041E-04   
2.6173E-02   -2.8302E-04   
2.6716E-02   -2.6671E-04   
2.7370E-02   -2.3084E-04   
2.7981E-02   -2.0577E-04   
2.8558E-02   -1.7790E-04   
2.9146E-02   -1.7367E-04   
2.9816E-02   -1.2918E-04   
3.0461E-02   -9.3972E-05   
3.1096E-02   -6.8318E-05   
3.1781E-02   -3.1024E-05   
3.2382E-02   -8.2694E-06   
2.5654E-02   -4.9355E-04   
2.5881E-02   -1.9076E-04   
2.6153E-02   -1.2440E-04   
2.6581E-02   -1.0274E-04   
2.7015E-02   -9.7044E-05   
2.7568E-02   -9.8378E-05   
2.8080E-02   -9.8438E-05   
2.8601E-02   -9.3618E-05   
2.9292E-02   -7.1567E-05   
2.9876E-02   -5.4581E-05   
3.0545E-02   -4.2928E-05   
3.1212E-02   -2.6438E-05   
3.1871E-02   -1.2926E-05   
3.2486E-02   -1.5526E-06   
3.2333E-02   -3.6867E-05   
3.1698E-02   -9.6335E-05   
3.0923E-02   -1.8700E-04   
3.0228E-02   -2.4643E-04   
2.9607E-02   -3.3704E-04   
2.8852E-02   -4.1453E-04   
2.8110E-02   -4.9036E-04   
2.7414E-02   -5.5658E-04   
2.6681E-02   -6.4392E-04   
2.5999E-02   -7.2936E-04   
2.5120E-02   -8.7146E-04   
2.4175E-02   -1.0809E-03   
2.3258E-02   -1.3654E-03   
2.2147E-02   -1.8828E-03   
1.9658E-02   -3.4986E-03   
7.7771E-03   -1.1210E-02   
3.2278E-02   -6.8374E-05   
3.1729E-02   -1.4065E-04   
3.0790E-02   -2.8080E-04   
3.0178E-02   -3.7425E-04   
2.9455E-02   -4.7090E-04   
2.8578E-02   -6.0387E-04   
2.7828E-02   -6.8381E-04   
2.7094E-02   -7.7724E-04   
2.6214E-02   -9.2281E-04   
2.5377E-02   -1.0939E-03   
2.4494E-02   -1.2934E-03   
2.3600E-02   -1.4911E-03   
2.2503E-02   -1.8954E-03   
2.0597E-02   -2.8866E-03   
1.2522E-02   -8.0922E-03   
1.6106E-03   -1.5231E-02   
3.2473E-02   -6.7255E-05   
3.1456E-02   -2.4322E-04   
3.0883E-02   -3.4113E-04   
3.0178E-02   -4.8077E-04   
2.9134E-02   -6.6233E-04   
2.8391E-02   -7.9105E-04   
2.7632E-02   -9.0333E-04   
2.6720E-02   -1.0678E-03   
2.5880E-02   -1.2446E-03   
2.4995E-02   -1.4175E-03   
2.4146E-02   -1.6185E-03   
2.3102E-02   -1.9010E-03   
2.1107E-02   -2.9261E-03   
1.5918E-02   -6.2223E-03   
5.2209E-03   -1.3486E-02   
1.0791E-03   -1.5890E-02   
3.2134E-02   -1.6445E-04   
3.1524E-02   -3.0724E-04   
3.0785E-02   -4.8541E-04   
3.0040E-02   -6.6167E-04   
2.8973E-02   -8.7330E-04   
2.8128E-02   -1.0103E-03   
2.7243E-02   -1.2055E-03   
2.6391E-02   -1.3949E-03   
2.5421E-02   -1.5682E-03   
2.4629E-02   -1.7417E-03   
2.3755E-02   -2.0233E-03   
2.2292E-02   -2.6247E-03   
1.7519E-02   -5.6264E-03   
8.3185E-03   -1.2009E-02   
2.1894E-03   -1.5945E-02   
1.0400E-03   -1.6189E-02   
3.2299E-02   -2.0072E-04   
3.1452E-02   -4.5882E-04   
3.0765E-02   -6.2805E-04   
2.9680E-02   -9.1202E-04   
2.8719E-02   -1.1576E-03   
2.7883E-02   -1.3050E-03   
2.6828E-02   -1.5258E-03   
2.6030E-02   -1.7024E-03   
2.5023E-02   -1.9045E-03   
2.4126E-02   -2.1537E-03   
2.3022E-02   -2.5668E-03   
2.0252E-02   -4.1888E-03   
1.2867E-02   -9.3142E-03   
4.2390E-03   -1.5346E-02   
2.0369E-03   -1.6388E-02   
9.5425E-04   -1.6500E-02   
3.2169E-02   -2.9283E-04   
3.1227E-02   -6.1857E-04   
3.0571E-02   -8.1278E-04   
2.9287E-02   -1.2018E-03   
2.8515E-02   -1.3908E-03   
2.7630E-02   -1.6100E-03   
2.6675E-02   -1.7882E-03   
2.5686E-02   -2.0145E-03   
2.4574E-02   -2.2934E-03   
2.3641E-02   -2.5932E-03   
2.1450E-02   -3.8823E-03   
1.6265E-02   -7.3981E-03   
6.4709E-03   -1.4533E-02   
3.3531E-03   -1.6352E-02   
2.0117E-03   -1.6727E-02   
1.0025E-03   -1.6809E-02   
3.2206E-02   -3.9001E-04   
3.1385E-02   -7.5133E-04   
3.0298E-02   -1.1149E-03   
2.9342E-02   -1.4470E-03   
2.8327E-02   -1.6294E-03   
2.7328E-02   -1.8536E-03   
2.6362E-02   -2.0920E-03   
2.5381E-02   -2.3393E-03   
2.4380E-02   -2.5847E-03   
2.2392E-02   -3.5501E-03   
1.7579E-02   -6.8286E-03   
9.3876E-03   -1.2865E-02   
4.4727E-03   -1.6165E-02   
2.9835E-03   -1.6858E-02   
1.9379E-03   -1.7048E-02   
1.0770E-03   -1.7109E-02   
3.1870E-02   -6.8298E-04   
3.0900E-02   -1.1714E-03   
3.0118E-02   -1.4089E-03   
2.8849E-02   -1.7837E-03   
2.8064E-02   -1.9710E-03   
2.6955E-02   -2.2277E-03   
2.5971E-02   -2.4786E-03   
2.5099E-02   -2.6632E-03   
2.3683E-02   -3.1963E-03   
1.9737E-02   -5.5049E-03   
1.3951E-02   -9.4973E-03   
5.9808E-03   -1.5447E-02   
3.8825E-03   -1.6857E-02   
2.8419E-03   -1.7180E-02   
1.8914E-03   -1.7353E-02   
8.4616E-04   -1.7499E-02   
5.9487E-03   -1.2440E-03   
1.1267E-02   -1.9033E-03   
1.5932E-02   -2.6590E-03   
1.8833E-02   -3.5630E-03   
2.0565E-02   -4.3702E-03   
2.1725E-02   -5.0593E-03   
2.2260E-02   -5.1136E-03   
2.2923E-02   -4.8698E-03   
2.3110E-02   -4.6053E-03   
2.3278E-02   -4.3362E-03   
2.3438E-02   -4.0817E-03   
2.3595E-02   -3.8436E-03   
2.3748E-02   -3.6208E-03   
2.3896E-02   -3.4119E-03   
2.4182E-02   -3.0310E-03   
2.4318E-02   -2.8567E-03   
2.4452E-02   -2.6914E-03   
2.4581E-02   -2.5344E-03   
2.4706E-02   -2.3838E-03   
2.4827E-02   -2.2388E-03   
2.4942E-02   -2.0988E-03   
2.5159E-02   -1.8310E-03   
2.5260E-02   -1.7018E-03   
2.5355E-02   -1.5750E-03   
2.5445E-02   -1.4501E-03   
2.5528E-02   -1.3270E-03   
2.5605E-02   -1.2052E-03   
2.5676E-02   -1.0848E-03   
2.5797E-02   -8.4811E-04   
2.5848E-02   -7.3217E-04   
2.5891E-02   -6.1244E-04   
2.5922E-02   -4.8988E-04   
2.5955E-02   -3.7536E-04   
2.5967E-02   -2.5052E-04   
2.5988E-02   -1.2525E-04   
2.6045E-02   -5.9977E-34   
2.6077E-02   -5.8252E-34   
2.6100E-02   -4.5223E-34   
2.6117E-02   -2.5514E-34   
2.6131E-02   -2.0625E-34   
2.6158E-02   -1.3467E-34   
2.6176E-02   -1.0682E-34   
2.6198E-02   -8.3095E-35   
2.6227E-02   -6.2743E-35   
2.6308E-02   -2.9724E-35   
2.6363E-02   -1.6233E-35   
2.6428E-02   -4.2314E-36   
2.6505E-02   7.0497E-36   
2.6692E-02   2.8275E-35   
2.6805E-02   3.8243E-35   
2.7071E-02   5.8596E-35   
2.7224E-02   6.9279E-35   
2.7574E-02   1.3625E-34   
2.7771E-02   1.0633E-34   
2.8209E-02   2.0748E-34   
2.8709E-02   2.7321E-34   
2.8982E-02   3.0860E-34   
2.9574E-02   3.6974E-34   
3.0229E-02   4.8635E-34   
3.1325E-02   6.9921E-34   
3.2130E-02   7.0419E-34   
3.3000E-02   -1.3578E-34   
3.3000E-02   -1.3578E-34   
3.3000E-02   -1.3578E-34   
3.3000E-02   -1.3578E-34   
3.3000E-02   -1.3578E-34   
3.1046E-02   -1.1894E-03   
2.8545E-02   -2.1052E-03   
2.6696E-02   -2.5516E-03   
2.4787E-02   -3.0341E-03   
2.1543E-02   -4.8216E-03   
8.8303E-03   -1.3049E-02   
4.4936E-03   -1.6406E-02   
3.0596E-03   -1.7359E-02   
2.1693E-03   -1.7603E-02   
1.2865E-03   -1.7728E-02   
4.2417E-04   -1.7783E-02   
9.2747E-34   -1.7643E-02   
1.3300E-33   -1.7358E-02   
1.3208E-33   -1.7086E-02   
1.9316E-33   -1.6959E-02   
1.9550E-33   -1.6721E-02   
1.1920E-33   -1.6510E-02   
1.1563E-33   -1.6414E-02   
1.1082E-33   -1.6324E-02   
1.0268E-33   -1.6160E-02   
9.9168E-34   -1.6085E-02   
9.3092E-34   -1.5951E-02   
9.0435E-34   -1.5892E-02   
8.8028E-34   -1.5838E-02   
8.4649E-34   -1.5749E-02   
8.2646E-34   -1.5711E-02   
8.0066E-34   -1.5675E-02   
7.7420E-34   -1.5639E-02   
7.2657E-34   -1.5553E-02   
7.0324E-34   -1.5498E-02   
6.8258E-34   -1.5428E-02   
6.6125E-34   -1.5329E-02   
6.3656E-34   -1.5179E-02   
5.8814E-34   -1.4591E-02   
5.6248E-34   -1.4042E-02   
5.3635E-34   -1.3237E-02   
5.1264E-34   -1.2125E-02   
4.9117E-34   -1.0659E-02   
7.1590E-34   -8.7399E-03   
6.5398E-34   -6.4851E-03   
4.7995E-34   -3.7846E-03   
2.3131E-02   -4.1083E-03   
2.4256E-02   -2.6562E-03   
2.4667E-02   -2.1924E-03   
2.3476E-02   -3.6233E-03   
2.5629E-02   -1.0539E-03   
2.2564E-02   -4.9513E-03   
1.7502E-02   -4.3392E-03   
2.5363E-02   -1.4053E-03   
2.5885E-02   -6.0833E-04   
2.5040E-02   -1.7813E-03   
2.3802E-02   -3.1996E-03   
2.5772E-02   -8.2940E-04   
2.3959E-02   -3.0076E-03   
2.2291E-02   -5.1718E-03   
2.4922E-02   -1.9138E-03   
2.5458E-02   -1.2859E-03   
2.6017E-02   -1.7172E-04   
7.8779E-03   -3.7525E-03   
2.1880E-02   -5.2584E-03   
2.4397E-02   -2.4947E-03   
2.4532E-02   -2.3401E-03   
2.5704E-02   -9.4087E-04   
1.9923E-02   -4.7424E-03   
2.5931E-02   -4.9609E-04   
1.3292E-02   -4.2066E-03   
2.1337E-02   -5.2441E-03   
2.5547E-02   -1.1689E-03   
2.5832E-02   -7.1892E-04   
2.2767E-02   -4.6641E-03   
2.5261E-02   -1.5275E-03   
2.5154E-02   -1.6527E-03   
2.3642E-02   -3.4045E-03   
2.2951E-02   -4.3776E-03   
2.3306E-02   -3.8575E-03   
2.4110E-02   -2.8270E-03   
2.4797E-02   -2.0507E-03   
4.3147E-03   -9.5944E-03   
3.5781E-03   -1.1202E-02   
2.8918E-03   -1.2498E-02   
2.2504E-03   -1.3479E-02   
1.6878E-03   -1.4177E-02   
1.2416E-03   -1.4654E-02   
9.1196E-04   -1.4974E-02   
6.8074E-04   -1.5187E-02   
5.2279E-04   -1.5329E-02   
2.6082E-02   -9.1672E-05   
4.1770E-04   -1.5427E-02   
2.6101E-02   -7.5840E-05   
3.5133E-04   -1.5497E-02   
2.6115E-02   -6.3760E-05   
3.0110E-04   -1.5551E-02   
2.6128E-02   -5.3597E-05   
2.5836E-04   -1.5596E-02   
2.6141E-02   -4.5345E-05   
2.2446E-04   -1.5638E-02   
2.6156E-02   -3.8668E-05   
2.0157E-04   -1.5679E-02   
2.6176E-02   -3.3390E-05   
1.8916E-04   -1.5719E-02   
2.6201E-02   -2.9349E-05   
1.8950E-04   -1.5762E-02   
2.6234E-02   -2.6370E-05   
1.9650E-04   -1.5809E-02   
2.6275E-02   -2.4278E-05   
2.0514E-04   -1.5862E-02   
2.6325E-02   -2.2974E-05   
2.1372E-04   -1.5918E-02   
2.6385E-02   -2.2355E-05   
2.2303E-04   -1.5980E-02   
2.6456E-02   -2.2280E-05   
2.3306E-04   -1.6048E-02   
2.6538E-02   -2.2578E-05   
2.4326E-04   -1.6120E-02   
2.6633E-02   -2.2996E-05   
2.5349E-04   -1.6197E-02   
2.6739E-02   -2.3986E-05   
2.6390E-04   -1.6279E-02   
2.6857E-02   -2.5209E-05   
2.7432E-04   -1.6365E-02   
2.6988E-02   -2.6897E-05   
2.8788E-04   -1.6456E-02   
2.7134E-02   -2.8404E-05   
3.0389E-04   -1.6554E-02   
2.7294E-02   -2.9457E-05   
3.1348E-04   -1.6659E-02   
2.7469E-02   -3.0496E-05   
3.2315E-04   -1.6769E-02   
2.7660E-02   -3.1372E-05   
3.4769E-04   -1.6887E-02   
2.7869E-02   -3.1586E-05   
3.6242E-04   -1.7015E-02   
2.8087E-02   -3.0469E-05   
3.6522E-04   -1.7149E-02   
2.8317E-02   -3.1489E-05   
3.7894E-04   -1.7287E-02   
2.8566E-02   -3.1145E-05   
4.0020E-04   -1.7433E-02   
2.3552E-02   -3.1935E-03   
2.5037E-02   -1.6097E-03   
2.5478E-02   -1.1348E-03   
2.2812E-02   -4.1497E-03   
2.6013E-02   -2.6129E-04   
1.4929E-02   -5.7364E-03   
2.4345E-02   -2.3044E-03   
2.5922E-02   -4.9914E-04   
2.0658E-02   -5.5662E-03   
2.2198E-02   -5.0476E-03   
2.1913E-02   -5.2943E-03   
2.4778E-02   -1.8714E-03   
2.3891E-02   -2.8055E-03   
2.5735E-02   -8.1040E-04   
2.5805E-02   -7.0613E-04   
2.4050E-02   -2.6290E-03   
2.4637E-02   -2.0086E-03   
2.5572E-02   -1.0243E-03   
2.5378E-02   -1.2483E-03   
2.3005E-02   -3.8848E-03   
2.2413E-02   -4.7380E-03   
1.0063E-02   -6.1169E-03   
2.3193E-02   -3.6381E-03   
2.4198E-02   -2.4650E-03   
2.4490E-02   -2.1521E-03   
2.5657E-02   -9.1630E-04   
2.5867E-02   -6.0255E-04   
2.3375E-02   -3.4082E-03   
2.5157E-02   -1.4853E-03   
2.1480E-02   -5.4175E-03   
2.2615E-02   -4.4341E-03   
2.5271E-02   -1.3650E-03   
2.5971E-02   -3.9145E-04   
1.8482E-02   -5.4519E-03   
2.4911E-02   -1.7386E-03   
2.3725E-02   -2.9934E-03   
4.7444E-03   -7.6060E-03   
7.8836E-03   -9.7564E-03   
6.7103E-03   -1.1199E-02   
5.4190E-03   -1.2376E-02   
4.1718E-03   -1.3278E-02   
3.1517E-03   -1.3945E-02   
2.3574E-03   -1.4432E-02   
1.7577E-03   -1.4782E-02   
2.6056E-02   -1.1872E-04   
1.3178E-03   -1.5031E-02   
1.0037E-03   -1.5209E-02   
2.6068E-02   -1.6234E-04   
7.8513E-04   -1.5337E-02   
2.6081E-02   -1.3905E-04   
6.3426E-04   -1.5430E-02   
2.6093E-02   -1.1644E-04   
5.3003E-04   -1.5501E-02   
2.6104E-02   -9.8292E-05   
4.6206E-04   -1.5560E-02   
2.6117E-02   -8.3730E-05   
4.1655E-04   -1.5614E-02   
2.6134E-02   -7.2011E-05   
3.9033E-04   -1.5664E-02   
2.6156E-02   -6.2867E-05   
3.8118E-04   -1.5717E-02   
2.6185E-02   -5.6055E-05   
3.8898E-04   -1.5770E-02   
2.6221E-02   -5.1206E-05   
4.0335E-04   -1.5824E-02   
2.6267E-02   -4.7844E-05   
4.1826E-04   -1.5879E-02   
2.6323E-02   -4.6004E-05   
4.3599E-04   -1.5938E-02   
2.6389E-02   -4.5531E-05   
4.5533E-04   -1.6003E-02   
2.6466E-02   -4.6015E-05   
4.7585E-04   -1.6073E-02   
2.6556E-02   -4.6506E-05   
4.9666E-04   -1.6148E-02   
2.6658E-02   -4.6848E-05   
5.1735E-04   -1.6228E-02   
2.6765E-02   -4.9856E-05   
5.3532E-04   -1.6311E-02   
2.6886E-02   -5.2177E-05   
5.4972E-04   -1.6398E-02   
2.7021E-02   -5.6842E-05   
5.8711E-04   -1.6488E-02   
2.7175E-02   -5.8895E-05   
6.2195E-04   -1.6588E-02   
2.7343E-02   -6.0595E-05   
6.2586E-04   -1.6696E-02   
2.7526E-02   -6.2741E-05   
6.5765E-04   -1.6804E-02   
2.7733E-02   -6.4071E-05   
7.5310E-04   -1.6926E-02   
2.7959E-02   -6.3175E-05   
7.2709E-04   -1.7067E-02   
2.8170E-02   -5.7966E-05   
7.4033E-04   -1.7200E-02   
2.8394E-02   -6.9014E-05   
7.7673E-04   -1.7338E-02   
2.8831E-02   -3.2538E-05   
2.4301E-02   -2.1199E-03   
2.4465E-02   -1.9704E-03   
2.3840E-02   -2.6147E-03   
2.4623E-02   -1.8342E-03   
2.3664E-02   -2.7945E-03   
2.1821E-02   -5.1599E-03   
2.2052E-02   -4.8274E-03   
2.2271E-02   -4.5066E-03   
2.2485E-02   -4.2061E-03   
2.2695E-02   -3.9264E-03   
2.1492E-02   -5.4423E-03   
2.2899E-02   -3.6659E-03   
2.3482E-02   -2.9891E-03   
2.4771E-02   -1.7025E-03   
2.3099E-02   -3.4237E-03   
2.3294E-02   -3.1987E-03   
2.0721E-02   -5.7360E-03   
2.4910E-02   -1.5734E-03   
2.5689E-02   -7.9124E-04   
2.5769E-02   -6.9221E-04   
2.5839E-02   -5.9584E-04   
2.5600E-02   -8.9265E-04   
1.9074E-02   -6.2979E-03   
2.5042E-02   -1.4490E-03   
2.5504E-02   -9.9659E-04   
2.5287E-02   -1.2143E-03   
2.5168E-02   -1.3294E-03   
2.5399E-02   -1.1037E-03   
1.5726E-02   -6.7541E-03   
1.2712E-02   -7.0752E-03   
2.5901E-02   -5.0008E-04   
2.5958E-02   -4.0215E-04   
2.6008E-02   -3.0100E-04   
8.9612E-03   -8.2641E-03   
9.5750E-03   -1.0774E-02   
7.5401E-03   -1.1863E-02   
5.9084E-03   -1.2732E-02   
4.5932E-03   -1.3415E-02   
3.5328E-03   -1.3953E-02   
2.6934E-03   -1.4373E-02   
2.6049E-02   -1.9392E-04   
2.0484E-03   -1.4699E-02   
1.5679E-03   -1.4949E-02   
2.6029E-02   -2.3430E-04   
1.2179E-03   -1.5139E-02   
2.6042E-02   -1.9115E-04   
9.7081E-04   -1.5286E-02   
2.6052E-02   -1.6061E-04   
8.0299E-04   -1.5402E-02   
2.6062E-02   -1.3653E-04   
6.9351E-04   -1.5495E-02   
2.6075E-02   -1.1739E-04   
6.3388E-04   -1.5570E-02   
2.6094E-02   -1.0180E-04   
6.1681E-04   -1.5636E-02   
2.6119E-02   -9.0179E-05   
6.0535E-04   -1.5707E-02   
2.6150E-02   -8.2119E-05   
6.0411E-04   -1.5773E-02   
2.6190E-02   -7.6097E-05   
6.1680E-04   -1.5833E-02   
2.6242E-02   -7.2025E-05   
6.3826E-04   -1.5891E-02   
2.6303E-02   -7.0760E-05   
6.6573E-04   -1.5953E-02   
2.6374E-02   -7.1366E-05   
6.9831E-04   -1.6020E-02   
2.6460E-02   -7.2168E-05   
7.3075E-04   -1.6093E-02   
2.6564E-02   -7.2246E-05   
7.6185E-04   -1.6170E-02   
2.6669E-02   -6.9838E-05   
7.8928E-04   -1.6254E-02   
2.6762E-02   -8.1299E-05   
8.0249E-04   -1.6342E-02   
7.9221E-04   -1.6422E-02   
9.4080E-04   -1.6627E-02   
2.7367E-02   -9.4611E-05   
1.0649E-03   -1.6991E-02   
1.1115E-03   -1.7233E-02   
2.7798E-02   -9.9472E-05   
2.9125E-02   -3.4076E-05   
2.5871E-02   -5.0079E-04   
2.5933E-02   -4.1048E-04   
2.5991E-02   -3.1738E-04   
2.3967E-02   -2.2973E-03   
2.3806E-02   -2.4333E-03   
2.1368E-02   -5.3055E-03   
2.0663E-02   -5.7739E-03   
2.2377E-02   -3.9824E-03   
2.1665E-02   -4.9332E-03   
2.2598E-02   -3.7075E-03   
2.1916E-02   -4.5929E-03   
2.3623E-02   -2.6031E-03   
2.4624E-02   -1.6747E-03   
2.2151E-02   -4.2770E-03   
2.5634E-02   -7.7201E-04   
2.5534E-02   -8.7018E-04   
2.2814E-02   -3.4519E-03   
2.3025E-02   -3.2148E-03   
2.5187E-02   -1.1847E-03   
2.5311E-02   -1.0758E-03   
2.5725E-02   -6.7593E-04   
1.8820E-02   -6.5707E-03   
2.5804E-02   -5.8717E-04   
2.3430E-02   -2.7913E-03   
2.5056E-02   -1.2991E-03   
2.3231E-02   -2.9951E-03   
2.5426E-02   -9.7123E-04   
2.4774E-02   -1.5443E-03   
2.4919E-02   -1.4191E-03   
1.1324E-02   -1.0099E-02   
9.2698E-03   -1.1123E-02   
7.5711E-03   -1.1939E-02   
6.1094E-03   -1.2634E-02   
4.8638E-03   -1.3231E-02   
3.8311E-03   -1.3741E-02   
3.0000E-03   -1.4166E-02   
2.3480E-03   -1.4515E-02   
2.6032E-02   -2.4080E-04   
2.5978E-02   -2.7788E-04   
1.8531E-03   -1.4799E-02   
2.5985E-02   -2.3486E-04   
1.4872E-03   -1.5029E-02   
2.5993E-02   -1.9858E-04   
1.2218E-03   -1.5216E-02   
2.6002E-02   -1.7060E-04   
1.0411E-03   -1.5366E-02   
2.6015E-02   -1.4846E-04   
9.4138E-04   -1.5481E-02   
2.6038E-02   -1.2938E-04   
9.4917E-04   -1.5559E-02   
2.6063E-02   -1.1795E-04   
8.7357E-04   -1.5671E-02   
2.6095E-02   -1.0955E-04   
8.4893E-04   -1.5753E-02   
2.6144E-02   -1.0238E-04   
8.4655E-04   -1.5831E-02   
2.6202E-02   -9.8003E-05   
9.0618E-04   -1.5960E-02   
1.0656E-03   -1.6382E-02   
2.6339E-02   -1.0143E-04   
9.5835E-04   -1.6029E-02   
9.9969E-04   -1.6106E-02   
1.0765E-03   -1.6281E-02   
2.6903E-02   -7.8436E-05   
2.7213E-02   -8.7978E-05   
2.7376E-02   -1.3477E-04   
2.6443E-02   -1.0258E-04   
1.4712E-03   -1.7124E-02   
2.7597E-02   -1.3780E-04   
1.1100E-03   -1.6892E-02   
2.6683E-02   -1.1693E-04   
1.2952E-03   -1.6557E-02   
2.5961E-02   -3.3428E-04   
2.5895E-02   -4.2437E-04   
2.5834E-02   -5.0385E-04   
2.4328E-02   -1.7759E-03   
2.4293E-02   -1.9361E-03   
2.4469E-02   -1.6545E-03   
2.3608E-02   -2.4183E-03   
2.5672E-02   -6.6072E-04   
2.1200E-02   -5.0637E-03   
2.5766E-02   -5.6851E-04   
2.0525E-02   -5.6180E-03   
1.8788E-02   -6.5933E-03   
2.1532E-02   -4.6899E-03   
2.2291E-02   -3.7631E-03   
2.2055E-02   -4.0525E-03   
2.3399E-02   -2.5999E-03   
2.1806E-02   -4.3592E-03   
2.2524E-02   -3.4932E-03   
2.4630E-02   -1.5229E-03   
2.5213E-02   -1.0516E-03   
2.5569E-02   -7.5489E-04   
2.2750E-02   -3.2430E-03   
2.5340E-02   -9.4885E-04   
2.5459E-02   -8.5037E-04   
2.5078E-02   -1.1602E-03   
2.2972E-02   -3.0116E-03   
2.3188E-02   -2.7978E-03   
2.4935E-02   -1.2749E-03   
2.4786E-02   -1.3961E-03   
1.3877E-02   -8.6650E-03   
1.2592E-02   -9.4891E-03   
1.0877E-02   -1.0234E-02   
9.2514E-03   -1.0961E-02   
7.7526E-03   -1.1653E-02   
6.4123E-03   -1.2299E-02   
5.2455E-03   -1.2888E-02   
4.2541E-03   -1.3411E-02   
3.4427E-03   -1.3868E-02   
2.5899E-02   -3.2954E-04   
2.7956E-03   -1.4258E-02   
2.5911E-02   -2.7109E-04   
2.2929E-03   -1.4584E-02   
1.8995E-03   -1.4865E-02   
2.5917E-02   -2.3248E-04   
2.5922E-02   -2.0313E-04   
1.5768E-03   -1.5113E-02   
2.5930E-02   -1.8071E-04   
1.2547E-03   -1.5480E-02   
2.5972E-02   -1.5302E-04   
1.2102E-03   -1.5574E-02   
2.6085E-02   -1.3100E-04   
2.6025E-02   -1.3913E-04   
1.1700E-03   -1.5692E-02   
1.2145E-03   -1.5933E-02   
8.6032E-04   -1.5898E-02   
1.2458E-03   -1.6024E-02   
1.2940E-03   -1.6110E-02   
1.3707E-03   -1.6922E-02   
1.3461E-03   -1.6813E-02   
1.3524E-03   -1.6203E-02   
2.6289E-02   -1.3765E-04   
2.6826E-02   -1.0760E-04   
2.6532E-02   -1.4665E-04   
2.7155E-02   -1.2793E-04   
2.6405E-02   -1.3957E-04   
2.6262E-02   -9.9419E-05   
1.4264E-03   -1.6309E-02   
1.2499E-03   -1.6694E-02   
1.3505E-03   -1.6434E-02   
2.7830E-02   -1.3961E-04   
1.4046E-03   -1.7252E-02   
1.3299E-03   -1.7024E-02   
2.7381E-02   -1.7965E-04   
2.4120E-02   -1.8587E-03   
2.5915E-02   -3.6114E-04   
2.5711E-02   -5.5886E-04   
2.1093E-02   -4.8009E-03   
2.5605E-02   -6.5125E-04   
2.0458E-02   -5.3034E-03   
1.6486E-02   -7.6389E-03   
2.3388E-02   -2.4116E-03   
2.1979E-02   -3.8323E-03   
2.1717E-02   -4.1362E-03   
2.1442E-02   -4.4526E-03   
2.4475E-02   -1.5155E-03   
2.2228E-02   -3.5476E-03   
2.5245E-02   -9.2994E-04   
2.2470E-02   -3.2836E-03   
2.5374E-02   -8.3354E-04   
2.5494E-02   -7.4131E-04   
2.5107E-02   -1.0323E-03   
2.2707E-02   -3.0395E-03   
2.3165E-02   -2.6059E-03   
2.4643E-02   -1.3818E-03   
2.4960E-02   -1.1415E-03   
2.2939E-02   -2.8143E-03   
2.4805E-02   -1.2580E-03   
1.5620E-02   -7.9213E-03   
1.4147E-02   -8.4857E-03   
2.3858E-02   -2.0499E-03   
1.2593E-02   -9.1447E-03   
2.3618E-02   -2.2273E-03   
1.1038E-02   -9.8290E-03   
9.5682E-03   -1.0513E-02   
8.2006E-03   -1.1182E-02   
6.9485E-03   -1.1822E-02   
5.8478E-03   -1.2427E-02   
4.9005E-03   -1.2976E-02   
1.9237E-03   -1.5133E-02   
2.5824E-02   -3.4841E-04   
4.1137E-03   -1.3460E-02   
3.4673E-03   -1.3888E-02   
2.5826E-02   -3.0238E-04   
2.9081E-03   -1.4291E-02   
2.5824E-02   -2.6621E-04   
2.5824E-02   -2.3915E-04   
1.3694E-03   -1.5291E-02   
2.5889E-02   -1.8290E-04   
1.7736E-03   -1.5344E-02   
1.4077E-03   -1.5770E-02   
2.6708E-02   -1.5252E-04   
2.6341E-02   -1.8414E-04   
2.6023E-02   -1.6453E-04   
1.6057E-03   -1.5974E-02   
2.5945E-02   -1.7189E-04   
1.6686E-03   -1.6075E-02   
1.1175E-03   -1.5807E-02   
1.6542E-03   -1.6971E-02   
1.7095E-03   -1.6178E-02   
2.6924E-02   -1.4496E-04   
1.6582E-03   -1.6485E-02   
1.6216E-03   -1.6604E-02   
2.6179E-02   -1.3823E-04   
1.6909E-03   -1.6838E-02   
1.5767E-03   -1.5871E-02   
2.6226E-02   -1.7957E-04   
2.7609E-02   -1.8195E-04   
2.7171E-02   -1.7454E-04   
2.5733E-02   -4.7909E-04   
2.5634E-02   -5.6338E-04   
2.5826E-02   -4.4830E-04   
1.9233E-02   -5.7799E-03   
2.1086E-02   -4.5543E-03   
2.4305E-02   -1.5169E-03   
2.1645E-02   -3.9199E-03   
2.5525E-02   -6.4698E-04   
2.1350E-02   -4.2441E-03   
2.1922E-02   -3.6167E-03   
1.4637E-02   -8.5008E-03   
2.2185E-02   -3.3369E-03   
2.3161E-02   -2.4191E-03   
2.5142E-02   -9.1544E-04   
2.5408E-02   -7.3248E-04   
2.5280E-02   -8.2128E-04   
2.4489E-02   -1.3767E-03   
2.2438E-02   -3.0794E-03   
2.4992E-02   -1.0185E-03   
2.2685E-02   -2.8419E-03   
2.2926E-02   -2.6228E-03   
2.4665E-02   -1.2483E-03   
2.4832E-02   -1.1295E-03   
2.3400E-02   -2.2257E-03   
1.7154E-02   -6.8723E-03   
1.5795E-02   -7.3974E-03   
1.4291E-02   -8.0146E-03   
1.8685E-02   -6.3752E-03   
1.2876E-02   -8.6349E-03   
2.3642E-02   -2.0400E-03   
2.3885E-02   -1.8582E-03   
1.1506E-02   -9.2659E-03   
2.5806E-02   -4.0343E-04   
2.4108E-02   -1.6814E-03   
1.0176E-02   -9.9085E-03   
8.9334E-03   -1.0567E-02   
6.7417E-03   -1.1820E-02   
2.5734E-02   -3.7705E-04   
5.8490E-03   -1.2383E-02   
5.1040E-03   -1.2891E-02   
2.5722E-02   -3.3818E-04   
2.5714E-02   -3.0320E-04   
2.9568E-03   -1.4410E-02   
1.6656E-03   -1.5533E-02   
2.5785E-02   -2.2004E-04   
2.6123E-02   -1.7787E-04   
2.0875E-03   -1.5840E-02   
2.2763E-03   -1.4756E-02   
2.6466E-02   -1.9295E-04   
3.0145E-03   -1.4512E-02   
2.6142E-02   -2.2833E-04   
1.6218E-03   -1.5757E-02   
1.9714E-03   -1.6531E-02   
2.0292E-03   -1.5730E-02   
1.7958E-03   -1.6250E-02   
2.6036E-02   -1.8150E-04   
2.6997E-02   -1.7135E-04   
2.5838E-02   -2.1328E-04   
1.7130E-03   -1.6363E-02   
1.6394E-03   -1.6720E-02   
2.7149E-02   -2.2509E-04   
2.7825E-02   -1.8091E-04   
1.7368E-03   -1.7211E-02   
2.1110E-03   -1.6867E-02   
2.6870E-02   -1.2369E-04   
2.5549E-02   -5.6924E-04   
2.0859E-02   -4.4315E-03   
2.3177E-02   -2.2379E-03   
2.1276E-02   -4.0313E-03   
2.1595E-02   -3.7038E-03   
2.5437E-02   -6.4863E-04   
2.1887E-02   -3.4058E-03   
2.4325E-02   -1.3804E-03   
2.5182E-02   -8.1081E-04   
2.5317E-02   -7.2778E-04   
2.2163E-02   -3.1318E-03   
2.5031E-02   -9.0616E-04   
2.2931E-02   -2.4375E-03   
2.2427E-02   -2.8809E-03   
2.4515E-02   -1.2468E-03   
2.2683E-02   -2.6505E-03   
2.4868E-02   -1.0108E-03   
2.4696E-02   -1.1244E-03   
1.8683E-02   -5.8347E-03   
1.7029E-02   -6.4916E-03   
2.5738E-02   -4.2150E-04   
1.5854E-02   -6.9532E-03   
2.3904E-02   -1.6909E-03   
2.3425E-02   -2.0470E-03   
2.4122E-02   -1.5283E-03   
1.4677E-02   -7.4361E-03   
1.3461E-02   -7.9670E-03   
2.3670E-02   -1.8648E-03   
1.2281E-02   -8.5525E-03   
1.1122E-02   -9.1526E-03   
1.0017E-02   -9.7661E-03   
2.5709E-02   -2.7721E-04   
9.0158E-03   -1.0361E-02   
4.3902E-03   -1.3407E-02   
8.1907E-03   -1.0882E-02   
2.5609E-02   -4.2590E-04   
2.5949E-02   -2.2105E-04   
2.5598E-02   -3.7806E-04   
2.8197E-03   -1.4750E-02   
2.0899E-03   -1.5441E-02   
2.5742E-02   -2.3307E-04   
3.4799E-03   -1.4136E-02   
2.5889E-02   -2.1637E-04   
2.8178E-03   -1.5310E-02   
2.1462E-03   -1.6209E-02   
2.0789E-03   -1.5573E-02   
2.0573E-03   -1.6123E-02   
2.5657E-02   -2.6668E-04   
2.6771E-02   -2.0089E-04   
2.4128E-03   -1.6397E-02   
2.6954E-02   -2.1688E-04   
1.9090E-03   -1.6636E-02   
2.7111E-02   -2.8290E-04   
2.1740E-03   -1.7146E-02   
2.7641E-02   -2.3380E-04   
2.8058E-02   -1.5003E-04   
2.4194E-03   -1.6967E-02   
2.6566E-02   -2.1101E-04   
2.5569E-02   -5.0160E-04   
2.0454E-02   -4.9611E-03   
2.0870E-02   -4.1516E-03   
2.1241E-02   -3.8047E-03   
2.2952E-02   -2.2598E-03   
2.1568E-02   -3.4902E-03   
2.5354E-02   -6.5458E-04   
2.5234E-02   -7.1498E-04   
2.1874E-02   -3.2002E-03   
1.8846E-02   -5.4717E-03   
2.5079E-02   -8.0222E-04   
2.4356E-02   -1.2519E-03   
2.2163E-02   -2.9332E-03   
2.2698E-02   -2.4663E-03   
2.4912E-02   -9.0112E-04   
2.2437E-02   -2.6892E-03   
2.4550E-02   -1.1250E-03   
2.4735E-02   -1.0085E-03   
1.8184E-02   -5.6439E-03   
2.3206E-02   -2.0644E-03   
2.3933E-02   -1.5408E-03   
2.4150E-02   -1.3904E-03   
1.7340E-02   -5.9098E-03   
2.3700E-02   -1.7045E-03   
1.6326E-02   -6.2889E-03   
1.5351E-02   -6.7247E-03   
2.3457E-02   -1.8791E-03   
2.5662E-02   -4.4243E-04   
1.2423E-02   -8.1958E-03   
1.4354E-02   -7.1814E-03   
2.5586E-02   -3.4516E-04   
1.3373E-02   -7.6750E-03   
2.5815E-02   -2.2611E-04   
5.3128E-03   -1.2890E-02   
7.5403E-03   -1.1316E-02   
5.0587E-03   -1.3127E-02   
1.1607E-02   -8.6706E-03   
2.5476E-02   -4.6060E-04   
2.5705E-02   -2.6497E-04   
2.5614E-02   -2.7606E-04   
4.3933E-03   -1.3658E-02   
3.1358E-03   -1.4977E-02   
2.6207E-03   -1.5857E-02   
2.6908E-02   -2.7484E-04   
2.5761E-02   -2.6874E-04   
3.3560E-03   -1.4685E-02   
2.6367E-02   -2.4784E-04   
2.5826E-03   -1.6171E-02   
2.6497E-02   -2.6817E-04   
2.2981E-03   -1.6586E-02   
2.7828E-03   -1.4897E-02   
2.7338E-02   -2.8957E-04   
2.6036E-02   -2.2422E-04   
2.8325E-02   -1.1687E-04   
2.6332E-03   -1.6798E-02   
1.9726E-02   -4.8264E-03   
2.5452E-02   -5.8129E-04   
2.0847E-02   -3.9223E-03   
2.1231E-02   -3.5854E-03   
2.1570E-02   -3.2817E-03   
2.2729E-02   -2.2906E-03   
2.5320E-02   -6.1206E-04   
2.0406E-02   -4.5045E-03   
2.5140E-02   -7.0309E-04   
2.2988E-02   -2.0903E-03   
2.1887E-02   -2.9998E-03   
2.4964E-02   -7.9971E-04   
2.2186E-02   -2.7398E-03   
2.2466E-02   -2.5044E-03   
2.4395E-02   -1.1311E-03   
2.4783E-02   -9.0071E-04   
2.4593E-02   -1.0103E-03   
1.9415E-02   -4.7402E-03   
2.3738E-02   -1.5576E-03   
2.4187E-02   -1.2625E-03   
2.3969E-02   -1.4043E-03   
2.5717E-02   -2.5196E-04   
1.8466E-02   -5.0571E-03   
2.3245E-02   -1.9011E-03   
1.7769E-02   -5.3129E-03   
2.3496E-02   -1.7234E-03   
2.5460E-02   -4.2193E-04   
1.5462E-02   -6.2978E-03   
1.7013E-02   -5.5885E-03   
1.4734E-02   -6.6795E-03   
1.6241E-02   -5.9192E-03   
7.9066E-03   -1.1246E-02   
2.5468E-02   -5.1631E-04   
2.5574E-02   -3.2250E-04   
1.0937E-02   -9.0856E-03   
2.5979E-02   -1.5265E-04   
5.7119E-03   -1.3000E-02   
2.5581E-02   -2.9235E-04   
2.5926E-02   -2.7976E-04   
2.5832E-02   -2.7401E-04   
2.5556E-02   -3.2409E-04   
2.5507E-02   -3.2278E-04   
2.6222E-02   -3.1170E-04   
2.5466E-02   -3.2794E-04   
3.5385E-03   -1.4473E-02   
4.9385E-03   -1.3836E-02   
7.1516E-03   -1.1640E-02   
8.0360E-03   -1.1075E-02   
3.4975E-03   -1.5173E-02   
2.6507E-02   -3.1952E-04   
2.8589E-03   -1.5869E-02   
4.6556E-03   -1.3604E-02   
2.7063E-02   -3.4768E-04   
2.4216E-03   -1.6706E-02   
2.8663E-02   -5.9343E-05   
3.1031E-03   -1.6054E-02   
2.8281E-02   -1.6383E-04   
2.6853E-02   -3.3970E-04   
2.6258E-02   -2.3391E-04   
2.8489E-03   -1.6333E-02   
2.0345E-02   -4.3340E-03   
2.0865E-02   -3.6945E-03   
2.1257E-02   -3.3744E-03   
2.2773E-02   -2.1240E-03   
2.5203E-02   -6.0482E-04   
2.1596E-02   -3.0804E-03   
2.2509E-02   -2.3287E-03   
2.5019E-02   -7.0775E-04   
2.1923E-02   -2.8034E-03   
2.2228E-02   -2.5533E-03   
2.4840E-02   -8.0120E-04   
2.3783E-02   -1.4234E-03   
2.4440E-02   -1.0179E-03   
2.4645E-02   -9.0265E-04   
2.4230E-02   -1.1451E-03   
1.9713E-02   -4.3582E-03   
2.4012E-02   -1.2792E-03   
2.5362E-02   -5.3737E-04   
2.3033E-02   -1.9309E-03   
2.3541E-02   -1.5800E-03   
1.9412E-02   -4.3751E-03   
2.3290E-02   -1.7493E-03   
1.8919E-02   -4.4720E-03   
1.7259E-02   -5.1067E-03   
1.7824E-02   -4.8571E-03   
2.5332E-02   -5.0584E-04   
1.8382E-02   -4.6402E-03   
2.5440E-02   -3.9352E-04   
2.5843E-02   -1.9985E-04   
1.4046E-02   -7.0769E-03   
2.5434E-02   -3.4004E-04   
2.5341E-02   -3.8802E-04   
8.4021E-03   -1.0800E-02   
2.5545E-02   -3.1724E-04   
2.5300E-02   -3.8950E-04   
2.5389E-02   -3.9343E-04   
7.8259E-03   -1.1593E-02   
2.6044E-02   -2.8382E-04   
2.5693E-02   -3.3825E-04   
1.0533E-02   -9.3783E-03   
2.5958E-02   -3.5096E-04   
4.0528E-03   -1.5047E-02   
3.1521E-03   -1.5228E-02   
8.0874E-03   -1.1501E-02   
8.4635E-03   -1.1021E-02   
2.6788E-02   -4.1188E-04   
2.7284E-02   -3.5581E-04   
3.6771E-03   -1.5541E-02   
2.7927E-03   -1.6503E-02   
2.8510E-02   -1.3346E-04   
3.5649E-03   -1.5897E-02   
2.0349E-02   -4.0901E-03   
2.0957E-02   -3.4734E-03   
2.2562E-02   -2.1641E-03   
2.1280E-02   -3.1832E-03   
2.5055E-02   -6.4060E-04   
2.2825E-02   -1.9677E-03   
2.1641E-02   -2.8839E-03   
2.2282E-02   -2.3776E-03   
2.4900E-02   -7.1352E-04   
2.3834E-02   -1.3015E-03   
2.1975E-02   -2.6163E-03   
2.3594E-02   -1.4486E-03   
2.0415E-02   -3.8238E-03   
2.4716E-02   -8.0411E-04   
2.4274E-02   -1.0407E-03   
2.4059E-02   -1.1667E-03   
2.0100E-02   -3.7980E-03   
2.3342E-02   -1.6093E-03   
2.3085E-02   -1.7827E-03   
2.5304E-02   -4.7268E-04   
2.5415E-02   -3.5747E-04   
1.9034E-02   -4.0314E-03   
1.9748E-02   -3.8474E-03   
1.1198E-02   -8.9278E-03   
1.9399E-02   -3.9244E-03   
2.5419E-02   -3.7491E-04   
1.6683E-02   -5.3994E-03   
1.1171E-02   -9.2643E-03   
2.5118E-02   -4.6106E-04   
1.3354E-02   -7.5240E-03   
2.5157E-02   -4.6422E-04   
2.5267E-02   -3.9811E-04   
2.5447E-02   -4.0432E-04   
9.8237E-03   -1.0131E-02   
4.6805E-03   -1.5229E-02   
8.8286E-03   -1.1194E-02   
2.6037E-02   -3.8848E-04   
2.5801E-02   -3.4585E-04   
2.7228E-02   -4.2525E-04   
1.1229E-02   -9.0597E-03   
3.4336E-03   -1.6110E-02   
2.6581E-02   -4.0320E-04   
2.7557E-02   -3.0082E-04   
6.0687E-03   -1.3741E-02   
6.1689E-03   -1.3197E-02   
6.1071E-03   -1.3456E-02   
2.6712E-02   -4.9239E-04   
2.5169E-02   -5.6001E-04   
2.2621E-02   -2.0108E-03   
2.2344E-02   -2.2140E-03   
2.0855E-02   -3.3562E-03   
2.4620E-02   -8.0401E-04   
2.5247E-02   -4.3105E-04   
2.1326E-02   -2.9885E-03   
2.3653E-02   -1.3295E-03   
2.4975E-02   -6.2834E-04   
2.3890E-02   -1.1921E-03   
2.4784E-02   -7.2369E-04   
2.1699E-02   -2.6969E-03   
2.3402E-02   -1.4811E-03   
2.2883E-02   -1.8226E-03   
2.3144E-02   -1.6459E-03   
2.0547E-02   -3.3879E-03   
2.4302E-02   -9.6658E-04   
2.4112E-02   -1.0683E-03   
2.0115E-02   -3.3946E-03   
2.0328E-02   -3.3867E-03   
1.5935E-02   -5.8336E-03   
1.8652E-02   -4.1777E-03   
2.5273E-02   -4.4841E-04   
1.4497E-02   -6.8550E-03   
2.5243E-02   -4.1385E-04   
2.4921E-02   -5.4313E-04   
1.2536E-02   -8.2291E-03   
2.5083E-02   -4.6583E-04   
2.5199E-02   -4.7530E-04   
2.6370E-02   -3.9317E-04   
2.5530E-02   -4.1632E-04   
1.2122E-02   -8.7861E-03   
1.4563E-02   -6.7084E-03   
1.0849E-02   -9.1904E-03   
2.6291E-02   -3.4899E-04   
2.5773E-02   -4.4448E-04   
9.9627E-03   -1.0521E-02   
4.3557E-03   -1.5701E-02   
7.1335E-03   -1.3305E-02   
1.3979E-02   -7.2652E-03   
2.6658E-02   -3.3027E-04   
2.6949E-02   -4.9298E-04   
2.7502E-02   -3.6379E-04   
2.7797E-02   -2.5982E-04   
9.3030E-03   -1.1134E-02   
9.2536E-03   -1.1513E-02   
2.4657E-02   -7.4503E-04   
2.2107E-02   -2.2812E-03   
2.2402E-02   -2.0673E-03   
2.5083E-02   -5.1259E-04   
2.4189E-02   -9.7413E-04   
2.3958E-02   -1.0926E-03   
2.4821E-02   -6.7036E-04   
2.2680E-02   -1.8710E-03   
2.3720E-02   -1.2218E-03   
2.3471E-02   -1.3643E-03   
2.1782E-02   -2.5177E-03   
2.3212E-02   -1.5207E-03   
2.2948E-02   -1.6894E-03   
2.1023E-02   -3.1022E-03   
2.0914E-02   -3.0505E-03   
2.0779E-02   -3.0128E-03   
1.9899E-02   -3.4268E-03   
1.8186E-02   -4.4065E-03   
2.1377E-02   -2.7987E-03   
2.5126E-02   -5.3208E-04   
2.4858E-02   -5.5234E-04   
2.4438E-02   -8.5844E-04   
2.4885E-02   -5.4398E-04   
1.5574E-02   -6.0793E-03   
1.4448E-02   -6.7548E-03   
1.3179E-02   -8.2812E-03   
2.4958E-02   -5.5028E-04   
1.7534E-02   -4.7944E-03   
2.5022E-02   -5.0768E-04   
1.5625E-02   -6.2645E-03   
2.5242E-02   -4.9684E-04   
1.6626E-02   -5.4406E-03   
2.5881E-02   -4.6241E-04   
2.6136E-02   -4.7150E-04   
2.5648E-02   -4.2736E-04   
2.8026E-02   -2.5587E-04   
1.2929E-02   -8.7730E-03   
1.2966E-02   -8.5833E-03   
8.3229E-03   -1.2616E-02   
2.6660E-02   -5.7452E-04   
4.1439E-03   -1.6041E-02   
2.7162E-02   -4.9789E-04   
2.7777E-02   -3.0984E-04   
2.4742E-02   -6.7186E-04   
2.2160E-02   -2.1455E-03   
2.1847E-02   -2.3715E-03   
2.4039E-02   -1.0003E-03   
2.4938E-02   -5.9702E-04   
2.3798E-02   -1.1241E-03   
2.2461E-02   -1.9358E-03   
2.3549E-02   -1.2582E-03   
2.2748E-02   -1.7433E-03   
2.3289E-02   -1.4063E-03   
2.1239E-02   -2.7596E-03   
2.3021E-02   -1.5680E-03   
2.0660E-02   -2.9821E-03   
2.4521E-02   -7.6952E-04   
2.4644E-02   -6.3759E-04   
2.1563E-02   -2.5832E-03   
1.9313E-02   -3.6684E-03   
2.0538E-02   -2.9713E-03   
1.7961E-02   -4.4882E-03   
2.4282E-02   -8.8242E-04   
2.4682E-02   -6.2995E-04   
2.5856E-02   -5.2681E-04   
2.4871E-02   -5.9140E-04   
2.4720E-02   -6.3159E-04   
1.7873E-02   -4.5681E-03   
2.4986E-02   -5.6903E-04   
2.5333E-02   -5.1311E-04   
2.4832E-02   -5.7076E-04   
1.6388E-02   -6.2364E-03   
1.7429E-02   -4.9439E-03   
1.8270E-02   -4.5532E-03   
2.6098E-02   -4.2947E-04   
2.8064E-02   -3.1784E-04   
1.6624E-02   -5.9401E-03   
2.5478E-02   -5.2288E-04   
2.6025E-02   -5.4854E-04   
2.6353E-02   -6.8024E-04   
1.3477E-02   -8.5056E-03   
1.1966E-02   -9.7830E-03   
2.6342E-02   -5.9045E-04   
2.8231E-02   -2.0835E-04   
2.7455E-02   -4.3017E-04   
3.1811E-03   -1.6606E-02   
1.2846E-02   -8.4235E-03   
2.1879E-02   -2.2583E-03   
2.1548E-02   -2.5041E-03   
2.3887E-02   -1.0352E-03   
2.4626E-02   -6.8697E-04   
2.3637E-02   -1.1628E-03   
2.2529E-02   -1.8162E-03   
2.1165E-02   -2.7019E-03   
2.3376E-02   -1.3033E-03   
2.0388E-02   -3.0047E-03   
2.2825E-02   -1.6276E-03   
1.8797E-02   -3.9409E-03   
2.3104E-02   -1.4583E-03   
2.4133E-02   -9.1531E-04   
2.1112E-02   -2.6449E-03   
2.4422E-02   -7.3286E-04   
2.4796E-02   -6.0105E-04   
2.4374E-02   -8.0291E-04   
2.4620E-02   -6.5041E-04   
2.4508E-02   -7.0950E-04   
2.4761E-02   -6.3946E-04   
1.9173E-02   -4.2547E-03   
1.9165E-02   -3.7731E-03   
1.8247E-02   -4.6641E-03   
1.8344E-02   -4.4455E-03   
2.5498E-02   -6.2935E-04   
2.7369E-02   -4.9922E-04   
9.2179E-03   -1.2105E-02   
1.9572E-02   -3.4588E-03   
1.6385E-02   -5.9725E-03   
2.5317E-02   -6.2440E-04   
2.6221E-02   -5.4751E-04   
2.8301E-02   -2.4303E-04   
2.7748E-02   -4.3491E-04   
2.6385E-02   -7.5421E-04   
1.6059E-02   -6.8730E-03   
3.7172E-03   -1.6493E-02   
2.5143E-02   -6.2232E-04   
2.8414E-03   -1.6625E-02   
2.3735E-02   -1.0782E-03   
2.4615E-02   -6.6590E-04   
2.3986E-02   -9.5620E-04   
2.3474E-02   -1.2111E-03   
2.2611E-02   -1.7056E-03   
2.1541E-02   -2.4176E-03   
1.6811E-02   -5.2279E-03   
2.0144E-02   -3.1038E-03   
2.4233E-02   -8.4126E-04   
2.1067E-02   -2.6014E-03   
2.4390E-02   -7.4441E-04   
2.2211E-02   -2.0273E-03   
2.2916E-02   -1.5224E-03   
1.9392E-02   -3.9649E-03   
1.9936E-02   -3.4384E-03   
2.4502E-02   -7.2992E-04   
1.9614E-02   -3.5585E-03   
1.9813E-02   -3.3169E-03   
1.9612E-02   -3.4656E-03   
1.8966E-02   -3.9286E-03   
2.0172E-02   -3.3323E-03   
1.8650E-02   -4.7135E-03   
2.5686E-02   -6.4127E-04   
2.7048E-02   -5.8980E-04   
2.5149E-02   -7.3463E-04   
2.4112E-02   -8.6573E-04   
2.4796E-02   -7.4190E-04   
2.5915E-02   -6.5577E-04   
1.3756E-02   -8.8757E-03   
6.2697E-03   -1.4251E-02   
2.4977E-02   -7.3266E-04   
2.6494E-02   -4.8436E-04   
1.6625E-02   -6.6646E-03   
1.5703E-02   -7.0130E-03   
2.6711E-02   -7.1577E-04   
2.6043E-02   -8.0444E-04   
2.3845E-02   -1.0040E-03   
2.3595E-02   -1.1252E-03   
2.4369E-02   -7.6276E-04   
2.0965E-02   -2.6071E-03   
2.4443E-02   -7.4931E-04   
2.4094E-02   -8.8727E-04   
2.3320E-02   -1.2649E-03   
2.1558E-02   -2.3301E-03   
2.2713E-02   -1.6037E-03   
2.3023E-02   -1.4266E-03   
2.1147E-02   -2.6706E-03   
2.0892E-02   -2.7809E-03   
2.1917E-02   -2.1543E-03   
2.0475E-02   -2.9017E-03   
2.0765E-02   -2.7268E-03   
2.0670E-02   -2.7777E-03   
2.2279E-02   -1.9147E-03   
2.4582E-02   -7.3340E-04   
2.3863E-02   -9.8460E-04   
2.4639E-02   -8.5078E-04   
2.0395E-02   -2.9946E-03   
2.4556E-02   -7.9315E-04   
1.8523E-02   -5.0602E-03   
2.5319E-02   -7.4537E-04   
2.0822E-02   -3.2087E-03   
9.5253E-03   -1.1468E-02   
1.7468E-02   -6.1746E-03   
2.4229E-02   -8.5721E-04   
2.4802E-02   -8.4848E-04   
2.1291E-02   -2.7030E-03   
1.8972E-02   -4.8765E-03   
9.8312E-03   -1.1903E-02   
2.6094E-02   -8.7636E-04   
2.7064E-02   -6.7916E-04   
2.3731E-02   -1.0484E-03   
2.3956E-02   -9.4013E-04   
2.2376E-02   -1.8038E-03   
2.1148E-02   -2.4824E-03   
2.2832E-02   -1.5128E-03   
2.1307E-02   -2.4272E-03   
2.1614E-02   -2.2261E-03   
2.3901E-02   -9.8606E-04   
2.1987E-02   -2.0448E-03   
2.1499E-02   -2.2769E-03   
2.4818E-02   -6.4248E-04   
2.3154E-02   -1.3365E-03   
2.4183E-02   -8.3718E-04   
2.1521E-02   -2.3432E-03   
2.4462E-02   -9.7003E-04   
2.1750E-02   -2.2593E-03   
2.4503E-02   -8.5893E-04   
6.3508E-03   -1.3741E-02   
1.8759E-02   -5.3786E-03   
2.4961E-02   -8.5621E-04   
6.1995E-03   -1.4444E-02   
2.2238E-02   -2.1882E-03   
2.0460E-02   -3.6323E-03   
2.4247E-02   -8.9045E-04   
2.5491E-02   -7.6435E-04   
1.0356E-02   -1.1596E-02   
2.2049E-02   -2.4016E-03   
2.0888E-02   -3.4859E-03   
1.4811E-02   -8.2163E-03   
2.5730E-02   -9.4117E-04   
2.1434E-02   -2.5277E-03   
2.7445E-02   -6.3546E-04   
2.2500E-02   -1.7022E-03   
2.1962E-02   -2.0453E-03   
2.3494E-02   -1.1592E-03   
2.2125E-02   -1.9226E-03   
2.3583E-02   -1.1234E-03   
2.1957E-02   -2.1760E-03   
2.1185E-02   -2.4968E-03   
2.4760E-02   -9.8759E-04   
2.2951E-02   -1.4371E-03   
2.2144E-02   -1.9854E-03   
2.1919E-02   -2.0337E-03   
2.3920E-02   -1.0102E-03   
2.4609E-02   -9.7558E-04   
2.3793E-02   -1.0132E-03   
2.1474E-02   -2.2906E-03   
2.4246E-02   -9.3943E-04   
1.5959E-02   -6.6360E-03   
2.2115E-02   -2.1648E-03   
2.1964E-02   -2.6048E-03   
2.2013E-02   -2.6677E-03   
2.1207E-02   -3.4233E-03   
2.1432E-02   -3.5356E-03   
2.5781E-02   -1.0293E-03   
6.6509E-03   -1.4449E-02   
2.5274E-02   -8.9641E-04   
2.7761E-02   -5.2365E-04   
2.2624E-02   -1.6170E-03   
2.2279E-02   -1.8173E-03   
2.3296E-02   -1.2556E-03   
2.2454E-02   -1.7754E-03   
2.3592E-02   -1.1432E-03   
2.4274E-02   -9.8663E-04   
2.3935E-02   -1.0466E-03   
2.2327E-02   -1.9275E-03   
2.4411E-02   -1.1110E-03   
2.4266E-02   -1.1006E-03   
2.5394E-02   -9.9564E-04   
2.4914E-02   -1.0080E-03   
2.2799E-02   -2.2462E-03   
2.2651E-02   -2.1669E-03   
2.1764E-02   -2.1417E-03   
2.5633E-02   -8.0131E-04   
2.6413E-02   -8.1687E-04   
2.5324E-02   -1.2220E-03   
2.2103E-02   -2.9668E-03   
2.0665E-02   -4.2772E-03   
2.2672E-02   -2.5043E-03   
2.2662E-02   -1.8929E-03   
1.0548E-02   -1.1812E-02   
2.7806E-02   -5.9599E-04   
2.2397E-02   -1.7385E-03   
2.3605E-02   -1.1044E-03   
2.2020E-02   -1.9677E-03   
2.3028E-02   -1.3976E-03   
2.4013E-02   -1.2684E-03   
2.3250E-02   -1.2952E-03   
2.2734E-02   -1.5523E-03   
2.3605E-02   -1.1754E-03   
2.2615E-02   -1.7313E-03   
2.3937E-02   -1.1507E-03   
2.2791E-02   -1.6933E-03   
2.3934E-02   -1.2154E-03   
2.5703E-02   -8.6208E-04   
2.4565E-02   -1.1234E-03   
2.5081E-02   -1.0371E-03   
2.6648E-02   -8.2373E-04   
2.2698E-02   -2.0226E-03   
2.5418E-02   -9.1665E-04   
2.2791E-02   -1.8994E-03   
2.5064E-02   -1.1372E-03   
2.2336E-02   -1.8068E-03   
2.3012E-02   -1.6572E-03   
2.3049E-02   -2.2143E-03   
2.5001E-02   -1.2494E-03   
2.5716E-02   -1.1373E-03   
2.2568E-02   -2.2916E-03   
2.3038E-02   -2.4018E-03   
2.2235E-02   -3.1931E-03   
6.9243E-03   -1.4563E-02   
2.2487E-02   -1.6946E-03   
2.3022E-02   -1.5292E-03   
2.2887E-02   -1.4809E-03   
2.3290E-02   -1.3055E-03   
2.3103E-02   -1.8005E-03   
2.2845E-02   -1.5742E-03   
2.3635E-02   -1.3840E-03   
2.4266E-02   -1.2282E-03   
2.3223E-02   -2.5800E-03   
2.4718E-02   -1.2831E-03   
2.2013E-02   -1.9628E-03   
2.3140E-02   -1.6894E-03   
2.4702E-02   -1.1486E-03   
2.3640E-02   -1.2050E-03   
2.3591E-02   -1.3268E-03   
2.3331E-02   -2.0033E-03   
5.2476E-03   -1.5870E-02   
2.3303E-02   -2.1940E-03   
2.4904E-02   -1.3621E-03   
2.6004E-02   -1.0348E-03   
2.3955E-02   -1.0884E-03   
2.1742E-02   -2.1205E-03   
2.2679E-02   -1.6332E-03   
2.3196E-02   -1.5004E-03   
2.2979E-02   -1.4724E-03   
2.4348E-02   -1.2679E-03   
2.3400E-02   -1.3543E-03   
2.3346E-02   -1.5379E-03   
2.3034E-02   -1.4229E-03   
2.4578E-02   -1.5222E-03   
2.2743E-02   -1.5780E-03   
2.6321E-02   -9.7472E-04   
2.4612E-02   -1.4102E-03   
2.3115E-02   -1.9979E-03   
2.3355E-02   -1.4798E-03   
2.3610E-02   -2.3286E-03   
4.0707E-03   -1.6604E-02   
2.3704E-02   -1.2231E-03   
2.3479E-02   -1.7747E-03   
2.3998E-02   -1.3738E-03   
2.4066E-02   -1.4502E-03   
2.3625E-02   -1.8026E-03   
2.4610E-02   -1.6197E-03   
2.3391E-02   -1.6488E-03   
2.3567E-02   -2.2208E-03   
2.3666E-02   -2.4001E-03   
2.3892E-02   -1.6158E-03   
2.3414E-02   -1.7163E-03   
2.4003E-02   -2.3225E-03   
2.3785E-02   -1.8384E-03   
2.4812E-02   -1.1785E-03   
2.5061E-02   -1.5048E-03   
2.4199E-02   -1.7170E-03   
2.3696E-02   -1.5491E-03   
2.4321E-02   -1.4429E-03   
2.3521E-02   -2.0178E-03   
2.4194E-02   -1.8270E-03   
2.5491E-02   -1.2891E-03   
2.4484E-02   -2.0884E-03   
2.3890E-02   -1.8842E-03   
2.3710E-02   -1.6203E-03   
2.4086E-02   -1.9801E-03   
2.4400E-02   -1.9445E-03   
2.4905E-02   -1.7484E-03   
2.5156E-02   -1.5729E-03   
2.4679E-02   -1.9283E-03   
3.9892E-04   -1.7590E-02   
2.3962E-02   -2.1244E-03   
2.3245E-02   -2.6717E-03   
2.8552E-02   -2.3815E-04   
8.9555E-04   -1.6727E-02   
2.9437E-02   -3.1066E-05   
2.8171E-02   -5.5678E-04   
7.2416E-04   -1.7654E-02   
3.5393E-03   -1.6741E-02   
2.4559E-02   -2.1625E-03   
2.8767E-02   -1.1913E-04   
1.1050E-03   -1.7616E-02   
4.7961E-03   -1.5811E-02   
1.5655E-03   -1.7562E-02   
2.0333E-03   -1.7499E-02   
2.4962E-03   -1.7413E-02   
2.9750E-03   -1.7296E-02   
2.9743E-02   -2.7799E-05   
3.4628E-03   -1.7127E-02   
3.9905E-03   -1.6860E-02   
2.8029E-02   -4.4117E-04   
4.5767E-03   -1.6442E-02   
3.0059E-02   -2.5657E-05   
5.8203E-03   -1.5534E-02   
9.2506E-03   -1.2839E-02   
2.5462E-02   -1.4106E-03   
1.4767E-02   -8.8741E-03   
3.0395E-02   -2.2755E-05   
2.6901E-02   -5.5856E-04   
1.7895E-02   -6.8549E-03   
1.9097E-02   -4.9414E-03   
2.6522E-03   -1.7062E-02   
2.8133E-02   -3.7552E-04   
2.1561E-02   -4.6054E-03   
2.3552E-02   -3.4492E-03   
3.0744E-02   -1.8848E-05   
2.4669E-02   -2.9226E-03   
1.5312E-02   -8.2943E-03   
2.5348E-02   -2.7168E-03   
2.5858E-02   -2.6349E-03   
3.1108E-02   -1.4901E-05   
2.6455E-02   -2.4501E-03   
2.7114E-02   -2.3105E-03   
1.1684E-03   -1.7355E-02   
2.7723E-02   -2.1686E-03   
3.1531E-02   -1.1673E-05   
2.8908E-02   -7.2557E-05   
1.8923E-02   -5.6383E-03   
2.8373E-02   -1.9964E-03   
2.8987E-02   -1.8548E-03   
2.7509E-02   -6.9710E-04   
3.2007E-02   -4.7490E-06   
2.6675E-02   -9.0834E-04   
2.5968E-02   -1.1206E-03   
3.0160E-02   -1.5059E-03   
3.2457E-02   -2.1796E-04   
3.2553E-02   -2.3887E-04   
3.2549E-02   -2.9354E-05   
3.2603E-02   -6.1509E-06   
3.2492E-02   -1.1172E-04   
5.9771E-03   -1.5470E-02   
3.1394E-02   -9.6818E-04   
1.3494E-03   -1.7458E-02   
2.6911E-02   -9.1979E-04   
2.6385E-02   -1.0620E-03   
2.3797E-03   -1.7221E-02   
2.5732E-02   -1.3898E-03   
3.0790E-03   -1.6974E-02   
2.8810E-02   -1.9458E-04   
2.5124E-02   -1.7558E-03   
2.8474E-02   -4.5239E-04   
3.4207E-03   -1.6947E-02   
1.9306E-02   -5.4254E-03   
2.3290E-03   -1.7340E-02   
2.2220E-02   -3.4164E-03   
3.3189E-03   -1.7098E-02   
2.7364E-02   -7.9920E-04   
2.7551E-02   -2.0575E-03   
2.4555E-02   -2.8129E-03   
4.6083E-03   -1.6456E-02   
1.4823E-02   -8.8059E-03   
9.6469E-03   -1.2737E-02   
1.0680E-02   -1.1923E-02   
3.0209E-02   -4.9677E-05   
2.5086E-02   -2.0255E-03   
2.9037E-02   -1.0452E-04   
2.8239E-02   -6.1793E-04   
2.9597E-02   -5.5291E-05   
3.1474E-02   -2.6723E-05   
2.4136E-02   -2.3851E-03   
2.5594E-02   -2.5173E-03   
2.8338E-02   -2.7462E-04   
2.8379E-02   -3.8880E-04   
2.5442E-02   -1.4842E-03   
2.2238E-02   -3.2623E-03   
3.2295E-02   -1.2485E-06   
2.9601E-02   -1.6795E-03   
1.7813E-02   -6.7553E-03   
2.8517E-02   -1.8108E-03   
3.2590E-02   -1.3868E-04   
3.2694E-02   -2.2891E-06   
3.2666E-02   -1.4899E-05   
3.2622E-02   -6.5117E-05   
2.6546E-02   -2.2630E-03   
2.2446E-02   -3.7699E-03   
3.0898E-02   -3.4595E-05   
3.0714E-02   -1.0785E-03   
3.2057E-02   -1.4639E-05   
3.1422E-02   -8.2480E-04   
3.1870E-02   -2.7192E-04   
3.2110E-02   -2.2260E-05   
3.2017E-02   -7.5707E-05   
3.1734E-02   -5.0764E-04   
2.7219E-02   -9.2486E-04   
2.4492E-02   -2.6884E-03   
2.8933E-02   -1.4690E-04   
2.9254E-02   -1.1951E-04   
3.0010E-02   -8.2462E-05   
1.5103E-03   -1.7328E-02   
2.3873E-02   -2.5910E-03   
2.6206E-02   -1.2317E-03   
1.3983E-02   -9.4827E-03   
2.8835E-02   -2.4352E-04   
3.0692E-02   -6.0997E-05   
2.9402E-02   -1.5992E-03   
4.6042E-03   -1.6406E-02   
2.3873E-02   -2.9096E-03   
1.7889E-02   -6.6662E-03   
2.5502E-02   -2.4329E-03   
2.2803E-02   -3.1923E-03   
2.7135E-02   -2.0531E-03   
2.5589E-02   -1.6425E-03   
2.1027E-02   -4.5162E-03   
2.8058E-02   -7.3249E-04   
2.8544E-02   -5.1795E-04   
2.6081E-02   -2.2941E-03   
2.5558E-02   -1.7907E-03   
3.1089E-02   -4.7650E-05   
2.5169E-02   -2.1363E-03   
3.0349E-02   -7.1657E-05   
2.1077E-02   -4.3390E-03   
2.8686E-02   -3.1385E-04   
2.4991E-02   -2.5657E-03   
2.5982E-02   -1.4193E-03   
2.9620E-02   -9.1949E-05   
2.8758E-02   -3.6052E-04   
3.1284E-02   -4.2735E-04   
3.1638E-02   -4.9902E-05   
3.1516E-02   -1.3956E-04   
3.1723E-02   -2.5133E-05   
2.7621E-02   -8.0710E-04   
2.9957E-02   -1.3215E-03   
3.0879E-02   -8.5279E-04   
3.2003E-02   -5.6290E-05   
3.1784E-02   -4.0877E-04   
3.1867E-02   -1.5242E-04   
3.1797E-02   -2.0008E-04   
2.4882E-02   -2.4624E-03   
2.0248E-02   -4.9960E-03   
3.0807E-02   -7.9390E-05   
2.8964E-02   -1.6554E-03   
2.3534E-02   -2.9386E-03   
2.5601E-02   -1.9104E-03   
2.4766E-02   -2.3672E-03   
2.8937E-02   -4.7476E-04   
2.9464E-02   -1.3772E-04   
2.6720E-02   -2.0692E-03   
3.0164E-02   -1.0303E-04   
3.1440E-02   -2.1318E-04   
3.1656E-02   -8.2752E-05   
2.9128E-02   -3.2513E-04   
2.7071E-02   -1.0636E-03   
2.9173E-02   -2.2264E-04   
2.6547E-02   -1.2281E-03   
3.1294E-02   -3.1024E-04   
3.0180E-02   -1.0508E-03   
2.8383E-02   -7.2035E-04   
2.7732E-02   -1.8461E-03   
2.6012E-02   -1.5873E-03   
2.4288E-02   -2.5079E-03   
2.5899E-02   -2.2114E-03   
2.8085E-02   -8.1529E-04   
3.1438E-02   -4.4830E-05   
2.9872E-02   -1.2346E-03   
3.1006E-02   -6.2432E-04   
2.6879E-02   -1.8660E-03   
2.6508E-02   -1.5031E-03   
2.7959E-02   -9.3106E-04   
2.8780E-02   -6.5982E-04   
2.6296E-02   -1.9951E-03   
2.5278E-02   -2.2380E-03   
3.0918E-02   -9.6312E-05   
2.9589E-02   -1.2329E-03   
3.0173E-02   -1.3977E-04   
3.0579E-02   -1.1675E-04   
2.5787E-02   -2.1157E-03   
2.9398E-02   -2.4303E-04   
2.9465E-02   -1.8012E-04   
2.9229E-02   -3.7612E-04   
2.5993E-02   -1.5092E-03   
2.6072E-02   -1.8127E-03   
2.9051E-02   -5.3169E-04   
2.7908E-02   -1.6639E-03   
2.7414E-02   -1.0640E-03   
2.6916E-02   -1.2115E-03   
2.6395E-02   -1.6493E-03   
2.8387E-02   -8.6692E-04   
2.8687E-02   -7.6321E-04   
2.8150E-02   -1.8249E-03   
2.9338E-02   -4.2588E-04   
2.6175E-02   -1.9043E-03   
3.1255E-02   -7.4790E-05   
2.9769E-02   -1.8517E-04   
2.9497E-02   -2.9449E-04   
2.8963E-02   -1.4226E-03   
3.0025E-02   -1.9709E-04   
2.6827E-02   -1.3320E-03   
2.7668E-02   -1.0803E-03   
2.8735E-02   -8.4094E-04   
2.6530E-02   -1.7096E-03   
2.9892E-02   -2.5872E-04   
2.9896E-02   -1.0297E-03   
2.9193E-02   -5.6811E-04   
2.9736E-02   -3.7554E-04   
2.8712E-02   -1.6330E-03   
3.0730E-02   -1.3450E-04   
2.7071E-02   -1.3531E-03   
2.7590E-02   -1.1956E-03   
3.1391E-02   -8.8380E-05   
2.9544E-02   -5.2182E-04   
3.0934E-02   -1.4727E-04   
2.7024E-02   -1.5883E-03   
2.9937E-02   -3.0428E-04   
3.0513E-02   -1.8469E-04   
2.9852E-02   -4.1447E-04   
2.7985E-02   -1.1719E-03   
3.0207E-02   -2.0891E-04   
2.8512E-02   -1.0063E-03   
2.9289E-02   -7.2919E-04   
3.0210E-02   -3.0927E-04   
2.9429E-02   -8.0456E-04   
2.7150E-02   -1.6655E-03   
2.8879E-02   -9.9131E-04   
2.7418E-02   -1.3713E-03   
2.8350E-02   -1.1617E-03   
3.0585E-02   -2.1726E-04   
3.1317E-02   -1.3124E-04   
2.9721E-02   -8.1172E-04   
2.9272E-02   -9.6160E-04   
3.0675E-02   -2.5080E-04   
2.7535E-02   -1.4801E-03   
2.8107E-02   -1.3484E-03   
3.0452E-02   -3.1747E-04   
3.0191E-02   -7.2127E-04   
2.9187E-02   -1.1045E-03   
3.1081E-02   -1.9695E-04   
3.0410E-02   -3.7375E-04   
3.0125E-02   -8.5220E-04   
3.1246E-02   -2.1331E-04   
2.9637E-02   -1.0194E-03   
2.9971E-02   -4.5519E-04   
2.9658E-02   -5.7701E-04   
2.9825E-02   -6.2570E-04   
3.0349E-02   -5.1423E-04   
