51 
1844 
2.8743E-02   -5.5786E-03   
3.0146E-02   -3.4024E-03   
3.1142E-02   -2.0431E-03   
3.1819E-02   -1.0035E-03   
4.1043E-37   -6.1933E-04   
3.2055E-02   5.1858E-38   
3.2223E-02   -1.3953E-34   
3.2330E-02   -3.8292E-35   
3.2643E-02   1.4649E-35   
3.2972E-02   3.9335E-35   
3.3423E-02   1.0324E-34   
3.4005E-02   1.5434E-34   
3.4468E-02   1.9073E-34   
3.5281E-02   2.9054E-34   
3.5901E-02   3.4588E-34   
3.6583E-02   2.9418E-34   
3.6947E-02   4.5228E-34   
3.7721E-02   6.4788E-34   
3.8557E-02   8.9933E-34   
3.9000E-02   -4.4275E-30   
3.9000E-02   -1.3486E-34   
3.9000E-02   -1.3486E-34   
3.9000E-02   -1.3486E-34   
3.9000E-02   -1.3486E-34   
3.9000E-02   -1.3486E-34   
3.9000E-02   -1.3486E-34   
3.9000E-02   -1.3486E-34   
3.9000E-02   -1.3486E-34   
3.9000E-02   -1.3486E-34   
3.9000E-02   -1.3486E-34   
3.9000E-02   -1.3486E-34   
3.9000E-02   -1.3486E-34   
3.7742E-02   -8.0174E-04   
3.6402E-02   -1.4846E-03   
3.5780E-02   -1.7254E-03   
3.5164E-02   -1.9255E-03   
3.3936E-02   -2.2542E-03   
3.3321E-02   -2.3994E-03   
3.2081E-02   -2.6826E-03   
3.1453E-02   -2.8345E-03   
2.9338E-02   -3.7938E-03   
2.2698E-02   -8.0904E-03   
1.6879E-02   -1.1685E-02   
5.8868E-03   -1.9436E-02   
4.0686E-03   -2.1153E-02   
3.5939E-03   -2.1475E-02   
2.6925E-03   -2.1807E-02   
1.7817E-03   -2.1945E-02   
8.8060E-04   -2.2010E-02   
-2.2922E-37   -2.2027E-02   
1.0133E-33   -2.1733E-02   
1.0812E-33   -2.1448E-02   
1.0248E-33   -2.1056E-02   
9.6794E-34   -2.0825E-02   
8.3871E-34   -2.0430E-02   
7.5390E-34   -2.0185E-02   
6.7116E-34   -1.9921E-02   
5.7807E-34   -1.9666E-02   
4.7464E-34   -1.8839E-02   
2.5607E-02   -5.3737E-03   
3.8443E-02   -1.6504E-05   
3.7867E-02   -4.8614E-05   
3.7045E-02   -1.0453E-04   
3.6375E-02   -1.5757E-04   
3.5722E-02   -2.2678E-04   
3.5009E-02   -2.7165E-04   
3.4441E-02   -2.9348E-04   
3.3717E-02   -3.5517E-04   
3.3017E-02   -4.0192E-04   
3.2326E-02   -4.5312E-04   
3.1654E-02   -5.1505E-04   
3.0964E-02   -6.1794E-04   
3.0240E-02   -8.3391E-04   
2.9227E-02   -1.3872E-03   
2.8008E-02   -2.5525E-03   
3.0144E-02   -2.1984E-03   
3.0549E-02   -9.3194E-04   
3.1104E-02   -4.8048E-04   
3.1656E-02   -3.2120E-04   
3.2205E-02   -2.6990E-04   
3.2742E-02   -2.5293E-04   
3.3389E-02   -2.1876E-04   
3.3995E-02   -1.9564E-04   
3.4569E-02   -1.6964E-04   
3.5153E-02   -1.6641E-04   
3.5821E-02   -1.2391E-04   
3.6465E-02   -9.0108E-05   
3.7097E-02   -6.5391E-05   
3.7782E-02   -2.9239E-05   
3.8382E-02   -7.4258E-06   
3.1731E-02   -5.1312E-04   
3.1948E-02   -1.9232E-04   
3.2208E-02   -1.1970E-04   
3.2624E-02   -9.6035E-05   
3.3049E-02   -9.0363E-05   
3.3593E-02   -9.2140E-05   
3.4098E-02   -9.2771E-05   
3.4615E-02   -8.8701E-05   
3.5301E-02   -6.8093E-05   
3.5883E-02   -5.2027E-05   
3.6549E-02   -4.0921E-05   
3.7214E-02   -2.5028E-05   
3.7872E-02   -1.1966E-05   
3.8486E-02   -1.1843E-06   
3.8333E-02   -3.5403E-05   
3.7698E-02   -9.3487E-05   
3.6923E-02   -1.8232E-04   
3.6230E-02   -2.3996E-04   
3.5609E-02   -3.2854E-04   
3.4853E-02   -4.0334E-04   
3.4112E-02   -4.7618E-04   
3.3417E-02   -5.3946E-04   
3.2686E-02   -6.2390E-04   
3.2004E-02   -7.0743E-04   
3.1126E-02   -8.4973E-04   
3.0181E-02   -1.0650E-03   
2.9263E-02   -1.3641E-03   
2.8119E-02   -1.9292E-03   
2.5259E-02   -3.8222E-03   
9.9199E-03   -1.3843E-02   
3.8278E-02   -6.6782E-05   
3.7729E-02   -1.3784E-04   
3.6790E-02   -2.7572E-04   
3.6177E-02   -3.6748E-04   
3.5454E-02   -4.6183E-04   
3.4577E-02   -5.9159E-04   
3.3826E-02   -6.6832E-04   
3.3093E-02   -7.5851E-04   
3.2212E-02   -9.0039E-04   
3.1373E-02   -1.0687E-03   
3.0488E-02   -1.2677E-03   
2.9593E-02   -1.4708E-03   
2.8474E-02   -1.9008E-03   
2.6320E-02   -3.0783E-03   
1.6138E-02   -9.7153E-03   
1.8417E-03   -1.9219E-02   
3.8473E-02   -6.6171E-05   
3.7456E-02   -2.3997E-04   
3.6882E-02   -3.3649E-04   
3.6177E-02   -4.7434E-04   
3.5132E-02   -6.5271E-04   
3.4389E-02   -7.7881E-04   
3.3628E-02   -8.8790E-04   
3.2715E-02   -1.0483E-03   
3.1872E-02   -1.2214E-03   
3.0984E-02   -1.3905E-03   
3.0132E-02   -1.5885E-03   
2.9088E-02   -1.8776E-03   
2.6828E-02   -3.0865E-03   
2.0396E-02   -7.2563E-03   
6.3457E-03   -1.6880E-02   
1.1231E-03   -2.0043E-02   
3.8134E-02   -1.6284E-04   
3.7524E-02   -3.0445E-04   
3.6785E-02   -4.8105E-04   
3.6039E-02   -6.5558E-04   
3.4971E-02   -8.6423E-04   
3.4125E-02   -9.9829E-04   
3.3238E-02   -1.1902E-03   
3.2384E-02   -1.3758E-03   
3.1411E-02   -1.5438E-03   
3.0617E-02   -1.7137E-03   
2.9739E-02   -1.9887E-03   
2.8147E-02   -2.6748E-03   
2.2255E-02   -6.4548E-03   
1.0238E-02   -1.4868E-02   
2.3192E-03   -2.0076E-02   
1.0422E-03   -2.0391E-02   
3.8299E-02   -1.9972E-04   
3.7452E-02   -4.5636E-04   
3.6765E-02   -6.2417E-04   
3.5680E-02   -9.0581E-04   
3.4718E-02   -1.1492E-03   
3.3881E-02   -1.2940E-03   
3.2824E-02   -1.5110E-03   
3.2024E-02   -1.6837E-03   
3.1013E-02   -1.8791E-03   
3.0113E-02   -2.1231E-03   
2.8959E-02   -2.5691E-03   
2.5566E-02   -4.6003E-03   
1.6080E-02   -1.1238E-02   
4.6925E-03   -1.9284E-02   
2.0637E-03   -2.0612E-02   
9.5593E-04   -2.0717E-02   
3.8169E-02   -2.9175E-04   
3.7227E-02   -6.1593E-04   
3.6571E-02   -8.0891E-04   
3.5288E-02   -1.1954E-03   
3.4516E-02   -1.3826E-03   
3.3631E-02   -1.5997E-03   
3.2674E-02   -1.7750E-03   
3.1684E-02   -1.9969E-03   
3.0567E-02   -2.2643E-03   
2.9624E-02   -2.5763E-03   
2.6960E-02   -4.1937E-03   
2.0375E-02   -8.7071E-03   
7.4231E-03   -1.8178E-02   
3.4949E-03   -2.0537E-02   
2.0167E-03   -2.0980E-02   
1.0059E-03   -2.1037E-02   
3.8206E-02   -3.8918E-04   
3.7386E-02   -7.4931E-04   
3.6299E-02   -1.1110E-03   
3.5344E-02   -1.4413E-03   
3.4329E-02   -1.6213E-03   
3.3331E-02   -1.8431E-03   
3.2365E-02   -2.0789E-03   
3.1386E-02   -2.3235E-03   
3.0385E-02   -2.5579E-03   
2.8050E-02   -3.7581E-03   
2.1955E-02   -7.9558E-03   
1.1175E-02   -1.5938E-02   
4.7487E-03   -2.0303E-02   
3.0017E-03   -2.1149E-02   
1.9524E-03   -2.1304E-02   
1.0854E-03   -2.1345E-02   
3.7871E-02   -6.8190E-04   
3.6902E-02   -1.1689E-03   
3.6121E-02   -1.4050E-03   
3.4853E-02   -1.7773E-03   
3.4069E-02   -1.9627E-03   
3.2961E-02   -2.2166E-03   
3.1977E-02   -2.4650E-03   
3.1106E-02   -2.6476E-03   
2.9552E-02   -3.2819E-03   
2.4639E-02   -6.2361E-03   
1.7133E-02   -1.1478E-02   
6.5871E-03   -1.9406E-02   
3.9788E-03   -2.1175E-02   
2.8848E-03   -2.1477E-02   
1.9225E-03   -2.1615E-02   
8.6250E-04   -2.1739E-02   
7.8561E-03   -1.0362E-03   
1.4822E-02   -1.9529E-03   
2.0910E-02   -2.9870E-03   
2.4521E-02   -4.1268E-03   
2.6561E-02   -5.0654E-03   
2.7781E-02   -5.7251E-03   
2.8330E-02   -5.7017E-03   
2.9014E-02   -5.3228E-03   
2.9207E-02   -5.0022E-03   
2.9380E-02   -4.6842E-03   
2.9543E-02   -4.3874E-03   
2.9701E-02   -4.1127E-03   
2.9854E-02   -3.8584E-03   
3.0002E-02   -3.6222E-03   
3.0285E-02   -3.1973E-03   
3.0419E-02   -3.0053E-03   
3.0550E-02   -2.8246E-03   
3.0677E-02   -2.6542E-03   
3.0801E-02   -2.4918E-03   
3.0919E-02   -2.3364E-03   
3.1033E-02   -2.1871E-03   
3.1246E-02   -1.9036E-03   
3.1345E-02   -1.7677E-03   
3.1439E-02   -1.6348E-03   
3.1527E-02   -1.5045E-03   
3.1610E-02   -1.3764E-03   
3.1686E-02   -1.2503E-03   
3.1755E-02   -1.1259E-03   
3.1876E-02   -8.8368E-04   
3.1926E-02   -7.6165E-04   
3.1969E-02   -6.3917E-04   
3.1998E-02   -5.1312E-04   
3.2032E-02   -3.9042E-04   
3.2042E-02   -2.6115E-04   
3.2062E-02   -1.3139E-04   
3.2123E-02   -4.9014E-34   
3.2158E-02   -4.7882E-34   
3.2181E-02   -3.7244E-34   
3.2198E-02   -2.1102E-34   
3.2211E-02   -1.7123E-34   
3.2235E-02   -1.1263E-34   
3.2251E-02   -8.9640E-35   
3.2271E-02   -6.9967E-35   
3.2297E-02   -5.3020E-35   
3.2372E-02   -2.5408E-35   
3.2424E-02   -1.4093E-35   
3.2486E-02   -4.0241E-36   
3.2559E-02   5.4110E-36   
3.2740E-02   2.3064E-35   
3.2849E-02   3.1306E-35   
3.3108E-02   4.7962E-35   
3.3258E-02   5.6618E-35   
3.3602E-02   1.1087E-34   
3.3796E-02   8.6288E-35   
3.4229E-02   1.6744E-34   
3.4723E-02   2.1935E-34   
3.4994E-02   2.4714E-34   
3.5583E-02   2.9478E-34   
3.6234E-02   3.8622E-34   
3.7327E-02   5.5226E-34   
3.8131E-02   5.5405E-34   
3.9000E-02   -1.3486E-34   
3.9000E-02   -1.3486E-34   
3.9000E-02   -1.3486E-34   
3.9000E-02   -1.3486E-34   
3.9000E-02   -1.3486E-34   
3.7048E-02   -1.1873E-03   
3.4551E-02   -2.0984E-03   
3.2703E-02   -2.5402E-03   
3.0773E-02   -3.0333E-03   
2.6830E-02   -5.3220E-03   
1.0319E-02   -1.6217E-02   
4.6057E-03   -2.0629E-02   
3.1446E-03   -2.1683E-02   
2.2369E-03   -2.1887E-02   
1.3287E-03   -2.1984E-02   
4.3809E-04   -2.2025E-02   
7.4461E-34   -2.1879E-02   
1.0624E-33   -2.1588E-02   
1.0513E-33   -2.1312E-02   
1.5354E-33   -2.1181E-02   
1.5490E-33   -2.0937E-02   
9.4235E-34   -2.0718E-02   
9.1312E-34   -2.0617E-02   
8.7433E-34   -2.0521E-02   
8.0871E-34   -2.0344E-02   
7.8034E-34   -2.0262E-02   
7.3093E-34   -2.0112E-02   
7.0897E-34   -2.0044E-02   
6.8827E-34   -1.9980E-02   
6.5807E-34   -1.9867E-02   
6.4137E-34   -1.9818E-02   
6.2039E-34   -1.9769E-02   
5.9887E-34   -1.9719E-02   
5.6079E-34   -1.9608E-02   
5.4327E-34   -1.9538E-02   
5.2738E-34   -1.9445E-02   
5.1125E-34   -1.9314E-02   
4.9273E-34   -1.9125E-02   
4.5497E-34   -1.8398E-02   
4.3478E-34   -1.7721E-02   
4.1426E-34   -1.6715E-02   
3.9555E-34   -1.5303E-02   
3.7841E-34   -1.3410E-02   
5.5086E-34   -1.0895E-02   
5.0177E-34   -7.9211E-03   
3.6779E-34   -4.3681E-03   
2.9206E-02   -4.4167E-03   
3.0350E-02   -2.7885E-03   
3.0759E-02   -2.2897E-03   
2.9564E-02   -3.8610E-03   
3.1710E-02   -1.0955E-03   
2.8603E-02   -5.4160E-03   
2.2863E-02   -5.0860E-03   
3.1446E-02   -1.4603E-03   
3.1964E-02   -6.3576E-04   
3.1128E-02   -1.8541E-03   
2.9896E-02   -3.3854E-03   
3.1851E-02   -8.6380E-04   
3.0053E-02   -3.1729E-03   
2.8312E-02   -5.7053E-03   
3.1011E-02   -1.9939E-03   
3.1541E-02   -1.3360E-03   
3.2094E-02   -1.8130E-04   
1.0417E-02   -4.3355E-03   
2.7882E-02   -5.8677E-03   
3.0491E-02   -2.6139E-03   
3.0625E-02   -2.4476E-03   
3.1784E-02   -9.7876E-04   
2.5781E-02   -5.5033E-03   
3.2010E-02   -5.2129E-04   
1.7497E-02   -4.9762E-03   
2.7321E-02   -5.9370E-03   
3.1629E-02   -1.2146E-03   
3.1911E-02   -7.4947E-04   
2.8821E-02   -5.0690E-03   
3.1346E-02   -1.5879E-03   
3.1240E-02   -1.7190E-03   
2.9733E-02   -3.6143E-03   
2.9017E-02   -4.7306E-03   
2.9388E-02   -4.1279E-03   
3.0205E-02   -2.9746E-03   
3.0888E-02   -2.1389E-03   
5.6750E-03   -1.2003E-02   
4.6395E-03   -1.4081E-02   
3.6747E-03   -1.5740E-02   
2.7966E-03   -1.6984E-02   
2.0493E-03   -1.7861E-02   
1.4735E-03   -1.8460E-02   
1.0598E-03   -1.8861E-02   
7.7684E-04   -1.9131E-02   
5.8599E-04   -1.9315E-02   
3.2163E-02   -9.5955E-05   
4.5589E-04   -1.9443E-02   
3.2182E-02   -7.9221E-05   
3.6536E-04   -1.9537E-02   
3.2196E-02   -6.6468E-05   
3.0427E-04   -1.9609E-02   
3.2207E-02   -5.5705E-05   
2.6050E-04   -1.9670E-02   
3.2218E-02   -4.6914E-05   
2.2712E-04   -1.9725E-02   
3.2232E-02   -3.9742E-05   
2.0338E-04   -1.9778E-02   
3.2249E-02   -3.4011E-05   
1.9015E-04   -1.9833E-02   
3.2272E-02   -2.9557E-05   
1.9064E-04   -1.9889E-02   
3.2302E-02   -2.6206E-05   
1.9839E-04   -1.9947E-02   
3.2340E-02   -2.3782E-05   
2.0703E-04   -2.0009E-02   
3.2387E-02   -2.2181E-05   
2.1541E-04   -2.0076E-02   
3.2444E-02   -2.1301E-05   
2.2424E-04   -2.0146E-02   
3.2511E-02   -2.0996E-05   
2.3414E-04   -2.0222E-02   
3.2590E-02   -2.1090E-05   
2.4433E-04   -2.0302E-02   
3.2681E-02   -2.1340E-05   
2.5438E-04   -2.0386E-02   
3.2784E-02   -2.2205E-05   
2.6464E-04   -2.0474E-02   
3.2899E-02   -2.3304E-05   
2.7506E-04   -2.0566E-02   
3.3027E-02   -2.4879E-05   
2.8861E-04   -2.0663E-02   
3.3169E-02   -2.6307E-05   
3.0462E-04   -2.0765E-02   
3.3326E-02   -2.7345E-05   
3.1430E-04   -2.0874E-02   
3.3498E-02   -2.8394E-05   
3.2416E-04   -2.0988E-02   
3.3686E-02   -2.9275E-05   
3.4914E-04   -2.1109E-02   
3.3892E-02   -2.9556E-05   
3.6458E-04   -2.1240E-02   
3.4108E-02   -2.8574E-05   
3.6826E-04   -2.1376E-02   
3.4335E-02   -2.9669E-05   
3.8335E-04   -2.1517E-02   
3.4581E-02   -2.9380E-05   
4.0674E-04   -2.1666E-02   
2.9631E-02   -3.3785E-03   
3.1123E-02   -1.6755E-03   
3.1560E-02   -1.1804E-03   
2.8852E-02   -4.4633E-03   
3.2092E-02   -2.7464E-04   
1.9524E-02   -6.8838E-03   
3.0434E-02   -2.4105E-03   
3.2001E-02   -5.2201E-04   
2.6497E-02   -6.3273E-03   
2.8178E-02   -5.5283E-03   
2.7870E-02   -5.8498E-03   
3.0866E-02   -1.9506E-03   
2.9977E-02   -2.9515E-03   
3.1815E-02   -8.4433E-04   
3.1884E-02   -7.3622E-04   
3.0137E-02   -2.7596E-03   
3.0726E-02   -2.0957E-03   
3.1653E-02   -1.0658E-03   
3.1461E-02   -1.2983E-03   
2.9058E-02   -4.1580E-03   
2.8417E-02   -5.1550E-03   
1.3297E-02   -7.4427E-03   
2.9257E-02   -3.8770E-03   
3.0286E-02   -2.5829E-03   
3.0579E-02   -2.2481E-03   
3.1738E-02   -9.5398E-04   
3.1946E-02   -6.2917E-04   
2.9448E-02   -3.6180E-03   
3.1242E-02   -1.5454E-03   
2.7406E-02   -6.0545E-03   
2.8639E-02   -4.7951E-03   
3.1354E-02   -1.4198E-03   
3.2051E-02   -4.0904E-04   
2.3976E-02   -6.3839E-03   
3.0998E-02   -1.8108E-03   
2.9808E-02   -3.1573E-03   
6.2770E-03   -9.4028E-03   
1.0244E-02   -1.2121E-02   
8.6064E-03   -1.3963E-02   
6.8391E-03   -1.5478E-02   
5.1703E-03   -1.6645E-02   
3.8347E-03   -1.7511E-02   
2.8179E-03   -1.8144E-02   
2.0667E-03   -1.8602E-02   
3.2136E-02   -1.2503E-04   
1.5248E-03   -1.8929E-02   
1.1407E-03   -1.9161E-02   
3.2149E-02   -1.6970E-04   
8.7277E-04   -1.9330E-02   
3.2162E-02   -1.4510E-04   
6.8919E-04   -1.9456E-02   
3.2173E-02   -1.2121E-04   
5.6484E-04   -1.9553E-02   
3.2183E-02   -1.0193E-04   
4.8225E-04   -1.9633E-02   
3.2194E-02   -8.6342E-05   
4.3060E-04   -1.9703E-02   
3.2209E-02   -7.3685E-05   
4.0300E-04   -1.9770E-02   
3.2228E-02   -6.3683E-05   
3.9147E-04   -1.9838E-02   
3.2254E-02   -5.6094E-05   
3.9393E-04   -1.9905E-02   
3.2288E-02   -5.0547E-05   
4.0674E-04   -1.9970E-02   
3.2330E-02   -4.6557E-05   
4.2172E-04   -2.0034E-02   
3.2383E-02   -4.4161E-05   
4.3858E-04   -2.0102E-02   
3.2445E-02   -4.3196E-05   
4.5739E-04   -2.0175E-02   
3.2519E-02   -4.3240E-05   
4.7807E-04   -2.0253E-02   
3.2606E-02   -4.3379E-05   
4.9858E-04   -2.0336E-02   
3.2704E-02   -4.3484E-05   
5.1877E-04   -2.0422E-02   
3.2808E-02   -4.6235E-05   
5.3669E-04   -2.0512E-02   
3.2926E-02   -4.8303E-05   
5.5116E-04   -2.0604E-02   
3.3058E-02   -5.2740E-05   
5.8842E-04   -2.0698E-02   
3.3208E-02   -5.4673E-05   
6.2336E-04   -2.0803E-02   
3.3373E-02   -5.6443E-05   
6.2751E-04   -2.0915E-02   
3.3553E-02   -5.8553E-05   
6.5988E-04   -2.1026E-02   
3.3757E-02   -5.9957E-05   
7.5664E-04   -2.1153E-02   
3.3980E-02   -5.9278E-05   
7.3205E-04   -2.1297E-02   
3.4189E-02   -5.4516E-05   
7.4745E-04   -2.1432E-02   
3.4410E-02   -6.5153E-05   
7.8718E-04   -2.1573E-02   
3.4844E-02   -3.0805E-05   
3.0384E-02   -2.2136E-03   
3.0550E-02   -2.0553E-03   
2.9918E-02   -2.7437E-03   
3.0709E-02   -1.9119E-03   
2.9738E-02   -2.9389E-03   
2.7732E-02   -5.6635E-03   
2.8001E-02   -5.2613E-03   
2.8247E-02   -4.8791E-03   
2.8485E-02   -4.5278E-03   
2.8715E-02   -4.2046E-03   
2.7365E-02   -6.0268E-03   
2.8935E-02   -3.9076E-03   
2.9549E-02   -3.1519E-03   
3.0856E-02   -1.7733E-03   
2.9148E-02   -3.6345E-03   
2.9353E-02   -3.3834E-03   
2.6485E-02   -6.4460E-03   
3.0995E-02   -1.6381E-03   
3.1769E-02   -8.2465E-04   
3.1848E-02   -7.2186E-04   
3.1919E-02   -6.2188E-04   
3.1681E-02   -9.2983E-04   
2.4521E-02   -7.2639E-03   
3.1127E-02   -1.5081E-03   
3.1585E-02   -1.0376E-03   
3.1370E-02   -1.2637E-03   
3.1252E-02   -1.3834E-03   
3.1481E-02   -1.1488E-03   
2.0400E-02   -8.0762E-03   
1.6639E-02   -8.6004E-03   
3.1981E-02   -5.2242E-04   
3.2038E-02   -4.2014E-04   
3.2088E-02   -3.1512E-04   
1.1777E-02   -1.0225E-02   
1.2201E-02   -1.3255E-02   
9.4956E-03   -1.4693E-02   
7.3496E-03   -1.5852E-02   
5.6436E-03   -1.6769E-02   
4.2885E-03   -1.7494E-02   
3.2288E-03   -1.8060E-02   
3.2129E-02   -2.0316E-04   
2.4222E-03   -1.8496E-02   
1.8264E-03   -1.8830E-02   
3.2109E-02   -2.4468E-04   
1.3971E-03   -1.9083E-02   
3.2122E-02   -1.9920E-04   
1.0952E-03   -1.9279E-02   
3.2130E-02   -1.6686E-04   
8.8881E-04   -1.9432E-02   
3.2139E-02   -1.4118E-04   
7.5447E-04   -1.9555E-02   
3.2150E-02   -1.2058E-04   
6.8170E-04   -1.9654E-02   
3.2166E-02   -1.0365E-04   
6.5810E-04   -1.9737E-02   
3.2188E-02   -9.0820E-05   
6.3668E-04   -1.9826E-02   
3.2217E-02   -8.1677E-05   
6.2541E-04   -1.9909E-02   
3.2254E-02   -7.4661E-05   
6.2728E-04   -1.9982E-02   
3.2303E-02   -6.9702E-05   
6.4316E-04   -2.0052E-02   
3.2360E-02   -6.7661E-05   
6.6909E-04   -2.0123E-02   
3.2427E-02   -6.7557E-05   
7.0159E-04   -2.0200E-02   
3.2511E-02   -6.7753E-05   
7.3387E-04   -2.0280E-02   
3.2611E-02   -6.7417E-05   
7.6390E-04   -2.0365E-02   
3.2713E-02   -6.4954E-05   
7.9104E-04   -2.0455E-02   
3.2803E-02   -7.5577E-05   
8.0453E-04   -2.0549E-02   
7.9405E-04   -2.0633E-02   
9.4275E-04   -2.0848E-02   
3.3395E-02   -8.8386E-05   
1.0709E-03   -2.1224E-02   
1.1235E-03   -2.1471E-02   
3.3820E-02   -9.3427E-05   
3.5136E-02   -3.2318E-05   
3.1950E-02   -5.2286E-04   
3.2013E-02   -4.2868E-04   
3.2071E-02   -3.3172E-04   
3.0043E-02   -2.4019E-03   
2.9877E-02   -2.5476E-03   
2.7194E-02   -5.8403E-03   
2.6358E-02   -6.4371E-03   
2.8361E-02   -4.2684E-03   
2.7542E-02   -5.3907E-03   
2.8604E-02   -3.9542E-03   
2.7835E-02   -4.9829E-03   
2.9689E-02   -2.7302E-03   
3.0706E-02   -1.7437E-03   
2.8108E-02   -4.6107E-03   
3.1714E-02   -8.0467E-04   
3.1615E-02   -9.0652E-04   
2.8838E-02   -3.6655E-03   
2.9063E-02   -3.4004E-03   
3.1269E-02   -1.2329E-03   
3.1392E-02   -1.1198E-03   
3.1805E-02   -7.0491E-04   
2.4106E-02   -7.5241E-03   
3.1883E-02   -6.1269E-04   
2.9489E-02   -2.9343E-03   
3.1139E-02   -1.3518E-03   
2.9280E-02   -3.1575E-03   
3.1507E-02   -1.0113E-03   
3.0857E-02   -1.6074E-03   
3.1001E-02   -1.4768E-03   
1.4393E-02   -1.2256E-02   
1.1704E-02   -1.3638E-02   
9.4937E-03   -1.4750E-02   
7.6064E-03   -1.5705E-02   
6.0078E-03   -1.6524E-02   
4.6894E-03   -1.7219E-02   
3.6345E-03   -1.7797E-02   
2.8127E-03   -1.8268E-02   
3.2113E-02   -2.5186E-04   
3.2058E-02   -2.8979E-04   
2.1916E-03   -1.8648E-02   
3.2064E-02   -2.4436E-04   
1.7323E-03   -1.8953E-02   
3.2070E-02   -2.0579E-04   
1.3993E-03   -1.9199E-02   
3.2077E-02   -1.7579E-04   
1.1714E-03   -1.9395E-02   
3.2087E-02   -1.5179E-04   
1.0423E-03   -1.9541E-02   
3.2108E-02   -1.3102E-04   
1.0393E-03   -1.9639E-02   
3.2130E-02   -1.1815E-04   
9.3821E-04   -1.9778E-02   
3.2159E-02   -1.0837E-04   
8.9404E-04   -1.9880E-02   
3.2204E-02   -9.9928E-05   
8.7711E-04   -1.9975E-02   
3.2259E-02   -9.4478E-05   
9.2363E-04   -2.0132E-02   
1.0677E-03   -2.0597E-02   
3.2389E-02   -9.5965E-05   
9.6863E-04   -2.0213E-02   
1.0038E-03   -2.0300E-02   
1.0790E-03   -2.0492E-02   
3.2941E-02   -7.2868E-05   
3.3244E-02   -8.2057E-05   
3.3402E-02   -1.2646E-04   
3.2490E-02   -9.6388E-05   
1.4837E-03   -2.1368E-02   
3.3619E-02   -1.2961E-04   
1.1148E-03   -2.1124E-02   
3.2722E-02   -1.0926E-04   
1.2971E-03   -2.0783E-02   
3.2041E-02   -3.4903E-04   
3.1974E-02   -4.4294E-04   
3.1914E-02   -5.2581E-04   
3.0405E-02   -1.8488E-03   
3.0372E-02   -2.0183E-03   
3.0547E-02   -1.7216E-03   
2.9669E-02   -2.5301E-03   
3.1751E-02   -6.8883E-04   
2.6991E-02   -5.5507E-03   
3.1845E-02   -5.9302E-04   
2.6173E-02   -6.2306E-03   
2.4011E-02   -7.4979E-03   
2.7384E-02   -5.1033E-03   
2.8266E-02   -4.0174E-03   
2.7997E-02   -4.3515E-03   
2.9451E-02   -2.7254E-03   
2.7707E-02   -4.7114E-03   
2.8519E-02   -3.7118E-03   
3.0709E-02   -1.5840E-03   
3.1293E-02   -1.0942E-03   
3.1649E-02   -7.8659E-04   
2.8765E-02   -3.4311E-03   
3.1420E-02   -9.8767E-04   
3.1539E-02   -8.8560E-04   
3.1158E-02   -1.2068E-03   
2.9002E-02   -3.1746E-03   
2.9230E-02   -2.9403E-03   
3.1015E-02   -1.3259E-03   
3.0865E-02   -1.4519E-03   
1.7862E-02   -1.0449E-02   
1.6021E-02   -1.1402E-02   
1.3803E-02   -1.2421E-02   
1.1706E-02   -1.3425E-02   
9.7718E-03   -1.4380E-02   
8.0434E-03   -1.5271E-02   
6.5408E-03   -1.6081E-02   
5.2666E-03   -1.6795E-02   
4.2257E-03   -1.7415E-02   
3.1978E-02   -3.4321E-04   
3.3958E-03   -1.7939E-02   
3.1988E-02   -2.8142E-04   
2.7511E-03   -1.8375E-02   
2.2451E-03   -1.8745E-02   
3.1992E-02   -2.4019E-04   
3.1995E-02   -2.0848E-04   
1.8272E-03   -1.9068E-02   
3.2000E-02   -1.8377E-04   
1.3948E-03   -1.9536E-02   
3.2037E-02   -1.5266E-04   
1.3239E-03   -1.9652E-02   
3.2143E-02   -1.2731E-04   
3.2086E-02   -1.3691E-04   
1.2587E-03   -1.9798E-02   
1.2611E-03   -2.0092E-02   
8.8119E-04   -2.0058E-02   
1.2776E-03   -2.0200E-02   
1.3166E-03   -2.0302E-02   
1.3772E-03   -2.1160E-02   
1.3506E-03   -2.1048E-02   
1.3662E-03   -2.0410E-02   
3.2336E-02   -1.3040E-04   
3.2863E-02   -1.0033E-04   
3.2572E-02   -1.3779E-04   
3.3184E-02   -1.1971E-04   
3.2448E-02   -1.3148E-04   
3.2317E-02   -9.4912E-05   
1.4301E-03   -2.0528E-02   
1.2529E-03   -2.0924E-02   
1.3519E-03   -2.0658E-02   
3.3850E-02   -1.3165E-04   
1.4211E-03   -2.1497E-02   
1.3382E-03   -2.1264E-02   
3.3403E-02   -1.6939E-04   
3.0191E-02   -1.9347E-03   
3.1994E-02   -3.7675E-04   
3.1790E-02   -5.8251E-04   
2.6867E-02   -5.2422E-03   
3.1684E-02   -6.7846E-04   
2.6099E-02   -5.8517E-03   
2.1053E-02   -8.8965E-03   
2.9436E-02   -2.5213E-03   
2.7911E-02   -4.1009E-03   
2.7607E-02   -4.4547E-03   
2.7282E-02   -4.8279E-03   
3.0550E-02   -1.5749E-03   
2.8195E-02   -3.7736E-03   
3.1324E-02   -9.6719E-04   
2.8460E-02   -3.4761E-03   
3.1453E-02   -8.6740E-04   
3.1572E-02   -7.7185E-04   
3.1185E-02   -1.0732E-03   
2.8716E-02   -3.2047E-03   
2.9202E-02   -2.7306E-03   
3.0719E-02   -1.4357E-03   
3.1038E-02   -1.1862E-03   
2.8964E-02   -2.9573E-03   
3.0882E-02   -1.3071E-03   
1.9945E-02   -9.2803E-03   
1.8061E-02   -1.0052E-02   
2.9922E-02   -2.1362E-03   
1.6074E-02   -1.0960E-02   
2.9675E-02   -2.3244E-03   
1.4074E-02   -1.1903E-02   
1.2180E-02   -1.2847E-02   
1.0413E-02   -1.3769E-02   
8.7918E-03   -1.4649E-02   
7.3647E-03   -1.5477E-02   
6.1336E-03   -1.6224E-02   
2.2085E-03   -1.9090E-02   
3.1901E-02   -3.6203E-04   
5.1092E-03   -1.6878E-02   
4.2649E-03   -1.7453E-02   
3.1901E-02   -3.1304E-04   
3.5307E-03   -1.7987E-02   
3.1898E-02   -2.7412E-04   
3.1894E-02   -2.4455E-04   
1.5577E-03   -1.9298E-02   
3.1950E-02   -1.8130E-04   
1.9987E-03   -1.9356E-02   
1.5061E-03   -1.9889E-02   
3.2744E-02   -1.4301E-04   
3.2381E-02   -1.7416E-04   
3.2076E-02   -1.5918E-04   
1.6796E-03   -2.0131E-02   
3.2002E-02   -1.6837E-04   
1.7296E-03   -2.0251E-02   
1.1797E-03   -1.9941E-02   
1.6632E-03   -2.1218E-02   
1.7513E-03   -2.0372E-02   
3.2956E-02   -1.3583E-04   
1.6589E-03   -2.0719E-02   
1.6247E-03   -2.0841E-02   
3.2230E-02   -1.3209E-04   
1.6970E-03   -2.1083E-02   
1.6667E-03   -2.0006E-02   
3.2269E-02   -1.7051E-04   
3.3629E-02   -1.7194E-04   
3.3196E-02   -1.6422E-04   
3.1811E-02   -4.9887E-04   
3.1712E-02   -5.8648E-04   
3.1905E-02   -4.6749E-04   
2.4584E-02   -6.4707E-03   
2.6866E-02   -4.9553E-03   
3.0374E-02   -1.5746E-03   
2.7528E-02   -4.2082E-03   
3.1603E-02   -6.7320E-04   
2.7181E-02   -4.5888E-03   
2.7849E-02   -3.8570E-03   
1.8719E-02   -1.0116E-02   
2.8147E-02   -3.5376E-03   
2.9195E-02   -2.5280E-03   
3.1218E-02   -9.5092E-04   
3.1485E-02   -7.6174E-04   
3.1357E-02   -8.5359E-04   
3.0561E-02   -1.4287E-03   
2.8426E-02   -3.2484E-03   
3.1067E-02   -1.0575E-03   
2.8692E-02   -2.9867E-03   
2.8948E-02   -2.7478E-03   
3.0738E-02   -1.2954E-03   
3.0907E-02   -1.1723E-03   
2.9445E-02   -2.3210E-03   
2.1941E-02   -7.8963E-03   
2.0228E-02   -8.6170E-03   
1.8314E-02   -9.4606E-03   
2.3877E-02   -7.2154E-03   
1.6507E-02   -1.0312E-02   
2.9696E-02   -2.1238E-03   
2.9945E-02   -1.9322E-03   
1.4751E-02   -1.1179E-02   
3.1884E-02   -4.2001E-04   
3.0174E-02   -1.7467E-03   
1.3035E-02   -1.2062E-02   
1.1426E-02   -1.2964E-02   
8.5642E-03   -1.4674E-02   
3.1810E-02   -3.9091E-04   
7.3893E-03   -1.5437E-02   
6.4021E-03   -1.6121E-02   
3.1795E-02   -3.4913E-04   
3.1785E-02   -3.1121E-04   
3.5602E-03   -1.8141E-02   
1.8365E-03   -1.9592E-02   
3.1842E-02   -2.1729E-04   
3.2169E-02   -1.6989E-04   
2.2353E-03   -1.9955E-02   
2.7029E-03   -1.8599E-02   
3.2502E-02   -1.8214E-04   
3.5893E-03   -1.8270E-02   
3.2181E-02   -2.1756E-04   
1.7414E-03   -1.9867E-02   
1.9758E-03   -2.0775E-02   
2.1927E-03   -1.9823E-02   
1.8323E-03   -2.0453E-02   
3.2085E-02   -1.7455E-04   
3.3026E-02   -1.6101E-04   
3.1892E-02   -2.0844E-04   
1.7214E-03   -2.0587E-02   
1.6434E-03   -2.0961E-02   
3.3171E-02   -2.1287E-04   
3.3843E-02   -1.7132E-04   
1.7561E-03   -2.1465E-02   
2.1189E-03   -2.1125E-02   
3.2904E-02   -1.1550E-04   
3.1626E-02   -5.9160E-04   
2.6604E-02   -4.8186E-03   
2.9209E-02   -2.3325E-03   
2.7101E-02   -4.3461E-03   
2.7476E-02   -3.9634E-03   
3.1513E-02   -6.7385E-04   
2.7813E-02   -3.6202E-03   
3.0390E-02   -1.4307E-03   
3.1257E-02   -8.4135E-04   
3.1393E-02   -7.5568E-04   
2.8125E-02   -3.3097E-03   
3.1104E-02   -9.3977E-04   
2.8952E-02   -2.5466E-03   
2.8417E-02   -3.0294E-03   
3.0583E-02   -1.2921E-03   
2.8690E-02   -2.7770E-03   
3.0940E-02   -1.0478E-03   
3.0766E-02   -1.1653E-03   
2.3922E-02   -6.5664E-03   
2.1836E-02   -7.4467E-03   
3.1815E-02   -4.3817E-04   
2.0361E-02   -8.0750E-03   
2.9962E-02   -1.7546E-03   
2.9467E-02   -2.1295E-03   
3.0185E-02   -1.5847E-03   
1.8875E-02   -8.7345E-03   
1.7328E-02   -9.4589E-03   
2.9721E-02   -1.9371E-03   
1.5821E-02   -1.0258E-02   
1.4326E-02   -1.1075E-02   
1.2890E-02   -1.1908E-02   
3.1777E-02   -2.8251E-04   
1.1579E-02   -1.2714E-02   
5.4465E-03   -1.6810E-02   
1.0489E-02   -1.3419E-02   
3.1683E-02   -4.4064E-04   
3.1995E-02   -2.1279E-04   
3.1669E-02   -3.8917E-04   
3.3107E-03   -1.8578E-02   
2.3256E-03   -1.9469E-02   
3.1802E-02   -2.3256E-04   
4.2183E-03   -1.7776E-02   
3.1938E-02   -2.0971E-04   
3.1600E-03   -1.9279E-02   
2.2146E-03   -2.0395E-02   
2.2805E-03   -1.9630E-02   
2.1405E-03   -2.0294E-02   
3.1709E-02   -2.6277E-04   
3.2801E-02   -1.8931E-04   
2.4695E-03   -2.0615E-02   
3.2980E-02   -2.0474E-04   
1.9129E-03   -2.0882E-02   
3.3130E-02   -2.6892E-04   
2.1966E-03   -2.1413E-02   
3.3657E-02   -2.2214E-04   
3.4074E-02   -1.4204E-04   
2.4355E-03   -2.1240E-02   
3.2598E-02   -1.9933E-04   
3.1645E-02   -5.2037E-04   
2.6110E-02   -5.4485E-03   
2.6629E-02   -4.4975E-03   
2.7069E-02   -4.0888E-03   
2.8973E-02   -2.3547E-03   
2.7453E-02   -3.7231E-03   
3.1428E-02   -6.7896E-04   
3.1307E-02   -7.4100E-04   
2.7803E-02   -3.3913E-03   
2.4143E-02   -6.1248E-03   
3.1151E-02   -8.3082E-04   
3.0419E-02   -1.2953E-03   
2.8128E-02   -3.0906E-03   
2.8707E-02   -2.5766E-03   
3.0982E-02   -9.3277E-04   
2.8430E-02   -2.8195E-03   
3.0616E-02   -1.1640E-03   
3.0804E-02   -1.0436E-03   
2.3328E-02   -6.3655E-03   
2.9238E-02   -2.1463E-03   
2.9987E-02   -1.5957E-03   
3.0209E-02   -1.4391E-03   
2.2287E-02   -6.7320E-03   
2.9749E-02   -1.7668E-03   
2.1020E-02   -7.2465E-03   
1.9800E-02   -7.8387E-03   
2.9498E-02   -1.9503E-03   
3.1738E-02   -4.5915E-04   
1.6060E-02   -9.8224E-03   
1.8537E-02   -8.4561E-03   
3.1654E-02   -3.5322E-04   
1.7284E-02   -9.1216E-03   
3.1883E-02   -2.2961E-04   
6.6379E-03   -1.6118E-02   
9.6202E-03   -1.4004E-02   
6.2762E-03   -1.6431E-02   
1.5000E-02   -1.0460E-02   
3.1547E-02   -4.7501E-04   
3.1754E-02   -2.5892E-04   
3.1670E-02   -2.7451E-04   
5.3740E-03   -1.7135E-02   
3.6002E-03   -1.8852E-02   
2.8049E-03   -1.9956E-02   
3.2930E-02   -2.6085E-04   
3.1806E-02   -2.6078E-04   
3.9228E-03   -1.8477E-02   
3.2400E-02   -2.3522E-04   
2.6980E-03   -2.0339E-02   
3.2525E-02   -2.5449E-04   
2.3118E-03   -2.0839E-02   
3.2397E-03   -1.8765E-02   
3.3354E-02   -2.7580E-04   
3.2078E-02   -2.1462E-04   
3.4341E-02   -1.1062E-04   
2.6411E-03   -2.1077E-02   
2.5252E-02   -5.3189E-03   
3.1527E-02   -6.0294E-04   
2.6612E-02   -4.2362E-03   
2.7066E-02   -3.8413E-03   
2.7462E-02   -3.4902E-03   
2.8741E-02   -2.3864E-03   
3.1393E-02   -6.3342E-04   
2.6070E-02   -4.9195E-03   
3.1210E-02   -7.2688E-04   
2.9010E-02   -2.1723E-03   
2.7823E-02   -3.1697E-03   
3.1033E-02   -8.2634E-04   
2.8157E-02   -2.8783E-03   
2.8462E-02   -2.6183E-03   
3.0456E-02   -1.1682E-03   
3.0849E-02   -9.3035E-04   
3.0657E-02   -1.0434E-03   
2.4889E-02   -5.2351E-03   
2.9785E-02   -1.6113E-03   
3.0244E-02   -1.3043E-03   
3.0021E-02   -1.4516E-03   
3.1781E-02   -2.5427E-04   
2.3724E-02   -5.6599E-03   
2.9276E-02   -1.9717E-03   
2.2874E-02   -6.0098E-03   
2.9535E-02   -1.7848E-03   
3.1528E-02   -4.3311E-04   
1.9992E-02   -7.3334E-03   
2.1939E-02   -6.3832E-03   
1.9064E-02   -7.8421E-03   
2.0975E-02   -6.8272E-03   
1.0047E-02   -1.3898E-02   
3.1541E-02   -5.3430E-04   
3.1639E-02   -3.2780E-04   
1.4119E-02   -1.1017E-02   
3.2047E-02   -1.5381E-04   
7.0379E-03   -1.6241E-02   
3.1641E-02   -2.9335E-04   
3.1964E-02   -2.6858E-04   
3.1874E-02   -2.6435E-04   
3.1601E-02   -3.1692E-04   
3.1555E-02   -3.1782E-04   
3.2251E-02   -2.9738E-04   
3.1518E-02   -3.2541E-04   
4.1949E-03   -1.8204E-02   
5.9204E-03   -1.7334E-02   
9.0983E-03   -1.4440E-02   
1.0248E-02   -1.3677E-02   
3.9267E-03   -1.9087E-02   
3.2531E-02   -3.0434E-04   
3.0609E-03   -1.9964E-02   
5.6863E-03   -1.7058E-02   
3.3079E-02   -3.3211E-04   
2.4262E-03   -2.0971E-02   
3.4677E-02   -5.6136E-05   
3.2938E-03   -2.0184E-02   
3.4295E-02   -1.5559E-04   
3.2872E-02   -3.2403E-04   
3.2294E-02   -2.2218E-04   
2.9532E-03   -2.0528E-02   
2.6009E-02   -4.7266E-03   
2.6644E-02   -3.9785E-03   
2.7106E-02   -3.6045E-03   
2.8787E-02   -2.2067E-03   
3.1272E-02   -6.2361E-04   
2.7499E-02   -3.2668E-03   
2.8508E-02   -2.4275E-03   
3.1086E-02   -7.2971E-04   
2.7869E-02   -2.9529E-03   
2.8205E-02   -2.6739E-03   
3.0904E-02   -8.2579E-04   
2.9828E-02   -1.4694E-03   
3.0498E-02   -1.0490E-03   
3.0707E-02   -9.3012E-04   
3.0285E-02   -1.1805E-03   
2.5267E-02   -4.7846E-03   
3.0062E-02   -1.3196E-03   
3.1433E-02   -5.5474E-04   
2.9056E-02   -2.0015E-03   
2.9580E-02   -1.6328E-03   
2.4915E-02   -4.8244E-03   
2.9321E-02   -1.8102E-03   
2.4324E-02   -4.9637E-03   
2.2284E-02   -5.8147E-03   
2.2987E-02   -5.4838E-03   
3.1400E-02   -5.2042E-04   
2.3671E-02   -5.1926E-03   
3.1505E-02   -4.0167E-04   
3.1907E-02   -2.0004E-04   
1.8176E-02   -8.3699E-03   
3.1489E-02   -3.4013E-04   
3.1385E-02   -3.8214E-04   
1.0747E-02   -1.3310E-02   
3.1607E-02   -3.2054E-04   
3.1347E-02   -3.8610E-04   
3.1429E-02   -3.8525E-04   
9.8182E-03   -1.4352E-02   
3.2079E-02   -2.7140E-04   
3.1730E-02   -3.2718E-04   
1.3579E-02   -1.1411E-02   
3.1988E-02   -3.3667E-04   
4.5773E-03   -1.8917E-02   
3.5405E-03   -1.9166E-02   
1.0124E-02   -1.4223E-02   
1.0746E-02   -1.3593E-02   
3.2803E-02   -3.9469E-04   
3.3297E-02   -3.4054E-04   
4.0411E-03   -1.9540E-02   
2.8538E-03   -2.0730E-02   
3.4523E-02   -1.2675E-04   
3.8273E-03   -1.9979E-02   
2.6027E-02   -4.4472E-03   
2.6763E-02   -3.7277E-03   
2.8565E-02   -2.2497E-03   
2.7142E-02   -3.3914E-03   
3.1120E-02   -6.5881E-04   
2.8842E-02   -2.0390E-03   
2.7556E-02   -3.0483E-03   
2.8266E-02   -2.4820E-03   
3.0963E-02   -7.3356E-04   
2.9878E-02   -1.3407E-03   
2.7930E-02   -2.7467E-03   
2.9632E-02   -1.4939E-03   
2.6124E-02   -4.1456E-03   
3.0776E-02   -8.2659E-04   
3.0327E-02   -1.0705E-03   
3.0108E-02   -1.2009E-03   
2.5760E-02   -4.1310E-03   
2.9374E-02   -1.6617E-03   
2.9110E-02   -1.8435E-03   
3.1369E-02   -4.8402E-04   
3.1473E-02   -3.6025E-04   
2.4495E-02   -4.4609E-03   
2.5348E-02   -4.2062E-03   
1.4434E-02   -1.0820E-02   
2.4934E-02   -4.3159E-03   
3.1481E-02   -3.8032E-04   
2.1557E-02   -6.1995E-03   
1.4252E-02   -1.1245E-02   
3.1159E-02   -4.5698E-04   
1.7276E-02   -8.9621E-03   
3.1195E-02   -4.5758E-04   
3.1317E-02   -3.9742E-04   
3.1483E-02   -3.9396E-04   
1.2511E-02   -1.2401E-02   
5.1973E-03   -1.9124E-02   
1.1061E-02   -1.3808E-02   
3.2062E-02   -3.7262E-04   
3.1835E-02   -3.3308E-04   
3.3238E-02   -4.0873E-04   
1.4420E-02   -1.0992E-02   
3.6282E-03   -2.0240E-02   
3.2598E-02   -3.8602E-04   
3.3571E-02   -2.8728E-04   
7.1986E-03   -1.7168E-02   
7.4814E-03   -1.6472E-02   
7.3494E-03   -1.6808E-02   
3.2723E-02   -4.7385E-04   
3.1234E-02   -5.7491E-04   
2.8629E-02   -2.0849E-03   
2.8335E-02   -2.3047E-03   
2.6653E-02   -3.6002E-03   
3.0676E-02   -8.2454E-04   
3.1305E-02   -4.3632E-04   
2.7202E-02   -3.1735E-03   
2.9691E-02   -1.3679E-03   
3.1036E-02   -6.4390E-04   
2.9932E-02   -1.2252E-03   
3.0843E-02   -7.4201E-04   
2.7625E-02   -2.8413E-03   
2.9434E-02   -1.5258E-03   
2.8903E-02   -1.8840E-03   
2.9171E-02   -1.6981E-03   
2.6301E-02   -3.6499E-03   
3.0352E-02   -9.9200E-04   
3.0159E-02   -1.0970E-03   
2.5804E-02   -3.6801E-03   
2.6051E-02   -3.6604E-03   
2.0604E-02   -6.7649E-03   
2.4027E-02   -4.6535E-03   
3.1335E-02   -4.5667E-04   
1.8689E-02   -8.1008E-03   
3.1297E-02   -4.1609E-04   
3.0957E-02   -5.3857E-04   
1.6115E-02   -9.8905E-03   
3.1129E-02   -4.6451E-04   
3.1234E-02   -4.6625E-04   
3.2391E-02   -3.7626E-04   
3.1562E-02   -4.0386E-04   
1.5464E-02   -1.0609E-02   
1.8843E-02   -7.8987E-03   
1.3956E-02   -1.1169E-02   
3.2316E-02   -3.3336E-04   
3.1798E-02   -4.2852E-04   
1.2525E-02   -1.2905E-02   
4.7438E-03   -1.9718E-02   
8.5047E-03   -1.6571E-02   
1.7961E-02   -8.6245E-03   
3.2680E-02   -3.1473E-04   
3.2958E-02   -4.7493E-04   
3.3513E-02   -3.4891E-04   
3.3810E-02   -2.4776E-04   
1.1608E-02   -1.3715E-02   
1.1424E-02   -1.4195E-02   
3.0711E-02   -7.6203E-04   
2.8081E-02   -2.3800E-03   
2.8399E-02   -2.1460E-03   
3.1141E-02   -5.2107E-04   
3.0235E-02   -9.9783E-04   
3.0000E-02   -1.1202E-03   
3.0878E-02   -6.8547E-04   
2.8692E-02   -1.9347E-03   
2.9757E-02   -1.2540E-03   
2.9503E-02   -1.4021E-03   
2.7723E-02   -2.6434E-03   
2.9239E-02   -1.5650E-03   
2.8969E-02   -1.7418E-03   
2.6856E-02   -3.3115E-03   
2.6737E-02   -3.2592E-03   
2.6586E-02   -3.2228E-03   
2.5550E-02   -3.7278E-03   
2.3449E-02   -4.9481E-03   
2.7267E-02   -2.9629E-03   
3.1187E-02   -5.4371E-04   
3.0901E-02   -5.5354E-04   
3.0489E-02   -8.7902E-04   
3.0926E-02   -5.4221E-04   
2.0096E-02   -7.0985E-03   
1.8670E-02   -7.9638E-03   
1.6770E-02   -9.9267E-03   
3.0992E-02   -5.4308E-04   
2.2630E-02   -5.4442E-03   
3.1075E-02   -5.1298E-04   
2.0060E-02   -7.3176E-03   
3.1273E-02   -4.8546E-04   
2.1407E-02   -6.2670E-03   
3.1903E-02   -4.4533E-04   
3.2154E-02   -4.5331E-04   
3.1677E-02   -4.1298E-04   
3.4038E-02   -2.4442E-04   
1.6348E-02   -1.0555E-02   
1.6447E-02   -1.0314E-02   
1.0030E-02   -1.5642E-02   
3.2668E-02   -5.5497E-04   
4.4258E-03   -2.0145E-02   
3.3169E-02   -4.8037E-04   
3.3789E-02   -2.9660E-04   
3.0795E-02   -6.8496E-04   
2.8140E-02   -2.2317E-03   
2.7798E-02   -2.4823E-03   
3.0080E-02   -1.0226E-03   
3.0995E-02   -6.0908E-04   
2.9834E-02   -1.1505E-03   
2.8462E-02   -2.0033E-03   
2.9581E-02   -1.2895E-03   
2.8762E-02   -1.7971E-03   
2.9316E-02   -1.4433E-03   
2.7114E-02   -2.9245E-03   
2.9044E-02   -1.6120E-03   
2.6451E-02   -3.1934E-03   
3.0570E-02   -7.8501E-04   
3.0682E-02   -6.3861E-04   
2.7481E-02   -2.7207E-03   
2.4839E-02   -4.0358E-03   
2.6310E-02   -3.1860E-03   
2.3152E-02   -5.0580E-03   
3.0327E-02   -9.0112E-04   
3.0717E-02   -6.2792E-04   
3.1874E-02   -5.0827E-04   
3.0924E-02   -6.0072E-04   
3.0752E-02   -6.2677E-04   
2.3019E-02   -5.1577E-03   
3.1016E-02   -5.5945E-04   
3.1360E-02   -4.9929E-04   
3.0878E-02   -5.7510E-04   
2.0872E-02   -7.2559E-03   
2.2391E-02   -5.6314E-03   
2.3398E-02   -5.1321E-03   
3.2119E-02   -4.1233E-04   
3.4073E-02   -3.0517E-04   
2.1222E-02   -6.8821E-03   
3.1501E-02   -5.0698E-04   
3.2039E-02   -5.2906E-04   
3.2358E-02   -6.5916E-04   
1.7010E-02   -1.0191E-02   
1.4950E-02   -1.1867E-02   
3.2351E-02   -5.7022E-04   
3.4243E-02   -1.9860E-04   
3.3463E-02   -4.1421E-04   
3.2560E-03   -2.0849E-02   
1.6375E-02   -1.0122E-02   
2.7834E-02   -2.3575E-03   
2.7466E-02   -2.6339E-03   
2.9923E-02   -1.0563E-03   
3.0674E-02   -6.9775E-04   
2.9669E-02   -1.1880E-03   
2.8533E-02   -1.8731E-03   
2.7034E-02   -2.8631E-03   
2.9403E-02   -1.3336E-03   
2.6133E-02   -3.2299E-03   
2.8841E-02   -1.6724E-03   
2.4200E-02   -4.3752E-03   
2.9127E-02   -1.4946E-03   
3.0173E-02   -9.3257E-04   
2.6974E-02   -2.8011E-03   
3.0455E-02   -7.3381E-04   
3.0845E-02   -6.0836E-04   
3.0418E-02   -8.1697E-04   
3.0662E-02   -6.5466E-04   
3.0538E-02   -7.0730E-04   
3.0790E-02   -6.3194E-04   
2.4433E-02   -4.7315E-03   
2.4588E-02   -4.1617E-03   
2.3343E-02   -5.2678E-03   
2.3519E-02   -5.0013E-03   
3.1513E-02   -6.1037E-04   
3.3374E-02   -4.8231E-04   
1.1168E-02   -1.4949E-02   
2.5127E-02   -3.7808E-03   
2.0958E-02   -6.9278E-03   
3.1335E-02   -6.0700E-04   
3.2233E-02   -5.2784E-04   
3.4311E-02   -2.3248E-04   
3.3754E-02   -4.1978E-04   
3.2387E-02   -7.3276E-04   
2.0289E-02   -8.0529E-03   
3.8602E-03   -2.0710E-02   
3.1165E-02   -6.0703E-04   
2.8872E-03   -2.0873E-02   
2.9766E-02   -1.0980E-03   
3.0660E-02   -6.7331E-04   
3.0021E-02   -9.7223E-04   
2.9502E-02   -1.2352E-03   
2.8619E-02   -1.7524E-03   
2.7461E-02   -2.5382E-03   
2.1705E-02   -5.9999E-03   
2.5840E-02   -3.3502E-03   
3.0272E-02   -8.5401E-04   
2.6923E-02   -2.7537E-03   
3.0426E-02   -7.4890E-04   
2.8195E-02   -2.1020E-03   
2.8933E-02   -1.5589E-03   
2.4750E-02   -4.3789E-03   
2.5486E-02   -3.7432E-03   
3.0530E-02   -7.2520E-04   
2.5117E-02   -3.8944E-03   
2.5435E-02   -3.6081E-03   
2.5163E-02   -3.7896E-03   
2.4366E-02   -4.3588E-03   
2.5741E-02   -3.6065E-03   
2.3733E-02   -5.3012E-03   
3.1698E-02   -6.2108E-04   
3.3052E-02   -5.7121E-04   
3.1162E-02   -7.1579E-04   
3.0142E-02   -8.7117E-04   
3.0815E-02   -7.2758E-04   
3.1924E-02   -6.3474E-04   
1.7201E-02   -1.0656E-02   
7.2537E-03   -1.7816E-02   
3.0993E-02   -7.1583E-04   
3.2507E-02   -4.6572E-04   
2.0977E-02   -7.7788E-03   
1.9872E-02   -8.2418E-03   
3.2712E-02   -6.9551E-04   
3.2045E-02   -7.8192E-04   
2.9876E-02   -1.0189E-03   
2.9622E-02   -1.1435E-03   
3.0407E-02   -7.7097E-04   
2.6803E-02   -2.7614E-03   
3.0486E-02   -7.5986E-04   
3.0128E-02   -8.9885E-04   
2.9344E-02   -1.2877E-03   
2.7481E-02   -2.4403E-03   
2.8724E-02   -1.6414E-03   
2.9042E-02   -1.4555E-03   
2.6936E-02   -2.8081E-03   
2.6653E-02   -2.9470E-03   
2.7877E-02   -2.2422E-03   
2.6219E-02   -3.1071E-03   
2.6567E-02   -2.9010E-03   
2.6438E-02   -2.9568E-03   
2.8268E-02   -1.9779E-03   
3.0606E-02   -7.2496E-04   
2.9887E-02   -9.9006E-04   
3.0652E-02   -8.3497E-04   
2.6100E-02   -3.2133E-03   
3.0575E-02   -7.8183E-04   
2.3490E-02   -5.7280E-03   
3.1329E-02   -7.2494E-04   
2.6452E-02   -3.4187E-03   
1.1741E-02   -1.4126E-02   
2.2019E-02   -7.1379E-03   
3.0251E-02   -8.5313E-04   
3.0813E-02   -8.3028E-04   
2.7073E-02   -2.8306E-03   
2.4013E-02   -5.4872E-03   
1.1936E-02   -1.4674E-02   
3.2093E-02   -8.5363E-04   
3.3066E-02   -6.6030E-04   
2.9758E-02   -1.0622E-03   
2.9986E-02   -9.5061E-04   
2.8372E-02   -1.8552E-03   
2.7002E-02   -2.6125E-03   
2.8845E-02   -1.5421E-03   
2.7163E-02   -2.5367E-03   
2.7542E-02   -2.3216E-03   
2.9921E-02   -9.8711E-04   
2.7954E-02   -2.1197E-03   
2.7409E-02   -2.3776E-03   
3.0845E-02   -6.3306E-04   
2.9172E-02   -1.3580E-03   
3.0217E-02   -8.4513E-04   
2.7398E-02   -2.4320E-03   
3.0470E-02   -9.5291E-04   
2.7651E-02   -2.3261E-03   
3.0518E-02   -8.4557E-04   
7.5255E-03   -1.7162E-02   
2.3629E-02   -6.1093E-03   
3.0969E-02   -8.3605E-04   
7.1117E-03   -1.8064E-02   
2.8163E-02   -2.2108E-03   
2.5973E-02   -3.9292E-03   
3.0265E-02   -8.8278E-04   
3.1499E-02   -7.4270E-04   
1.2571E-02   -1.4255E-02   
2.7927E-02   -2.4461E-03   
2.6455E-02   -3.7355E-03   
1.8532E-02   -9.7805E-03   
3.1728E-02   -9.1735E-04   
2.7258E-02   -2.6295E-03   
3.3446E-02   -6.1824E-04   
2.8501E-02   -1.7428E-03   
2.7904E-02   -2.0940E-03   
2.9517E-02   -1.1748E-03   
2.8103E-02   -1.9825E-03   
2.9602E-02   -1.1303E-03   
2.7875E-02   -2.2197E-03   
2.7032E-02   -2.6240E-03   
3.0764E-02   -9.6616E-04   
2.8964E-02   -1.4586E-03   
2.8098E-02   -2.0183E-03   
2.7876E-02   -2.1044E-03   
2.9937E-02   -1.0071E-03   
3.0615E-02   -9.5610E-04   
2.9819E-02   -1.0232E-03   
2.7369E-02   -2.3862E-03   
3.0260E-02   -9.2863E-04   
2.0276E-02   -7.7660E-03   
2.8041E-02   -2.1973E-03   
2.7812E-02   -2.6750E-03   
2.7843E-02   -2.7378E-03   
2.6802E-02   -3.6467E-03   
2.7010E-02   -3.7709E-03   
3.1777E-02   -1.0053E-03   
7.6019E-03   -1.8055E-02   
3.1277E-02   -8.7349E-04   
3.3764E-02   -5.0800E-04   
2.8629E-02   -1.6480E-03   
2.8266E-02   -1.8639E-03   
2.9314E-02   -1.2694E-03   
2.8438E-02   -1.7924E-03   
2.9608E-02   -1.1455E-03   
3.0284E-02   -9.7257E-04   
2.9948E-02   -1.0396E-03   
2.8291E-02   -1.9449E-03   
3.0412E-02   -1.0902E-03   
3.0269E-02   -1.0822E-03   
3.1392E-02   -9.7126E-04   
3.0916E-02   -9.8494E-04   
2.8743E-02   -2.2380E-03   
2.8600E-02   -2.1679E-03   
2.7691E-02   -2.2108E-03   
3.1638E-02   -7.7878E-04   
3.2413E-02   -7.9531E-04   
3.1317E-02   -1.1963E-03   
2.7867E-02   -3.0730E-03   
2.6018E-02   -4.6968E-03   
2.8571E-02   -2.5188E-03   
2.8636E-02   -1.8885E-03   
1.2777E-02   -1.4544E-02   
3.3807E-02   -5.8036E-04   
2.8390E-02   -1.7736E-03   
2.9627E-02   -1.1146E-03   
2.7978E-02   -2.0191E-03   
2.9040E-02   -1.4135E-03   
3.0011E-02   -1.2486E-03   
2.9264E-02   -1.3044E-03   
2.8740E-02   -1.5750E-03   
2.9616E-02   -1.1731E-03   
2.8603E-02   -1.7381E-03   
2.9942E-02   -1.1373E-03   
2.8781E-02   -1.6907E-03   
2.9935E-02   -1.1990E-03   
3.1705E-02   -8.3884E-04   
3.0564E-02   -1.1007E-03   
3.1080E-02   -1.0128E-03   
3.2646E-02   -8.0305E-04   
2.8661E-02   -2.0147E-03   
3.1419E-02   -8.9310E-04   
2.8766E-02   -1.8872E-03   
3.1059E-02   -1.1117E-03   
2.8319E-02   -1.8346E-03   
2.9004E-02   -1.6451E-03   
2.9010E-02   -2.1904E-03   
3.0994E-02   -1.2229E-03   
3.1709E-02   -1.1130E-03   
2.8495E-02   -2.3005E-03   
2.8981E-02   -2.3882E-03   
2.7978E-02   -3.3398E-03   
7.9390E-03   -1.8208E-02   
2.8482E-02   -1.7204E-03   
2.9021E-02   -1.5264E-03   
2.8895E-02   -1.4961E-03   
2.9299E-02   -1.3091E-03   
2.9090E-02   -1.7780E-03   
2.8843E-02   -1.5788E-03   
2.9632E-02   -1.3670E-03   
3.0264E-02   -1.2061E-03   
2.9172E-02   -2.5737E-03   
3.0711E-02   -1.2565E-03   
2.7977E-02   -2.0214E-03   
2.9131E-02   -1.6697E-03   
3.0699E-02   -1.1243E-03   
2.9648E-02   -1.1984E-03   
2.9591E-02   -1.3140E-03   
2.9312E-02   -1.9689E-03   
5.6835E-03   -1.9932E-02   
2.9279E-02   -2.1593E-03   
3.0894E-02   -1.3349E-03   
3.1999E-02   -1.0116E-03   
2.9964E-02   -1.0778E-03   
2.7675E-02   -2.1954E-03   
2.8674E-02   -1.6459E-03   
2.9194E-02   -1.4908E-03   
2.8983E-02   -1.4787E-03   
3.0344E-02   -1.2439E-03   
2.9403E-02   -1.3467E-03   
2.9340E-02   -1.5208E-03   
2.9042E-02   -1.4325E-03   
3.0566E-02   -1.4935E-03   
2.8744E-02   -1.5931E-03   
3.2316E-02   -9.5277E-04   
3.0602E-02   -1.3823E-03   
2.9096E-02   -1.9709E-03   
2.9352E-02   -1.4659E-03   
2.9594E-02   -2.2985E-03   
4.2229E-03   -2.0855E-02   
2.9709E-02   -1.2128E-03   
2.9465E-02   -1.7478E-03   
2.9992E-02   -1.3512E-03   
3.0058E-02   -1.4247E-03   
2.9609E-02   -1.7714E-03   
3.0597E-02   -1.5911E-03   
2.9381E-02   -1.6266E-03   
2.9554E-02   -2.1871E-03   
2.9648E-02   -2.3721E-03   
2.9880E-02   -1.5876E-03   
2.9403E-02   -1.6925E-03   
2.9995E-02   -2.2914E-03   
2.9769E-02   -1.8056E-03   
3.0808E-02   -1.1531E-03   
3.1049E-02   -1.4783E-03   
3.0185E-02   -1.6863E-03   
2.9687E-02   -1.5258E-03   
3.0311E-02   -1.4154E-03   
2.9505E-02   -1.9815E-03   
3.0179E-02   -1.7964E-03   
3.1482E-02   -1.2641E-03   
3.0473E-02   -2.0602E-03   
2.9874E-02   -1.8513E-03   
2.9699E-02   -1.5947E-03   
3.0073E-02   -1.9498E-03   
3.0388E-02   -1.9154E-03   
3.0893E-02   -1.7217E-03   
3.1145E-02   -1.5471E-03   
3.0667E-02   -1.9006E-03   
4.0812E-04   -2.1826E-02   
2.9949E-02   -2.0938E-03   
2.9183E-02   -2.6677E-03   
3.4561E-02   -2.2828E-04   
8.9802E-04   -2.0951E-02   
3.5447E-02   -2.9527E-05   
3.4172E-02   -5.4270E-04   
7.4340E-04   -2.1896E-02   
3.6174E-03   -2.1016E-02   
3.0551E-02   -2.1348E-03   
3.4779E-02   -1.1323E-04   
1.1332E-03   -2.1864E-02   
5.2047E-03   -1.9851E-02   
1.6038E-03   -2.1820E-02   
2.0816E-03   -2.1772E-02   
2.5541E-03   -2.1704E-02   
3.0418E-03   -2.1607E-02   
3.5750E-02   -2.6478E-05   
3.5410E-03   -2.1457E-02   
4.0791E-03   -2.1186E-02   
3.4033E-02   -4.2697E-04   
4.7818E-03   -2.0699E-02   
3.6065E-02   -2.4428E-05   
6.3177E-03   -1.9498E-02   
1.0892E-02   -1.5925E-02   
3.1452E-02   -1.3858E-03   
1.8190E-02   -1.0652E-02   
3.6400E-02   -2.1666E-05   
3.2908E-02   -5.3975E-04   
2.2222E-02   -7.9875E-03   
2.4134E-02   -5.5640E-03   
2.6769E-03   -2.1346E-02   
3.4139E-02   -3.6227E-04   
2.6913E-02   -5.0673E-03   
2.9354E-02   -3.5815E-03   
3.6748E-02   -1.7909E-05   
3.0663E-02   -2.9150E-03   
1.9056E-02   -9.8808E-03   
3.1355E-02   -2.7014E-03   
3.1865E-02   -2.6214E-03   
3.7111E-02   -1.4094E-05   
3.2461E-02   -2.4377E-03   
3.3120E-02   -2.2999E-03   
1.1854E-03   -2.1597E-02   
3.3729E-02   -2.1597E-03   
3.7533E-02   -1.0946E-05   
3.4919E-02   -6.8827E-05   
2.3764E-02   -6.4322E-03   
3.4378E-02   -1.9890E-03   
3.4991E-02   -1.8488E-03   
3.3508E-02   -6.8018E-04   
3.8007E-02   -4.3304E-06   
3.2671E-02   -8.8790E-04   
3.1962E-02   -1.0973E-03   
3.6164E-02   -1.5022E-03   
3.8457E-02   -2.1734E-04   
3.8554E-02   -2.3843E-04   
3.8549E-02   -2.8341E-05   
3.8603E-02   -5.4768E-06   
3.8492E-02   -1.1089E-04   
6.5921E-03   -1.9414E-02   
3.7396E-02   -9.6657E-04   
1.3748E-03   -2.1707E-02   
3.2907E-02   -9.0058E-04   
3.2379E-02   -1.0406E-03   
2.4124E-03   -2.1498E-02   
3.1723E-02   -1.3664E-03   
3.1060E-03   -2.1278E-02   
3.4819E-02   -1.8628E-04   
3.1113E-02   -1.7304E-03   
3.4476E-02   -4.3973E-04   
3.4644E-03   -2.1260E-02   
2.4214E-02   -6.1511E-03   
2.3716E-03   -2.1619E-02   
2.7884E-02   -3.5972E-03   
3.3744E-03   -2.1417E-02   
3.3362E-02   -7.8183E-04   
3.3555E-02   -2.0479E-03   
3.0560E-02   -2.8016E-03   
4.8304E-03   -2.0689E-02   
1.8374E-02   -1.0558E-02   
1.1428E-02   -1.5764E-02   
1.2862E-02   -1.4689E-02   
3.6214E-02   -4.7388E-05   
3.1079E-02   -2.0009E-03   
3.5047E-02   -9.9498E-05   
3.4238E-02   -6.0422E-04   
3.5605E-02   -5.2701E-05   
3.7475E-02   -2.5213E-05   
3.0126E-02   -2.3570E-03   
3.1600E-02   -2.5024E-03   
3.4347E-02   -2.6347E-04   
3.4384E-02   -3.7621E-04   
3.1432E-02   -1.4596E-03   
2.7959E-02   -3.4202E-03   
3.8296E-02   -1.0684E-06   
3.5605E-02   -1.6748E-03   
2.2182E-02   -7.8703E-03   
3.4521E-02   -1.8035E-03   
3.8591E-02   -1.3817E-04   
3.8694E-02   -1.8977E-06   
3.8666E-02   -1.4164E-05   
3.8621E-02   -6.4422E-05   
3.2551E-02   -2.2507E-03   
2.8051E-02   -4.0183E-03   
3.6901E-02   -3.2883E-05   
3.6716E-02   -1.0754E-03   
3.8058E-02   -1.3487E-05   
3.7424E-02   -8.2299E-04   
3.7870E-02   -2.7000E-04   
3.8111E-02   -2.0781E-05   
3.8017E-02   -7.3529E-05   
3.7734E-02   -5.0601E-04   
3.3215E-02   -9.0732E-04   
3.0503E-02   -2.6685E-03   
3.4942E-02   -1.4021E-04   
3.5263E-02   -1.1413E-04   
3.6015E-02   -7.8846E-05   
1.5321E-03   -2.1578E-02   
2.9860E-02   -2.5648E-03   
3.2198E-02   -1.2102E-03   
1.7184E-02   -1.1451E-02   
3.4842E-02   -2.3408E-04   
3.6695E-02   -5.8253E-05   
3.5405E-02   -1.5938E-03   
4.8551E-03   -2.0619E-02   
2.9801E-02   -2.9392E-03   
2.2309E-02   -7.7504E-03   
3.1509E-02   -2.4178E-03   
2.8579E-02   -3.3180E-03   
3.3140E-02   -2.0423E-03   
3.1579E-02   -1.6197E-03   
2.6310E-02   -4.9751E-03   
3.4055E-02   -7.1829E-04   
3.4544E-02   -5.0542E-04   
3.2086E-02   -2.2805E-03   
3.1550E-02   -1.7686E-03   
3.7091E-02   -4.5368E-05   
3.1165E-02   -2.1146E-03   
3.6353E-02   -6.8526E-05   
2.6430E-02   -4.7614E-03   
3.4691E-02   -3.0295E-04   
3.1000E-02   -2.5500E-03   
3.1974E-02   -1.3976E-03   
3.5627E-02   -8.7806E-05   
3.4761E-02   -3.4935E-04   
3.7283E-02   -4.2430E-04   
3.7639E-02   -4.7554E-05   
3.7516E-02   -1.3625E-04   
3.7724E-02   -2.3591E-05   
3.3618E-02   -7.9108E-04   
3.5959E-02   -1.3171E-03   
3.6880E-02   -8.4979E-04   
3.8003E-02   -5.4171E-05   
3.7784E-02   -4.0703E-04   
3.7866E-02   -1.5000E-04   
3.7796E-02   -1.9766E-04   
3.0887E-02   -2.4433E-03   
2.5353E-02   -5.5963E-03   
3.6810E-02   -7.6059E-05   
3.4967E-02   -1.6491E-03   
2.9427E-02   -2.9767E-03   
3.1595E-02   -1.8902E-03   
3.0767E-02   -2.3436E-03   
3.4937E-02   -4.6376E-04   
3.5470E-02   -1.3191E-04   
3.2724E-02   -2.0573E-03   
3.6168E-02   -9.8816E-05   
3.7439E-02   -2.0977E-04   
3.7656E-02   -7.9916E-05   
3.5131E-02   -3.1533E-04   
3.3065E-02   -1.0461E-03   
3.5179E-02   -2.1433E-04   
3.2540E-02   -1.2087E-03   
3.7294E-02   -3.0676E-04   
3.6181E-02   -1.0465E-03   
3.4381E-02   -7.0768E-04   
3.3735E-02   -1.8367E-03   
3.2005E-02   -1.5671E-03   
3.0291E-02   -2.4756E-03   
3.1903E-02   -2.1972E-03   
3.4082E-02   -8.0169E-04   
3.7439E-02   -4.2596E-05   
3.5873E-02   -1.2299E-03   
3.7006E-02   -6.2112E-04   
3.2881E-02   -1.8541E-03   
3.2502E-02   -1.4859E-03   
3.3955E-02   -9.1758E-04   
3.4778E-02   -6.4866E-04   
3.2297E-02   -1.9814E-03   
3.1279E-02   -2.2197E-03   
3.6920E-02   -9.2623E-05   
3.5590E-02   -1.2274E-03   
3.6176E-02   -1.3458E-04   
3.6582E-02   -1.1239E-04   
3.1788E-02   -2.1003E-03   
3.5402E-02   -2.3482E-04   
3.5470E-02   -1.7316E-04   
3.5231E-02   -3.6632E-04   
3.1985E-02   -1.4882E-03   
3.2068E-02   -1.7957E-03   
3.5050E-02   -5.2121E-04   
3.3910E-02   -1.6547E-03   
3.3409E-02   -1.0485E-03   
3.2910E-02   -1.1943E-03   
3.2390E-02   -1.6329E-03   
3.4384E-02   -8.5517E-04   
3.4685E-02   -7.5221E-04   
3.4154E-02   -1.8166E-03   
3.5338E-02   -4.1636E-04   
3.2174E-02   -1.8893E-03   
3.7256E-02   -7.1742E-05   
3.5773E-02   -1.7856E-04   
3.5499E-02   -2.8595E-04   
3.4965E-02   -1.4158E-03   
3.6028E-02   -1.9069E-04   
3.2821E-02   -1.3153E-03   
3.3664E-02   -1.0664E-03   
3.4733E-02   -8.3065E-04   
3.2527E-02   -1.6949E-03   
3.5893E-02   -2.5140E-04   
3.5896E-02   -1.0245E-03   
3.5192E-02   -5.5831E-04   
3.5736E-02   -3.6737E-04   
3.4715E-02   -1.6260E-03   
3.6732E-02   -1.2995E-04   
3.3066E-02   -1.3382E-03   
3.3586E-02   -1.1822E-03   
3.7392E-02   -8.5175E-05   
3.5542E-02   -5.1322E-04   
3.6935E-02   -1.4284E-04   
3.3022E-02   -1.5753E-03   
3.5938E-02   -2.9682E-04   
3.6514E-02   -1.7924E-04   
3.5851E-02   -4.0668E-04   
3.3982E-02   -1.1605E-03   
3.6209E-02   -2.0269E-04   
3.4510E-02   -9.9614E-04   
3.5287E-02   -7.2059E-04   
3.6211E-02   -3.0256E-04   
3.5427E-02   -7.9693E-04   
3.3149E-02   -1.6536E-03   
3.4877E-02   -9.8257E-04   
3.3415E-02   -1.3586E-03   
3.4348E-02   -1.1518E-03   
3.6586E-02   -2.1172E-04   
3.7318E-02   -1.2755E-04   
3.5720E-02   -8.0520E-04   
3.5271E-02   -9.5419E-04   
3.6675E-02   -2.4541E-04   
3.3533E-02   -1.4687E-03   
3.4106E-02   -1.3386E-03   
3.6452E-02   -3.1145E-04   
3.6191E-02   -7.1595E-04   
3.5187E-02   -1.0975E-03   
3.7081E-02   -1.9259E-04   
3.6409E-02   -3.6771E-04   
3.6125E-02   -8.4716E-04   
3.7246E-02   -2.0937E-04   
3.5637E-02   -1.0134E-03   
3.5970E-02   -4.4793E-04   
3.5656E-02   -5.6909E-04   
3.5824E-02   -6.1865E-04   
3.6348E-02   -5.0853E-04   
