51 
1844 
7.2505E-03   -3.1468E-03   
8.5696E-03   -2.3700E-03   
9.6499E-03   -1.5850E-03   
1.0388E-02   -8.0490E-04   
1.0309E-36   -1.2401E-03   
1.0645E-02   1.2450E-37   
1.0795E-02   -1.4096E-34   
1.0970E-02   -3.2134E-35   
1.1378E-02   2.2357E-35   
1.1765E-02   4.8688E-35   
1.2270E-02   1.2265E-34   
1.2900E-02   1.8228E-34   
1.3391E-02   2.2616E-34   
1.4237E-02   3.4839E-34   
1.4873E-02   4.1955E-34   
1.5568E-02   3.6176E-34   
1.5937E-02   5.5845E-34   
1.6718E-02   8.1121E-34   
1.7557E-02   1.1471E-33   
1.8000E-02   -1.5149E-30   
1.8000E-02   -1.3996E-34   
1.8000E-02   -1.3996E-34   
1.8000E-02   -1.3996E-34   
1.8000E-02   -1.3996E-34   
1.8000E-02   -1.3996E-34   
1.8000E-02   -1.3996E-34   
1.8000E-02   -1.3996E-34   
1.8000E-02   -1.3996E-34   
1.8000E-02   -1.3996E-34   
1.8000E-02   -1.3996E-34   
1.8000E-02   -1.3996E-34   
1.8000E-02   -1.3996E-34   
1.6744E-02   -8.0140E-04   
1.5401E-02   -1.4936E-03   
1.4778E-02   -1.7395E-03   
1.4162E-02   -1.9452E-03   
1.2935E-02   -2.2871E-03   
1.2321E-02   -2.4397E-03   
1.1088E-02   -2.7374E-03   
1.0468E-02   -2.8897E-03   
9.2276E-03   -3.2290E-03   
7.6565E-03   -3.8548E-03   
6.5906E-03   -4.3653E-03   
4.7547E-03   -5.4073E-03   
3.7176E-03   -6.0072E-03   
3.2420E-03   -6.2616E-03   
2.3550E-03   -6.6616E-03   
1.5283E-03   -6.9295E-03   
7.4727E-04   -7.0828E-03   
-1.5292E-37   -7.1267E-03   
1.2003E-33   -6.8744E-03   
1.2905E-33   -6.6221E-03   
1.2377E-33   -6.2846E-03   
1.1802E-33   -6.0961E-03   
1.0421E-33   -5.8138E-03   
9.5034E-34   -5.6804E-03   
8.7471E-34   -5.6001E-03   
7.9282E-34   -5.6015E-03   
6.5307E-34   -5.2413E-03   
6.1127E-03   -3.1048E-03   
1.7445E-02   -2.3300E-05   
1.6870E-02   -6.1534E-05   
1.6046E-02   -1.2628E-04   
1.5374E-02   -1.8790E-04   
1.4719E-02   -2.6811E-04   
1.3999E-02   -3.2485E-04   
1.3420E-02   -3.5617E-04   
1.2687E-02   -4.3402E-04   
1.1973E-02   -4.9466E-04   
1.1265E-02   -5.5508E-04   
1.0572E-02   -6.1413E-04   
9.8583E-03   -6.9207E-04   
9.1251E-03   -8.4671E-04   
8.1351E-03   -1.2352E-03   
7.1452E-03   -1.9509E-03   
8.7183E-03   -1.6651E-03   
9.2444E-03   -7.9440E-04   
9.8504E-03   -4.7945E-04   
1.0452E-02   -3.7834E-04   
1.1048E-02   -3.4566E-04   
1.1624E-02   -3.3020E-04   
1.2301E-02   -2.8566E-04   
1.2932E-02   -2.5151E-04   
1.3524E-02   -2.1525E-04   
1.4127E-02   -2.0660E-04   
1.4805E-02   -1.5332E-04   
1.5456E-02   -1.1193E-04   
1.6094E-02   -8.2140E-05   
1.6781E-02   -3.9639E-05   
1.7383E-02   -1.2421E-05   
1.0307E-02   -4.0448E-04   
1.0589E-02   -1.8589E-04   
1.0919E-02   -1.4874E-04   
1.1404E-02   -1.3500E-04   
1.1879E-02   -1.2827E-04   
1.2474E-02   -1.2695E-04   
1.3013E-02   -1.2418E-04   
1.3554E-02   -1.1592E-04   
1.4262E-02   -8.7401E-05   
1.4858E-02   -6.6323E-05   
1.5535E-02   -5.2275E-05   
1.6208E-02   -3.3126E-05   
1.6871E-02   -1.7576E-05   
1.7486E-02   -3.3778E-06   
1.7335E-02   -4.4051E-05   
1.6703E-02   -1.0998E-04   
1.5930E-02   -2.0880E-04   
1.5236E-02   -2.7612E-04   
1.4617E-02   -3.7552E-04   
1.3861E-02   -4.6465E-04   
1.3119E-02   -5.5328E-04   
1.2421E-02   -6.3206E-04   
1.1689E-02   -7.3170E-04   
1.1007E-02   -8.2554E-04   
1.0129E-02   -9.6835E-04   
9.1909E-03   -1.1574E-03   
8.2814E-03   -1.3853E-03   
7.2902E-03   -1.7193E-03   
5.9207E-03   -2.4269E-03   
2.9024E-03   -4.3178E-03   
1.7282E-02   -7.6143E-05   
1.6736E-02   -1.5397E-04   
1.5802E-02   -3.0414E-04   
1.5193E-02   -4.0489E-04   
1.4474E-02   -5.1147E-04   
1.3604E-02   -6.5806E-04   
1.2857E-02   -7.5171E-04   
1.2128E-02   -8.5870E-04   
1.1258E-02   -1.0190E-03   
1.0433E-02   -1.2000E-03   
9.5632E-03   -1.4014E-03   
8.6784E-03   -1.5824E-03   
7.6604E-03   -1.9038E-03   
6.5218E-03   -2.2967E-03   
4.1410E-03   -3.5796E-03   
1.1798E-03   -5.2718E-03   
1.7476E-02   -7.2519E-05   
1.6466E-02   -2.5825E-04   
1.5897E-02   -3.6217E-04   
1.5197E-02   -5.0931E-04   
1.4162E-02   -7.0436E-04   
1.3427E-02   -8.4409E-04   
1.2677E-02   -9.6985E-04   
1.1778E-02   -1.1510E-03   
1.0952E-02   -1.3423E-03   
1.0083E-02   -1.5281E-03   
9.2504E-03   -1.7379E-03   
8.2156E-03   -2.0048E-03   
7.0165E-03   -2.4756E-03   
5.3177E-03   -3.2611E-03   
2.6850E-03   -4.8022E-03   
1.0297E-03   -5.5238E-03   
1.7139E-02   -1.7189E-04   
1.6534E-02   -3.1969E-04   
1.5801E-02   -5.0429E-04   
1.5062E-02   -6.8756E-04   
1.4005E-02   -9.1147E-04   
1.3170E-02   -1.0608E-03   
1.2298E-02   -1.2691E-03   
1.1463E-02   -1.4744E-03   
1.0510E-02   -1.6687E-03   
9.7337E-03   -1.8538E-03   
8.8822E-03   -2.1500E-03   
7.7549E-03   -2.5381E-03   
6.1584E-03   -3.2757E-03   
3.8911E-03   -4.5619E-03   
1.9459E-03   -5.5210E-03   
1.0143E-03   -5.7174E-03   
1.7303E-02   -2.0493E-04   
1.6461E-02   -4.6868E-04   
1.5780E-02   -6.4372E-04   
1.4703E-02   -9.3677E-04   
1.3750E-02   -1.1910E-03   
1.2924E-02   -1.3486E-03   
1.1885E-02   -1.5844E-03   
1.1103E-02   -1.7771E-03   
1.0119E-02   -2.0073E-03   
9.2414E-03   -2.2720E-03   
8.2237E-03   -2.6318E-03   
7.2441E-03   -3.0539E-03   
5.3246E-03   -4.1330E-03   
3.1705E-03   -5.3489E-03   
1.9779E-03   -5.7671E-03   
9.3014E-04   -5.9669E-03   
1.7173E-02   -2.9686E-04   
1.6237E-02   -6.2820E-04   
1.5585E-02   -8.2709E-04   
1.4308E-02   -1.2254E-03   
1.3541E-02   -1.4209E-03   
1.2663E-02   -1.6479E-03   
1.1719E-02   -1.8376E-03   
1.0745E-02   -2.0815E-03   
9.6553E-03   -2.4012E-03   
8.7505E-03   -2.7066E-03   
7.8407E-03   -3.0699E-03   
6.4269E-03   -3.8290E-03   
4.2077E-03   -5.2138E-03   
3.0230E-03   -5.7295E-03   
1.9495E-03   -6.0504E-03   
9.6648E-04   -6.2253E-03   
1.7209E-02   -3.9212E-04   
1.6391E-02   -7.5673E-04   
1.5309E-02   -1.1272E-03   
1.4356E-02   -1.4656E-03   
1.3348E-02   -1.6575E-03   
1.2354E-02   -1.8905E-03   
1.1390E-02   -2.1375E-03   
1.0413E-02   -2.3967E-03   
9.4199E-03   -2.6879E-03   
8.3502E-03   -3.0478E-03   
7.0390E-03   -3.7708E-03   
5.1639E-03   -4.9213E-03   
3.8467E-03   -5.6313E-03   
2.8509E-03   -6.0414E-03   
1.8393E-03   -6.3537E-03   
1.0213E-03   -6.4859E-03   
1.6875E-02   -6.8341E-04   
1.5905E-02   -1.1761E-03   
1.5125E-02   -1.4191E-03   
1.3859E-02   -1.8033E-03   
1.3077E-02   -1.9976E-03   
1.1971E-02   -2.2649E-03   
1.0988E-02   -2.5242E-03   
1.0114E-02   -2.7120E-03   
9.0335E-03   -3.0163E-03   
7.8026E-03   -3.5275E-03   
6.4081E-03   -4.3089E-03   
4.6737E-03   -5.4024E-03   
3.5807E-03   -5.9811E-03   
2.6406E-03   -6.3599E-03   
1.7505E-03   -6.6304E-03   
7.7624E-04   -6.8505E-03   
1.4735E-03   -1.3197E-03   
2.8198E-03   -1.4804E-03   
4.0617E-03   -1.7048E-03   
5.0022E-03   -2.0294E-03   
5.7088E-03   -2.3747E-03   
6.3874E-03   -2.7659E-03   
6.8814E-03   -3.0100E-03   
7.4876E-03   -3.1329E-03   
7.6563E-03   -3.0337E-03   
7.8115E-03   -2.9166E-03   
7.9638E-03   -2.8008E-03   
8.1164E-03   -2.6888E-03   
8.2687E-03   -2.5800E-03   
8.4201E-03   -2.4739E-03   
8.7170E-03   -2.2681E-03   
8.8615E-03   -2.1678E-03   
9.0031E-03   -2.0689E-03   
9.1411E-03   -1.9712E-03   
9.2753E-03   -1.8741E-03   
9.4051E-03   -1.7775E-03   
9.5300E-03   -1.6812E-03   
9.7642E-03   -1.4889E-03   
9.8729E-03   -1.3925E-03   
9.9755E-03   -1.2958E-03   
1.0072E-02   -1.1986E-03   
1.0161E-02   -1.1010E-03   
1.0244E-02   -1.0028E-03   
1.0320E-02   -9.0415E-04   
1.0448E-02   -7.0512E-04   
1.0501E-02   -6.0478E-04   
1.0546E-02   -5.0380E-04   
1.0579E-02   -4.0260E-04   
1.0614E-02   -3.0337E-04   
1.0630E-02   -2.0498E-04   
1.0646E-02   -9.6869E-05   
1.0692E-02   -5.4222E-34   
1.0720E-02   -5.2205E-34   
1.0742E-02   -4.0075E-34   
1.0760E-02   -2.2242E-34   
1.0776E-02   -1.7679E-34   
1.0817E-02   -1.1114E-34   
1.0844E-02   -8.6180E-35   
1.0878E-02   -6.5210E-35   
1.0920E-02   -4.7421E-35   
1.1030E-02   -1.8886E-35   
1.1100E-02   -7.3304E-36   
1.1181E-02   2.9545E-36   
1.1274E-02   1.2685E-35   
1.1494E-02   3.1216E-35   
1.1623E-02   4.0012E-35   
1.1920E-02   5.8195E-35   
1.2088E-02   6.7872E-35   
1.2466E-02   1.3162E-34   
1.2676E-02   1.0214E-34   
1.3138E-02   1.9881E-34   
1.3658E-02   2.6200E-34   
1.3940E-02   2.9655E-34   
1.4548E-02   3.5713E-34   
1.5214E-02   4.7312E-34   
1.6321E-02   6.8967E-34   
1.7130E-02   7.0348E-34   
1.8000E-02   -1.3996E-34   
1.8000E-02   -1.3996E-34   
1.8000E-02   -1.3996E-34   
1.8000E-02   -1.3996E-34   
1.8000E-02   -1.3996E-34   
1.6048E-02   -1.1918E-03   
1.3548E-02   -2.1244E-03   
1.1705E-02   -2.5882E-03   
9.8495E-03   -3.0525E-03   
8.5487E-03   -3.4576E-03   
5.4776E-03   -4.9671E-03   
4.2218E-03   -5.7208E-03   
2.7894E-03   -6.4788E-03   
1.9351E-03   -6.8096E-03   
1.1323E-03   -7.0194E-03   
3.7204E-04   -7.1213E-03   
8.7797E-34   -7.0030E-03   
1.2638E-33   -6.7465E-03   
1.2590E-33   -6.5031E-03   
1.8451E-33   -6.3904E-03   
1.8805E-33   -6.1863E-03   
1.1548E-33   -6.0137E-03   
1.1243E-33   -5.9393E-03   
1.0814E-33   -5.8728E-03   
1.0093E-33   -5.7622E-03   
9.7852E-34   -5.7178E-03   
9.2687E-34   -5.6500E-03   
9.0564E-34   -5.6265E-03   
8.8903E-34   -5.6100E-03   
8.6540E-34   -5.5966E-03   
8.5181E-34   -5.5982E-03   
8.3375E-34   -5.6019E-03   
8.1402E-34   -5.6040E-03   
7.7436E-34   -5.5912E-03   
7.5023E-34   -5.5687E-03   
7.2792E-34   -5.5295E-03   
7.0445E-34   -5.4677E-03   
6.7647E-34   -5.3747E-03   
6.2881E-34   -5.0578E-03   
6.0544E-34   -4.8160E-03   
5.8060E-34   -4.5096E-03   
5.5787E-34   -4.1377E-03   
5.3727E-34   -3.7000E-03   
7.8471E-34   -3.1833E-03   
7.2472E-34   -2.6118E-03   
5.3331E-34   -1.9452E-03   
7.7497E-03   -2.8171E-03   
8.8244E-03   -2.0367E-03   
9.2492E-03   -1.7321E-03   
8.0615E-03   -2.5807E-03   
1.0267E-02   -8.6883E-04   
7.2713E-03   -3.1808E-03   
4.6116E-03   -2.2637E-03   
9.9839E-03   -1.1505E-03   
1.0536E-02   -4.9812E-04   
9.6420E-03   -1.4378E-03   
8.3719E-03   -2.3562E-03   
1.0418E-02   -6.8314E-04   
8.5253E-03   -2.2477E-03   
7.0379E-03   -3.2132E-03   
9.5168E-03   -1.5352E-03   
1.0085E-02   -1.0561E-03   
1.0670E-02   -1.4023E-04   
1.9604E-03   -1.9467E-03   
6.6695E-03   -3.0999E-03   
8.9686E-03   -1.9339E-03   
9.1088E-03   -1.8321E-03   
1.0346E-02   -7.7584E-04   
5.4752E-03   -2.5184E-03   
1.0582E-02   -4.0439E-04   
3.3871E-03   -2.1030E-03   
6.1721E-03   -2.8816E-03   
1.0180E-02   -9.6226E-04   
1.0481E-02   -5.9059E-04   
7.4397E-03   -3.0681E-03   
9.8759E-03   -1.2456E-03   
9.7618E-03   -1.3414E-03   
8.2173E-03   -2.4672E-03   
7.5942E-03   -2.9413E-03   
7.9057E-03   -2.6972E-03   
8.6765E-03   -2.1414E-03   
9.3855E-03   -1.6332E-03   
1.1836E-03   -3.4460E-03   
1.0916E-03   -3.9112E-03   
1.0011E-03   -4.3176E-03   
9.0322E-04   -4.6574E-03   
8.0251E-04   -4.9292E-03   
7.0731E-04   -5.1389E-03   
6.1904E-04   -5.2944E-03   
5.3882E-04   -5.4048E-03   
4.6787E-04   -5.4796E-03   
1.0724E-02   -7.3779E-05   
4.0665E-04   -5.5275E-03   
1.0743E-02   -6.0971E-05   
3.5086E-04   -5.5566E-03   
1.0759E-02   -5.1494E-05   
3.0134E-04   -5.5727E-03   
1.0776E-02   -4.3906E-05   
2.5875E-04   -5.5804E-03   
1.0796E-02   -3.8120E-05   
2.2517E-04   -5.5830E-03   
1.0820E-02   -3.3780E-05   
2.0171E-04   -5.5830E-03   
1.0851E-02   -3.0684E-05   
1.8932E-04   -5.5836E-03   
1.0889E-02   -2.8645E-05   
1.8854E-04   -5.5870E-03   
1.0935E-02   -2.7471E-05   
1.9308E-04   -5.5954E-03   
1.0990E-02   -2.6985E-05   
1.9954E-04   -5.6099E-03   
1.1055E-02   -2.7098E-05   
2.0695E-04   -5.6307E-03   
1.1131E-02   -2.7706E-05   
2.1556E-04   -5.6581E-03   
1.1218E-02   -2.8686E-05   
2.2536E-04   -5.6924E-03   
1.1317E-02   -2.9902E-05   
2.3564E-04   -5.7336E-03   
1.1428E-02   -3.1041E-05   
2.4610E-04   -5.7817E-03   
1.1550E-02   -3.2551E-05   
2.5667E-04   -5.8369E-03   
1.1684E-02   -3.4273E-05   
2.6700E-04   -5.8990E-03   
1.1830E-02   -3.6411E-05   
2.8024E-04   -5.9680E-03   
1.1991E-02   -3.8208E-05   
2.9543E-04   -6.0449E-03   
1.2166E-02   -3.9254E-05   
3.0386E-04   -6.1302E-03   
1.2355E-02   -4.0186E-05   
3.1206E-04   -6.2229E-03   
1.2560E-02   -4.0992E-05   
3.3408E-04   -6.3239E-03   
1.2781E-02   -4.0862E-05   
3.4578E-04   -6.4355E-03   
1.3011E-02   -3.9106E-05   
3.4573E-04   -6.5541E-03   
1.3252E-02   -3.9761E-05   
3.5518E-04   -6.6772E-03   
1.3511E-02   -3.9163E-05   
3.7020E-04   -6.8085E-03   
8.1761E-03   -2.3515E-03   
9.6452E-03   -1.2997E-03   
1.0107E-02   -9.2682E-04   
7.5366E-03   -2.8405E-03   
1.0661E-02   -2.1062E-04   
3.9711E-03   -2.6214E-03   
8.9375E-03   -1.8012E-03   
1.0570E-02   -4.0572E-04   
5.9365E-03   -2.9961E-03   
7.0550E-03   -3.2315E-03   
6.8240E-03   -3.2802E-03   
9.3775E-03   -1.4956E-03   
8.4927E-03   -2.1248E-03   
1.0377E-02   -6.6226E-04   
1.0450E-02   -5.7627E-04   
8.6462E-03   -2.0151E-03   
9.2332E-03   -1.5950E-03   
1.0205E-02   -8.3742E-04   
1.0001E-02   -1.0177E-03   
7.6961E-03   -2.7132E-03   
7.2212E-03   -3.1067E-03   
2.5794E-03   -2.5862E-03   
7.8561E-03   -2.5895E-03   
8.7925E-03   -1.9083E-03   
9.0848E-03   -1.6965E-03   
1.0295E-02   -7.4928E-04   
1.0514E-02   -4.9091E-04   
8.0164E-03   -2.4691E-03   
9.7700E-03   -1.2041E-03   
6.4514E-03   -3.1878E-03   
7.3785E-03   -2.9717E-03   
9.8889E-03   -1.1101E-03   
1.0619E-02   -3.1732E-04   
5.0674E-03   -2.7270E-03   
9.5143E-03   -1.3972E-03   
8.3354E-03   -2.2369E-03   
1.2222E-03   -2.9142E-03   
2.2960E-03   -3.6351E-03   
2.1473E-03   -4.0710E-03   
1.9482E-03   -4.4424E-03   
1.7245E-03   -4.7426E-03   
1.5157E-03   -4.9761E-03   
1.3207E-03   -5.1514E-03   
1.1381E-03   -5.2783E-03   
1.0701E-02   -9.5911E-05   
9.7173E-04   -5.3675E-03   
8.2634E-04   -5.4285E-03   
1.0710E-02   -1.3048E-04   
7.0520E-04   -5.4691E-03   
1.0724E-02   -1.1195E-04   
6.0613E-04   -5.4957E-03   
1.0740E-02   -9.4664E-05   
5.2542E-04   -5.5131E-03   
1.0757E-02   -8.1564E-05   
4.6202E-04   -5.5252E-03   
1.0779E-02   -7.1782E-05   
4.1647E-04   -5.5344E-03   
1.0806E-02   -6.4548E-05   
3.8944E-04   -5.5425E-03   
1.0839E-02   -5.9559E-05   
3.8008E-04   -5.5517E-03   
1.0881E-02   -5.6517E-05   
3.8503E-04   -5.5628E-03   
1.0932E-02   -5.5043E-05   
3.9441E-04   -5.5780E-03   
1.0992E-02   -5.4698E-05   
4.0669E-04   -5.5979E-03   
1.1064E-02   -5.5488E-05   
4.2219E-04   -5.6234E-03   
1.1146E-02   -5.7292E-05   
4.4058E-04   -5.6552E-03   
1.1239E-02   -5.9767E-05   
4.6088E-04   -5.6934E-03   
1.1347E-02   -6.1800E-05   
4.8200E-04   -5.7383E-03   
1.1464E-02   -6.3112E-05   
5.0319E-04   -5.7900E-03   
1.1587E-02   -6.7172E-05   
5.2134E-04   -5.8487E-03   
1.1723E-02   -7.0528E-05   
5.3542E-04   -5.9128E-03   
1.1873E-02   -7.6092E-05   
5.7178E-04   -5.9809E-03   
1.2041E-02   -7.8554E-05   
6.0433E-04   -6.0606E-03   
1.2224E-02   -7.9784E-05   
6.0609E-04   -6.1505E-03   
1.2421E-02   -8.1988E-05   
6.3423E-04   -6.2407E-03   
1.2641E-02   -8.2887E-05   
7.2194E-04   -6.3425E-03   
1.2880E-02   -8.0937E-05   
6.9164E-04   -6.4688E-03   
1.3101E-02   -7.3659E-05   
6.9804E-04   -6.5868E-03   
1.3336E-02   -8.6544E-05   
7.2434E-04   -6.7089E-03   
1.3785E-02   -4.0413E-05   
8.9170E-03   -1.6724E-03   
9.0784E-03   -1.5648E-03   
8.4721E-03   -2.0054E-03   
9.2334E-03   -1.4646E-03   
8.3109E-03   -2.1179E-03   
6.8369E-03   -3.2856E-03   
7.0027E-03   -3.1503E-03   
7.1630E-03   -3.0087E-03   
7.3247E-03   -2.8708E-03   
7.4876E-03   -2.7366E-03   
6.6007E-03   -3.3506E-03   
7.6517E-03   -2.6061E-03   
8.1469E-03   -2.2349E-03   
9.3818E-03   -1.3661E-03   
7.8165E-03   -2.4791E-03   
7.9820E-03   -2.3554E-03   
6.1960E-03   -3.2838E-03   
9.5233E-03   -1.2677E-03   
1.0327E-02   -6.4285E-04   
1.0410E-02   -5.6179E-04   
1.0483E-02   -4.8299E-04   
1.0235E-02   -7.2573E-04   
5.4843E-03   -3.1836E-03   
9.6585E-03   -1.1712E-03   
1.0135E-02   -8.1032E-04   
9.9105E-03   -9.8575E-04   
9.7877E-03   -1.0773E-03   
1.0026E-02   -8.9699E-04   
4.3838E-03   -3.0465E-03   
3.4323E-03   -2.9740E-03   
1.0546E-02   -4.0477E-04   
1.0603E-02   -3.2493E-04   
1.0652E-02   -2.4276E-04   
2.4134E-03   -3.1798E-03   
3.1499E-03   -4.1872E-03   
2.7640E-03   -4.5025E-03   
2.4282E-03   -4.7492E-03   
2.1196E-03   -4.9347E-03   
1.8284E-03   -5.0725E-03   
1.5597E-03   -5.1760E-03   
1.0692E-02   -1.5618E-04   
1.3211E-03   -5.2551E-03   
1.1179E-03   -5.3166E-03   
1.0672E-02   -1.8834E-04   
9.5143E-04   -5.3643E-03   
1.0688E-02   -1.5459E-04   
8.1974E-04   -5.4012E-03   
1.0703E-02   -1.3195E-04   
7.2117E-04   -5.4306E-03   
1.0721E-02   -1.1525E-04   
6.5003E-04   -5.4549E-03   
1.0744E-02   -1.0303E-04   
6.0641E-04   -5.4742E-03   
1.0774E-02   -9.3895E-05   
5.9128E-04   -5.4896E-03   
1.0811E-02   -8.8136E-05   
5.8532E-04   -5.5094E-03   
1.0857E-02   -8.5314E-05   
5.8940E-04   -5.5302E-03   
1.0912E-02   -8.4080E-05   
6.0306E-04   -5.5515E-03   
1.0980E-02   -8.4223E-05   
6.2103E-04   -5.5769E-03   
1.1056E-02   -8.6586E-05   
6.4537E-04   -5.6067E-03   
1.1144E-02   -9.0436E-05   
6.7688E-04   -5.6418E-03   
1.1248E-02   -9.3922E-05   
7.0930E-04   -5.6836E-03   
1.1368E-02   -9.5711E-05   
7.4112E-04   -5.7325E-03   
1.1486E-02   -9.3333E-05   
7.6927E-04   -5.7889E-03   
1.1596E-02   -1.0853E-04   
7.8253E-04   -5.8531E-03   
7.7222E-04   -5.9161E-03   
9.1385E-04   -6.0733E-03   
1.2258E-02   -1.2328E-04   
1.0170E-03   -6.3815E-03   
1.0444E-03   -6.5942E-03   
1.2717E-02   -1.2703E-04   
1.4088E-02   -4.2084E-05   
1.0514E-02   -4.0405E-04   
1.0577E-02   -3.3075E-04   
1.0634E-02   -2.5542E-04   
8.6114E-03   -1.7967E-03   
8.4659E-03   -1.8880E-03   
6.6031E-03   -3.3458E-03   
6.3287E-03   -3.4389E-03   
7.2796E-03   -2.7669E-03   
6.7791E-03   -3.1987E-03   
7.4478E-03   -2.6301E-03   
6.9464E-03   -3.0511E-03   
8.3001E-03   -1.9999E-03   
9.2487E-03   -1.3457E-03   
7.1129E-03   -2.9073E-03   
1.0271E-02   -6.2519E-04   
1.0169E-02   -7.0541E-04   
7.6173E-03   -2.4967E-03   
7.7880E-03   -2.3670E-03   
9.8138E-03   -9.6057E-04   
9.9397E-03   -8.7268E-04   
1.0365E-02   -5.4668E-04   
5.6654E-03   -3.4737E-03   
1.0445E-02   -4.7432E-04   
8.1302E-03   -2.1182E-03   
9.6811E-03   -1.0521E-03   
7.9594E-03   -2.2408E-03   
1.0058E-02   -7.8780E-04   
9.3976E-03   -1.2452E-03   
9.5421E-03   -1.1472E-03   
3.8313E-03   -4.2286E-03   
3.3834E-03   -4.4734E-03   
2.9835E-03   -4.6510E-03   
2.6044E-03   -4.7884E-03   
2.2513E-03   -4.9010E-03   
1.9327E-03   -4.9976E-03   
1.6542E-03   -5.0819E-03   
1.4173E-03   -5.1559E-03   
1.0675E-02   -1.9369E-04   
1.0623E-02   -2.2417E-04   
1.2221E-03   -5.2205E-03   
1.0634E-02   -1.9155E-04   
1.0669E-03   -5.2771E-03   
1.0649E-02   -1.6558E-04   
9.4805E-04   -5.3265E-03   
1.0668E-02   -1.4711E-04   
8.6371E-04   -5.3687E-03   
1.0693E-02   -1.3388E-04   
8.1646E-04   -5.4018E-03   
1.0728E-02   -1.2297E-04   
8.3387E-04   -5.4193E-03   
1.0767E-02   -1.1854E-04   
7.9631E-04   -5.4617E-03   
1.0814E-02   -1.1681E-04   
8.0088E-04   -5.4905E-03   
1.0879E-02   -1.1572E-04   
8.1791E-04   -5.5199E-03   
1.0953E-02   -1.1634E-04   
8.7903E-04   -5.5808E-03   
1.0406E-03   -5.8611E-03   
1.1125E-02   -1.2863E-04   
9.3100E-04   -5.6171E-03   
9.7301E-04   -5.6636E-03   
1.0511E-03   -5.7815E-03   
1.1751E-02   -1.0469E-04   
1.2091E-02   -1.1541E-04   
1.2279E-02   -1.7292E-04   
1.1247E-02   -1.3289E-04   
1.3919E-03   -6.4687E-03   
1.2514E-02   -1.7513E-04   
1.0658E-03   -6.2906E-03   
1.1524E-02   -1.5340E-04   
1.2623E-03   -5.9833E-03   
1.0605E-02   -2.6878E-04   
1.0538E-02   -3.4164E-04   
1.0477E-02   -4.0606E-04   
8.9756E-03   -1.4254E-03   
8.9286E-03   -1.5417E-03   
9.1124E-03   -1.3327E-03   
8.3102E-03   -1.8827E-03   
1.0312E-02   -5.3402E-04   
6.5448E-03   -3.2494E-03   
1.0407E-02   -4.5871E-04   
6.3240E-03   -3.4202E-03   
5.8122E-03   -3.6193E-03   
6.7274E-03   -3.0950E-03   
7.2439E-03   -2.6611E-03   
7.0719E-03   -2.8037E-03   
8.1281E-03   -2.0019E-03   
6.9015E-03   -2.9475E-03   
7.4182E-03   -2.5218E-03   
9.2679E-03   -1.2314E-03   
9.8472E-03   -8.5418E-04   
1.0207E-02   -6.1116E-04   
7.5940E-03   -2.3861E-03   
9.9753E-03   -7.7019E-04   
1.0095E-02   -6.8947E-04   
9.7116E-03   -9.4240E-04   
7.7713E-03   -2.2541E-03   
7.9496E-03   -2.1261E-03   
9.5693E-03   -1.0349E-03   
9.4210E-03   -1.1316E-03   
4.1176E-03   -3.6625E-03   
4.2578E-03   -4.1914E-03   
3.8360E-03   -4.3279E-03   
3.4187E-03   -4.4494E-03   
3.0206E-03   -4.5614E-03   
2.6512E-03   -4.6675E-03   
2.3167E-03   -4.7686E-03   
2.0203E-03   -4.8643E-03   
1.7647E-03   -4.9542E-03   
1.0547E-02   -2.6743E-04   
1.5509E-03   -5.0374E-03   
1.0566E-02   -2.2399E-04   
1.3781E-03   -5.1133E-03   
1.2392E-03   -5.1844E-03   
1.0581E-02   -1.9754E-04   
1.0598E-02   -1.7945E-04   
1.1241E-03   -5.2540E-03   
1.0621E-02   -1.6814E-04   
1.0206E-03   -5.3680E-03   
1.0690E-02   -1.5701E-04   
1.0277E-03   -5.3986E-03   
1.0837E-02   -1.5072E-04   
1.0760E-02   -1.5195E-04   
1.0385E-03   -5.4399E-03   
1.1574E-03   -5.5340E-03   
8.3700E-04   -5.5506E-03   
1.2042E-03   -5.5827E-03   
1.2599E-03   -5.6331E-03   
1.3140E-03   -6.2959E-03   
1.2979E-03   -6.2008E-03   
1.3205E-03   -5.6910E-03   
1.1093E-02   -1.7350E-04   
1.1678E-02   -1.4187E-04   
1.1372E-02   -1.8905E-04   
1.2041E-02   -1.6594E-04   
1.1227E-02   -1.7893E-04   
1.1031E-02   -1.2231E-04   
1.3962E-03   -5.7623E-03   
1.2113E-03   -6.1059E-03   
1.3206E-03   -5.8739E-03   
1.2760E-02   -1.7578E-04   
1.3161E-03   -6.5880E-03   
1.2673E-03   -6.3912E-03   
1.2298E-02   -2.2647E-04   
8.7899E-03   -1.4911E-03   
1.0559E-02   -2.9092E-04   
1.0355E-02   -4.5191E-04   
6.5060E-03   -3.1356E-03   
1.0248E-02   -5.2771E-04   
6.2895E-03   -3.3015E-03   
5.2318E-03   -3.8329E-03   
8.1410E-03   -1.8840E-03   
7.0400E-03   -2.6984E-03   
6.8648E-03   -2.8443E-03   
6.6927E-03   -2.9889E-03   
9.1332E-03   -1.2312E-03   
7.2187E-03   -2.5538E-03   
9.8869E-03   -7.5770E-04   
7.3997E-03   -2.4124E-03   
1.0016E-02   -6.7808E-04   
1.0136E-02   -6.0191E-04   
9.7494E-03   -8.4204E-04   
7.5827E-03   -2.2748E-03   
7.9526E-03   -2.0111E-03   
9.2949E-03   -1.1254E-03   
9.6042E-03   -9.3140E-04   
7.7675E-03   -2.1411E-03   
9.4523E-03   -1.0260E-03   
5.0201E-03   -3.8882E-03   
4.6393E-03   -3.9823E-03   
8.5517E-03   -1.6320E-03   
4.2305E-03   -4.0834E-03   
8.3392E-03   -1.7579E-03   
3.8232E-03   -4.1875E-03   
3.4360E-03   -4.2922E-03   
3.0729E-03   -4.3976E-03   
2.7374E-03   -4.5038E-03   
2.4356E-03   -4.6095E-03   
2.1710E-03   -4.7124E-03   
1.3514E-03   -5.2259E-03   
1.0478E-02   -2.8641E-04   
1.9469E-03   -4.8100E-03   
1.7597E-03   -4.9036E-03   
1.0488E-02   -2.5403E-04   
1.5970E-03   -5.0001E-03   
1.0498E-02   -2.3083E-04   
1.0511E-02   -2.1586E-04   
1.0467E-03   -5.3099E-03   
1.0626E-02   -1.9354E-04   
1.3344E-03   -5.2949E-03   
1.2486E-03   -5.4574E-03   
1.1569E-02   -1.9736E-04   
1.1182E-02   -2.3235E-04   
1.0796E-02   -1.9261E-04   
1.4955E-03   -5.5389E-03   
1.0699E-02   -1.9153E-04   
1.5772E-03   -5.5883E-03   
1.0393E-03   -5.4856E-03   
1.5807E-03   -6.3143E-03   
1.6441E-03   -5.6463E-03   
1.1799E-02   -1.8750E-04   
1.6231E-03   -5.8800E-03   
1.5776E-03   -5.9888E-03   
1.0964E-02   -1.6934E-04   
1.6285E-03   -6.1891E-03   
1.4324E-03   -5.4915E-03   
1.1050E-02   -2.2405E-04   
1.2539E-02   -2.2741E-04   
1.2074E-02   -2.2195E-04   
1.0381E-02   -3.8928E-04   
1.0281E-02   -4.5832E-04   
1.0470E-02   -3.6176E-04   
5.9321E-03   -3.3980E-03   
6.5062E-03   -3.0270E-03   
8.9866E-03   -1.2391E-03   
6.8345E-03   -2.7414E-03   
1.0173E-02   -5.2736E-04   
6.6542E-03   -2.8919E-03   
7.0181E-03   -2.5922E-03   
4.5866E-03   -3.8555E-03   
7.2043E-03   -2.4456E-03   
7.9696E-03   -1.8960E-03   
9.7932E-03   -7.5086E-04   
1.0056E-02   -5.9836E-04   
9.9296E-03   -6.7237E-04   
9.1617E-03   -1.1282E-03   
7.3931E-03   -2.3025E-03   
9.6462E-03   -8.3642E-04   
7.5838E-03   -2.1634E-03   
7.7762E-03   -2.0282E-03   
9.3296E-03   -1.0249E-03   
9.4912E-03   -9.2793E-04   
8.1712E-03   -1.7646E-03   
5.3885E-03   -3.6475E-03   
5.0088E-03   -3.7202E-03   
4.6052E-03   -3.8137E-03   
5.8078E-03   -3.5780E-03   
4.2278E-03   -3.9062E-03   
8.3808E-03   -1.6330E-03   
8.5964E-03   -1.4993E-03   
3.8668E-03   -4.0012E-03   
1.0455E-02   -3.2811E-04   
8.8009E-03   -1.3657E-03   
3.5216E-03   -4.1016E-03   
3.1989E-03   -4.2080E-03   
2.6389E-03   -4.4281E-03   
1.0395E-02   -3.1411E-04   
2.4133E-03   -4.5352E-03   
2.2298E-03   -4.6379E-03   
1.0393E-02   -2.8894E-04   
1.0399E-02   -2.6809E-04   
1.6645E-03   -5.0151E-03   
1.3491E-03   -5.3601E-03   
1.0541E-02   -2.3697E-04   
1.0930E-02   -2.1783E-04   
1.8114E-03   -5.4738E-03   
1.4062E-03   -5.1258E-03   
1.1324E-02   -2.4438E-04   
1.7693E-03   -5.0357E-03   
1.0985E-02   -2.8091E-04   
1.4111E-03   -5.4445E-03   
1.9254E-03   -5.8795E-03   
1.7225E-03   -5.4278E-03   
1.7291E-03   -5.6907E-03   
1.0829E-02   -2.1710E-04   
1.1888E-02   -2.1916E-04   
1.0613E-02   -2.3989E-04   
1.6781E-03   -5.7737E-03   
1.5879E-03   -6.0890E-03   
1.2067E-02   -2.8089E-04   
1.2764E-02   -2.2434E-04   
1.6298E-03   -6.5208E-03   
2.0294E-03   -6.1684E-03   
1.1732E-02   -1.6213E-04   
1.0203E-02   -4.6725E-04   
6.4102E-03   -2.9638E-03   
8.0005E-03   -1.7813E-03   
6.6236E-03   -2.7911E-03   
6.8159E-03   -2.6362E-03   
1.0092E-02   -5.3327E-04   
7.0076E-03   -2.4852E-03   
9.0217E-03   -1.1397E-03   
9.8420E-03   -6.6977E-04   
9.9740E-03   -5.9958E-04   
7.2020E-03   -2.3371E-03   
9.6948E-03   -7.5002E-04   
7.7973E-03   -1.9158E-03   
7.3990E-03   -2.1927E-03   
9.2008E-03   -1.0320E-03   
7.5978E-03   -2.0524E-03   
9.5377E-03   -8.3752E-04   
9.3727E-03   -9.3170E-04   
5.7446E-03   -3.3676E-03   
5.2892E-03   -3.4813E-03   
1.0392E-02   -3.4568E-04   
4.9572E-03   -3.5483E-03   
8.6340E-03   -1.3824E-03   
8.2112E-03   -1.6470E-03   
8.8333E-03   -1.2567E-03   
4.6311E-03   -3.6172E-03   
4.3050E-03   -3.6969E-03   
8.4243E-03   -1.5137E-03   
3.9919E-03   -3.7870E-03   
3.6952E-03   -3.8843E-03   
3.4201E-03   -3.9889E-03   
1.0409E-02   -2.5526E-04   
3.1778E-03   -4.0940E-03   
2.0659E-03   -4.7520E-03   
2.9870E-03   -4.1897E-03   
1.0278E-02   -3.5927E-04   
1.0760E-02   -2.6313E-04   
1.0281E-02   -3.2874E-04   
1.7596E-03   -5.1055E-03   
1.6086E-03   -5.3180E-03   
1.0481E-02   -2.3934E-04   
1.8659E-03   -4.9344E-03   
1.0682E-02   -2.5137E-04   
2.0841E-03   -5.2883E-03   
2.0287E-03   -5.6548E-03   
1.6782E-03   -5.3670E-03   
1.9097E-03   -5.6099E-03   
1.0434E-02   -2.8993E-04   
1.1657E-02   -2.5477E-04   
2.2900E-03   -5.7554E-03   
1.1858E-02   -2.7273E-04   
1.8546E-03   -5.9814E-03   
1.2046E-02   -3.4635E-04   
2.0438E-03   -6.4144E-03   
1.2585E-02   -2.8647E-04   
1.3000E-02   -1.8623E-04   
2.3032E-03   -6.2211E-03   
1.1440E-02   -2.6593E-04   
1.0230E-02   -4.1615E-04   
6.2683E-03   -3.1615E-03   
6.4205E-03   -2.8340E-03   
6.6131E-03   -2.6819E-03   
7.8298E-03   -1.8050E-03   
6.8093E-03   -2.5292E-03   
1.0016E-02   -5.4300E-04   
9.9013E-03   -5.9559E-04   
7.0091E-03   -2.3777E-03   
5.7656E-03   -3.2404E-03   
9.7525E-03   -6.7030E-04   
9.0666E-03   -1.0457E-03   
7.2123E-03   -2.2287E-03   
7.6228E-03   -1.9426E-03   
9.5921E-03   -7.5421E-04   
7.4175E-03   -2.0835E-03   
9.2488E-03   -9.4157E-04   
9.4239E-03   -8.4461E-04   
5.5635E-03   -3.2513E-03   
8.0420E-03   -1.6687E-03   
8.6777E-03   -1.2765E-03   
8.8762E-03   -1.1575E-03   
5.3073E-03   -3.2779E-03   
8.4699E-03   -1.4029E-03   
5.0155E-03   -3.3307E-03   
4.7367E-03   -3.3927E-03   
8.2567E-03   -1.5342E-03   
1.0321E-02   -3.6640E-04   
3.9718E-03   -3.6337E-03   
4.4662E-03   -3.4629E-03   
1.0284E-02   -3.1063E-04   
4.2099E-03   -3.5439E-03   
1.0515E-02   -2.1223E-04   
2.3591E-03   -4.6158E-03   
2.8502E-03   -4.2743E-03   
2.3450E-03   -4.6753E-03   
3.7782E-03   -3.7188E-03   
1.0157E-02   -3.9605E-04   
1.0501E-02   -2.9804E-04   
1.0373E-02   -2.8825E-04   
2.2144E-03   -4.8085E-03   
2.1169E-03   -5.1845E-03   
2.2402E-03   -5.4984E-03   
1.1830E-02   -3.3876E-04   
1.0575E-02   -3.1036E-04   
2.1019E-03   -5.0954E-03   
1.1242E-02   -3.0761E-04   
2.3485E-03   -5.6346E-03   
1.1390E-02   -3.3198E-04   
2.2334E-03   -5.8870E-03   
1.7970E-03   -5.1493E-03   
1.2285E-02   -3.5170E-04   
1.0863E-02   -2.7201E-04   
1.3272E-02   -1.4521E-04   
2.5395E-03   -6.0311E-03   
6.0003E-03   -3.0547E-03   
1.0114E-02   -4.8255E-04   
6.4132E-03   -2.7260E-03   
6.6133E-03   -2.5736E-03   
6.8169E-03   -2.4214E-03   
7.6586E-03   -1.8349E-03   
9.9936E-03   -5.1474E-04   
6.2364E-03   -2.9655E-03   
9.8216E-03   -5.9438E-04   
7.8729E-03   -1.6966E-03   
7.0249E-03   -2.2694E-03   
9.6540E-03   -6.7740E-04   
7.2363E-03   -2.1199E-03   
7.4480E-03   -1.9751E-03   
9.1193E-03   -9.5719E-04   
9.4827E-03   -7.6375E-04   
9.3042E-03   -8.5654E-04   
5.8841E-03   -2.9912E-03   
8.5209E-03   -1.3004E-03   
8.9271E-03   -1.0650E-03   
8.7276E-03   -1.1794E-03   
1.0435E-02   -2.4459E-04   
5.5917E-03   -3.0369E-03   
8.0900E-03   -1.5605E-03   
5.3680E-03   -3.0636E-03   
8.3069E-03   -1.4280E-03   
1.0156E-02   -3.7306E-04   
4.7100E-03   -3.2106E-03   
5.1422E-03   -3.0987E-03   
4.5252E-03   -3.2788E-03   
4.9219E-03   -3.1481E-03   
3.0828E-03   -4.2615E-03   
1.0139E-02   -4.3476E-04   
1.0287E-02   -3.0150E-04   
3.6321E-03   -3.7966E-03   
1.0681E-02   -1.4903E-04   
2.7220E-03   -4.6697E-03   
1.0323E-02   -2.9234E-04   
1.0774E-02   -3.3502E-04   
1.0664E-02   -3.2301E-04   
1.0375E-02   -3.6316E-04   
1.0307E-02   -3.5189E-04   
1.1115E-02   -3.7912E-04   
1.0248E-02   -3.4585E-04   
2.0846E-03   -5.0312E-03   
2.7179E-03   -4.9059E-03   
2.7745E-03   -4.3390E-03   
3.0459E-03   -4.2173E-03   
2.5324E-03   -5.2628E-03   
1.1422E-02   -3.8955E-04   
2.4284E-03   -5.5093E-03   
2.3531E-03   -4.7985E-03   
1.2015E-02   -4.1781E-04   
2.3516E-03   -5.9762E-03   
1.3614E-02   -7.3909E-05   
2.6808E-03   -5.5891E-03   
1.3235E-02   -2.0107E-04   
1.1793E-02   -4.1077E-04   
1.1117E-02   -2.9020E-04   
2.6188E-03   -5.7161E-03   
6.2050E-03   -2.8846E-03   
6.4222E-03   -2.6150E-03   
6.6299E-03   -2.4657E-03   
7.7039E-03   -1.7301E-03   
9.8952E-03   -5.2022E-04   
6.8378E-03   -2.3139E-03   
7.4884E-03   -1.8691E-03   
9.7187E-03   -6.0826E-04   
7.0552E-03   -2.1606E-03   
7.2731E-03   -2.0120E-03   
9.5497E-03   -6.8927E-04   
8.5774E-03   -1.2059E-03   
9.1774E-03   -8.7461E-04   
9.3683E-03   -7.7689E-04   
8.9827E-03   -9.8014E-04   
5.9683E-03   -2.8436E-03   
8.7834E-03   -1.0900E-03   
1.0044E-02   -4.5913E-04   
7.9229E-03   -1.5926E-03   
8.3626E-03   -1.3291E-03   
5.8510E-03   -2.8182E-03   
8.1433E-03   -1.4585E-03   
5.6815E-03   -2.8152E-03   
5.1761E-03   -2.9030E-03   
5.3352E-03   -2.8606E-03   
1.0027E-02   -4.4117E-04   
5.5065E-03   -2.8311E-03   
1.0152E-02   -3.5950E-04   
1.0567E-02   -2.0195E-04   
4.3631E-03   -3.3558E-03   
1.0198E-02   -3.4553E-04   
1.0165E-02   -4.2231E-04   
3.0938E-03   -4.1557E-03   
1.0274E-02   -3.0626E-04   
1.0106E-02   -4.1251E-04   
1.0231E-02   -4.3785E-04   
3.2948E-03   -4.3769E-03   
1.0909E-02   -3.4396E-04   
1.0547E-02   -3.9400E-04   
3.5598E-03   -3.8506E-03   
1.0847E-02   -4.1925E-04   
2.8440E-03   -5.2348E-03   
2.2936E-03   -5.2682E-03   
3.4403E-03   -4.3734E-03   
3.2982E-03   -4.2243E-03   
1.1746E-02   -4.8915E-04   
1.2246E-02   -4.2431E-04   
2.8473E-03   -5.3935E-03   
2.6478E-03   -5.8122E-03   
1.3466E-02   -1.6388E-04   
2.9604E-03   -5.5404E-03   
6.1987E-03   -2.7752E-03   
6.4644E-03   -2.5064E-03   
7.5366E-03   -1.7675E-03   
6.6459E-03   -2.3650E-03   
9.7648E-03   -5.5946E-04   
7.7560E-03   -1.6299E-03   
6.8695E-03   -2.2070E-03   
7.3178E-03   -1.9077E-03   
9.6200E-03   -6.2406E-04   
8.6386E-03   -1.1198E-03   
7.0949E-03   -2.0541E-03   
8.4242E-03   -1.2378E-03   
6.2146E-03   -2.6485E-03   
9.4483E-03   -7.0340E-04   
9.0396E-03   -9.0530E-04   
8.8426E-03   -1.0097E-03   
6.0804E-03   -2.6130E-03   
8.2027E-03   -1.3634E-03   
7.9789E-03   -1.4946E-03   
1.0015E-02   -4.2395E-04   
1.0161E-02   -3.5000E-04   
5.6929E-03   -2.6143E-03   
5.9421E-03   -2.6034E-03   
3.7554E-03   -3.7520E-03   
5.8134E-03   -2.6024E-03   
1.0148E-02   -3.5450E-04   
5.0273E-03   -2.9609E-03   
4.0878E-03   -3.8876E-03   
9.9486E-03   -4.8830E-04   
4.2080E-03   -3.4474E-03   
1.0006E-02   -5.0283E-04   
1.0054E-02   -4.0854E-04   
1.0308E-02   -4.5799E-04   
3.6951E-03   -4.0513E-03   
3.4421E-03   -5.3312E-03   
3.7109E-03   -4.3239E-03   
1.0948E-02   -4.6283E-04   
1.0673E-02   -4.0845E-04   
1.2205E-02   -4.9884E-04   
3.8872E-03   -3.7981E-03   
2.9909E-03   -5.6263E-03   
1.1527E-02   -4.8100E-04   
1.2515E-02   -3.6168E-04   
3.4470E-03   -4.9562E-03   
3.1678E-03   -4.7799E-03   
3.2595E-03   -4.8597E-03   
1.1688E-02   -5.7501E-04   
9.8789E-03   -4.9459E-04   
7.5904E-03   -1.6713E-03   
7.3692E-03   -1.8086E-03   
6.4113E-03   -2.4431E-03   
9.3723E-03   -7.1380E-04   
9.9962E-03   -4.1258E-04   
6.6734E-03   -2.2621E-03   
8.4918E-03   -1.1548E-03   
9.7035E-03   -5.6079E-04   
8.7044E-03   -1.0427E-03   
9.5246E-03   -6.4357E-04   
6.9083E-03   -2.1026E-03   
8.2688E-03   -1.2757E-03   
7.8141E-03   -1.5360E-03   
8.0414E-03   -1.4034E-03   
6.2638E-03   -2.4392E-03   
9.0792E-03   -8.5375E-04   
8.9057E-03   -9.3971E-04   
6.0752E-03   -2.4097E-03   
6.1624E-03   -2.4213E-03   
4.8458E-03   -3.0566E-03   
5.5799E-03   -2.6417E-03   
1.0003E-02   -4.1507E-04   
4.6596E-03   -3.3086E-03   
1.0012E-02   -4.1026E-04   
9.7778E-03   -5.7357E-04   
4.2484E-03   -3.6307E-03   
9.8963E-03   -4.8051E-04   
1.0067E-02   -5.2426E-04   
1.1303E-02   -4.7058E-04   
1.0409E-02   -4.7858E-04   
4.3929E-03   -3.8054E-03   
4.5208E-03   -3.2609E-03   
3.7150E-03   -3.8131E-03   
1.1203E-02   -4.2160E-04   
1.0687E-02   -5.2002E-04   
4.0591E-03   -4.2013E-03   
3.4335E-03   -5.4812E-03   
3.9323E-03   -4.8968E-03   
4.6692E-03   -3.4396E-03   
1.1585E-02   -4.0135E-04   
1.1932E-02   -5.7315E-04   
1.2474E-02   -4.3036E-04   
1.2754E-02   -3.1412E-04   
3.9920E-03   -4.3497E-03   
4.2205E-03   -4.4892E-03   
9.4195E-03   -6.7250E-04   
7.1946E-03   -1.8577E-03   
7.4192E-03   -1.7192E-03   
9.8333E-03   -4.7956E-04   
8.9899E-03   -8.7156E-04   
8.7809E-03   -9.7233E-04   
9.5710E-03   -6.0613E-04   
7.6466E-03   -1.5834E-03   
8.5663E-03   -1.0798E-03   
8.3425E-03   -1.1957E-03   
6.9643E-03   -2.0010E-03   
8.1115E-03   -1.3197E-03   
7.8780E-03   -1.4495E-03   
6.5000E-03   -2.3142E-03   
6.4394E-03   -2.2823E-03   
6.3711E-03   -2.2584E-03   
5.9974E-03   -2.4100E-03   
5.4530E-03   -2.6956E-03   
6.7026E-03   -2.1584E-03   
9.8553E-03   -4.8310E-04   
9.6799E-03   -5.5658E-04   
9.2148E-03   -7.6948E-04   
9.7252E-03   -5.6193E-04   
4.8808E-03   -3.1174E-03   
4.5490E-03   -3.2738E-03   
4.8199E-03   -3.7532E-03   
9.8327E-03   -5.9209E-04   
5.2869E-03   -2.7946E-03   
9.7975E-03   -4.9085E-04   
5.1522E-03   -3.2408E-03   
1.0130E-02   -5.5553E-04   
5.2495E-03   -3.0004E-03   
1.0809E-02   -5.4197E-04   
1.1082E-02   -5.5453E-04   
1.0545E-02   -4.9707E-04   
1.2991E-02   -3.0739E-04   
4.9629E-03   -3.9171E-03   
4.8678E-03   -3.8471E-03   
4.3220E-03   -4.7747E-03   
1.1653E-02   -6.6087E-04   
3.4887E-03   -5.5962E-03   
1.2152E-02   -5.7551E-04   
1.2746E-02   -3.6923E-04   
9.5112E-03   -6.1841E-04   
7.2382E-03   -1.7793E-03   
7.0121E-03   -1.9187E-03   
8.8693E-03   -9.0685E-04   
9.6873E-03   -5.4726E-04   
8.6506E-03   -1.0117E-03   
7.4723E-03   -1.6401E-03   
8.4256E-03   -1.1230E-03   
7.7112E-03   -1.5034E-03   
8.1912E-03   -1.2431E-03   
6.6223E-03   -2.1365E-03   
7.9510E-03   -1.3707E-03   
6.3180E-03   -2.2404E-03   
9.3086E-03   -7.0604E-04   
9.4951E-03   -6.4408E-04   
6.8225E-03   -2.0404E-03   
5.8194E-03   -2.4788E-03   
6.2711E-03   -2.2342E-03   
5.4655E-03   -2.7264E-03   
9.0895E-03   -8.0484E-04   
9.5486E-03   -6.5015E-04   
1.0805E-02   -6.1188E-04   
9.6428E-03   -5.5588E-04   
9.6026E-03   -6.6398E-04   
5.5066E-03   -2.7639E-03   
9.8791E-03   -6.2089E-04   
1.0240E-02   -5.8142E-04   
9.6369E-03   -5.6009E-04   
5.7226E-03   -3.3572E-03   
5.5484E-03   -2.9017E-03   
5.9087E-03   -2.8415E-03   
1.1027E-02   -5.0864E-04   
1.3043E-02   -3.7461E-04   
5.6803E-03   -3.2569E-03   
1.0401E-02   -5.9897E-04   
1.0989E-02   -6.3658E-04   
1.1360E-02   -7.7262E-04   
5.2039E-03   -3.8968E-03   
5.0004E-03   -4.1924E-03   
1.1329E-02   -6.8016E-04   
1.3192E-02   -2.5231E-04   
1.2440E-02   -5.0121E-04   
2.9931E-03   -5.8555E-03   
4.6509E-03   -3.7543E-03   
7.0386E-03   -1.8580E-03   
6.8146E-03   -2.0000E-03   
8.7454E-03   -9.5010E-04   
9.4223E-03   -6.4627E-04   
8.5184E-03   -1.0582E-03   
7.5352E-03   -1.5693E-03   
6.5837E-03   -2.1079E-03   
8.2808E-03   -1.1748E-03   
6.2197E-03   -2.2500E-03   
7.7857E-03   -1.4315E-03   
5.6822E-03   -2.5643E-03   
8.0350E-03   -1.2998E-03   
8.9692E-03   -8.4667E-04   
6.5607E-03   -2.0828E-03   
9.3024E-03   -7.4082E-04   
9.5882E-03   -5.7619E-04   
9.1893E-03   -7.4810E-04   
9.4541E-03   -6.4183E-04   
9.3974E-03   -7.3115E-04   
9.6598E-03   -6.8324E-04   
6.4189E-03   -2.8702E-03   
5.9964E-03   -2.5752E-03   
5.9710E-03   -2.8964E-03   
5.8625E-03   -2.7899E-03   
1.0460E-02   -7.1679E-04   
1.2365E-02   -5.7405E-04   
4.6362E-03   -4.6995E-03   
6.0071E-03   -2.4360E-03   
5.5239E-03   -3.2344E-03   
1.0266E-02   -7.0641E-04   
1.1193E-02   -6.3565E-04   
1.3272E-02   -2.9054E-04   
1.2741E-02   -5.0221E-04   
1.1406E-02   -8.4744E-04   
5.9764E-03   -3.6033E-03   
3.3760E-03   -5.7792E-03   
1.0079E-02   -6.9668E-04   
2.7117E-03   -5.8846E-03   
8.6211E-03   -1.0010E-03   
9.4314E-03   -6.4206E-04   
8.8502E-03   -8.9537E-04   
8.3828E-03   -1.1139E-03   
7.6126E-03   -1.5051E-03   
6.8146E-03   -1.9585E-03   
5.1225E-03   -2.9052E-03   
6.1417E-03   -2.2953E-03   
9.0754E-03   -7.9440E-04   
6.5488E-03   -2.0691E-03   
9.2538E-03   -7.3628E-04   
7.2823E-03   -1.7131E-03   
7.8751E-03   -1.3670E-03   
6.3753E-03   -2.7491E-03   
6.3772E-03   -2.5185E-03   
9.4095E-03   -7.6246E-04   
6.2035E-03   -2.5325E-03   
6.0434E-03   -2.3778E-03   
6.0611E-03   -2.4495E-03   
5.8747E-03   -2.5996E-03   
6.5447E-03   -2.5202E-03   
6.3716E-03   -3.0248E-03   
1.0660E-02   -7.3255E-04   
1.2054E-02   -6.7155E-04   
1.0124E-02   -8.2192E-04   
9.0079E-03   -8.5482E-04   
9.7491E-03   -8.1283E-04   
1.0903E-02   -7.4937E-04   
5.6269E-03   -4.0714E-03   
3.9326E-03   -5.1279E-03   
9.9399E-03   -8.1285E-04   
1.1460E-02   -5.6797E-04   
6.2110E-03   -3.5868E-03   
5.7995E-03   -3.6048E-03   
1.1731E-02   -8.0404E-04   
1.1066E-02   -9.0207E-04   
8.7341E-03   -9.5011E-04   
8.5052E-03   -1.0561E-03   
9.2144E-03   -7.3708E-04   
6.5140E-03   -2.0850E-03   
9.2662E-03   -7.1147E-04   
8.9618E-03   -8.4744E-04   
8.2536E-03   -1.1759E-03   
6.8326E-03   -1.9204E-03   
7.7093E-03   -1.4464E-03   
7.9822E-03   -1.3086E-03   
6.8598E-03   -2.2700E-03   
6.6949E-03   -2.2806E-03   
7.0716E-03   -1.8053E-03   
6.3319E-03   -2.2359E-03   
6.4336E-03   -2.1520E-03   
6.4506E-03   -2.2057E-03   
7.3422E-03   -1.6522E-03   
9.5063E-03   -7.8131E-04   
8.7914E-03   -9.7462E-04   
9.6177E-03   -9.2724E-04   
6.3789E-03   -2.3091E-03   
9.5052E-03   -8.5256E-04   
6.5170E-03   -3.1713E-03   
1.0305E-02   -8.3797E-04   
6.9976E-03   -2.6141E-03   
4.3763E-03   -4.5056E-03   
6.5143E-03   -3.5112E-03   
9.1633E-03   -8.8754E-04   
9.7900E-03   -9.3355E-04   
7.0191E-03   -2.3493E-03   
6.7400E-03   -3.1619E-03   
4.8791E-03   -4.6778E-03   
1.1129E-02   -9.7417E-04   
1.2085E-02   -7.6161E-04   
8.6403E-03   -1.0005E-03   
8.8488E-03   -9.0657E-04   
7.4281E-03   -1.5929E-03   
6.6577E-03   -2.0550E-03   
7.8237E-03   -1.3948E-03   
6.8159E-03   -2.0910E-03   
6.8828E-03   -1.8810E-03   
8.8457E-03   -9.9537E-04   
7.1313E-03   -1.7527E-03   
6.8295E-03   -1.9307E-03   
9.7268E-03   -6.9403E-04   
8.1125E-03   -1.2548E-03   
9.0565E-03   -8.1412E-04   
6.9604E-03   -2.0804E-03   
9.4643E-03   -1.0511E-03   
7.1166E-03   -2.0733E-03   
9.4733E-03   -9.2622E-04   
3.6200E-03   -4.9696E-03   
6.9359E-03   -3.3624E-03   
9.9597E-03   -9.4805E-04   
4.0280E-03   -5.1867E-03   
7.5205E-03   -2.1644E-03   
6.9687E-03   -2.7845E-03   
9.2018E-03   -9.3547E-04   
1.0490E-02   -8.6070E-04   
5.1262E-03   -4.6465E-03   
7.4753E-03   -2.3161E-03   
7.2159E-03   -2.7910E-03   
5.9766E-03   -3.9702E-03   
1.0769E-02   -1.0432E-03   
7.0355E-03   -2.2471E-03   
1.2465E-02   -7.1102E-04   
7.5379E-03   -1.5381E-03   
7.2037E-03   -1.8994E-03   
8.4274E-03   -1.1046E-03   
7.2415E-03   -1.6912E-03   
8.5394E-03   -1.1084E-03   
7.2708E-03   -2.0714E-03   
6.7217E-03   -2.0966E-03   
9.7821E-03   -1.0834E-03   
7.9420E-03   -1.3550E-03   
7.3474E-03   -1.8947E-03   
7.1011E-03   -1.7762E-03   
8.8839E-03   -1.0370E-03   
9.6212E-03   -1.0649E-03   
8.7093E-03   -9.8278E-04   
6.8578E-03   -1.9825E-03   
9.2211E-03   -9.9681E-04   
5.7074E-03   -3.4737E-03   
7.3981E-03   -2.1031E-03   
7.4786E-03   -2.4430E-03   
7.5684E-03   -2.5124E-03   
7.4265E-03   -2.8190E-03   
7.6675E-03   -2.9184E-03   
1.0834E-02   -1.1313E-03   
4.3872E-03   -5.2199E-03   
1.0294E-02   -9.9682E-04   
1.2769E-02   -5.9285E-04   
7.6535E-03   -1.4946E-03   
7.3672E-03   -1.6383E-03   
8.2585E-03   -1.2102E-03   
7.5676E-03   -1.7271E-03   
8.5666E-03   -1.1478E-03   
9.2688E-03   -1.0564E-03   
8.9183E-03   -1.0890E-03   
7.5020E-03   -1.8922E-03   
9.4455E-03   -1.2045E-03   
9.2920E-03   -1.1859E-03   
1.0435E-02   -1.0999E-03   
9.9457E-03   -1.1088E-03   
8.0139E-03   -2.3224E-03   
7.8623E-03   -2.2103E-03   
7.0506E-03   -1.9241E-03   
1.0644E-02   -9.0012E-04   
1.1445E-02   -9.1011E-04   
1.0395E-02   -1.3294E-03   
7.8206E-03   -2.7263E-03   
7.5189E-03   -3.1369E-03   
7.9904E-03   -2.5349E-03   
7.8100E-03   -1.9366E-03   
5.2792E-03   -4.7006E-03   
1.2825E-02   -6.6489E-04   
7.4729E-03   -1.6058E-03   
8.5445E-03   -1.0738E-03   
7.2074E-03   -1.7964E-03   
8.0243E-03   -1.3418E-03   
9.0653E-03   -1.3584E-03   
8.2355E-03   -1.2717E-03   
7.7621E-03   -1.4664E-03   
8.5975E-03   -1.1986E-03   
7.7170E-03   -1.7215E-03   
8.9561E-03   -1.2176E-03   
7.8857E-03   -1.7203E-03   
8.9703E-03   -1.2934E-03   
1.0728E-02   -9.6276E-04   
9.6077E-03   -1.2231E-03   
1.0123E-02   -1.1415E-03   
1.1683E-02   -9.1320E-04   
7.8751E-03   -2.0894E-03   
1.0446E-02   -1.0187E-03   
7.9336E-03   -1.9712E-03   
1.0121E-02   -1.2447E-03   
7.4535E-03   -1.7168E-03   
8.0979E-03   -1.7200E-03   
8.2171E-03   -2.3358E-03   
1.0073E-02   -1.3594E-03   
1.0780E-02   -1.2395E-03   
7.8391E-03   -2.3159E-03   
8.2324E-03   -2.5146E-03   
7.9878E-03   -2.8396E-03   
4.5329E-03   -5.2441E-03   
7.5593E-03   -1.6014E-03   
8.0803E-03   -1.5550E-03   
7.9084E-03   -1.4287E-03   
8.2911E-03   -1.3062E-03   
8.2104E-03   -1.9009E-03   
7.9064E-03   -1.5687E-03   
8.6952E-03   -1.4637E-03   
9.3192E-03   -1.3256E-03   
8.3874E-03   -2.6692E-03   
9.7901E-03   -1.3934E-03   
7.1795E-03   -1.7521E-03   
8.2348E-03   -1.7793E-03   
9.7532E-03   -1.2529E-03   
8.6505E-03   -1.2463E-03   
8.6340E-03   -1.3913E-03   
8.4625E-03   -2.1355E-03   
4.2321E-03   -5.5229E-03   
8.4442E-03   -2.3395E-03   
9.9874E-03   -1.4739E-03   
1.1059E-02   -1.1335E-03   
8.9560E-03   -1.1447E-03   
7.0055E-03   -1.8675E-03   
7.7503E-03   -1.5963E-03   
8.2566E-03   -1.5528E-03   
8.0148E-03   -1.4596E-03   
9.4104E-03   -1.3710E-03   
8.4364E-03   -1.3997E-03   
8.4237E-03   -1.6181E-03   
8.0503E-03   -1.3966E-03   
9.6750E-03   -1.6378E-03   
7.7918E-03   -1.5296E-03   
1.1371E-02   -1.0686E-03   
9.6989E-03   -1.5241E-03   
8.2466E-03   -2.1129E-03   
8.4210E-03   -1.5484E-03   
8.7404E-03   -2.4423E-03   
3.7084E-03   -5.8177E-03   
8.7259E-03   -1.2785E-03   
8.5878E-03   -1.8866E-03   
9.0680E-03   -1.4728E-03   
9.1484E-03   -1.5576E-03   
8.7424E-03   -1.9255E-03   
9.7120E-03   -1.7343E-03   
8.4856E-03   -1.7463E-03   
8.6877E-03   -2.3441E-03   
8.7977E-03   -2.5092E-03   
8.9914E-03   -1.7305E-03   
8.5161E-03   -1.8192E-03   
9.1174E-03   -2.4481E-03   
8.9067E-03   -1.9658E-03   
9.8706E-03   -1.2856E-03   
1.0153E-02   -1.6132E-03   
9.3114E-03   -1.8375E-03   
8.7841E-03   -1.6501E-03   
9.4075E-03   -1.5558E-03   
8.6548E-03   -2.1554E-03   
9.3092E-03   -1.9460E-03   
1.0568E-02   -1.3935E-03   
9.5905E-03   -2.2033E-03   
9.0134E-03   -2.0100E-03   
8.8062E-03   -1.7278E-03   
9.2016E-03   -2.0969E-03   
9.5087E-03   -2.0586E-03   
1.0004E-02   -1.8566E-03   
1.0249E-02   -1.6788E-03   
9.7830E-03   -2.0399E-03   
3.6180E-04   -6.9495E-03   
9.0774E-03   -2.2415E-03   
8.4506E-03   -2.7401E-03   
1.3529E-02   -2.8264E-04   
8.6652E-04   -6.1615E-03   
1.4408E-02   -3.8096E-05   
1.3190E-02   -6.1906E-04   
6.4978E-04   -6.9948E-03   
3.3203E-03   -5.9226E-03   
9.6581E-03   -2.2734E-03   
1.3729E-02   -1.4591E-04   
9.9607E-04   -6.9373E-03   
3.8237E-03   -5.5251E-03   
1.4176E-03   -6.8478E-03   
1.8486E-03   -6.7398E-03   
2.2790E-03   -6.6042E-03   
2.7277E-03   -6.4390E-03   
1.4720E-02   -3.3858E-05   
3.1869E-03   -6.2407E-03   
3.6804E-03   -5.9986E-03   
1.3029E-02   -5.0434E-04   
4.1957E-03   -5.7187E-03   
1.5042E-02   -3.1329E-05   
4.7374E-03   -5.4118E-03   
5.4853E-03   -4.9405E-03   
1.0546E-02   -1.5135E-03   
6.6691E-03   -4.1915E-03   
1.5383E-02   -2.7811E-05   
1.1897E-02   -6.4155E-04   
7.4616E-03   -3.8165E-03   
6.8587E-03   -3.2061E-03   
2.4996E-03   -6.2780E-03   
1.3124E-02   -4.3472E-04   
8.3891E-03   -3.3576E-03   
9.0917E-03   -3.1321E-03   
1.5736E-02   -2.3244E-05   
9.6987E-03   -2.9562E-03   
6.3511E-03   -4.0326E-03   
1.0368E-02   -2.7650E-03   
1.0875E-02   -2.6793E-03   
1.6103E-02   -1.8718E-05   
1.1469E-02   -2.4910E-03   
1.2126E-02   -2.3448E-03   
1.0863E-03   -6.6996E-03   
1.2734E-02   -2.1969E-03   
1.6529E-02   -1.5158E-05   
1.3868E-02   -8.9506E-05   
7.1517E-03   -3.4660E-03   
1.3382E-02   -2.0189E-03   
1.3993E-02   -1.8719E-03   
1.2537E-02   -7.7111E-04   
1.7006E-02   -6.7841E-06   
1.1720E-02   -9.9636E-04   
1.1032E-02   -1.2188E-03   
1.5165E-02   -1.5144E-03   
1.7460E-02   -2.2009E-04   
1.7554E-02   -2.3998E-04   
1.7551E-02   -3.4368E-05   
1.7604E-02   -9.4986E-06   
1.7495E-02   -1.1556E-04   
4.5453E-03   -5.4159E-03   
1.6398E-02   -9.6958E-04   
1.2403E-03   -6.7773E-03   
1.1959E-02   -1.0026E-03   
1.1444E-02   -1.1531E-03   
2.2177E-03   -6.4555E-03   
1.0813E-02   -1.4874E-03   
2.9076E-03   -6.1411E-03   
1.3786E-02   -2.3215E-04   
1.0220E-02   -1.8594E-03   
1.3483E-02   -5.0884E-04   
3.2087E-03   -6.0845E-03   
7.3502E-03   -3.4483E-03   
2.1477E-03   -6.5653E-03   
8.1596E-03   -2.9818E-03   
3.0718E-03   -6.2287E-03   
1.2402E-02   -8.7471E-04   
1.2566E-02   -2.0893E-03   
9.5706E-03   -2.8663E-03   
4.1187E-03   -5.7167E-03   
6.3475E-03   -4.1507E-03   
5.4637E-03   -4.9176E-03   
5.5687E-03   -4.7639E-03   
1.5195E-02   -6.0264E-05   
1.0173E-02   -2.1205E-03   
1.4005E-02   -1.2737E-04   
1.3264E-02   -6.7840E-04   
1.4573E-02   -6.7137E-05   
1.6472E-02   -3.3945E-05   
9.2336E-03   -2.5045E-03   
1.0610E-02   -2.5657E-03   
1.3316E-02   -3.2472E-04   
1.3378E-02   -4.4508E-04   
1.0529E-02   -1.5860E-03   
8.0476E-03   -2.8826E-03   
1.7295E-02   -2.1344E-06   
1.4607E-02   -1.6920E-03   
7.2791E-03   -3.7689E-03   
1.3530E-02   -1.8340E-03   
1.7592E-02   -1.4069E-04   
1.7695E-02   -4.2342E-06   
1.7667E-02   -1.8552E-05   
1.7624E-02   -6.8426E-05   
1.1564E-02   -2.3045E-03   
8.5526E-03   -3.1339E-03   
1.5892E-02   -4.2646E-05   
1.5722E-02   -1.0866E-03   
1.7057E-02   -2.0253E-05   
1.6428E-02   -8.2842E-04   
1.6878E-02   -2.8033E-04   
1.7112E-02   -2.9487E-05   
1.7021E-02   -8.6256E-05   
1.6740E-02   -5.1293E-04   
1.2266E-02   -1.0005E-03   
9.5004E-03   -2.7679E-03   
1.3904E-02   -1.7726E-04   
1.4230E-02   -1.4401E-04   
1.4996E-02   -9.9113E-05   
1.4049E-03   -6.6465E-03   
8.9541E-03   -2.7177E-03   
1.1276E-02   -1.3224E-03   
6.3384E-03   -4.2972E-03   
1.3821E-02   -2.8610E-04   
1.5686E-02   -7.3824E-05   
1.4412E-02   -1.6148E-03   
4.0324E-03   -5.7021E-03   
9.0686E-03   -2.8930E-03   
7.2185E-03   -3.7463E-03   
1.0520E-02   -2.4834E-03   
8.4353E-03   -2.9246E-03   
1.2155E-02   -2.0899E-03   
1.0676E-02   -1.7364E-03   
8.0379E-03   -3.2956E-03   
1.3091E-02   -7.9455E-04   
1.3562E-02   -5.7359E-04   
1.1100E-02   -2.3399E-03   
1.0642E-02   -1.8786E-03   
1.6086E-02   -5.8436E-05   
1.0239E-02   -2.2192E-03   
1.5340E-02   -8.6174E-05   
7.8997E-03   -3.2226E-03   
1.3679E-02   -3.6283E-04   
1.0006E-02   -2.6237E-03   
1.1061E-02   -1.5097E-03   
1.4600E-02   -1.1090E-04   
1.3759E-02   -4.1064E-04   
1.6295E-02   -4.4032E-04   
1.6639E-02   -6.1179E-05   
1.6523E-02   -1.5524E-04   
1.6723E-02   -3.2562E-05   
1.2660E-02   -8.7675E-04   
1.4968E-02   -1.3347E-03   
1.5889E-02   -8.6246E-04   
1.7007E-02   -6.6576E-05   
1.6791E-02   -4.1533E-04   
1.6873E-02   -1.6385E-04   
1.6804E-02   -2.1133E-04   
9.9169E-03   -2.5350E-03   
7.7512E-03   -3.3849E-03   
1.5805E-02   -9.4999E-05   
1.3977E-02   -1.6754E-03   
8.8265E-03   -2.8950E-03   
1.0675E-02   -1.9887E-03   
9.8195E-03   -2.4574E-03   
1.3954E-02   -5.2386E-04   
1.4446E-02   -1.6422E-04   
1.1744E-02   -2.1104E-03   
1.5155E-02   -1.2245E-04   
1.6449E-02   -2.2905E-04   
1.6660E-02   -9.6342E-05   
1.4130E-02   -3.6933E-04   
1.2126E-02   -1.1381E-03   
1.4162E-02   -2.6030E-04   
1.1613E-02   -1.3102E-03   
1.6305E-02   -3.2601E-04   
1.5194E-02   -1.0657E-03   
1.3416E-02   -7.7570E-04   
1.2753E-02   -1.8782E-03   
1.1089E-02   -1.6693E-03   
9.3358E-03   -2.6281E-03   
1.0928E-02   -2.2611E-03   
1.3124E-02   -8.7422E-04   
1.6437E-02   -5.5498E-05   
1.4885E-02   -1.2502E-03   
1.6017E-02   -6.3667E-04   
1.1912E-02   -1.9088E-03   
1.1574E-02   -1.5729E-03   
1.3002E-02   -9.8880E-04   
1.3809E-02   -7.0884E-04   
1.1334E-02   -2.0444E-03   
1.0326E-02   -2.3072E-03   
1.5918E-02   -1.1363E-04   
1.4605E-02   -1.2520E-03   
1.5168E-02   -1.6376E-04   
1.5578E-02   -1.3702E-04   
1.0829E-02   -2.1725E-03   
1.4395E-02   -2.8034E-04   
1.4453E-02   -2.1181E-04   
1.4239E-02   -4.2021E-04   
1.1072E-02   -1.5957E-03   
1.1135E-02   -1.8785E-03   
1.4073E-02   -5.7823E-04   
1.2933E-02   -1.6966E-03   
1.2466E-02   -1.1296E-03   
1.1977E-02   -1.2841E-03   
1.1458E-02   -1.7143E-03   
1.3424E-02   -9.1731E-04   
1.3721E-02   -8.1090E-04   
1.3167E-02   -1.8523E-03   
1.4353E-02   -4.6863E-04   
1.1226E-02   -1.9609E-03   
1.6256E-02   -8.9248E-05   
1.4764E-02   -2.1539E-04   
1.4501E-02   -3.3320E-04   
1.3982E-02   -1.4461E-03   
1.5025E-02   -2.2645E-04   
1.1889E-02   -1.4012E-03   
1.2717E-02   -1.1387E-03   
1.3770E-02   -8.8494E-04   
1.1584E-02   -1.7667E-03   
1.4897E-02   -2.9215E-04   
1.4913E-02   -1.0487E-03   
1.4217E-02   -6.1145E-04   
1.4750E-02   -4.1250E-04   
1.3728E-02   -1.6563E-03   
1.5732E-02   -1.5572E-04   
1.2128E-02   -1.4141E-03   
1.2639E-02   -1.2507E-03   
1.6394E-02   -1.0363E-04   
1.4566E-02   -5.6004E-04   
1.5939E-02   -1.6801E-04   
1.2072E-02   -1.6386E-03   
1.4947E-02   -3.3825E-04   
1.5517E-02   -2.0992E-04   
1.4869E-02   -4.4954E-04   
1.3028E-02   -1.2188E-03   
1.5211E-02   -2.3753E-04   
1.3549E-02   -1.0487E-03   
1.4317E-02   -7.6621E-04   
1.5222E-02   -3.3992E-04   
1.4456E-02   -8.3663E-04   
1.2189E-02   -1.7100E-03   
1.3911E-02   -1.0272E-03   
1.2467E-02   -1.4224E-03   
1.3386E-02   -1.2014E-03   
1.5593E-02   -2.4289E-04   
1.6323E-02   -1.4870E-04   
1.4744E-02   -8.3862E-04   
1.4299E-02   -9.9156E-04   
1.5685E-02   -2.7566E-04   
1.2576E-02   -1.5240E-03   
1.3142E-02   -1.3861E-03   
1.5465E-02   -3.4492E-04   
1.5211E-02   -7.4317E-04   
1.4212E-02   -1.1317E-03   
1.6089E-02   -2.1730E-04   
1.5426E-02   -4.0105E-04   
1.5144E-02   -8.7184E-04   
1.6256E-02   -2.3166E-04   
1.4658E-02   -1.0421E-03   
1.4989E-02   -4.8766E-04   
1.4681E-02   -6.1184E-04   
1.4848E-02   -6.5625E-04   
1.5367E-02   -5.3923E-04   
