51 
1844 
1.8586E-02   -4.6485E-03   
1.9951E-02   -3.0541E-03   
2.0977E-02   -1.8930E-03   
2.1673E-02   -9.3423E-04   
7.1830E-37   -1.0693E-03   
2.1916E-02   9.8757E-38   
2.2077E-02   -1.7953E-34   
2.2207E-02   -4.7660E-35   
2.2550E-02   2.0092E-35   
2.2898E-02   5.2293E-35   
2.3367E-02   1.3795E-34   
2.3965E-02   2.0806E-34   
2.4439E-02   2.5894E-34   
2.5263E-02   3.9848E-34   
2.5889E-02   4.7762E-34   
2.6576E-02   4.0894E-34   
2.6942E-02   6.2991E-34   
2.7719E-02   9.0733E-34   
2.8556E-02   1.2678E-33   
2.9000E-02   -3.0406E-30   
2.9000E-02   -1.3654E-34   
2.9000E-02   -1.3654E-34   
2.9000E-02   -1.3654E-34   
2.9000E-02   -1.3654E-34   
2.9000E-02   -1.3654E-34   
2.9000E-02   -1.3654E-34   
2.9000E-02   -1.3654E-34   
2.9000E-02   -1.3654E-34   
2.9000E-02   -1.3654E-34   
2.9000E-02   -1.3654E-34   
2.9000E-02   -1.3654E-34   
2.9000E-02   -1.3654E-34   
2.7740E-02   -8.0342E-04   
2.6397E-02   -1.4899E-03   
2.5773E-02   -1.7328E-03   
2.5156E-02   -1.9350E-03   
2.3926E-02   -2.2688E-03   
2.3310E-02   -2.4168E-03   
2.2071E-02   -2.7054E-03   
2.1444E-02   -2.8569E-03   
1.9755E-02   -3.5147E-03   
1.5413E-02   -6.1373E-03   
1.1828E-02   -8.2812E-03   
5.2290E-03   -1.2806E-02   
3.9094E-03   -1.3940E-02   
3.4445E-03   -1.4250E-02   
2.5557E-03   -1.4625E-02   
1.6825E-03   -1.4824E-02   
8.2950E-04   -1.4926E-02   
-3.0039E-37   -1.4954E-02   
1.3878E-33   -1.4675E-02   
1.4900E-33   -1.4400E-02   
1.4220E-33   -1.4025E-02   
1.3484E-33   -1.3807E-02   
1.1761E-33   -1.3452E-02   
1.0619E-33   -1.3246E-02   
9.5769E-34   -1.3052E-02   
8.3776E-34   -1.2905E-02   
6.8577E-34   -1.2350E-02   
1.6329E-02   -4.5001E-03   
2.8443E-02   -1.8626E-05   
2.7867E-02   -5.2716E-05   
2.7043E-02   -1.1158E-04   
2.6372E-02   -1.6755E-04   
2.5717E-02   -2.4052E-04   
2.5001E-02   -2.8951E-04   
2.4429E-02   -3.1464E-04   
2.3701E-02   -3.8194E-04   
2.2996E-02   -4.3345E-04   
2.2298E-02   -4.8761E-04   
2.1619E-02   -5.4795E-04   
2.0920E-02   -6.4118E-04   
2.0192E-02   -8.3501E-04   
1.9186E-02   -1.3334E-03   
1.8070E-02   -2.3431E-03   
2.0003E-02   -2.0255E-03   
2.0446E-02   -8.8561E-04   
2.1015E-02   -4.7817E-04   
2.1582E-02   -3.3896E-04   
2.2147E-02   -2.9470E-04   
2.2696E-02   -2.7875E-04   
2.3355E-02   -2.4129E-04   
2.3970E-02   -2.1448E-04   
2.4550E-02   -1.8498E-04   
2.5141E-02   -1.7986E-04   
2.5812E-02   -1.3367E-04   
2.6459E-02   -9.7264E-05   
2.7094E-02   -7.0813E-05   
2.7780E-02   -3.2550E-05   
2.8382E-02   -8.9935E-06   
2.1588E-02   -4.7682E-04   
2.1825E-02   -1.8969E-04   
2.2107E-02   -1.2877E-04   
2.2546E-02   -1.0871E-04   
2.2987E-02   -1.0291E-04   
2.3549E-02   -1.0379E-04   
2.4065E-02   -1.0332E-04   
2.4591E-02   -9.7838E-05   
2.5285E-02   -7.4538E-05   
2.5872E-02   -5.6762E-05   
2.6542E-02   -4.4639E-05   
2.7210E-02   -2.7642E-05   
2.7871E-02   -1.3748E-05   
2.8486E-02   -1.8693E-06   
2.8333E-02   -3.8117E-05   
2.7698E-02   -9.8757E-05   
2.6923E-02   -1.9095E-04   
2.6228E-02   -2.5190E-04   
2.5607E-02   -3.4422E-04   
2.4851E-02   -4.2401E-04   
2.4109E-02   -5.0239E-04   
2.3412E-02   -5.7114E-04   
2.2680E-02   -6.6101E-04   
2.1997E-02   -7.4819E-04   
2.1117E-02   -8.9037E-04   
2.0173E-02   -1.0953E-03   
1.9257E-02   -1.3680E-03   
1.8173E-02   -1.8459E-03   
1.5960E-02   -3.2497E-03   
6.4115E-03   -9.4147E-03   
2.8278E-02   -6.9727E-05   
2.7730E-02   -1.4302E-04   
2.6791E-02   -2.8507E-04   
2.6179E-02   -3.7993E-04   
2.5456E-02   -4.7853E-04   
2.4581E-02   -6.1419E-04   
2.3830E-02   -6.9688E-04   
2.3098E-02   -7.9309E-04   
2.2219E-02   -9.4180E-04   
2.1384E-02   -1.1152E-03   
2.0502E-02   -1.3153E-03   
1.9609E-02   -1.5091E-03   
1.8531E-02   -1.8928E-03   
1.6814E-02   -2.7408E-03   
1.0194E-02   -6.9531E-03   
1.4726E-03   -1.2573E-02   
2.8473E-02   -6.8174E-05   
2.7457E-02   -2.4595E-04   
2.6884E-02   -3.4501E-04   
2.6179E-02   -4.8612E-04   
2.5137E-02   -6.7033E-04   
2.4395E-02   -8.0125E-04   
2.3637E-02   -9.1623E-04   
2.2727E-02   -1.0841E-03   
2.1889E-02   -1.2641E-03   
2.1007E-02   -1.4401E-03   
2.0160E-02   -1.6435E-03   
1.9118E-02   -1.9221E-03   
1.7324E-02   -2.8068E-03   
1.3009E-02   -5.4828E-03   
4.5063E-03   -1.1201E-02   
1.0595E-03   -1.3123E-02   
2.8134E-02   -1.6580E-04   
2.7525E-02   -3.0955E-04   
2.6786E-02   -4.8900E-04   
2.6042E-02   -6.6667E-04   
2.4976E-02   -8.8072E-04   
2.4132E-02   -1.0202E-03   
2.3249E-02   -1.2180E-03   
2.2400E-02   -1.4109E-03   
2.1432E-02   -1.5886E-03   
2.0643E-02   -1.7651E-03   
1.9772E-02   -2.0512E-03   
1.8407E-02   -2.5893E-03   
1.4427E-02   -5.0336E-03   
7.0875E-03   -1.0065E-02   
2.1097E-03   -1.3183E-02   
1.0368E-03   -1.3392E-02   
2.8299E-02   -2.0154E-04   
2.7452E-02   -4.6081E-04   
2.6766E-02   -6.3120E-04   
2.5682E-02   -9.1703E-04   
2.4721E-02   -1.1644E-03   
2.3887E-02   -1.3138E-03   
2.2834E-02   -1.5377E-03   
2.2038E-02   -1.7178E-03   
2.1034E-02   -1.9257E-03   
2.0141E-02   -2.1795E-03   
1.9075E-02   -2.5678E-03   
1.6753E-02   -3.8917E-03   
1.0793E-02   -7.9822E-03   
3.9431E-03   -1.2708E-02   
2.0201E-03   -1.3567E-02   
9.5188E-04   -1.3691E-02   
2.8169E-02   -2.9369E-04   
2.7227E-02   -6.2067E-04   
2.6571E-02   -8.1587E-04   
2.5288E-02   -1.2069E-03   
2.4516E-02   -1.3972E-03   
2.3631E-02   -1.6180E-03   
2.2677E-02   -1.7985E-03   
2.1691E-02   -2.0285E-03   
2.0582E-02   -2.3174E-03   
1.9658E-02   -2.6093E-03   
1.7810E-02   -3.6589E-03   
1.3587E-02   -6.4807E-03   
5.8493E-03   -1.2081E-02   
3.2591E-03   -1.3548E-02   
2.0056E-03   -1.3887E-02   
9.9828E-04   -1.3990E-02   
2.8206E-02   -3.9063E-04   
2.7384E-02   -7.5288E-04   
2.6297E-02   -1.1179E-03   
2.5341E-02   -1.4514E-03   
2.4327E-02   -1.6358E-03   
2.3328E-02   -1.8618E-03   
2.2361E-02   -2.1019E-03   
2.1379E-02   -2.3514E-03   
2.0378E-02   -2.6071E-03   
1.8644E-02   -3.4012E-03   
1.4724E-02   -6.0387E-03   
8.2273E-03   -1.0783E-02   
4.2901E-03   -1.3390E-02   
2.9653E-03   -1.3987E-02   
1.9235E-03   -1.4206E-02   
1.0688E-03   -1.4283E-02   
2.7869E-02   -6.8374E-04   
2.6899E-02   -1.1731E-03   
2.6117E-02   -1.4118E-03   
2.4847E-02   -1.7887E-03   
2.4062E-02   -1.9774E-03   
2.2953E-02   -2.2364E-03   
2.1968E-02   -2.4891E-03   
2.1095E-02   -2.6734E-03   
1.9783E-02   -3.1343E-03   
1.6521E-02   -4.9873E-03   
1.1884E-02   -8.1390E-03   
5.5979E-03   -1.2803E-02   
3.8124E-03   -1.3969E-02   
2.8038E-03   -1.4306E-02   
1.8646E-03   -1.4505E-02   
8.3243E-04   -1.4669E-02   
4.7161E-03   -1.3175E-03   
8.9550E-03   -1.8246E-03   
1.2687E-02   -2.4163E-03   
1.5090E-02   -3.1642E-03   
1.6584E-02   -3.8679E-03   
1.7669E-02   -4.5412E-03   
1.8193E-02   -4.6499E-03   
1.8842E-02   -4.5028E-03   
1.9025E-02   -4.2796E-03   
1.9190E-02   -4.0471E-03   
1.9348E-02   -3.8249E-03   
1.9504E-02   -3.6154E-03   
1.9656E-02   -3.4177E-03   
1.9806E-02   -3.2309E-03   
2.0093E-02   -2.8865E-03   
2.0232E-02   -2.7271E-03   
2.0366E-02   -2.5749E-03   
2.0497E-02   -2.4294E-03   
2.0624E-02   -2.2890E-03   
2.0747E-02   -2.1532E-03   
2.0864E-02   -2.0214E-03   
2.1085E-02   -1.7675E-03   
2.1187E-02   -1.6443E-03   
2.1283E-02   -1.5229E-03   
2.1374E-02   -1.4030E-03   
2.1459E-02   -1.2844E-03   
2.1537E-02   -1.1668E-03   
2.1608E-02   -1.0501E-03   
2.1730E-02   -8.1936E-04   
2.1781E-02   -7.0593E-04   
2.1825E-02   -5.9133E-04   
2.1857E-02   -4.7151E-04   
2.1890E-02   -3.6016E-04   
2.1903E-02   -2.4305E-04   
2.1923E-02   -1.2179E-04   
2.1978E-02   -6.5002E-34   
2.2009E-02   -6.3038E-34   
2.2032E-02   -4.8855E-34   
2.2049E-02   -2.7491E-34   
2.2063E-02   -2.2168E-34   
2.2092E-02   -1.4404E-34   
2.2112E-02   -1.1396E-34   
2.2136E-02   -8.8424E-35   
2.2168E-02   -6.6565E-35   
2.2254E-02   -3.1185E-35   
2.2312E-02   -1.6756E-35   
2.2380E-02   -3.9182E-36   
2.2459E-02   8.1688E-36   
2.2653E-02   3.0980E-35   
2.2769E-02   4.1728E-35   
2.3040E-02   6.3785E-35   
2.3197E-02   7.5419E-35   
2.3552E-02   1.4850E-34   
2.3751E-02   1.1601E-34   
2.4194E-02   2.2687E-34   
2.4698E-02   2.9941E-34   
2.4973E-02   3.3860E-34   
2.5568E-02   4.0654E-34   
2.6225E-02   5.3583E-34   
2.7323E-02   7.7258E-34   
2.8130E-02   7.7981E-34   
2.9000E-02   -1.3654E-34   
2.9000E-02   -1.3654E-34   
2.9000E-02   -1.3654E-34   
2.9000E-02   -1.3654E-34   
2.9000E-02   -1.3654E-34   
2.7044E-02   -1.1908E-03   
2.4541E-02   -2.1104E-03   
2.2692E-02   -2.5604E-03   
2.0798E-02   -3.0371E-03   
1.8058E-02   -4.4615E-03   
7.8805E-03   -1.0915E-02   
4.4223E-03   -1.3569E-02   
2.9973E-03   -1.4468E-02   
2.1168E-03   -1.4738E-02   
1.2528E-03   -1.4885E-02   
4.1293E-04   -1.4951E-02   
1.0161E-33   -1.4816E-02   
1.4602E-33   -1.4536E-02   
1.4522E-33   -1.4269E-02   
2.1252E-33   -1.4144E-02   
2.1545E-33   -1.3912E-02   
1.3153E-33   -1.3708E-02   
1.2766E-33   -1.3617E-02   
1.2243E-33   -1.3531E-02   
1.1356E-33   -1.3378E-02   
1.0973E-33   -1.3309E-02   
1.0315E-33   -1.3189E-02   
1.0031E-33   -1.3137E-02   
9.7794E-34   -1.3091E-02   
9.4295E-34   -1.3018E-02   
9.2177E-34   -1.2990E-02   
8.9428E-34   -1.2963E-02   
8.6581E-34   -1.2935E-02   
8.1398E-34   -1.2867E-02   
7.8755E-34   -1.2820E-02   
7.6383E-34   -1.2761E-02   
7.3984E-34   -1.2676E-02   
7.1160E-34   -1.2548E-02   
6.5788E-34   -1.2043E-02   
6.2966E-34   -1.1579E-02   
6.0080E-34   -1.0908E-02   
5.7462E-34   -9.9938E-03   
5.5101E-34   -8.8074E-03   
8.0358E-34   -7.2740E-03   
7.3533E-34   -5.4837E-03   
5.3997E-34   -3.3387E-03   
1.9063E-02   -3.8493E-03   
2.0174E-02   -2.5403E-03   
2.0588E-02   -2.1071E-03   
1.9399E-02   -3.4200E-03   
2.1560E-02   -1.0186E-03   
1.8520E-02   -4.5758E-03   
1.3994E-02   -3.8075E-03   
2.1291E-02   -1.3577E-03   
2.1818E-02   -5.8613E-04   
2.0965E-02   -1.7176E-03   
1.9721E-02   -3.0386E-03   
2.1704E-02   -8.0070E-04   
1.9877E-02   -2.8638E-03   
1.8258E-02   -4.7472E-03   
2.0845E-02   -1.8437E-03   
2.1388E-02   -1.2427E-03   
2.1951E-02   -1.6754E-04   
6.2423E-03   -3.3114E-03   
1.7860E-02   -4.7798E-03   
2.0316E-02   -2.3902E-03   
2.0452E-02   -2.2457E-03   
2.1636E-02   -9.0897E-04   
1.6043E-02   -4.1879E-03   
2.1864E-02   -4.7673E-04   
1.0568E-02   -3.6631E-03   
1.7331E-02   -4.7065E-03   
2.1478E-02   -1.1298E-03   
2.1764E-02   -6.9336E-04   
1.8714E-02   -4.3325E-03   
2.1188E-02   -1.4749E-03   
2.1079E-02   -1.5948E-03   
1.9562E-02   -3.2238E-03   
1.8890E-02   -4.0846E-03   
1.9233E-02   -3.6282E-03   
2.0028E-02   -2.6981E-03   
2.0719E-02   -1.9733E-03   
3.4431E-03   -7.9647E-03   
2.8929E-03   -9.2639E-03   
2.3790E-03   -1.0320E-02   
1.8888E-03   -1.1128E-02   
1.4490E-03   -1.1709E-02   
1.0923E-03   -1.2110E-02   
8.2250E-04   -1.2380E-02   
6.2901E-04   -1.2559E-02   
4.9547E-04   -1.2679E-02   
2.2014E-02   -8.8097E-05   
4.0857E-04   -1.2760E-02   
2.2032E-02   -7.2959E-05   
3.5005E-04   -1.2818E-02   
2.2047E-02   -6.1434E-05   
3.0005E-04   -1.2861E-02   
2.2060E-02   -5.1782E-05   
2.5658E-04   -1.2898E-02   
2.2074E-02   -4.3999E-05   
2.2379E-04   -1.2930E-02   
2.2091E-02   -3.7757E-05   
2.0104E-04   -1.2961E-02   
2.2113E-02   -3.2880E-05   
1.8887E-04   -1.2993E-02   
2.2141E-02   -2.9204E-05   
1.8900E-04   -1.3027E-02   
2.2176E-02   -2.6555E-05   
1.9544E-04   -1.3065E-02   
2.2219E-02   -2.4758E-05   
2.0369E-04   -1.3109E-02   
2.2272E-02   -2.3715E-05   
2.1231E-04   -1.3159E-02   
2.2335E-02   -2.3324E-05   
2.2166E-04   -1.3214E-02   
2.2409E-02   -2.3448E-05   
2.3185E-04   -1.3274E-02   
2.2495E-02   -2.3922E-05   
2.4217E-04   -1.3340E-02   
2.2592E-02   -2.4479E-05   
2.5251E-04   -1.3411E-02   
2.2701E-02   -2.5574E-05   
2.6304E-04   -1.3488E-02   
2.2823E-02   -2.6898E-05   
2.7354E-04   -1.3569E-02   
2.2956E-02   -2.8677E-05   
2.8711E-04   -1.3656E-02   
2.3105E-02   -3.0246E-05   
3.0303E-04   -1.3750E-02   
2.3268E-02   -3.1304E-05   
3.1245E-04   -1.3851E-02   
2.3445E-02   -3.2328E-05   
3.2188E-04   -1.3958E-02   
2.3639E-02   -3.3194E-05   
3.4602E-04   -1.4073E-02   
2.3850E-02   -3.3345E-05   
3.6015E-04   -1.4198E-02   
2.4071E-02   -3.2107E-05   
3.6226E-04   -1.4329E-02   
2.4303E-02   -3.3057E-05   
3.7492E-04   -1.4465E-02   
2.4554E-02   -3.2661E-05   
3.9458E-04   -1.4608E-02   
1.9484E-02   -3.0332E-03   
2.0963E-02   -1.5521E-03   
2.1408E-02   -1.0956E-03   
1.8770E-02   -3.8868E-03   
2.1945E-02   -2.5106E-04   
1.1935E-02   -4.9324E-03   
2.0268E-02   -2.2111E-03   
2.1855E-02   -4.8041E-04   
1.6760E-02   -4.9770E-03   
1.8194E-02   -4.6603E-03   
1.7926E-02   -4.8548E-03   
2.0703E-02   -1.8018E-03   
1.9817E-02   -2.6779E-03   
2.1667E-02   -7.8176E-04   
2.1737E-02   -6.8080E-04   
1.9974E-02   -2.5145E-03   
2.0561E-02   -1.9321E-03   
2.1502E-02   -9.8882E-04   
2.1306E-02   -1.2050E-03   
1.8954E-02   -3.6532E-03   
1.8395E-02   -4.3978E-03   
7.9858E-03   -5.1975E-03   
1.9134E-02   -3.4337E-03   
2.0122E-02   -2.3616E-03   
2.0414E-02   -2.0678E-03   
2.1589E-02   -8.8432E-04   
2.1800E-02   -5.8060E-04   
1.9311E-02   -3.2275E-03   
2.1084E-02   -1.4330E-03   
1.7514E-02   -4.9188E-03   
1.8584E-02   -4.1350E-03   
2.1198E-02   -1.3174E-03   
2.1903E-02   -3.7670E-04   
1.4863E-02   -4.7741E-03   
2.0836E-02   -1.6754E-03   
1.9653E-02   -2.8505E-03   
3.7634E-03   -6.3749E-03   
6.3522E-03   -8.1461E-03   
5.4712E-03   -9.3213E-03   
4.4843E-03   -1.0278E-02   
3.5137E-03   -1.1012E-02   
2.7059E-03   -1.1554E-02   
2.0646E-03   -1.1950E-02   
1.5706E-03   -1.2234E-02   
2.1988E-02   -1.1410E-04   
1.2017E-03   -1.2436E-02   
9.3446E-04   -1.2580E-02   
2.1999E-02   -1.5617E-04   
7.4526E-04   -1.2682E-02   
2.2013E-02   -1.3390E-04   
6.1286E-04   -1.2755E-02   
2.2025E-02   -1.1236E-04   
5.2339E-04   -1.2811E-02   
2.2038E-02   -9.5172E-05   
4.5956E-04   -1.2859E-02   
2.2052E-02   -8.1504E-05   
4.1497E-04   -1.2901E-02   
2.2071E-02   -7.0611E-05   
3.8893E-04   -1.2941E-02   
2.2095E-02   -6.2227E-05   
3.8006E-04   -1.2984E-02   
2.2126E-02   -5.6104E-05   
3.8762E-04   -1.3027E-02   
2.2165E-02   -5.1873E-05   
4.0084E-04   -1.3072E-02   
2.2214E-02   -4.9065E-05   
4.1579E-04   -1.3121E-02   
2.2272E-02   -4.7713E-05   
4.3326E-04   -1.3173E-02   
2.2341E-02   -4.7667E-05   
4.5290E-04   -1.3231E-02   
2.2421E-02   -4.8529E-05   
4.7364E-04   -1.3295E-02   
2.2515E-02   -4.9320E-05   
4.9460E-04   -1.3364E-02   
2.2619E-02   -4.9855E-05   
5.1555E-04   -1.3438E-02   
2.2730E-02   -5.3075E-05   
5.3380E-04   -1.3516E-02   
2.2854E-02   -5.5604E-05   
5.4827E-04   -1.3599E-02   
2.2991E-02   -6.0453E-05   
5.8559E-04   -1.3684E-02   
2.3147E-02   -6.2596E-05   
6.2014E-04   -1.3780E-02   
2.3319E-02   -6.4220E-05   
6.2370E-04   -1.3885E-02   
2.3504E-02   -6.6384E-05   
6.5493E-04   -1.3989E-02   
2.3714E-02   -6.7638E-05   
7.4915E-04   -1.4107E-02   
2.3942E-02   -6.6544E-05   
7.2206E-04   -1.4247E-02   
2.4156E-02   -6.0942E-05   
7.3362E-04   -1.4377E-02   
2.4381E-02   -7.2335E-05   
7.6747E-04   -1.4512E-02   
2.4821E-02   -3.4025E-05   
2.0229E-02   -2.0374E-03   
2.0392E-02   -1.8956E-03   
1.9772E-02   -2.5014E-03   
2.0550E-02   -1.7661E-03   
1.9600E-02   -2.6680E-03   
1.7863E-02   -4.7567E-03   
1.8072E-02   -4.4759E-03   
1.8273E-02   -4.1989E-03   
1.8472E-02   -3.9372E-03   
1.8669E-02   -3.6908E-03   
1.7564E-02   -4.9812E-03   
1.8862E-02   -3.4593E-03   
1.9422E-02   -2.8471E-03   
2.0697E-02   -1.6403E-03   
1.9052E-02   -3.2420E-03   
1.9239E-02   -3.0383E-03   
1.6877E-02   -5.1828E-03   
2.0837E-02   -1.5168E-03   
2.1620E-02   -7.6284E-04   
2.1701E-02   -6.6711E-04   
2.1771E-02   -5.7401E-04   
2.1531E-02   -8.6092E-04   
1.5456E-02   -5.5658E-03   
2.0970E-02   -1.3974E-03   
2.1434E-02   -9.6139E-04   
2.1216E-02   -1.1716E-03   
2.1096E-02   -1.2825E-03   
2.1329E-02   -1.0649E-03   
1.2657E-02   -5.8152E-03   
1.0165E-02   -6.0141E-03   
2.1834E-02   -4.8150E-04   
2.1889E-02   -3.8710E-04   
2.1939E-02   -2.8965E-04   
7.1484E-03   -6.9254E-03   
7.8477E-03   -9.0669E-03   
6.2559E-03   -9.9354E-03   
4.9668E-03   -1.0624E-02   
3.9144E-03   -1.1161E-02   
3.0536E-03   -1.1583E-02   
2.3629E-03   -1.1912E-02   
2.1980E-02   -1.8646E-04   
1.8252E-03   -1.2168E-02   
1.4190E-03   -1.2365E-02   
2.1960E-02   -2.2556E-04   
1.1207E-03   -1.2515E-02   
2.1974E-02   -1.8428E-04   
9.0949E-04   -1.2632E-02   
2.1985E-02   -1.5526E-04   
7.6394E-04   -1.2723E-02   
2.1997E-02   -1.3256E-04   
6.6706E-04   -1.2797E-02   
2.2012E-02   -1.1470E-04   
6.1387E-04   -1.2858E-02   
2.2032E-02   -1.0030E-04   
5.9946E-04   -1.2911E-02   
2.2059E-02   -8.9745E-05   
5.9260E-04   -1.2969E-02   
2.2093E-02   -8.2642E-05   
5.9686E-04   -1.3025E-02   
2.2136E-02   -7.7499E-05   
6.1351E-04   -1.3075E-02   
2.2191E-02   -7.4205E-05   
6.3467E-04   -1.3127E-02   
2.2254E-02   -7.3617E-05   
6.6205E-04   -1.3182E-02   
2.2329E-02   -7.4838E-05   
6.9509E-04   -1.3242E-02   
2.2418E-02   -7.6156E-05   
7.2761E-04   -1.3309E-02   
2.2525E-02   -7.6575E-05   
7.5896E-04   -1.3380E-02   
2.2632E-02   -7.4194E-05   
7.8700E-04   -1.3458E-02   
2.2729E-02   -8.6373E-05   
8.0051E-04   -1.3541E-02   
7.9024E-04   -1.3618E-02   
9.3806E-04   -1.3813E-02   
2.3344E-02   -1.0004E-04   
1.0585E-03   -1.4167E-02   
1.1005E-03   -1.4404E-02   
2.3781E-02   -1.0470E-04   
2.5117E-02   -3.5582E-05   
2.1803E-02   -4.8222E-04   
2.1865E-02   -3.9517E-04   
2.1922E-02   -3.0549E-04   
1.9901E-02   -2.2052E-03   
1.9744E-02   -2.3327E-03   
1.7474E-02   -4.8793E-03   
1.6869E-02   -5.2539E-03   
1.8378E-02   -3.7409E-03   
1.7735E-02   -4.5653E-03   
1.8585E-02   -3.4970E-03   
1.7955E-02   -4.2738E-03   
1.9564E-02   -2.4914E-03   
2.0553E-02   -1.6141E-03   
1.8169E-02   -4.0000E-03   
2.1565E-02   -7.4412E-04   
2.1465E-02   -8.3903E-04   
1.8788E-02   -3.2681E-03   
1.8988E-02   -3.0537E-03   
2.1117E-02   -1.1429E-03   
2.1240E-02   -1.0378E-03   
2.1657E-02   -6.5127E-04   
1.5317E-02   -5.8487E-03   
2.1735E-02   -5.6557E-04   
1.9377E-02   -2.6658E-03   
2.0985E-02   -1.2532E-03   
1.9185E-02   -2.8533E-03   
2.1357E-02   -9.3672E-04   
2.0703E-02   -1.4891E-03   
2.0848E-02   -1.3688E-03   
9.3098E-03   -8.5987E-03   
7.6798E-03   -9.3978E-03   
6.3232E-03   -1.0029E-02   
5.1459E-03   -1.0562E-02   
4.1354E-03   -1.1020E-02   
3.2915E-03   -1.1411E-02   
2.6070E-03   -1.1740E-02   
2.0669E-03   -1.2012E-02   
2.1964E-02   -2.3171E-04   
2.1910E-02   -2.6777E-04   
1.6547E-03   -1.2235E-02   
2.1918E-02   -2.2676E-04   
1.3472E-03   -1.2416E-02   
2.1927E-02   -1.9242E-04   
1.1235E-03   -1.2565E-02   
2.1937E-02   -1.6620E-04   
9.7123E-04   -1.2686E-02   
2.1953E-02   -1.4570E-04   
8.8835E-04   -1.2780E-02   
2.1978E-02   -1.2812E-04   
9.0118E-04   -1.2844E-02   
2.2005E-02   -1.1796E-04   
8.4087E-04   -1.2938E-02   
2.2040E-02   -1.1079E-04   
8.2777E-04   -1.3007E-02   
2.2092E-02   -1.0474E-04   
8.3417E-04   -1.3072E-02   
2.2153E-02   -1.0129E-04   
9.0132E-04   -1.3184E-02   
1.0632E-03   -1.3575E-02   
2.2297E-02   -1.0639E-04   
9.5427E-04   -1.3245E-02   
9.9562E-04   -1.3315E-02   
1.0740E-03   -1.3478E-02   
2.2872E-02   -8.3350E-05   
2.3188E-02   -9.3154E-05   
2.3356E-02   -1.4201E-04   
2.2404E-02   -1.0815E-04   
1.4592E-03   -1.4291E-02   
2.3579E-02   -1.4489E-04   
1.1045E-03   -1.4070E-02   
2.2650E-02   -1.2373E-04   
1.2922E-03   -1.3739E-02   
2.1893E-02   -3.2184E-04   
2.1826E-02   -4.0864E-04   
2.1766E-02   -4.8523E-04   
2.0262E-02   -1.7117E-03   
2.0225E-02   -1.8636E-03   
2.0402E-02   -1.5954E-03   
1.9555E-02   -2.3198E-03   
2.1603E-02   -6.3671E-04   
1.7334E-02   -4.6741E-03   
2.1697E-02   -5.4766E-04   
1.6764E-02   -5.1345E-03   
1.5331E-02   -5.9061E-03   
1.7622E-02   -4.3547E-03   
1.8302E-02   -3.5467E-03   
1.8084E-02   -3.8029E-03   
1.9352E-02   -2.4894E-03   
1.7862E-02   -4.0705E-03   
1.8519E-02   -3.3057E-03   
2.0562E-02   -1.4692E-03   
2.1144E-02   -1.0148E-03   
2.1500E-02   -7.2774E-04   
1.8732E-02   -3.0800E-03   
2.1271E-02   -9.1537E-04   
2.1390E-02   -8.2009E-04   
2.1009E-02   -1.1197E-03   
1.8942E-02   -2.8693E-03   
1.9149E-02   -2.6728E-03   
2.0866E-02   -1.2305E-03   
2.0717E-02   -1.3473E-03   
1.1253E-02   -7.4024E-03   
1.0348E-02   -8.1495E-03   
8.9705E-03   -8.7201E-03   
7.6615E-03   -9.2734E-03   
6.4527E-03   -9.7984E-03   
5.3691E-03   -1.0290E-02   
4.4232E-03   -1.0740E-02   
3.6180E-03   -1.1142E-02   
2.9566E-03   -1.1495E-02   
2.1832E-02   -3.1788E-04   
2.4267E-03   -1.1798E-02   
2.1845E-02   -2.6228E-04   
2.0145E-03   -1.2055E-02   
1.6924E-03   -1.2278E-02   
2.1852E-02   -2.2594E-04   
2.1860E-02   -1.9866E-04   
1.4290E-03   -1.2477E-02   
2.1870E-02   -1.7827E-04   
1.1740E-03   -1.2779E-02   
2.1918E-02   -1.5360E-04   
1.1455E-03   -1.2858E-02   
2.2037E-02   -1.3449E-04   
2.1974E-02   -1.4134E-04   
1.1214E-03   -1.2957E-02   
1.1920E-03   -1.3160E-02   
8.5467E-04   -1.3130E-02   
1.2320E-03   -1.3239E-02   
1.2866E-03   -1.3316E-02   
1.3637E-03   -1.4094E-02   
1.3406E-03   -1.3987E-02   
1.3481E-03   -1.3400E-02   
2.2250E-02   -1.4421E-04   
2.2796E-02   -1.1401E-04   
2.2500E-02   -1.5453E-04   
2.3131E-02   -1.3511E-04   
2.2369E-02   -1.4684E-04   
2.2217E-02   -1.0356E-04   
1.4238E-03   -1.3496E-02   
1.2457E-03   -1.3874E-02   
1.3478E-03   -1.3619E-02   
2.3815E-02   -1.4649E-04   
1.3896E-03   -1.4417E-02   
1.3213E-03   -1.4196E-02   
2.3363E-02   -1.8855E-04   
2.0059E-02   -1.7915E-03   
2.1847E-02   -3.4788E-04   
2.1643E-02   -5.3866E-04   
1.7241E-02   -4.4462E-03   
2.1537E-02   -6.2795E-04   
1.6705E-02   -4.8685E-03   
1.3476E-02   -6.7207E-03   
1.9345E-02   -2.3148E-03   
1.8017E-02   -3.6078E-03   
1.7784E-02   -3.8737E-03   
1.7544E-02   -4.1478E-03   
2.0411E-02   -1.4633E-03   
1.8245E-02   -3.3549E-03   
2.1177E-02   -8.9776E-04   
1.8471E-02   -3.1173E-03   
2.1306E-02   -8.0440E-04   
2.1426E-02   -7.1509E-04   
2.1039E-02   -9.9693E-04   
1.8694E-02   -2.8956E-03   
1.9130E-02   -2.4962E-03   
2.0578E-02   -1.3346E-03   
2.0893E-02   -1.1025E-03   
1.8915E-02   -2.6891E-03   
2.0739E-02   -1.2151E-03   
1.2777E-02   -6.9389E-03   
1.1585E-02   -7.3706E-03   
1.9802E-02   -1.9736E-03   
1.0327E-02   -7.8708E-03   
1.9568E-02   -2.1415E-03   
9.0709E-03   -8.3899E-03   
7.8845E-03   -8.9083E-03   
6.7818E-03   -9.4163E-03   
5.7737E-03   -9.9046E-03   
4.8868E-03   -1.0368E-02   
4.1233E-03   -1.0790E-02   
1.7493E-03   -1.2494E-02   
2.1757E-02   -3.3679E-04   
3.4896E-03   -1.1165E-02   
2.9698E-03   -1.1500E-02   
2.1761E-02   -2.9332E-04   
2.5217E-03   -1.1818E-02   
2.1762E-02   -2.5954E-04   
2.1764E-02   -2.3469E-04   
1.2599E-03   -1.2623E-02   
2.1838E-02   -1.8465E-04   
1.6371E-03   -1.2669E-02   
1.3521E-03   -1.3025E-02   
2.2680E-02   -1.6092E-04   
2.2309E-02   -1.9307E-04   
2.1978E-02   -1.6953E-04   
1.5659E-03   -1.3201E-02   
2.1896E-02   -1.7530E-04   
1.6358E-03   -1.3288E-02   
1.0864E-03   -1.3054E-02   
1.6446E-03   -1.4137E-02   
1.6863E-03   -1.3379E-02   
2.2899E-02   -1.5297E-04   
1.6560E-03   -1.3660E-02   
1.6169E-03   -1.3777E-02   
2.2137E-02   -1.4386E-04   
1.6838E-03   -1.4005E-02   
1.5255E-03   -1.3112E-02   
2.2190E-02   -1.8774E-04   
2.3594E-02   -1.9060E-04   
2.3150E-02   -1.8353E-04   
2.1666E-02   -4.6219E-04   
2.1567E-02   -5.4361E-04   
2.1758E-02   -4.3196E-04   
1.5691E-02   -5.2462E-03   
1.7233E-02   -4.2313E-03   
2.0245E-02   -1.4660E-03   
1.7720E-02   -3.6818E-03   
2.1458E-02   -6.2450E-04   
1.7462E-02   -3.9636E-03   
1.7967E-02   -3.4153E-03   
1.1946E-02   -7.3474E-03   
1.8206E-02   -3.1657E-03   
1.9130E-02   -2.3233E-03   
2.1076E-02   -8.8477E-04   
2.1341E-02   -7.0733E-04   
2.1214E-02   -7.9344E-04   
2.0428E-02   -1.3311E-03   
1.8443E-02   -2.9325E-03   
2.0926E-02   -9.8471E-04   
1.8675E-02   -2.7154E-03   
1.8905E-02   -2.5131E-03   
2.0602E-02   -1.2071E-03   
2.0768E-02   -1.0922E-03   
1.9361E-02   -2.1415E-03   
1.4003E-02   -6.1128E-03   
1.2890E-02   -6.5109E-03   
1.1667E-02   -6.9813E-03   
1.5252E-02   -5.7347E-03   
1.0519E-02   -7.4526E-03   
1.9596E-02   -1.9658E-03   
1.9832E-02   -1.7928E-03   
9.4103E-03   -7.9318E-03   
2.1739E-02   -3.8928E-04   
2.0051E-02   -1.6238E-03   
8.3387E-03   -8.4210E-03   
7.3387E-03   -8.9228E-03   
5.5844E-03   -9.8837E-03   
2.1670E-02   -3.6524E-04   
4.8739E-03   -1.0318E-02   
4.2844E-03   -1.0713E-02   
2.1659E-02   -3.2891E-04   
2.1654E-02   -2.9653E-04   
2.5801E-03   -1.1914E-02   
1.5639E-03   -1.2827E-02   
2.1737E-02   -2.2288E-04   
2.2084E-02   -1.8513E-04   
1.9982E-03   -1.3092E-02   
2.0142E-03   -1.2190E-02   
2.2437E-02   -2.0255E-04   
2.6543E-03   -1.1997E-02   
2.2110E-02   -2.3802E-04   
1.5513E-03   -1.3015E-02   
1.9667E-03   -1.3698E-02   
1.9310E-03   -1.2998E-02   
1.7748E-03   -1.3444E-02   
2.1995E-02   -1.8791E-04   
2.2974E-02   -1.8039E-04   
2.1794E-02   -2.1792E-04   
1.7084E-03   -1.3544E-02   
1.6339E-03   -1.3890E-02   
2.3131E-02   -2.3570E-04   
2.3812E-02   -1.8917E-04   
1.7190E-03   -1.4370E-02   
2.1017E-03   -1.4023E-02   
2.2842E-02   -1.3090E-04   
2.1483E-02   -5.5009E-04   
1.7034E-02   -4.1204E-03   
1.9148E-02   -2.1545E-03   
1.7394E-02   -3.7749E-03   
1.7674E-02   -3.4891E-03   
2.1371E-02   -6.2700E-04   
1.7935E-02   -3.2255E-03   
2.0268E-02   -1.3363E-03   
2.1118E-02   -7.8448E-04   
2.1252E-02   -7.0378E-04   
1.8187E-02   -2.9801E-03   
2.0967E-02   -8.7711E-04   
1.8911E-02   -2.3418E-03   
1.8433E-02   -2.7520E-03   
2.0456E-02   -1.2073E-03   
1.8675E-02   -2.5399E-03   
2.0806E-02   -9.7867E-04   
2.0635E-02   -1.0888E-03   
1.5226E-02   -5.2755E-03   
1.3872E-02   -5.7839E-03   
2.1672E-02   -4.0727E-04   
1.2907E-02   -6.1360E-03   
1.9855E-02   -1.6346E-03   
1.9388E-02   -1.9741E-03   
2.0069E-02   -1.4787E-03   
1.1944E-02   -6.5034E-03   
1.0955E-02   -6.9085E-03   
1.9625E-02   -1.8009E-03   
9.9978E-03   -7.3550E-03   
9.0636E-03   -7.8142E-03   
8.1776E-03   -8.2852E-03   
2.1651E-02   -2.7293E-04   
7.3796E-03   -8.7430E-03   
3.7248E-03   -1.1119E-02   
6.7268E-03   -9.1458E-03   
2.1546E-02   -4.1337E-04   
2.1911E-02   -2.2864E-04   
2.1538E-02   -3.6872E-04   
2.5124E-03   -1.2191E-02   
1.9439E-03   -1.2752E-02   
2.1691E-02   -2.3393E-04   
3.0159E-03   -1.1697E-02   
2.1848E-02   -2.2260E-04   
2.6025E-03   -1.2657E-02   
2.1047E-03   -1.3411E-02   
1.9549E-03   -1.2865E-02   
2.0072E-03   -1.3335E-02   
2.1613E-02   -2.7060E-04   
2.2747E-02   -2.1105E-04   
2.3764E-03   -1.3578E-02   
2.2933E-02   -2.2747E-04   
1.9030E-03   -1.3801E-02   
2.3096E-02   -2.9501E-04   
2.1528E-03   -1.4295E-02   
2.3628E-02   -2.4384E-04   
2.4045E-02   -1.5691E-04   
2.4030E-03   -1.4112E-02   
2.2539E-02   -2.2131E-04   
2.1505E-02   -4.8555E-04   
1.6694E-02   -4.5734E-03   
1.7039E-02   -3.8736E-03   
1.7361E-02   -3.5732E-03   
1.8933E-02   -2.1765E-03   
1.7648E-02   -3.2974E-03   
2.1290E-02   -6.3367E-04   
2.1171E-02   -6.9264E-04   
1.7922E-02   -3.0395E-03   
1.5349E-02   -4.9701E-03   
2.1017E-02   -7.7760E-04   
2.0301E-02   -1.2140E-03   
1.8186E-02   -2.7990E-03   
1.8690E-02   -2.3699E-03   
2.0851E-02   -8.7380E-04   
1.8442E-02   -2.5765E-03   
2.0493E-02   -1.0912E-03   
2.0677E-02   -9.7815E-04   
1.4798E-02   -5.0973E-03   
1.9178E-02   -1.9920E-03   
1.9885E-02   -1.4925E-03   
2.0099E-02   -1.3477E-03   
1.4095E-02   -5.2966E-03   
1.9659E-02   -1.6494E-03   
1.3259E-02   -5.5860E-03   
1.2456E-02   -5.9182E-03   
1.9422E-02   -1.8161E-03   
2.1597E-02   -4.2816E-04   
1.0080E-02   -7.0501E-03   
1.1642E-02   -6.2680E-03   
2.1528E-02   -3.3852E-04   
1.0846E-02   -6.6479E-03   
2.1758E-02   -2.2336E-04   
4.4745E-03   -1.0712E-02   
6.2180E-03   -9.4835E-03   
4.2888E-03   -1.0901E-02   
9.4283E-03   -7.4180E-03   
2.1415E-02   -4.4841E-04   
2.1665E-02   -2.7074E-04   
2.1567E-02   -2.7792E-04   
3.7738E-03   -1.1322E-02   
2.8427E-03   -1.2384E-02   
2.5043E-03   -1.3116E-02   
2.2891E-02   -2.8701E-04   
2.1723E-02   -2.7615E-04   
2.9974E-03   -1.2146E-02   
2.2341E-02   -2.5903E-04   
2.5094E-03   -1.3384E-02   
2.2474E-02   -2.8020E-04   
2.2887E-03   -1.3745E-02   
2.4961E-03   -1.2311E-02   
2.3325E-02   -3.0145E-04   
2.2001E-02   -2.3294E-04   
2.4313E-02   -1.2225E-04   
2.6234E-03   -1.3938E-02   
1.6067E-02   -4.4398E-03   
2.1388E-02   -5.6277E-04   
1.7014E-02   -3.6699E-03   
1.7348E-02   -3.3769E-03   
1.7647E-02   -3.1091E-03   
1.8719E-02   -2.2067E-03   
2.1258E-02   -5.9379E-04   
1.6644E-02   -4.1744E-03   
2.1079E-02   -6.8272E-04   
1.8969E-02   -2.0178E-03   
1.7932E-02   -2.8571E-03   
2.0905E-02   -7.7685E-04   
1.8207E-02   -2.6218E-03   
1.8468E-02   -2.4061E-03   
2.0343E-02   -1.0990E-03   
2.0726E-02   -8.7520E-04   
2.0539E-02   -9.8176E-04   
1.5798E-02   -4.3547E-03   
1.9698E-02   -1.5104E-03   
2.0139E-02   -1.2261E-03   
1.9924E-02   -1.3630E-03   
2.1663E-02   -2.5033E-04   
1.5006E-02   -4.5985E-03   
1.9217E-02   -1.8385E-03   
1.4419E-02   -4.7908E-03   
1.9461E-02   -1.6692E-03   
2.1402E-02   -4.1260E-04   
1.2516E-02   -5.5470E-03   
1.3791E-02   -5.0003E-03   
1.1927E-02   -5.8440E-03   
1.3154E-02   -5.2543E-03   
6.5471E-03   -9.4335E-03   
2.1405E-02   -5.0098E-04   
2.1519E-02   -3.1831E-04   
8.8980E-03   -7.7405E-03   
2.1921E-02   -1.5185E-04   
4.8695E-03   -1.0812E-02   
2.1531E-02   -2.9197E-04   
2.1895E-02   -2.8988E-04   
2.1798E-02   -2.8287E-04   
2.1520E-02   -3.3092E-04   
2.1468E-02   -3.2770E-04   
2.2199E-02   -3.2436E-04   
2.1423E-02   -3.3076E-04   
3.1233E-03   -1.1974E-02   
4.3128E-03   -1.1484E-02   
5.9155E-03   -9.7355E-03   
6.6301E-03   -9.2971E-03   
3.2222E-03   -1.2553E-02   
2.2488E-02   -3.3281E-04   
2.7299E-03   -1.3130E-02   
4.0028E-03   -1.1281E-02   
2.3052E-02   -3.6112E-04   
2.4154E-03   -1.3855E-02   
2.4652E-02   -6.2097E-05   
2.9798E-03   -1.3290E-02   
2.4270E-02   -1.7090E-04   
2.2839E-02   -3.5329E-04   
2.2229E-02   -2.4437E-04   
2.7815E-03   -1.3527E-02   
1.6586E-02   -4.0224E-03   
1.7024E-02   -3.4664E-03   
1.7366E-02   -3.1869E-03   
1.8761E-02   -2.0511E-03   
2.1145E-02   -5.8886E-04   
1.7667E-02   -2.9262E-03   
1.8507E-02   -2.2430E-03   
2.0962E-02   -6.8903E-04   
1.7964E-02   -2.6775E-03   
1.8244E-02   -2.4499E-03   
2.0785E-02   -7.8019E-04   
1.9745E-02   -1.3832E-03   
2.0390E-02   -9.9120E-04   
2.0593E-02   -8.7910E-04   
2.0183E-02   -1.1144E-03   
1.6040E-02   -4.0252E-03   
1.9969E-02   -1.2442E-03   
2.1302E-02   -5.2263E-04   
1.9013E-02   -1.8683E-03   
1.9508E-02   -1.5337E-03   
1.5778E-02   -4.0277E-03   
1.9263E-02   -1.6956E-03   
1.5358E-02   -4.0956E-03   
1.3972E-02   -4.5823E-03   
1.4438E-02   -4.3879E-03   
2.1274E-02   -4.9356E-04   
1.4905E-02   -4.2218E-03   
2.1384E-02   -3.8687E-04   
2.1790E-02   -2.0002E-04   
1.1374E-02   -6.1548E-03   
2.1388E-02   -3.4056E-04   
2.1306E-02   -3.9383E-04   
6.9090E-03   -9.0803E-03   
2.1492E-02   -3.1484E-04   
2.1261E-02   -3.9316E-04   
2.1356E-02   -4.0120E-04   
6.5561E-03   -9.7145E-03   
2.2016E-02   -2.9496E-04   
2.1663E-02   -3.4837E-04   
8.5830E-03   -7.9675E-03   
2.1934E-02   -3.6370E-04   
3.7139E-03   -1.2454E-02   
2.9046E-03   -1.2593E-02   
6.7872E-03   -9.6468E-03   
7.0111E-03   -9.2602E-03   
2.2777E-02   -4.2672E-04   
2.3274E-02   -3.6895E-04   
3.4413E-03   -1.2862E-02   
2.7519E-03   -1.3675E-02   
2.4500E-02   -1.3923E-04   
3.3938E-03   -1.3164E-02   
1.6582E-02   -3.8070E-03   
1.7099E-02   -3.2689E-03   
1.8557E-02   -2.0898E-03   
1.7382E-02   -3.0135E-03   
2.1000E-02   -6.2522E-04   
1.8812E-02   -1.9047E-03   
1.7705E-02   -2.7472E-03   
1.8293E-02   -2.2875E-03   
2.0847E-02   -6.9656E-04   
1.9797E-02   -1.2676E-03   
1.8009E-02   -2.5057E-03   
1.9562E-02   -1.4094E-03   
1.6630E-02   -3.5692E-03   
2.0665E-02   -7.8505E-04   
2.0230E-02   -1.0153E-03   
2.0018E-02   -1.1373E-03   
1.6352E-02   -3.5364E-03   
1.9316E-02   -1.5636E-03   
1.9065E-02   -1.7290E-03   
2.1248E-02   -4.6328E-04   
2.1366E-02   -3.5562E-04   
1.5437E-02   -3.7035E-03   
1.6046E-02   -3.5679E-03   
9.1226E-03   -7.6108E-03   
1.5745E-02   -3.6224E-03   
2.1367E-02   -3.7072E-04   
1.3501E-02   -4.8125E-03   
9.1972E-03   -7.8898E-03   
2.1083E-02   -4.6540E-04   
1.0822E-02   -6.5056E-03   
2.1125E-02   -4.7076E-04   
2.1225E-02   -3.9942E-04   
2.1418E-02   -4.1393E-04   
8.1083E-03   -8.5673E-03   
4.3413E-03   -1.2618E-02   
7.4002E-03   -9.4090E-03   
2.2017E-02   -4.0249E-04   
2.1774E-02   -3.5738E-04   
2.3221E-02   -4.3941E-04   
9.1823E-03   -7.7174E-03   
3.3062E-03   -1.3343E-02   
2.2568E-02   -4.1810E-04   
2.3547E-02   -3.1246E-04   
5.3412E-03   -1.1431E-02   
5.3292E-03   -1.0987E-02   
5.3110E-03   -1.1197E-02   
2.2705E-02   -5.0834E-04   
2.1113E-02   -5.4752E-04   
1.8614E-02   -1.9469E-03   
1.8350E-02   -2.1362E-03   
1.7004E-02   -3.1603E-03   
2.0572E-02   -7.8674E-04   
2.1198E-02   -4.2708E-04   
1.7419E-02   -2.8370E-03   
1.9622E-02   -1.2965E-03   
2.0923E-02   -6.1535E-04   
1.9854E-02   -1.1638E-03   
2.0734E-02   -7.0834E-04   
1.7754E-02   -2.5763E-03   
1.9376E-02   -1.4425E-03   
1.8869E-02   -1.7689E-03   
1.9124E-02   -1.6006E-03   
1.6731E-02   -3.1796E-03   
2.0259E-02   -9.4508E-04   
2.0072E-02   -1.0438E-03   
1.6351E-02   -3.1714E-03   
1.6536E-02   -3.1708E-03   
1.2897E-02   -5.1574E-03   
1.5118E-02   -3.8180E-03   
2.1221E-02   -4.4178E-04   
1.1783E-02   -5.9696E-03   
2.1198E-02   -4.1258E-04   
2.0891E-02   -5.4798E-04   
1.0235E-02   -7.0651E-03   
2.1046E-02   -4.6780E-04   
2.1171E-02   -4.8388E-04   
2.2355E-02   -4.0792E-04   
2.1504E-02   -4.2768E-04   
9.9745E-03   -7.5162E-03   
1.1792E-02   -5.8564E-03   
8.8579E-03   -7.8176E-03   
2.2271E-02   -3.6273E-04   
2.1754E-02   -4.5865E-04   
8.3200E-03   -8.8852E-03   
4.1001E-03   -1.3007E-02   
6.2496E-03   -1.1100E-02   
1.1407E-02   -6.3043E-03   
2.2642E-02   -3.4382E-04   
2.2943E-02   -5.0847E-04   
2.3495E-02   -3.7656E-04   
2.3786E-02   -2.7018E-04   
7.8249E-03   -9.3710E-03   
7.8589E-03   -9.6846E-03   
2.0611E-02   -7.3092E-04   
1.8128E-02   -2.1978E-03   
1.8406E-02   -2.0005E-03   
2.1035E-02   -5.0588E-04   
2.0150E-02   -9.5429E-04   
1.9923E-02   -1.0695E-03   
2.0773E-02   -6.5786E-04   
1.8672E-02   -1.8165E-03   
1.9690E-02   -1.1946E-03   
1.9445E-02   -1.3322E-03   
1.7827E-02   -2.4127E-03   
1.9191E-02   -1.4827E-03   
1.8932E-02   -1.6442E-03   
1.7148E-02   -2.9331E-03   
1.7048E-02   -2.8829E-03   
1.6926E-02   -2.8456E-03   
1.6165E-02   -3.1934E-03   
1.4733E-02   -4.0011E-03   
1.7460E-02   -2.6640E-03   
2.1074E-02   -5.2253E-04   
2.0822E-02   -5.5221E-04   
2.0395E-02   -8.4124E-04   
2.0852E-02   -5.4642E-04   
1.2637E-02   -5.3474E-03   
1.1716E-02   -5.8914E-03   
1.0866E-02   -7.1296E-03   
2.0931E-02   -5.5737E-04   
1.4200E-02   -4.3143E-03   
2.0978E-02   -5.0383E-04   
1.2748E-02   -5.5113E-03   
2.1217E-02   -5.0739E-04   
1.3512E-02   -4.8412E-03   
2.1864E-02   -4.7747E-04   
2.2123E-02   -4.8738E-04   
2.1626E-02   -4.4028E-04   
2.4017E-02   -2.6569E-04   
1.0727E-02   -7.5321E-03   
1.0725E-02   -7.3754E-03   
7.2213E-03   -1.0565E-02   
2.2656E-02   -5.9127E-04   
3.9578E-03   -1.3290E-02   
2.3157E-02   -5.1287E-04   
2.3769E-02   -3.2119E-04   
2.0697E-02   -6.6120E-04   
1.8177E-02   -2.0732E-03   
1.7886E-02   -2.2793E-03   
2.0006E-02   -9.8186E-04   
2.0890E-02   -5.8719E-04   
1.9768E-02   -1.1020E-03   
1.8462E-02   -1.8788E-03   
1.9524E-02   -1.2319E-03   
1.8738E-02   -1.6972E-03   
1.9268E-02   -1.3748E-03   
1.7334E-02   -2.6258E-03   
1.9004E-02   -1.5301E-03   
1.6821E-02   -2.8152E-03   
2.0480E-02   -7.5688E-04   
2.0613E-02   -6.3773E-04   
1.7628E-02   -2.4699E-03   
1.5671E-02   -3.3887E-03   
1.6715E-02   -2.8028E-03   
1.4561E-02   -4.0651E-03   
2.0244E-02   -8.6704E-04   
2.0654E-02   -6.3271E-04   
2.1843E-02   -5.4305E-04   
2.0827E-02   -5.8406E-04   
2.0695E-02   -6.3674E-04   
1.4506E-02   -4.1321E-03   
2.0963E-02   -5.7813E-04   
2.1312E-02   -5.2566E-04   
2.0793E-02   -5.6787E-04   
1.3471E-02   -5.5110E-03   
1.4189E-02   -4.4425E-03   
1.4912E-02   -4.1301E-03   
2.2081E-02   -4.4451E-04   
2.4058E-02   -3.2867E-04   
1.3631E-02   -5.2668E-03   
2.1460E-02   -5.3709E-04   
2.2015E-02   -5.6548E-04   
2.2351E-02   -6.9827E-04   
1.1197E-02   -7.3293E-03   
1.0044E-02   -8.3440E-03   
2.2336E-02   -6.0786E-04   
2.4222E-02   -2.1671E-04   
2.3449E-02   -4.4383E-04   
3.1295E-03   -1.3764E-02   
1.0575E-02   -7.2359E-03   
1.7915E-02   -2.1762E-03   
1.7612E-02   -2.3979E-03   
1.9858E-02   -1.0180E-03   
2.0586E-02   -6.7847E-04   
1.9612E-02   -1.1418E-03   
1.8527E-02   -1.7680E-03   
1.7267E-02   -2.5722E-03   
1.9354E-02   -1.2779E-03   
1.6586E-02   -2.8294E-03   
1.8814E-02   -1.5894E-03   
1.5246E-02   -3.6139E-03   
1.9087E-02   -1.4274E-03   
2.0100E-02   -9.0131E-04   
1.7219E-02   -2.5199E-03   
2.0396E-02   -7.3314E-04   
2.0755E-02   -5.9556E-04   
2.0337E-02   -7.9164E-04   
2.0587E-02   -6.4772E-04   
2.0483E-02   -7.1247E-04   
2.0738E-02   -6.4689E-04   
1.5721E-02   -3.9070E-03   
1.5601E-02   -3.4825E-03   
1.4911E-02   -4.2248E-03   
1.4953E-02   -4.0381E-03   
2.1487E-02   -6.4605E-04   
2.3365E-02   -5.1364E-04   
7.9588E-03   -1.0173E-02   
1.5912E-02   -3.2145E-03   
1.3411E-02   -5.2880E-03   
2.1304E-02   -6.3987E-04   
2.2212E-02   -5.6453E-04   
2.4293E-02   -2.5206E-04   
2.3744E-02   -4.4782E-04   
2.2385E-02   -7.7248E-04   
1.3307E-02   -6.0413E-03   
3.6204E-03   -1.3667E-02   
2.1128E-02   -6.3612E-04   
2.8091E-03   -1.3782E-02   
1.9711E-02   -1.0622E-03   
2.0579E-02   -6.6041E-04   
1.9958E-02   -9.4341E-04   
1.9454E-02   -1.1913E-03   
1.8607E-02   -1.6660E-03   
1.7606E-02   -2.3195E-03   
1.3617E-02   -4.6639E-03   
1.6380E-02   -2.9136E-03   
2.0201E-02   -8.3124E-04   
1.7181E-02   -2.4806E-03   
2.0361E-02   -7.4162E-04   
1.8224E-02   -1.9648E-03   
1.8904E-02   -1.4915E-03   
1.5871E-02   -3.6606E-03   
1.6280E-02   -3.2108E-03   
2.0481E-02   -7.3504E-04   
1.5992E-02   -3.3072E-03   
1.6103E-02   -3.0943E-03   
1.5954E-02   -3.2209E-03   
1.5420E-02   -3.6074E-03   
1.6500E-02   -3.1280E-03   
1.5321E-02   -4.2882E-03   
2.1678E-02   -6.5887E-04   
2.3046E-02   -6.0564E-04   
2.1140E-02   -7.5129E-04   
2.0089E-02   -8.6223E-04   
2.0783E-02   -7.5496E-04   
2.1909E-02   -6.7395E-04   
1.1527E-02   -7.6407E-03   
5.6296E-03   -1.1851E-02   
2.0966E-02   -7.4773E-04   
2.2484E-02   -5.0048E-04   
1.3790E-02   -5.8792E-03   
1.2995E-02   -6.1472E-03   
2.2712E-02   -7.3300E-04   
2.2044E-02   -8.2364E-04   
1.9821E-02   -9.9233E-04   
1.9574E-02   -1.1105E-03   
2.0337E-02   -7.5671E-04   
1.7093E-02   -2.4859E-03   
2.0408E-02   -7.4114E-04   
2.0066E-02   -8.7838E-04   
1.9303E-02   -1.2464E-03   
1.7621E-02   -2.2410E-03   
1.8707E-02   -1.5722E-03   
1.9011E-02   -1.4025E-03   
1.7314E-02   -2.5668E-03   
1.7081E-02   -2.6549E-03   
1.7950E-02   -2.0819E-03   
1.6676E-02   -2.7432E-03   
1.6921E-02   -2.5912E-03   
1.6852E-02   -2.6396E-03   
1.8289E-02   -1.8620E-03   
2.0564E-02   -7.4164E-04   
1.9845E-02   -9.8118E-04   
2.0631E-02   -8.6507E-04   
1.6625E-02   -2.8279E-03   
2.0542E-02   -8.0377E-04   
1.5270E-02   -4.5811E-03   
2.1313E-02   -7.6324E-04   
1.7105E-02   -3.0532E-03   
8.1007E-03   -9.6564E-03   
1.4496E-02   -5.4931E-03   
2.0212E-02   -8.6185E-04   
2.0795E-02   -8.6467E-04   
1.7462E-02   -2.6077E-03   
1.5665E-02   -4.4386E-03   
8.4708E-03   -1.0017E-02   
2.2097E-02   -8.9566E-04   
2.3065E-02   -6.9517E-04   
1.9710E-02   -1.0378E-03   
1.9932E-02   -9.3227E-04   
1.8382E-02   -1.7611E-03   
1.7265E-02   -2.3807E-03   
1.8825E-02   -1.4886E-03   
1.7424E-02   -2.3431E-03   
1.7674E-02   -2.1493E-03   
1.9886E-02   -9.8644E-04   
1.8016E-02   -1.9834E-03   
1.7573E-02   -2.1972E-03   
2.0797E-02   -6.5149E-04   
1.9141E-02   -1.3192E-03   
2.0156E-02   -8.3145E-04   
1.7621E-02   -2.2753E-03   
2.0457E-02   -9.8538E-04   
1.7833E-02   -2.2086E-03   
2.0493E-02   -8.7124E-04   
5.5940E-03   -1.1435E-02   
1.5565E-02   -4.8585E-03   
2.0957E-02   -8.7394E-04   
5.6047E-03   -1.2009E-02   
1.8301E-02   -2.1729E-03   
1.6828E-02   -3.4143E-03   
2.0234E-02   -8.9810E-04   
2.1487E-02   -7.8311E-04   
8.9226E-03   -9.7841E-03   
1.8148E-02   -2.3695E-03   
1.7215E-02   -3.3032E-03   
1.2396E-02   -7.1262E-03   
2.1733E-02   -9.6143E-04   
1.7575E-02   -2.4511E-03   
2.3446E-02   -6.5006E-04   
1.8502E-02   -1.6686E-03   
1.8012E-02   -2.0080E-03   
1.9477E-02   -1.1471E-03   
1.8146E-02   -1.8737E-03   
1.9570E-02   -1.1189E-03   
1.8027E-02   -2.1434E-03   
1.7308E-02   -2.3987E-03   
2.0760E-02   -1.0063E-03   
1.8944E-02   -1.4197E-03   
1.8184E-02   -1.9606E-03   
1.7956E-02   -1.9769E-03   
1.9908E-02   -1.0141E-03   
2.0607E-02   -9.9281E-04   
1.9773E-02   -1.0058E-03   
1.7560E-02   -2.2161E-03   
2.0236E-02   -9.4966E-04   
1.3154E-02   -5.8360E-03   
1.8177E-02   -2.1415E-03   
1.8087E-02   -2.5537E-03   
1.8148E-02   -2.6169E-03   
1.7510E-02   -3.2602E-03   
1.7745E-02   -3.3648E-03   
2.1787E-02   -1.0497E-03   
6.0293E-03   -1.2022E-02   
2.1274E-02   -9.1618E-04   
2.3760E-02   -5.3695E-04   
1.8624E-02   -1.5917E-03   
1.8292E-02   -1.7794E-03   
1.9284E-02   -1.2451E-03   
1.8471E-02   -1.7629E-03   
1.9583E-02   -1.1425E-03   
2.0268E-02   -9.9951E-04   
1.9927E-02   -1.0538E-03   
1.8359E-02   -1.9151E-03   
2.0412E-02   -1.1293E-03   
2.0266E-02   -1.1170E-03   
2.1397E-02   -1.0164E-03   
2.0916E-02   -1.0279E-03   
1.8846E-02   -2.2555E-03   
1.8695E-02   -2.1690E-03   
1.7825E-02   -2.0882E-03   
2.1631E-02   -8.2070E-04   
2.2416E-02   -8.3518E-04   
2.1333E-02   -1.2437E-03   
1.8283E-02   -2.8901E-03   
1.7136E-02   -3.9744E-03   
1.8752E-02   -2.4958E-03   
1.8688E-02   -1.8984E-03   
9.1023E-03   -9.9530E-03   
2.3807E-02   -6.0924E-04   
1.8407E-02   -1.7102E-03   
1.9589E-02   -1.0970E-03   
1.8056E-02   -1.9273E-03   
1.9022E-02   -1.3852E-03   
2.0018E-02   -1.2860E-03   
1.9242E-02   -1.2888E-03   
1.8733E-02   -1.5340E-03   
1.9598E-02   -1.1785E-03   
1.8629E-02   -1.7271E-03   
1.9935E-02   -1.1630E-03   
1.8803E-02   -1.6968E-03   
1.9935E-02   -1.2302E-03   
2.1704E-02   -8.8196E-04   
2.0568E-02   -1.1432E-03   
2.1085E-02   -1.0579E-03   
2.2651E-02   -8.4125E-04   
1.8732E-02   -2.0313E-03   
2.1419E-02   -9.3685E-04   
1.8815E-02   -1.9113E-03   
2.1070E-02   -1.1589E-03   
1.8354E-02   -1.7854E-03   
1.9022E-02   -1.6687E-03   
1.9083E-02   -2.2357E-03   
2.1010E-02   -1.2717E-03   
2.1724E-02   -1.1577E-03   
1.8629E-02   -2.2875E-03   
1.9085E-02   -2.4149E-03   
1.8427E-02   -3.0876E-03   
6.2627E-03   -1.2110E-02   
1.8495E-02   -1.6741E-03   
1.9027E-02   -1.5328E-03   
1.8885E-02   -1.4692E-03   
1.9285E-02   -1.3039E-03   
1.9117E-02   -1.8205E-03   
1.8850E-02   -1.5716E-03   
1.9641E-02   -1.3992E-03   
2.0271E-02   -1.2475E-03   
1.9262E-02   -2.5871E-03   
2.0727E-02   -1.3056E-03   
1.8046E-02   -1.9158E-03   
1.9152E-02   -1.7071E-03   
2.0707E-02   -1.1695E-03   
1.9637E-02   -1.2119E-03   
1.9593E-02   -1.3387E-03   
1.9349E-02   -2.0323E-03   
4.9592E-03   -1.3144E-02   
1.9324E-02   -2.2229E-03   
2.0915E-02   -1.3849E-03   
2.2011E-02   -1.0544E-03   
1.9950E-02   -1.0984E-03   
1.7799E-02   -2.0614E-03   
1.8686E-02   -1.6239E-03   
1.9201E-02   -1.5096E-03   
1.8980E-02   -1.4684E-03   
2.0355E-02   -1.2886E-03   
1.9401E-02   -1.3620E-03   
1.9355E-02   -1.5534E-03   
1.9031E-02   -1.4161E-03   
2.0591E-02   -1.5461E-03   
1.8746E-02   -1.5667E-03   
2.2326E-02   -9.9326E-04   
2.0624E-02   -1.4337E-03   
1.9135E-02   -2.0216E-03   
1.9362E-02   -1.4926E-03   
1.9626E-02   -2.3526E-03   
3.9687E-03   -1.3754E-02   
1.9702E-02   -1.2330E-03   
1.9494E-02   -1.7980E-03   
2.0006E-02   -1.3936E-03   
2.0076E-02   -1.4722E-03   
1.9642E-02   -1.8289E-03   
2.0623E-02   -1.6435E-03   
1.9403E-02   -1.6683E-03   
1.9582E-02   -2.2489E-03   
1.9686E-02   -2.4236E-03   
1.9905E-02   -1.6399E-03   
1.9428E-02   -1.7372E-03   
2.0015E-02   -2.3488E-03   
1.9802E-02   -1.8656E-03   
2.0818E-02   -1.2001E-03   
2.1073E-02   -1.5270E-03   
2.0215E-02   -1.7423E-03   
1.9707E-02   -1.5695E-03   
2.0332E-02   -1.4662E-03   
1.9538E-02   -2.0476E-03   
2.0209E-02   -1.8522E-03   
2.1500E-02   -1.3102E-03   
2.0496E-02   -2.1122E-03   
1.9907E-02   -1.9111E-03   
1.9722E-02   -1.6424E-03   
2.0101E-02   -2.0050E-03   
2.0413E-02   -1.9686E-03   
2.0917E-02   -1.7707E-03   
2.1167E-02   -1.5945E-03   
2.0692E-02   -1.9516E-03   
3.9134E-04   -1.4762E-02   
1.9975E-02   -2.1492E-03   
1.9298E-02   -2.6779E-03   
2.4546E-02   -2.4659E-04   
8.9232E-04   -1.3911E-02   
2.5430E-02   -3.2382E-05   
2.4172E-02   -5.6869E-04   
7.0852E-04   -1.4822E-02   
3.4833E-03   -1.3878E-02   
2.0570E-02   -2.1857E-03   
2.4758E-02   -1.2419E-04   
1.0822E-03   -1.4780E-02   
4.5255E-03   -1.3101E-02   
1.5345E-03   -1.4717E-02   
1.9943E-03   -1.4642E-02   
2.4498E-03   -1.4543E-02   
2.9217E-03   -1.4412E-02   
2.5737E-02   -2.8928E-05   
3.4018E-03   -1.4233E-02   
3.9202E-03   -1.3971E-02   
2.4026E-02   -4.5325E-04   
4.4674E-03   -1.3596E-02   
2.6055E-02   -2.6707E-05   
5.4932E-03   -1.2873E-02   
8.1944E-03   -1.0755E-02   
2.1473E-02   -1.4314E-03   
1.2549E-02   -7.6510E-03   
2.6392E-02   -2.3684E-05   
2.2898E-02   -5.7464E-04   
1.5069E-02   -6.0641E-03   
1.5792E-02   -4.4959E-03   
2.6284E-03   -1.4198E-02   
2.4129E-02   -3.8682E-04   
1.8032E-02   -4.2744E-03   
1.9700E-02   -3.3517E-03   
2.6741E-02   -1.9649E-05   
2.0669E-02   -2.9280E-03   
1.2873E-02   -7.1928E-03   
2.1346E-02   -2.7283E-03   
2.1855E-02   -2.6450E-03   
2.7106E-02   -1.5590E-05   
2.2452E-02   -2.4596E-03   
2.3111E-02   -2.3187E-03   
1.1535E-03   -1.4523E-02   
2.3721E-02   -2.1756E-03   
2.7530E-02   -1.2295E-05   
2.4898E-02   -7.5753E-05   
1.5747E-02   -5.0753E-03   
2.4371E-02   -2.0020E-03   
2.4984E-02   -1.8593E-03   
2.3511E-02   -7.1141E-04   
2.8006E-02   -5.1077E-06   
2.2680E-02   -9.2561E-04   
2.1976E-02   -1.1401E-03   
2.6158E-02   -1.5086E-03   
2.8457E-02   -2.1844E-04   
2.8553E-02   -2.3919E-04   
2.8549E-02   -3.0220E-05   
2.8603E-02   -6.7299E-06   
2.8492E-02   -1.1242E-04   
5.5707E-03   -1.2823E-02   
2.7393E-02   -9.6930E-04   
1.3281E-03   -1.4621E-02   
2.2917E-02   -9.3598E-04   
2.2392E-02   -1.0800E-03   
2.3505E-03   -1.4362E-02   
2.1742E-02   -1.4095E-03   
3.0528E-03   -1.4095E-02   
2.4804E-02   -2.0168E-04   
2.1136E-02   -1.7771E-03   
2.4473E-02   -4.6313E-04   
3.3831E-03   -1.4062E-02   
1.6086E-02   -4.9115E-03   
2.2931E-03   -1.4479E-02   
1.8470E-02   -3.2879E-03   
3.2701E-03   -1.4210E-02   
2.3368E-02   -8.1385E-04   
2.3549E-02   -2.0650E-03   
2.0550E-02   -2.8228E-03   
4.4667E-03   -1.3614E-02   
1.2515E-02   -7.5988E-03   
8.4932E-03   -1.0685E-02   
9.2769E-03   -1.0048E-02   
2.6205E-02   -5.1631E-05   
2.1096E-02   -2.0458E-03   
2.5029E-02   -1.0883E-04   
2.4241E-02   -6.2950E-04   
2.5591E-02   -5.7503E-05   
2.7472E-02   -2.8014E-05   
2.0148E-02   -2.4086E-03   
2.1590E-02   -2.5284E-03   
2.4332E-02   -2.8414E-04   
2.4377E-02   -3.9951E-04   
2.1453E-02   -1.5048E-03   
1.8445E-02   -3.1490E-03   
2.8295E-02   -1.4032E-06   
2.5599E-02   -1.6831E-03   
1.4958E-02   -5.9762E-03   
2.4516E-02   -1.8164E-03   
2.8590E-02   -1.3909E-04   
2.8694E-02   -2.6256E-06   
2.8666E-02   -1.5529E-05   
2.8622E-02   -6.5702E-05   
2.2544E-02   -2.2726E-03   
1.8736E-02   -3.5916E-03   
2.6896E-02   -3.6057E-05   
2.6714E-02   -1.0808E-03   
2.8056E-02   -1.5626E-05   
2.7422E-02   -8.2615E-04   
2.7871E-02   -2.7351E-04   
2.8110E-02   -2.3527E-05   
2.8017E-02   -7.7560E-05   
2.7734E-02   -5.0892E-04   
2.3224E-02   -9.3960E-04   
2.0485E-02   -2.7053E-03   
2.4926E-02   -1.5263E-04   
2.5248E-02   -1.2411E-04   
2.6006E-02   -8.5546E-05   
1.4912E-03   -1.4490E-02   
1.9886E-02   -2.6130E-03   
2.2215E-02   -1.2498E-03   
1.1900E-02   -8.1306E-03   
2.4831E-02   -2.5156E-04   
2.6690E-02   -6.3337E-05   
2.5401E-02   -1.6032E-03   
4.4409E-03   -1.3579E-02   
1.9930E-02   -2.8897E-03   
1.4999E-02   -5.9060E-03   
2.1498E-02   -2.4439E-03   
1.8970E-02   -3.1039E-03   
2.3134E-02   -2.0615E-03   
2.1599E-02   -1.6616E-03   
1.7545E-02   -4.1884E-03   
2.4061E-02   -7.4442E-04   
2.4545E-02   -5.2853E-04   
2.2078E-02   -2.3044E-03   
2.1568E-02   -1.8089E-03   
2.7087E-02   -4.9597E-05   
2.1175E-02   -2.1539E-03   
2.6346E-02   -7.4327E-05   
1.7548E-02   -4.0384E-03   
2.4682E-02   -3.2313E-04   
2.0985E-02   -2.5778E-03   
2.1992E-02   -1.4375E-03   
2.5614E-02   -9.5486E-05   
2.4756E-02   -3.7001E-04   
2.7284E-02   -4.2985E-04   
2.7637E-02   -5.1906E-05   
2.7516E-02   -1.4236E-04   
2.7722E-02   -2.6451E-05   
2.3625E-02   -8.2058E-04   
2.5956E-02   -1.3249E-03   
2.6879E-02   -8.5513E-04   
2.8003E-02   -5.8098E-05   
2.7784E-02   -4.1016E-04   
2.7867E-02   -1.5445E-04   
2.7797E-02   -2.0211E-04   
2.0880E-02   -2.4778E-03   
1.6889E-02   -4.5696E-03   
2.6806E-02   -8.2229E-05   
2.4963E-02   -1.6603E-03   
1.9617E-02   -2.9119E-03   
2.1609E-02   -1.9268E-03   
2.0768E-02   -2.3865E-03   
2.4938E-02   -4.8404E-04   
2.5459E-02   -1.4268E-04   
2.2719E-02   -2.0784E-03   
2.6161E-02   -1.0661E-04   
2.7441E-02   -2.1604E-04   
2.7656E-02   -8.5166E-05   
2.5126E-02   -3.3345E-04   
2.3077E-02   -1.0782E-03   
2.5169E-02   -2.2972E-04   
2.2555E-02   -1.2444E-03   
2.7295E-02   -3.1315E-04   
2.6180E-02   -1.0543E-03   
2.4386E-02   -7.3096E-04   
2.3731E-02   -1.8534E-03   
2.2021E-02   -1.6040E-03   
2.0288E-02   -2.5346E-03   
2.1897E-02   -2.2221E-03   
2.4089E-02   -8.2665E-04   
2.7437E-02   -4.6738E-05   
2.5871E-02   -1.2383E-03   
2.7006E-02   -6.2690E-04   
2.2880E-02   -1.8752E-03   
2.2515E-02   -1.5172E-03   
2.3964E-02   -9.4226E-04   
2.4783E-02   -6.6916E-04   
2.2297E-02   -2.0055E-03   
2.1279E-02   -2.2526E-03   
2.6917E-02   -9.9453E-05   
2.5589E-02   -1.2372E-03   
2.6170E-02   -1.4420E-04   
2.6578E-02   -1.2046E-04   
2.1788E-02   -2.1276E-03   
2.5396E-02   -2.5002E-04   
2.5461E-02   -1.8605E-04   
2.5229E-02   -3.8441E-04   
2.2003E-02   -1.5267E-03   
2.2078E-02   -1.8263E-03   
2.5053E-02   -5.4049E-04   
2.3908E-02   -1.6711E-03   
2.3419E-02   -1.0768E-03   
2.2923E-02   -1.2259E-03   
2.2401E-02   -1.6626E-03   
2.4390E-02   -8.7666E-04   
2.4691E-02   -7.7236E-04   
2.4149E-02   -1.8313E-03   
2.5339E-02   -4.3391E-04   
2.2179E-02   -1.9161E-03   
2.7254E-02   -7.7388E-05   
2.5767E-02   -1.9079E-04   
2.5496E-02   -3.0173E-04   
2.4963E-02   -1.4279E-03   
2.6024E-02   -2.0253E-04   
2.2834E-02   -1.3458E-03   
2.3674E-02   -1.0917E-03   
2.4739E-02   -8.4944E-04   
2.2534E-02   -1.7214E-03   
2.5891E-02   -2.6493E-04   
2.5897E-02   -1.0338E-03   
2.5195E-02   -5.7631E-04   
2.5736E-02   -3.8244E-04   
2.4711E-02   -1.6385E-03   
2.6729E-02   -1.3836E-04   
2.3077E-02   -1.3653E-03   
2.3595E-02   -1.2065E-03   
2.7391E-02   -9.1108E-05   
2.5545E-02   -5.2901E-04   
2.6934E-02   -1.5103E-04   
2.3028E-02   -1.5986E-03   
2.5937E-02   -3.1058E-04   
2.6513E-02   -1.8931E-04   
2.5853E-02   -4.2101E-04   
2.3989E-02   -1.1812E-03   
2.6207E-02   -2.1419E-04   
2.4515E-02   -1.0146E-03   
2.5292E-02   -7.3629E-04   
2.6211E-02   -3.1493E-04   
2.5431E-02   -8.1080E-04   
2.3152E-02   -1.6748E-03   
2.4882E-02   -9.9841E-04   
2.3423E-02   -1.3816E-03   
2.4353E-02   -1.1696E-03   
2.6586E-02   -2.2195E-04   
2.7318E-02   -1.3437E-04   
2.5723E-02   -8.1703E-04   
2.5274E-02   -9.6759E-04   
2.6675E-02   -2.5535E-04   
2.3538E-02   -1.4891E-03   
2.4110E-02   -1.3561E-03   
2.6453E-02   -3.2252E-04   
2.6193E-02   -7.2560E-04   
2.5189E-02   -1.1101E-03   
2.7081E-02   -2.0063E-04   
2.6411E-02   -3.7880E-04   
2.6126E-02   -8.5625E-04   
2.7247E-02   -2.1662E-04   
2.5638E-02   -1.0241E-03   
2.5972E-02   -4.6126E-04   
2.5660E-02   -5.8360E-04   
2.5827E-02   -6.3152E-04   
2.6350E-02   -5.1895E-04   
