51 
1844 
2.4691E-02   -5.2463E-03   
2.6079E-02   -3.2845E-03   
2.7086E-02   -1.9927E-03   
2.7769E-02   -9.7946E-04   
5.3701E-37   -8.3968E-04   
2.8008E-02   7.0753E-38   
2.8172E-02   -1.5969E-34   
2.8288E-02   -4.3304E-35   
2.8611E-02   1.7093E-35   
2.8946E-02   4.5497E-35   
2.9403E-02   1.1988E-34   
2.9990E-02   1.8008E-34   
3.0458E-02   2.2332E-34   
3.1274E-02   3.4189E-34   
3.1896E-02   4.0832E-34   
3.2580E-02   3.4835E-34   
3.2945E-02   5.3602E-34   
3.3720E-02   7.6973E-34   
3.4557E-02   1.0715E-33   
3.5000E-02   -3.8729E-30   
3.5000E-02   -1.3545E-34   
3.5000E-02   -1.3545E-34   
3.5000E-02   -1.3545E-34   
3.5000E-02   -1.3545E-34   
3.5000E-02   -1.3545E-34   
3.5000E-02   -1.3545E-34   
3.5000E-02   -1.3545E-34   
3.5000E-02   -1.3545E-34   
3.5000E-02   -1.3545E-34   
3.5000E-02   -1.3545E-34   
3.5000E-02   -1.3545E-34   
3.5000E-02   -1.3545E-34   
3.3741E-02   -8.0242E-04   
3.2400E-02   -1.4866E-03   
3.1777E-02   -1.7282E-03   
3.1161E-02   -1.9291E-03   
2.9932E-02   -2.2596E-03   
2.9316E-02   -2.4058E-03   
2.8076E-02   -2.6912E-03   
2.7448E-02   -2.8429E-03   
2.5495E-02   -3.6903E-03   
1.9750E-02   -7.3309E-03   
1.4823E-02   -1.0346E-02   
5.6162E-03   -1.6788E-02   
4.0052E-03   -1.8266E-02   
3.5369E-03   -1.8590E-02   
2.6422E-03   -1.8939E-02   
1.7460E-03   -1.9100E-02   
8.6239E-04   -1.9179E-02   
-2.7173E-37   -1.9200E-02   
1.1918E-33   -1.8911E-02   
1.2757E-33   -1.8629E-02   
1.2132E-33   -1.8243E-02   
1.1479E-33   -1.8016E-02   
9.9751E-34   -1.7635E-02   
8.9832E-34   -1.7403E-02   
8.0420E-34   -1.7164E-02   
6.9716E-34   -1.6951E-02   
5.7163E-34   -1.6247E-02   
2.1884E-02   -5.0597E-03   
3.4443E-02   -1.7235E-05   
3.3867E-02   -5.0031E-05   
3.3044E-02   -1.0697E-04   
3.2374E-02   -1.6103E-04   
3.1719E-02   -2.3153E-04   
3.1006E-02   -2.7782E-04   
3.0436E-02   -3.0076E-04   
2.9711E-02   -3.6435E-04   
2.9009E-02   -4.1267E-04   
2.8316E-02   -4.6478E-04   
2.7641E-02   -5.2601E-04   
2.6947E-02   -6.2541E-04   
2.6222E-02   -8.3366E-04   
2.5211E-02   -1.3684E-03   
2.4031E-02   -2.4805E-03   
2.6096E-02   -2.1405E-03   
2.6513E-02   -9.1596E-04   
2.7073E-02   -4.7927E-04   
2.7630E-02   -3.2690E-04   
2.8184E-02   -2.7813E-04   
2.8725E-02   -2.6162E-04   
2.9377E-02   -2.2641E-04   
2.9986E-02   -2.0208E-04   
3.0562E-02   -1.7490E-04   
3.1148E-02   -1.7104E-04   
3.1818E-02   -1.2727E-04   
3.2463E-02   -9.2579E-05   
3.3096E-02   -6.7264E-05   
3.3781E-02   -3.0381E-05   
3.4382E-02   -7.9653E-06   
2.7682E-02   -5.0065E-04   
2.7905E-02   -1.9127E-04   
2.8173E-02   -1.2262E-04   
2.8597E-02   -1.0024E-04   
2.9027E-02   -9.4573E-05   
2.9577E-02   -9.6087E-05   
3.0086E-02   -9.6367E-05   
3.0606E-02   -9.1828E-05   
3.1295E-02   -7.0307E-05   
3.1879E-02   -5.3657E-05   
3.2546E-02   -4.2204E-05   
3.3213E-02   -2.5930E-05   
3.3872E-02   -1.2580E-05   
3.4486E-02   -1.4197E-06   
3.4333E-02   -3.6340E-05   
3.3698E-02   -9.5312E-05   
3.2923E-02   -1.8532E-04   
3.2229E-02   -2.4410E-04   
3.1608E-02   -3.3398E-04   
3.0852E-02   -4.1050E-04   
3.0111E-02   -4.8524E-04   
2.9415E-02   -5.5037E-04   
2.8683E-02   -6.3663E-04   
2.8001E-02   -7.2133E-04   
2.7121E-02   -8.6342E-04   
2.6177E-02   -1.0749E-03   
2.5259E-02   -1.3647E-03   
2.4136E-02   -1.8994E-03   
2.1517E-02   -3.6128E-03   
8.4792E-03   -1.2094E-02   
3.4278E-02   -6.7802E-05   
3.3729E-02   -1.3964E-04   
3.2790E-02   -2.7898E-04   
3.2177E-02   -3.7183E-04   
3.1454E-02   -4.6766E-04   
3.0578E-02   -5.9947E-04   
2.9827E-02   -6.7824E-04   
2.9094E-02   -7.7048E-04   
2.8213E-02   -9.1469E-04   
2.7375E-02   -1.0847E-03   
2.6491E-02   -1.2839E-03   
2.5597E-02   -1.4835E-03   
2.4492E-02   -1.8970E-03   
2.2498E-02   -2.9542E-03   
1.3711E-02   -8.6439E-03   
1.6849E-03   -1.6560E-02   
3.4473E-02   -6.6866E-05   
3.3456E-02   -2.4206E-04   
3.2883E-02   -3.3948E-04   
3.2177E-02   -4.7847E-04   
3.1133E-02   -6.5890E-04   
3.0390E-02   -7.8669E-04   
2.9630E-02   -8.9781E-04   
2.8718E-02   -1.0608E-03   
2.7876E-02   -1.2362E-03   
2.6991E-02   -1.4077E-03   
2.6140E-02   -1.6075E-03   
2.5096E-02   -1.8922E-03   
2.3008E-02   -2.9822E-03   
1.7395E-02   -6.5765E-03   
5.5900E-03   -1.4621E-02   
1.0922E-03   -1.7274E-02   
3.4134E-02   -1.6387E-04   
3.3524E-02   -3.0624E-04   
3.2785E-02   -4.8386E-04   
3.2040E-02   -6.5951E-04   
3.0972E-02   -8.7008E-04   
3.0126E-02   -1.0060E-03   
2.9241E-02   -1.2000E-03   
2.8388E-02   -1.3881E-03   
2.7417E-02   -1.5594E-03   
2.6624E-02   -1.7316E-03   
2.5748E-02   -2.0107E-03   
2.4240E-02   -2.6421E-03   
1.9085E-02   -5.9104E-03   
8.9494E-03   -1.2968E-02   
2.2318E-03   -1.7322E-02   
1.0410E-03   -1.7589E-02   
3.4299E-02   -2.0036E-04   
3.3452E-02   -4.5794E-04   
3.2765E-02   -6.2667E-04   
3.1680E-02   -9.0982E-04   
3.0719E-02   -1.1547E-03   
2.9882E-02   -1.3012E-03   
2.8826E-02   -1.5206E-03   
2.8028E-02   -1.6958E-03   
2.7019E-02   -1.8955E-03   
2.6121E-02   -2.1429E-03   
2.4999E-02   -2.5676E-03   
2.2015E-02   -4.3305E-03   
1.3925E-02   -9.9648E-03   
4.3901E-03   -1.6660E-02   
2.0454E-03   -1.7797E-02   
9.5507E-04   -1.7905E-02   
3.4169E-02   -2.9244E-04   
3.3227E-02   -6.1763E-04   
3.2571E-02   -8.1141E-04   
3.1287E-02   -1.1995E-03   
3.0515E-02   -1.3879E-03   
2.9630E-02   -1.6064E-03   
2.8674E-02   -1.7836E-03   
2.7685E-02   -2.0083E-03   
2.6571E-02   -2.2831E-03   
2.5634E-02   -2.5874E-03   
2.3281E-02   -3.9898E-03   
1.7623E-02   -7.8430E-03   
6.7867E-03   -1.5751E-02   
3.4010E-03   -1.7749E-02   
2.0138E-03   -1.8145E-02   
1.0038E-03   -1.8218E-02   
3.4206E-02   -3.8972E-04   
3.3385E-02   -7.5062E-04   
3.2298E-02   -1.1135E-03   
3.1343E-02   -1.4450E-03   
3.0328E-02   -1.6266E-03   
2.9329E-02   -1.8499E-03   
2.8363E-02   -2.0875E-03   
2.7383E-02   -2.3338E-03   
2.6382E-02   -2.5751E-03   
2.4274E-02   -3.6219E-03   
1.9027E-02   -7.2126E-03   
9.9780E-03   -1.3895E-02   
4.5658E-03   -1.7546E-02   
2.9905E-03   -1.8290E-02   
1.9435E-03   -1.8468E-02   
1.0802E-03   -1.8521E-02   
3.3870E-02   -6.8261E-04   
3.2901E-02   -1.1705E-03   
3.2119E-02   -1.4076E-03   
3.0850E-02   -1.7814E-03   
3.0066E-02   -1.9681E-03   
2.8957E-02   -2.2238E-03   
2.7973E-02   -2.4739E-03   
2.7102E-02   -2.6582E-03   
2.5637E-02   -3.2261E-03   
2.1361E-02   -5.7548E-03   
1.5001E-02   -1.0165E-02   
6.1830E-03   -1.6768E-02   
3.9164E-03   -1.8298E-02   
2.8574E-03   -1.8614E-02   
1.9027E-03   -1.8775E-02   
8.5207E-04   -1.8913E-02   
6.5764E-03   -1.1871E-03   
1.2440E-02   -1.9283E-03   
1.7576E-02   -2.7726E-03   
2.0718E-02   -3.7553E-03   
2.2560E-02   -4.6098E-03   
2.3747E-02   -5.2954E-03   
2.4286E-02   -5.3229E-03   
2.4956E-02   -5.0324E-03   
2.5146E-02   -4.7486E-03   
2.5315E-02   -4.4625E-03   
2.5477E-02   -4.1931E-03   
2.5634E-02   -3.9420E-03   
2.5787E-02   -3.7079E-03   
2.5935E-02   -3.4892E-03   
2.6219E-02   -3.0924E-03   
2.6355E-02   -2.9115E-03   
2.6488E-02   -2.7406E-03   
2.6616E-02   -2.5786E-03   
2.6741E-02   -2.4237E-03   
2.6860E-02   -2.2749E-03   
2.6976E-02   -2.1314E-03   
2.7191E-02   -1.8578E-03   
2.7291E-02   -1.7261E-03   
2.7386E-02   -1.5970E-03   
2.7475E-02   -1.4701E-03   
2.7558E-02   -1.3451E-03   
2.7635E-02   -1.2217E-03   
2.7705E-02   -1.0998E-03   
2.7826E-02   -8.6104E-04   
2.7877E-02   -7.4280E-04   
2.7919E-02   -6.2202E-04   
2.7950E-02   -4.9806E-04   
2.7983E-02   -3.8035E-04   
2.7994E-02   -2.5344E-04   
2.8015E-02   -1.2660E-04   
2.8073E-02   -5.6868E-34   
2.8106E-02   -5.5294E-34   
2.8130E-02   -4.2962E-34   
2.8147E-02   -2.4273E-34   
2.8160E-02   -1.9646E-34   
2.8186E-02   -1.2859E-34   
2.8203E-02   -1.0211E-34   
2.8224E-02   -7.9530E-35   
2.8252E-02   -6.0130E-35   
2.8332E-02   -2.8611E-35   
2.8385E-02   -1.5722E-35   
2.8449E-02   -4.2541E-36   
2.8524E-02   6.5144E-36   
2.8709E-02   2.6740E-35   
2.8821E-02   3.6221E-35   
2.9084E-02   5.5520E-35   
2.9237E-02   6.5620E-35   
2.9584E-02   1.2890E-34   
2.9780E-02   1.0053E-34   
3.0216E-02   1.9585E-34   
3.0714E-02   2.5751E-34   
3.0986E-02   2.9065E-34   
3.1577E-02   3.4778E-34   
3.2231E-02   4.5692E-34   
3.3325E-02   6.5581E-34   
3.4130E-02   6.5968E-34   
3.5000E-02   -1.3545E-34   
3.5000E-02   -1.3545E-34   
3.5000E-02   -1.3545E-34   
3.5000E-02   -1.3545E-34   
3.5000E-02   -1.3545E-34   
3.3047E-02   -1.1887E-03   
3.0547E-02   -2.1028E-03   
2.8698E-02   -2.5477E-03   
2.6782E-02   -3.0335E-03   
2.3297E-02   -4.9938E-03   
9.3195E-03   -1.4108E-02   
4.5327E-03   -1.7816E-02   
3.0895E-03   -1.8802E-02   
2.1933E-03   -1.9032E-02   
1.3015E-03   -1.9147E-02   
4.2915E-04   -1.9197E-02   
8.7421E-34   -1.9055E-02   
1.2518E-33   -1.8768E-02   
1.2419E-33   -1.8495E-02   
1.8156E-33   -1.8366E-02   
1.8358E-33   -1.8126E-02   
1.1185E-33   -1.7912E-02   
1.0846E-33   -1.7814E-02   
1.0392E-33   -1.7722E-02   
9.6237E-34   -1.7553E-02   
9.2918E-34   -1.7476E-02   
8.7162E-34   -1.7336E-02   
8.4630E-34   -1.7273E-02   
8.2307E-34   -1.7216E-02   
7.9018E-34   -1.7118E-02   
7.7103E-34   -1.7077E-02   
7.4652E-34   -1.7037E-02   
7.2144E-34   -1.6996E-02   
6.7645E-34   -1.6901E-02   
6.5487E-34   -1.6842E-02   
6.3581E-34   -1.6766E-02   
6.1606E-34   -1.6657E-02   
5.9331E-34   -1.6495E-02   
5.4803E-34   -1.5861E-02   
5.2396E-34   -1.5270E-02   
4.9948E-34   -1.4398E-02   
4.7724E-34   -1.3186E-02   
4.5704E-34   -1.1579E-02   
6.6591E-34   -9.4632E-03   
6.0777E-34   -6.9718E-03   
4.4588E-34   -3.9897E-03   
2.5159E-02   -4.2206E-03   
2.6290E-02   -2.7051E-03   
2.6701E-02   -2.2284E-03   
2.5508E-02   -3.7105E-03   
2.7659E-02   -1.0691E-03   
2.4579E-02   -5.1179E-03   
1.9276E-02   -4.5946E-03   
2.7394E-02   -1.4255E-03   
2.7914E-02   -6.1818E-04   
2.7073E-02   -1.8081E-03   
2.5837E-02   -3.2680E-03   
2.7800E-02   -8.4189E-04   
2.5993E-02   -3.0686E-03   
2.4301E-02   -5.3622E-03   
2.6955E-02   -1.9434E-03   
2.7489E-02   -1.3043E-03   
2.8045E-02   -1.7396E-04   
8.7125E-03   -3.9566E-03   
2.3883E-02   -5.4750E-03   
2.6431E-02   -2.5388E-03   
2.6566E-02   -2.3798E-03   
2.7733E-02   -9.5468E-04   
2.1870E-02   -5.0054E-03   
2.7960E-02   -5.0509E-04   
1.4677E-02   -4.4687E-03   
2.3334E-02   -5.4896E-03   
2.7577E-02   -1.1856E-03   
2.7861E-02   -7.2996E-04   
2.4788E-02   -4.8102E-03   
2.7292E-02   -1.5497E-03   
2.7185E-02   -1.6771E-03   
2.5675E-02   -3.4817E-03   
2.4976E-02   -4.5056E-03   
2.5336E-02   -3.9564E-03   
2.6145E-02   -2.8815E-03   
2.6831E-02   -2.0833E-03   
4.7611E-03   -1.0401E-02   
3.9276E-03   -1.2165E-02   
3.1512E-03   -1.3582E-02   
2.4323E-03   -1.4650E-02   
1.8083E-03   -1.5407E-02   
1.3183E-03   -1.5924E-02   
9.5994E-04   -1.6271E-02   
7.1097E-04   -1.6501E-02   
5.4173E-04   -1.6657E-02   
2.8111E-02   -9.3212E-05   
4.2813E-04   -1.6764E-02   
2.8130E-02   -7.7086E-05   
3.5376E-04   -1.6841E-02   
2.8144E-02   -6.4762E-05   
3.0161E-04   -1.6902E-02   
2.8156E-02   -5.4377E-05   
2.5897E-04   -1.6952E-02   
2.8169E-02   -4.5923E-05   
2.2548E-04   -1.6998E-02   
2.8184E-02   -3.9062E-05   
2.0210E-04   -1.7042E-02   
2.8203E-02   -3.3614E-05   
1.8934E-04   -1.7087E-02   
2.8227E-02   -2.9419E-05   
1.8967E-04   -1.7134E-02   
2.8259E-02   -2.6301E-05   
1.9702E-04   -1.7185E-02   
2.8298E-02   -2.4086E-05   
2.0584E-04   -1.7241E-02   
2.8347E-02   -2.2672E-05   
2.1432E-04   -1.7302E-02   
2.8406E-02   -2.1956E-05   
2.2353E-04   -1.7367E-02   
2.8476E-02   -2.1797E-05   
2.3353E-04   -1.7437E-02   
2.8557E-02   -2.2021E-05   
2.4369E-04   -1.7512E-02   
2.8650E-02   -2.2377E-05   
2.5383E-04   -1.7591E-02   
2.8755E-02   -2.3323E-05   
2.6423E-04   -1.7676E-02   
2.8872E-02   -2.4501E-05   
2.7467E-04   -1.7764E-02   
2.9002E-02   -2.6149E-05   
2.8821E-04   -1.7858E-02   
2.9146E-02   -2.7629E-05   
3.0421E-04   -1.7957E-02   
2.9305E-02   -2.8678E-05   
3.1383E-04   -1.8063E-02   
2.9479E-02   -2.9722E-05   
3.2356E-04   -1.8175E-02   
2.9669E-02   -3.0602E-05   
3.4827E-04   -1.8294E-02   
2.9877E-02   -3.0842E-05   
3.6326E-04   -1.8423E-02   
3.0095E-02   -2.9776E-05   
3.6637E-04   -1.8558E-02   
3.0323E-02   -3.0825E-05   
3.8058E-04   -1.8697E-02   
3.0571E-02   -3.0502E-05   
4.0258E-04   -1.8844E-02   
2.5581E-02   -3.2617E-03   
2.7068E-02   -1.6339E-03   
2.7508E-02   -1.1515E-03   
2.4828E-02   -4.2639E-03   
2.8042E-02   -2.6562E-04   
1.6447E-02   -6.1263E-03   
2.6377E-02   -2.3436E-03   
2.7951E-02   -5.0727E-04   
2.2605E-02   -5.8355E-03   
2.4193E-02   -5.2197E-03   
2.3901E-02   -5.4924E-03   
2.6811E-02   -1.9006E-03   
2.5923E-02   -2.8595E-03   
2.7764E-02   -8.2273E-04   
2.7834E-02   -7.1701E-04   
2.6082E-02   -2.6772E-03   
2.6670E-02   -2.0408E-03   
2.7601E-02   -1.0395E-03   
2.7408E-02   -1.2666E-03   
2.5025E-02   -3.9847E-03   
2.4417E-02   -4.8882E-03   
1.1125E-02   -6.5653E-03   
2.5216E-02   -3.7257E-03   
2.6230E-02   -2.5086E-03   
2.6523E-02   -2.1876E-03   
2.7687E-02   -9.3004E-04   
2.7896E-02   -6.1211E-04   
2.5402E-02   -3.4854E-03   
2.7188E-02   -1.5075E-03   
2.3457E-02   -5.6438E-03   
2.4626E-02   -4.5649E-03   
2.7301E-02   -1.3852E-03   
2.8000E-02   -3.9752E-04   
2.0305E-02   -5.7736E-03   
2.6943E-02   -1.7653E-03   
2.5755E-02   -3.0539E-03   
5.2471E-03   -8.2108E-03   
8.6622E-03   -1.0551E-02   
7.3377E-03   -1.2127E-02   
5.8904E-03   -1.3415E-02   
4.5037E-03   -1.4404E-02   
3.3782E-03   -1.5136E-02   
2.5089E-03   -1.5670E-02   
1.8579E-03   -1.6056E-02   
2.8085E-02   -1.2071E-04   
1.3835E-03   -1.6330E-02   
1.0460E-03   -1.6525E-02   
2.8097E-02   -1.6500E-04   
8.1124E-04   -1.6666E-02   
2.8111E-02   -1.4127E-04   
6.5013E-04   -1.6771E-02   
2.8122E-02   -1.1820E-04   
5.3925E-04   -1.6850E-02   
2.8133E-02   -9.9629E-05   
4.6528E-04   -1.6916E-02   
2.8145E-02   -8.4687E-05   
4.1820E-04   -1.6974E-02   
2.8161E-02   -7.2618E-05   
3.9173E-04   -1.7030E-02   
2.8182E-02   -6.3154E-05   
3.8242E-04   -1.7088E-02   
2.8210E-02   -5.6053E-05   
3.8998E-04   -1.7146E-02   
2.8245E-02   -5.0945E-05   
4.0446E-04   -1.7203E-02   
2.8290E-02   -4.7350E-05   
4.1950E-04   -1.7261E-02   
2.8344E-02   -4.5304E-05   
4.3695E-04   -1.7324E-02   
2.8409E-02   -4.4651E-05   
4.5626E-04   -1.7392E-02   
2.8485E-02   -4.4973E-05   
4.7679E-04   -1.7465E-02   
2.8574E-02   -4.5336E-05   
4.9733E-04   -1.7542E-02   
2.8674E-02   -4.5593E-05   
5.1796E-04   -1.7624E-02   
2.8781E-02   -4.8509E-05   
5.3599E-04   -1.7710E-02   
2.8901E-02   -5.0739E-05   
5.5039E-04   -1.7799E-02   
2.9034E-02   -5.5323E-05   
5.8771E-04   -1.7890E-02   
2.9186E-02   -5.7335E-05   
6.2257E-04   -1.7993E-02   
2.9354E-02   -5.9065E-05   
6.2654E-04   -1.8102E-02   
2.9536E-02   -6.1201E-05   
6.5856E-04   -1.8211E-02   
2.9741E-02   -6.2561E-05   
7.5451E-04   -1.8335E-02   
2.9967E-02   -6.1749E-05   
7.2900E-04   -1.8477E-02   
3.0177E-02   -5.6705E-05   
7.4301E-04   -1.8611E-02   
3.0399E-02   -6.7606E-05   
7.8058E-04   -1.8750E-02   
3.0835E-02   -3.1908E-05   
2.6331E-02   -2.1545E-03   
2.6496E-02   -2.0018E-03   
2.5868E-02   -2.6624E-03   
2.6655E-02   -1.8629E-03   
2.5692E-02   -2.8478E-03   
2.3793E-02   -5.3401E-03   
2.4037E-02   -4.9834E-03   
2.4265E-02   -4.6414E-03   
2.4487E-02   -4.3232E-03   
2.4703E-02   -4.0281E-03   
2.3451E-02   -5.6505E-03   
2.4913E-02   -3.7546E-03   
2.5507E-02   -3.0492E-03   
2.6802E-02   -1.7286E-03   
2.5118E-02   -3.5013E-03   
2.5316E-02   -3.2668E-03   
2.2641E-02   -5.9877E-03   
2.6941E-02   -1.5973E-03   
2.7718E-02   -8.0339E-04   
2.7798E-02   -7.0295E-04   
2.7868E-02   -6.0522E-04   
2.7630E-02   -9.0622E-04   
2.0886E-02   -6.6368E-03   
2.7073E-02   -1.4707E-03   
2.7533E-02   -1.0116E-03   
2.7318E-02   -1.2324E-03   
2.7199E-02   -1.3493E-03   
2.7429E-02   -1.1202E-03   
1.7274E-02   -7.2059E-03   
1.4007E-02   -7.5920E-03   
2.7931E-02   -5.0806E-04   
2.7987E-02   -4.0848E-04   
2.8037E-02   -3.0588E-04   
9.8869E-03   -8.9236E-03   
1.0446E-02   -1.1611E-02   
8.1885E-03   -1.2814E-02   
6.3856E-03   -1.3777E-02   
4.9399E-03   -1.4536E-02   
3.7809E-03   -1.5135E-02   
2.8677E-03   -1.5603E-02   
2.8078E-02   -1.9713E-04   
2.1688E-03   -1.5965E-02   
1.6503E-03   -1.6242E-02   
2.8058E-02   -2.3804E-04   
1.2742E-03   -1.6453E-02   
2.8071E-02   -1.9409E-04   
1.0088E-03   -1.6615E-02   
2.8080E-02   -1.6290E-04   
8.2780E-04   -1.6743E-02   
2.8090E-02   -1.3823E-04   
7.1004E-04   -1.6846E-02   
2.8103E-02   -1.1855E-04   
6.4631E-04   -1.6929E-02   
2.8120E-02   -1.0246E-04   
6.2766E-04   -1.7001E-02   
2.8144E-02   -9.0390E-05   
6.1382E-04   -1.7078E-02   
2.8174E-02   -8.1928E-05   
6.0994E-04   -1.7150E-02   
2.8214E-02   -7.5538E-05   
6.1921E-04   -1.7214E-02   
2.8264E-02   -7.1138E-05   
6.3977E-04   -1.7276E-02   
2.8323E-02   -6.9587E-05   
6.6698E-04   -1.7341E-02   
2.8393E-02   -6.9932E-05   
6.9982E-04   -1.7411E-02   
2.8478E-02   -7.0513E-05   
7.3182E-04   -1.7487E-02   
2.8581E-02   -7.0442E-05   
7.6264E-04   -1.7567E-02   
2.8685E-02   -6.8019E-05   
7.9021E-04   -1.7653E-02   
2.8777E-02   -7.9172E-05   
8.0348E-04   -1.7743E-02   
7.9305E-04   -1.7825E-02   
9.4163E-04   -1.8033E-02   
2.9377E-02   -9.2319E-05   
1.0672E-03   -1.8402E-02   
1.1160E-03   -1.8646E-02   
2.9806E-02   -9.7257E-05   
3.1129E-02   -3.3438E-05   
2.7900E-02   -5.0872E-04   
2.7962E-02   -4.1697E-04   
2.8020E-02   -3.2246E-04   
2.5995E-02   -2.3360E-03   
2.5832E-02   -2.4756E-03   
2.3311E-02   -5.4966E-03   
2.2560E-02   -6.0094E-03   
2.4373E-02   -4.0870E-03   
2.3625E-02   -5.0975E-03   
2.4602E-02   -3.7979E-03   
2.3891E-02   -4.7336E-03   
2.5647E-02   -2.6501E-03   
2.6654E-02   -1.7002E-03   
2.4138E-02   -4.3980E-03   
2.7663E-02   -7.8390E-04   
2.7564E-02   -8.8345E-04   
2.4824E-02   -3.5304E-03   
2.5040E-02   -3.2832E-03   
2.7217E-02   -1.2024E-03   
2.7341E-02   -1.0919E-03   
2.7754E-02   -6.8644E-04   
2.0577E-02   -6.9047E-03   
2.7833E-02   -5.9639E-04   
2.5452E-02   -2.8441E-03   
2.7087E-02   -1.3185E-03   
2.5249E-02   -3.0551E-03   
2.7456E-02   -9.8590E-04   
2.6805E-02   -1.5676E-03   
2.6949E-02   -1.4403E-03   
1.2340E-02   -1.0830E-02   
1.0075E-02   -1.1970E-02   
8.2060E-03   -1.2883E-02   
6.6025E-03   -1.3662E-02   
5.2394E-03   -1.4332E-02   
4.1118E-03   -1.4902E-02   
3.2066E-03   -1.5378E-02   
2.4983E-03   -1.5766E-02   
2.8062E-02   -2.4472E-04   
2.8007E-02   -2.8219E-04   
1.9613E-03   -1.6081E-02   
2.8014E-02   -2.3832E-04   
1.5643E-03   -1.6335E-02   
2.8021E-02   -2.0120E-04   
1.2768E-03   -1.6542E-02   
2.8029E-02   -1.7248E-04   
1.0807E-03   -1.6707E-02   
2.8041E-02   -1.4965E-04   
9.7182E-04   -1.6833E-02   
2.8063E-02   -1.2995E-04   
9.7675E-04   -1.6918E-02   
2.8087E-02   -1.1799E-04   
8.9306E-04   -1.7039E-02   
2.8118E-02   -1.0908E-04   
8.6221E-04   -1.7128E-02   
2.8166E-02   -1.0144E-04   
8.5541E-04   -1.7211E-02   
2.8223E-02   -9.6661E-05   
9.1090E-04   -1.7349E-02   
1.0666E-03   -1.7786E-02   
2.8357E-02   -9.9376E-05   
9.6045E-04   -1.7423E-02   
1.0009E-03   -1.7503E-02   
1.0778E-03   -1.7684E-02   
2.8917E-02   -7.6371E-05   
2.9224E-02   -8.5794E-05   
2.9385E-02   -1.3172E-04   
2.8460E-02   -1.0026E-04   
1.4760E-03   -1.8539E-02   
2.9605E-02   -1.3479E-04   
1.1119E-03   -1.8303E-02   
2.8697E-02   -1.1408E-04   
1.2960E-03   -1.7965E-02   
2.7990E-02   -3.3957E-04   
2.7924E-02   -4.3104E-04   
2.7863E-02   -5.1177E-04   
2.6356E-02   -1.8028E-03   
2.6322E-02   -1.9665E-03   
2.6498E-02   -1.6793E-03   
2.5631E-02   -2.4597E-03   
2.7701E-02   -6.7093E-04   
2.3130E-02   -5.2383E-03   
2.7795E-02   -5.7738E-04   
2.2405E-02   -5.8362E-03   
2.0523E-02   -6.9106E-03   
2.3484E-02   -4.8387E-03   
2.4283E-02   -3.8559E-03   
2.4037E-02   -4.1610E-03   
2.5418E-02   -2.6463E-03   
2.3774E-02   -4.4864E-03   
2.4523E-02   -3.5734E-03   
2.6659E-02   -1.5454E-03   
2.7243E-02   -1.0672E-03   
2.7598E-02   -7.6644E-04   
2.4756E-02   -3.3124E-03   
2.7369E-02   -9.6306E-04   
2.7488E-02   -8.6324E-04   
2.7107E-02   -1.1773E-03   
2.4983E-02   -3.0718E-03   
2.5204E-02   -2.8505E-03   
2.6965E-02   -1.2937E-03   
2.6815E-02   -1.4166E-03   
1.5199E-02   -9.2738E-03   
1.3727E-02   -1.0139E-02   
1.1844E-02   -1.0973E-02   
1.0061E-02   -1.1791E-02   
8.4174E-03   -1.2569E-02   
6.9482E-03   -1.3295E-02   
5.6701E-03   -1.3956E-02   
4.5849E-03   -1.4542E-02   
3.6973E-03   -1.5052E-02   
2.7928E-02   -3.3449E-04   
2.9896E-03   -1.5485E-02   
2.7939E-02   -2.7484E-04   
2.4403E-03   -1.5848E-02   
2.0102E-03   -1.6157E-02   
2.7944E-02   -2.3528E-04   
2.7949E-02   -2.0506E-04   
1.6566E-03   -1.6430E-02   
2.7955E-02   -1.8179E-04   
1.2991E-03   -1.6831E-02   
2.7996E-02   -1.5283E-04   
1.2460E-03   -1.6933E-02   
2.8106E-02   -1.2958E-04   
2.8047E-02   -1.3825E-04   
1.1979E-03   -1.7060E-02   
1.2284E-03   -1.7319E-02   
8.6592E-04   -1.7284E-02   
1.2555E-03   -1.7416E-02   
1.3009E-03   -1.7507E-02   
1.3733E-03   -1.8335E-02   
1.3480E-03   -1.8224E-02   
1.3562E-03   -1.7605E-02   
2.8306E-02   -1.3493E-04   
2.8840E-02   -1.0490E-04   
2.8546E-02   -1.4335E-04   
2.9165E-02   -1.2490E-04   
2.8421E-02   -1.3655E-04   
2.8282E-02   -9.7716E-05   
1.4276E-03   -1.7715E-02   
1.2511E-03   -1.8104E-02   
1.3514E-03   -1.7842E-02   
2.9837E-02   -1.3670E-04   
1.4107E-03   -1.8667E-02   
1.3332E-03   -1.8438E-02   
2.9389E-02   -1.7589E-04   
2.6146E-02   -1.8868E-03   
2.7944E-02   -3.6677E-04   
2.7740E-02   -5.6743E-04   
2.3017E-02   -4.9593E-03   
2.7634E-02   -6.6115E-04   
2.2336E-02   -5.4991E-03   
1.8001E-02   -8.0731E-03   
2.5406E-02   -2.4522E-03   
2.3957E-02   -3.9299E-03   
2.3681E-02   -4.2514E-03   
2.3389E-02   -4.5878E-03   
2.6503E-02   -1.5374E-03   
2.4218E-02   -3.6304E-03   
2.7274E-02   -9.4357E-04   
2.4468E-02   -3.3547E-03   
2.7403E-02   -8.4591E-04   
2.7522E-02   -7.5245E-04   
2.7135E-02   -1.0473E-03   
2.4711E-02   -3.1004E-03   
2.5179E-02   -2.6520E-03   
2.6671E-02   -1.4016E-03   
2.6988E-02   -1.1579E-03   
2.4949E-02   -2.8671E-03   
2.6833E-02   -1.2760E-03   
1.7054E-02   -8.3886E-03   
1.5442E-02   -9.0212E-03   
2.5881E-02   -2.0818E-03   
1.3743E-02   -9.7618E-03   
2.5639E-02   -2.2632E-03   
1.2039E-02   -1.0531E-02   
1.0428E-02   -1.1300E-02   
8.9278E-03   -1.2051E-02   
7.5531E-03   -1.2770E-02   
6.3441E-03   -1.3448E-02   
5.3030E-03   -1.4062E-02   
2.0160E-03   -1.6452E-02   
2.7852E-02   -3.5334E-04   
4.4380E-03   -1.4601E-02   
3.7268E-03   -1.5078E-02   
2.7853E-02   -3.0624E-04   
3.1105E-03   -1.5524E-02   
2.7851E-02   -2.6906E-04   
2.7849E-02   -2.4107E-04   
1.4292E-03   -1.6626E-02   
2.7911E-02   -1.8224E-04   
1.8465E-03   -1.6681E-02   
1.4387E-03   -1.7143E-02   
2.8721E-02   -1.4899E-04   
2.8356E-02   -1.8042E-04   
2.8042E-02   -1.6249E-04   
1.6294E-03   -1.7360E-02   
2.7965E-02   -1.7052E-04   
1.6880E-03   -1.7467E-02   
1.1365E-03   -1.7184E-02   
1.6577E-03   -1.8387E-02   
1.7227E-03   -1.7577E-02   
2.8936E-02   -1.4158E-04   
1.6586E-03   -1.7896E-02   
1.6229E-03   -1.8016E-02   
2.8198E-02   -1.3591E-04   
1.6934E-03   -1.8253E-02   
1.6056E-03   -1.7249E-02   
2.8241E-02   -1.7618E-04   
2.9616E-02   -1.7828E-04   
2.9180E-02   -1.7074E-04   
2.7762E-02   -4.8626E-04   
2.7662E-02   -5.7177E-04   
2.7855E-02   -4.5523E-04   
2.1011E-02   -6.0239E-03   
2.3011E-02   -4.6983E-03   
2.6330E-02   -1.5382E-03   
2.3606E-02   -4.0242E-03   
2.7554E-02   -6.5652E-04   
2.3293E-02   -4.3682E-03   
2.3898E-02   -3.7043E-03   
1.5991E-02   -9.0536E-03   
2.4173E-02   -3.4103E-03   
2.5174E-02   -2.4594E-03   
2.7170E-02   -9.2842E-04   
2.7436E-02   -7.4315E-04   
2.7308E-02   -8.3309E-04   
2.6515E-02   -1.3958E-03   
2.4434E-02   -3.1415E-03   
2.7019E-02   -1.0328E-03   
2.4688E-02   -2.8952E-03   
2.4934E-02   -2.6689E-03   
2.6692E-02   -1.2656E-03   
2.6860E-02   -1.1452E-03   
2.5416E-02   -2.2610E-03   
1.8742E-02   -7.2281E-03   
1.7262E-02   -7.8177E-03   
1.5620E-02   -8.5097E-03   
2.0409E-02   -6.6703E-03   
1.4074E-02   -9.2060E-03   
2.5662E-02   -2.0710E-03   
2.5907E-02   -1.8856E-03   
1.2575E-02   -9.9146E-03   
2.7835E-02   -4.0944E-04   
2.6132E-02   -1.7055E-03   
1.1116E-02   -1.0636E-02   
9.7515E-03   -1.1374E-02   
7.3382E-03   -1.2777E-02   
2.7762E-02   -3.8207E-04   
6.3527E-03   -1.3405E-02   
5.5284E-03   -1.3971E-02   
2.7748E-02   -3.4213E-04   
2.7740E-02   -3.0607E-04   
3.1536E-03   -1.5655E-02   
1.7205E-03   -1.6886E-02   
2.7806E-02   -2.1894E-04   
2.8139E-02   -1.7486E-04   
2.1357E-03   -1.7212E-02   
2.4147E-03   -1.6037E-02   
2.8479E-02   -1.8893E-04   
3.2023E-03   -1.5765E-02   
2.8155E-02   -2.2430E-04   
1.6601E-03   -1.7126E-02   
1.9730E-03   -1.7946E-02   
2.0826E-03   -1.7094E-02   
1.8072E-03   -1.7652E-02   
2.8053E-02   -1.7886E-04   
2.9007E-02   -1.6753E-04   
2.7858E-02   -2.1141E-04   
1.7151E-03   -1.7771E-02   
1.6411E-03   -1.8134E-02   
2.9157E-02   -2.2060E-04   
2.9831E-02   -1.7740E-04   
1.7440E-03   -1.8630E-02   
2.1143E-03   -1.8287E-02   
2.8882E-02   -1.2066E-04   
2.7577E-02   -5.7736E-04   
2.2772E-02   -4.5703E-03   
2.5189E-02   -2.2729E-03   
2.3216E-02   -4.1447E-03   
2.3555E-02   -3.7978E-03   
2.7465E-02   -6.5781E-04   
2.3862E-02   -3.4838E-03   
2.6349E-02   -1.3989E-03   
2.7210E-02   -8.2196E-04   
2.7345E-02   -7.3795E-04   
2.4150E-02   -3.1968E-03   
2.7058E-02   -9.1845E-04   
2.4939E-02   -2.4778E-03   
2.4424E-02   -2.9354E-03   
2.6540E-02   -1.2635E-03   
2.4686E-02   -2.6971E-03   
2.6894E-02   -1.0244E-03   
2.6722E-02   -1.1394E-03   
2.0422E-02   -6.0919E-03   
1.8621E-02   -6.8232E-03   
2.7766E-02   -4.2754E-04   
1.7344E-02   -7.3401E-03   
2.5925E-02   -1.7144E-03   
2.5440E-02   -2.0776E-03   
2.6145E-02   -1.5491E-03   
1.6063E-02   -7.8814E-03   
1.4736E-02   -8.4762E-03   
2.5688E-02   -1.8916E-03   
1.3446E-02   -9.1320E-03   
1.2175E-02   -9.8036E-03   
1.0960E-02   -1.0490E-02   
2.7734E-02   -2.7908E-04   
9.8562E-03   -1.1154E-02   
4.7355E-03   -1.4544E-02   
8.9441E-03   -1.1736E-02   
2.7636E-02   -4.3123E-04   
2.7965E-02   -2.1792E-04   
2.7624E-02   -3.8206E-04   
2.9800E-03   -1.6026E-02   
2.1667E-03   -1.6784E-02   
2.7764E-02   -2.3279E-04   
3.7212E-03   -1.5351E-02   
2.7907E-02   -2.1383E-04   
2.9303E-03   -1.6634E-02   
2.1683E-03   -1.7605E-02   
2.1449E-03   -1.6926E-02   
2.0842E-03   -1.7514E-02   
2.7676E-02   -2.6513E-04   
2.8781E-02   -1.9661E-04   
2.4316E-03   -1.7804E-02   
2.8963E-02   -2.1240E-04   
1.9106E-03   -1.8051E-02   
2.9118E-02   -2.7777E-04   
2.1825E-03   -1.8570E-02   
2.9647E-02   -2.2953E-04   
3.0064E-02   -1.4711E-04   
2.4256E-03   -1.8393E-02   
2.8577E-02   -2.0667E-04   
2.7597E-02   -5.0841E-04   
2.2336E-02   -5.1353E-03   
2.2787E-02   -4.2756E-03   
2.3182E-02   -3.9070E-03   
2.4960E-02   -2.2949E-03   
2.3529E-02   -3.5744E-03   
2.7381E-02   -6.6345E-04   
2.7261E-02   -7.2446E-04   
2.3849E-02   -3.2697E-03   
2.0604E-02   -5.7017E-03   
2.7106E-02   -8.1265E-04   
2.6379E-02   -1.2679E-03   
2.4151E-02   -2.9907E-03   
2.4702E-02   -2.5070E-03   
2.6938E-02   -9.1268E-04   
2.4435E-02   -2.7370E-03   
2.6574E-02   -1.1393E-03   
2.6760E-02   -1.0214E-03   
1.9890E-02   -5.8966E-03   
2.5218E-02   -2.0947E-03   
2.5952E-02   -1.5611E-03   
2.6172E-02   -1.4083E-03   
1.8978E-02   -6.1960E-03   
2.5718E-02   -1.7275E-03   
1.7878E-02   -6.6201E-03   
1.6819E-02   -7.1078E-03   
2.5472E-02   -1.9055E-03   
2.7690E-02   -4.4849E-04   
1.3620E-02   -8.7492E-03   
1.5733E-02   -7.6179E-03   
2.7611E-02   -3.4803E-04   
1.4661E-02   -8.1687E-03   
2.7840E-02   -2.2733E-04   
5.7465E-03   -1.3970E-02   
8.2217E-03   -1.2219E-02   
5.4572E-03   -1.4232E-02   
1.2722E-02   -9.2782E-03   
2.7502E-02   -4.6580E-04   
2.7723E-02   -2.6263E-04   
2.7635E-02   -2.7538E-04   
4.7142E-03   -1.4820E-02   
3.2884E-03   -1.6270E-02   
2.6813E-03   -1.7224E-02   
2.8916E-02   -2.6969E-04   
2.7777E-02   -2.6570E-04   
3.5421E-03   -1.5950E-02   
2.8379E-02   -2.4315E-04   
2.6208E-03   -1.7561E-02   
2.8507E-02   -2.6310E-04   
2.3031E-03   -1.8005E-02   
2.9321E-03   -1.6187E-02   
2.9344E-02   -2.8453E-04   
2.8051E-02   -2.2061E-04   
3.0331E-02   -1.1459E-04   
2.6365E-03   -1.8226E-02   
2.1562E-02   -5.0014E-03   
2.7480E-02   -5.8916E-04   
2.2766E-02   -4.0348E-03   
2.3174E-02   -3.6775E-03   
2.3532E-02   -3.3571E-03   
2.4733E-02   -2.3261E-03   
2.7347E-02   -6.1981E-04   
2.2290E-02   -4.6527E-03   
2.7165E-02   -7.1173E-04   
2.4996E-02   -2.1206E-03   
2.3864E-02   -3.0616E-03   
2.6989E-02   -8.0940E-04   
2.4176E-02   -2.7905E-03   
2.4465E-02   -2.5462E-03   
2.6417E-02   -1.1447E-03   
2.6807E-02   -9.1152E-04   
2.6616E-02   -1.0224E-03   
2.1233E-02   -4.9154E-03   
2.5755E-02   -1.5774E-03   
2.6208E-02   -1.2778E-03   
2.5988E-02   -1.4217E-03   
2.7740E-02   -2.5272E-04   
2.0210E-02   -5.2685E-03   
2.5256E-02   -1.9272E-03   
1.9460E-02   -5.5557E-03   
2.5510E-02   -1.7461E-03   
2.7485E-02   -4.2594E-04   
1.6958E-02   -6.6541E-03   
1.8642E-02   -5.8641E-03   
1.6162E-02   -7.0783E-03   
1.7806E-02   -6.2329E-03   
8.6075E-03   -1.2138E-02   
2.7495E-02   -5.2282E-04   
2.7597E-02   -3.2435E-04   
1.1982E-02   -9.7400E-03   
2.8003E-02   -1.5303E-04   
6.1467E-03   -1.4085E-02   
2.7603E-02   -2.9261E-04   
2.7940E-02   -2.7556E-04   
2.7847E-02   -2.7036E-04   
2.7572E-02   -3.2133E-04   
2.7525E-02   -3.2083E-04   
2.8233E-02   -3.0638E-04   
2.7485E-02   -3.2688E-04   
3.7536E-03   -1.5718E-02   
5.2610E-03   -1.5005E-02   
7.7892E-03   -1.2580E-02   
8.7606E-03   -1.1951E-02   
3.6392E-03   -1.6479E-02   
2.8516E-02   -3.1391E-04   
2.9257E-03   -1.7235E-02   
4.9931E-03   -1.4758E-02   
2.9069E-02   -3.4197E-04   
2.4237E-03   -1.8129E-02   
3.0668E-02   -5.8176E-05   
3.1667E-03   -1.7432E-02   
3.0286E-02   -1.6083E-04   
2.8860E-02   -3.3394E-04   
2.8271E-02   -2.2953E-04   
2.8839E-03   -1.7733E-02   
2.2229E-02   -4.4741E-03   
2.2788E-02   -3.7962E-03   
2.3204E-02   -3.4572E-03   
2.4777E-02   -2.1545E-03   
2.7228E-02   -6.1162E-04   
2.3562E-02   -3.1479E-03   
2.4509E-02   -2.3650E-03   
2.7043E-02   -7.1571E-04   
2.3904E-02   -2.8579E-03   
2.4220E-02   -2.5975E-03   
2.6863E-02   -8.1013E-04   
2.5800E-02   -1.4402E-03   
2.6461E-02   -1.0293E-03   
2.6668E-02   -9.1264E-04   
2.6250E-02   -1.1580E-03   
2.1558E-02   -4.5093E-03   
2.6030E-02   -1.2940E-03   
2.7388E-02   -5.4365E-04   
2.5041E-02   -1.9570E-03   
2.5555E-02   -1.5994E-03   
2.1239E-02   -4.5337E-03   
2.5301E-02   -1.7717E-03   
2.0712E-02   -4.6448E-03   
1.8922E-02   -5.3525E-03   
1.9534E-02   -5.0755E-03   
2.7357E-02   -5.1109E-04   
2.0135E-02   -4.8336E-03   
2.7463E-02   -3.9641E-04   
2.7866E-02   -1.9985E-04   
1.5407E-02   -7.5192E-03   
2.7454E-02   -3.3995E-04   
2.7357E-02   -3.8571E-04   
9.1707E-03   -1.1645E-02   
2.7567E-02   -3.1835E-04   
2.7317E-02   -3.8810E-04   
2.7403E-02   -3.9029E-04   
8.4796E-03   -1.2520E-02   
2.8057E-02   -2.7918E-04   
2.7706E-02   -3.3407E-04   
1.1533E-02   -1.0066E-02   
2.7969E-02   -3.4563E-04   
4.2263E-03   -1.6339E-02   
3.2801E-03   -1.6542E-02   
8.7559E-03   -1.2416E-02   
9.2115E-03   -1.1887E-02   
2.8793E-02   -4.0557E-04   
2.9288E-02   -3.5023E-04   
3.7981E-03   -1.6875E-02   
2.8135E-03   -1.7913E-02   
3.0515E-02   -1.3102E-04   
3.6526E-03   -1.7259E-02   
2.2237E-02   -4.2174E-03   
2.2889E-02   -3.5645E-03   
2.4563E-02   -2.1954E-03   
2.3231E-02   -3.2582E-03   
2.7079E-02   -6.4718E-04   
2.4830E-02   -1.9939E-03   
2.3611E-02   -2.9435E-03   
2.4276E-02   -2.4157E-03   
2.6923E-02   -7.2076E-04   
2.5850E-02   -1.3158E-03   
2.3959E-02   -2.6639E-03   
2.5607E-02   -1.4652E-03   
2.2314E-02   -3.9384E-03   
2.6738E-02   -8.1225E-04   
2.6293E-02   -1.0516E-03   
2.6077E-02   -1.1792E-03   
2.1981E-02   -3.9163E-03   
2.5353E-02   -1.6285E-03   
2.5093E-02   -1.8050E-03   
2.7327E-02   -4.7673E-04   
2.7436E-02   -3.5837E-04   
2.0845E-02   -4.1823E-03   
2.1608E-02   -3.9744E-03   
1.2261E-02   -9.5688E-03   
2.1236E-02   -4.0624E-03   
2.7441E-02   -3.7678E-04   
1.8294E-02   -5.6762E-03   
1.2183E-02   -9.9348E-03   
2.7133E-02   -4.5940E-04   
1.4645E-02   -8.0145E-03   
2.7170E-02   -4.6162E-04   
2.7285E-02   -3.9771E-04   
2.7460E-02   -4.0038E-04   
1.0705E-02   -1.0898E-02   
4.8528E-03   -1.6529E-02   
9.5617E-03   -1.2073E-02   
2.8046E-02   -3.8258E-04   
2.7813E-02   -3.4106E-04   
2.9232E-02   -4.1922E-04   
1.2277E-02   -9.7138E-03   
3.4989E-03   -1.7488E-02   
2.8587E-02   -3.9688E-04   
2.9562E-02   -2.9587E-04   
6.4411E-03   -1.4887E-02   
6.6002E-03   -1.4293E-02   
6.5155E-03   -1.4577E-02   
2.8716E-02   -4.8560E-04   
2.7192E-02   -5.6536E-04   
2.4623E-02   -2.0379E-03   
2.4340E-02   -2.2470E-03   
2.2784E-02   -3.4435E-03   
2.6640E-02   -8.1141E-04   
2.7268E-02   -4.3285E-04   
2.3282E-02   -3.0552E-03   
2.5666E-02   -1.3435E-03   
2.6997E-02   -6.3392E-04   
2.5905E-02   -1.2041E-03   
2.6805E-02   -7.3029E-04   
2.3673E-02   -2.7492E-03   
2.5414E-02   -1.4974E-03   
2.4890E-02   -1.8450E-03   
2.5153E-02   -1.6650E-03   
2.2461E-02   -3.4813E-03   
2.6320E-02   -9.7577E-04   
2.6129E-02   -1.0787E-03   
2.2005E-02   -3.4958E-03   
2.2230E-02   -3.4840E-03   
1.7477E-02   -6.1545E-03   
2.0434E-02   -4.3443E-03   
2.7296E-02   -4.5132E-04   
1.5879E-02   -7.2807E-03   
2.7263E-02   -4.1453E-04   
2.6934E-02   -5.4128E-04   
1.3713E-02   -8.7935E-03   
2.7100E-02   -4.6518E-04   
2.7211E-02   -4.7182E-04   
2.8377E-02   -3.8692E-04   
2.7541E-02   -4.1162E-04   
1.3220E-02   -9.4040E-03   
1.5974E-02   -7.1162E-03   
1.1869E-02   -9.8598E-03   
2.8300E-02   -3.4320E-04   
2.7782E-02   -4.3853E-04   
1.0804E-02   -1.1324E-02   
4.4856E-03   -1.7041E-02   
7.5855E-03   -1.4398E-02   
1.5291E-02   -7.7287E-03   
2.8666E-02   -3.2454E-04   
2.8952E-02   -4.8639E-04   
2.9506E-02   -3.5837E-04   
2.9801E-02   -2.5542E-04   
1.0060E-02   -1.2002E-02   
9.9675E-03   -1.2414E-02   
2.6677E-02   -7.5112E-04   
2.4098E-02   -2.3170E-03   
2.4401E-02   -2.0959E-03   
2.7104E-02   -5.1556E-04   
2.6205E-02   -9.8267E-04   
2.5973E-02   -1.1026E-03   
2.6842E-02   -6.7577E-04   
2.4684E-02   -1.8943E-03   
2.5733E-02   -1.2335E-03   
2.5482E-02   -1.3780E-03   
2.3760E-02   -2.5632E-03   
2.5221E-02   -1.5368E-03   
2.4955E-02   -1.7086E-03   
2.2964E-02   -3.1773E-03   
2.2852E-02   -3.1252E-03   
2.2710E-02   -3.0878E-03   
2.1776E-02   -3.5333E-03   
1.9930E-02   -4.5954E-03   
2.3338E-02   -2.8578E-03   
2.7148E-02   -5.3622E-04   
2.6873E-02   -5.5260E-04   
2.6456E-02   -8.6584E-04   
2.6900E-02   -5.4315E-04   
1.7067E-02   -6.4290E-03   
1.5840E-02   -7.1686E-03   
1.4360E-02   -8.8399E-03   
2.6970E-02   -5.4746E-04   
1.9221E-02   -5.0199E-03   
2.7041E-02   -5.0947E-04   
1.7088E-02   -6.6253E-03   
2.7253E-02   -4.9252E-04   
1.8206E-02   -5.7254E-03   
2.7888E-02   -4.5607E-04   
2.8142E-02   -4.6478E-04   
2.7658E-02   -4.2197E-04   
3.0030E-02   -2.5170E-04   
1.4054E-02   -9.3769E-03   
1.4111E-02   -9.1704E-03   
8.8855E-03   -1.3631E-02   
2.8663E-02   -5.6738E-04   
4.2387E-03   -1.7411E-02   
2.9164E-02   -4.9151E-04   
2.9781E-02   -3.0501E-04   
2.6762E-02   -6.7651E-04   
2.4153E-02   -2.1768E-03   
2.3829E-02   -2.4116E-03   
2.6054E-02   -1.0083E-03   
2.6959E-02   -6.0130E-04   
2.5811E-02   -1.1336E-03   
2.4461E-02   -1.9604E-03   
2.5560E-02   -1.2695E-03   
2.4753E-02   -1.7629E-03   
2.5298E-02   -1.4197E-03   
2.3194E-02   -2.8188E-03   
2.5029E-02   -1.5841E-03   
2.2586E-02   -3.0574E-03   
2.6539E-02   -7.7504E-04   
2.6658E-02   -6.3777E-04   
2.3534E-02   -2.6328E-03   
2.1146E-02   -3.7975E-03   
2.2457E-02   -3.0477E-03   
1.9679E-02   -4.6864E-03   
2.6298E-02   -8.8911E-04   
2.6694E-02   -6.2901E-04   
2.7862E-02   -5.1994E-04   
2.6890E-02   -5.9466E-04   
2.6731E-02   -6.2963E-04   
1.9576E-02   -4.7729E-03   
2.6997E-02   -5.6534E-04   
2.7343E-02   -5.0791E-04   
2.6848E-02   -5.7217E-04   
1.7868E-02   -6.5850E-03   
1.9070E-02   -5.1814E-03   
1.9968E-02   -4.7532E-03   
2.8105E-02   -4.2312E-04   
3.0067E-02   -3.1324E-04   
1.8142E-02   -6.2628E-03   
2.7486E-02   -5.1693E-04   
2.8030E-02   -5.4135E-04   
2.8355E-02   -6.7254E-04   
1.4640E-02   -9.0775E-03   
1.2948E-02   -1.0487E-02   
2.8345E-02   -5.8304E-04   
3.0235E-02   -2.0480E-04   
2.9458E-02   -4.2436E-04   
3.2068E-03   -1.8022E-02   
1.4007E-02   -9.0001E-03   
2.3863E-02   -2.2941E-03   
2.3518E-02   -2.5509E-03   
2.5900E-02   -1.0428E-03   
2.6644E-02   -6.9075E-04   
2.5648E-02   -1.1719E-03   
2.4530E-02   -1.8369E-03   
2.3118E-02   -2.7597E-03   
2.5385E-02   -1.3142E-03   
2.2297E-02   -3.0846E-03   
2.4830E-02   -1.6439E-03   
2.0588E-02   -4.0929E-03   
2.5112E-02   -1.4715E-03   
2.6147E-02   -9.2145E-04   
2.3062E-02   -2.7008E-03   
2.6434E-02   -7.3300E-04   
2.6813E-02   -6.0356E-04   
2.6390E-02   -8.0789E-04   
2.6635E-02   -6.5178E-04   
2.6518E-02   -7.0849E-04   
2.6771E-02   -6.3651E-04   
2.0916E-02   -4.4195E-03   
2.0963E-02   -3.9089E-03   
1.9934E-02   -4.8724E-03   
2.0057E-02   -4.6379E-03   
2.7503E-02   -6.2230E-04   
2.9370E-02   -4.9307E-04   
9.8604E-03   -1.3060E-02   
2.1416E-02   -3.5719E-03   
1.7895E-02   -6.2999E-03   
2.7323E-02   -6.1790E-04   
2.8225E-02   -5.4027E-04   
3.0305E-02   -2.3919E-04   
2.9750E-02   -4.2942E-04   
2.8385E-02   -7.4640E-04   
1.7455E-02   -7.2749E-03   
3.7659E-03   -1.7900E-02   
2.7151E-02   -6.1658E-04   
2.8573E-03   -1.8042E-02   
2.5746E-02   -1.0853E-03   
2.6631E-02   -6.6843E-04   
2.5999E-02   -9.6188E-04   
2.5484E-02   -1.2197E-03   
2.4613E-02   -1.7226E-03   
2.3512E-02   -2.4610E-03   
1.8429E-02   -5.4946E-03   
2.2036E-02   -3.1910E-03   
2.6247E-02   -8.4574E-04   
2.3015E-02   -2.6558E-03   
2.6403E-02   -7.4585E-04   
2.4205E-02   -2.0544E-03   
2.4921E-02   -1.5357E-03   
2.1168E-02   -4.1084E-03   
2.1778E-02   -3.5448E-03   
2.6512E-02   -7.2798E-04   
2.1439E-02   -3.6758E-03   
2.1679E-02   -3.4195E-03   
2.1454E-02   -3.5793E-03   
2.0756E-02   -4.0787E-03   
2.2021E-02   -3.4279E-03   
2.0333E-02   -4.9159E-03   
2.7690E-02   -6.3380E-04   
2.9049E-02   -5.8304E-04   
2.7154E-02   -7.2762E-04   
2.6122E-02   -8.6750E-04   
2.6803E-02   -7.3649E-04   
2.7918E-02   -6.4803E-04   
1.4892E-02   -9.4781E-03   
6.5955E-03   -1.5442E-02   
2.6982E-02   -7.2636E-04   
2.8498E-02   -4.7752E-04   
1.8063E-02   -7.0442E-03   
1.7079E-02   -7.4315E-03   
2.8711E-02   -7.0841E-04   
2.8043E-02   -7.9622E-04   
2.5856E-02   -1.0093E-03   
2.5604E-02   -1.1317E-03   
2.6382E-02   -7.6557E-04   
2.2907E-02   -2.6621E-03   
2.6459E-02   -7.5299E-04   
2.6106E-02   -8.9131E-04   
2.5328E-02   -1.2731E-03   
2.3530E-02   -2.3697E-03   
2.4716E-02   -1.6174E-03   
2.5029E-02   -1.4370E-03   
2.3072E-02   -2.7189E-03   
2.2807E-02   -2.8393E-03   
2.3902E-02   -2.1861E-03   
2.2384E-02   -2.9744E-03   
2.2694E-02   -2.7887E-03   
2.2587E-02   -2.8411E-03   
2.4274E-02   -1.9377E-03   
2.6590E-02   -7.3011E-04   
2.5871E-02   -9.8636E-04   
2.6644E-02   -8.4482E-04   
2.2290E-02   -3.0717E-03   
2.6562E-02   -7.8881E-04   
2.0167E-02   -5.2894E-03   
2.7322E-02   -7.3780E-04   
2.2692E-02   -3.2819E-03   
1.0254E-02   -1.2361E-02   
1.8973E-02   -6.5033E-03   
2.6236E-02   -8.5549E-04   
2.6805E-02   -8.4168E-04   
2.3212E-02   -2.7477E-03   
2.0641E-02   -5.0861E-03   
1.0525E-02   -1.2833E-02   
2.8093E-02   -8.6809E-04   
2.9065E-02   -6.7233E-04   
2.5740E-02   -1.0533E-03   
2.5967E-02   -9.4374E-04   
2.4374E-02   -1.8224E-03   
2.3096E-02   -2.5286E-03   
2.4836E-02   -1.5234E-03   
2.3255E-02   -2.4660E-03   
2.3588E-02   -2.2603E-03   
2.5908E-02   -9.8621E-04   
2.3975E-02   -2.0718E-03   
2.3466E-02   -2.3129E-03   
2.6827E-02   -6.3884E-04   
2.5160E-02   -1.3441E-03   
2.6195E-02   -8.3988E-04   
2.3476E-02   -2.3746E-03   
2.6464E-02   -9.6360E-04   
2.3714E-02   -2.2829E-03   
2.6508E-02   -8.5385E-04   
6.7381E-03   -1.4885E-02   
2.0371E-02   -5.6286E-03   
2.6964E-02   -8.4871E-04   
6.5020E-03   -1.5654E-02   
2.4210E-02   -2.1960E-03   
2.2289E-02   -3.7353E-03   
2.6253E-02   -8.8742E-04   
2.7494E-02   -7.5636E-04   
1.1087E-02   -1.2489E-02   
2.4004E-02   -2.4171E-03   
2.2736E-02   -3.5725E-03   
1.6039E-02   -8.7467E-03   
2.7729E-02   -9.3248E-04   
2.3371E-02   -2.5634E-03   
2.9446E-02   -6.2924E-04   
2.4500E-02   -1.7169E-03   
2.3940E-02   -2.0626E-03   
2.5502E-02   -1.1647E-03   
2.4117E-02   -1.9442E-03   
2.5590E-02   -1.1257E-03   
2.3927E-02   -2.1913E-03   
2.3129E-02   -2.5419E-03   
2.6761E-02   -9.7963E-04   
2.4955E-02   -1.4448E-03   
2.4127E-02   -1.9969E-03   
2.3903E-02   -2.0591E-03   
2.5925E-02   -1.0089E-03   
2.6611E-02   -9.6831E-04   
2.5802E-02   -1.0166E-03   
2.3436E-02   -2.3247E-03   
2.6250E-02   -9.3526E-04   
1.7384E-02   -7.0217E-03   
2.4087E-02   -2.1761E-03   
2.3909E-02   -2.6294E-03   
2.3952E-02   -2.6922E-03   
2.3065E-02   -3.5007E-03   
2.3285E-02   -3.6170E-03   
2.7779E-02   -1.0206E-03   
6.9665E-03   -1.5654E-02   
2.7275E-02   -8.8796E-04   
2.9762E-02   -5.1799E-04   
2.4625E-02   -1.6282E-03   
2.4274E-02   -1.8341E-03   
2.5302E-02   -1.2604E-03   
2.4447E-02   -1.7813E-03   
2.5597E-02   -1.1438E-03   
2.6277E-02   -9.8129E-04   
2.5939E-02   -1.0438E-03   
2.4313E-02   -1.9334E-03   
2.6410E-02   -1.1033E-03   
2.6267E-02   -1.0937E-03   
2.7393E-02   -9.8671E-04   
2.6914E-02   -9.9946E-04   
2.4778E-02   -2.2429E-03   
2.4631E-02   -2.1669E-03   
2.3737E-02   -2.1663E-03   
2.7634E-02   -7.9303E-04   
2.8413E-02   -8.0905E-04   
2.7321E-02   -1.2127E-03   
2.4020E-02   -3.0036E-03   
2.2441E-02   -4.4217E-03   
2.4635E-02   -2.5092E-03   
2.4652E-02   -1.8910E-03   
1.1283E-02   -1.2730E-02   
2.9806E-02   -5.9035E-04   
2.4394E-02   -1.7511E-03   
2.5612E-02   -1.1079E-03   
2.4004E-02   -1.9860E-03   
2.5032E-02   -1.4032E-03   
2.6012E-02   -1.2610E-03   
2.5255E-02   -1.2983E-03   
2.4735E-02   -1.5604E-03   
2.5608E-02   -1.1743E-03   
2.4610E-02   -1.7335E-03   
2.5938E-02   -1.1456E-03   
2.4787E-02   -1.6920E-03   
2.5934E-02   -1.2092E-03   
2.7703E-02   -8.5357E-04   
2.6564E-02   -1.1150E-03   
2.7080E-02   -1.0281E-03   
2.8647E-02   -8.1625E-04   
2.4684E-02   -2.0195E-03   
2.7418E-02   -9.0800E-04   
2.4782E-02   -1.8947E-03   
2.7062E-02   -1.1279E-03   
2.4329E-02   -1.8167E-03   
2.5008E-02   -1.6525E-03   
2.5034E-02   -2.2055E-03   
2.6998E-02   -1.2397E-03   
2.7713E-02   -1.1285E-03   
2.4541E-02   -2.2944E-03   
2.5017E-02   -2.3968E-03   
2.4144E-02   -3.2438E-03   
7.2607E-03   -1.5781E-02   
2.4484E-02   -1.7038E-03   
2.5021E-02   -1.5279E-03   
2.4889E-02   -1.4862E-03   
2.5293E-02   -1.3065E-03   
2.5098E-02   -1.7921E-03   
2.4843E-02   -1.5756E-03   
2.5634E-02   -1.3776E-03   
2.6265E-02   -1.2199E-03   
2.5204E-02   -2.5779E-03   
2.6715E-02   -1.2733E-03   
2.3999E-02   -1.9838E-03   
2.5136E-02   -1.6820E-03   
2.6700E-02   -1.1396E-03   
2.5643E-02   -1.2023E-03   
2.5590E-02   -1.3219E-03   
2.5324E-02   -1.9907E-03   
5.3942E-03   -1.7226E-02   
2.5294E-02   -2.1814E-03   
2.6900E-02   -1.3522E-03   
2.8002E-02   -1.0265E-03   
2.5958E-02   -1.0843E-03   
2.3717E-02   -2.1472E-03   
2.4676E-02   -1.6376E-03   
2.5194E-02   -1.4966E-03   
2.4980E-02   -1.4744E-03   
2.6346E-02   -1.2590E-03   
2.5400E-02   -1.3513E-03   
2.5343E-02   -1.5314E-03   
2.5036E-02   -1.4262E-03   
2.6573E-02   -1.5117E-03   
2.4743E-02   -1.5833E-03   
2.8319E-02   -9.6679E-04   
2.6608E-02   -1.4000E-03   
2.5107E-02   -1.9879E-03   
2.5354E-02   -1.4745E-03   
2.5604E-02   -2.3178E-03   
4.1226E-03   -1.8022E-02   
2.5705E-02   -1.2191E-03   
2.5473E-02   -1.7648E-03   
2.5995E-02   -1.3654E-03   
2.6062E-02   -1.4408E-03   
2.5619E-02   -1.7912E-03   
2.6604E-02   -1.6094E-03   
2.5387E-02   -1.6405E-03   
2.5562E-02   -2.2085E-03   
2.5659E-02   -2.3902E-03   
2.5887E-02   -1.6054E-03   
2.5410E-02   -1.7074E-03   
2.6000E-02   -2.3115E-03   
2.5779E-02   -1.8264E-03   
2.6810E-02   -1.1691E-03   
2.7056E-02   -1.4953E-03   
2.6194E-02   -1.7058E-03   
2.5692E-02   -1.5404E-03   
2.6317E-02   -1.4328E-03   
2.5515E-02   -2.0046E-03   
2.6188E-02   -1.8159E-03   
2.7487E-02   -1.2801E-03   
2.6480E-02   -2.0784E-03   
2.5884E-02   -1.8722E-03   
2.5705E-02   -1.6108E-03   
2.6081E-02   -1.9692E-03   
2.6395E-02   -1.9341E-03   
2.6900E-02   -1.7389E-03   
2.7151E-02   -1.5636E-03   
2.6674E-02   -1.9185E-03   
4.0222E-04   -1.9002E-02   
2.5957E-02   -2.1134E-03   
2.5223E-02   -2.6707E-03   
3.0555E-02   -2.3457E-04   
8.9657E-04   -1.8135E-02   
3.1441E-02   -3.0508E-05   
3.0171E-02   -5.5171E-04   
7.3105E-04   -1.9069E-02   
3.5664E-03   -1.8168E-02   
2.6556E-02   -2.1527E-03   
3.0771E-02   -1.1699E-04   
1.1151E-03   -1.9033E-02   
4.9332E-03   -1.7159E-02   
1.5792E-03   -1.8982E-02   
2.0505E-03   -1.8924E-02   
2.5168E-03   -1.8844E-02   
2.9987E-03   -1.8735E-02   
3.1745E-02   -2.7321E-05   
3.4904E-03   -1.8572E-02   
4.0219E-03   -1.8304E-02   
3.0030E-02   -4.3603E-04   
4.6457E-03   -1.7862E-02   
3.2061E-02   -2.5213E-05   
5.9878E-03   -1.6858E-02   
9.7915E-03   -1.3872E-02   
2.7458E-02   -1.4017E-03   
1.5896E-02   -9.4741E-03   
3.2397E-02   -2.2361E-05   
2.8903E-02   -5.5170E-04   
1.9326E-02   -7.2396E-03   
2.0766E-02   -5.1549E-03   
2.6615E-03   -1.8491E-02   
3.0135E-02   -3.7072E-04   
2.3337E-02   -4.7642E-03   
2.5483E-02   -3.4954E-03   
3.2745E-02   -1.8509E-05   
2.6668E-02   -2.9201E-03   
1.6549E-02   -8.8316E-03   
2.7350E-02   -2.7115E-03   
2.7860E-02   -2.6303E-03   
3.3109E-02   -1.4610E-05   
2.8456E-02   -2.4458E-03   
2.9116E-02   -2.3068E-03   
1.1746E-03   -1.8769E-02   
2.9725E-02   -2.1655E-03   
3.3532E-02   -1.1411E-05   
3.0912E-02   -7.1201E-05   
2.0526E-02   -5.9096E-03   
3.0374E-02   -1.9938E-03   
3.0988E-02   -1.8527E-03   
2.9509E-02   -6.9100E-04   
3.4007E-02   -4.5980E-06   
2.8673E-02   -9.0097E-04   
2.7966E-02   -1.1122E-03   
3.2161E-02   -1.5046E-03   
3.4457E-02   -2.1774E-04   
3.4553E-02   -2.3872E-04   
3.4549E-02   -2.8990E-05   
3.4603E-02   -5.9079E-06   
3.4492E-02   -1.1142E-04   
6.1835E-03   -1.6787E-02   
3.3395E-02   -9.6763E-04   
1.3586E-03   -1.8875E-02   
2.8910E-02   -9.1289E-04   
2.8383E-02   -1.0543E-03   
2.3917E-03   -1.8648E-02   
2.7728E-02   -1.3815E-03   
3.0892E-03   -1.8410E-02   
3.0813E-02   -1.9157E-04   
2.7120E-02   -1.7467E-03   
3.0474E-02   -4.4783E-04   
3.4360E-03   -1.8386E-02   
2.0932E-02   -5.6739E-03   
2.3443E-03   -1.8768E-02   
2.4103E-02   -3.4792E-03   
3.3387E-03   -1.8540E-02   
2.9363E-02   -7.9295E-04   
2.9552E-02   -2.0542E-03   
2.6557E-02   -2.8088E-03   
4.6839E-03   -1.7869E-02   
1.5997E-02   -9.3982E-03   
1.0236E-02   -1.3752E-02   
1.1400E-02   -1.2851E-02   
3.2210E-02   -4.8851E-05   
2.7083E-02   -2.0168E-03   
3.1040E-02   -1.0270E-04   
3.0238E-02   -6.1301E-04   
3.1599E-02   -5.4353E-05   
3.3474E-02   -2.6179E-05   
2.6132E-02   -2.3751E-03   
2.7596E-02   -2.5122E-03   
3.0341E-02   -2.7057E-04   
3.0381E-02   -3.8425E-04   
2.7439E-02   -1.4754E-03   
2.4140E-02   -3.3169E-03   
3.4295E-02   -1.1836E-06   
3.1602E-02   -1.6779E-03   
1.9258E-02   -7.1341E-03   
3.0518E-02   -1.8082E-03   
3.4590E-02   -1.3850E-04   
3.4694E-02   -2.1479E-06   
3.4666E-02   -1.4634E-05   
3.4621E-02   -6.4867E-05   
2.8548E-02   -2.2587E-03   
2.4309E-02   -3.8555E-03   
3.2899E-02   -3.3978E-05   
3.2715E-02   -1.0774E-03   
3.4057E-02   -1.4223E-05   
3.3423E-02   -8.2417E-04   
3.3870E-02   -2.7123E-04   
3.4110E-02   -2.1727E-05   
3.4017E-02   -7.4925E-05   
3.3734E-02   -5.0707E-04   
2.9217E-02   -9.1857E-04   
2.6496E-02   -2.6813E-03   
3.0936E-02   -1.4447E-04   
3.1257E-02   -1.1756E-04   
3.2011E-02   -8.1155E-05   
1.5183E-03   -1.8745E-02   
2.5868E-02   -2.5818E-03   
2.8203E-02   -1.2240E-03   
1.5041E-02   -1.0147E-02   
3.0838E-02   -2.4010E-04   
3.2693E-02   -6.0007E-05   
3.1403E-02   -1.5973E-03   
4.6895E-03   -1.7812E-02   
2.5848E-02   -2.9198E-03   
1.9352E-02   -7.0351E-03   
2.7504E-02   -2.4278E-03   
2.4725E-02   -3.2358E-03   
2.9137E-02   -2.0493E-03   
2.7585E-02   -1.6344E-03   
2.2780E-02   -4.6738E-03   
3.0057E-02   -7.2741E-04   
3.0544E-02   -5.1344E-04   
2.8082E-02   -2.2895E-03   
2.7555E-02   -1.7829E-03   
3.3089E-02   -4.6827E-05   
2.7167E-02   -2.1286E-03   
3.2351E-02   -7.0527E-05   
2.2855E-02   -4.4843E-03   
3.0687E-02   -3.0991E-04   
2.6994E-02   -2.5603E-03   
2.7979E-02   -1.4116E-03   
3.1622E-02   -9.0450E-05   
3.0759E-02   -3.5649E-04   
3.3284E-02   -4.2627E-04   
3.3638E-02   -4.9056E-05   
3.3516E-02   -1.3837E-04   
3.3724E-02   -2.4577E-05   
2.9620E-02   -8.0136E-04   
3.1958E-02   -1.3199E-03   
3.2879E-02   -8.5173E-04   
3.4003E-02   -5.5528E-05   
3.3784E-02   -4.0815E-04   
3.3866E-02   -1.5155E-04   
3.3796E-02   -1.9921E-04   
2.6884E-02   -2.4557E-03   
2.1941E-02   -5.2016E-03   
3.2808E-02   -7.8190E-05   
3.0965E-02   -1.6532E-03   
2.5496E-02   -2.9519E-03   
2.7599E-02   -1.9032E-03   
2.6766E-02   -2.3588E-03   
3.0937E-02   -4.7081E-04   
3.1466E-02   -1.3562E-04   
2.8722E-02   -2.0651E-03   
3.2165E-02   -1.0151E-04   
3.3440E-02   -2.1196E-04   
3.3656E-02   -8.1732E-05   
3.1129E-02   -3.2160E-04   
2.9068E-02   -1.0573E-03   
3.1175E-02   -2.1964E-04   
2.8544E-02   -1.2212E-03   
3.3294E-02   -3.0900E-04   
3.2180E-02   -1.0493E-03   
3.0382E-02   -7.1582E-04   
2.9733E-02   -1.8428E-03   
2.8009E-02   -1.5801E-03   
2.6288E-02   -2.4964E-03   
2.7900E-02   -2.2066E-03   
3.0084E-02   -8.1044E-04   
3.3438E-02   -4.4026E-05   
3.1872E-02   -1.2329E-03   
3.3005E-02   -6.2319E-04   
2.8879E-02   -1.8619E-03   
2.8506E-02   -1.4970E-03   
2.9957E-02   -9.2626E-04   
3.0779E-02   -6.5583E-04   
2.8296E-02   -1.9903E-03   
2.7278E-02   -2.2316E-03   
3.2919E-02   -9.4984E-05   
3.1589E-02   -1.2309E-03   
3.2174E-02   -1.3790E-04   
3.2580E-02   -1.1518E-04   
2.7787E-02   -2.1103E-03   
3.1400E-02   -2.4007E-04   
3.1466E-02   -1.7761E-04   
3.1230E-02   -3.7260E-04   
2.7990E-02   -1.5018E-03   
2.8070E-02   -1.8067E-03   
3.1050E-02   -5.2794E-04   
2.9909E-02   -1.6607E-03   
2.9412E-02   -1.0585E-03   
2.8913E-02   -1.2054E-03   
2.8393E-02   -1.6436E-03   
3.0385E-02   -8.6274E-04   
3.0686E-02   -7.5929E-04   
3.0151E-02   -1.8220E-03   
3.1338E-02   -4.2247E-04   
2.8175E-02   -1.8990E-03   
3.3255E-02   -7.3693E-05   
3.1770E-02   -1.8278E-04   
3.1498E-02   -2.9142E-04   
3.0963E-02   -1.4202E-03   
3.2026E-02   -1.9479E-04   
2.8824E-02   -1.3261E-03   
2.9667E-02   -1.0753E-03   
3.0734E-02   -8.3729E-04   
2.8528E-02   -1.7045E-03   
3.1892E-02   -2.5609E-04   
3.1896E-02   -1.0279E-03   
3.1192E-02   -5.6461E-04   
3.1735E-02   -3.7261E-04   
3.0713E-02   -1.6305E-03   
3.2730E-02   -1.3286E-04   
2.9069E-02   -1.3479E-03   
2.9588E-02   -1.1908E-03   
3.3391E-02   -8.7227E-05   
3.1543E-02   -5.1875E-04   
3.2934E-02   -1.4568E-04   
2.9023E-02   -1.5837E-03   
3.1937E-02   -3.0160E-04   
3.2513E-02   -1.8273E-04   
3.1851E-02   -4.1168E-04   
2.9984E-02   -1.1679E-03   
3.2208E-02   -2.0668E-04   
3.0511E-02   -1.0027E-03   
3.1288E-02   -7.2614E-04   
3.2210E-02   -3.0687E-04   
3.1428E-02   -8.0185E-04   
2.9149E-02   -1.6613E-03   
3.0878E-02   -9.8822E-04   
2.9417E-02   -1.3668E-03   
3.0349E-02   -1.1582E-03   
3.2586E-02   -2.1527E-04   
3.3317E-02   -1.2991E-04   
3.1720E-02   -8.0941E-04   
3.1271E-02   -9.5898E-04   
3.2675E-02   -2.4887E-04   
2.9534E-02   -1.4761E-03   
3.0107E-02   -1.3449E-03   
3.2452E-02   -3.1531E-04   
3.2191E-02   -7.1938E-04   
3.1187E-02   -1.1020E-03   
3.3081E-02   -1.9538E-04   
3.2410E-02   -3.7159E-04   
3.2125E-02   -8.5042E-04   
3.3246E-02   -2.1189E-04   
3.1637E-02   -1.0172E-03   
3.1970E-02   -4.5260E-04   
3.1657E-02   -5.7419E-04   
3.1825E-02   -6.2319E-04   
3.2348E-02   -5.1220E-04   
