51 
1844 
1.9607E-02   -4.7571E-03   
2.0976E-02   -3.0979E-03   
2.1998E-02   -1.9121E-03   
2.2691E-02   -9.4270E-04   
6.8868E-37   -1.0391E-03   
2.2934E-02   9.4141E-38   
2.3095E-02   -1.7687E-34   
2.3222E-02   -4.7139E-35   
2.3562E-02   1.9618E-35   
2.3907E-02   5.1297E-35   
2.4374E-02   1.3536E-34   
2.4970E-02   2.0407E-34   
2.5442E-02   2.5386E-34   
2.6265E-02   3.9040E-34   
2.6890E-02   4.6771E-34   
2.7577E-02   4.0025E-34   
2.7943E-02   6.1642E-34   
2.8719E-02   8.8750E-34   
2.9556E-02   1.2394E-33   
3.0000E-02   -3.1793E-30   
3.0000E-02   -1.3634E-34   
3.0000E-02   -1.3634E-34   
3.0000E-02   -1.3634E-34   
3.0000E-02   -1.3634E-34   
3.0000E-02   -1.3634E-34   
3.0000E-02   -1.3634E-34   
3.0000E-02   -1.3634E-34   
3.0000E-02   -1.3634E-34   
3.0000E-02   -1.3634E-34   
3.0000E-02   -1.3634E-34   
3.0000E-02   -1.3634E-34   
3.0000E-02   -1.3634E-34   
2.8740E-02   -8.0326E-04   
2.7397E-02   -1.4893E-03   
2.6774E-02   -1.7320E-03   
2.6157E-02   -1.9340E-03   
2.4927E-02   -2.2671E-03   
2.4311E-02   -2.4148E-03   
2.3072E-02   -2.7028E-03   
2.2445E-02   -2.8543E-03   
2.0709E-02   -3.5450E-03   
1.6129E-02   -6.3402E-03   
1.2320E-02   -8.6297E-03   
5.2899E-03   -1.3472E-02   
3.9235E-03   -1.4658E-02   
3.4597E-03   -1.4974E-02   
2.5710E-03   -1.5345E-02   
1.6941E-03   -1.5538E-02   
8.3557E-04   -1.5636E-02   
-2.9468E-37   -1.5662E-02   
1.3600E-33   -1.5382E-02   
1.4596E-33   -1.5105E-02   
1.3923E-33   -1.4728E-02   
1.3198E-33   -1.4508E-02   
1.1505E-33   -1.4148E-02   
1.0383E-33   -1.3938E-02   
9.3537E-34   -1.3736E-02   
8.1699E-34   -1.3577E-02   
6.6893E-34   -1.3000E-02   
1.7254E-02   -4.6015E-03   
2.9443E-02   -1.8353E-05   
2.8867E-02   -5.2191E-05   
2.8044E-02   -1.1068E-04   
2.7372E-02   -1.6628E-04   
2.6717E-02   -2.3878E-04   
2.6002E-02   -2.8725E-04   
2.5430E-02   -3.1197E-04   
2.4703E-02   -3.7857E-04   
2.3998E-02   -4.2949E-04   
2.3302E-02   -4.8326E-04   
2.2623E-02   -5.4376E-04   
2.1925E-02   -6.3813E-04   
2.1198E-02   -8.3465E-04   
2.0191E-02   -1.3400E-03   
1.9063E-02   -2.3691E-03   
2.1021E-02   -2.0476E-03   
2.1458E-02   -8.9141E-04   
2.2026E-02   -4.7832E-04   
2.2591E-02   -3.3662E-04   
2.3154E-02   -2.9153E-04   
2.3702E-02   -2.7548E-04   
2.4359E-02   -2.3845E-04   
2.4972E-02   -2.1211E-04   
2.5552E-02   -1.8304E-04   
2.6142E-02   -1.7816E-04   
2.6813E-02   -1.3243E-04   
2.7460E-02   -9.6354E-05   
2.8095E-02   -7.0121E-05   
2.8781E-02   -3.2125E-05   
2.9382E-02   -8.7916E-06   
2.2606E-02   -4.8138E-04   
2.2840E-02   -1.8998E-04   
2.3120E-02   -1.2757E-04   
2.3555E-02   -1.0709E-04   
2.3995E-02   -1.0132E-04   
2.4554E-02   -1.0232E-04   
2.5069E-02   -1.0199E-04   
2.5593E-02   -9.6684E-05   
2.6286E-02   -7.3722E-05   
2.6873E-02   -5.6161E-05   
2.7543E-02   -4.4166E-05   
2.8211E-02   -2.7308E-05   
2.8871E-02   -1.3519E-05   
2.9486E-02   -1.7809E-06   
2.9333E-02   -3.7769E-05   
2.8698E-02   -9.8084E-05   
2.7923E-02   -1.8986E-04   
2.7228E-02   -2.5039E-04   
2.6607E-02   -3.4224E-04   
2.5851E-02   -4.2140E-04   
2.5109E-02   -4.9909E-04   
2.4413E-02   -5.6716E-04   
2.3680E-02   -6.5637E-04   
2.2998E-02   -7.4310E-04   
2.2118E-02   -8.8527E-04   
2.1174E-02   -1.0914E-03   
2.0257E-02   -1.3672E-03   
1.9166E-02   -1.8556E-03   
1.6882E-02   -3.3143E-03   
6.7485E-03   -9.8666E-03   
2.9278E-02   -6.9351E-05   
2.8729E-02   -1.4236E-04   
2.7791E-02   -2.8389E-04   
2.7178E-02   -3.7836E-04   
2.6456E-02   -4.7642E-04   
2.5580E-02   -6.1134E-04   
2.4829E-02   -6.9328E-04   
2.4097E-02   -7.8875E-04   
2.3217E-02   -9.3665E-04   
2.2382E-02   -1.1095E-03   
2.1500E-02   -1.3094E-03   
2.0606E-02   -1.5043E-03   
1.9523E-02   -1.8933E-03   
1.7758E-02   -2.7784E-03   
1.0770E-02   -7.2422E-03   
1.5059E-03   -1.3238E-02   
2.9473E-02   -6.7919E-05   
2.8457E-02   -2.4520E-04   
2.7884E-02   -3.4394E-04   
2.7179E-02   -4.8464E-04   
2.6136E-02   -6.6812E-04   
2.5394E-02   -7.9843E-04   
2.4635E-02   -9.1267E-04   
2.3725E-02   -1.0796E-03   
2.2886E-02   -1.2588E-03   
2.2003E-02   -1.4340E-03   
2.1156E-02   -1.6369E-03   
2.0113E-02   -1.9164E-03   
1.8268E-02   -2.8372E-03   
1.3731E-02   -5.6714E-03   
4.6824E-03   -1.1774E-02   
1.0639E-03   -1.3815E-02   
2.9134E-02   -1.6543E-04   
2.8524E-02   -3.0892E-04   
2.7786E-02   -4.8802E-04   
2.7041E-02   -6.6530E-04   
2.5975E-02   -8.7868E-04   
2.5131E-02   -1.0174E-03   
2.4247E-02   -1.2146E-03   
2.3397E-02   -1.4064E-03   
2.2429E-02   -1.5830E-03   
2.1639E-02   -1.7588E-03   
2.0767E-02   -2.0440E-03   
1.9377E-02   -2.5978E-03   
1.5196E-02   -5.1846E-03   
7.3918E-03   -1.0554E-02   
2.1289E-03   -1.3875E-02   
1.0376E-03   -1.4091E-02   
2.9299E-02   -2.0132E-04   
2.8452E-02   -4.6027E-04   
2.7766E-02   -6.3035E-04   
2.6681E-02   -9.1567E-04   
2.5721E-02   -1.1626E-03   
2.4886E-02   -1.3114E-03   
2.3832E-02   -1.5344E-03   
2.3036E-02   -1.7136E-03   
2.2030E-02   -1.9198E-03   
2.1136E-02   -2.1723E-03   
2.0062E-02   -2.5668E-03   
1.7625E-02   -3.9673E-03   
1.1307E-02   -8.3188E-03   
4.0163E-03   -1.3369E-02   
2.0243E-03   -1.4273E-02   
9.5259E-04   -1.4393E-02   
2.9169E-02   -2.9346E-04   
2.8227E-02   -6.2011E-04   
2.7571E-02   -8.1505E-04   
2.6288E-02   -1.2055E-03   
2.5516E-02   -1.3955E-03   
2.4631E-02   -1.6158E-03   
2.3676E-02   -1.7957E-03   
2.2689E-02   -2.0247E-03   
2.1580E-02   -2.3108E-03   
2.0653E-02   -2.6040E-03   
1.8718E-02   -3.7153E-03   
1.4253E-02   -6.7134E-03   
6.0035E-03   -1.2696E-02   
3.2823E-03   -1.4251E-02   
2.0074E-03   -1.4598E-02   
9.9953E-04   -1.4695E-02   
2.9206E-02   -3.9047E-04   
2.8385E-02   -7.5248E-04   
2.7298E-02   -1.1171E-03   
2.6341E-02   -1.4503E-03   
2.5327E-02   -1.6341E-03   
2.4328E-02   -1.8595E-03   
2.3361E-02   -2.0992E-03   
2.2380E-02   -2.3481E-03   
2.1378E-02   -2.6009E-03   
1.9580E-02   -3.4385E-03   
1.5433E-02   -6.2380E-03   
8.5153E-03   -1.1306E-02   
4.3351E-03   -1.4086E-02   
2.9705E-03   -1.4706E-02   
1.9277E-03   -1.4917E-02   
1.0712E-03   -1.4990E-02   
2.8870E-02   -6.8355E-04   
2.7899E-02   -1.1727E-03   
2.7117E-02   -1.4111E-03   
2.5847E-02   -1.7873E-03   
2.5063E-02   -1.9757E-03   
2.3953E-02   -2.2340E-03   
2.2969E-02   -2.4863E-03   
2.2096E-02   -2.6706E-03   
2.0758E-02   -3.1497E-03   
1.7322E-02   -5.1184E-03   
1.2397E-02   -8.4809E-03   
5.6897E-03   -1.3464E-02   
3.8303E-03   -1.4692E-02   
2.8145E-03   -1.5025E-02   
1.8720E-03   -1.5218E-02   
8.3616E-04   -1.5378E-02   
5.0215E-03   -1.3035E-03   
9.5290E-03   -1.8472E-03   
1.3493E-02   -2.4783E-03   
1.6022E-02   -3.2650E-03   
1.7579E-02   -3.9957E-03   
1.8685E-02   -4.6764E-03   
1.9212E-02   -4.7715E-03   
1.9864E-02   -4.5997E-03   
2.0048E-02   -4.3659E-03   
2.0214E-02   -4.1241E-03   
2.0373E-02   -3.8936E-03   
2.0528E-02   -3.6767E-03   
2.0681E-02   -3.4724E-03   
2.0830E-02   -3.2798E-03   
2.1117E-02   -2.9257E-03   
2.1255E-02   -2.7623E-03   
2.1390E-02   -2.6066E-03   
2.1520E-02   -2.4580E-03   
2.1646E-02   -2.3149E-03   
2.1768E-02   -2.1765E-03   
2.1886E-02   -2.0425E-03   
2.2105E-02   -1.7849E-03   
2.2207E-02   -1.6600E-03   
2.2303E-02   -1.5371E-03   
2.2393E-02   -1.4158E-03   
2.2478E-02   -1.2960E-03   
2.2555E-02   -1.1772E-03   
2.2627E-02   -1.0595E-03   
2.2748E-02   -8.2705E-04   
2.2799E-02   -7.1307E-04   
2.2843E-02   -5.9689E-04   
2.2874E-02   -4.7639E-04   
2.2908E-02   -3.6473E-04   
2.2920E-02   -2.4519E-04   
2.2940E-02   -1.2276E-04   
2.2997E-02   -6.3876E-34   
2.3028E-02   -6.1963E-34   
2.3050E-02   -4.8043E-34   
2.3067E-02   -2.7051E-34   
2.3081E-02   -2.1827E-34   
2.3110E-02   -1.4200E-34   
2.3129E-02   -1.1242E-34   
2.3153E-02   -8.7285E-35   
2.3184E-02   -6.5762E-35   
2.3269E-02   -3.0905E-35   
2.3326E-02   -1.6683E-35   
2.3393E-02   -4.0302E-36   
2.3471E-02   7.8782E-36   
2.3664E-02   3.0337E-35   
2.3779E-02   4.0910E-35   
2.4049E-02   6.2585E-35   
2.4204E-02   7.4005E-35   
2.4558E-02   1.4569E-34   
2.4757E-02   1.1379E-34   
2.5198E-02   2.2245E-34   
2.5701E-02   2.9344E-34   
2.5975E-02   3.3175E-34   
2.6570E-02   3.9814E-34   
2.7226E-02   5.2452E-34   
2.8324E-02   7.5576E-34   
2.9130E-02   7.6243E-34   
3.0000E-02   -1.3634E-34   
3.0000E-02   -1.3634E-34   
3.0000E-02   -1.3634E-34   
3.0000E-02   -1.3634E-34   
3.0000E-02   -1.3634E-34   
2.8045E-02   -1.1905E-03   
2.5542E-02   -2.1090E-03   
2.3693E-02   -2.5581E-03   
2.1795E-02   -3.0362E-03   
1.8927E-02   -4.5530E-03   
8.1144E-03   -1.1450E-02   
4.4381E-03   -1.4281E-02   
3.0131E-03   -1.5191E-02   
2.1306E-03   -1.5455E-02   
1.2617E-03   -1.5596E-02   
4.1593E-04   -1.5660E-02   
9.9594E-34   -1.5523E-02   
1.4306E-33   -1.5242E-02   
1.4223E-33   -1.4974E-02   
2.0811E-33   -1.4848E-02   
2.1091E-33   -1.4615E-02   
1.2872E-33   -1.4409E-02   
1.2492E-33   -1.4316E-02   
1.1978E-33   -1.4229E-02   
1.1107E-33   -1.4073E-02   
1.0731E-33   -1.4003E-02   
1.0084E-33   -1.3879E-02   
9.8040E-34   -1.3825E-02   
9.5545E-34   -1.3777E-02   
9.2070E-34   -1.3700E-02   
8.9975E-34   -1.3669E-02   
8.7259E-34   -1.3640E-02   
8.4453E-34   -1.3610E-02   
7.9363E-34   -1.3537E-02   
7.6793E-34   -1.3488E-02   
7.4492E-34   -1.3426E-02   
7.2154E-34   -1.3339E-02   
6.9415E-34   -1.3206E-02   
6.4165E-34   -1.2680E-02   
6.1400E-34   -1.2195E-02   
5.8575E-34   -1.1491E-02   
5.6013E-34   -1.0527E-02   
5.3701E-34   -9.2713E-03   
7.8306E-34   -7.6423E-03   
7.1626E-34   -5.7370E-03   
5.2589E-34   -3.4540E-03   
2.0082E-02   -3.9185E-03   
2.1196E-02   -2.5719E-03   
2.1610E-02   -2.1304E-03   
2.0420E-02   -3.4748E-03   
2.2579E-02   -1.0282E-03   
1.9533E-02   -4.6749E-03   
1.4867E-02   -3.9424E-03   
2.2311E-02   -1.3706E-03   
2.2836E-02   -5.9204E-04   
2.1986E-02   -1.7349E-03   
2.0743E-02   -3.0822E-03   
2.2722E-02   -8.0844E-04   
2.0899E-02   -2.9028E-03   
1.9268E-02   -4.8588E-03   
2.1866E-02   -1.8628E-03   
2.2407E-02   -1.2545E-03   
2.2969E-02   -1.6860E-04   
6.6472E-03   -3.4251E-03   
1.8867E-02   -4.9052E-03   
2.1338E-02   -2.4187E-03   
2.1474E-02   -2.2714E-03   
2.2655E-02   -9.1760E-04   
1.7011E-02   -4.3296E-03   
2.2882E-02   -4.8177E-04   
1.1243E-02   -3.8008E-03   
1.8335E-02   -4.8464E-03   
2.2497E-02   -1.1404E-03   
2.2783E-02   -7.0024E-04   
1.9729E-02   -4.4203E-03   
2.2208E-02   -1.4893E-03   
2.2100E-02   -1.6106E-03   
2.0584E-02   -3.2727E-03   
1.9907E-02   -4.1626E-03   
2.0253E-02   -3.6898E-03   
2.1050E-02   -2.7332E-03   
2.1741E-02   -1.9945E-03   
3.6584E-03   -8.3735E-03   
3.0625E-03   -9.7496E-03   
2.5065E-03   -1.0866E-02   
1.9790E-03   -1.1717E-02   
1.5085E-03   -1.2326E-02   
1.1291E-03   -1.2746E-02   
8.4406E-04   -1.3028E-02   
6.4091E-04   -1.3215E-02   
5.0112E-04   -1.3340E-02   
2.3032E-02   -8.9064E-05   
4.0966E-04   -1.3425E-02   
2.3051E-02   -7.3737E-05   
3.5022E-04   -1.3486E-02   
2.3065E-02   -6.2064E-05   
3.0028E-04   -1.3532E-02   
2.3078E-02   -5.2275E-05   
2.5696E-04   -1.3571E-02   
2.3092E-02   -4.4365E-05   
2.2391E-04   -1.3606E-02   
2.3109E-02   -3.8005E-05   
2.0111E-04   -1.3640E-02   
2.3130E-02   -3.3018E-05   
1.8893E-04   -1.3674E-02   
2.3157E-02   -2.9243E-05   
1.8913E-04   -1.3710E-02   
2.3192E-02   -2.6504E-05   
1.9575E-04   -1.3751E-02   
2.3234E-02   -2.4626E-05   
2.0406E-04   -1.3797E-02   
2.3286E-02   -2.3512E-05   
2.1267E-04   -1.3848E-02   
2.3349E-02   -2.3059E-05   
2.2202E-04   -1.3905E-02   
2.3422E-02   -2.3129E-05   
2.3219E-04   -1.3967E-02   
2.3507E-02   -2.3555E-05   
2.4250E-04   -1.4035E-02   
2.3603E-02   -2.4075E-05   
2.5279E-04   -1.4107E-02   
2.3712E-02   -2.5142E-05   
2.6327E-04   -1.4185E-02   
2.3832E-02   -2.6438E-05   
2.7374E-04   -1.4268E-02   
2.3965E-02   -2.8193E-05   
2.8732E-04   -1.4356E-02   
2.4112E-02   -2.9745E-05   
3.0328E-04   -1.4451E-02   
2.4275E-02   -3.0801E-05   
3.1276E-04   -1.4553E-02   
2.4452E-02   -3.1829E-05   
3.2226E-04   -1.4661E-02   
2.4645E-02   -3.2698E-05   
3.4651E-04   -1.4777E-02   
2.4855E-02   -3.2866E-05   
3.6081E-04   -1.4903E-02   
2.5076E-02   -3.1660E-05   
3.6310E-04   -1.5034E-02   
2.5307E-02   -3.2629E-05   
3.7604E-04   -1.5171E-02   
2.5557E-02   -3.2247E-05   
3.9612E-04   -1.5315E-02   
2.0502E-02   -3.0766E-03   
2.1983E-02   -1.5678E-03   
2.2427E-02   -1.1063E-03   
1.9782E-02   -3.9571E-03   
2.2964E-02   -2.5387E-04   
1.2679E-02   -5.1358E-03   
2.1289E-02   -2.2366E-03   
2.2873E-02   -4.8545E-04   
1.7736E-02   -5.1303E-03   
1.9197E-02   -4.7624E-03   
1.8925E-02   -4.9700E-03   
2.1723E-02   -1.8208E-03   
2.0837E-02   -2.7126E-03   
2.2686E-02   -7.8951E-04   
2.2756E-02   -6.8765E-04   
2.0994E-02   -2.5457E-03   
2.1582E-02   -1.9530E-03   
2.2521E-02   -9.9845E-04   
2.2326E-02   -1.2168E-03   
1.9968E-02   -3.7154E-03   
1.9402E-02   -4.4878E-03   
8.4994E-03   -5.4296E-03   
2.0150E-02   -3.4888E-03   
2.1142E-02   -2.3898E-03   
2.1435E-02   -2.0908E-03   
2.2607E-02   -8.9299E-04   
2.2818E-02   -5.8651E-04   
2.0329E-02   -3.2763E-03   
2.2103E-02   -1.4473E-03   
1.8508E-02   -5.0492E-03   
1.9594E-02   -4.2145E-03   
2.2218E-02   -1.3304E-03   
2.2921E-02   -3.8077E-04   
1.5765E-02   -4.9473E-03   
2.1856E-02   -1.6926E-03   
2.0672E-02   -2.8893E-03   
4.0057E-03   -6.6847E-03   
6.7320E-03   -8.5508E-03   
5.7792E-03   -9.7929E-03   
4.7171E-03   -1.0804E-02   
3.6776E-03   -1.1580E-02   
2.8166E-03   -1.2153E-02   
2.1366E-03   -1.2570E-02   
1.6158E-03   -1.2871E-02   
2.3006E-02   -1.1536E-04   
1.2291E-03   -1.3084E-02   
9.5025E-04   -1.3236E-02   
2.3018E-02   -1.5784E-04   
7.5417E-04   -1.3345E-02   
2.3031E-02   -1.3530E-04   
6.1756E-04   -1.3423E-02   
2.3044E-02   -1.1347E-04   
5.2480E-04   -1.3483E-02   
2.3056E-02   -9.6021E-05   
4.6007E-04   -1.3533E-02   
2.3070E-02   -8.2110E-05   
4.1525E-04   -1.3578E-02   
2.3088E-02   -7.0992E-05   
3.8915E-04   -1.3621E-02   
2.3112E-02   -6.2401E-05   
3.8024E-04   -1.3666E-02   
2.3142E-02   -5.6089E-05   
3.8802E-04   -1.3712E-02   
2.3180E-02   -5.1690E-05   
4.0147E-04   -1.3759E-02   
2.3228E-02   -4.8731E-05   
4.1646E-04   -1.3809E-02   
2.3286E-02   -4.7245E-05   
4.3394E-04   -1.3864E-02   
2.3354E-02   -4.7083E-05   
4.5355E-04   -1.3924E-02   
2.3433E-02   -4.7843E-05   
4.7432E-04   -1.3989E-02   
2.3526E-02   -4.8552E-05   
4.9522E-04   -1.4060E-02   
2.3629E-02   -4.9036E-05   
5.1603E-04   -1.4135E-02   
2.3739E-02   -5.2199E-05   
5.3419E-04   -1.4215E-02   
2.3863E-02   -5.4671E-05   
5.4866E-04   -1.4298E-02   
2.3999E-02   -5.9470E-05   
5.8603E-04   -1.4385E-02   
2.4155E-02   -6.1589E-05   
6.2068E-04   -1.4482E-02   
2.4326E-02   -6.3234E-05   
6.2435E-04   -1.4588E-02   
2.4510E-02   -6.5393E-05   
6.5575E-04   -1.4693E-02   
2.4719E-02   -6.6666E-05   
7.5031E-04   -1.4812E-02   
2.4947E-02   -6.5626E-05   
7.2350E-04   -1.4952E-02   
2.5160E-02   -6.0130E-05   
7.3551E-04   -1.5083E-02   
2.5384E-02   -7.1428E-05   
7.7003E-04   -1.5219E-02   
2.5823E-02   -3.3618E-05   
2.1248E-02   -2.0599E-03   
2.1412E-02   -1.9160E-03   
2.0790E-02   -2.5323E-03   
2.1570E-02   -1.7847E-03   
2.0618E-02   -2.7024E-03   
1.8854E-02   -4.8628E-03   
1.9069E-02   -4.5687E-03   
1.9274E-02   -4.2806E-03   
1.9477E-02   -4.0091E-03   
1.9677E-02   -3.7540E-03   
1.8548E-02   -5.1018E-03   
1.9873E-02   -3.5150E-03   
2.0438E-02   -2.8857E-03   
2.1717E-02   -1.6573E-03   
2.0066E-02   -3.2912E-03   
2.0254E-02   -3.0818E-03   
1.7839E-02   -5.3273E-03   
2.1857E-02   -1.5323E-03   
2.2639E-02   -7.7055E-04   
2.2719E-02   -6.7391E-04   
2.2790E-02   -5.7992E-04   
2.2550E-02   -8.6954E-04   
1.6360E-02   -5.7554E-03   
2.1990E-02   -1.4115E-03   
2.2453E-02   -9.7096E-04   
2.2235E-02   -1.1832E-03   
2.2116E-02   -1.2953E-03   
2.2348E-02   -1.0754E-03   
1.3421E-02   -6.0538E-03   
1.0796E-02   -6.2822E-03   
2.2852E-02   -4.8654E-04   
2.2908E-02   -3.9122E-04   
2.2958E-02   -2.9273E-04   
7.5969E-03   -7.2620E-03   
8.2781E-03   -9.4975E-03   
6.5757E-03   -1.0420E-02   
5.2008E-03   -1.1153E-02   
4.0824E-03   -1.1726E-02   
3.1715E-03   -1.2176E-02   
2.4435E-03   -1.2528E-02   
2.2999E-02   -1.8848E-04   
1.8792E-03   -1.2801E-02   
1.4547E-03   -1.3011E-02   
2.2979E-02   -2.2794E-04   
1.1436E-03   -1.3171E-02   
2.2993E-02   -1.8615E-04   
9.2387E-04   -1.3295E-02   
2.3003E-02   -1.5671E-04   
7.7308E-04   -1.3392E-02   
2.3014E-02   -1.3364E-04   
6.7318E-04   -1.3471E-02   
2.3029E-02   -1.1543E-04   
6.1841E-04   -1.3535E-02   
2.3049E-02   -1.0071E-04   
6.0331E-04   -1.3591E-02   
2.3075E-02   -8.9862E-05   
5.9525E-04   -1.3653E-02   
2.3108E-02   -8.2497E-05   
5.9799E-04   -1.3711E-02   
2.3151E-02   -7.7115E-05   
6.1432E-04   -1.3764E-02   
2.3205E-02   -7.3608E-05   
6.3562E-04   -1.3817E-02   
2.3267E-02   -7.2836E-05   
6.6294E-04   -1.3874E-02   
2.3341E-02   -7.3890E-05   
6.9605E-04   -1.3936E-02   
2.3430E-02   -7.5068E-05   
7.2862E-04   -1.4004E-02   
2.3536E-02   -7.5395E-05   
7.5974E-04   -1.4078E-02   
2.3642E-02   -7.3007E-05   
7.8757E-04   -1.4157E-02   
2.3738E-02   -8.4992E-05   
8.0103E-04   -1.4241E-02   
7.9080E-04   -1.4319E-02   
9.3890E-04   -1.4517E-02   
2.4350E-02   -9.8559E-05   
1.0603E-03   -1.4874E-02   
1.1036E-03   -1.5112E-02   
2.4785E-02   -1.0328E-04   
2.6119E-02   -3.5169E-05   
2.2821E-02   -4.8727E-04   
2.2883E-02   -3.9935E-04   
2.2941E-02   -3.0873E-04   
2.0919E-02   -2.2303E-03   
2.0761E-02   -2.3602E-03   
1.8449E-02   -4.9911E-03   
1.7818E-02   -5.3898E-03   
1.9379E-02   -3.8056E-03   
1.8719E-02   -4.6622E-03   
1.9589E-02   -3.5537E-03   
1.8947E-02   -4.3583E-03   
2.0580E-02   -2.5219E-03   
2.1573E-02   -1.6307E-03   
1.9166E-02   -4.0740E-03   
2.2584E-02   -7.5170E-04   
2.2484E-02   -8.4750E-04   
1.9796E-02   -3.3178E-03   
1.9999E-02   -3.0974E-03   
2.2136E-02   -1.1543E-03   
2.2260E-02   -1.0481E-03   
2.2675E-02   -6.5797E-04   
1.6192E-02   -6.0358E-03   
2.2754E-02   -5.7144E-04   
2.0392E-02   -2.7000E-03   
2.2005E-02   -1.2657E-03   
2.0198E-02   -2.8919E-03   
2.2376E-02   -9.4612E-04   
2.1723E-02   -1.5042E-03   
2.1867E-02   -1.3825E-03   
9.8113E-03   -8.9782E-03   
8.0750E-03   -9.8325E-03   
6.6328E-03   -1.0509E-02   
5.3843E-03   -1.1082E-02   
4.3151E-03   -1.1574E-02   
3.4241E-03   -1.1994E-02   
2.7032E-03   -1.2347E-02   
2.1353E-03   -1.2638E-02   
2.2982E-02   -2.3417E-04   
2.2929E-02   -2.7052E-04   
1.7027E-03   -1.2876E-02   
2.2936E-02   -2.2897E-04   
1.3809E-03   -1.3069E-02   
2.2945E-02   -1.9410E-04   
1.1470E-03   -1.3227E-02   
2.2955E-02   -1.6740E-04   
9.8784E-04   -1.3356E-02   
2.2970E-02   -1.4645E-04   
9.0083E-04   -1.3455E-02   
2.2994E-02   -1.2846E-04   
9.1236E-04   -1.3523E-02   
2.3021E-02   -1.1796E-04   
8.4817E-04   -1.3621E-02   
2.3055E-02   -1.1045E-04   
8.3229E-04   -1.3694E-02   
2.3106E-02   -1.0409E-04   
8.3626E-04   -1.3761E-02   
2.3166E-02   -1.0039E-04   
9.0251E-04   -1.3877E-02   
1.0639E-03   -1.4277E-02   
2.3308E-02   -1.0504E-04   
9.5561E-04   -1.3941E-02   
9.9681E-04   -1.4013E-02   
1.0747E-03   -1.4179E-02   
2.3881E-02   -8.2012E-05   
2.4195E-02   -9.1746E-05   
2.4361E-02   -1.4004E-04   
2.3414E-02   -1.0663E-04   
1.4626E-03   -1.5000E-02   
2.4584E-02   -1.4296E-04   
1.1061E-03   -1.4776E-02   
2.3659E-02   -1.2188E-04   
1.2931E-03   -1.4444E-02   
2.2911E-02   -3.2523E-04   
2.2845E-02   -4.1293E-04   
2.2785E-02   -4.9030E-04   
2.1280E-02   -1.7292E-03   
2.1243E-02   -1.8834E-03   
2.1421E-02   -1.6116E-03   
2.0570E-02   -2.3467E-03   
2.2622E-02   -6.4324E-04   
1.8302E-02   -4.7765E-03   
2.2716E-02   -5.5333E-04   
1.7705E-02   -5.2612E-03   
1.6194E-02   -6.0842E-03   
1.8601E-02   -4.4434E-03   
1.9301E-02   -3.6049E-03   
1.9078E-02   -3.8695E-03   
2.0365E-02   -2.5196E-03   
1.8850E-02   -4.1472E-03   
1.9521E-02   -3.3564E-03   
2.1580E-02   -1.4839E-03   
2.2163E-02   -1.0248E-03   
2.2519E-02   -7.3513E-04   
1.9738E-02   -3.1242E-03   
2.2290E-02   -9.2449E-04   
2.2409E-02   -8.2833E-04   
2.2028E-02   -1.1307E-03   
1.9951E-02   -2.9080E-03   
2.0160E-02   -2.7069E-03   
2.1885E-02   -1.2426E-03   
2.1736E-02   -1.3606E-03   
1.1907E-02   -7.7232E-03   
1.0906E-02   -8.4891E-03   
9.4441E-03   -9.1025E-03   
8.0558E-03   -9.6988E-03   
6.7746E-03   -1.0265E-02   
5.6269E-03   -1.0794E-02   
4.6260E-03   -1.1279E-02   
3.7744E-03   -1.1710E-02   
3.0758E-03   -1.2089E-02   
2.2850E-02   -3.2106E-04   
2.5169E-03   -1.2414E-02   
2.2863E-02   -2.6468E-04   
2.0823E-03   -1.2688E-02   
1.7427E-03   -1.2924E-02   
2.2870E-02   -2.2773E-04   
2.2877E-02   -1.9988E-04   
1.4647E-03   -1.3136E-02   
2.2886E-02   -1.7893E-04   
1.1932E-03   -1.3454E-02   
2.2933E-02   -1.5344E-04   
1.1608E-03   -1.3537E-02   
2.3050E-02   -1.3354E-04   
2.2988E-02   -1.4073E-04   
1.1325E-03   -1.3640E-02   
1.1970E-03   -1.3854E-02   
8.5576E-04   -1.3822E-02   
1.2343E-03   -1.3936E-02   
1.2879E-03   -1.4014E-02   
1.3657E-03   -1.4801E-02   
1.3423E-03   -1.4694E-02   
1.3491E-03   -1.4101E-02   
2.3261E-02   -1.4242E-04   
2.3804E-02   -1.1227E-04   
2.3509E-02   -1.5239E-04   
2.4138E-02   -1.3316E-04   
2.3379E-02   -1.4486E-04   
2.3229E-02   -1.0243E-04   
1.4245E-03   -1.4200E-02   
1.2470E-03   -1.4579E-02   
1.3486E-03   -1.4323E-02   
2.4819E-02   -1.4461E-04   
1.3938E-03   -1.5126E-02   
1.3238E-03   -1.4903E-02   
2.4367E-02   -1.8613E-04   
2.1076E-02   -1.8099E-03   
2.2865E-02   -3.5149E-04   
2.2662E-02   -5.4416E-04   
1.8206E-02   -4.5397E-03   
2.2555E-02   -6.3430E-04   
1.7643E-02   -4.9827E-03   
1.4227E-02   -6.9562E-03   
2.0357E-02   -2.3413E-03   
1.9009E-02   -3.6680E-03   
1.8769E-02   -3.9434E-03   
1.8520E-02   -4.2286E-03   
2.1429E-02   -1.4776E-03   
1.9242E-02   -3.4071E-03   
2.2196E-02   -9.0654E-04   
1.9472E-02   -3.1624E-03   
2.2325E-02   -8.1234E-04   
2.2444E-02   -7.2223E-04   
2.2058E-02   -1.0066E-03   
1.9699E-02   -2.9347E-03   
2.0140E-02   -2.5262E-03   
2.1596E-02   -1.3475E-03   
2.1911E-02   -1.1132E-03   
1.9922E-02   -2.7232E-03   
2.1757E-02   -1.2268E-03   
1.3486E-02   -7.1902E-03   
1.2223E-02   -7.6547E-03   
2.0817E-02   -1.9944E-03   
1.0890E-02   -8.1941E-03   
2.0582E-02   -2.1650E-03   
9.5590E-03   -8.7540E-03   
8.3017E-03   -9.3132E-03   
7.1327E-03   -9.8608E-03   
6.0638E-03   -1.0387E-02   
5.1237E-03   -1.0885E-02   
4.3145E-03   -1.1338E-02   
1.7918E-03   -1.3154E-02   
2.2775E-02   -3.3996E-04   
3.6429E-03   -1.1740E-02   
3.0918E-03   -1.2098E-02   
2.2779E-02   -2.9579E-04   
2.6163E-03   -1.2437E-02   
2.2779E-02   -2.6136E-04   
2.2780E-02   -2.3590E-04   
1.2862E-03   -1.3290E-02   
2.2852E-02   -1.8416E-04   
1.6702E-03   -1.3338E-02   
1.3653E-03   -1.3711E-02   
2.3688E-02   -1.5863E-04   
2.3318E-02   -1.9064E-04   
2.2990E-02   -1.6816E-04   
1.5749E-03   -1.3895E-02   
2.2910E-02   -1.7436E-04   
1.6435E-03   -1.3986E-02   
1.0934E-03   -1.3742E-02   
1.6474E-03   -1.4846E-02   
1.6917E-03   -1.4079E-02   
2.3906E-02   -1.5079E-04   
1.6568E-03   -1.4366E-02   
1.6184E-03   -1.4484E-02   
2.3148E-02   -1.4232E-04   
1.6859E-03   -1.4713E-02   
1.5371E-03   -1.3802E-02   
2.3200E-02   -1.8551E-04   
2.4598E-02   -1.8824E-04   
2.4156E-02   -1.8109E-04   
2.2684E-02   -4.6680E-04   
2.2585E-02   -5.4900E-04   
2.2776E-02   -4.3642E-04   
1.6576E-02   -5.3854E-03   
1.8197E-02   -4.3166E-03   
2.1262E-02   -1.4800E-03   
1.8702E-02   -3.7453E-03   
2.2477E-02   -6.3063E-04   
1.8435E-02   -4.0379E-03   
1.8957E-02   -3.4692E-03   
1.2617E-02   -7.6414E-03   
1.9201E-02   -3.2119E-03   
2.0139E-02   -2.3495E-03   
2.2094E-02   -8.9314E-04   
2.2359E-02   -7.1419E-04   
2.2232E-02   -8.0103E-04   
2.1445E-02   -1.3435E-03   
1.9442E-02   -2.9723E-03   
2.1944E-02   -9.9394E-04   
1.9678E-02   -2.7499E-03   
1.9911E-02   -2.5431E-03   
2.1619E-02   -1.2184E-03   
2.1786E-02   -1.1024E-03   
2.0371E-02   -2.1646E-03   
1.4789E-02   -6.3086E-03   
1.3613E-02   -6.7382E-03   
1.2320E-02   -7.2451E-03   
1.6109E-02   -5.9010E-03   
1.1104E-02   -7.7532E-03   
2.0608E-02   -1.9861E-03   
2.0846E-02   -1.8107E-03   
9.9298E-03   -8.2700E-03   
2.2757E-02   -3.9314E-04   
2.1066E-02   -1.6396E-03   
8.7935E-03   -8.7970E-03   
7.7328E-03   -9.3374E-03   
5.8696E-03   -1.0370E-02   
2.2687E-02   -3.6846E-04   
5.1140E-03   -1.0837E-02   
4.4859E-03   -1.1260E-02   
2.2676E-02   -3.3144E-04   
2.2670E-02   -2.9835E-04   
2.6723E-03   -1.2539E-02   
1.5886E-03   -1.3504E-02   
2.2750E-02   -2.2210E-04   
2.3094E-02   -1.8315E-04   
2.0197E-03   -1.3780E-02   
2.0781E-03   -1.2831E-02   
2.3445E-02   -1.9994E-04   
2.7427E-03   -1.2627E-02   
2.3118E-02   -2.3538E-04   
1.5680E-03   -1.3701E-02   
1.9681E-03   -1.4407E-02   
1.9546E-03   -1.3681E-02   
1.7798E-03   -1.4146E-02   
2.3006E-02   -1.8615E-04   
2.3981E-02   -1.7793E-04   
2.2806E-02   -2.1665E-04   
1.7097E-03   -1.4249E-02   
1.6356E-03   -1.4598E-02   
2.4136E-02   -2.3282E-04   
2.4815E-02   -1.8692E-04   
1.7240E-03   -1.5081E-02   
2.1045E-03   -1.4735E-02   
2.3849E-02   -1.2894E-04   
2.2501E-02   -5.5531E-04   
1.7991E-02   -4.2025E-03   
2.0156E-02   -2.1773E-03   
1.8366E-02   -3.8430E-03   
1.8655E-02   -3.5463E-03   
2.2389E-02   -6.3290E-04   
1.8924E-02   -3.2738E-03   
2.1284E-02   -1.3484E-03   
2.2135E-02   -7.9166E-04   
2.2270E-02   -7.1033E-04   
1.9181E-02   -3.0211E-03   
2.1984E-02   -8.8505E-04   
1.9917E-02   -2.3680E-03   
1.9432E-02   -2.7871E-03   
2.1472E-02   -1.2181E-03   
1.9677E-02   -2.5701E-03   
2.1823E-02   -9.8745E-04   
2.1652E-02   -1.0986E-03   
1.6088E-02   -5.4210E-03   
1.4659E-02   -5.9665E-03   
2.2690E-02   -4.1115E-04   
1.3640E-02   -6.3459E-03   
2.0868E-02   -1.6501E-03   
2.0398E-02   -1.9941E-03   
2.1083E-02   -1.4923E-03   
1.2623E-02   -6.7419E-03   
1.1577E-02   -7.1782E-03   
2.0638E-02   -1.8184E-03   
1.0563E-02   -7.6592E-03   
9.5730E-03   -8.1533E-03   
8.6321E-03   -8.6595E-03   
2.2667E-02   -2.7409E-04   
7.7834E-03   -9.1511E-03   
3.8883E-03   -1.1692E-02   
7.0878E-03   -9.5832E-03   
2.2563E-02   -4.1679E-04   
2.2921E-02   -2.2656E-04   
2.2554E-02   -3.7127E-04   
2.5879E-03   -1.2831E-02   
1.9795E-03   -1.3425E-02   
2.2705E-02   -2.3369E-04   
3.1298E-03   -1.2308E-02   
2.2859E-02   -2.2089E-04   
2.6553E-03   -1.3321E-02   
2.1147E-03   -1.4111E-02   
1.9847E-03   -1.3542E-02   
2.0193E-03   -1.4033E-02   
2.2625E-02   -2.6952E-04   
2.3753E-02   -2.0829E-04   
2.3853E-03   -1.4284E-02   
2.3939E-02   -2.2459E-04   
1.9049E-03   -1.4510E-02   
2.4100E-02   -2.9172E-04   
2.1588E-03   -1.5009E-02   
2.4632E-02   -2.4111E-04   
2.5048E-02   -1.5503E-04   
2.4077E-03   -1.4827E-02   
2.3546E-02   -2.1851E-04   
2.2522E-02   -4.8993E-04   
1.7634E-02   -4.6754E-03   
1.7998E-02   -3.9470E-03   
1.8332E-02   -3.6346E-03   
1.9939E-02   -2.1993E-03   
1.8629E-02   -3.3487E-03   
2.2307E-02   -6.3937E-04   
2.2188E-02   -6.9874E-04   
1.8911E-02   -3.0827E-03   
1.6222E-02   -5.1009E-03   
2.2034E-02   -7.8432E-04   
2.1316E-02   -1.2244E-03   
1.9181E-02   -2.8353E-03   
1.9692E-02   -2.3962E-03   
2.1868E-02   -8.8126E-04   
1.9441E-02   -2.6071E-03   
2.1509E-02   -1.1004E-03   
2.1693E-02   -9.8645E-04   
1.5642E-02   -5.2393E-03   
2.0186E-02   -2.0118E-03   
2.0898E-02   -1.5057E-03   
2.1113E-02   -1.3594E-03   
1.4903E-02   -5.4552E-03   
2.0670E-02   -1.6645E-03   
1.4022E-02   -5.7669E-03   
1.3175E-02   -6.1249E-03   
2.0431E-02   -1.8334E-03   
2.2615E-02   -4.3205E-04   
1.0660E-02   -7.3413E-03   
1.2315E-02   -6.5013E-03   
2.2544E-02   -3.4032E-04   
1.1472E-02   -6.9096E-03   
2.2773E-02   -2.2411E-04   
4.6807E-03   -1.1258E-02   
6.5438E-03   -9.9449E-03   
4.4782E-03   -1.1459E-02   
9.9670E-03   -7.7357E-03   
2.2432E-02   -4.5173E-04   
2.2676E-02   -2.6915E-04   
2.2580E-02   -2.7740E-04   
3.9263E-03   -1.1908E-02   
2.9147E-03   -1.3033E-02   
2.5327E-03   -1.3802E-02   
2.3895E-02   -2.8370E-04   
2.2733E-02   -2.7412E-04   
3.0853E-03   -1.2782E-02   
2.3348E-02   -2.5599E-04   
2.5273E-03   -1.4082E-02   
2.3480E-02   -2.7693E-04   
2.2911E-03   -1.4456E-02   
2.5665E-03   -1.2958E-02   
2.4329E-02   -2.9822E-04   
2.3010E-02   -2.3056E-04   
2.5316E-02   -1.2078E-04   
2.6263E-03   -1.4654E-02   
1.6981E-02   -4.5412E-03   
2.2406E-02   -5.6782E-04   
1.7973E-02   -3.7365E-03   
1.8319E-02   -3.4322E-03   
1.8628E-02   -3.1552E-03   
1.9722E-02   -2.2296E-03   
2.2275E-02   -5.9877E-04   
1.7584E-02   -4.2613E-03   
2.2096E-02   -6.8827E-04   
1.9974E-02   -2.0376E-03   
1.8921E-02   -2.8955E-03   
2.1921E-02   -7.8309E-04   
1.9202E-02   -2.6537E-03   
1.9467E-02   -2.4328E-03   
2.1357E-02   -1.1078E-03   
2.1742E-02   -8.8217E-04   
2.1553E-02   -9.8956E-04   
1.6701E-02   -4.4556E-03   
2.0709E-02   -1.5234E-03   
2.1152E-02   -1.2361E-03   
2.0936E-02   -1.3743E-03   
2.2677E-02   -2.5077E-04   
1.5869E-02   -4.7178E-03   
2.0225E-02   -1.8557E-03   
1.5254E-02   -4.9260E-03   
2.0471E-02   -1.6841E-03   
2.2417E-02   -4.1514E-04   
1.3248E-02   -5.7394E-03   
1.4592E-02   -5.1519E-03   
1.2623E-02   -6.0575E-03   
1.3921E-02   -5.4252E-03   
6.8821E-03   -9.8900E-03   
2.2423E-02   -5.0516E-04   
2.2534E-02   -3.1944E-04   
9.4017E-03   -8.0811E-03   
2.2937E-02   -1.5207E-04   
5.0768E-03   -1.1361E-02   
2.2545E-02   -2.9206E-04   
2.2903E-02   -2.8712E-04   
2.2807E-02   -2.8045E-04   
2.2530E-02   -3.2904E-04   
2.2478E-02   -3.2635E-04   
2.3206E-02   -3.2092E-04   
2.2435E-02   -3.2997E-04   
3.2253E-03   -1.2599E-02   
4.4671E-03   -1.2074E-02   
6.2199E-03   -1.0215E-02   
6.9766E-03   -9.7451E-03   
3.2900E-03   -1.3209E-02   
2.3493E-02   -3.2920E-04   
2.7615E-03   -1.3816E-02   
4.1635E-03   -1.1864E-02   
2.4055E-02   -3.5747E-04   
2.4173E-03   -1.4568E-02   
2.5655E-02   -6.1344E-05   
3.0101E-03   -1.3983E-02   
2.5273E-02   -1.6897E-04   
2.3843E-02   -3.4960E-04   
2.3237E-02   -2.4152E-04   
2.7980E-03   -1.4230E-02   
1.7525E-02   -4.1044E-03   
1.7984E-02   -3.5266E-03   
1.8339E-02   -3.2367E-03   
1.9764E-02   -2.0709E-03   
2.2161E-02   -5.9321E-04   
1.8650E-02   -2.9674E-03   
1.9508E-02   -2.2663E-03   
2.1977E-02   -6.9414E-04   
1.8954E-02   -2.7113E-03   
1.9240E-02   -2.4778E-03   
2.1800E-02   -7.8592E-04   
2.0755E-02   -1.3942E-03   
2.1404E-02   -9.9850E-04   
2.1607E-02   -8.8553E-04   
2.1196E-02   -1.1228E-03   
1.6957E-02   -4.1124E-03   
2.0981E-02   -1.2538E-03   
2.2318E-02   -5.2665E-04   
2.0019E-02   -1.8854E-03   
2.0517E-02   -1.5464E-03   
1.6685E-02   -4.1184E-03   
2.0270E-02   -1.7103E-03   
1.6246E-02   -4.1935E-03   
1.4790E-02   -4.7174E-03   
1.5281E-02   -4.5092E-03   
2.2290E-02   -4.9691E-04   
1.5771E-02   -4.3303E-03   
2.2400E-02   -3.8868E-04   
2.2804E-02   -1.9996E-04   
1.2036E-02   -6.3899E-03   
2.2401E-02   -3.4040E-04   
2.2315E-02   -3.9222E-04   
7.2771E-03   -9.5137E-03   
2.2507E-02   -3.1549E-04   
2.2272E-02   -3.9214E-04   
2.2365E-02   -3.9907E-04   
6.8693E-03   -1.0187E-02   
2.3024E-02   -2.9192E-04   
2.2671E-02   -3.4561E-04   
9.0644E-03   -8.3245E-03   
2.2941E-02   -3.6023E-04   
3.7977E-03   -1.3104E-02   
2.9655E-03   -1.3253E-02   
7.1081E-03   -1.0114E-02   
7.3690E-03   -9.7039E-03   
2.3780E-02   -4.2269E-04   
2.4277E-02   -3.6538E-04   
3.4994E-03   -1.3533E-02   
2.7620E-03   -1.4383E-02   
2.5503E-02   -1.3765E-04   
3.4359E-03   -1.3849E-02   
1.7523E-02   -3.8814E-03   
1.8063E-02   -3.3229E-03   
1.9558E-02   -2.1100E-03   
1.8356E-02   -3.0585E-03   
2.2015E-02   -6.2941E-04   
1.9815E-02   -1.9220E-03   
1.8689E-02   -2.7837E-03   
1.9290E-02   -2.3119E-03   
2.1861E-02   -7.0118E-04   
2.0807E-02   -1.2768E-03   
1.9001E-02   -2.5355E-03   
2.0570E-02   -1.4201E-03   
1.7576E-02   -3.6361E-03   
2.1679E-02   -7.9025E-04   
2.1242E-02   -1.0222E-03   
2.1029E-02   -1.1453E-03   
1.7287E-02   -3.6049E-03   
2.0323E-02   -1.5762E-03   
2.0070E-02   -1.7438E-03   
2.2263E-02   -4.6584E-04   
2.2379E-02   -3.5611E-04   
1.6333E-02   -3.7887E-03   
1.6970E-02   -3.6409E-03   
9.6355E-03   -7.9443E-03   
1.6657E-02   -3.7011E-03   
2.2381E-02   -3.7185E-04   
1.4292E-02   -4.9633E-03   
9.6848E-03   -8.2375E-03   
2.2092E-02   -4.6419E-04   
1.1449E-02   -6.7647E-03   
2.2134E-02   -4.6896E-04   
2.2236E-02   -3.9904E-04   
2.2426E-02   -4.1130E-04   
8.5315E-03   -8.9622E-03   
4.4254E-03   -1.3272E-02   
7.7530E-03   -9.8585E-03   
2.3023E-02   -3.9868E-04   
2.2782E-02   -3.5424E-04   
2.4223E-02   -4.3556E-04   
9.6879E-03   -8.0571E-03   
3.3376E-03   -1.4036E-02   
2.3571E-02   -4.1406E-04   
2.4550E-02   -3.0929E-04   
5.5211E-03   -1.2011E-02   
5.5365E-03   -1.1542E-02   
5.5076E-03   -1.1764E-02   
2.3707E-02   -5.0401E-04   
2.2128E-02   -5.5092E-04   
1.9616E-02   -1.9644E-03   
1.9349E-02   -2.1574E-03   
1.7966E-02   -3.2119E-03   
2.1585E-02   -7.9144E-04   
2.2212E-02   -4.2814E-04   
1.8396E-02   -2.8772E-03   
2.0630E-02   -1.3055E-03   
2.1937E-02   -6.1888E-04   
2.0864E-02   -1.1715E-03   
2.1748E-02   -7.1252E-04   
1.8740E-02   -2.6086E-03   
2.0383E-02   -1.4531E-03   
1.9873E-02   -1.7837E-03   
2.0129E-02   -1.6130E-03   
1.7685E-02   -3.2342E-03   
2.1271E-02   -9.5093E-04   
2.1083E-02   -1.0505E-03   
1.7290E-02   -3.2297E-03   
1.7483E-02   -3.2273E-03   
1.3651E-02   -5.3306E-03   
1.5998E-02   -3.9111E-03   
2.2235E-02   -4.4358E-04   
1.2456E-02   -6.1951E-03   
2.2210E-02   -4.1291E-04   
2.1899E-02   -5.4663E-04   
1.0804E-02   -7.3603E-03   
2.2056E-02   -4.6724E-04   
2.2179E-02   -4.8153E-04   
2.3359E-02   -4.0392E-04   
2.2511E-02   -4.2458E-04   
1.0505E-02   -7.8378E-03   
1.2479E-02   -6.0738E-03   
9.3498E-03   -8.1650E-03   
2.3277E-02   -3.5900E-04   
2.2759E-02   -4.5480E-04   
8.7260E-03   -9.2976E-03   
4.1633E-03   -1.3682E-02   
6.4683E-03   -1.1653E-02   
1.2044E-02   -6.5486E-03   
2.3646E-02   -3.4014E-04   
2.3944E-02   -5.0426E-04   
2.4497E-02   -3.7308E-04   
2.4789E-02   -2.6736E-04   
8.1902E-03   -9.8150E-03   
8.2038E-03   -1.0145E-02   
2.1624E-02   -7.3475E-04   
1.9123E-02   -2.2203E-03   
1.9405E-02   -2.0187E-03   
2.2048E-02   -5.0769E-04   
2.1161E-02   -9.5968E-04   
2.0933E-02   -1.0757E-03   
2.1786E-02   -6.6126E-04   
1.9675E-02   -1.8313E-03   
2.0698E-02   -1.2020E-03   
2.0452E-02   -1.3409E-03   
1.8816E-02   -2.4408E-03   
2.0196E-02   -1.4930E-03   
1.9936E-02   -1.6565E-03   
1.8116E-02   -2.9778E-03   
1.8014E-02   -2.9271E-03   
1.7889E-02   -2.8895E-03   
1.7097E-02   -3.2541E-03   
1.5593E-02   -4.1057E-03   
1.8439E-02   -2.6998E-03   
2.2088E-02   -5.2512E-04   
2.1831E-02   -5.5221E-04   
2.1407E-02   -8.4591E-04   
2.1861E-02   -5.4572E-04   
1.3366E-02   -5.5343E-03   
1.2393E-02   -6.1116E-03   
1.1438E-02   -7.4216E-03   
2.1938E-02   -5.5541E-04   
1.5029E-02   -4.4378E-03   
2.1990E-02   -5.0486E-04   
1.3462E-02   -5.7033E-03   
2.2224E-02   -5.0451E-04   
1.4285E-02   -4.9946E-03   
2.2868E-02   -4.7338E-04   
2.3126E-02   -4.8307E-04   
2.2632E-02   -4.3676E-04   
2.5020E-02   -2.6301E-04   
1.1272E-02   -7.8462E-03   
1.1280E-02   -7.6814E-03   
7.4941E-03   -1.1081E-02   
2.3657E-02   -5.8673E-04   
4.0038E-03   -1.3979E-02   
2.4158E-02   -5.0879E-04   
2.4771E-02   -3.1810E-04   
2.1710E-02   -6.6409E-04   
1.9173E-02   -2.0927E-03   
1.8876E-02   -2.3041E-03   
2.1015E-02   -9.8686E-04   
2.1903E-02   -5.8985E-04   
2.0776E-02   -1.1080E-03   
1.9461E-02   -1.8942E-03   
2.0530E-02   -1.2390E-03   
1.9741E-02   -1.7096E-03   
2.0273E-02   -1.3834E-03   
1.8310E-02   -2.6612E-03   
2.0009E-02   -1.5404E-03   
1.7780E-02   -2.8588E-03   
2.1491E-02   -7.6030E-04   
2.1622E-02   -6.3765E-04   
1.8611E-02   -2.5000E-03   
1.6579E-02   -3.4611E-03   
1.7670E-02   -2.8468E-03   
1.5407E-02   -4.1741E-03   
2.1254E-02   -8.7121E-04   
2.1661E-02   -6.3192E-04   
2.2846E-02   -5.3865E-04   
2.1839E-02   -5.8604E-04   
2.1701E-02   -6.3531E-04   
1.5343E-02   -4.2441E-03   
2.1969E-02   -5.7563E-04   
2.2318E-02   -5.2224E-04   
2.1803E-02   -5.6862E-04   
1.4195E-02   -5.6956E-03   
1.4994E-02   -4.5709E-03   
1.5748E-02   -4.2385E-03   
2.3086E-02   -4.4043E-04   
2.5059E-02   -3.2571E-04   
1.4374E-02   -5.4384E-03   
2.2465E-02   -5.3323E-04   
2.3018E-02   -5.6089E-04   
2.3352E-02   -6.9339E-04   
1.1762E-02   -7.6272E-03   
1.0520E-02   -8.7074E-03   
2.3338E-02   -6.0315E-04   
2.5224E-02   -2.1442E-04   
2.4451E-02   -4.4011E-04   
3.1424E-03   -1.4476E-02   
1.1137E-02   -7.5369E-03   
1.8906E-02   -2.1982E-03   
1.8596E-02   -2.4261E-03   
2.0866E-02   -1.0227E-03   
2.1597E-02   -6.8075E-04   
2.0619E-02   -1.1475E-03   
1.9528E-02   -1.7810E-03   
1.8241E-02   -2.6064E-03   
2.0360E-02   -1.2848E-03   
1.7535E-02   -2.8750E-03   
1.9817E-02   -1.5997E-03   
1.6131E-02   -3.6984E-03   
2.0091E-02   -1.4358E-03   
2.1109E-02   -9.0508E-04   
1.8192E-02   -2.5527E-03   
2.1403E-02   -7.3302E-04   
2.1766E-02   -5.9702E-04   
2.1347E-02   -7.9468E-04   
2.1596E-02   -6.4842E-04   
2.1490E-02   -7.1162E-04   
2.1745E-02   -6.4484E-04   
1.6580E-02   -3.9959E-03   
1.6489E-02   -3.5573E-03   
1.5741E-02   -4.3372E-03   
1.5797E-02   -4.1425E-03   
2.2490E-02   -6.4153E-04   
2.4366E-02   -5.0971E-04   
8.2708E-03   -1.0659E-02   
1.6824E-02   -3.2776E-03   
1.4149E-02   -5.4626E-03   
2.2307E-02   -6.3568E-04   
2.3214E-02   -5.5992E-04   
2.5295E-02   -2.4959E-04   
2.4745E-02   -4.4429E-04   
2.3385E-02   -7.6752E-04   
1.3991E-02   -6.2524E-03   
3.6444E-03   -1.4375E-02   
2.2132E-02   -6.3237E-04   
2.8173E-03   -1.4494E-02   
2.0717E-02   -1.0665E-03   
2.1589E-02   -6.6187E-04   
2.0966E-02   -9.4684E-04   
2.0459E-02   -1.1966E-03   
1.9608E-02   -1.6767E-03   
1.8589E-02   -2.3455E-03   
1.4411E-02   -4.8086E-03   
1.7319E-02   -2.9630E-03   
2.1210E-02   -8.3393E-04   
1.8151E-02   -2.5122E-03   
2.1369E-02   -7.4233E-04   
1.9221E-02   -1.9816E-03   
1.9907E-02   -1.4999E-03   
1.6748E-02   -3.7385E-03   
1.7191E-02   -3.2693E-03   
2.1487E-02   -7.3361E-04   
1.6895E-02   -3.3719E-03   
1.7028E-02   -3.1519E-03   
1.6865E-02   -3.2840E-03   
1.6303E-02   -3.6900E-03   
1.7416E-02   -3.1804E-03   
1.6149E-02   -4.3968E-03   
2.2680E-02   -6.5411E-04   
2.4047E-02   -6.0133E-04   
2.2143E-02   -7.4678E-04   
2.1095E-02   -8.6313E-04   
2.1787E-02   -7.5141E-04   
2.2910E-02   -6.6904E-04   
1.2079E-02   -7.9530E-03   
5.7882E-03   -1.2453E-02   
2.1969E-02   -7.4365E-04   
2.3487E-02   -4.9611E-04   
1.4494E-02   -6.0786E-03   
1.3667E-02   -6.3670E-03   
2.3711E-02   -7.2831E-04   
2.3043E-02   -8.1845E-04   
2.0827E-02   -9.9546E-04   
2.0579E-02   -1.1144E-03   
2.1346E-02   -7.5831E-04   
1.8060E-02   -2.5175E-03   
2.1417E-02   -7.4332E-04   
2.1073E-02   -8.8075E-04   
2.0308E-02   -1.2514E-03   
1.8604E-02   -2.2645E-03   
1.9709E-02   -1.5807E-03   
2.0014E-02   -1.4090E-03   
1.8271E-02   -2.5934E-03   
1.8032E-02   -2.6873E-03   
1.8941E-02   -2.1012E-03   
1.7624E-02   -2.7843E-03   
1.7881E-02   -2.6265E-03   
1.7805E-02   -2.6753E-03   
1.9286E-02   -1.8762E-03   
2.1568E-02   -7.3937E-04   
2.0850E-02   -9.8204E-04   
2.1633E-02   -8.6119E-04   
1.7566E-02   -2.8709E-03   
2.1546E-02   -8.0087E-04   
1.6079E-02   -4.7032E-03   
2.2314E-02   -7.5841E-04   
1.8032E-02   -3.0928E-03   
8.4531E-03   -1.0112E-02   
1.5235E-02   -5.6662E-03   
2.1217E-02   -8.6054E-04   
2.1797E-02   -8.6029E-04   
1.8418E-02   -2.6320E-03   
1.6488E-02   -4.5500E-03   
8.8080E-03   -1.0491E-02   
2.3096E-02   -8.9044E-04   
2.4065E-02   -6.9080E-04   
2.0716E-02   -1.0406E-03   
2.0939E-02   -9.3435E-04   
1.9381E-02   -1.7726E-03   
1.8235E-02   -2.4071E-03   
1.9827E-02   -1.4951E-03   
1.8393E-02   -2.3648E-03   
1.8658E-02   -2.1695E-03   
2.0890E-02   -9.8628E-04   
1.9009E-02   -1.9998E-03   
1.8554E-02   -2.2180E-03   
2.1803E-02   -6.4902E-04   
2.0144E-02   -1.3238E-03   
2.1163E-02   -8.3296E-04   
1.8595E-02   -2.2927E-03   
2.1458E-02   -9.8123E-04   
1.8811E-02   -2.2216E-03   
2.1496E-02   -8.6789E-04   
5.7812E-03   -1.2014E-02   
1.6360E-02   -4.9907E-03   
2.1958E-02   -8.6915E-04   
5.7522E-03   -1.2620E-02   
1.9285E-02   -2.1765E-03   
1.7733E-02   -3.4699E-03   
2.1237E-02   -8.9600E-04   
2.2488E-02   -7.7805E-04   
9.2783E-03   -1.0240E-02   
1.9122E-02   -2.3774E-03   
1.8131E-02   -3.3497E-03   
1.2996E-02   -7.4021E-03   
2.2732E-02   -9.5597E-04   
1.8538E-02   -2.4706E-03   
2.4446E-02   -6.4606E-04   
1.9501E-02   -1.6777E-03   
1.8998E-02   -2.0176E-03   
2.0482E-02   -1.1504E-03   
1.9141E-02   -1.8867E-03   
2.0574E-02   -1.1201E-03   
1.9009E-02   -2.1516E-03   
1.8276E-02   -2.4240E-03   
2.1760E-02   -1.0013E-03   
1.9945E-02   -1.4243E-03   
1.9173E-02   -1.9669E-03   
1.8946E-02   -1.9920E-03   
2.0911E-02   -1.0130E-03   
2.1607E-02   -9.8816E-04   
2.0778E-02   -1.0078E-03   
1.8538E-02   -2.2354E-03   
2.1239E-02   -9.4687E-04   
1.3851E-02   -6.0393E-03   
1.9161E-02   -2.1472E-03   
1.9055E-02   -2.5664E-03   
1.9113E-02   -2.6294E-03   
1.8432E-02   -3.3016E-03   
1.8665E-02   -3.4082E-03   
2.2785E-02   -1.0442E-03   
6.1836E-03   -1.2631E-02   
2.2274E-02   -9.1085E-04   
2.4760E-02   -5.3331E-04   
1.9624E-02   -1.5985E-03   
1.9289E-02   -1.7895E-03   
2.0287E-02   -1.2478E-03   
1.9466E-02   -1.7662E-03   
2.0585E-02   -1.1426E-03   
2.1270E-02   -9.9602E-04   
2.0929E-02   -1.0518E-03   
1.9351E-02   -1.9182E-03   
2.1412E-02   -1.1244E-03   
2.1266E-02   -1.1125E-03   
2.2396E-02   -1.0108E-03   
2.1915E-02   -1.0225E-03   
1.9834E-02   -2.2527E-03   
1.9684E-02   -2.1682E-03   
1.8809E-02   -2.1020E-03   
2.2632E-02   -8.1547E-04   
2.3415E-02   -8.3021E-04   
2.2331E-02   -1.2379E-03   
1.9237E-02   -2.9092E-03   
1.8016E-02   -4.0517E-03   
1.9732E-02   -2.4973E-03   
1.9681E-02   -1.8968E-03   
9.4610E-03   -1.0421E-02   
2.4806E-02   -6.0560E-04   
1.9404E-02   -1.7177E-03   
2.0593E-02   -1.0989E-03   
1.9047E-02   -1.9378E-03   
2.0023E-02   -1.3885E-03   
2.1016E-02   -1.2813E-03   
2.0244E-02   -1.2905E-03   
1.9733E-02   -1.5389E-03   
2.0600E-02   -1.1776E-03   
1.9625E-02   -1.7281E-03   
2.0936E-02   -1.1597E-03   
1.9799E-02   -1.6958E-03   
2.0935E-02   -1.2262E-03   
2.2704E-02   -8.7660E-04   
2.1567E-02   -1.1379E-03   
2.2083E-02   -1.0523E-03   
2.3650E-02   -8.3648E-04   
1.9723E-02   -2.0288E-03   
2.2419E-02   -9.3141E-04   
1.9809E-02   -1.9080E-03   
2.2068E-02   -1.1531E-03   
1.9349E-02   -1.7910E-03   
2.0019E-02   -1.6656E-03   
2.0074E-02   -2.2298E-03   
2.2008E-02   -1.2658E-03   
2.2721E-02   -1.1522E-03   
1.9613E-02   -2.2882E-03   
2.0073E-02   -2.4109E-03   
1.9379E-02   -3.1142E-03   
6.4269E-03   -1.2726E-02   
1.9492E-02   -1.6795E-03   
2.0025E-02   -1.5318E-03   
1.9885E-02   -1.4723E-03   
2.0286E-02   -1.3042E-03   
2.0113E-02   -1.8151E-03   
1.9848E-02   -1.5723E-03   
2.0639E-02   -1.3951E-03   
2.1270E-02   -1.2423E-03   
2.0253E-02   -2.5846E-03   
2.1724E-02   -1.2996E-03   
1.9037E-02   -1.9282E-03   
2.0149E-02   -1.7024E-03   
2.1705E-02   -1.1639E-03   
2.0638E-02   -1.2100E-03   
2.0592E-02   -1.3354E-03   
2.0344E-02   -2.0246E-03   
5.0305E-03   -1.3828E-02   
2.0318E-02   -2.2153E-03   
2.1912E-02   -1.3788E-03   
2.3009E-02   -1.0491E-03   
2.0951E-02   -1.0957E-03   
1.8784E-02   -2.0768E-03   
1.9684E-02   -1.6263E-03   
2.0200E-02   -1.5071E-03   
1.9979E-02   -1.4694E-03   
2.1353E-02   -1.2831E-03   
2.0401E-02   -1.3599E-03   
2.0352E-02   -1.5492E-03   
2.0031E-02   -1.4179E-03   
2.1588E-02   -1.5397E-03   
1.9744E-02   -1.5697E-03   
2.3325E-02   -9.8822E-04   
2.1621E-02   -1.4274E-03   
2.0129E-02   -2.0152E-03   
2.0360E-02   -1.4892E-03   
2.0621E-02   -2.3467E-03   
3.9939E-03   -1.4468E-02   
2.0703E-02   -1.2303E-03   
2.0490E-02   -1.7918E-03   
2.1003E-02   -1.3883E-03   
2.1073E-02   -1.4663E-03   
2.0637E-02   -1.8220E-03   
2.1619E-02   -1.6372E-03   
2.0399E-02   -1.6630E-03   
2.0578E-02   -2.2418E-03   
2.0679E-02   -2.4171E-03   
2.0901E-02   -1.6335E-03   
2.0424E-02   -1.7316E-03   
2.1011E-02   -2.3415E-03   
2.0797E-02   -1.8584E-03   
2.1817E-02   -1.1943E-03   
2.2069E-02   -1.5210E-03   
2.1210E-02   -1.7356E-03   
2.0704E-02   -1.5640E-03   
2.1329E-02   -1.4600E-03   
2.0534E-02   -2.0398E-03   
2.1205E-02   -1.8456E-03   
2.2498E-02   -1.3045E-03   
2.1492E-02   -2.1055E-03   
2.0902E-02   -1.9040E-03   
2.0719E-02   -1.6365E-03   
2.1097E-02   -1.9986E-03   
2.1410E-02   -1.9620E-03   
2.1914E-02   -1.7646E-03   
2.2164E-02   -1.5886E-03   
2.1688E-02   -1.9451E-03   
3.9338E-04   -1.5470E-02   
2.0971E-02   -2.1428E-03   
2.0284E-02   -2.6747E-03   
2.5547E-02   -2.4428E-04   
8.9330E-04   -1.4615E-02   
2.6432E-02   -3.2021E-05   
2.5172E-02   -5.6542E-04   
7.1271E-04   -1.5531E-02   
3.4975E-03   -1.4596E-02   
2.1566E-02   -2.1792E-03   
2.5760E-02   -1.2281E-04   
1.0883E-03   -1.5490E-02   
4.5926E-03   -1.3780E-02   
1.5428E-03   -1.5429E-02   
2.0047E-03   -1.5357E-02   
2.4622E-03   -1.5262E-02   
2.9360E-03   -1.5134E-02   
2.6739E-02   -2.8617E-05   
3.4180E-03   -1.4957E-02   
3.9391E-03   -1.4693E-02   
2.5027E-02   -4.4994E-04   
4.4888E-03   -1.4308E-02   
2.7056E-02   -2.6418E-05   
5.5731E-03   -1.3540E-02   
8.4552E-03   -1.1278E-02   
2.2470E-02   -1.4257E-03   
1.3099E-02   -7.9592E-03   
2.7393E-02   -2.3427E-05   
2.3898E-02   -5.7027E-04   
1.5772E-02   -6.2640E-03   
1.6615E-02   -4.6092E-03   
2.6352E-03   -1.4915E-02   
2.5130E-02   -3.8373E-04   
1.8912E-02   -4.3583E-03   
2.0662E-02   -3.3764E-03   
2.7742E-02   -1.9427E-05   
2.1669E-02   -2.9264E-03   
1.3479E-02   -7.4714E-03   
2.2346E-02   -2.7252E-03   
2.2856E-02   -2.6423E-03   
2.8107E-02   -1.5399E-05   
2.3452E-02   -2.4570E-03   
2.4112E-02   -2.3165E-03   
1.1576E-03   -1.5232E-02   
2.4721E-02   -2.1737E-03   
2.8530E-02   -1.2122E-05   
2.5901E-02   -7.4877E-05   
1.6538E-02   -5.2184E-03   
2.5371E-02   -2.0005E-03   
2.5985E-02   -1.8581E-03   
2.4511E-02   -7.0748E-04   
2.9006E-02   -5.0079E-06   
2.3678E-02   -9.2089E-04   
2.2974E-02   -1.1348E-03   
2.7159E-02   -1.5079E-03   
2.9457E-02   -2.1832E-04   
2.9553E-02   -2.3911E-04   
2.9549E-02   -2.9979E-05   
2.9603E-02   -6.5683E-06   
2.9492E-02   -1.1223E-04   
5.6712E-03   -1.3486E-02   
2.8393E-02   -9.6902E-04   
1.3339E-03   -1.5331E-02   
2.3915E-02   -9.3154E-04   
2.3390E-02   -1.0751E-03   
2.3587E-03   -1.5078E-02   
2.2739E-02   -1.4041E-03   
3.0603E-03   -1.4816E-02   
2.5806E-02   -1.9974E-04   
2.2132E-02   -1.7712E-03   
2.5473E-02   -4.6018E-04   
3.3937E-03   -1.4784E-02   
1.6887E-02   -5.0413E-03   
2.3029E-03   -1.5195E-02   
1.9405E-02   -3.3194E-03   
3.2839E-03   -1.4932E-02   
2.4367E-02   -8.0982E-04   
2.4549E-02   -2.0630E-03   
2.1551E-02   -2.8200E-03   
4.5000E-03   -1.4327E-02   
1.3088E-02   -7.9027E-03   
8.7783E-03   -1.1200E-02   
9.6228E-03   -1.0518E-02   
2.7206E-02   -5.1092E-05   
2.2093E-02   -2.0402E-03   
2.6031E-02   -1.0765E-04   
2.5240E-02   -6.2632E-04   
2.6592E-02   -5.6894E-05   
2.8473E-02   -2.7655E-05   
2.1144E-02   -2.4020E-03   
2.2591E-02   -2.5253E-03   
2.5333E-02   -2.8154E-04   
2.5377E-02   -3.9657E-04   
2.2450E-02   -1.4992E-03   
1.9392E-02   -3.1776E-03   
2.9295E-02   -1.3601E-06   
2.6600E-02   -1.6822E-03   
1.5667E-02   -6.1732E-03   
2.5516E-02   -1.8149E-03   
2.9590E-02   -1.3898E-04   
2.9694E-02   -2.5317E-06   
2.9666E-02   -1.5353E-05   
2.9622E-02   -6.5541E-05   
2.3544E-02   -2.2700E-03   
1.9662E-02   -3.6366E-03   
2.7896E-02   -3.5652E-05   
2.7714E-02   -1.0802E-03   
2.9056E-02   -1.5351E-05   
2.8422E-02   -8.2580E-04   
2.8871E-02   -2.7308E-04   
2.9110E-02   -2.3174E-05   
2.9017E-02   -7.7045E-05   
2.8734E-02   -5.0858E-04   
2.4223E-02   -9.3554E-04   
2.1487E-02   -2.7006E-03   
2.5927E-02   -1.5106E-04   
2.6250E-02   -1.2285E-04   
2.7007E-02   -8.4695E-05   
1.4965E-03   -1.5200E-02   
2.0883E-02   -2.6066E-03   
2.3212E-02   -1.2448E-03   
1.2416E-02   -8.4708E-03   
2.5832E-02   -2.4935E-04   
2.7690E-02   -6.2689E-05   
2.6401E-02   -1.6022E-03   
4.4802E-03   -1.4289E-02   
2.0915E-02   -2.8943E-03   
1.5717E-02   -6.0982E-03   
2.2499E-02   -2.4409E-03   
1.9927E-02   -3.1254E-03   
2.4134E-02   -2.0593E-03   
2.2596E-02   -1.6563E-03   
1.8413E-02   -4.2714E-03   
2.5060E-02   -7.4113E-04   
2.5544E-02   -5.2561E-04   
2.3078E-02   -2.3016E-03   
2.2565E-02   -1.8039E-03   
2.8088E-02   -4.9057E-05   
2.2173E-02   -2.1491E-03   
2.7347E-02   -7.3589E-05   
1.8427E-02   -4.1138E-03   
2.5683E-02   -3.2058E-04   
2.1987E-02   -2.5744E-03   
2.2989E-02   -1.4325E-03   
2.6616E-02   -9.4513E-05   
2.5756E-02   -3.6740E-04   
2.8284E-02   -4.2917E-04   
2.8637E-02   -5.1349E-05   
2.8516E-02   -1.4158E-04   
2.8723E-02   -2.6085E-05   
2.4624E-02   -8.1687E-04   
2.6956E-02   -1.3240E-03   
2.7879E-02   -8.5451E-04   
2.9003E-02   -5.7595E-05   
2.8784E-02   -4.0979E-04   
2.8867E-02   -1.5389E-04   
2.8797E-02   -2.0155E-04   
2.1880E-02   -2.4736E-03   
1.7726E-02   -4.6773E-03   
2.7806E-02   -8.1442E-05   
2.5963E-02   -1.6590E-03   
2.0595E-02   -2.9182E-03   
2.2606E-02   -1.9223E-03   
2.1767E-02   -2.3812E-03   
2.5938E-02   -4.8148E-04   
2.6460E-02   -1.4131E-04   
2.3719E-02   -2.0759E-03   
2.7161E-02   -1.0562E-04   
2.8440E-02   -2.1525E-04   
2.8656E-02   -8.4495E-05   
2.6127E-02   -3.3116E-04   
2.4075E-02   -1.0741E-03   
2.6170E-02   -2.2777E-04   
2.3553E-02   -1.2399E-03   
2.8295E-02   -3.1235E-04   
2.7180E-02   -1.0534E-03   
2.5385E-02   -7.2803E-04   
2.4731E-02   -1.8514E-03   
2.3018E-02   -1.5993E-03   
2.1288E-02   -2.5272E-03   
2.2897E-02   -2.2192E-03   
2.5088E-02   -8.2351E-04   
2.8437E-02   -4.6209E-05   
2.6871E-02   -1.2373E-03   
2.8006E-02   -6.2620E-04   
2.3879E-02   -1.8727E-03   
2.3513E-02   -1.5133E-03   
2.4962E-02   -9.3917E-04   
2.5782E-02   -6.6658E-04   
2.3296E-02   -2.0027E-03   
2.2279E-02   -2.2486E-03   
2.7917E-02   -9.8582E-05   
2.6589E-02   -1.2360E-03   
2.7171E-02   -1.4298E-04   
2.7578E-02   -1.1943E-04   
2.2787E-02   -2.1243E-03   
2.6397E-02   -2.4810E-04   
2.6462E-02   -1.8442E-04   
2.6229E-02   -3.8212E-04   
2.3000E-02   -1.5218E-03   
2.3076E-02   -1.8225E-03   
2.6052E-02   -5.3806E-04   
2.4908E-02   -1.6691E-03   
2.4418E-02   -1.0732E-03   
2.3921E-02   -1.2219E-03   
2.3399E-02   -1.6590E-03   
2.5389E-02   -8.7397E-04   
2.5690E-02   -7.6983E-04   
2.5149E-02   -1.8296E-03   
2.6338E-02   -4.3169E-04   
2.3178E-02   -1.9128E-03   
2.8254E-02   -7.6667E-05   
2.6767E-02   -1.8924E-04   
2.6496E-02   -2.9973E-04   
2.5963E-02   -1.4264E-03   
2.7024E-02   -2.0102E-04   
2.3831E-02   -1.3420E-03   
2.4672E-02   -1.0886E-03   
2.5738E-02   -8.4709E-04   
2.3533E-02   -1.7182E-03   
2.6891E-02   -2.6321E-04   
2.6896E-02   -1.0327E-03   
2.6194E-02   -5.7404E-04   
2.6736E-02   -3.8053E-04   
2.5711E-02   -1.6370E-03   
2.7729E-02   -1.3729E-04   
2.4075E-02   -1.3620E-03   
2.4593E-02   -1.2035E-03   
2.8391E-02   -9.0350E-05   
2.6545E-02   -5.2703E-04   
2.7934E-02   -1.4998E-04   
2.4027E-02   -1.5958E-03   
2.6937E-02   -3.0884E-04   
2.7513E-02   -1.8803E-04   
2.6853E-02   -4.1920E-04   
2.4988E-02   -1.1787E-03   
2.7207E-02   -2.1273E-04   
2.5514E-02   -1.0124E-03   
2.6291E-02   -7.3433E-04   
2.7211E-02   -3.1337E-04   
2.6430E-02   -8.0908E-04   
2.4151E-02   -1.6723E-03   
2.5881E-02   -9.9646E-04   
2.4421E-02   -1.3788E-03   
2.5352E-02   -1.1674E-03   
2.7585E-02   -2.2065E-04   
2.8317E-02   -1.3350E-04   
2.6722E-02   -8.1558E-04   
2.6273E-02   -9.6595E-04   
2.7675E-02   -2.5409E-04   
2.4537E-02   -1.4866E-03   
2.5109E-02   -1.3540E-03   
2.7453E-02   -3.2112E-04   
2.7192E-02   -7.2442E-04   
2.6188E-02   -1.1086E-03   
2.8081E-02   -1.9961E-04   
2.7411E-02   -3.7740E-04   
2.7126E-02   -8.5516E-04   
2.8247E-02   -2.1570E-04   
2.6638E-02   -1.0228E-03   
2.6972E-02   -4.5958E-04   
2.6659E-02   -5.8178E-04   
2.6827E-02   -6.2992E-04   
2.7350E-02   -5.1765E-04   
