51 
1844 
1.4489E-02   -4.1758E-03   
1.5840E-02   -2.8549E-03   
1.6882E-02   -1.8052E-03   
1.7589E-02   -8.9662E-04   
8.3485E-37   -1.1663E-03   
1.7837E-02   1.1672E-37   
1.7994E-02   -1.7480E-34   
1.8137E-02   -4.5098E-35   
1.8498E-02   2.0938E-35   
1.8858E-02   5.2596E-35   
1.9337E-02   1.3811E-34   
1.9945E-02   2.0847E-34   
2.0423E-02   2.5990E-34   
2.1254E-02   4.0124E-34   
2.1883E-02   4.8221E-34   
2.2573E-02   4.1407E-34   
2.2940E-02   6.3834E-34   
2.3718E-02   9.2201E-34   
2.4556E-02   1.2929E-33   
2.5000E-02   -2.4856E-30   
2.5000E-02   -1.3744E-34   
2.5000E-02   -1.3744E-34   
2.5000E-02   -1.3744E-34   
2.5000E-02   -1.3744E-34   
2.5000E-02   -1.3744E-34   
2.5000E-02   -1.3744E-34   
2.5000E-02   -1.3744E-34   
2.5000E-02   -1.3744E-34   
2.5000E-02   -1.3744E-34   
2.5000E-02   -1.3744E-34   
2.5000E-02   -1.3744E-34   
2.5000E-02   -1.3744E-34   
2.3739E-02   -8.0403E-04   
2.2395E-02   -1.4922E-03   
2.1771E-02   -1.7360E-03   
2.1153E-02   -1.9395E-03   
1.9923E-02   -2.2759E-03   
1.9307E-02   -2.4255E-03   
1.8068E-02   -2.7172E-03   
1.7442E-02   -2.8689E-03   
1.5941E-02   -3.3907E-03   
1.2573E-02   -5.3126E-03   
9.8862E-03   -6.8750E-03   
4.9899E-03   -1.0147E-02   
3.8507E-03   -1.1064E-02   
3.3805E-03   -1.1350E-02   
2.4914E-03   -1.1737E-02   
1.6334E-03   -1.1962E-02   
8.0342E-04   -1.2082E-02   
-3.1891E-37   -1.2116E-02   
1.3952E-33   -1.1845E-02   
1.5005E-33   -1.1576E-02   
1.4356E-33   -1.1211E-02   
1.3639E-33   -1.1002E-02   
1.1939E-33   -1.0669E-02   
1.0809E-33   -1.0486E-02   
9.8137E-34   -1.0327E-02   
8.6687E-34   -1.0229E-02   
7.0883E-34   -9.7580E-03   
1.2631E-02   -4.0591E-03   
2.4443E-02   -1.9888E-05   
2.3867E-02   -5.5143E-05   
2.3043E-02   -1.1573E-04   
2.2372E-02   -1.7340E-04   
2.1716E-02   -2.4857E-04   
2.0999E-02   -2.9993E-04   
2.0424E-02   -3.2694E-04   
1.9695E-02   -3.9743E-04   
1.8987E-02   -4.5164E-04   
1.8286E-02   -5.0755E-04   
1.7602E-02   -5.6731E-04   
1.6899E-02   -6.5566E-04   
1.6169E-02   -8.3751E-04   
1.5167E-02   -1.3037E-03   
1.4096E-02   -2.2272E-03   
1.5921E-02   -1.9233E-03   
1.6387E-02   -8.5933E-04   
1.6965E-02   -4.7804E-04   
1.7542E-02   -3.5008E-04   
1.8116E-02   -3.0946E-04   
1.8673E-02   -2.9382E-04   
1.9337E-02   -2.5437E-04   
1.9957E-02   -2.2542E-04   
2.0541E-02   -1.9391E-04   
2.1135E-02   -1.8771E-04   
2.1809E-02   -1.3938E-04   
2.2457E-02   -1.0147E-04   
2.3094E-02   -7.4013E-05   
2.3780E-02   -3.4515E-05   
2.4382E-02   -9.9295E-06   
1.7505E-02   -4.5616E-04   
1.7755E-02   -1.8851E-04   
1.8051E-02   -1.3441E-04   
1.8503E-02   -1.1629E-04   
1.8954E-02   -1.1029E-04   
1.9525E-02   -1.1059E-04   
2.0048E-02   -1.0946E-04   
2.0578E-02   -1.0316E-04   
2.1277E-02   -7.8304E-05   
2.1867E-02   -5.9538E-05   
2.2539E-02   -4.6828E-05   
2.3209E-02   -2.9188E-05   
2.3870E-02   -1.4808E-05   
2.4486E-02   -2.2798E-06   
2.4333E-02   -3.9721E-05   
2.3699E-02   -1.0185E-04   
2.2924E-02   -1.9600E-04   
2.2229E-02   -2.5889E-04   
2.1609E-02   -3.5338E-04   
2.0852E-02   -4.3605E-04   
2.0110E-02   -5.1761E-04   
1.9412E-02   -5.8943E-04   
1.8679E-02   -6.8226E-04   
1.7997E-02   -7.7139E-04   
1.7117E-02   -9.1366E-04   
1.6174E-02   -1.1135E-03   
1.5259E-02   -1.3722E-03   
1.4205E-02   -1.8050E-03   
1.2288E-02   -2.9746E-03   
5.0904E-03   -7.5910E-03   
2.4279E-02   -7.1441E-05   
2.3731E-02   -1.4602E-04   
2.2793E-02   -2.9048E-04   
2.2182E-02   -3.8714E-04   
2.1460E-02   -4.8821E-04   
2.0585E-02   -6.2732E-04   
1.9835E-02   -7.1345E-04   
1.9103E-02   -8.1304E-04   
1.8227E-02   -9.6534E-04   
1.7394E-02   -1.1411E-03   
1.6515E-02   -1.3416E-03   
1.5624E-02   -1.5314E-03   
1.4565E-02   -1.8934E-03   
1.3053E-02   -2.5841E-03   
7.9311E-03   -5.7696E-03   
1.3459E-03   -9.9194E-03   
2.4473E-02   -6.9320E-05   
2.3459E-02   -2.4935E-04   
2.2887E-02   -3.4986E-04   
2.2183E-02   -4.9283E-04   
2.1142E-02   -6.8044E-04   
2.0401E-02   -8.1419E-04   
1.9645E-02   -9.3265E-04   
1.8738E-02   -1.1049E-03   
1.7903E-02   -1.2885E-03   
1.7024E-02   -1.4673E-03   
1.6181E-02   -1.6728E-03   
1.5141E-02   -1.9480E-03   
1.3561E-02   -2.6830E-03   
1.0160E-02   -4.7057E-03   
3.8127E-03   -8.8988E-03   
1.0454E-03   -1.0357E-02   
2.4135E-02   -1.6743E-04   
2.3526E-02   -3.1237E-04   
2.2789E-02   -4.9339E-04   
2.2046E-02   -6.7280E-04   
2.0982E-02   -8.8997E-04   
2.0140E-02   -1.0326E-03   
1.9259E-02   -1.2340E-03   
1.8414E-02   -1.4311E-03   
1.7450E-02   -1.6144E-03   
1.6663E-02   -1.7931E-03   
1.5797E-02   -2.0822E-03   
1.4528E-02   -2.5586E-03   
1.1385E-02   -4.4119E-03   
5.8882E-03   -8.0964E-03   
2.0361E-03   -1.0414E-02   
1.0319E-03   -1.0599E-02   
2.4300E-02   -2.0246E-04   
2.3454E-02   -4.6311E-04   
2.2768E-02   -6.3492E-04   
2.1685E-02   -9.2303E-04   
2.0726E-02   -1.1726E-03   
1.9893E-02   -1.3246E-03   
1.8844E-02   -1.5525E-03   
1.8052E-02   -1.7371E-03   
1.7053E-02   -1.9529E-03   
1.6165E-02   -2.2107E-03   
1.5121E-02   -2.5779E-03   
1.3283E-02   -3.5825E-03   
8.7635E-03   -6.6145E-03   
3.6469E-03   -1.0058E-02   
2.0060E-03   -1.0739E-02   
9.4755E-04   -1.0881E-02   
2.4169E-02   -2.9463E-04   
2.3228E-02   -6.2304E-04   
2.2573E-02   -8.1941E-04   
2.1290E-02   -1.2128E-03   
2.0519E-02   -1.4048E-03   
1.9635E-02   -1.6277E-03   
1.8683E-02   -1.8111E-03   
1.7700E-02   -2.0459E-03   
1.6597E-02   -2.3470E-03   
1.5681E-02   -2.6391E-03   
1.4190E-02   -3.4299E-03   
1.0952E-02   -5.5328E-03   
5.2300E-03   -9.6136E-03   
3.1641E-03   -1.0730E-02   
1.9954E-03   -1.1042E-02   
9.9172E-04   -1.1168E-02   
2.4206E-02   -3.9123E-04   
2.3385E-02   -7.5449E-04   
2.2298E-02   -1.1212E-03   
2.1342E-02   -1.4564E-03   
2.0328E-02   -1.6431E-03   
1.9329E-02   -1.8714E-03   
1.8362E-02   -2.1140E-03   
1.7379E-02   -2.3666E-03   
1.6377E-02   -2.6360E-03   
1.4912E-02   -3.2524E-03   
1.1914E-02   -5.2268E-03   
7.0828E-03   -8.6804E-03   
4.1083E-03   -1.0601E-02   
2.9384E-03   -1.1104E-02   
1.9028E-03   -1.1356E-02   
1.0572E-03   -1.1452E-02   
2.3869E-02   -6.8444E-04   
2.2898E-02   -1.1749E-03   
2.2116E-02   -1.4149E-03   
2.0846E-02   -1.7942E-03   
2.0061E-02   -1.9847E-03   
1.8951E-02   -2.2466E-03   
1.7966E-02   -2.5020E-03   
1.7091E-02   -2.6866E-03   
1.5890E-02   -3.0728E-03   
1.3341E-02   -4.4530E-03   
9.8574E-03   -6.7603E-03   
5.2254E-03   -1.0157E-02   
3.7409E-03   -1.1072E-02   
2.7571E-03   -1.1423E-02   
1.8316E-03   -1.1649E-02   
8.1585E-04   -1.1833E-02   
3.5135E-03   -1.3514E-03   
6.6888E-03   -1.7206E-03   
9.5029E-03   -2.1646E-03   
1.1388E-02   -2.7575E-03   
1.2616E-02   -3.3441E-03   
1.3590E-02   -3.9618E-03   
1.4104E-02   -4.1251E-03   
1.4739E-02   -4.0773E-03   
1.4917E-02   -3.8972E-03   
1.5079E-02   -3.7040E-03   
1.5236E-02   -3.5173E-03   
1.5390E-02   -3.3396E-03   
1.5543E-02   -3.1704E-03   
1.5693E-02   -3.0090E-03   
1.5983E-02   -2.7073E-03   
1.6124E-02   -2.5657E-03   
1.6261E-02   -2.4294E-03   
1.6394E-02   -2.2980E-03   
1.6523E-02   -2.1704E-03   
1.6647E-02   -2.0459E-03   
1.6767E-02   -1.9243E-03   
1.6991E-02   -1.6881E-03   
1.7095E-02   -1.5725E-03   
1.7194E-02   -1.4580E-03   
1.7286E-02   -1.3446E-03   
1.7372E-02   -1.2318E-03   
1.7451E-02   -1.1197E-03   
1.7524E-02   -1.0079E-03   
1.7648E-02   -7.8571E-04   
1.7699E-02   -6.7539E-04   
1.7743E-02   -5.6609E-04   
1.7775E-02   -4.5162E-04   
1.7809E-02   -3.4400E-04   
1.7823E-02   -2.3278E-04   
1.7841E-02   -1.1418E-04   
1.7894E-02   -6.4298E-34   
1.7924E-02   -6.2295E-34   
1.7947E-02   -4.8141E-34   
1.7964E-02   -2.6980E-34   
1.7979E-02   -2.1671E-34   
1.8011E-02   -1.3966E-34   
1.8033E-02   -1.1002E-34   
1.8060E-02   -8.4943E-35   
1.8095E-02   -6.3553E-35   
1.8188E-02   -2.9047E-35   
1.8249E-02   -1.5008E-35   
1.8321E-02   -2.5173E-36   
1.8404E-02   9.2703E-36   
1.8605E-02   3.1608E-35   
1.8725E-02   4.2174E-35   
1.9004E-02   6.3987E-35   
1.9164E-02   7.5558E-35   
1.9525E-02   1.4873E-34   
1.9728E-02   1.1622E-34   
2.0176E-02   2.2768E-34   
2.0685E-02   3.0110E-34   
2.0962E-02   3.4092E-34   
2.1561E-02   4.1029E-34   
2.2221E-02   5.4210E-34   
2.3322E-02   7.8467E-34   
2.4129E-02   7.9453E-34   
2.5000E-02   -1.3744E-34   
2.5000E-02   -1.3744E-34   
2.5000E-02   -1.3744E-34   
2.5000E-02   -1.3744E-34   
2.5000E-02   -1.3744E-34   
2.3043E-02   -1.1922E-03   
2.0538E-02   -2.1161E-03   
1.8689E-02   -2.5708E-03   
1.6812E-02   -3.0417E-03   
1.4599E-02   -4.0870E-03   
6.9583E-03   -8.7727E-03   
4.3573E-03   -1.0717E-02   
2.9309E-03   -1.1569E-02   
2.0587E-03   -1.1863E-02   
1.2145E-03   -1.2033E-02   
3.9999E-04   -1.2112E-02   
1.0204E-33   -1.1982E-02   
1.4693E-33   -1.1709E-02   
1.4635E-33   -1.1449E-02   
2.1433E-33   -1.1327E-02   
2.1774E-33   -1.1103E-02   
1.3317E-33   -1.0908E-02   
1.2937E-33   -1.0822E-02   
1.2417E-33   -1.0742E-02   
1.1537E-33   -1.0602E-02   
1.1158E-33   -1.0541E-02   
1.0512E-33   -1.0436E-02   
1.0238E-33   -1.0394E-02   
1.0004E-33   -1.0357E-02   
9.6782E-34   -1.0303E-02   
9.4784E-34   -1.0285E-02   
9.2175E-34   -1.0268E-02   
8.9457E-34   -1.0250E-02   
8.4305E-34   -1.0202E-02   
8.1577E-34   -1.0163E-02   
7.9089E-34   -1.0112E-02   
7.6551E-34   -1.0039E-02   
7.3541E-34   -9.9282E-03   
6.8061E-34   -9.4996E-03   
6.5236E-34   -9.1183E-03   
6.2320E-34   -8.5802E-03   
5.9673E-34   -7.8640E-03   
5.7290E-34   -6.9531E-03   
8.3606E-34   -5.7969E-03   
7.6699E-34   -4.4594E-03   
5.6364E-34   -2.8599E-03   
1.4974E-02   -3.5391E-03   
1.6072E-02   -2.3957E-03   
1.6489E-02   -2.0000E-03   
1.5302E-02   -3.1723E-03   
1.7475E-02   -9.7545E-04   
1.4455E-02   -4.1416E-03   
1.0540E-02   -3.2590E-03   
1.7202E-02   -1.2985E-03   
1.7735E-02   -5.6054E-04   
1.6871E-02   -1.6378E-03   
1.5620E-02   -2.8400E-03   
1.7620E-02   -7.6649E-04   
1.5775E-02   -2.6854E-03   
1.4204E-02   -4.2630E-03   
1.6750E-02   -1.7557E-03   
1.7299E-02   -1.1893E-03   
1.7869E-02   -1.6011E-04   
4.6505E-03   -2.8405E-03   
1.3817E-02   -4.2396E-03   
1.6215E-02   -2.2595E-03   
1.6352E-02   -2.1275E-03   
1.7551E-02   -8.7046E-04   
1.2184E-02   -3.6046E-03   
1.7781E-02   -4.5580E-04   
7.9065E-03   -3.1065E-03   
1.3301E-02   -4.1077E-03   
1.7391E-02   -1.0817E-03   
1.7681E-02   -6.6329E-04   
1.4639E-02   -3.9439E-03   
1.7097E-02   -1.4095E-03   
1.6987E-02   -1.5225E-03   
1.5462E-02   -3.0022E-03   
1.4807E-02   -3.7373E-03   
1.5139E-02   -3.3511E-03   
1.5926E-02   -2.5377E-03   
1.6622E-02   -1.8763E-03   
2.5987E-03   -6.3280E-03   
2.2241E-03   -7.3216E-03   
1.8724E-03   -8.1403E-03   
1.5285E-03   -8.7763E-03   
1.2116E-03   -9.2422E-03   
9.4729E-04   -9.5700E-03   
7.4040E-04   -9.7940E-03   
5.8649E-04   -9.9440E-03   
4.7729E-04   -1.0044E-02   
1.7929E-02   -8.3948E-05   
4.0552E-04   -1.0111E-02   
1.7947E-02   -6.9504E-05   
3.4950E-04   -1.0157E-02   
1.7962E-02   -5.8585E-05   
2.9877E-04   -1.0191E-02   
1.7977E-02   -4.9532E-05   
2.5652E-04   -1.0217E-02   
1.7993E-02   -4.2321E-05   
2.2360E-04   -1.0240E-02   
1.8012E-02   -3.6621E-05   
2.0050E-04   -1.0260E-02   
1.8036E-02   -3.2249E-05   
1.8860E-04   -1.0282E-02   
1.8067E-02   -2.9037E-05   
1.8868E-04   -1.0306E-02   
1.8105E-02   -2.6806E-05   
1.9452E-04   -1.0335E-02   
1.8151E-02   -2.5383E-05   
2.0227E-04   -1.0369E-02   
1.8208E-02   -2.4670E-05   
2.1061E-04   -1.0410E-02   
1.8275E-02   -2.4567E-05   
2.1986E-04   -1.0456E-02   
1.8352E-02   -2.4940E-05   
2.3006E-04   -1.0509E-02   
1.8441E-02   -2.5632E-05   
2.4050E-04   -1.0567E-02   
1.8543E-02   -2.6362E-05   
2.5104E-04   -1.0631E-02   
1.8656E-02   -2.7584E-05   
2.6171E-04   -1.0701E-02   
1.8781E-02   -2.9030E-05   
2.7221E-04   -1.0777E-02   
1.8918E-02   -3.0920E-05   
2.8573E-04   -1.0858E-02   
1.9070E-02   -3.2563E-05   
3.0151E-04   -1.0947E-02   
1.9236E-02   -3.3623E-05   
3.1070E-04   -1.1043E-02   
1.9417E-02   -3.4626E-05   
3.1985E-04   -1.1146E-02   
1.9614E-02   -3.5479E-05   
3.4345E-04   -1.1257E-02   
1.9828E-02   -3.5551E-05   
3.5683E-04   -1.1378E-02   
2.0052E-02   -3.4163E-05   
3.5816E-04   -1.1506E-02   
2.0286E-02   -3.5028E-05   
3.6964E-04   -1.1638E-02   
2.0540E-02   -3.4572E-05   
3.8760E-04   -1.1778E-02   
1.5396E-02   -2.8350E-03   
1.6870E-02   -1.4802E-03   
1.7320E-02   -1.0472E-03   
1.4709E-02   -3.5721E-03   
1.7862E-02   -2.3924E-04   
8.9957E-03   -4.1082E-03   
1.6172E-02   -2.0941E-03   
1.7771E-02   -4.5877E-04   
1.2848E-02   -4.3219E-03   
1.4170E-02   -4.2142E-03   
1.3918E-02   -4.3562E-03   
1.6608E-02   -1.7146E-03   
1.5723E-02   -2.5187E-03   
1.7582E-02   -7.4723E-04   
1.7653E-02   -6.5053E-04   
1.5879E-02   -2.3713E-03   
1.6466E-02   -1.8361E-03   
1.7415E-02   -9.4533E-04   
1.7218E-02   -1.1514E-03   
1.4884E-02   -3.3734E-03   
1.4357E-02   -4.0001E-03   
5.9700E-03   -4.2618E-03   
1.5057E-02   -3.1847E-03   
1.6026E-02   -2.2319E-03   
1.6318E-02   -1.9620E-03   
1.7503E-02   -8.4542E-04   
1.7716E-02   -5.5469E-04   
1.5228E-02   -3.0055E-03   
1.6992E-02   -1.3677E-03   
1.3523E-02   -4.3581E-03   
1.4534E-02   -3.7811E-03   
1.7108E-02   -1.2582E-03   
1.7819E-02   -3.5944E-04   
1.1276E-02   -4.0598E-03   
1.6742E-02   -1.5961E-03   
1.5561E-02   -2.6732E-03   
2.8137E-03   -5.1293E-03   
4.8518E-03   -6.5198E-03   
4.2486E-03   -7.4270E-03   
3.5561E-03   -8.1680E-03   
2.8592E-03   -8.7390E-03   
2.2663E-03   -9.1631E-03   
1.7823E-03   -9.4728E-03   
1.3973E-03   -9.6953E-03   
1.7904E-02   -1.0883E-04   
1.1004E-03   -9.8533E-03   
8.7896E-04   -9.9649E-03   
1.7914E-02   -1.4876E-04   
7.1776E-04   -1.0042E-02   
1.7928E-02   -1.2760E-04   
6.0435E-04   -1.0097E-02   
1.7941E-02   -1.0730E-04   
5.2158E-04   -1.0139E-02   
1.7955E-02   -9.1288E-05   
4.5896E-04   -1.0174E-02   
1.7972E-02   -7.8728E-05   
4.1385E-04   -1.0204E-02   
1.7993E-02   -6.8874E-05   
3.8785E-04   -1.0234E-02   
1.8020E-02   -6.1452E-05   
3.7955E-04   -1.0265E-02   
1.8054E-02   -5.6202E-05   
3.8652E-04   -1.0298E-02   
1.8096E-02   -5.2755E-05   
3.9856E-04   -1.0334E-02   
1.8148E-02   -5.0650E-05   
4.1284E-04   -1.0373E-02   
1.8210E-02   -4.9912E-05   
4.2990E-04   -1.0418E-02   
1.8283E-02   -5.0403E-05   
4.4938E-04   -1.0468E-02   
1.8367E-02   -5.1737E-05   
4.7022E-04   -1.0523E-02   
1.8464E-02   -5.2896E-05   
4.9156E-04   -1.0585E-02   
1.8572E-02   -5.3667E-05   
5.1290E-04   -1.0652E-02   
1.8686E-02   -5.7144E-05   
5.3126E-04   -1.0724E-02   
1.8814E-02   -5.9925E-05   
5.4568E-04   -1.0801E-02   
1.8955E-02   -6.4997E-05   
5.8283E-04   -1.0881E-02   
1.9115E-02   -6.7246E-05   
6.1696E-04   -1.0972E-02   
1.9290E-02   -6.8769E-05   
6.2013E-04   -1.1073E-02   
1.9478E-02   -7.0955E-05   
6.5064E-04   -1.1173E-02   
1.9691E-02   -7.2113E-05   
7.4318E-04   -1.1286E-02   
1.9923E-02   -7.0773E-05   
7.1483E-04   -1.1422E-02   
2.0138E-02   -6.4681E-05   
7.2448E-04   -1.1549E-02   
2.0366E-02   -7.6515E-05   
7.5556E-04   -1.1681E-02   
2.0809E-02   -3.5901E-05   
1.6138E-02   -1.9336E-03   
1.6301E-02   -1.8016E-03   
1.5686E-02   -2.3595E-03   
1.6458E-02   -1.6804E-03   
1.5517E-02   -2.5100E-03   
1.3880E-02   -4.2954E-03   
1.4072E-02   -4.0659E-03   
1.4257E-02   -3.8360E-03   
1.4442E-02   -3.6160E-03   
1.4625E-02   -3.4066E-03   
1.3614E-02   -4.4604E-03   
1.4808E-02   -3.2076E-03   
1.5344E-02   -2.6704E-03   
1.6605E-02   -1.5623E-03   
1.4989E-02   -3.0189E-03   
1.5168E-02   -2.8401E-03   
1.3020E-02   -4.5629E-03   
1.6746E-02   -1.4459E-03   
1.7535E-02   -7.2832E-04   
1.7616E-02   -6.3677E-04   
1.7687E-02   -5.4781E-04   
1.7445E-02   -8.2209E-04   
1.1840E-02   -4.7648E-03   
1.6879E-02   -1.3330E-03   
1.7347E-02   -9.1810E-04   
1.7127E-02   -1.1185E-03   
1.7006E-02   -1.2239E-03   
1.7241E-02   -1.0168E-03   
9.6230E-03   -4.8395E-03   
7.6721E-03   -4.9289E-03   
1.7749E-02   -4.5940E-04   
1.7805E-02   -3.6914E-04   
1.7855E-02   -2.7608E-04   
5.3853E-03   -5.5740E-03   
6.1325E-03   -7.3246E-03   
4.9812E-03   -7.9834E-03   
4.0360E-03   -8.5016E-03   
3.2490E-03   -8.9027E-03   
2.5904E-03   -9.2143E-03   
2.0499E-03   -9.4570E-03   
1.7895E-02   -1.7768E-04   
1.6196E-03   -9.6457E-03   
1.2875E-03   -9.7914E-03   
1.7876E-02   -2.1488E-04   
1.0400E-03   -9.9034E-03   
1.7890E-02   -1.7579E-04   
8.6075E-04   -9.9894E-03   
1.7902E-02   -1.4860E-04   
7.3395E-04   -1.0057E-02   
1.7916E-02   -1.2762E-04   
6.4917E-04   -1.0112E-02   
1.7933E-02   -1.1136E-04   
6.0388E-04   -1.0158E-02   
1.7956E-02   -9.8450E-05   
5.9089E-04   -1.0198E-02   
1.7986E-02   -8.9255E-05   
5.8650E-04   -1.0243E-02   
1.8023E-02   -8.3368E-05   
5.9348E-04   -1.0287E-02   
1.8070E-02   -7.9338E-05   
6.1011E-04   -1.0328E-02   
1.8128E-02   -7.7028E-05   
6.3046E-04   -1.0371E-02   
1.8195E-02   -7.7292E-05   
6.5720E-04   -1.0419E-02   
1.8273E-02   -7.9279E-05   
6.8992E-04   -1.0472E-02   
1.8367E-02   -8.1236E-05   
7.2289E-04   -1.0530E-02   
1.8478E-02   -8.2069E-05   
7.5498E-04   -1.0595E-02   
1.8588E-02   -7.9707E-05   
7.8335E-04   -1.0666E-02   
1.8688E-02   -9.2780E-05   
7.9686E-04   -1.0743E-02   
7.8665E-04   -1.0816E-02   
9.3324E-04   -1.0999E-02   
1.9317E-02   -1.0684E-04   
1.0491E-03   -1.1340E-02   
1.0857E-03   -1.1570E-02   
1.9760E-02   -1.1126E-04   
2.1107E-02   -3.7488E-05   
1.7718E-02   -4.5978E-04   
1.7780E-02   -3.7667E-04   
1.7838E-02   -2.9108E-04   
1.5818E-02   -2.0891E-03   
1.5664E-02   -2.2061E-03   
1.3558E-02   -4.3926E-03   
1.3065E-02   -4.6687E-03   
1.4364E-02   -3.4502E-03   
1.3778E-02   -4.1404E-03   
1.4556E-02   -3.2410E-03   
1.3976E-02   -3.8998E-03   
1.5490E-02   -2.3511E-03   
1.6465E-02   -1.5379E-03   
1.4171E-02   -3.6700E-03   
1.7479E-02   -7.1000E-04   
1.7379E-02   -8.0075E-04   
1.4746E-02   -3.0425E-03   
1.4936E-02   -2.8545E-03   
1.7028E-02   -1.0909E-03   
1.7153E-02   -9.9061E-04   
1.7571E-02   -6.2125E-04   
1.1820E-02   -5.0568E-03   
1.7651E-02   -5.3938E-04   
1.5308E-02   -2.5089E-03   
1.6897E-02   -1.1960E-03   
1.5124E-02   -2.6768E-03   
1.7270E-02   -8.9412E-04   
1.6614E-02   -1.4198E-03   
1.6759E-02   -1.3058E-03   
7.3125E-03   -7.0543E-03   
6.1081E-03   -7.6404E-03   
5.0948E-03   -8.0962E-03   
4.2033E-03   -8.4767E-03   
3.4285E-03   -8.8020E-03   
2.7733E-03   -9.0809E-03   
2.2353E-03   -9.3171E-03   
1.8057E-03   -9.5145E-03   
1.7879E-02   -2.2074E-04   
1.7826E-02   -2.5530E-04   
1.4726E-03   -9.6777E-03   
1.7835E-02   -2.1671E-04   
1.2216E-03   -9.8120E-03   
1.7845E-02   -1.8476E-04   
1.0385E-03   -9.9241E-03   
1.7858E-02   -1.6074E-04   
9.1435E-04   -1.0017E-02   
1.7876E-02   -1.4230E-04   
8.4733E-04   -1.0089E-02   
1.7904E-02   -1.2661E-04   
8.6375E-04   -1.0137E-02   
1.7935E-02   -1.1807E-04   
8.1625E-04   -1.0212E-02   
1.7973E-02   -1.1245E-04   
8.1259E-04   -1.0266E-02   
1.8029E-02   -1.0781E-04   
8.2752E-04   -1.0318E-02   
1.8094E-02   -1.0554E-04   
8.9461E-04   -1.0413E-02   
1.0588E-03   -1.0769E-02   
1.8245E-02   -1.1273E-04   
9.4774E-04   -1.0466E-02   
9.9034E-04   -1.0529E-02   
1.0693E-03   -1.0678E-02   
1.8835E-02   -8.9540E-05   
1.9158E-02   -9.9652E-05   
1.9332E-02   -1.5107E-04   
1.8356E-02   -1.1524E-04   
1.4422E-03   -1.1452E-02   
1.9559E-02   -1.5378E-04   
1.0962E-03   -1.1244E-02   
1.8612E-02   -1.3231E-04   
1.2864E-03   -1.0919E-02   
1.7808E-02   -3.0664E-04   
1.7742E-02   -3.8945E-04   
1.7681E-02   -4.6255E-04   
1.6179E-02   -1.6306E-03   
1.6139E-02   -1.7723E-03   
1.6318E-02   -1.5210E-03   
1.5486E-02   -2.1956E-03   
1.7518E-02   -6.0729E-04   
1.3447E-02   -4.2253E-03   
1.7613E-02   -5.2218E-04   
1.2996E-02   -4.5855E-03   
1.1883E-02   -5.1499E-03   
1.3689E-02   -3.9665E-03   
1.4300E-02   -3.2846E-03   
1.4100E-02   -3.5037E-03   
1.5290E-02   -2.3505E-03   
1.3898E-02   -3.7300E-03   
1.4501E-02   -3.0761E-03   
1.6476E-02   -1.4018E-03   
1.7058E-02   -9.6899E-04   
1.7415E-02   -6.9437E-04   
1.4700E-02   -2.8786E-03   
1.7185E-02   -8.7391E-04   
1.7304E-02   -7.8274E-04   
1.6922E-02   -1.0692E-03   
1.4899E-02   -2.6921E-03   
1.5095E-02   -2.5163E-03   
1.6780E-02   -1.1749E-03   
1.6631E-02   -1.2860E-03   
8.6469E-03   -6.0882E-03   
8.1250E-03   -6.7612E-03   
7.0895E-03   -7.1656E-03   
6.0993E-03   -7.5530E-03   
5.1814E-03   -7.9196E-03   
4.3546E-03   -8.2638E-03   
3.6290E-03   -8.5807E-03   
3.0079E-03   -8.8663E-03   
2.4931E-03   -9.1198E-03   
1.7748E-02   -3.0348E-04   
2.0784E-03   -9.3400E-03   
1.7763E-02   -2.5135E-04   
1.7552E-03   -9.5294E-03   
1.5026E-03   -9.6963E-03   
1.7773E-02   -2.1783E-04   
1.7783E-02   -1.9315E-04   
1.2957E-03   -9.8484E-03   
1.7797E-02   -1.7532E-04   
1.1030E-03   -1.0083E-02   
1.7850E-02   -1.5449E-04   
1.0893E-03   -1.0145E-02   
1.7977E-02   -1.3905E-04   
1.7910E-02   -1.4428E-04   
1.0810E-03   -1.0224E-02   
1.1772E-03   -1.0387E-02   
8.4961E-04   -1.0366E-02   
1.2242E-03   -1.0455E-02   
1.2803E-03   -1.0521E-02   
1.3529E-03   -1.1262E-02   
1.3319E-03   -1.1159E-02   
1.3417E-03   -1.0595E-02   
1.8203E-02   -1.5258E-04   
1.8760E-02   -1.2209E-04   
1.8461E-02   -1.6450E-04   
1.9103E-02   -1.4413E-04   
1.8326E-02   -1.5606E-04   
1.8161E-02   -1.0888E-04   
1.4188E-03   -1.0684E-02   
1.2389E-03   -1.1051E-02   
1.3424E-03   -1.0802E-02   
1.9797E-02   -1.5511E-04   
1.3697E-03   -1.1576E-02   
1.3087E-03   -1.1362E-02   
1.9342E-02   -1.9970E-04   
1.5982E-02   -1.7066E-03   
1.7763E-02   -3.3159E-04   
1.7559E-02   -5.1385E-04   
1.3373E-02   -4.0367E-03   
1.7453E-02   -5.9929E-04   
1.2944E-02   -4.3711E-03   
1.0482E-02   -5.7390E-03   
1.5289E-02   -2.1927E-03   
1.4043E-02   -3.3377E-03   
1.3834E-02   -3.5635E-03   
1.3626E-02   -3.7924E-03   
1.6331E-02   -1.3976E-03   
1.4252E-02   -3.1196E-03   
1.7093E-02   -8.5783E-04   
1.4462E-02   -2.9124E-03   
1.7222E-02   -7.6833E-04   
1.7341E-02   -6.8274E-04   
1.6955E-02   -9.5283E-04   
1.4670E-02   -2.7167E-03   
1.5083E-02   -2.3582E-03   
1.6496E-02   -1.2753E-03   
1.6809E-02   -1.0539E-03   
1.4878E-02   -2.5323E-03   
1.6655E-02   -1.1615E-03   
9.9542E-03   -5.8951E-03   
9.0494E-03   -6.1987E-03   
1.5731E-02   -1.8771E-03   
8.0922E-03   -6.5466E-03   
1.5504E-02   -2.0330E-03   
7.1388E-03   -6.9075E-03   
6.2381E-03   -7.2680E-03   
5.4007E-03   -7.6222E-03   
4.6349E-03   -7.9648E-03   
3.9590E-03   -8.2917E-03   
3.3769E-03   -8.5931E-03   
1.5848E-03   -9.8564E-03   
1.7676E-02   -3.2241E-04   
2.8938E-03   -8.8641E-03   
2.4976E-03   -9.1092E-03   
1.7681E-02   -2.8209E-04   
2.1562E-03   -9.3451E-03   
1.7685E-02   -2.5131E-04   
1.7689E-02   -2.2925E-04   
1.1628E-03   -9.9614E-03   
1.7775E-02   -1.8706E-04   
1.5094E-03   -9.9937E-03   
1.3040E-03   -1.0278E-02   
1.8646E-02   -1.7150E-04   
1.8270E-02   -2.0438E-04   
1.7924E-02   -1.7603E-04   
1.5318E-03   -1.0423E-02   
1.7837E-02   -1.7981E-04   
1.6072E-03   -1.0495E-02   
1.0618E-03   -1.0301E-02   
1.6301E-03   -1.1297E-02   
1.6682E-03   -1.0574E-02   
1.8868E-02   -1.6304E-04   
1.6500E-03   -1.0832E-02   
1.6094E-03   -1.0948E-02   
1.8085E-02   -1.5110E-04   
1.6727E-03   -1.1167E-02   
1.4828E-03   -1.0350E-02   
1.8148E-02   -1.9814E-04   
1.9576E-02   -2.0144E-04   
1.9126E-02   -1.9479E-04   
1.7583E-02   -4.4137E-04   
1.7483E-02   -5.1924E-04   
1.7674E-02   -4.1189E-04   
1.2156E-02   -4.6476E-03   
1.3364E-02   -3.8571E-03   
1.6171E-02   -1.4019E-03   
1.3781E-02   -3.3997E-03   
1.7375E-02   -5.9675E-04   
1.3557E-02   -3.6359E-03   
1.4000E-02   -3.1724E-03   
9.2699E-03   -6.1358E-03   
1.4219E-02   -2.9557E-03   
1.5087E-02   -2.2022E-03   
1.6994E-02   -8.4663E-04   
1.7258E-02   -6.7622E-04   
1.7131E-02   -7.5891E-04   
1.6351E-02   -1.2737E-03   
1.4438E-02   -2.7506E-03   
1.6845E-02   -9.4254E-04   
1.4656E-02   -2.5573E-03   
1.4873E-02   -2.3751E-03   
1.6523E-02   -1.1555E-03   
1.6688E-02   -1.0456E-03   
1.5308E-02   -2.0350E-03   
1.0871E-02   -5.2877E-03   
1.0013E-02   -5.5629E-03   
9.0798E-03   -5.8911E-03   
1.1828E-02   -5.0255E-03   
8.2034E-03   -6.2186E-03   
1.5535E-02   -1.8719E-03   
1.5765E-02   -1.7100E-03   
7.3599E-03   -6.5517E-03   
1.7656E-02   -3.7182E-04   
1.5979E-02   -1.5509E-03   
6.5474E-03   -6.8930E-03   
5.7897E-03   -7.2441E-03   
4.4692E-03   -7.9247E-03   
1.7589E-02   -3.5063E-04   
3.9372E-03   -8.2363E-03   
3.4980E-03   -8.5221E-03   
1.7581E-02   -3.1747E-04   
1.7579E-02   -2.8834E-04   
2.2203E-03   -9.4149E-03   
1.4695E-03   -1.0119E-02   
1.7679E-02   -2.2673E-04   
1.8037E-02   -1.9445E-04   
1.9142E-03   -1.0337E-02   
1.7678E-03   -9.6250E-03   
1.8402E-02   -2.1466E-04   
2.3084E-03   -9.4784E-03   
1.8071E-02   -2.5035E-04   
1.4891E-03   -1.0271E-02   
1.9596E-03   -1.0859E-02   
1.8388E-03   -1.0259E-02   
1.7567E-03   -1.0631E-02   
1.7945E-02   -1.9617E-04   
1.8947E-02   -1.9172E-04   
1.7740E-02   -2.2404E-04   
1.7019E-03   -1.0721E-02   
1.6250E-03   -1.1057E-02   
1.9111E-02   -2.4899E-04   
1.9796E-02   -1.9954E-04   
1.6950E-03   -1.1523E-02   
2.0867E-03   -1.1172E-02   
1.8808E-02   -1.3998E-04   
1.7401E-02   -5.2643E-04   
1.3199E-02   -3.7606E-03   
1.5108E-02   -2.0491E-03   
1.3501E-02   -3.4749E-03   
1.3743E-02   -3.2339E-03   
1.7290E-02   -6.0024E-04   
1.3974E-02   -3.0079E-03   
1.6197E-02   -1.2807E-03   
1.7037E-02   -7.5178E-04   
1.7171E-02   -6.7406E-04   
1.4203E-02   -2.7937E-03   
1.6888E-02   -8.4094E-04   
1.4883E-02   -2.2210E-03   
1.4432E-02   -2.5914E-03   
1.6382E-02   -1.1577E-03   
1.4659E-02   -2.4009E-03   
1.6728E-02   -9.3855E-04   
1.6559E-02   -1.0442E-03   
1.1783E-02   -4.6533E-03   
1.0743E-02   -5.0150E-03   
1.7590E-02   -3.8968E-04   
9.9972E-03   -5.2601E-03   
1.5792E-02   -1.5635E-03   
1.5339E-02   -1.8819E-03   
1.6001E-02   -1.4160E-03   
9.2554E-03   -5.5148E-03   
8.4986E-03   -5.7969E-03   
1.5569E-02   -1.7199E-03   
7.7676E-03   -6.1084E-03   
7.0603E-03   -6.4311E-03   
6.3941E-03   -6.7643E-03   
1.7580E-02   -2.6777E-04   
5.7978E-03   -7.0898E-03   
3.0865E-03   -8.8194E-03   
5.3140E-03   -7.3775E-03   
1.7468E-02   -3.9790E-04   
1.7865E-02   -2.3842E-04   
1.7462E-02   -3.5724E-04   
2.2164E-03   -9.6274E-03   
1.8058E-03   -1.0062E-02   
1.7629E-02   -2.3530E-04   
2.5701E-03   -9.2512E-03   
1.7798E-02   -2.3070E-04   
2.3936E-03   -9.9957E-03   
2.0678E-03   -1.0604E-02   
1.8386E-03   -1.0153E-02   
1.9620E-03   -1.0540E-02   
1.7559E-02   -2.7590E-04   
1.8719E-02   -2.2381E-04   
2.3416E-03   -1.0748E-02   
1.8909E-02   -2.4073E-04   
1.8934E-03   -1.0962E-02   
1.9080E-02   -3.1015E-04   
2.1236E-03   -1.1436E-02   
1.9614E-02   -2.5643E-04   
2.0030E-02   -1.6555E-04   
2.3789E-03   -1.1249E-02   
1.8508E-02   -2.3429E-04   
1.7424E-02   -4.6573E-04   
1.2928E-02   -4.1285E-03   
1.3201E-02   -3.5514E-03   
1.3472E-02   -3.3017E-03   
1.4907E-02   -2.0714E-03   
1.3721E-02   -3.0678E-03   
1.7210E-02   -6.0779E-04   
1.7092E-02   -6.6495E-04   
1.3964E-02   -2.8453E-03   
1.1868E-02   -4.4095E-03   
1.6940E-02   -7.4701E-04   
1.6233E-02   -1.1663E-03   
1.4204E-02   -2.6343E-03   
1.4675E-02   -2.2483E-03   
1.6776E-02   -8.3975E-04   
1.4441E-02   -2.4354E-03   
1.6422E-02   -1.0487E-03   
1.6603E-02   -9.4019E-04   
1.1435E-02   -4.4927E-03   
1.5141E-02   -1.9007E-03   
1.5826E-02   -1.4315E-03   
1.6035E-02   -1.2939E-03   
1.0883E-02   -4.6265E-03   
1.5605E-02   -1.5798E-03   
1.0234E-02   -4.8271E-03   
9.6100E-03   -5.0573E-03   
1.5376E-02   -1.7366E-03   
1.7516E-02   -4.1052E-04   
7.8004E-03   -5.8566E-03   
8.9848E-03   -5.3023E-03   
1.7457E-02   -3.3044E-04   
8.3785E-03   -5.5707E-03   
1.7686E-02   -2.2009E-04   
3.6672E-03   -8.5171E-03   
4.9429E-03   -7.6212E-03   
3.5468E-03   -8.6588E-03   
7.3125E-03   -6.1192E-03   
1.7340E-02   -4.3339E-04   
1.7615E-02   -2.7835E-04   
1.7509E-02   -2.8064E-04   
3.1759E-03   -8.9731E-03   
2.5576E-03   -9.7841E-03   
2.3924E-03   -1.0365E-02   
1.8871E-02   -3.0222E-04   
1.7678E-02   -2.8579E-04   
2.6505E-03   -9.6007E-03   
1.8310E-02   -2.7313E-04   
2.4405E-03   -1.0585E-02   
1.8447E-02   -2.9531E-04   
2.2770E-03   -1.0895E-02   
2.2208E-03   -9.7207E-03   
1.9311E-02   -3.1630E-04   
1.7959E-02   -2.4410E-04   
2.0299E-02   -1.2901E-04   
2.6073E-03   -1.1068E-02   
1.2417E-02   -3.9999E-03   
1.7308E-02   -5.3986E-04   
1.3177E-02   -3.3774E-03   
1.3459E-02   -3.1322E-03   
1.3719E-02   -2.9035E-03   
1.4705E-02   -2.1011E-03   
1.7181E-02   -5.7120E-04   
1.2879E-02   -3.7952E-03   
1.7004E-02   -6.5748E-04   
1.4943E-02   -1.9269E-03   
1.3973E-02   -2.6845E-03   
1.6832E-02   -7.4847E-04   
1.4222E-02   -2.4769E-03   
1.4466E-02   -2.2830E-03   
1.6278E-02   -1.0586E-03   
1.6655E-02   -8.4342E-04   
1.6470E-02   -9.4610E-04   
1.2195E-02   -3.9186E-03   
1.5648E-02   -1.4509E-03   
1.6077E-02   -1.1804E-03   
1.5867E-02   -1.3109E-03   
1.7595E-02   -2.4854E-04   
1.1571E-02   -4.0888E-03   
1.5182E-02   -1.7599E-03   
1.1105E-02   -4.2182E-03   
1.5418E-02   -1.6009E-03   
1.7329E-02   -4.0120E-04   
9.6270E-03   -4.7474E-03   
1.0612E-02   -4.3621E-03   
9.1788E-03   -4.9597E-03   
1.0118E-02   -4.5400E-03   
5.2361E-03   -7.5885E-03   
1.7328E-02   -4.8204E-04   
1.7450E-02   -3.1334E-04   
6.9213E-03   -6.3509E-03   
1.7850E-02   -1.5098E-04   
4.0549E-03   -8.6052E-03   
1.7469E-02   -2.9185E-04   
1.7858E-02   -3.0281E-04   
1.7757E-02   -2.9428E-04   
1.7476E-02   -3.3991E-04   
1.7419E-02   -3.3434E-04   
1.8172E-02   -3.4029E-04   
1.7370E-02   -3.3477E-04   
2.7223E-03   -9.4672E-03   
3.7042E-03   -9.1168E-03   
4.7241E-03   -7.8033E-03   
5.2741E-03   -7.4855E-03   
2.9519E-03   -9.9232E-03   
1.8467E-02   -3.4944E-04   
2.6053E-03   -1.0380E-02   
3.3725E-03   -8.9457E-03   
1.9039E-02   -3.7790E-04   
2.4045E-03   -1.0995E-02   
2.0639E-02   -6.5569E-05   
2.8586E-03   -1.0514E-02   
2.0258E-02   -1.7979E-04   
1.8823E-02   -3.7025E-04   
1.8195E-02   -2.5760E-04   
2.7150E-03   -1.0708E-02   
1.2827E-02   -3.6649E-03   
1.3182E-02   -3.2021E-03   
1.3472E-02   -2.9668E-03   
1.4746E-02   -1.9599E-03   
1.7072E-02   -5.6919E-04   
1.3736E-02   -2.7426E-03   
1.4504E-02   -2.1363E-03   
1.6891E-02   -6.6590E-04   
1.4001E-02   -2.5253E-03   
1.4257E-02   -2.3232E-03   
1.6716E-02   -7.5416E-04   
1.5696E-02   -1.3327E-03   
1.6328E-02   -9.5788E-04   
1.6527E-02   -8.4986E-04   
1.6125E-02   -1.0761E-03   
1.2379E-02   -3.6477E-03   
1.5915E-02   -1.2002E-03   
1.7226E-02   -5.0444E-04   
1.4988E-02   -1.7900E-03   
1.5466E-02   -1.4755E-03   
1.2162E-02   -3.6369E-03   
1.5229E-02   -1.6281E-03   
1.1823E-02   -3.6767E-03   
1.0731E-02   -4.0146E-03   
1.1094E-02   -3.8763E-03   
1.7202E-02   -4.7849E-04   
1.1462E-02   -3.7613E-03   
1.7316E-02   -3.7888E-04   
1.7724E-02   -2.0044E-04   
8.7646E-03   -5.1843E-03   
1.7331E-02   -3.4168E-04   
1.7263E-02   -4.0165E-04   
5.4674E-03   -7.3260E-03   
1.7428E-02   -3.1218E-04   
1.7214E-02   -3.9831E-04   
1.7318E-02   -4.1144E-04   
5.3259E-03   -7.8067E-03   
1.7983E-02   -3.0908E-04   
1.7627E-02   -3.6137E-04   
6.6947E-03   -6.5135E-03   
1.7906E-02   -3.7979E-04   
3.3792E-03   -9.8520E-03   
2.6631E-03   -9.9503E-03   
5.5262E-03   -7.7626E-03   
5.6093E-03   -7.4660E-03   
1.8766E-02   -4.4522E-04   
1.9264E-02   -3.8537E-04   
3.2082E-03   -1.0172E-02   
2.7101E-03   -1.0834E-02   
2.0489E-02   -1.4649E-04   
3.2232E-03   -1.0418E-02   
1.2818E-02   -3.4823E-03   
1.3241E-02   -3.0319E-03   
1.4551E-02   -1.9976E-03   
1.3484E-02   -2.8147E-03   
1.6931E-02   -6.0630E-04   
1.4795E-02   -1.8263E-03   
1.3768E-02   -2.5849E-03   
1.4303E-02   -2.1774E-03   
1.6780E-02   -6.7569E-04   
1.5751E-02   -1.2252E-03   
1.4042E-02   -2.3726E-03   
1.5521E-02   -1.3602E-03   
1.2850E-02   -3.2779E-03   
1.6602E-02   -7.6155E-04   
1.6174E-02   -9.8366E-04   
1.5967E-02   -1.1007E-03   
1.2615E-02   -3.2401E-03   
1.5283E-02   -1.5062E-03   
1.5040E-02   -1.6619E-03   
1.7180E-02   -4.5187E-04   
1.7305E-02   -3.5373E-04   
1.1869E-02   -3.3414E-03   
1.2363E-02   -3.2544E-03   
7.1093E-03   -6.2506E-03   
1.2117E-02   -3.2867E-03   
1.7302E-02   -3.6584E-04   
1.0372E-02   -4.1818E-03   
7.2820E-03   -6.4744E-03   
1.7042E-02   -4.7151E-04   
8.3551E-03   -5.4398E-03   
1.7088E-02   -4.7957E-04   
1.7173E-02   -4.0163E-04   
1.7384E-02   -4.2640E-04   
6.4483E-03   -6.9648E-03   
3.9999E-03   -9.9948E-03   
6.0133E-03   -7.5936E-03   
1.7994E-02   -4.2009E-04   
1.7742E-02   -3.7206E-04   
1.9214E-02   -4.5710E-04   
7.1972E-03   -6.3338E-03   
3.1791E-03   -1.0563E-02   
1.8553E-02   -4.3668E-04   
1.9536E-02   -3.2704E-04   
4.6278E-03   -9.1052E-03   
4.5116E-03   -8.7572E-03   
4.5347E-03   -8.9193E-03   
1.8697E-02   -5.2819E-04   
1.7044E-02   -5.3223E-04   
1.4605E-02   -1.8674E-03   
1.4356E-02   -2.0406E-03   
1.3157E-02   -2.9350E-03   
1.6514E-02   -7.6559E-04   
1.7138E-02   -4.2260E-04   
1.3514E-02   -2.6602E-03   
1.5583E-02   -1.2556E-03   
1.6858E-02   -5.9952E-04   
1.5810E-02   -1.1288E-03   
1.6673E-02   -6.8956E-04   
1.3810E-02   -2.4335E-03   
1.5344E-02   -1.3943E-03   
1.4851E-02   -1.7018E-03   
1.5099E-02   -1.5436E-03   
1.2924E-02   -2.9429E-03   
1.6206E-02   -9.1861E-04   
1.6023E-02   -1.0137E-03   
1.2603E-02   -2.9213E-03   
1.2758E-02   -2.9277E-03   
9.9150E-03   -4.4365E-03   
1.1618E-02   -3.4236E-03   
1.7157E-02   -4.3389E-04   
9.1337E-03   -5.0419E-03   
1.7142E-02   -4.1153E-04   
1.6855E-02   -5.5480E-04   
7.9972E-03   -5.8581E-03   
1.7000E-02   -4.7094E-04   
1.7138E-02   -4.9518E-04   
1.8337E-02   -4.2635E-04   
1.7474E-02   -4.4224E-04   
7.8874E-03   -6.2054E-03   
9.0863E-03   -4.9575E-03   
6.9276E-03   -6.4032E-03   
1.8249E-02   -3.7995E-04   
1.7732E-02   -4.7651E-04   
6.7231E-03   -7.2166E-03   
3.8425E-03   -1.0300E-02   
5.3806E-03   -8.8742E-03   
8.8983E-03   -5.3013E-03   
1.8623E-02   -3.6074E-04   
1.8937E-02   -5.2776E-04   
1.9486E-02   -3.9254E-04   
1.9775E-02   -2.8318E-04   
6.3872E-03   -7.5782E-03   
6.4982E-03   -7.8284E-03   
1.6555E-02   -7.1382E-04   
1.4149E-02   -2.0967E-03   
1.4408E-02   -1.9180E-03   
1.6975E-02   -4.9799E-04   
1.6103E-02   -9.3008E-04   
1.5881E-02   -1.0410E-03   
1.6714E-02   -6.4273E-04   
1.4662E-02   -1.7489E-03   
1.5653E-02   -1.1611E-03   
1.5414E-02   -1.2924E-03   
1.3875E-02   -2.2881E-03   
1.5166E-02   -1.4352E-03   
1.4914E-02   -1.5876E-03   
1.3277E-02   -2.7387E-03   
1.3188E-02   -2.6917E-03   
1.3083E-02   -2.6559E-03   
1.2452E-02   -2.9336E-03   
1.1321E-02   -3.5601E-03   
1.3547E-02   -2.5074E-03   
1.7010E-02   -5.1100E-04   
1.6778E-02   -5.5284E-04   
1.6342E-02   -8.2028E-04   
1.6813E-02   -5.5028E-04   
9.7606E-03   -4.5745E-03   
9.0485E-03   -4.9827E-03   
8.6121E-03   -5.9379E-03   
1.6900E-02   -5.6691E-04   
1.0914E-02   -3.7967E-03   
1.6924E-02   -4.9965E-04   
9.9313E-03   -4.7189E-03   
1.7189E-02   -5.2105E-04   
1.0456E-02   -4.2045E-03   
1.7845E-02   -4.9634E-04   
1.8108E-02   -5.0717E-04   
1.7600E-02   -4.5667E-04   
2.0008E-02   -2.7803E-04   
8.5812E-03   -6.2527E-03   
8.5428E-03   -6.1282E-03   
6.1386E-03   -8.4913E-03   
1.8652E-02   -6.1209E-04   
3.7702E-03   -1.0522E-02   
1.9153E-02   -5.3159E-04   
1.9760E-02   -3.3544E-04   
1.6642E-02   -6.4850E-04   
1.4195E-02   -1.9855E-03   
1.3928E-02   -2.1698E-03   
1.5965E-02   -9.5961E-04   
1.6830E-02   -5.7542E-04   
1.5732E-02   -1.0753E-03   
1.4462E-02   -1.8087E-03   
1.5493E-02   -1.1998E-03   
1.4727E-02   -1.6407E-03   
1.5243E-02   -1.3362E-03   
1.3435E-02   -2.4714E-03   
1.4986E-02   -1.4835E-03   
1.2994E-02   -2.6271E-03   
1.6429E-02   -7.4176E-04   
1.6576E-02   -6.3882E-04   
1.3695E-02   -2.3372E-03   
1.2062E-02   -3.0820E-03   
1.2906E-02   -2.6146E-03   
1.1210E-02   -3.6083E-03   
1.6198E-02   -8.4857E-04   
1.6620E-02   -6.3705E-04   
1.7829E-02   -5.6331E-04   
1.6772E-02   -5.7551E-04   
1.6665E-02   -6.4400E-04   
1.1189E-02   -3.6632E-03   
1.6935E-02   -5.9011E-04   
1.7288E-02   -5.4168E-04   
1.6746E-02   -5.6503E-04   
1.0609E-02   -4.7524E-03   
1.1001E-02   -3.9084E-03   
1.1600E-02   -3.6803E-03   
1.8063E-02   -4.6332E-04   
2.0051E-02   -3.4230E-04   
1.0694E-02   -4.5605E-03   
1.7440E-02   -5.5505E-04   
1.8004E-02   -5.8652E-04   
1.8351E-02   -7.2060E-04   
8.9705E-03   -6.1147E-03   
8.1676E-03   -6.8690E-03   
1.8331E-02   -6.2944E-04   
2.0211E-02   -2.2722E-04   
1.9444E-02   -4.6094E-04   
3.0753E-03   -1.0908E-02   
8.3644E-03   -6.0073E-03   
1.3954E-02   -2.0791E-03   
1.3681E-02   -2.2739E-03   
1.5823E-02   -9.9754E-04   
1.6537E-02   -6.6862E-04   
1.5582E-02   -1.1167E-03   
1.4526E-02   -1.7096E-03   
1.3376E-02   -2.4237E-03   
1.5330E-02   -1.2472E-03   
1.2802E-02   -2.6353E-03   
1.4802E-02   -1.5430E-03   
1.1734E-02   -3.2577E-03   
1.5069E-02   -1.3896E-03   
1.6060E-02   -8.8476E-04   
1.3336E-02   -2.3783E-03   
1.6366E-02   -7.3451E-04   
1.6705E-02   -5.8943E-04   
1.6293E-02   -7.7842E-04   
1.6546E-02   -6.4528E-04   
1.6455E-02   -7.1712E-04   
1.6712E-02   -6.5689E-04   
1.2309E-02   -3.5397E-03   
1.2075E-02   -3.1690E-03   
1.1621E-02   -3.7592E-03   
1.1609E-02   -3.6037E-03   
1.7476E-02   -6.6688E-04   
1.9363E-02   -5.3171E-04   
6.7210E-03   -8.2142E-03   
1.2283E-02   -2.9486E-03   
1.0494E-02   -4.5685E-03   
1.7289E-02   -6.5932E-04   
1.8204E-02   -5.8565E-04   
2.0285E-02   -2.6344E-04   
1.9741E-02   -4.6405E-04   
1.8388E-02   -7.9511E-04   
1.0605E-02   -5.1768E-03   
3.5222E-03   -1.0823E-02   
1.7110E-02   -6.5364E-04   
2.7741E-03   -1.0926E-02   
1.5682E-02   -1.0434E-03   
1.6534E-02   -6.5443E-04   
1.5924E-02   -9.2854E-04   
1.5430E-02   -1.1678E-03   
1.4604E-02   -1.6184E-03   
1.3675E-02   -2.2059E-03   
1.0478E-02   -4.0607E-03   
1.2638E-02   -2.7044E-03   
1.6162E-02   -8.1975E-04   
1.3305E-02   -2.3452E-03   
1.6327E-02   -7.3918E-04   
1.4240E-02   -1.8895E-03   
1.4891E-02   -1.4543E-03   
1.2389E-02   -3.3380E-03   
1.2654E-02   -2.9672E-03   
1.6457E-02   -7.4231E-04   
1.2404E-02   -3.0371E-03   
1.2421E-02   -2.8507E-03   
1.2329E-02   -2.9559E-03   
1.1913E-02   -3.2610E-03   
1.2857E-02   -2.9111E-03   
1.2035E-02   -3.8404E-03   
1.7669E-02   -6.8070E-04   
1.9046E-02   -6.2543E-04   
1.7132E-02   -7.7208E-04   
1.6062E-02   -8.5906E-04   
1.6770E-02   -7.7165E-04   
1.7904E-02   -6.9643E-04   
9.3420E-03   -6.3712E-03   
4.9932E-03   -9.4355E-03   
1.6955E-02   -7.6673E-04   
1.8474E-02   -5.2051E-04   
1.1001E-02   -5.0633E-03   
1.0339E-02   -5.2475E-03   
1.8714E-02   -7.5445E-04   
1.8047E-02   -8.4731E-04   
1.5792E-02   -9.7897E-04   
1.5551E-02   -1.0935E-03   
1.6299E-02   -7.5018E-04   
1.3235E-02   -2.3515E-03   
1.6365E-02   -7.3184E-04   
1.6033E-02   -8.6842E-04   
1.5285E-02   -1.2247E-03   
1.3690E-02   -2.1390E-03   
1.4703E-02   -1.5345E-03   
1.4998E-02   -1.3739E-03   
1.3499E-02   -2.4577E-03   
1.3288E-02   -2.5207E-03   
1.3987E-02   -1.9969E-03   
1.2897E-02   -2.5699E-03   
1.3094E-02   -2.4422E-03   
1.3053E-02   -2.4896E-03   
1.4302E-02   -1.7991E-03   
1.6543E-02   -7.5265E-04   
1.5826E-02   -9.7817E-04   
1.6623E-02   -8.8317E-04   
1.2879E-02   -2.6475E-03   
1.6528E-02   -8.1762E-04   
1.2060E-02   -4.0787E-03   
1.7307E-02   -7.8539E-04   
1.3413E-02   -2.8908E-03   
6.7092E-03   -7.8161E-03   
1.1566E-02   -4.7847E-03   
1.6194E-02   -8.6858E-04   
1.6790E-02   -8.8493E-04   
1.3652E-02   -2.5096E-03   
1.2397E-02   -3.9799E-03   
7.1335E-03   -8.1060E-03   
1.8103E-02   -9.1949E-04   
1.9068E-02   -7.1524E-04   
1.5686E-02   -1.0257E-03   
1.5905E-02   -9.2371E-04   
1.4392E-02   -1.7104E-03   
1.3396E-02   -2.2696E-03   
1.4819E-02   -1.4601E-03   
1.3553E-02   -2.2534E-03   
1.3740E-02   -2.0625E-03   
1.5870E-02   -9.8806E-04   
1.4050E-02   -1.9119E-03   
1.3656E-02   -2.1087E-03   
1.6773E-02   -6.6339E-04   
1.5128E-02   -1.2990E-03   
1.6124E-02   -8.2544E-04   
1.3733E-02   -2.2040E-03   
1.6455E-02   -1.0047E-03   
1.3925E-02   -2.1569E-03   
1.6483E-02   -8.8706E-04   
4.8508E-03   -9.1128E-03   
1.2408E-02   -4.3169E-03   
1.6954E-02   -8.9592E-04   
5.0115E-03   -9.5583E-03   
1.4372E-02   -2.1625E-03   
1.3224E-02   -3.1852E-03   
1.6221E-02   -9.0843E-04   
1.7484E-02   -8.0626E-04   
7.5122E-03   -7.9463E-03   
1.4257E-02   -2.3416E-03   
1.3565E-02   -3.1125E-03   
1.0026E-02   -6.0029E-03   
1.7740E-02   -9.8624E-04   
1.3730E-02   -2.3727E-03   
1.9449E-02   -6.6844E-04   
1.4507E-02   -1.6291E-03   
1.4070E-02   -1.9690E-03   
1.5459E-02   -1.1334E-03   
1.4172E-02   -1.8170E-03   
1.5557E-02   -1.1146E-03   
1.4105E-02   -2.1124E-03   
1.3445E-02   -2.2931E-03   
1.6762E-02   -1.0294E-03   
1.4938E-02   -1.3996E-03   
1.4232E-02   -1.9358E-03   
1.3999E-02   -1.9126E-03   
1.5897E-02   -1.0200E-03   
1.6607E-02   -1.0142E-03   
1.5751E-02   -9.9797E-04   
1.3657E-02   -2.1356E-03   
1.6228E-02   -9.6304E-04   
1.0403E-02   -5.0021E-03   
1.4248E-02   -2.1214E-03   
1.4221E-02   -2.5054E-03   
1.4293E-02   -2.5692E-03   
1.3834E-02   -3.0919E-03   
1.4075E-02   -3.1888E-03   
1.7797E-02   -1.0746E-03   
5.4101E-03   -9.5800E-03   
1.7276E-02   -9.4040E-04   
1.9760E-02   -5.5370E-04   
1.4627E-02   -1.5621E-03   
1.4310E-02   -1.7357E-03   
1.5272E-02   -1.2335E-03   
1.4494E-02   -1.7503E-03   
1.5574E-02   -1.1430E-03   
1.6264E-02   -1.0160E-03   
1.5920E-02   -1.0635E-03   
1.4399E-02   -1.9045E-03   
1.6417E-02   -1.1518E-03   
1.6269E-02   -1.1374E-03   
1.7404E-02   -1.0418E-03   
1.6920E-02   -1.0523E-03   
1.4898E-02   -2.2718E-03   
1.4746E-02   -2.1772E-03   
1.3896E-02   -2.0310E-03   
1.7632E-02   -8.4452E-04   
1.8421E-02   -8.5790E-04   
1.7347E-02   -1.2700E-03   
1.4474E-02   -2.8174E-03   
1.3633E-02   -3.6587E-03   
1.4836E-02   -2.4963E-03   
1.4720E-02   -1.9082E-03   
7.6803E-03   -8.0704E-03   
1.9810E-02   -6.2598E-04   
1.4421E-02   -1.6779E-03   
1.5572E-02   -1.0890E-03   
1.4100E-02   -1.8835E-03   
1.5017E-02   -1.3713E-03   
1.6027E-02   -1.3078E-03   
1.5236E-02   -1.2824E-03   
1.4736E-02   -1.5131E-03   
1.5593E-02   -1.1836E-03   
1.4649E-02   -1.7241E-03   
1.5937E-02   -1.1789E-03   
1.4821E-02   -1.7029E-03   
1.5941E-02   -1.2489E-03   
1.7708E-02   -9.0634E-04   
1.6575E-02   -1.1673E-03   
1.7091E-02   -1.0832E-03   
1.8657E-02   -8.6313E-04   
1.4773E-02   -2.0459E-03   
1.7423E-02   -9.6154E-04   
1.4846E-02   -1.9284E-03   
1.7081E-02   -1.1851E-03   
1.4379E-02   -1.7626E-03   
1.5038E-02   -1.6838E-03   
1.5119E-02   -2.2644E-03   
1.7024E-02   -1.2986E-03   
1.7736E-02   -1.1829E-03   
1.4696E-02   -2.2897E-03   
1.5133E-02   -2.4389E-03   
1.4628E-02   -2.9828E-03   
5.6064E-03   -9.6435E-03   
1.4508E-02   -1.6513E-03   
1.5037E-02   -1.5386E-03   
1.4886E-02   -1.4563E-03   
1.5282E-02   -1.3033E-03   
1.5138E-02   -1.8452E-03   
1.4861E-02   -1.5698E-03   
1.5652E-02   -1.4185E-03   
1.6280E-02   -1.2711E-03   
1.5299E-02   -2.6066E-03   
1.6741E-02   -1.3325E-03   
1.4084E-02   -1.8631E-03   
1.5171E-02   -1.7293E-03   
1.6716E-02   -1.1948E-03   
1.5636E-02   -1.2214E-03   
1.5600E-02   -1.3540E-03   
1.5375E-02   -2.0647E-03   
4.6690E-03   -1.0406E-02   
1.5352E-02   -2.2599E-03   
1.6931E-02   -1.4124E-03   
1.8021E-02   -1.0787E-03   
1.5947E-02   -1.1116E-03   
1.3863E-02   -1.9965E-03   
1.4699E-02   -1.6145E-03   
1.5212E-02   -1.5220E-03   
1.4984E-02   -1.4648E-03   
1.6366E-02   -1.3137E-03   
1.5406E-02   -1.3725E-03   
1.5369E-02   -1.5728E-03   
1.5031E-02   -1.4092E-03   
1.6611E-02   -1.5745E-03   
1.4753E-02   -1.5545E-03   
1.8336E-02   -1.0164E-03   
1.6641E-02   -1.4616E-03   
1.5162E-02   -2.0501E-03   
1.5374E-02   -1.5091E-03   
1.5653E-02   -2.3798E-03   
3.8684E-03   -1.0888E-02   
1.5704E-02   -1.2460E-03   
1.5516E-02   -1.8256E-03   
1.6019E-02   -1.4177E-03   
1.6092E-02   -1.4984E-03   
1.5665E-02   -1.8591E-03   
1.6644E-02   -1.6718E-03   
1.5421E-02   -1.6922E-03   
1.5603E-02   -2.2786E-03   
1.5716E-02   -2.4517E-03   
1.5925E-02   -1.6680E-03   
1.5448E-02   -1.7626E-03   
1.6040E-02   -2.3823E-03   
1.5826E-02   -1.8970E-03   
1.6829E-02   -1.2261E-03   
1.7091E-02   -1.5540E-03   
1.6237E-02   -1.7720E-03   
1.5724E-02   -1.5943E-03   
1.6349E-02   -1.4938E-03   
1.5566E-02   -2.0820E-03   
1.6232E-02   -1.8815E-03   
1.7515E-02   -1.3360E-03   
1.6518E-02   -2.1428E-03   
1.5932E-02   -1.9422E-03   
1.5741E-02   -1.6688E-03   
1.6123E-02   -2.0336E-03   
1.6435E-02   -1.9977E-03   
1.6937E-02   -1.7985E-03   
1.7186E-02   -1.6213E-03   
1.6713E-02   -1.9809E-03   
3.8238E-04   -1.1928E-02   
1.5998E-02   -2.1783E-03   
1.5350E-02   -2.6953E-03   
2.0539E-02   -2.5724E-04   
8.8712E-04   -1.1094E-02   
2.1423E-02   -3.4051E-05   
2.0175E-02   -5.8379E-04   
6.9034E-04   -1.1984E-02   
3.4280E-03   -1.1000E-02   
1.6590E-02   -2.2152E-03   
2.0748E-02   -1.3058E-04   
1.0556E-03   -1.1936E-02   
4.2525E-03   -1.0376E-02   
1.4985E-03   -1.1863E-02   
1.9494E-03   -1.1777E-02   
2.3970E-03   -1.1664E-02   
2.8615E-03   -1.1520E-02   
2.1731E-02   -3.0363E-05   
3.3342E-03   -1.1332E-02   
3.8420E-03   -1.1076E-02   
2.0025E-02   -4.6850E-04   
4.3782E-03   -1.0744E-02   
2.2050E-02   -2.8045E-05   
5.1688E-03   -1.0202E-02   
7.1635E-03   -8.6605E-03   
1.7490E-02   -1.4572E-03   
1.0375E-02   -6.4061E-03   
2.2388E-02   -2.4871E-05   
1.8895E-02   -5.9468E-04   
1.2283E-02   -5.2522E-03   
1.2523E-02   -4.0307E-03   
2.5943E-03   -1.1324E-02   
2.0125E-02   -4.0107E-04   
1.4529E-02   -3.9313E-03   
1.5857E-02   -3.2516E-03   
2.2739E-02   -2.0675E-05   
1.6671E-02   -2.9357E-03   
1.0472E-02   -6.0619E-03   
1.7344E-02   -2.7428E-03   
1.7853E-02   -2.6575E-03   
2.3105E-02   -1.6475E-05   
1.8449E-02   -2.4710E-03   
1.9109E-02   -2.3282E-03   
1.1346E-03   -1.1685E-02   
1.9718E-02   -2.1835E-03   
2.3529E-02   -1.3095E-05   
2.0888E-02   -7.9791E-05   
1.2606E-02   -4.4912E-03   
2.0369E-02   -2.0084E-03   
2.0982E-02   -1.8643E-03   
1.9516E-02   -7.2948E-04   
2.4006E-02   -5.5709E-06   
1.8688E-02   -9.4727E-04   
1.7988E-02   -1.1644E-03   
2.2157E-02   -1.5114E-03   
2.4457E-02   -2.1893E-04   
2.4553E-02   -2.3948E-04   
2.4550E-02   -3.1327E-05   
2.4603E-02   -7.4789E-06   
2.4493E-02   -1.1325E-04   
5.1640E-03   -1.0166E-02   
2.3392E-02   -9.7036E-04   
1.3022E-03   -1.1776E-02   
1.8926E-02   -9.5642E-04   
1.8403E-02   -1.1026E-03   
2.3131E-03   -1.1494E-02   
1.7758E-02   -1.4341E-03   
3.0145E-03   -1.1207E-02   
2.0797E-02   -2.1066E-04   
1.7155E-02   -1.8041E-03   
2.0474E-02   -4.7675E-04   
3.3376E-03   -1.1167E-02   
1.2904E-02   -4.3809E-03   
2.2501E-03   -1.1609E-02   
1.4737E-02   -3.1620E-03   
3.2111E-03   -1.1314E-02   
1.9375E-02   -8.3239E-04   
1.9548E-02   -2.0737E-03   
1.6546E-02   -2.8362E-03   
4.3304E-03   -1.0757E-02   
1.0248E-02   -6.3668E-03   
7.3597E-03   -8.6163E-03   
7.9040E-03   -8.1571E-03   
2.2201E-02   -5.4123E-05   
1.7113E-02   -2.0712E-03   
2.1021E-02   -1.1427E-04   
2.0245E-02   -6.4420E-04   
2.1584E-02   -6.0313E-05   
2.3472E-02   -2.9673E-05   
1.6167E-02   -2.4397E-03   
1.7587E-02   -2.5421E-03   
2.0325E-02   -2.9616E-04   
2.0375E-02   -4.1306E-04   
1.7471E-02   -1.5306E-03   
1.4662E-02   -3.0377E-03   
2.4295E-02   -1.6034E-06   
2.1597E-02   -1.6869E-03   
1.2144E-02   -5.1769E-03   
2.0515E-02   -1.8228E-03   
2.4591E-02   -1.3953E-04   
2.4694E-02   -3.0616E-06   
2.4666E-02   -1.6338E-05   
2.4622E-02   -6.6414E-05   
1.8542E-02   -2.2840E-03   
1.5043E-02   -3.4093E-03   
2.2894E-02   -3.7930E-05   
2.2714E-02   -1.0832E-03   
2.4056E-02   -1.6899E-05   
2.3421E-02   -8.2750E-04   
2.3872E-02   -2.7539E-04   
2.4110E-02   -2.5160E-05   
2.4018E-02   -7.9924E-05   
2.3734E-02   -5.1028E-04   
1.9233E-02   -9.5830E-04   
1.6477E-02   -2.7274E-03   
2.0918E-02   -1.5987E-04   
2.1241E-02   -1.2994E-04   
2.2002E-02   -8.9478E-05   
1.4669E-03   -1.1645E-02   
1.5901E-02   -2.6443E-03   
1.8228E-02   -1.2726E-03   
9.8524E-03   -6.7564E-03   
2.0826E-02   -2.6175E-04   
2.2688E-02   -6.6332E-05   
2.1400E-02   -1.6077E-03   
4.2814E-03   -1.0738E-02   
1.5990E-02   -2.8743E-03   
1.2149E-02   -5.1251E-03   
1.7495E-02   -2.4576E-03   
1.5151E-02   -3.0220E-03   
1.9133E-02   -2.0715E-03   
1.7616E-02   -1.6860E-03   
1.4089E-02   -3.8510E-03   
2.0067E-02   -7.5958E-04   
2.0548E-02   -5.4198E-04   
1.8076E-02   -2.3170E-03   
1.7584E-02   -1.8320E-03   
2.3086E-02   -5.2096E-05   
1.7187E-02   -2.1758E-03   
2.2343E-02   -7.7737E-05   
1.4047E-02   -3.7325E-03   
2.0680E-02   -3.3487E-04   
1.6980E-02   -2.5933E-03   
1.8008E-02   -1.4606E-03   
2.1609E-02   -9.9982E-05   
2.0755E-02   -3.8204E-04   
2.3286E-02   -4.3284E-04   
2.3637E-02   -5.4482E-05   
2.3518E-02   -1.4593E-04   
2.3722E-02   -2.8149E-05   
1.9632E-02   -8.3769E-04   
2.1956E-02   -1.3285E-03   
2.2880E-02   -8.5770E-04   
2.4004E-02   -6.0415E-05   
2.3785E-02   -4.1171E-04   
2.3868E-02   -1.5701E-04   
2.3798E-02   -2.0463E-04   
1.6879E-02   -2.4975E-03   
1.3563E-02   -4.1314E-03   
2.2805E-02   -8.5864E-05   
2.0963E-02   -1.6658E-03   
1.5705E-02   -2.8893E-03   
1.7622E-02   -1.9472E-03   
1.6773E-02   -2.4108E-03   
2.0941E-02   -4.9585E-04   
2.1454E-02   -1.4898E-04   
1.8719E-02   -2.0895E-03   
2.2158E-02   -1.1119E-04   
2.3442E-02   -2.1964E-04   
2.3656E-02   -8.8258E-05   
2.1126E-02   -3.4402E-04   
1.9088E-02   -1.0968E-03   
2.1166E-02   -2.3871E-04   
1.8568E-02   -1.2651E-03   
2.3297E-02   -3.1673E-04   
2.2181E-02   -1.0581E-03   
2.0392E-02   -7.4444E-04   
1.9732E-02   -1.8619E-03   
1.8036E-02   -1.6252E-03   
1.6290E-02   -2.5688E-03   
1.7897E-02   -2.2352E-03   
2.0097E-02   -8.4109E-04   
2.3436E-02   -4.9190E-05   
2.1872E-02   -1.2425E-03   
2.3007E-02   -6.2986E-04   
1.8882E-02   -1.8863E-03   
1.8528E-02   -1.5350E-03   
1.9972E-02   -9.5648E-04   
2.0788E-02   -6.8102E-04   
1.8300E-02   -2.0183E-03   
1.7284E-02   -2.2707E-03   
2.2917E-02   -1.0347E-04   
2.1590E-02   -1.2421E-03   
2.2169E-02   -1.4985E-04   
2.2577E-02   -1.2520E-04   
1.7791E-02   -2.1423E-03   
2.1394E-02   -2.5891E-04   
2.1457E-02   -1.9358E-04   
2.1231E-02   -3.9495E-04   
1.8018E-02   -1.5489E-03   
1.8089E-02   -1.8432E-03   
2.1056E-02   -5.5168E-04   
1.9910E-02   -1.6795E-03   
1.9429E-02   -1.0931E-03   
1.8935E-02   -1.2441E-03   
1.8412E-02   -1.6792E-03   
2.0397E-02   -8.8897E-04   
2.0697E-02   -7.8394E-04   
2.0149E-02   -1.8387E-03   
2.1341E-02   -4.4414E-04   
1.8186E-02   -1.9306E-03   
2.3254E-02   -8.0720E-05   
2.1765E-02   -1.9795E-04   
2.1496E-02   -3.1095E-04   
2.0964E-02   -1.4340E-03   
2.2023E-02   -2.0946E-04   
1.8846E-02   -1.3633E-03   
1.9683E-02   -1.1062E-03   
2.0745E-02   -8.6012E-04   
1.8543E-02   -1.7359E-03   
2.1891E-02   -2.7284E-04   
2.1898E-02   -1.0385E-03   
2.1199E-02   -5.8672E-04   
2.1739E-02   -3.9121E-04   
2.0711E-02   -1.6447E-03   
2.2729E-02   -1.4331E-04   
1.9088E-02   -1.3807E-03   
1.9604E-02   -1.2202E-03   
2.3391E-02   -9.4605E-05   
2.1549E-02   -5.3813E-04   
2.2934E-02   -1.5583E-04   
1.9035E-02   -1.6113E-03   
2.1938E-02   -3.1862E-04   
2.2513E-02   -1.9521E-04   
2.1856E-02   -4.2932E-04   
1.9997E-02   -1.1928E-03   
2.2207E-02   -2.2093E-04   
2.0522E-02   -1.0250E-03   
2.1297E-02   -7.4518E-04   
2.2213E-02   -3.2214E-04   
2.1436E-02   -8.1850E-04   
1.9157E-02   -1.6861E-03   
2.0887E-02   -1.0071E-03   
1.9431E-02   -1.3944E-03   
2.0359E-02   -1.1794E-03   
2.2587E-02   -2.2793E-04   
2.3318E-02   -1.3837E-04   
2.1726E-02   -8.2348E-04   
2.1278E-02   -9.7486E-04   
2.2677E-02   -2.6113E-04   
1.9544E-02   -1.5001E-03   
2.0115E-02   -1.3655E-03   
2.2455E-02   -3.2894E-04   
2.2196E-02   -7.3081E-04   
2.1192E-02   -1.1168E-03   
2.3083E-02   -2.0531E-04   
2.2414E-02   -3.8518E-04   
2.2129E-02   -8.6102E-04   
2.3249E-02   -2.2082E-04   
2.1641E-02   -1.0297E-03   
2.1975E-02   -4.6893E-04   
2.1664E-02   -5.9189E-04   
2.1831E-02   -6.3878E-04   
2.2353E-02   -5.2481E-04   
