51 
1844 
2.6072E-03   -2.0546E-03   
3.7603E-03   -1.6377E-03   
4.7546E-03   -1.1492E-03   
5.4219E-03   -5.9366E-04   
1.2059E-36   -1.5182E-03   
5.6503E-03   -8.4850E-37   
5.7671E-03   -4.4156E-35   
5.9331E-03   -3.3867E-36   
6.3058E-03   1.5372E-35   
6.6510E-03   2.4013E-35   
7.0962E-03   5.2105E-35   
7.6463E-03   7.2262E-35   
8.0731E-03   8.7374E-35   
8.8046E-03   1.3218E-34   
9.3525E-03   1.5945E-34   
9.9477E-03   1.3908E-34   
1.0262E-02   2.1482E-34   
1.0925E-02   3.1631E-34   
1.1631E-02   4.5696E-34   
1.2000E-02   -7.2558E-31   
1.2000E-02   -1.4313E-34   
1.2000E-02   -1.4313E-34   
1.2000E-02   -1.4313E-34   
1.2000E-02   -1.4313E-34   
1.2000E-02   -1.4313E-34   
1.2000E-02   -1.4313E-34   
1.2000E-02   -1.4313E-34   
1.2000E-02   -1.4313E-34   
1.2000E-02   -1.4313E-34   
1.2000E-02   -1.4313E-34   
1.2000E-02   -1.4313E-34   
1.2000E-02   -1.4313E-34   
1.1240E-02   -5.2685E-04   
1.0097E-02   -1.1648E-03   
9.6050E-03   -1.3835E-03   
9.1315E-03   -1.5642E-03   
8.2139E-03   -1.8576E-03   
7.7647E-03   -1.9822E-03   
6.8786E-03   -2.2061E-03   
6.4418E-03   -2.3111E-03   
5.5810E-03   -2.5167E-03   
4.7429E-03   -2.7230E-03   
4.3344E-03   -2.8281E-03   
3.5447E-03   -3.0392E-03   
2.7981E-03   -3.2457E-03   
2.4426E-03   -3.3435E-03   
1.7691E-03   -3.5203E-03   
1.1430E-03   -3.6577E-03   
5.5693E-04   -3.7440E-03   
1.5745E-36   -3.7701E-03   
4.6063E-34   -3.5847E-03   
4.8654E-34   -3.4068E-03   
4.6012E-34   -3.1743E-03   
4.3700E-34   -3.0443E-03   
3.8639E-34   -2.8433E-03   
3.5413E-34   -2.7413E-03   
3.2243E-34   -2.6655E-03   
3.0806E-34   -2.6615E-03   
3.0056E-34   -2.5576E-03   
1.8786E-03   -2.0592E-03   
1.1544E-02   -3.7816E-05   
1.1067E-02   -8.1606E-05   
1.0379E-02   -1.4476E-04   
9.8158E-03   -1.9961E-04   
9.2692E-03   -2.6852E-04   
8.6578E-03   -3.0995E-04   
8.1601E-03   -3.2720E-04   
7.5406E-03   -3.7996E-04   
6.9298E-03   -4.1344E-04   
6.3236E-03   -4.4420E-04   
5.7266E-03   -4.7423E-04   
5.1100E-03   -5.2336E-04   
4.4776E-03   -6.4137E-04   
3.6204E-03   -9.5069E-04   
2.7678E-03   -1.4385E-03   
3.9487E-03   -1.1839E-03   
4.4734E-03   -5.7690E-04   
5.0244E-03   -3.4904E-04   
5.5580E-03   -2.7999E-04   
6.0800E-03   -2.6519E-04   
6.5819E-03   -2.6463E-04   
7.1643E-03   -2.4100E-04   
7.7073E-03   -2.2278E-04   
8.2151E-03   -1.9954E-04   
8.7377E-03   -2.0052E-04   
9.3130E-03   -1.5760E-04   
9.8665E-03   -1.2302E-04   
1.0409E-02   -9.7820E-05   
1.0985E-02   -5.5256E-05   
1.1487E-02   -2.2404E-05   
5.3483E-03   -2.7498E-04   
5.6118E-03   -1.2412E-04   
5.9146E-03   -1.0499E-04   
6.3454E-03   -1.0205E-04   
6.7637E-03   -1.0239E-04   
7.2842E-03   -1.0751E-04   
7.7535E-03   -1.1032E-04   
8.2231E-03   -1.0777E-04   
8.8322E-03   -8.6244E-05   
9.3434E-03   -6.9274E-05   
9.9233E-03   -5.8879E-05   
1.0495E-02   -4.1706E-05   
1.1056E-02   -2.6564E-05   
1.1572E-02   -8.1706E-06   
1.1457E-02   -6.0565E-05   
1.0939E-02   -1.3116E-04   
1.0304E-02   -2.2470E-04   
9.7221E-03   -2.8294E-04   
9.2145E-03   -3.6740E-04   
8.5812E-03   -4.3579E-04   
7.9569E-03   -4.9828E-04   
7.3661E-03   -5.4773E-04   
6.7496E-03   -6.0919E-04   
6.1721E-03   -6.6404E-04   
5.4300E-03   -7.5245E-04   
4.6345E-03   -8.8462E-04   
3.8522E-03   -1.0679E-03   
3.0321E-03   -1.3358E-03   
2.0877E-03   -1.7679E-03   
1.1172E-03   -2.2669E-03   
1.1421E-02   -9.2513E-05   
1.0979E-02   -1.7101E-04   
1.0222E-02   -3.1010E-04   
9.7254E-03   -3.9836E-04   
9.1339E-03   -4.8708E-04   
8.4208E-03   -6.0312E-04   
7.7939E-03   -6.6736E-04   
7.1837E-03   -7.3677E-04   
6.4616E-03   -8.3961E-04   
5.7810E-03   -9.5554E-04   
5.0578E-03   -1.0847E-03   
4.3022E-03   -1.2081E-03   
3.4667E-03   -1.4568E-03   
2.6545E-03   -1.7037E-03   
1.7371E-03   -2.0783E-03   
8.1740E-04   -2.4662E-03   
1.1582E-02   -8.2325E-05   
1.0777E-02   -2.6306E-04   
1.0319E-02   -3.5818E-04   
9.7597E-03   -4.8604E-04   
8.9256E-03   -6.4982E-04   
8.3312E-03   -7.6054E-04   
7.7147E-03   -8.5235E-04   
6.9819E-03   -9.7716E-04   
6.3106E-03   -1.1022E-03   
5.5881E-03   -1.2109E-03   
4.9019E-03   -1.3392E-03   
4.0386E-03   -1.5143E-03   
3.1765E-03   -1.8102E-03   
2.3768E-03   -2.0390E-03   
1.6051E-03   -2.3376E-03   
7.8016E-04   -2.6044E-03   
1.1322E-02   -1.7330E-04   
1.0847E-02   -3.0812E-04   
1.0273E-02   -4.7080E-04   
9.6941E-03   -6.2869E-04   
8.8558E-03   -8.1857E-04   
8.1833E-03   -9.3835E-04   
7.4951E-03   -1.0959E-03   
6.8342E-03   -1.2406E-03   
6.0502E-03   -1.3545E-03   
5.4101E-03   -1.4576E-03   
4.7473E-03   -1.6391E-03   
3.8658E-03   -1.8711E-03   
2.9987E-03   -2.1245E-03   
2.2362E-03   -2.3517E-03   
1.4227E-03   -2.5966E-03   
7.3859E-04   -2.7626E-03   
1.1462E-02   -1.8826E-04   
1.0815E-02   -4.1729E-04   
1.0285E-02   -5.7265E-04   
9.4541E-03   -8.2505E-04   
8.7208E-03   -1.0383E-03   
8.0690E-03   -1.1678E-03   
7.2569E-03   -1.3456E-03   
6.6463E-03   -1.4787E-03   
5.8559E-03   -1.6141E-03   
5.1623E-03   -1.7609E-03   
4.3719E-03   -1.9545E-03   
3.7225E-03   -2.1394E-03   
2.9379E-03   -2.3728E-03   
2.1595E-03   -2.5928E-03   
1.4050E-03   -2.7990E-03   
6.5789E-04   -2.9503E-03   
1.1370E-02   -2.5755E-04   
1.0658E-02   -5.3703E-04   
1.0160E-02   -7.0888E-04   
9.1921E-03   -1.0477E-03   
8.6058E-03   -1.2149E-03   
7.9379E-03   -1.3996E-03   
7.2075E-03   -1.5437E-03   
6.4662E-03   -1.7121E-03   
5.6415E-03   -1.9087E-03   
4.9516E-03   -2.0650E-03   
4.2735E-03   -2.2234E-03   
3.5636E-03   -2.4200E-03   
2.7796E-03   -2.6713E-03   
2.1159E-03   -2.8286E-03   
1.3647E-03   -3.0191E-03   
6.7590E-04   -3.1338E-03   
1.1422E-02   -3.1373E-04   
1.0810E-02   -6.0180E-04   
9.9896E-03   -9.2556E-04   
9.2713E-03   -1.2156E-03   
8.4958E-03   -1.3926E-03   
7.7445E-03   -1.5838E-03   
7.0270E-03   -1.7695E-03   
6.3068E-03   -1.9468E-03   
5.5852E-03   -2.1257E-03   
4.7937E-03   -2.2920E-03   
4.0863E-03   -2.5306E-03   
3.3512E-03   -2.7052E-03   
2.6897E-03   -2.8700E-03   
2.0010E-03   -3.0637E-03   
1.2946E-03   -3.2393E-03   
7.1866E-04   -3.3167E-03   
1.1248E-02   -4.8542E-04   
1.0499E-02   -9.0435E-04   
9.8806E-03   -1.1354E-03   
8.9115E-03   -1.4779E-03   
8.3234E-03   -1.6457E-03   
7.5042E-03   -1.8623E-03   
6.7906E-03   -2.0530E-03   
6.1557E-03   -2.1739E-03   
5.3887E-03   -2.3538E-03   
4.6610E-03   -2.5729E-03   
4.0544E-03   -2.7160E-03   
3.3190E-03   -2.9226E-03   
2.5651E-03   -3.1298E-03   
1.8967E-03   -3.2965E-03   
1.2603E-03   -3.4390E-03   
5.6178E-04   -3.5726E-03   
3.6803E-04   -1.5383E-03   
7.1806E-04   -1.5720E-03   
1.0704E-03   -1.6293E-03   
1.4200E-03   -1.7087E-03   
1.7536E-03   -1.7956E-03   
2.0848E-03   -1.9095E-03   
2.3689E-03   -1.9992E-03   
2.7800E-03   -2.0353E-03   
2.9240E-03   -1.9823E-03   
3.0643E-03   -1.9234E-03   
3.2030E-03   -1.8648E-03   
3.3427E-03   -1.8076E-03   
3.4827E-03   -1.7511E-03   
3.6222E-03   -1.6946E-03   
3.8964E-03   -1.5801E-03   
4.0300E-03   -1.5217E-03   
4.1606E-03   -1.4623E-03   
4.2878E-03   -1.4020E-03   
4.4112E-03   -1.3406E-03   
4.5305E-03   -1.2779E-03   
4.6451E-03   -1.2141E-03   
4.8589E-03   -1.0833E-03   
4.9577E-03   -1.0163E-03   
5.0508E-03   -9.4813E-04   
5.1378E-03   -8.7901E-04   
5.2186E-03   -8.0893E-04   
5.2930E-03   -7.3797E-04   
5.3608E-03   -6.6620E-04   
5.4760E-03   -5.2039E-04   
5.5232E-03   -4.4643E-04   
5.5631E-03   -3.7171E-04   
5.5930E-03   -2.9651E-04   
5.6233E-03   -2.2262E-04   
5.6370E-03   -1.4934E-04   
5.6513E-03   -7.2632E-05   
5.6858E-03   -2.0006E-34   
5.7060E-03   -1.8813E-34   
5.7218E-03   -1.4092E-34   
5.7359E-03   -7.5995E-35   
5.7503E-03   -5.8121E-35   
5.7878E-03   -3.2692E-35   
5.8139E-03   -2.3238E-35   
5.8462E-03   -1.5424E-35   
5.8857E-03   -8.9026E-36   
5.9889E-03   1.3024E-36   
6.0537E-03   5.3099E-36   
6.1279E-03   8.8297E-36   
6.2118E-03   1.2120E-35   
6.4101E-03   1.8317E-35   
6.5251E-03   2.1214E-35   
6.7880E-03   2.7074E-35   
6.9364E-03   3.0181E-35   
7.2678E-03   5.4922E-35   
7.4511E-03   4.1500E-35   
7.8535E-03   7.7951E-35   
8.3047E-03   1.0068E-34   
8.5486E-03   1.1343E-34   
9.0726E-03   1.3615E-34   
9.6443E-03   1.8108E-34   
1.0589E-02   2.6837E-34   
1.1273E-02   2.7929E-34   
1.2000E-02   -1.4313E-34   
1.2000E-02   -1.4313E-34   
1.2000E-02   -1.4313E-34   
1.2000E-02   -1.4313E-34   
1.2000E-02   -1.4313E-34   
1.0623E-02   -9.0091E-04   
8.6693E-03   -1.7201E-03   
7.3198E-03   -2.0972E-03   
6.0090E-03   -2.4143E-03   
5.1587E-03   -2.6195E-03   
3.9347E-03   -2.9335E-03   
3.1656E-03   -3.1437E-03   
2.0996E-03   -3.4357E-03   
1.4504E-03   -3.5944E-03   
8.4525E-04   -3.7076E-03   
2.7674E-04   -3.7666E-03   
3.4101E-34   -3.6779E-03   
4.8015E-34   -3.4938E-03   
4.7200E-34   -3.3244E-03   
6.8685E-34   -3.2469E-03   
6.9500E-34   -3.1067E-03   
4.2728E-34   -2.9867E-03   
4.1609E-34   -2.9341E-03   
4.0054E-34   -2.8864E-03   
3.7478E-34   -2.8048E-03   
3.6396E-34   -2.7708E-03   
3.4595E-34   -2.7160E-03   
3.3799E-34   -2.6950E-03   
3.2970E-34   -2.6782E-03   
3.1648E-34   -2.6569E-03   
3.1156E-34   -2.6522E-03   
3.0795E-34   -2.6515E-03   
3.0619E-34   -2.6548E-03   
3.1075E-34   -2.6678E-03   
3.0725E-34   -2.6689E-03   
3.0642E-34   -2.6615E-03   
3.0607E-34   -2.6421E-03   
3.0162E-34   -2.6078E-03   
2.9558E-34   -2.4911E-03   
2.9142E-34   -2.4095E-03   
2.8445E-34   -2.3144E-03   
2.7815E-34   -2.2085E-03   
2.7237E-34   -2.0932E-03   
4.0196E-34   -1.9669E-03   
3.7581E-34   -1.8344E-03   
2.8034E-34   -1.6818E-03   
3.0364E-03   -1.8760E-03   
4.0077E-03   -1.4345E-03   
4.3939E-03   -1.2378E-03   
3.3164E-03   -1.7508E-03   
5.3116E-03   -6.3257E-04   
2.6164E-03   -2.0678E-03   
1.2467E-03   -1.8003E-03   
5.0583E-03   -8.3506E-04   
5.5506E-03   -3.6278E-04   
4.7500E-03   -1.0375E-03   
3.5968E-03   -1.6257E-03   
5.4459E-03   -4.9779E-04   
3.7359E-03   -1.5626E-03   
2.4471E-03   -2.0982E-03   
4.6367E-03   -1.1048E-03   
5.1493E-03   -7.6753E-04   
5.6670E-03   -1.0165E-04   
4.8992E-04   -1.6857E-03   
2.2106E-03   -2.0561E-03   
4.1388E-03   -1.3695E-03   
4.2664E-03   -1.3037E-03   
5.3824E-03   -5.6518E-04   
1.5861E-03   -1.8775E-03   
5.5919E-03   -2.9423E-04   
8.7680E-04   -1.7340E-03   
1.9233E-03   -1.9797E-03   
5.2338E-03   -7.0005E-04   
5.5020E-03   -4.3031E-04   
2.7597E-03   -2.0060E-03   
4.9612E-03   -9.0263E-04   
4.8584E-03   -9.7018E-04   
3.4569E-03   -1.6885E-03   
2.8973E-03   -1.9405E-03   
3.1762E-03   -1.8131E-03   
3.8732E-03   -1.4990E-03   
4.5176E-03   -1.1716E-03   
3.2634E-04   -2.0411E-03   
3.2913E-04   -2.1616E-03   
3.3277E-04   -2.2729E-03   
3.3282E-04   -2.3726E-03   
3.2777E-04   -2.4582E-03   
3.1750E-04   -2.5282E-03   
3.0012E-04   -2.5816E-03   
2.7537E-04   -2.6186E-03   
2.4481E-04   -2.6409E-03   
5.7078E-03   -5.1091E-05   
2.1187E-04   -2.6511E-03   
5.7218E-03   -4.1198E-05   
1.8042E-04   -2.6529E-03   
5.7353E-03   -3.3932E-05   
1.5470E-04   -2.6501E-03   
5.7504E-03   -2.8301E-05   
1.4497E-04   -2.6457E-03   
5.7689E-03   -2.4169E-05   
1.4271E-04   -2.6427E-03   
5.7922E-03   -2.1219E-05   
1.4305E-04   -2.6428E-03   
5.8214E-03   -1.9267E-05   
1.4471E-04   -2.6465E-03   
5.8574E-03   -1.8140E-05   
1.4725E-04   -2.6539E-03   
5.9010E-03   -1.7670E-05   
1.5049E-04   -2.6651E-03   
5.9527E-03   -1.7715E-05   
1.5412E-04   -2.6803E-03   
6.0133E-03   -1.8219E-05   
1.5801E-04   -2.6995E-03   
6.0832E-03   -1.9104E-05   
1.6256E-04   -2.7229E-03   
6.1627E-03   -2.0269E-05   
1.6791E-04   -2.7505E-03   
6.2521E-03   -2.1618E-05   
1.7360E-04   -2.7825E-03   
6.3517E-03   -2.2940E-05   
1.7942E-04   -2.8189E-03   
6.4611E-03   -2.4584E-05   
1.8533E-04   -2.8597E-03   
6.5804E-03   -2.6413E-05   
1.9111E-04   -2.9048E-03   
6.7100E-03   -2.8616E-05   
1.9905E-04   -2.9541E-03   
6.8516E-03   -3.0623E-05   
2.0841E-04   -3.0082E-03   
7.0054E-03   -3.2086E-05   
2.1328E-04   -3.0677E-03   
7.1712E-03   -3.3496E-05   
2.1836E-04   -3.1318E-03   
7.3503E-03   -3.4871E-05   
2.3356E-04   -3.2013E-03   
7.5435E-03   -3.5493E-05   
2.4224E-04   -3.2781E-03   
7.7442E-03   -3.4694E-05   
2.4340E-04   -3.3601E-03   
7.9531E-03   -3.5971E-05   
2.5209E-04   -3.4460E-03   
8.1778E-03   -3.6322E-05   
2.6588E-04   -3.5388E-03   
3.4387E-03   -1.6216E-03   
4.7558E-03   -9.3351E-04   
5.1681E-03   -6.6739E-04   
2.8725E-03   -1.8915E-03   
5.6577E-03   -1.5084E-04   
1.0695E-03   -1.8914E-03   
4.1203E-03   -1.2777E-03   
5.5782E-03   -2.9132E-04   
1.7563E-03   -2.0481E-03   
2.4525E-03   -2.1003E-03   
2.2866E-03   -2.1408E-03   
4.5156E-03   -1.0705E-03   
3.7211E-03   -1.4855E-03   
5.4077E-03   -4.7672E-04   
5.4723E-03   -4.1459E-04   
3.8588E-03   -1.4169E-03   
4.3860E-03   -1.1388E-03   
5.2553E-03   -6.0306E-04   
5.0742E-03   -7.3263E-04   
3.0135E-03   -1.8237E-03   
2.5934E-03   -2.0310E-03   
6.6625E-04   -1.8499E-03   
3.1549E-03   -1.7564E-03   
3.9903E-03   -1.3478E-03   
4.2530E-03   -1.2076E-03   
5.3353E-03   -5.3953E-04   
5.5290E-03   -3.5287E-04   
3.2969E-03   -1.6892E-03   
4.8676E-03   -8.6575E-04   
2.0477E-03   -2.1118E-03   
2.7328E-03   -1.9603E-03   
4.9739E-03   -7.9878E-04   
5.6210E-03   -2.2764E-04   
1.4122E-03   -1.9567E-03   
4.6384E-03   -1.0020E-03   
3.5807E-03   -1.5538E-03   
3.1657E-04   -1.9107E-03   
6.6583E-04   -2.1254E-03   
6.7077E-04   -2.2432E-03   
6.6440E-04   -2.3461E-03   
6.4522E-04   -2.4313E-03   
6.1972E-04   -2.4984E-03   
5.8413E-04   -2.5471E-03   
5.3680E-04   -2.5788E-03   
5.6907E-03   -6.8002E-05   
4.8082E-04   -2.5970E-03   
4.2188E-04   -2.6058E-03   
5.6946E-03   -8.9339E-05   
3.6645E-04   -2.6091E-03   
5.7057E-03   -7.4803E-05   
3.2196E-04   -2.6102E-03   
5.7191E-03   -6.1804E-05   
2.9805E-04   -2.6120E-03   
5.7352E-03   -5.2282E-05   
2.8912E-04   -2.6135E-03   
5.7557E-03   -4.5474E-05   
2.8718E-04   -2.6160E-03   
5.7818E-03   -4.0720E-05   
2.8964E-04   -2.6206E-03   
5.8143E-03   -3.7757E-05   
2.9478E-04   -2.6281E-03   
5.8542E-03   -3.6283E-05   
3.0035E-04   -2.6391E-03   
5.9020E-03   -3.5969E-05   
3.0590E-04   -2.6537E-03   
5.9588E-03   -3.6521E-05   
3.1231E-04   -2.6718E-03   
6.0250E-03   -3.7962E-05   
3.2043E-04   -2.6937E-03   
6.1003E-03   -4.0153E-05   
3.3037E-04   -2.7197E-03   
6.1855E-03   -4.2860E-05   
3.4162E-04   -2.7499E-03   
6.2821E-03   -4.5294E-05   
3.5347E-04   -2.7845E-03   
6.3869E-03   -4.7219E-05   
3.6532E-04   -2.8235E-03   
6.4969E-03   -5.1268E-05   
3.7498E-04   -2.8669E-03   
6.6183E-03   -5.4862E-05   
3.8201E-04   -2.9134E-03   
6.7511E-03   -6.0310E-05   
4.0508E-04   -2.9620E-03   
6.8994E-03   -6.3506E-05   
4.2543E-04   -3.0184E-03   
7.0601E-03   -6.5741E-05   
4.2484E-04   -3.0813E-03   
7.2325E-03   -6.8914E-05   
4.4356E-04   -3.1440E-03   
7.4250E-03   -7.1143E-05   
5.0499E-04   -3.2148E-03   
7.6329E-03   -7.0990E-05   
4.8550E-04   -3.3023E-03   
7.8246E-03   -6.5855E-05   
4.9309E-04   -3.3846E-03   
8.0295E-03   -7.9001E-05   
5.1658E-04   -3.4708E-03   
8.4155E-03   -3.8300E-05   
4.1125E-03   -1.1888E-03   
4.2556E-03   -1.1146E-03   
3.7162E-03   -1.4094E-03   
4.3925E-03   -1.0449E-03   
3.5741E-03   -1.4804E-03   
2.2882E-03   -2.1332E-03   
2.4283E-03   -2.0584E-03   
2.5695E-03   -1.9840E-03   
2.7113E-03   -1.9111E-03   
2.8537E-03   -1.8392E-03   
2.1193E-03   -2.1846E-03   
2.9969E-03   -1.7676E-03   
3.4300E-03   -1.5524E-03   
4.5245E-03   -9.7584E-04   
3.1408E-03   -1.6961E-03   
3.2854E-03   -1.6244E-03   
1.8711E-03   -2.1688E-03   
4.6504E-03   -9.0619E-04   
5.3629E-03   -4.5759E-04   
5.4359E-03   -3.9939E-04   
5.4998E-03   -3.4284E-04   
5.2818E-03   -5.1718E-04   
1.5710E-03   -2.1154E-03   
4.7708E-03   -8.3736E-04   
5.1931E-03   -5.7804E-04   
4.9945E-03   -7.0428E-04   
4.8856E-03   -7.7003E-04   
5.0972E-03   -6.4042E-04   
1.2278E-03   -2.0329E-03   
9.3226E-04   -1.9787E-03   
5.5554E-03   -2.8674E-04   
5.6045E-03   -2.2964E-04   
5.6472E-03   -1.7112E-04   
6.5453E-04   -2.0019E-03   
9.9938E-04   -2.3277E-03   
9.4700E-04   -2.4070E-03   
8.9640E-04   -2.4659E-03   
8.3797E-04   -2.5043E-03   
7.6880E-04   -2.5261E-03   
6.9337E-04   -2.5372E-03   
5.6811E-03   -1.0932E-04   
6.1819E-04   -2.5427E-03   
5.5016E-04   -2.5466E-03   
5.6610E-03   -1.2788E-04   
4.9621E-04   -2.5514E-03   
5.6744E-03   -1.0240E-04   
4.6120E-04   -2.5581E-03   
5.6882E-03   -8.5713E-05   
4.4287E-04   -2.5650E-03   
5.7057E-03   -7.3872E-05   
4.3552E-04   -2.5719E-03   
5.7284E-03   -6.5620E-05   
4.3651E-04   -2.5790E-03   
5.7579E-03   -5.9855E-05   
4.4680E-04   -2.5864E-03   
5.7941E-03   -5.6741E-05   
4.5457E-04   -2.5983E-03   
5.8374E-03   -5.5761E-05   
4.5833E-04   -2.6142E-03   
5.8903E-03   -5.5993E-05   
4.6562E-04   -2.6325E-03   
5.9533E-03   -5.7335E-05   
4.7443E-04   -2.6541E-03   
6.0242E-03   -6.0336E-05   
4.8731E-04   -2.6787E-03   
6.1046E-03   -6.4442E-05   
5.0517E-04   -2.7068E-03   
6.1986E-03   -6.8378E-05   
5.2359E-04   -2.7397E-03   
6.3068E-03   -7.1135E-05   
5.4146E-04   -2.7774E-03   
6.4109E-03   -7.0574E-05   
5.5644E-04   -2.8202E-03   
6.5105E-03   -8.3577E-05   
5.6088E-04   -2.8680E-03   
5.4970E-04   -2.9143E-03   
6.4202E-04   -3.0265E-03   
7.0948E-03   -1.0226E-04   
7.1264E-04   -3.2435E-03   
7.4015E-04   -3.3934E-03   
7.4962E-03   -1.0997E-04   
8.6777E-03   -4.0981E-05   
5.5258E-03   -2.8278E-04   
5.5801E-03   -2.3056E-04   
5.6298E-03   -1.7725E-04   
3.8490E-03   -1.2725E-03   
3.7233E-03   -1.3331E-03   
2.1134E-03   -2.1685E-03   
1.9340E-03   -2.2326E-03   
2.6965E-03   -1.8594E-03   
2.2623E-03   -2.0884E-03   
2.8418E-03   -1.7841E-03   
2.4076E-03   -2.0110E-03   
3.5787E-03   -1.4065E-03   
4.4126E-03   -9.5993E-04   
2.5522E-03   -1.9349E-03   
5.3131E-03   -4.4073E-04   
5.2233E-03   -4.9838E-04   
2.9879E-03   -1.7088E-03   
3.1351E-03   -1.6333E-03   
4.9111E-03   -6.8258E-04   
5.0219E-03   -6.1905E-04   
5.3953E-03   -3.8449E-04   
1.6684E-03   -2.2281E-03   
5.4659E-03   -3.3289E-04   
3.4311E-03   -1.4818E-03   
4.7941E-03   -7.4880E-04   
3.2832E-03   -1.5576E-03   
5.1262E-03   -5.5775E-04   
4.5439E-03   -8.8792E-04   
4.6714E-03   -8.1744E-04   
1.2274E-03   -2.3790E-03   
1.1434E-03   -2.4265E-03   
1.0605E-03   -2.4512E-03   
9.7318E-04   -2.4621E-03   
8.8510E-04   -2.4667E-03   
8.0282E-04   -2.4701E-03   
7.3159E-04   -2.4747E-03   
6.7396E-04   -2.4817E-03   
5.6651E-03   -1.3412E-04   
5.6187E-03   -1.5060E-04   
6.3134E-04   -2.4912E-03   
5.6291E-03   -1.2625E-04   
6.0450E-04   -2.5018E-03   
5.6441E-03   -1.0757E-04   
5.9057E-04   -2.5127E-03   
5.6630E-03   -9.4826E-05   
5.8619E-04   -2.5234E-03   
5.6882E-03   -8.6238E-05   
5.9129E-04   -2.5334E-03   
5.7230E-03   -7.9619E-05   
6.2650E-04   -2.5378E-03   
5.7607E-03   -7.7798E-05   
6.1269E-04   -2.5619E-03   
5.8068E-03   -7.7889E-05   
6.2040E-04   -2.5813E-03   
5.8682E-03   -7.8703E-05   
6.2898E-04   -2.6042E-03   
5.9371E-03   -8.0751E-05   
6.6101E-04   -2.6545E-03   
7.4270E-04   -2.8720E-03   
6.0954E-03   -9.3103E-05   
6.9242E-04   -2.6836E-03   
7.1602E-04   -2.7207E-03   
7.5752E-04   -2.8116E-03   
6.6469E-03   -8.2115E-05   
6.9476E-03   -9.4066E-05   
7.1216E-03   -1.4428E-04   
6.2053E-03   -9.8232E-05   
9.8134E-04   -3.3102E-03   
7.3271E-03   -1.4930E-04   
7.4558E-04   -3.1801E-03   
6.4552E-03   -1.1821E-04   
8.8936E-04   -2.9613E-03   
5.6033E-03   -1.8401E-04   
5.5454E-03   -2.3553E-04   
5.4928E-03   -2.8160E-04   
4.1795E-03   -1.0168E-03   
4.1319E-03   -1.0982E-03   
4.2998E-03   -9.5031E-04   
3.6003E-03   -1.3322E-03   
5.3492E-03   -3.7222E-04   
2.0926E-03   -2.1199E-03   
5.4321E-03   -3.1850E-04   
1.9258E-03   -2.2060E-03   
1.7394E-03   -2.2822E-03   
2.2477E-03   -2.0392E-03   
2.6891E-03   -1.8056E-03   
2.5420E-03   -1.8839E-03   
3.4440E-03   -1.4104E-03   
2.3962E-03   -1.9613E-03   
2.8377E-03   -1.7270E-03   
4.4358E-03   -8.7774E-04   
4.9431E-03   -6.0343E-04   
5.2580E-03   -4.2755E-04   
2.9876E-03   -1.6480E-03   
5.0552E-03   -5.4242E-04   
5.1602E-03   -4.8399E-04   
4.8245E-03   -6.6768E-04   
3.1388E-03   -1.5688E-03   
3.2910E-03   -1.4895E-03   
4.6998E-03   -7.3509E-04   
4.5698E-03   -8.0543E-04   
1.2042E-03   -2.2096E-03   
1.3526E-03   -2.3788E-03   
1.2541E-03   -2.3876E-03   
1.1567E-03   -2.3905E-03   
1.0655E-03   -2.3916E-03   
9.8424E-04   -2.3940E-03   
9.1256E-04   -2.3987E-03   
8.5235E-04   -2.4063E-03   
8.0520E-04   -2.4166E-03   
5.5536E-03   -1.7905E-04   
7.7210E-04   -2.4288E-03   
5.5724E-03   -1.4760E-04   
7.5233E-04   -2.4418E-03   
7.4192E-04   -2.4558E-03   
5.5882E-03   -1.2903E-04   
5.6072E-03   -1.1697E-04   
7.3424E-04   -2.4720E-03   
5.6317E-03   -1.1018E-04   
7.5112E-04   -2.5071E-03   
5.7011E-03   -1.0521E-04   
7.7535E-04   -2.5191E-03   
5.8396E-03   -1.0470E-04   
5.7678E-03   -1.0364E-04   
7.9453E-04   -2.5411E-03   
8.6865E-04   -2.6114E-03   
6.3652E-04   -2.6301E-03   
8.9351E-04   -2.6521E-03   
9.2451E-04   -2.6927E-03   
9.1981E-04   -3.1861E-03   
9.0779E-04   -3.1183E-03   
9.5875E-04   -2.7384E-03   
6.0777E-03   -1.2754E-04   
6.5886E-03   -1.1102E-04   
6.3287E-03   -1.4442E-04   
6.9121E-03   -1.3528E-04   
6.1982E-03   -1.3405E-04   
6.0088E-03   -8.6746E-05   
1.0025E-03   -2.7943E-03   
8.4874E-04   -3.0500E-03   
9.3792E-04   -2.8801E-03   
7.5416E-03   -1.5313E-04   
9.3536E-04   -3.3941E-03   
8.8946E-04   -3.2530E-03   
7.1479E-03   -1.9011E-04   
4.0232E-03   -1.0651E-03   
5.5640E-03   -1.9763E-04   
5.3869E-03   -3.1117E-04   
2.0916E-03   -2.0663E-03   
5.2939E-03   -3.6544E-04   
1.9239E-03   -2.1498E-03   
1.5894E-03   -2.3213E-03   
3.4691E-03   -1.3367E-03   
2.5390E-03   -1.8314E-03   
2.3910E-03   -1.9113E-03   
2.2459E-03   -1.9887E-03   
4.3253E-03   -8.7934E-04   
2.6897E-03   -1.7501E-03   
4.9807E-03   -5.3215E-04   
2.8423E-03   -1.6682E-03   
5.0927E-03   -4.7410E-04   
5.1967E-03   -4.1888E-04   
4.8612E-03   -5.9391E-04   
2.9966E-03   -1.5858E-03   
3.3092E-03   -1.4202E-03   
4.4659E-03   -8.0201E-04   
4.7349E-03   -6.5953E-04   
3.1525E-03   -1.5032E-03   
4.6028E-03   -7.2905E-04   
1.5297E-03   -2.3138E-03   
1.4330E-03   -2.3144E-03   
3.8188E-03   -1.1644E-03   
1.3354E-03   -2.3146E-03   
3.6373E-03   -1.2513E-03   
1.2447E-03   -2.3154E-03   
1.1633E-03   -2.3173E-03   
1.0918E-03   -2.3212E-03   
1.0306E-03   -2.3279E-03   
9.8084E-04   -2.3376E-03   
9.4358E-04   -2.3497E-03   
9.3014E-04   -2.4432E-03   
5.4960E-03   -1.9111E-04   
9.1900E-04   -2.3633E-03   
9.0544E-04   -2.3781E-03   
5.5080E-03   -1.6812E-04   
8.9830E-04   -2.3956E-03   
5.5207E-03   -1.5231E-04   
5.5364E-03   -1.4289E-04   
7.2715E-04   -2.4880E-03   
5.6551E-03   -1.3277E-04   
9.6041E-04   -2.4651E-03   
9.4267E-04   -2.5499E-03   
6.5038E-03   -1.5419E-04   
6.1706E-03   -1.7591E-04   
5.8148E-03   -1.3692E-04   
1.1071E-03   -2.6125E-03   
5.7239E-03   -1.3359E-04   
1.1548E-03   -2.6525E-03   
7.9557E-04   -2.5724E-03   
1.1083E-03   -3.2037E-03   
1.1923E-03   -2.7001E-03   
6.7036E-03   -1.4972E-04   
1.1478E-03   -2.8848E-03   
1.1087E-03   -2.9665E-03   
5.9611E-03   -1.2198E-04   
1.1393E-03   -3.1142E-03   
1.0706E-03   -2.5750E-03   
6.0516E-03   -1.6690E-04   
7.3589E-03   -1.9491E-04   
6.9514E-03   -1.8260E-04   
5.4108E-03   -2.6494E-04   
5.3244E-03   -3.1425E-04   
5.4868E-03   -2.4704E-04   
1.7830E-03   -2.1750E-03   
2.1155E-03   -2.0143E-03   
4.2062E-03   -8.8772E-04   
2.3907E-03   -1.8612E-03   
5.2310E-03   -3.6394E-04   
2.2404E-03   -1.9430E-03   
2.5438E-03   -1.7778E-03   
1.3881E-03   -2.3008E-03   
2.6989E-03   -1.6934E-03   
3.3386E-03   -1.3499E-03   
4.9032E-03   -5.2726E-04   
5.1300E-03   -4.1544E-04   
5.0209E-03   -4.6953E-04   
4.3576E-03   -8.0641E-04   
2.8562E-03   -1.6082E-03   
4.7761E-03   -5.9049E-04   
3.0152E-03   -1.5226E-03   
3.1761E-03   -1.4365E-03   
4.5027E-03   -7.3011E-04   
4.6423E-03   -6.5828E-04   
3.5083E-03   -1.2610E-03   
1.6164E-03   -2.2402E-03   
1.5184E-03   -2.2374E-03   
1.4229E-03   -2.2394E-03   
1.7316E-03   -2.2448E-03   
1.3409E-03   -2.2408E-03   
3.6855E-03   -1.1698E-03   
3.8692E-03   -1.0752E-03   
1.2694E-03   -2.2433E-03   
5.4754E-03   -2.2129E-04   
4.0452E-03   -9.7927E-04   
1.2079E-03   -2.2482E-03   
1.1569E-03   -2.2561E-03   
1.0892E-03   -2.2798E-03   
5.4276E-03   -2.1036E-04   
1.0739E-03   -2.2936E-03   
1.0726E-03   -2.3075E-03   
5.4299E-03   -1.9297E-04   
5.4404E-03   -1.7935E-04   
1.0028E-03   -2.3862E-03   
1.0010E-03   -2.4901E-03   
5.5920E-03   -1.6601E-04   
5.9430E-03   -1.5971E-04   
1.3336E-03   -2.5595E-03   
8.7444E-04   -2.4241E-03   
6.2984E-03   -1.8816E-04   
1.1170E-03   -2.3837E-03   
6.0084E-03   -2.1139E-04   
1.0548E-03   -2.5414E-03   
1.3572E-03   -2.8876E-03   
1.2725E-03   -2.5275E-03   
1.2448E-03   -2.7356E-03   
5.8524E-03   -1.5718E-04   
6.7882E-03   -1.7723E-04   
5.6611E-03   -1.7062E-04   
1.1975E-03   -2.8024E-03   
1.1118E-03   -3.0405E-03   
6.9587E-03   -2.3232E-04   
7.5550E-03   -1.9584E-04   
1.1570E-03   -3.3540E-03   
1.4209E-03   -3.1097E-03   
6.6406E-03   -1.2808E-04   
5.2589E-03   -3.2012E-04   
2.0680E-03   -1.9881E-03   
3.3791E-03   -1.2787E-03   
2.2418E-03   -1.8951E-03   
2.3996E-03   -1.8094E-03   
5.1634E-03   -3.6799E-04   
2.5573E-03   -1.7231E-03   
4.2455E-03   -8.1853E-04   
4.9492E-03   -4.6832E-04   
5.0624E-03   -4.1649E-04   
2.7174E-03   -1.6356E-03   
4.8230E-03   -5.2794E-04   
3.2096E-03   -1.3693E-03   
2.8797E-03   -1.5474E-03   
4.3992E-03   -7.3845E-04   
3.0440E-03   -1.4586E-03   
4.6882E-03   -5.9322E-04   
4.5466E-03   -6.6359E-04   
1.7219E-03   -2.1517E-03   
1.5987E-03   -2.1646E-03   
5.4219E-03   -2.3294E-04   
1.5172E-03   -2.1653E-03   
3.9135E-03   -9.9651E-04   
3.5555E-03   -1.1857E-03   
4.0838E-03   -9.0481E-04   
1.4466E-03   -2.1656E-03   
1.3846E-03   -2.1682E-03   
3.7352E-03   -1.0912E-03   
1.3329E-03   -2.1737E-03   
1.2920E-03   -2.1821E-03   
1.2618E-03   -2.1932E-03   
5.4548E-03   -1.7193E-04   
1.2443E-03   -2.2055E-03   
1.0836E-03   -2.3246E-03   
1.2431E-03   -2.2167E-03   
5.3300E-03   -2.4286E-04   
5.8029E-03   -1.9274E-04   
5.3382E-03   -2.2232E-04   
1.1559E-03   -2.4019E-03   
1.1644E-03   -2.4701E-03   
5.5328E-03   -1.6538E-04   
1.1076E-03   -2.3606E-03   
5.7287E-03   -1.8164E-04   
1.4615E-03   -2.4771E-03   
1.4576E-03   -2.7068E-03   
1.2298E-03   -2.4941E-03   
1.3831E-03   -2.6689E-03   
5.5115E-03   -2.0696E-04   
6.5933E-03   -2.0267E-04   
1.6206E-03   -2.7973E-03   
6.7738E-03   -2.2139E-04   
1.3016E-03   -2.9646E-03   
6.9553E-03   -2.8769E-04   
1.4493E-03   -3.2929E-03   
7.4126E-03   -2.4729E-04   
7.7525E-03   -1.6545E-04   
1.6190E-03   -3.1618E-03   
6.4050E-03   -2.0779E-04   
5.2850E-03   -2.8331E-04   
1.9377E-03   -2.0857E-03   
2.1042E-03   -1.9260E-03   
2.2590E-03   -1.8427E-03   
3.2521E-03   -1.3022E-03   
2.4178E-03   -1.7562E-03   
5.1016E-03   -3.7555E-04   
5.0039E-03   -4.1461E-04   
2.5800E-03   -1.6675E-03   
1.7446E-03   -2.1008E-03   
4.8774E-03   -4.7041E-04   
4.2929E-03   -7.5288E-04   
2.7453E-03   -1.5771E-03   
3.0813E-03   -1.3945E-03   
4.7407E-03   -5.3339E-04   
2.9129E-03   -1.4860E-03   
4.4481E-03   -6.7457E-04   
4.5974E-03   -6.0148E-04   
1.6887E-03   -2.0932E-03   
3.4282E-03   -1.2080E-03   
3.9622E-03   -9.2493E-04   
4.1308E-03   -8.3655E-04   
1.6244E-03   -2.0882E-03   
3.7866E-03   -1.0178E-03   
1.5602E-03   -2.0889E-03   
1.5082E-03   -2.0915E-03   
3.6074E-03   -1.1127E-03   
5.3632E-03   -2.4752E-04   
1.4158E-03   -2.1154E-03   
1.4669E-03   -2.0967E-03   
5.3471E-03   -2.1112E-04   
1.4361E-03   -2.1048E-03   
5.5459E-03   -1.4170E-04   
1.2223E-03   -2.2865E-03   
1.2580E-03   -2.2265E-03   
1.2746E-03   -2.2960E-03   
1.4107E-03   -2.1255E-03   
5.2317E-03   -2.7075E-04   
5.5774E-03   -2.1550E-04   
5.4514E-03   -2.0324E-04   
1.2841E-03   -2.3245E-03   
1.4381E-03   -2.4372E-03   
1.6028E-03   -2.6002E-03   
6.7644E-03   -2.7637E-04   
5.6490E-03   -2.2720E-04   
1.3854E-03   -2.4050E-03   
6.2413E-03   -2.3804E-04   
1.6744E-03   -2.7022E-03   
6.3776E-03   -2.6114E-04   
1.5689E-03   -2.9022E-03   
1.2057E-03   -2.4151E-03   
7.1656E-03   -2.9776E-04   
5.8976E-03   -2.0188E-04   
7.9819E-03   -1.3186E-04   
1.7781E-03   -3.0307E-03   
1.8438E-03   -2.0347E-03   
5.1859E-03   -3.3147E-04   
2.1256E-03   -1.8758E-03   
2.2840E-03   -1.7903E-03   
2.4466E-03   -1.7019E-03   
3.1270E-03   -1.3308E-03   
5.0865E-03   -3.5599E-04   
1.9722E-03   -1.9930E-03   
4.9414E-03   -4.1577E-04   
3.3030E-03   -1.2357E-03   
2.6135E-03   -1.6106E-03   
4.7995E-03   -4.7833E-04   
2.7838E-03   -1.5176E-03   
2.9552E-03   -1.4242E-03   
4.3470E-03   -6.9093E-04   
4.6546E-03   -5.4384E-04   
4.5035E-03   -6.1446E-04   
1.8174E-03   -2.0053E-03   
3.8421E-03   -9.4925E-04   
4.1843E-03   -7.7262E-04   
4.0160E-03   -8.5884E-04   
5.4853E-03   -1.6655E-04   
1.7341E-03   -2.0110E-03   
3.4825E-03   -1.1394E-03   
1.6828E-03   -2.0104E-03   
3.6631E-03   -1.0434E-03   
5.2364E-03   -2.5595E-04   
1.5882E-03   -2.0245E-03   
1.6417E-03   -2.0118E-03   
1.5788E-03   -2.0336E-03   
1.6102E-03   -2.0166E-03   
1.5026E-03   -2.2114E-03   
5.2110E-03   -2.9748E-04   
5.3572E-03   -2.0670E-04   
1.4205E-03   -2.1346E-03   
5.6869E-03   -9.8194E-05   
1.5500E-03   -2.2991E-03   
5.4005E-03   -2.0381E-04   
5.8352E-03   -2.5107E-04   
5.7330E-03   -2.3921E-04   
5.4829E-03   -2.6606E-04   
5.4162E-03   -2.5518E-04   
6.1467E-03   -2.9399E-04   
5.3562E-03   -2.4823E-04   
1.3352E-03   -2.3836E-03   
1.6849E-03   -2.3741E-03   
1.2818E-03   -2.2344E-03   
1.4236E-03   -2.2045E-03   
1.7334E-03   -2.4925E-03   
6.4191E-03   -3.0959E-04   
1.7219E-03   -2.6203E-03   
1.3773E-03   -2.3222E-03   
6.9461E-03   -3.4828E-04   
1.6465E-03   -2.9780E-03   
8.2696E-03   -6.9071E-05   
1.8872E-03   -2.6932E-03   
7.9601E-03   -1.8220E-04   
6.7499E-03   -3.3656E-04   
6.1276E-03   -2.2144E-04   
1.8464E-03   -2.7850E-03   
1.9745E-03   -1.9572E-03   
2.1591E-03   -1.8233E-03   
2.3206E-03   -1.7373E-03   
3.1800E-03   -1.2680E-03   
5.0100E-03   -3.6276E-04   
2.4853E-03   -1.6470E-03   
3.0051E-03   -1.3630E-03   
4.8605E-03   -4.2892E-04   
2.6578E-03   -1.5525E-03   
2.8317E-03   -1.4575E-03   
4.7184E-03   -4.9073E-04   
3.9019E-03   -8.8555E-04   
4.4059E-03   -6.3310E-04   
4.5663E-03   -5.5804E-04   
4.2418E-03   -7.1375E-04   
1.8864E-03   -1.9422E-03   
4.0744E-03   -7.9759E-04   
5.1342E-03   -3.1665E-04   
3.3595E-03   -1.1710E-03   
3.7230E-03   -9.7815E-04   
1.8563E-03   -1.9312E-03   
3.5412E-03   -1.0739E-03   
1.8169E-03   -1.9278E-03   
1.7492E-03   -1.9405E-03   
1.7616E-03   -1.9334E-03   
5.1251E-03   -3.0535E-04   
1.7844E-03   -1.9289E-03   
5.2406E-03   -2.4842E-04   
5.5992E-03   -1.3709E-04   
1.5787E-03   -2.0447E-03   
5.3046E-03   -2.4550E-04   
5.3089E-03   -3.1018E-04   
1.3885E-03   -2.1955E-03   
5.3530E-03   -2.1229E-04   
5.2484E-03   -3.0053E-04   
5.3750E-03   -3.2421E-04   
1.7464E-03   -2.2470E-03   
5.9565E-03   -2.6096E-04   
5.6483E-03   -2.9448E-04   
1.4553E-03   -2.1392E-03   
5.9208E-03   -3.2103E-04   
1.9142E-03   -2.5026E-03   
1.5866E-03   -2.4793E-03   
1.8446E-03   -2.2548E-03   
1.6328E-03   -2.2060E-03   
6.7292E-03   -4.0218E-04   
7.1503E-03   -3.5988E-04   
1.9688E-03   -2.5800E-03   
1.8593E-03   -2.8639E-03   
8.1547E-03   -1.5118E-04   
2.0609E-03   -2.6890E-03   
1.9984E-03   -1.9089E-03   
2.2129E-03   -1.7699E-03   
3.0607E-03   -1.3036E-03   
2.3572E-03   -1.6880E-03   
4.9055E-03   -3.9466E-04   
3.2385E-03   -1.2071E-03   
2.5321E-03   -1.5918E-03   
2.8855E-03   -1.3989E-03   
4.7847E-03   -4.4431E-04   
3.9654E-03   -8.2699E-04   
2.7090E-03   -1.4950E-03   
3.7876E-03   -9.1722E-04   
2.0413E-03   -1.8516E-03   
4.6417E-03   -5.0560E-04   
4.3003E-03   -6.6174E-04   
4.1355E-03   -7.4228E-04   
1.9985E-03   -1.8422E-03   
3.6047E-03   -1.0120E-03   
3.4207E-03   -1.1093E-03   
5.1225E-03   -2.9529E-04   
5.2649E-03   -2.4640E-04   
1.9212E-03   -1.8472E-03   
1.9602E-03   -1.8418E-03   
1.5565E-03   -2.1151E-03   
1.9354E-03   -1.8432E-03   
5.2456E-03   -2.4735E-04   
1.7451E-03   -1.9508E-03   
1.9589E-03   -2.1539E-03   
5.1290E-03   -3.6009E-04   
1.5792E-03   -2.0596E-03   
5.1883E-03   -3.7312E-04   
5.1944E-03   -2.9519E-04   
5.4508E-03   -3.4195E-04   
1.7954E-03   -2.1781E-03   
2.3263E-03   -2.6163E-03   
1.9860E-03   -2.2566E-03   
6.0207E-03   -3.5903E-04   
5.7641E-03   -3.0864E-04   
7.1352E-03   -4.2376E-04   
1.7272E-03   -2.1224E-03   
2.0925E-03   -2.7493E-03   
6.5347E-03   -3.8910E-04   
7.3698E-03   -3.1171E-04   
2.1592E-03   -2.4559E-03   
1.8985E-03   -2.3633E-03   
1.9919E-03   -2.4002E-03   
6.7020E-03   -4.7407E-04   
5.0047E-03   -3.4700E-04   
3.1206E-03   -1.2467E-03   
2.9439E-03   -1.3426E-03   
2.2036E-03   -1.7456E-03   
4.5862E-03   -5.1730E-04   
5.1250E-03   -2.9287E-04   
2.4032E-03   -1.6369E-03   
3.8568E-03   -8.6096E-04   
4.8622E-03   -3.9915E-04   
4.0325E-03   -7.7394E-04   
4.7127E-03   -4.6268E-04   
2.5846E-03   -1.5374E-03   
3.6734E-03   -9.5402E-04   
3.3016E-03   -1.1492E-03   
3.4869E-03   -1.0509E-03   
2.1376E-03   -1.7551E-03   
4.3430E-03   -6.2649E-04   
4.1992E-03   -6.9362E-04   
2.0929E-03   -1.7555E-03   
2.1084E-03   -1.7551E-03   
1.7367E-03   -1.9705E-03   
1.9157E-03   -1.8547E-03   
5.1208E-03   -2.9168E-04   
1.9134E-03   -2.0189E-03   
5.1486E-03   -2.9391E-04   
4.9993E-03   -4.2711E-04   
1.8681E-03   -2.0915E-03   
5.0740E-03   -3.5211E-04   
5.2513E-03   -3.9153E-04   
6.3354E-03   -3.7432E-04   
5.5475E-03   -3.6043E-04   
2.1078E-03   -2.1472E-03   
1.6992E-03   -2.0160E-03   
1.5974E-03   -2.1253E-03   
6.2348E-03   -3.3104E-04   
5.8051E-03   -3.9990E-04   
2.1376E-03   -2.2446E-03   
2.3574E-03   -2.7015E-03   
2.4436E-03   -2.4872E-03   
2.0430E-03   -2.0570E-03   
6.5656E-03   -3.2342E-04   
6.9166E-03   -4.8017E-04   
7.3522E-03   -3.7113E-04   
7.5666E-03   -2.7504E-04   
2.1806E-03   -2.2879E-03   
2.4081E-03   -2.3633E-03   
4.6333E-03   -4.8842E-04   
2.8252E-03   -1.3874E-03   
3.0010E-03   -1.2917E-03   
4.9856E-03   -3.4256E-04   
4.2792E-03   -6.4504E-04   
4.1076E-03   -7.2465E-04   
4.7582E-03   -4.3658E-04   
3.1821E-03   -1.1942E-03   
3.9314E-03   -8.0928E-04   
3.7480E-03   -9.0004E-04   
2.6487E-03   -1.4830E-03   
3.5591E-03   -9.9605E-04   
3.3692E-03   -1.0949E-03   
2.2939E-03   -1.6784E-03   
2.2776E-03   -1.6707E-03   
2.2616E-03   -1.6674E-03   
2.0874E-03   -1.7590E-03   
1.9112E-03   -1.8698E-03   
2.4537E-03   -1.5860E-03   
4.9938E-03   -3.4172E-04   
4.8943E-03   -4.1058E-04   
4.4625E-03   -5.6376E-04   
4.9437E-03   -4.1654E-04   
1.9201E-03   -1.9736E-03   
1.7771E-03   -2.0148E-03   
2.3633E-03   -2.1657E-03   
5.0572E-03   -4.4286E-04   
1.9002E-03   -1.8966E-03   
4.9683E-03   -3.5489E-04   
2.2478E-03   -2.0222E-03   
5.3170E-03   -4.1777E-04   
2.1305E-03   -1.9503E-03   
5.9180E-03   -4.2083E-04   
6.1623E-03   -4.3849E-04   
5.6736E-03   -3.7811E-04   
7.7718E-03   -2.7391E-04   
2.5576E-03   -2.2398E-03   
2.4516E-03   -2.2033E-03   
2.6354E-03   -2.4876E-03   
6.6962E-03   -5.4675E-04   
2.4239E-03   -2.7831E-03   
7.1112E-03   -4.8917E-04   
7.5737E-03   -3.2382E-04   
4.7172E-03   -4.4935E-04   
2.8769E-03   -1.3443E-03   
2.7040E-03   -1.4386E-03   
4.1921E-03   -6.7776E-04   
4.8590E-03   -3.9276E-04   
4.0134E-03   -7.6123E-04   
3.0592E-03   -1.2461E-03   
3.8298E-03   -8.4972E-04   
3.2494E-03   -1.1451E-03   
3.6386E-03   -9.4456E-04   
2.4235E-03   -1.5854E-03   
3.4434E-03   -1.0439E-03   
2.2581E-03   -1.6654E-03   
4.5516E-03   -5.1852E-04   
4.7533E-03   -4.8029E-04   
2.5600E-03   -1.5179E-03   
2.0824E-03   -1.7888E-03   
2.2617E-03   -1.6681E-03   
2.0471E-03   -1.8741E-03   
4.3720E-03   -5.9660E-04   
4.8097E-03   -4.8631E-04   
5.9325E-03   -4.7845E-04   
4.8327E-03   -4.0303E-04   
4.8663E-03   -4.9813E-04   
2.1317E-03   -1.8843E-03   
5.1087E-03   -4.6665E-04   
5.4236E-03   -4.4053E-04   
4.8472E-03   -4.1113E-04   
2.7328E-03   -2.1097E-03   
2.2981E-03   -1.9292E-03   
2.5292E-03   -1.9207E-03   
6.1021E-03   -3.9882E-04   
7.8350E-03   -3.3562E-04   
2.6371E-03   -2.0670E-03   
5.5715E-03   -4.5796E-04   
6.1023E-03   -5.0435E-04   
6.4704E-03   -6.3224E-04   
2.7116E-03   -2.2630E-03   
2.7530E-03   -2.3518E-03   
6.4149E-03   -5.5216E-04   
7.9344E-03   -2.2800E-04   
7.3423E-03   -4.3268E-04   
2.0947E-03   -2.9266E-03   
2.2466E-03   -2.1501E-03   
2.7431E-03   -1.4076E-03   
2.5733E-03   -1.5008E-03   
4.1035E-03   -7.1660E-04   
4.6560E-03   -4.7504E-04   
3.9189E-03   -8.0333E-04   
3.1238E-03   -1.2039E-03   
2.4224E-03   -1.5778E-03   
3.7257E-03   -8.9687E-04   
2.2659E-03   -1.6802E-03   
3.3240E-03   -1.0995E-03   
2.0732E-03   -1.8204E-03   
3.5257E-03   -9.9647E-04   
4.2856E-03   -6.3383E-04   
2.4341E-03   -1.5712E-03   
4.6070E-03   -5.5724E-04   
4.7977E-03   -4.2158E-04   
4.4649E-03   -5.5527E-04   
4.7070E-03   -4.7687E-04   
4.6956E-03   -5.5034E-04   
4.9260E-03   -5.1403E-04   
2.9363E-03   -1.9693E-03   
2.4048E-03   -1.8234E-03   
2.6135E-03   -1.9456E-03   
2.4553E-03   -1.8988E-03   
5.6544E-03   -5.5562E-04   
7.2986E-03   -4.9468E-04   
2.8055E-03   -2.5016E-03   
2.2867E-03   -1.7660E-03   
2.5099E-03   -2.0466E-03   
5.4795E-03   -5.4238E-04   
6.2819E-03   -5.0990E-04   
8.0128E-03   -2.6429E-04   
7.6079E-03   -4.4227E-04   
6.5348E-03   -6.9822E-04   
3.0771E-03   -2.2413E-03   
2.3619E-03   -2.9122E-03   
5.3098E-03   -5.3065E-04   
1.8986E-03   -2.9266E-03   
4.0153E-03   -7.6104E-04   
4.6762E-03   -4.7489E-04   
4.2009E-03   -6.7597E-04   
3.8222E-03   -8.5249E-04   
3.1991E-03   -1.1638E-03   
2.5960E-03   -1.4832E-03   
1.8970E-03   -1.9243E-03   
2.2628E-03   -1.7062E-03   
4.3833E-03   -5.9504E-04   
2.4550E-03   -1.5691E-03   
4.5535E-03   -5.5274E-04   
2.9281E-03   -1.3079E-03   
3.4095E-03   -1.0562E-03   
2.8261E-03   -1.9128E-03   
2.6740E-03   -1.8054E-03   
4.7183E-03   -5.7529E-04   
2.5436E-03   -1.8095E-03   
2.2547E-03   -1.7436E-03   
2.3518E-03   -1.7705E-03   
2.3071E-03   -1.8285E-03   
2.8190E-03   -1.8131E-03   
3.0036E-03   -2.0352E-03   
5.8372E-03   -5.7429E-04   
7.0539E-03   -5.7001E-04   
5.3832E-03   -6.3298E-04   
4.3637E-03   -6.4761E-04   
5.0443E-03   -6.1840E-04   
6.0572E-03   -5.9611E-04   
3.1103E-03   -2.3918E-03   
2.5528E-03   -2.5885E-03   
5.2161E-03   -6.2167E-04   
6.4984E-03   -4.6088E-04   
3.2356E-03   -2.2633E-03   
2.9488E-03   -2.2188E-03   
6.8106E-03   -6.7354E-04   
6.2490E-03   -7.3133E-04   
4.1185E-03   -7.2222E-04   
3.9341E-03   -8.0815E-04   
4.5072E-03   -5.5151E-04   
2.4659E-03   -1.5846E-03   
4.5371E-03   -5.2872E-04   
4.3025E-03   -6.3958E-04   
3.7302E-03   -9.0607E-04   
2.6328E-03   -1.4663E-03   
3.2890E-03   -1.1244E-03   
3.5089E-03   -1.0142E-03   
2.9278E-03   -1.6909E-03   
2.7902E-03   -1.6943E-03   
2.7874E-03   -1.3805E-03   
2.4234E-03   -1.6708E-03   
2.4487E-03   -1.6251E-03   
2.5209E-03   -1.6556E-03   
2.9905E-03   -1.2728E-03   
4.8143E-03   -5.9073E-04   
4.2010E-03   -7.4350E-04   
4.9570E-03   -7.0777E-04   
2.5298E-03   -1.7084E-03   
4.8336E-03   -6.4720E-04   
3.2054E-03   -2.1137E-03   
5.5501E-03   -6.5082E-04   
3.2452E-03   -1.8861E-03   
2.5172E-03   -2.3896E-03   
3.4216E-03   -2.2725E-03   
4.5282E-03   -6.7340E-04   
5.1145E-03   -7.1578E-04   
3.1073E-03   -1.7404E-03   
3.3757E-03   -2.1339E-03   
2.9600E-03   -2.5290E-03   
6.3297E-03   -7.9545E-04   
7.1114E-03   -6.5004E-04   
4.0526E-03   -7.6409E-04   
4.2222E-03   -6.8835E-04   
3.0715E-03   -1.2360E-03   
2.6110E-03   -1.5645E-03   
3.3925E-03   -1.0866E-03   
2.7901E-03   -1.5869E-03   
2.6959E-03   -1.4475E-03   
4.2623E-03   -7.5920E-04   
2.8510E-03   -1.3514E-03   
2.6904E-03   -1.4832E-03   
4.9905E-03   -5.2347E-04   
3.6281E-03   -9.7238E-04   
4.3891E-03   -6.1414E-04   
2.9132E-03   -1.5797E-03   
4.8529E-03   -8.0394E-04   
3.0474E-03   -1.5748E-03   
4.8254E-03   -7.0523E-04   
2.2748E-03   -2.4791E-03   
3.6699E-03   -2.2627E-03   
5.2716E-03   -7.3128E-04   
2.6456E-03   -2.6304E-03   
3.4545E-03   -1.6322E-03   
3.3144E-03   -1.9721E-03   
4.5786E-03   -7.1092E-04   
5.7215E-03   -6.7518E-04   
3.1307E-03   -2.5606E-03   
3.4944E-03   -1.7279E-03   
3.5263E-03   -1.9942E-03   
3.3087E-03   -2.4070E-03   
6.0295E-03   -8.3863E-04   
3.0694E-03   -1.6826E-03   
7.4315E-03   -6.1891E-04   
3.1696E-03   -1.1986E-03   
3.0439E-03   -1.4613E-03   
3.8857E-03   -8.4917E-04   
2.9493E-03   -1.3125E-03   
4.0052E-03   -8.5097E-04   
3.1871E-03   -1.5751E-03   
2.7027E-03   -1.5890E-03   
5.1514E-03   -8.3612E-04   
3.5010E-03   -1.0554E-03   
3.1727E-03   -1.4561E-03   
2.8641E-03   -1.3745E-03   
4.3124E-03   -7.9105E-04   
4.9998E-03   -8.1762E-04   
4.1197E-03   -7.5021E-04   
2.7622E-03   -1.5187E-03   
4.6145E-03   -7.5905E-04   
2.7998E-03   -2.1548E-03   
3.3144E-03   -1.5937E-03   
3.5574E-03   -1.8034E-03   
3.6802E-03   -1.8496E-03   
3.7270E-03   -2.0262E-03   
4.0101E-03   -2.1097E-03   
6.1190E-03   -9.1621E-04   
2.9211E-03   -2.7120E-03   
5.5871E-03   -7.8112E-04   
7.6613E-03   -5.2369E-04   
3.2725E-03   -1.1665E-03   
3.0558E-03   -1.2754E-03   
3.7640E-03   -9.3598E-04   
3.3020E-03   -1.3379E-03   
4.0460E-03   -8.8074E-04   
4.6759E-03   -8.0605E-04   
4.3609E-03   -8.3101E-04   
3.3147E-03   -1.4525E-03   
4.8827E-03   -9.2512E-04   
4.7361E-03   -9.0789E-04   
5.7475E-03   -8.7204E-04   
5.3075E-03   -8.6127E-04   
4.0015E-03   -1.7330E-03   
3.7959E-03   -1.6568E-03   
2.9121E-03   -1.4787E-03   
5.8714E-03   -7.1332E-04   
6.5906E-03   -7.5381E-04   
5.7949E-03   -1.0620E-03   
4.0362E-03   -1.9976E-03   
4.0089E-03   -2.2232E-03   
4.0914E-03   -1.8794E-03   
3.6202E-03   -1.4749E-03   
3.2767E-03   -2.6114E-03   
7.7349E-03   -5.8940E-04   
3.1506E-03   -1.2527E-03   
3.9949E-03   -8.2399E-04   
2.9935E-03   -1.3910E-03   
3.5819E-03   -1.0441E-03   
4.5831E-03   -1.0398E-03   
3.7658E-03   -9.8396E-04   
3.3730E-03   -1.1446E-03   
4.0926E-03   -9.1903E-04   
3.4402E-03   -1.3298E-03   
4.4360E-03   -9.3061E-04   
3.6005E-03   -1.3239E-03   
4.4737E-03   -9.8889E-04   
5.9664E-03   -7.6910E-04   
5.0367E-03   -9.4360E-04   
5.4785E-03   -8.9407E-04   
6.8049E-03   -7.6664E-04   
3.7522E-03   -1.5780E-03   
5.7306E-03   -8.0481E-04   
3.7537E-03   -1.4966E-03   
5.5126E-03   -9.7902E-04   
3.1886E-03   -1.3330E-03   
3.8030E-03   -1.3168E-03   
4.2057E-03   -1.7478E-03   
5.5106E-03   -1.0714E-03   
6.1111E-03   -1.0052E-03   
3.8295E-03   -1.7266E-03   
4.3153E-03   -1.8730E-03   
4.2630E-03   -2.0787E-03   
3.0378E-03   -2.7541E-03   
3.2362E-03   -1.2492E-03   
3.7200E-03   -1.1991E-03   
3.5029E-03   -1.1135E-03   
3.8334E-03   -1.0083E-03   
3.9884E-03   -1.4421E-03   
3.5580E-03   -1.2156E-03   
4.2746E-03   -1.1186E-03   
4.8063E-03   -1.0181E-03   
4.5572E-03   -1.9933E-03   
5.2640E-03   -1.0869E-03   
2.9365E-03   -1.3590E-03   
3.9598E-03   -1.3557E-03   
5.1798E-03   -9.7183E-04   
4.1586E-03   -9.5434E-04   
4.1917E-03   -1.0647E-03   
4.3389E-03   -1.6117E-03   
2.9522E-03   -2.8672E-03   
4.4247E-03   -1.7579E-03   
5.4776E-03   -1.1613E-03   
6.3241E-03   -9.2858E-04   
4.4133E-03   -8.7394E-04   
2.8350E-03   -1.4410E-03   
3.4196E-03   -1.2398E-03   
3.8907E-03   -1.1923E-03   
3.6198E-03   -1.1320E-03   
4.9060E-03   -1.0560E-03   
4.0066E-03   -1.0744E-03   
4.0746E-03   -1.2360E-03   
3.6297E-03   -1.0841E-03   
5.2563E-03   -1.2790E-03   
3.4307E-03   -1.1905E-03   
6.5818E-03   -8.8760E-04   
5.2307E-03   -1.1887E-03   
4.1200E-03   -1.5908E-03   
4.0457E-03   -1.1851E-03   
4.7698E-03   -1.8517E-03   
2.6132E-03   -3.0051E-03   
4.2404E-03   -9.7814E-04   
4.3406E-03   -1.4326E-03   
4.6260E-03   -1.1280E-03   
4.7320E-03   -1.1952E-03   
4.5061E-03   -1.4649E-03   
5.3336E-03   -1.3591E-03   
4.1843E-03   -1.3293E-03   
4.6618E-03   -1.7740E-03   
4.8683E-03   -1.9099E-03   
4.6549E-03   -1.3244E-03   
4.2431E-03   -1.3825E-03   
5.1491E-03   -1.8940E-03   
4.6806E-03   -1.5009E-03   
5.2984E-03   -1.0025E-03   
5.6902E-03   -1.2854E-03   
5.0043E-03   -1.4199E-03   
4.4272E-03   -1.2594E-03   
4.9726E-03   -1.2019E-03   
4.5327E-03   -1.6326E-03   
5.0531E-03   -1.5052E-03   
5.9789E-03   -1.1248E-03   
5.4618E-03   -1.7352E-03   
4.8033E-03   -1.5391E-03   
4.4792E-03   -1.3182E-03   
5.0260E-03   -1.6175E-03   
5.3006E-03   -1.6086E-03   
5.6679E-03   -1.4786E-03   
5.8108E-03   -1.3461E-03   
5.5541E-03   -1.6151E-03   
2.6402E-04   -3.6403E-03   
4.9840E-03   -1.7221E-03   
4.6737E-03   -2.0577E-03   
8.2354E-03   -2.6173E-04   
6.0685E-04   -3.0888E-03   
8.9536E-03   -3.8184E-05   
8.0416E-03   -5.5904E-04   
4.7797E-04   -3.6765E-03   
2.3349E-03   -3.0262E-03   
5.5683E-03   -1.8004E-03   
8.3796E-03   -1.3762E-04   
7.3165E-04   -3.6408E-03   
2.6354E-03   -2.7908E-03   
1.0407E-03   -3.5880E-03   
1.3573E-03   -3.5286E-03   
1.6742E-03   -3.4579E-03   
2.0027E-03   -3.3775E-03   
9.2218E-03   -3.4873E-05   
2.3392E-03   -3.2893E-03   
2.6940E-03   -3.1897E-03   
7.8621E-03   -4.5193E-04   
3.0605E-03   -3.0872E-03   
9.4984E-03   -3.3430E-05   
3.4340E-03   -2.9813E-03   
3.8191E-03   -2.8725E-03   
6.0117E-03   -1.2250E-03   
4.2551E-03   -2.7454E-03   
9.7900E-03   -3.0843E-05   
6.9061E-03   -5.3838E-04   
4.6003E-03   -2.6823E-03   
3.4958E-03   -2.1675E-03   
1.7701E-03   -3.2189E-03   
7.9246E-03   -3.9173E-04   
5.0086E-03   -2.5422E-03   
5.4628E-03   -2.4407E-03   
1.0091E-02   -2.7088E-05   
5.8867E-03   -2.3395E-03   
3.6638E-03   -2.5088E-03   
6.3575E-03   -2.2196E-03   
6.7227E-03   -2.1642E-03   
1.0404E-02   -2.3274E-05   
7.1473E-03   -2.0296E-03   
7.6249E-03   -1.9177E-03   
7.7734E-04   -3.4692E-03   
8.0716E-03   -1.7991E-03   
1.0766E-02   -2.0720E-05   
8.4914E-03   -8.5496E-05   
3.9234E-03   -2.3529E-03   
8.5542E-03   -1.6511E-03   
9.0141E-03   -1.5203E-03   
7.5167E-03   -6.7424E-04   
1.1168E-02   -1.0943E-05   
6.8690E-03   -8.4043E-04   
6.3323E-03   -1.0004E-03   
9.9149E-03   -1.1986E-03   
1.1592E-02   -1.8718E-04   
1.1672E-02   -1.9113E-04   
1.1636E-02   -4.7032E-05   
1.1672E-02   -1.8443E-05   
1.1605E-02   -1.1396E-04   
3.1721E-03   -2.8747E-03   
1.0911E-02   -7.0641E-04   
8.9730E-04   -3.5291E-03   
7.0856E-03   -8.5582E-04   
6.6804E-03   -9.6412E-04   
1.5868E-03   -3.3345E-03   
6.2460E-03   -1.2183E-03   
2.0578E-03   -3.1515E-03   
8.4475E-03   -2.1926E-04   
5.8728E-03   -1.4961E-03   
8.2630E-03   -4.6741E-04   
2.2817E-03   -3.1455E-03   
4.1041E-03   -2.3913E-03   
1.5552E-03   -3.4141E-03   
4.5444E-03   -2.2123E-03   
2.2179E-03   -3.2493E-03   
7.4344E-03   -7.6079E-04   
7.9408E-03   -1.7257E-03   
5.7695E-03   -2.2680E-03   
2.9443E-03   -3.0323E-03   
3.7634E-03   -2.5735E-03   
3.6968E-03   -2.8165E-03   
3.6183E-03   -2.7294E-03   
9.6325E-03   -6.5155E-05   
5.9686E-03   -1.7133E-03   
8.6155E-03   -1.2286E-04   
8.1276E-03   -6.1342E-04   
9.0978E-03   -6.8076E-05   
1.0720E-02   -4.5026E-05   
5.2986E-03   -1.9528E-03   
6.5087E-03   -2.0779E-03   
8.0610E-03   -2.9626E-04   
8.1502E-03   -4.0721E-04   
6.0295E-03   -1.2853E-03   
4.3550E-03   -2.1148E-03   
1.1412E-02   -4.2573E-06   
9.4826E-03   -1.3598E-03   
4.3835E-03   -2.6098E-03   
8.6606E-03   -1.5130E-03   
1.1688E-02   -1.2489E-04   
1.1747E-02   -9.4831E-06   
1.1728E-02   -2.8288E-05   
1.1703E-02   -7.2011E-05   
7.1989E-03   -1.8941E-03   
5.0497E-03   -2.4025E-03   
1.0227E-02   -5.0693E-05   
1.0321E-02   -8.6655E-04   
1.1214E-02   -3.2092E-05   
1.0871E-02   -6.3471E-04   
1.1125E-02   -2.6479E-04   
1.1263E-02   -4.5204E-05   
1.1203E-02   -1.0626E-04   
1.1050E-02   -4.2589E-04   
7.3606E-03   -8.6569E-04   
5.6855E-03   -2.1917E-03   
8.5375E-03   -1.6929E-04   
8.8131E-03   -1.4136E-04   
9.4671E-03   -1.0444E-04   
1.0056E-03   -3.4386E-03   
5.1639E-03   -2.1026E-03   
6.5978E-03   -1.1018E-03   
3.9436E-03   -2.6724E-03   
8.4912E-03   -2.7058E-04   
1.0056E-02   -8.4276E-05   
9.3307E-03   -1.3169E-03   
2.8498E-03   -2.9829E-03   
5.3765E-03   -2.2626E-03   
4.2690E-03   -2.5681E-03   
6.4201E-03   -2.0151E-03   
4.7840E-03   -2.2024E-03   
7.6239E-03   -1.7330E-03   
6.2363E-03   -1.4222E-03   
4.6848E-03   -2.4454E-03   
8.0171E-03   -7.1131E-04   
8.3541E-03   -5.2729E-04   
6.8452E-03   -1.9186E-03   
6.2764E-03   -1.5402E-03   
1.0395E-02   -7.0949E-05   
6.0808E-03   -1.7993E-03   
9.7607E-03   -9.4112E-05   
4.4618E-03   -2.3439E-03   
8.3892E-03   -3.3879E-04   
6.0478E-03   -2.1047E-03   
6.4840E-03   -1.2513E-03   
9.1275E-03   -1.1254E-04   
8.4738E-03   -3.8440E-04   
1.0673E-02   -4.0564E-04   
1.0870E-02   -7.9898E-05   
1.0798E-02   -1.7451E-04   
1.0933E-02   -4.5667E-05   
7.6646E-03   -7.7080E-04   
9.7431E-03   -1.0893E-03   
1.0415E-02   -7.1148E-04   
1.1185E-02   -8.6794E-05   
1.1076E-02   -3.6078E-04   
1.1098E-02   -1.7662E-04   
1.1051E-02   -2.1642E-04   
5.9441E-03   -2.0340E-03   
4.4594E-03   -2.4358E-03   
1.0163E-02   -1.0894E-04   
8.9948E-03   -1.3814E-03   
5.1637E-03   -2.2421E-03   
6.3611E-03   -1.6336E-03   
5.8239E-03   -1.9674E-03   
8.6821E-03   -4.9093E-04   
9.0051E-03   -1.6376E-04   
7.3046E-03   -1.7510E-03   
9.6088E-03   -1.3019E-04   
1.0755E-02   -2.3960E-04   
1.0898E-02   -1.1787E-04   
8.7865E-03   -3.5375E-04   
7.2895E-03   -9.7970E-04   
8.7822E-03   -2.5213E-04   
6.8993E-03   -1.1071E-03   
1.0658E-02   -3.2069E-04   
9.8841E-03   -8.9297E-04   
8.2962E-03   -7.0153E-04   
8.0595E-03   -1.5684E-03   
6.5842E-03   -1.3880E-03   
5.4755E-03   -2.0693E-03   
6.6863E-03   -1.8567E-03   
8.0746E-03   -7.8042E-04   
1.0696E-02   -7.1233E-05   
9.6648E-03   -1.0367E-03   
1.0481E-02   -5.5557E-04   
7.3909E-03   -1.6001E-03   
6.9782E-03   -1.3277E-03   
8.0102E-03   -8.7598E-04   
8.6189E-03   -6.5058E-04   
6.9535E-03   -1.6982E-03   
6.1992E-03   -1.8744E-03   
1.0265E-02   -1.3020E-04   
9.4387E-03   -1.0534E-03   
9.6306E-03   -1.7285E-04   
9.9778E-03   -1.5072E-04   
6.5749E-03   -1.7865E-03   
8.9905E-03   -2.7515E-04   
9.0228E-03   -2.1039E-04   
8.8982E-03   -4.0240E-04   
6.5347E-03   -1.3246E-03   
6.7203E-03   -1.5628E-03   
8.8047E-03   -5.4077E-04   
8.1704E-03   -1.4315E-03   
7.5887E-03   -9.8282E-04   
7.2153E-03   -1.0991E-03   
6.9348E-03   -1.4398E-03   
8.3542E-03   -8.2190E-04   
8.5765E-03   -7.3563E-04   
8.3802E-03   -1.5388E-03   
9.0139E-03   -4.4781E-04   
6.8330E-03   -1.6313E-03   
1.0549E-02   -1.0754E-04   
9.2937E-03   -2.1845E-04   
9.0993E-03   -3.2648E-04   
8.9688E-03   -1.2186E-03   
9.5235E-03   -2.3290E-04   
7.1855E-03   -1.1947E-03   
7.8144E-03   -9.9610E-04   
8.6439E-03   -7.9762E-04   
7.0665E-03   -1.4855E-03   
9.4318E-03   -2.9404E-04   
9.6523E-03   -8.9621E-04   
8.9427E-03   -5.7111E-04   
9.3421E-03   -4.0243E-04   
8.7973E-03   -1.3786E-03   
1.0116E-02   -1.7176E-04   
7.4027E-03   -1.2121E-03   
7.7884E-03   -1.0875E-03   
1.0672E-02   -1.2443E-04   
9.2299E-03   -5.2979E-04   
1.0299E-02   -1.8614E-04   
7.4388E-03   -1.3919E-03   
9.4900E-03   -3.3738E-04   
9.9468E-03   -2.2292E-04   
9.4582E-03   -4.3625E-04   
8.1149E-03   -1.0653E-03   
9.6889E-03   -2.4598E-04   
8.5070E-03   -9.2984E-04   
9.0801E-03   -7.0042E-04   
9.7308E-03   -3.4153E-04   
9.2196E-03   -7.5504E-04   
7.5621E-03   -1.4481E-03   
8.8103E-03   -9.1044E-04   
7.7016E-03   -1.2244E-03   
8.4163E-03   -1.0510E-03   
1.0023E-02   -2.5509E-04   
1.0625E-02   -1.6910E-04   
9.4646E-03   -7.5089E-04   
9.1287E-03   -8.7650E-04   
1.0112E-02   -2.8515E-04   
7.8296E-03   -1.3049E-03   
8.2653E-03   -1.1956E-03   
9.9427E-03   -3.4647E-04   
9.8331E-03   -6.6666E-04   
9.0921E-03   -9.8319E-04   
1.0444E-02   -2.3282E-04   
9.9253E-03   -3.9495E-04   
9.8061E-03   -7.6167E-04   
1.0590E-02   -2.4452E-04   
9.4411E-03   -9.0269E-04   
9.5748E-03   -4.6909E-04   
9.3461E-03   -5.7319E-04   
9.5035E-03   -6.0794E-04   
9.9147E-03   -5.0805E-04   
