51 
1844 
1.4691E-03   -1.4147E-03   
2.4562E-03   -1.1600E-03   
3.2855E-03   -8.3131E-04   
3.8271E-03   -4.3311E-04   
1.3040E-36   -1.3708E-03   
4.0108E-03   -7.9137E-37   
4.0986E-03   -2.1509E-35   
4.2374E-03   -6.3611E-37   
4.5438E-03   8.5266E-36   
4.8229E-03   1.2734E-35   
5.1790E-03   2.7087E-35   
5.6149E-03   3.7411E-35   
5.9509E-03   4.5288E-35   
6.5238E-03   6.8752E-35   
6.9510E-03   8.3292E-35   
7.4137E-03   7.3157E-35   
7.6579E-03   1.1290E-34   
8.1709E-03   1.6679E-34   
8.7158E-03   2.4204E-34   
9.0000E-03   -4.2074E-31   
9.0000E-03   -1.1425E-34   
9.0000E-03   -1.1425E-34   
9.0000E-03   -1.1425E-34   
9.0000E-03   -1.1425E-34   
9.0000E-03   -1.1425E-34   
9.0000E-03   -1.1425E-34   
9.0000E-03   -1.1425E-34   
9.0000E-03   -1.1425E-34   
9.0000E-03   -1.1425E-34   
9.0000E-03   -1.1425E-34   
9.0000E-03   -1.1425E-34   
9.0000E-03   -1.1425E-34   
8.4574E-03   -3.8728E-04   
7.5718E-03   -8.8312E-04   
7.1977E-03   -1.0535E-03   
6.8404E-03   -1.1942E-03   
6.1516E-03   -1.4212E-03   
5.8156E-03   -1.5166E-03   
5.1546E-03   -1.6854E-03   
4.8297E-03   -1.7631E-03   
4.1901E-03   -1.9122E-03   
3.5680E-03   -2.0578E-03   
3.2650E-03   -2.1307E-03   
2.6784E-03   -2.2746E-03   
2.1220E-03   -2.4127E-03   
1.8561E-03   -2.4774E-03   
1.3496E-03   -2.5929E-03   
8.7487E-04   -2.6817E-03   
4.2730E-04   -2.7369E-03   
1.9242E-36   -2.7536E-03   
2.4460E-34   -2.6115E-03   
2.5737E-34   -2.4757E-03   
2.4268E-34   -2.2962E-03   
2.3016E-34   -2.1938E-03   
2.0284E-34   -2.0291E-03   
1.8522E-34   -1.9378E-03   
1.6714E-34   -1.8534E-03   
1.5269E-34   -1.7956E-03   
1.5377E-34   -1.7628E-03   
1.0218E-03   -1.4641E-03   
8.6501E-03   -3.2810E-05   
8.2834E-03   -6.9112E-05   
7.7536E-03   -1.2027E-04   
7.3195E-03   -1.6417E-04   
6.8989E-03   -2.1899E-04   
6.4257E-03   -2.5180E-04   
6.0387E-03   -2.6533E-04   
5.5597E-03   -3.0672E-04   
5.0852E-03   -3.3247E-04   
4.6132E-03   -3.5533E-04   
4.1459E-03   -3.7615E-04   
3.6601E-03   -4.0954E-04   
3.1607E-03   -4.9296E-04   
2.4790E-03   -7.1522E-04   
1.7860E-03   -1.0625E-03   
2.6370E-03   -8.4727E-04   
3.0923E-03   -4.1925E-04   
3.5457E-03   -2.6274E-04   
3.9779E-03   -2.1970E-04   
4.3954E-03   -2.1291E-04   
4.7936E-03   -2.1438E-04   
5.2502E-03   -1.9635E-04   
5.6752E-03   -1.8195E-04   
6.0712E-03   -1.6341E-04   
6.4797E-03   -1.6441E-04   
6.9255E-03   -1.2996E-04   
7.3543E-03   -1.0222E-04   
7.7740E-03   -8.2029E-05   
8.2188E-03   -4.7339E-05   
8.6053E-03   -1.9781E-05   
3.7677E-03   -1.9114E-04   
3.9860E-03   -8.9210E-05   
4.2357E-03   -8.1615E-05   
4.5841E-03   -8.2750E-05   
4.9189E-03   -8.4001E-05   
5.3325E-03   -8.8441E-05   
5.7029E-03   -9.0788E-05   
6.0716E-03   -8.8758E-05   
6.5470E-03   -7.1259E-05   
6.9450E-03   -5.7507E-05   
7.3957E-03   -4.9248E-05   
7.8389E-03   -3.5378E-05   
8.2723E-03   -2.3049E-05   
8.6706E-03   -7.4220E-06   
8.5841E-03   -5.1325E-05   
8.1870E-03   -1.0897E-04   
7.7006E-03   -1.8384E-04   
7.2523E-03   -2.3028E-04   
6.8636E-03   -2.9683E-04   
6.3762E-03   -3.5054E-04   
5.8955E-03   -3.9921E-04   
5.4400E-03   -4.3730E-04   
4.9659E-03   -4.8391E-04   
4.5213E-03   -5.2480E-04   
3.9509E-03   -5.8941E-04   
3.3408E-03   -6.8512E-04   
2.7410E-03   -8.1714E-04   
2.1113E-03   -1.0085E-03   
1.3983E-03   -1.3099E-03   
6.9362E-04   -1.6218E-03   
8.5583E-03   -7.6638E-05   
8.2206E-03   -1.3986E-04   
7.6419E-03   -2.5034E-04   
7.2625E-03   -3.1990E-04   
6.8096E-03   -3.8958E-04   
6.2648E-03   -4.7983E-04   
5.7835E-03   -5.2946E-04   
5.3160E-03   -5.8220E-04   
4.7653E-03   -6.5924E-04   
4.2488E-03   -7.4471E-04   
3.7008E-03   -8.3814E-04   
3.1257E-03   -9.2539E-04   
2.5029E-03   -1.1015E-03   
1.8961E-03   -1.2714E-03   
1.2309E-03   -1.5182E-03   
5.8309E-04   -1.7439E-03   
8.6817E-03   -6.7269E-05   
8.0688E-03   -2.1142E-04   
7.7199E-03   -2.8667E-04   
7.2943E-03   -3.8668E-04   
6.6590E-03   -5.1442E-04   
6.2066E-03   -5.9993E-04   
5.7366E-03   -6.7027E-04   
5.1800E-03   -7.6429E-04   
4.6719E-03   -8.5684E-04   
4.1240E-03   -9.3523E-04   
3.6065E-03   -1.0265E-03   
2.9572E-03   -1.1486E-03   
2.3230E-03   -1.3540E-03   
1.7320E-03   -1.5048E-03   
1.1743E-03   -1.6964E-03   
5.7555E-04   -1.8535E-03   
8.4851E-03   -1.3855E-04   
8.1252E-03   -2.4457E-04   
7.6899E-03   -3.7173E-04   
7.2511E-03   -4.9460E-04   
6.6149E-03   -6.4214E-04   
6.1039E-03   -7.3466E-04   
5.5838E-03   -8.5405E-04   
5.0853E-03   -9.6219E-04   
4.4911E-03   -1.0449E-03   
4.0073E-03   -1.1180E-03   
3.5129E-03   -1.2470E-03   
2.8566E-03   -1.4076E-03   
2.2149E-03   -1.5785E-03   
1.6531E-03   -1.7265E-03   
1.0556E-03   -1.8804E-03   
5.5049E-04   -1.9802E-03   
8.5932E-03   -1.4747E-04   
8.1039E-03   -3.2572E-04   
7.7030E-03   -4.4729E-04   
7.0751E-03   -6.4317E-04   
6.5218E-03   -8.0752E-04   
6.0283E-03   -9.0724E-04   
5.4155E-03   -1.0416E-03   
4.9557E-03   -1.1403E-03   
4.3593E-03   -1.2377E-03   
3.8386E-03   -1.3414E-03   
3.2479E-03   -1.4758E-03   
2.7653E-03   -1.6024E-03   
2.1838E-03   -1.7588E-03   
1.6076E-03   -1.9015E-03   
1.0489E-03   -2.0327E-03   
4.9263E-04   -2.1273E-03   
8.5239E-03   -1.9951E-04   
7.9870E-03   -4.1584E-04   
7.6119E-03   -5.4934E-04   
6.8825E-03   -8.1105E-04   
6.4406E-03   -9.4018E-04   
5.9379E-03   -1.0813E-03   
5.3872E-03   -1.1901E-03   
4.8302E-03   -1.3145E-03   
4.2121E-03   -1.4563E-03   
3.6954E-03   -1.5657E-03   
3.1882E-03   -1.6739E-03   
2.6594E-03   -1.8071E-03   
2.0774E-03   -1.9762E-03   
1.5828E-03   -2.0761E-03   
1.0230E-03   -2.1989E-03   
5.0750E-04   -2.2711E-03   
8.5647E-03   -2.3829E-04   
8.1048E-03   -4.5961E-04   
7.4872E-03   -7.1074E-04   
6.9468E-03   -9.3464E-04   
6.3620E-03   -1.0732E-03   
5.7969E-03   -1.2195E-03   
5.2586E-03   -1.3590E-03   
4.7191E-03   -1.4897E-03   
4.1795E-03   -1.6185E-03   
3.5868E-03   -1.7337E-03   
3.0613E-03   -1.9008E-03   
2.5115E-03   -2.0158E-03   
2.0172E-03   -2.1229E-03   
1.5031E-03   -2.2500E-03   
9.7430E-04   -2.3648E-03   
5.4126E-04   -2.4124E-03   
8.4380E-03   -3.6256E-04   
7.8761E-03   -6.8375E-04   
7.4081E-03   -8.6632E-04   
6.6773E-03   -1.1330E-03   
6.2352E-03   -1.2629E-03   
5.6209E-03   -1.4282E-03   
5.0874E-03   -1.5711E-03   
4.6125E-03   -1.6592E-03   
4.0403E-03   -1.7880E-03   
3.4995E-03   -1.9433E-03   
3.0466E-03   -2.0402E-03   
2.4983E-03   -2.1797E-03   
1.9345E-03   -2.3165E-03   
1.4327E-03   -2.4241E-03   
9.5366E-04   -2.5163E-03   
4.2623E-04   -2.6057E-03   
2.1414E-04   -1.3817E-03   
4.2401E-04   -1.3917E-03   
6.2557E-04   -1.4055E-03   
8.1783E-04   -1.4174E-03   
9.9840E-04   -1.4248E-03   
1.1788E-03   -1.4422E-03   
1.3307E-03   -1.4346E-03   
1.5985E-03   -1.3885E-03   
1.7246E-03   -1.3577E-03   
1.8488E-03   -1.3261E-03   
1.9721E-03   -1.2942E-03   
2.0952E-03   -1.2621E-03   
2.2174E-03   -1.2292E-03   
2.3378E-03   -1.1952E-03   
2.5719E-03   -1.1234E-03   
2.6847E-03   -1.0855E-03   
2.7941E-03   -1.0463E-03   
2.9003E-03   -1.0058E-03   
3.0028E-03   -9.6412E-04   
3.1013E-03   -9.2102E-04   
3.1956E-03   -8.7672E-04   
3.3708E-03   -7.8485E-04   
3.4514E-03   -7.3731E-04   
3.5270E-03   -6.8874E-04   
3.5976E-03   -6.3923E-04   
3.6631E-03   -5.8884E-04   
3.7232E-03   -5.3765E-04   
3.7779E-03   -4.8572E-04   
3.8707E-03   -3.7986E-04   
3.9086E-03   -3.2601E-04   
3.9407E-03   -2.7150E-04   
3.9647E-03   -2.1657E-04   
3.9889E-03   -1.6262E-04   
4.0001E-03   -1.0917E-04   
4.0114E-03   -5.3027E-05   
4.0368E-03   -1.0351E-34   
4.0513E-03   -9.6466E-35   
4.0629E-03   -7.1634E-35   
4.0735E-03   -3.8239E-35   
4.0849E-03   -2.8828E-35   
4.1159E-03   -1.5546E-35   
4.1377E-03   -1.0674E-35   
4.1648E-03   -6.6869E-36   
4.1979E-03   -3.3934E-36   
4.2838E-03   1.6822E-36   
4.3373E-03   3.6417E-36   
4.3984E-03   5.3508E-36   
4.4672E-03   6.9458E-36   
4.6285E-03   9.9540E-36   
4.7215E-03   1.1365E-35   
4.9329E-03   1.4250E-35   
5.0515E-03   1.5802E-35   
5.3153E-03   2.8543E-35   
5.4606E-03   2.1578E-35   
5.7782E-03   4.0445E-35   
6.1326E-03   5.2326E-35   
6.3237E-03   5.9042E-35   
6.7329E-03   7.1117E-35   
7.1780E-03   9.4904E-35   
7.9105E-03   1.4145E-34   
8.4394E-03   1.4805E-34   
9.0000E-03   -1.1425E-34   
9.0000E-03   -1.1425E-34   
9.0000E-03   -1.1425E-34   
9.0000E-03   -1.1425E-34   
9.0000E-03   -1.1425E-34   
7.9745E-03   -6.7877E-04   
6.4930E-03   -1.3152E-03   
5.4835E-03   -1.6037E-03   
4.5079E-03   -1.8384E-03   
3.8766E-03   -1.9852E-03   
2.9683E-03   -2.2029E-03   
2.3962E-03   -2.3449E-03   
1.5986E-03   -2.5377E-03   
1.1085E-03   -2.6408E-03   
6.4789E-04   -2.7137E-03   
2.1231E-04   -2.7514E-03   
1.8201E-34   -2.6827E-03   
2.5439E-34   -2.5422E-03   
2.4944E-34   -2.4125E-03   
3.6180E-34   -2.3527E-03   
3.6524E-34   -2.2433E-03   
2.2485E-34   -2.1477E-03   
2.1879E-34   -2.1050E-03   
2.1046E-34   -2.0655E-03   
1.9653E-34   -1.9958E-03   
1.9063E-34   -1.9654E-03   
1.8064E-34   -1.9129E-03   
1.7614E-34   -1.8907E-03   
1.7141E-34   -1.8709E-03   
1.6345E-34   -1.8381E-03   
1.6012E-34   -1.8248E-03   
1.5719E-34   -1.8134E-03   
1.5470E-34   -1.8038E-03   
1.5117E-34   -1.7887E-03   
1.5019E-34   -1.7828E-03   
1.4983E-34   -1.7778E-03   
1.5019E-34   -1.7731E-03   
1.5143E-34   -1.7683E-03   
1.5770E-34   -1.7554E-03   
1.6247E-34   -1.7439E-03   
1.6292E-34   -1.7238E-03   
1.6358E-34   -1.6940E-03   
1.6437E-34   -1.6543E-03   
2.4694E-34   -1.6015E-03   
2.3346E-34   -1.5390E-03   
1.7724E-34   -1.4591E-03   
1.8383E-03   -1.3034E-03   
2.6702E-03   -1.0238E-03   
2.9907E-03   -8.8847E-04   
2.0826E-03   -1.2292E-03   
3.7376E-03   -4.5788E-04   
1.4692E-03   -1.4117E-03   
6.9656E-04   -1.4718E-03   
3.5331E-03   -6.0339E-04   
3.9295E-03   -2.6288E-04   
3.2827E-03   -7.4769E-04   
2.3234E-03   -1.1504E-03   
3.8455E-03   -3.6059E-04   
2.4415E-03   -1.1094E-03   
1.3408E-03   -1.4441E-03   
3.1901E-03   -7.9522E-04   
3.6067E-03   -5.5497E-04   
4.0224E-03   -7.3567E-05   
2.8040E-04   -1.4590E-03   
1.2056E-03   -1.4698E-03   
2.7795E-03   -9.7947E-04   
2.8854E-03   -9.3421E-04   
3.7945E-03   -4.0927E-04   
8.7636E-04   -1.4739E-03   
3.9625E-03   -2.1323E-04   
4.9838E-04   -1.4668E-03   
1.0565E-03   -1.4843E-03   
3.6749E-03   -5.0647E-04   
3.8905E-03   -3.1178E-04   
1.5924E-03   -1.3759E-03   
3.4544E-03   -6.5171E-04   
3.3709E-03   -6.9986E-04   
2.2037E-03   -1.1904E-03   
1.7155E-03   -1.3397E-03   
1.9608E-03   -1.2668E-03   
2.5573E-03   -1.0672E-03   
3.0924E-03   -8.4217E-04   
1.6358E-04   -1.6278E-03   
1.4884E-04   -1.6725E-03   
1.3650E-04   -1.7072E-03   
1.2258E-04   -1.7314E-03   
1.0990E-04   -1.7459E-03   
1.0286E-04   -1.7549E-03   
9.9154E-05   -1.7614E-03   
9.7139E-05   -1.7666E-03   
9.6173E-05   -1.7715E-03   
4.0522E-03   -3.5878E-05   
9.5961E-05   -1.7765E-03   
4.0625E-03   -2.8493E-05   
9.6356E-05   -1.7820E-03   
4.0730E-03   -2.3132E-05   
9.7273E-05   -1.7885E-03   
4.0852E-03   -1.9095E-05   
9.8640E-05   -1.7961E-03   
4.1005E-03   -1.6251E-05   
1.0040E-04   -1.8051E-03   
4.1201E-03   -1.4340E-05   
1.0253E-04   -1.8157E-03   
4.1446E-03   -1.3211E-05   
1.0496E-04   -1.8281E-03   
4.1748E-03   -1.2720E-05   
1.0769E-04   -1.8425E-03   
4.2112E-03   -1.2723E-05   
1.1071E-04   -1.8590E-03   
4.2543E-03   -1.3109E-05   
1.1387E-04   -1.8776E-03   
4.3045E-03   -1.3832E-05   
1.1712E-04   -1.8987E-03   
4.3622E-03   -1.4827E-05   
1.2080E-04   -1.9223E-03   
4.4275E-03   -1.6011E-05   
1.2503E-04   -1.9485E-03   
4.5006E-03   -1.7313E-05   
1.2949E-04   -1.9776E-03   
4.5817E-03   -1.8570E-05   
1.3402E-04   -2.0095E-03   
4.6703E-03   -2.0038E-05   
1.3859E-04   -2.0443E-03   
4.7666E-03   -2.1637E-05   
1.4306E-04   -2.0819E-03   
4.8708E-03   -2.3514E-05   
1.4910E-04   -2.1222E-03   
4.9843E-03   -2.5216E-05   
1.5624E-04   -2.1659E-03   
5.1072E-03   -2.6448E-05   
1.6003E-04   -2.2133E-03   
5.2391E-03   -2.7617E-05   
1.6396E-04   -2.2637E-03   
5.3812E-03   -2.8773E-05   
1.7553E-04   -2.3180E-03   
5.5341E-03   -2.9296E-05   
1.8229E-04   -2.3776E-03   
5.6924E-03   -2.8656E-05   
1.8343E-04   -2.4406E-03   
5.8569E-03   -2.9666E-05   
1.9035E-04   -2.5064E-03   
6.0335E-03   -3.0009E-05   
2.0135E-04   -2.5774E-03   
2.1972E-03   -1.1480E-03   
3.2883E-03   -6.7028E-04   
3.6217E-03   -4.7973E-04   
1.7098E-03   -1.3165E-03   
4.0140E-03   -1.0820E-04   
5.7722E-04   -1.5239E-03   
2.7679E-03   -9.1358E-04   
3.9506E-03   -2.0930E-04   
9.3268E-04   -1.5255E-03   
1.3400E-03   -1.4351E-03   
1.2144E-03   -1.4724E-03   
3.0926E-03   -7.6768E-04   
2.4355E-03   -1.0570E-03   
3.8142E-03   -3.4273E-04   
3.8659E-03   -2.9802E-04   
2.5507E-03   -1.0102E-03   
2.9866E-03   -8.1594E-04   
3.6919E-03   -4.3354E-04   
3.5460E-03   -5.2654E-04   
1.8324E-03   -1.2761E-03   
1.4637E-03   -1.3955E-03   
3.6343E-04   -1.5323E-03   
1.9546E-03   -1.2347E-03   
2.6603E-03   -9.6224E-04   
2.8775E-03   -8.6439E-04   
3.7561E-03   -3.8788E-04   
3.9112E-03   -2.5359E-04   
2.0763E-03   -1.1920E-03   
3.3790E-03   -6.2188E-04   
1.0808E-03   -1.5040E-03   
1.5870E-03   -1.3563E-03   
3.4651E-03   -5.7395E-04   
3.9847E-03   -1.6349E-04   
7.5291E-04   -1.5210E-03   
3.1928E-03   -7.1910E-04   
2.3173E-03   -1.1030E-03   
1.7102E-04   -1.5713E-03   
3.1555E-04   -1.6413E-03   
2.9068E-04   -1.6818E-03   
2.6132E-04   -1.7093E-03   
2.3018E-04   -1.7258E-03   
2.1144E-04   -1.7370E-03   
2.0160E-04   -1.7451E-03   
1.9621E-04   -1.7514E-03   
4.0397E-03   -4.8498E-05   
1.9339E-04   -1.7570E-03   
1.9230E-04   -1.7624E-03   
4.0412E-03   -6.2287E-05   
1.9254E-04   -1.7680E-03   
4.0496E-03   -5.1400E-05   
1.9389E-04   -1.7744E-03   
4.0603E-03   -4.1953E-05   
1.9621E-04   -1.7817E-03   
4.0737E-03   -3.5264E-05   
1.9936E-04   -1.7902E-03   
4.0909E-03   -3.0717E-05   
2.0316E-04   -1.8002E-03   
4.1128E-03   -2.7787E-05   
2.0815E-04   -1.8118E-03   
4.1403E-03   -2.6254E-05   
2.1414E-04   -1.8253E-03   
4.1738E-03   -2.5856E-05   
2.1984E-04   -1.8408E-03   
4.2138E-03   -2.6320E-05   
2.2516E-04   -1.8586E-03   
4.2611E-03   -2.7428E-05   
2.3082E-04   -1.8785E-03   
4.3159E-03   -2.9188E-05   
2.3754E-04   -1.9007E-03   
4.3780E-03   -3.1470E-05   
2.4552E-04   -1.9256E-03   
4.4479E-03   -3.4102E-05   
2.5441E-04   -1.9533E-03   
4.5267E-03   -3.6465E-05   
2.6367E-04   -1.9839E-03   
4.6118E-03   -3.8349E-05   
2.7287E-04   -2.0173E-03   
4.7008E-03   -4.1841E-05   
2.8042E-04   -2.0536E-03   
4.7987E-03   -4.4988E-05   
2.8595E-04   -2.0918E-03   
4.9054E-03   -4.9531E-05   
3.0342E-04   -2.1314E-03   
5.0241E-03   -5.2282E-05   
3.1897E-04   -2.1766E-03   
5.1521E-03   -5.4118E-05   
3.1878E-04   -2.2262E-03   
5.2891E-03   -5.6785E-05   
3.3310E-04   -2.2754E-03   
5.4417E-03   -5.8645E-05   
3.7964E-04   -2.3310E-03   
5.6059E-03   -5.8539E-05   
3.6550E-04   -2.3983E-03   
5.7567E-03   -5.4323E-05   
3.7184E-04   -2.4614E-03   
5.9183E-03   -6.5119E-05   
3.9045E-04   -2.5276E-03   
6.2198E-03   -3.1628E-05   
2.7659E-03   -8.5022E-04   
2.8831E-03   -7.9732E-04   
2.4377E-03   -1.0052E-03   
2.9944E-03   -7.4760E-04   
2.3194E-03   -1.0542E-03   
1.2138E-03   -1.4596E-03   
1.3387E-03   -1.4179E-03   
1.4630E-03   -1.3759E-03   
1.5865E-03   -1.3333E-03   
1.7095E-03   -1.2898E-03   
1.0863E-03   -1.5009E-03   
1.8323E-03   -1.2451E-03   
2.1988E-03   -1.1033E-03   
3.1019E-03   -6.9835E-04   
1.9548E-03   -1.1990E-03   
2.0771E-03   -1.1517E-03   
9.4849E-04   -1.5394E-03   
3.2042E-03   -6.4850E-04   
3.7779E-03   -3.2665E-04   
3.8362E-03   -2.8494E-04   
3.8872E-03   -2.4443E-04   
3.7129E-03   -3.6937E-04   
8.0069E-04   -1.5668E-03   
3.3016E-03   -5.9916E-04   
3.6418E-03   -4.1302E-04   
3.4821E-03   -5.0363E-04   
3.3943E-03   -5.5084E-04   
3.5647E-03   -4.5779E-04   
6.2924E-04   -1.5652E-03   
4.8292E-04   -1.5699E-03   
3.9316E-03   -2.0423E-04   
3.9707E-03   -1.6335E-04   
4.0045E-03   -1.2150E-04   
3.3653E-04   -1.5974E-03   
4.1979E-04   -1.6779E-03   
3.6216E-04   -1.6958E-03   
3.2785E-04   -1.7093E-03   
3.0896E-04   -1.7197E-03   
2.9842E-04   -1.7277E-03   
2.9262E-04   -1.7344E-03   
4.0313E-03   -7.7285E-05   
2.8986E-04   -1.7405E-03   
2.8932E-04   -1.7466E-03   
4.0144E-03   -8.8710E-05   
2.9057E-04   -1.7531E-03   
4.0249E-03   -7.0046E-05   
2.9337E-04   -1.7604E-03   
4.0364E-03   -5.8131E-05   
2.9750E-04   -1.7687E-03   
4.0511E-03   -5.0026E-05   
3.0249E-04   -1.7783E-03   
4.0705E-03   -4.4738E-05   
3.0953E-04   -1.7891E-03   
4.0955E-03   -4.1407E-05   
3.2122E-04   -1.8010E-03   
4.1262E-03   -4.0122E-05   
3.3018E-04   -1.8158E-03   
4.1627E-03   -4.0417E-05   
3.3541E-04   -1.8333E-03   
4.2069E-03   -4.1630E-05   
3.4260E-04   -1.8524E-03   
4.2594E-03   -4.3667E-05   
3.5048E-04   -1.8737E-03   
4.3181E-03   -4.6897E-05   
3.6108E-04   -1.8970E-03   
4.3844E-03   -5.0905E-05   
3.7528E-04   -1.9229E-03   
4.4614E-03   -5.4720E-05   
3.8979E-04   -1.9521E-03   
4.5493E-03   -5.7489E-05   
4.0377E-04   -1.9845E-03   
4.6333E-03   -5.7400E-05   
4.1553E-04   -2.0203E-03   
4.7147E-03   -6.8243E-05   
4.1938E-04   -2.0593E-03   
4.1140E-04   -2.0962E-03   
4.8132E-04   -2.1869E-03   
5.1821E-03   -8.4085E-05   
5.3604E-04   -2.3562E-03   
5.5845E-04   -2.4714E-03   
5.5001E-03   -9.0496E-05   
6.4250E-03   -3.3897E-05   
3.9075E-03   -1.9984E-04   
3.9507E-03   -1.6257E-04   
3.9901E-03   -1.2463E-04   
2.5525E-03   -9.0965E-04   
2.4499E-03   -9.5262E-04   
1.0864E-03   -1.4871E-03   
9.4775E-04   -1.5325E-03   
1.5916E-03   -1.3074E-03   
1.2166E-03   -1.4428E-03   
1.7151E-03   -1.2599E-03   
1.3433E-03   -1.3984E-03   
2.3306E-03   -1.0046E-03   
3.0135E-03   -6.8628E-04   
1.4680E-03   -1.3535E-03   
3.7379E-03   -3.1265E-04   
3.6661E-03   -3.5395E-04   
1.8385E-03   -1.2110E-03   
1.9620E-03   -1.1608E-03   
3.4158E-03   -4.8633E-04   
3.5048E-03   -4.4060E-04   
3.8035E-03   -2.7243E-04   
8.0253E-04   -1.5774E-03   
3.8598E-03   -2.3562E-04   
2.2085E-03   -1.0571E-03   
3.3216E-03   -5.3404E-04   
2.0856E-03   -1.1094E-03   
3.5884E-03   -3.9655E-04   
3.1198E-03   -6.3434E-04   
3.2228E-03   -5.8352E-04   
5.0264E-04   -1.6571E-03   
4.5073E-04   -1.6740E-03   
4.2174E-04   -1.6866E-03   
4.0460E-04   -1.6964E-03   
3.9467E-04   -1.7044E-03   
3.8940E-04   -1.7115E-03   
3.8744E-04   -1.7182E-03   
3.8803E-04   -1.7251E-03   
4.0181E-03   -9.4173E-05   
3.9808E-03   -1.0385E-04   
3.9074E-04   -1.7325E-03   
3.9895E-03   -8.6225E-05   
3.9538E-04   -1.7407E-03   
4.0022E-03   -7.3182E-05   
4.0142E-04   -1.7500E-03   
4.0186E-03   -6.4757E-05   
4.0881E-04   -1.7605E-03   
4.0403E-03   -5.9588E-05   
4.1954E-04   -1.7715E-03   
4.0700E-03   -5.5994E-05   
4.5010E-04   -1.7812E-03   
4.1021E-03   -5.5965E-05   
4.4493E-04   -1.8019E-03   
4.1412E-03   -5.7385E-05   
4.5371E-04   -1.8204E-03   
4.1926E-03   -5.9403E-05   
4.6247E-04   -1.8415E-03   
4.2498E-03   -6.2230E-05   
4.8939E-04   -1.8873E-03   
5.5527E-04   -2.0677E-03   
4.3810E-03   -7.3990E-05   
5.1402E-04   -1.9135E-03   
5.3270E-04   -1.9452E-03   
5.6550E-04   -2.0203E-03   
4.8238E-03   -6.7292E-05   
5.0645E-03   -7.7275E-05   
5.2069E-03   -1.1835E-04   
4.4708E-03   -7.8947E-05   
7.3927E-04   -2.4120E-03   
5.3697E-03   -1.2252E-04   
5.6023E-04   -2.3080E-03   
4.6742E-03   -9.6247E-05   
6.6597E-04   -2.1419E-03   
3.9687E-03   -1.2830E-04   
3.9228E-03   -1.6491E-04   
3.8811E-03   -1.9786E-04   
2.8275E-03   -7.2748E-04   
2.7859E-03   -7.8566E-04   
2.9251E-03   -6.7923E-04   
2.3555E-03   -9.5422E-04   
3.7667E-03   -2.6223E-04   
1.0980E-03   -1.4696E-03   
3.8328E-03   -2.2391E-04   
9.5694E-04   -1.5180E-03   
8.0906E-04   -1.5667E-03   
1.2295E-03   -1.4227E-03   
1.6027E-03   -1.2789E-03   
1.4788E-03   -1.3286E-03   
2.2277E-03   -1.0098E-03   
1.3555E-03   -1.3761E-03   
1.7270E-03   -1.2275E-03   
3.0349E-03   -6.2687E-04   
3.4425E-03   -4.2830E-04   
3.6941E-03   -3.0181E-04   
1.8516E-03   -1.1747E-03   
3.5322E-03   -3.8431E-04   
3.6160E-03   -3.4229E-04   
3.3475E-03   -4.7472E-04   
1.9767E-03   -1.1205E-03   
2.1022E-03   -1.0655E-03   
3.2474E-03   -5.2352E-04   
3.1429E-03   -5.7448E-04   
5.6609E-04   -1.6324E-03   
5.7222E-04   -1.6358E-03   
5.3774E-04   -1.6485E-03   
5.1450E-04   -1.6592E-03   
4.9985E-04   -1.6682E-03   
4.9137E-04   -1.6761E-03   
4.8741E-04   -1.6834E-03   
4.8680E-04   -1.6907E-03   
4.8893E-04   -1.6983E-03   
3.9295E-03   -1.2328E-04   
4.9362E-04   -1.7065E-03   
3.9454E-03   -1.0101E-04   
5.0056E-04   -1.7156E-03   
5.0832E-04   -1.7260E-03   
3.9593E-03   -8.8411E-05   
3.9763E-03   -8.0852E-05   
5.1370E-04   -1.7386E-03   
3.9983E-03   -7.7458E-05   
5.4131E-04   -1.7702E-03   
4.0580E-03   -7.6852E-05   
5.6279E-04   -1.7826E-03   
4.1740E-03   -8.0099E-05   
4.1141E-03   -7.7630E-05   
5.8067E-04   -1.8025E-03   
6.4221E-04   -1.8649E-03   
4.6989E-04   -1.8647E-03   
6.6267E-04   -1.8989E-03   
6.8728E-04   -1.9326E-03   
6.9127E-04   -2.3160E-03   
6.8144E-04   -2.2636E-03   
7.1414E-04   -1.9701E-03   
4.3720E-03   -1.0181E-04   
4.7800E-03   -9.0745E-05   
4.5763E-03   -1.1701E-04   
5.0400E-03   -1.1090E-04   
4.4701E-03   -1.0797E-04   
4.3095E-03   -6.7981E-05   
7.4808E-04   -2.0154E-03   
6.3645E-04   -2.2096E-03   
7.0127E-04   -2.0801E-03   
5.5391E-03   -1.2570E-04   
7.0602E-04   -2.4753E-03   
6.6922E-04   -2.3666E-03   
5.2321E-03   -1.5546E-04   
2.7035E-03   -7.6335E-04   
3.9376E-03   -1.3715E-04   
3.7970E-03   -2.1765E-04   
1.1246E-03   -1.4474E-03   
3.7231E-03   -2.5642E-04   
9.8793E-04   -1.4970E-03   
7.1040E-04   -1.5935E-03   
2.2565E-03   -9.6025E-04   
1.4953E-03   -1.3013E-03   
1.3723E-03   -1.3523E-03   
1.2514E-03   -1.4002E-03   
2.9490E-03   -6.2893E-04   
1.6201E-03   -1.2481E-03   
3.4738E-03   -3.7638E-04   
1.7456E-03   -1.1930E-03   
3.5630E-03   -3.3447E-04   
3.6458E-03   -2.9473E-04   
3.3784E-03   -4.2112E-04   
1.8720E-03   -1.1365E-03   
2.1268E-03   -1.0201E-03   
3.0620E-03   -5.7252E-04   
3.2775E-03   -4.6877E-04   
1.9992E-03   -1.0787E-03   
3.1717E-03   -5.1936E-04   
6.9330E-04   -1.5962E-03   
6.5735E-04   -1.6066E-03   
2.5389E-03   -8.3557E-04   
6.2888E-04   -1.6174E-03   
2.3923E-03   -8.9853E-04   
6.0854E-04   -1.6271E-03   
5.9604E-04   -1.6356E-03   
5.8946E-04   -1.6433E-03   
5.8723E-04   -1.6508E-03   
5.8851E-04   -1.6585E-03   
5.9289E-04   -1.6666E-03   
6.6833E-04   -1.7366E-03   
3.8848E-03   -1.3157E-04   
6.0018E-04   -1.6755E-03   
6.0991E-04   -1.6855E-03   
3.8957E-03   -1.1570E-04   
6.2006E-04   -1.6978E-03   
3.9077E-03   -1.0542E-04   
3.9225E-03   -1.0010E-04   
5.1568E-04   -1.7512E-03   
4.0262E-03   -9.8852E-05   
6.9654E-04   -1.7558E-03   
6.9340E-04   -1.8208E-03   
4.7175E-03   -1.2557E-04   
4.4543E-03   -1.4169E-04   
4.1598E-03   -1.0622E-04   
8.2031E-04   -1.8787E-03   
4.0841E-03   -1.0156E-04   
8.5771E-04   -1.9117E-03   
5.8470E-04   -1.8283E-03   
8.3332E-04   -2.3334E-03   
8.8736E-04   -1.9497E-03   
4.8758E-03   -1.2233E-04   
8.5832E-04   -2.0901E-03   
8.3027E-04   -2.1518E-03   
4.2765E-03   -9.6086E-05   
8.5529E-04   -2.2658E-03   
7.9107E-04   -1.8479E-03   
4.3573E-03   -1.3354E-04   
5.3988E-03   -1.5945E-04   
5.0760E-03   -1.4925E-04   
3.8165E-03   -1.8413E-04   
3.7480E-03   -2.1931E-04   
3.8763E-03   -1.7197E-04   
9.0261E-04   -1.5207E-03   
1.1650E-03   -1.4226E-03   
2.8570E-03   -6.3634E-04   
1.3926E-03   -1.3268E-03   
3.6738E-03   -2.5491E-04   
1.2694E-03   -1.3791E-03   
1.5176E-03   -1.2721E-03   
6.1626E-04   -1.6266E-03   
1.6438E-03   -1.2153E-03   
2.1601E-03   -9.7331E-04   
3.4135E-03   -3.7299E-04   
3.5937E-03   -2.9198E-04   
3.5071E-03   -3.3108E-04   
2.9784E-03   -5.7689E-04   
1.7713E-03   -1.1567E-03   
3.3124E-03   -4.1903E-04   
1.8997E-03   -1.0967E-03   
2.0294E-03   -1.0356E-03   
3.0944E-03   -5.2105E-04   
3.2058E-03   -4.6852E-04   
2.2963E-03   -9.0887E-04   
7.8475E-04   -1.5616E-03   
7.5068E-04   -1.5715E-03   
7.2146E-04   -1.5825E-03   
8.3145E-04   -1.5512E-03   
7.0367E-04   -1.5914E-03   
2.4383E-03   -8.4241E-04   
2.5857E-03   -7.7318E-04   
6.9379E-04   -1.5991E-03   
3.8679E-03   -1.5303E-04   
2.7273E-03   -7.0305E-04   
6.8956E-04   -1.6064E-03   
6.8973E-04   -1.6139E-03   
7.0083E-04   -1.6303E-03   
3.8318E-03   -1.4543E-04   
7.1235E-04   -1.6394E-03   
7.2991E-04   -1.6490E-03   
3.8355E-03   -1.3391E-04   
3.8463E-03   -1.2559E-04   
7.1059E-04   -1.6998E-03   
7.3143E-04   -1.7781E-03   
3.9813E-03   -1.2533E-04   
4.2684E-03   -1.2664E-04   
9.8703E-04   -1.8488E-03   
6.1497E-04   -1.7169E-03   
4.5582E-03   -1.5223E-04   
8.0331E-04   -1.7059E-03   
4.3298E-03   -1.6918E-04   
7.7695E-04   -1.8211E-03   
1.0150E-03   -2.0986E-03   
9.3937E-04   -1.8218E-03   
9.2751E-04   -1.9790E-03   
4.1943E-03   -1.2345E-04   
4.9462E-03   -1.4473E-04   
4.0401E-03   -1.3112E-04   
8.9386E-04   -2.0285E-03   
8.3360E-04   -2.2087E-03   
5.0873E-03   -1.8923E-04   
5.5532E-03   -1.6024E-04   
8.7286E-04   -2.4492E-03   
1.0669E-03   -2.2693E-03   
4.8236E-03   -1.0475E-04   
3.6969E-03   -2.2347E-04   
1.1538E-03   -1.4150E-03   
2.2018E-03   -9.2551E-04   
1.2930E-03   -1.3554E-03   
1.4196E-03   -1.2990E-03   
3.6213E-03   -2.5791E-04   
1.5461E-03   -1.2409E-03   
2.8928E-03   -5.8760E-04   
3.4518E-03   -3.3070E-04   
3.5413E-03   -2.9299E-04   
1.6743E-03   -1.1807E-03   
3.3518E-03   -3.7423E-04   
2.0668E-03   -9.9135E-04   
1.8039E-03   -1.1188E-03   
3.0152E-03   -5.2872E-04   
1.9348E-03   -1.0556E-03   
3.2449E-03   -4.2204E-04   
3.1324E-03   -4.7369E-04   
8.9192E-04   -1.5182E-03   
8.3740E-04   -1.5360E-03   
3.8261E-03   -1.6117E-04   
8.1433E-04   -1.5447E-03   
2.6276E-03   -7.1840E-04   
2.3422E-03   -8.5744E-04   
2.7637E-03   -6.5102E-04   
8.0111E-04   -1.5518E-03   
7.9417E-04   -1.5586E-03   
2.4854E-03   -7.8805E-04   
7.9281E-04   -1.5655E-03   
7.9602E-04   -1.5728E-03   
8.0301E-04   -1.5807E-03   
3.8607E-03   -1.2210E-04   
8.1491E-04   -1.5889E-03   
7.5413E-04   -1.6615E-03   
8.3432E-04   -1.5965E-03   
3.7560E-03   -1.6909E-04   
4.1607E-03   -1.5191E-04   
3.7652E-03   -1.5586E-04   
8.3761E-04   -1.7218E-03   
8.5318E-04   -1.7731E-03   
3.9307E-03   -1.2250E-04   
7.8969E-04   -1.6885E-03   
4.0980E-03   -1.4162E-04   
1.0779E-03   -1.7926E-03   
1.0858E-03   -1.9647E-03   
9.0489E-04   -1.7946E-03   
1.0288E-03   -1.9334E-03   
3.9239E-03   -1.5792E-04   
4.7947E-03   -1.6487E-04   
1.2102E-03   -2.0382E-03   
4.9400E-03   -1.8025E-04   
9.7472E-04   -2.1557E-03   
5.0909E-03   -2.3339E-04   
1.0926E-03   -2.4094E-03   
5.4461E-03   -2.0151E-04   
5.7058E-03   -1.3567E-04   
1.2174E-03   -2.3140E-03   
4.6457E-03   -1.6838E-04   
3.7188E-03   -1.9740E-04   
1.0324E-03   -1.4700E-03   
1.2066E-03   -1.3822E-03   
1.3281E-03   -1.3273E-03   
2.1109E-03   -9.4667E-04   
1.4532E-03   -1.2690E-03   
3.5736E-03   -2.6380E-04   
3.4968E-03   -2.9238E-04   
1.5811E-03   -1.2080E-03   
9.3861E-04   -1.4953E-03   
3.3971E-03   -3.3327E-04   
2.9349E-03   -5.4146E-04   
1.7114E-03   -1.1447E-03   
1.9762E-03   -1.0138E-03   
3.2892E-03   -3.7954E-04   
1.8434E-03   -1.0798E-03   
3.0579E-03   -4.8363E-04   
3.1759E-03   -4.2970E-04   
9.2515E-04   -1.4977E-03   
2.2499E-03   -8.7761E-04   
2.6727E-03   -6.6863E-04   
2.8063E-03   -6.0330E-04   
9.1235E-04   -1.5019E-03   
2.5334E-03   -7.3726E-04   
9.0117E-04   -1.5083E-03   
8.9780E-04   -1.5143E-03   
2.3916E-03   -8.0739E-04   
3.7805E-03   -1.7173E-04   
9.1813E-04   -1.5349E-03   
9.0011E-04   -1.5205E-03   
3.7753E-03   -1.4963E-04   
9.0699E-04   -1.5273E-03   
3.9325E-03   -1.0076E-04   
8.6116E-04   -1.6430E-03   
8.6177E-04   -1.6038E-03   
9.0872E-04   -1.6522E-03   
9.3630E-04   -1.5418E-03   
3.6806E-03   -1.9031E-04   
3.9806E-03   -1.6679E-04   
3.8719E-03   -1.5260E-04   
9.2318E-04   -1.6728E-03   
1.0573E-03   -1.7622E-03   
1.1906E-03   -1.8897E-03   
4.9392E-03   -2.2413E-04   
4.0418E-03   -1.7785E-04   
1.0142E-03   -1.7362E-03   
4.5198E-03   -1.9202E-04   
1.2478E-03   -1.9684E-03   
4.6313E-03   -2.1108E-04   
1.1740E-03   -2.1159E-03   
8.7800E-04   -1.7344E-03   
5.2573E-03   -2.4159E-04   
4.2390E-03   -1.6047E-04   
5.8837E-03   -1.0841E-04   
1.3340E-03   -2.2189E-03   
1.0243E-03   -1.4568E-03   
3.6405E-03   -2.3203E-04   
1.2459E-03   -1.3553E-03   
1.3680E-03   -1.2978E-03   
1.4938E-03   -1.2371E-03   
2.0234E-03   -9.7167E-04   
3.5636E-03   -2.5056E-04   
1.1057E-03   -1.4257E-03   
3.4499E-03   -2.9458E-04   
2.1611E-03   -9.0189E-04   
1.6234E-03   -1.1732E-03   
3.3384E-03   -3.4066E-04   
1.7558E-03   -1.1070E-03   
1.8893E-03   -1.0397E-03   
2.9823E-03   -4.9810E-04   
3.2245E-03   -3.8908E-04   
3.1057E-03   -4.4142E-04   
1.0372E-03   -1.4461E-03   
2.5844E-03   -6.8986E-04   
2.8541E-03   -5.5870E-04   
2.7213E-03   -6.2272E-04   
3.8887E-03   -1.2063E-04   
1.0106E-03   -1.4566E-03   
2.3018E-03   -8.3085E-04   
1.0049E-03   -1.4612E-03   
2.4436E-03   -7.5974E-04   
3.6873E-03   -1.8139E-04   
1.0227E-03   -1.4778E-03   
1.0060E-03   -1.4658E-03   
1.0390E-03   -1.4844E-03   
1.0121E-03   -1.4713E-03   
1.0733E-03   -1.6029E-03   
3.6621E-03   -2.0832E-04   
3.7867E-03   -1.4861E-04   
9.6173E-04   -1.5482E-03   
4.0438E-03   -7.0180E-05   
1.1273E-03   -1.6666E-03   
3.8274E-03   -1.5044E-04   
4.1971E-03   -1.9967E-04   
4.1124E-03   -1.8891E-04   
3.9135E-03   -2.0689E-04   
3.8557E-03   -1.9621E-04   
4.4527E-03   -2.3624E-04   
3.8033E-03   -1.8834E-04   
9.7321E-04   -1.7181E-03   
1.2385E-03   -1.7259E-03   
8.9058E-04   -1.6101E-03   
1.0049E-03   -1.5952E-03   
1.2832E-03   -1.8143E-03   
4.6708E-03   -2.4969E-04   
1.2805E-03   -1.9087E-03   
9.9664E-04   -1.6758E-03   
5.0906E-03   -2.8133E-04   
1.2339E-03   -2.1754E-03   
6.1064E-03   -5.6991E-05   
1.4069E-03   -1.9682E-03   
5.8701E-03   -1.4934E-04   
4.9350E-03   -2.7180E-04   
4.4268E-03   -1.7814E-04   
1.3791E-03   -2.0357E-03   
1.1297E-03   -1.4088E-03   
1.2931E-03   -1.3256E-03   
1.4148E-03   -1.2665E-03   
2.0759E-03   -9.2970E-04   
3.5068E-03   -2.5744E-04   
1.5408E-03   -1.2035E-03   
1.9405E-03   -9.9942E-04   
3.3894E-03   -3.0602E-04   
1.6730E-03   -1.1365E-03   
1.8067E-03   -1.0682E-03   
3.2782E-03   -3.5187E-04   
2.6384E-03   -6.4585E-04   
3.0337E-03   -4.5790E-04   
3.1593E-03   -4.0201E-04   
2.9048E-03   -5.1785E-04   
1.1106E-03   -1.4098E-03   
2.7735E-03   -5.8029E-04   
3.6034E-03   -2.2323E-04   
2.2153E-03   -8.5816E-04   
2.4986E-03   -7.1488E-04   
1.1138E-03   -1.4074E-03   
2.3568E-03   -7.8611E-04   
1.1144E-03   -1.4094E-03   
1.1439E-03   -1.4242E-03   
1.1288E-03   -1.4183E-03   
3.5989E-03   -2.1659E-04   
1.1191E-03   -1.4133E-03   
3.6942E-03   -1.7813E-04   
3.9793E-03   -1.0030E-04   
1.0588E-03   -1.4921E-03   
3.7577E-03   -1.8356E-04   
3.7791E-03   -2.3974E-04   
9.6998E-04   -1.5878E-03   
3.7870E-03   -1.5477E-04   
3.7257E-03   -2.2981E-04   
3.8369E-03   -2.5282E-04   
1.2718E-03   -1.6365E-03   
4.2962E-03   -2.0869E-04   
4.0539E-03   -2.3271E-04   
1.0029E-03   -1.5523E-03   
4.2770E-03   -2.5647E-04   
1.4194E-03   -1.8277E-03   
1.1722E-03   -1.7993E-03   
1.3483E-03   -1.6452E-03   
1.1765E-03   -1.6037E-03   
4.9266E-03   -3.2336E-04   
5.2521E-03   -2.9066E-04   
1.4639E-03   -1.8865E-03   
1.3910E-03   -2.0954E-03   
6.0205E-03   -1.2417E-04   
1.5371E-03   -1.9702E-03   
1.1727E-03   -1.3832E-03   
1.3502E-03   -1.2931E-03   
1.9955E-03   -9.5991E-04   
1.4606E-03   -1.2368E-03   
3.4275E-03   -2.8256E-04   
2.1323E-03   -8.8877E-04   
1.5930E-03   -1.1689E-03   
1.8614E-03   -1.0297E-03   
3.3336E-03   -3.1962E-04   
2.6952E-03   -6.0550E-04   
1.7271E-03   -1.0995E-03   
2.5570E-03   -6.7300E-04   
1.2307E-03   -1.3507E-03   
3.2223E-03   -3.6544E-04   
2.9563E-03   -4.8205E-04   
2.8276E-03   -5.4217E-04   
1.2296E-03   -1.3500E-03   
2.4152E-03   -7.4380E-04   
2.2729E-03   -8.1624E-04   
3.6005E-03   -2.1149E-04   
3.7218E-03   -1.8159E-04   
1.2506E-03   -1.3618E-03   
1.2291E-03   -1.3536E-03   
1.0866E-03   -1.5386E-03   
1.2368E-03   -1.3573E-03   
3.7023E-03   -1.7981E-04   
1.1623E-03   -1.4317E-03   
1.4236E-03   -1.5767E-03   
3.6403E-03   -2.7685E-04   
1.0749E-03   -1.5020E-03   
3.6932E-03   -2.8930E-04   
3.6777E-03   -2.2297E-04   
3.9025E-03   -2.6855E-04   
1.2996E-03   -1.5892E-03   
1.7339E-03   -1.9236E-03   
1.4563E-03   -1.6507E-03   
4.3623E-03   -2.8722E-04   
4.1497E-03   -2.4533E-04   
5.2471E-03   -3.4075E-04   
1.2346E-03   -1.5483E-03   
1.5628E-03   -2.0161E-03   
4.7722E-03   -3.1271E-04   
5.4190E-03   -2.5276E-04   
1.6012E-03   -1.8005E-03   
1.3992E-03   -1.7252E-03   
1.4720E-03   -1.7549E-03   
4.9137E-03   -3.7944E-04   
3.5067E-03   -2.4842E-04   
2.0536E-03   -9.2187E-04   
1.9192E-03   -9.9241E-04   
1.3654E-03   -1.2812E-03   
3.1834E-03   -3.7655E-04   
3.6120E-03   -2.1527E-04   
1.5134E-03   -1.2051E-03   
2.6188E-03   -6.3438E-04   
3.3979E-03   -2.8839E-04   
2.7545E-03   -5.6910E-04   
3.2815E-03   -3.3560E-04   
1.6491E-03   -1.1341E-03   
2.4775E-03   -7.0413E-04   
2.1920E-03   -8.4966E-04   
2.3341E-03   -7.7651E-04   
1.3436E-03   -1.2924E-03   
2.9949E-03   -4.5846E-04   
2.8835E-03   -5.0883E-04   
1.3585E-03   -1.2985E-03   
1.3463E-03   -1.2957E-03   
1.1762E-03   -1.4451E-03   
1.2690E-03   -1.3680E-03   
3.6036E-03   -2.1148E-04   
1.3616E-03   -1.4811E-03   
3.6361E-03   -2.1904E-04   
3.5479E-03   -3.2953E-04   
1.3414E-03   -1.5306E-03   
3.5908E-03   -2.6803E-04   
3.7494E-03   -3.0567E-04   
4.6134E-03   -3.0059E-04   
3.9843E-03   -2.8466E-04   
1.5378E-03   -1.5758E-03   
1.1702E-03   -1.4753E-03   
1.1269E-03   -1.5466E-03   
4.5280E-03   -2.6608E-04   
4.1970E-03   -3.1820E-04   
1.5704E-03   -1.6462E-03   
1.7603E-03   -1.9877E-03   
1.8166E-03   -1.8311E-03   
1.4743E-03   -1.5105E-03   
4.7883E-03   -2.6105E-04   
5.0822E-03   -3.8448E-04   
5.4114E-03   -2.9966E-04   
5.5696E-03   -2.2373E-04   
1.6067E-03   -1.6788E-03   
1.7835E-03   -1.7394E-03   
3.2241E-03   -3.5721E-04   
1.8436E-03   -1.0289E-03   
1.9759E-03   -9.5877E-04   
3.5017E-03   -2.5092E-04   
2.9514E-03   -4.7524E-04   
2.8196E-03   -5.3530E-04   
3.3204E-03   -3.1819E-04   
2.1129E-03   -8.8674E-04   
2.6844E-03   -5.9901E-04   
2.5439E-03   -6.6722E-04   
1.7123E-03   -1.0985E-03   
2.3996E-03   -7.3919E-04   
2.2550E-03   -8.1297E-04   
1.4486E-03   -1.2375E-03   
1.4556E-03   -1.2354E-03   
1.4658E-03   -1.2360E-03   
1.3768E-03   -1.3027E-03   
1.2864E-03   -1.3789E-03   
1.5708E-03   -1.1731E-03   
3.5027E-03   -2.4724E-04   
3.4520E-03   -3.1146E-04   
3.0914E-03   -4.1339E-04   
3.4975E-03   -3.1885E-04   
1.3539E-03   -1.4501E-03   
1.2433E-03   -1.4759E-03   
1.7352E-03   -1.5951E-03   
3.6002E-03   -3.4387E-04   
1.2982E-03   -1.3973E-03   
3.4953E-03   -2.6373E-04   
1.6297E-03   -1.4904E-03   
3.8081E-03   -3.2787E-04   
1.5233E-03   -1.4377E-03   
4.2899E-03   -3.3536E-04   
4.4854E-03   -3.5030E-04   
4.0887E-03   -3.0001E-04   
5.7303E-03   -2.2291E-04   
1.8885E-03   -1.6531E-03   
1.8055E-03   -1.6242E-03   
1.9612E-03   -1.8363E-03   
4.9174E-03   -4.3573E-04   
1.8133E-03   -2.0504E-03   
5.2353E-03   -3.9168E-04   
5.5800E-03   -2.6250E-04   
3.2934E-03   -3.3028E-04   
1.8970E-03   -1.0008E-03   
1.7679E-03   -1.0694E-03   
2.8917E-03   -5.0310E-04   
3.4008E-03   -2.8675E-04   
2.7554E-03   -5.6614E-04   
2.0335E-03   -9.2863E-04   
2.6156E-03   -6.3284E-04   
2.1765E-03   -8.5387E-04   
2.4705E-03   -7.0413E-04   
1.5703E-03   -1.1763E-03   
2.3228E-03   -7.7855E-04   
1.4848E-03   -1.2369E-03   
3.1667E-03   -3.8271E-04   
3.3511E-03   -3.6637E-04   
1.6607E-03   -1.1265E-03   
1.4150E-03   -1.3249E-03   
1.5086E-03   -1.2406E-03   
1.4294E-03   -1.3839E-03   
3.0290E-03   -4.4167E-04   
3.4022E-03   -3.7366E-04   
4.3095E-03   -3.8057E-04   
3.3863E-03   -2.9759E-04   
3.4535E-03   -3.8502E-04   
1.5072E-03   -1.3919E-03   
3.6479E-03   -3.6414E-04   
3.8986E-03   -3.4727E-04   
3.4087E-03   -3.0888E-04   
2.0117E-03   -1.5627E-03   
1.6538E-03   -1.4258E-03   
1.8348E-03   -1.4236E-03   
4.4323E-03   -3.1896E-04   
5.7855E-03   -2.7196E-04   
1.9350E-03   -1.5300E-03   
4.0199E-03   -3.6234E-04   
4.4470E-03   -4.0144E-04   
4.7507E-03   -5.0114E-04   
2.0067E-03   -1.6734E-03   
2.0431E-03   -1.7392E-03   
4.6981E-03   -4.3937E-04   
5.8537E-03   -1.8622E-04   
5.4100E-03   -3.4792E-04   
1.5697E-03   -2.1491E-03   
1.6445E-03   -1.5812E-03   
1.8126E-03   -1.0499E-03   
1.6854E-03   -1.1168E-03   
2.8323E-03   -5.3565E-04   
3.2532E-03   -3.5302E-04   
2.6927E-03   -6.0118E-04   
2.0957E-03   -9.0076E-04   
1.5891E-03   -1.1738E-03   
2.5470E-03   -6.7167E-04   
1.5326E-03   -1.2502E-03   
2.2452E-03   -8.2326E-04   
1.4279E-03   -1.3470E-03   
2.3965E-03   -7.4640E-04   
2.9705E-03   -4.7299E-04   
1.6177E-03   -1.1713E-03   
3.2475E-03   -4.2672E-04   
3.3651E-03   -3.1425E-04   
3.1068E-03   -4.1346E-04   
3.3076E-03   -3.6082E-04   
3.3222E-03   -4.2376E-04   
3.5072E-03   -3.9923E-04   
2.1546E-03   -1.4651E-03   
1.7186E-03   -1.3531E-03   
1.9035E-03   -1.4426E-03   
1.7732E-03   -1.4068E-03   
4.1006E-03   -4.3919E-04   
5.3822E-03   -3.9616E-04   
2.0900E-03   -1.8508E-03   
1.6026E-03   -1.3115E-03   
1.8354E-03   -1.5129E-03   
3.9599E-03   -4.2782E-04   
4.5887E-03   -4.0633E-04   
5.9181E-03   -2.1533E-04   
5.6183E-03   -3.5561E-04   
4.8079E-03   -5.5177E-04   
2.2820E-03   -1.6653E-03   
1.7708E-03   -2.1457E-03   
3.8225E-03   -4.1734E-04   
1.4221E-03   -2.1437E-03   
2.7748E-03   -5.7234E-04   
3.2763E-03   -3.5630E-04   
2.9142E-03   -5.0790E-04   
2.6300E-03   -6.4140E-04   
2.1655E-03   -8.7405E-04   
1.7198E-03   -1.1069E-03   
1.3124E-03   -1.4161E-03   
1.5506E-03   -1.2691E-03   
3.0519E-03   -4.4647E-04   
1.6537E-03   -1.1718E-03   
3.1976E-03   -4.2046E-04   
1.9502E-03   -9.7727E-04   
2.3217E-03   -7.9407E-04   
2.0641E-03   -1.4227E-03   
1.9309E-03   -1.3438E-03   
3.3481E-03   -4.4476E-04   
1.8277E-03   -1.3450E-03   
1.5636E-03   -1.2955E-03   
1.6606E-03   -1.3152E-03   
1.6390E-03   -1.3553E-03   
2.0463E-03   -1.3513E-03   
2.2118E-03   -1.5139E-03   
4.2475E-03   -4.5455E-04   
5.1990E-03   -4.5420E-04   
3.8972E-03   -4.9749E-04   
3.0616E-03   -4.9420E-04   
3.6244E-03   -4.8356E-04   
4.4233E-03   -4.7227E-04   
2.3151E-03   -1.7766E-03   
1.9032E-03   -1.9089E-03   
3.7625E-03   -4.8759E-04   
4.7526E-03   -3.6873E-04   
2.4032E-03   -1.6845E-03   
2.1834E-03   -1.6462E-03   
5.0200E-03   -5.3337E-04   
4.5889E-03   -5.7642E-04   
2.8608E-03   -5.4567E-04   
2.7238E-03   -6.1081E-04   
3.1529E-03   -4.1620E-04   
1.6830E-03   -1.1841E-03   
3.1678E-03   -3.9588E-04   
2.9986E-03   -4.8296E-04   
2.5728E-03   -6.8470E-04   
1.7657E-03   -1.0972E-03   
2.2456E-03   -8.4749E-04   
2.4084E-03   -7.6564E-04   
2.1134E-03   -1.2653E-03   
2.0041E-03   -1.2662E-03   
1.8618E-03   -1.0330E-03   
1.6886E-03   -1.2458E-03   
1.6910E-03   -1.2135E-03   
1.7706E-03   -1.2360E-03   
2.0116E-03   -9.5441E-04   
3.4318E-03   -4.5898E-04   
2.9500E-03   -5.6884E-04   
3.5696E-03   -5.5219E-04   
1.7941E-03   -1.2735E-03   
3.4589E-03   -5.0389E-04   
2.3712E-03   -1.5744E-03   
4.0317E-03   -5.1219E-04   
2.3835E-03   -1.4098E-03   
1.8673E-03   -1.7613E-03   
2.5445E-03   -1.6950E-03   
3.2125E-03   -5.2007E-04   
3.6965E-03   -5.5952E-04   
2.2612E-03   -1.3029E-03   
2.5018E-03   -1.5923E-03   
2.2078E-03   -1.8747E-03   
4.6584E-03   -6.2539E-04   
5.2517E-03   -5.1582E-04   
2.8193E-03   -5.7948E-04   
2.9464E-03   -5.2237E-04   
2.0861E-03   -9.2995E-04   
1.8173E-03   -1.1716E-03   
2.3356E-03   -8.2191E-04   
1.9807E-03   -1.1895E-03   
1.8331E-03   -1.0860E-03   
3.0088E-03   -5.8334E-04   
1.9256E-03   -1.0143E-03   
1.8538E-03   -1.1132E-03   
3.5622E-03   -4.0792E-04   
2.5100E-03   -7.3714E-04   
3.0708E-03   -4.6590E-04   
2.0807E-03   -1.1855E-03   
3.5020E-03   -6.2523E-04   
2.1884E-03   -1.1832E-03   
3.4632E-03   -5.4905E-04   
1.6893E-03   -1.8208E-03   
2.7322E-03   -1.6925E-03   
3.8232E-03   -5.7240E-04   
1.9748E-03   -1.9423E-03   
2.5178E-03   -1.2287E-03   
2.4437E-03   -1.4733E-03   
3.2630E-03   -5.5064E-04   
4.1699E-03   -5.3170E-04   
2.3382E-03   -1.9023E-03   
2.5594E-03   -1.2985E-03   
2.6068E-03   -1.4926E-03   
2.4658E-03   -1.7921E-03   
4.4296E-03   -6.5733E-04   
2.2237E-03   -1.2609E-03   
5.4977E-03   -4.9216E-04   
2.1721E-03   -9.0454E-04   
2.1613E-03   -1.1012E-03   
2.7004E-03   -6.4482E-04   
2.0125E-03   -9.8805E-04   
2.8124E-03   -6.5091E-04   
2.3000E-03   -1.1848E-03   
1.9071E-03   -1.1901E-03   
3.7430E-03   -6.5160E-04   
2.4290E-03   -8.0095E-04   
2.2664E-03   -1.0985E-03   
1.9654E-03   -1.0343E-03   
3.0599E-03   -6.0963E-04   
3.6208E-03   -6.3667E-04   
2.8780E-03   -5.7125E-04   
1.9362E-03   -1.1401E-03   
3.3023E-03   -5.8872E-04   
2.0660E-03   -1.5966E-03   
2.4032E-03   -1.1994E-03   
2.6152E-03   -1.3541E-03   
2.7132E-03   -1.3894E-03   
2.7618E-03   -1.5192E-03   
2.9820E-03   -1.5853E-03   
4.5070E-03   -7.1626E-04   
2.1861E-03   -2.0102E-03   
4.0778E-03   -6.1197E-04   
5.6677E-03   -4.1883E-04   
2.2611E-03   -8.8285E-04   
2.1034E-03   -9.6248E-04   
2.6254E-03   -7.1275E-04   
2.3465E-03   -1.0133E-03   
2.8573E-03   -6.7557E-04   
3.3607E-03   -6.2555E-04   
3.1093E-03   -6.4151E-04   
2.3808E-03   -1.0971E-03   
3.5437E-03   -7.1743E-04   
3.4253E-03   -7.0347E-04   
4.2137E-03   -6.8157E-04   
3.8689E-03   -6.7147E-04   
2.9495E-03   -1.3082E-03   
2.7845E-03   -1.2502E-03   
2.0543E-03   -1.1125E-03   
4.2921E-03   -5.6147E-04   
4.8569E-03   -5.9429E-04   
4.2700E-03   -8.2479E-04   
2.9951E-03   -1.5029E-03   
2.9873E-03   -1.6693E-03   
3.0293E-03   -1.4167E-03   
2.6268E-03   -1.1160E-03   
2.4508E-03   -1.9436E-03   
5.7309E-03   -4.6957E-04   
2.1860E-03   -9.4747E-04   
2.7929E-03   -6.2846E-04   
2.0972E-03   -1.0492E-03   
2.5005E-03   -7.9439E-04   
3.3236E-03   -8.0186E-04   
2.6448E-03   -7.5129E-04   
2.3481E-03   -8.6848E-04   
2.9065E-03   -7.0615E-04   
2.4586E-03   -1.0086E-03   
3.1894E-03   -7.1862E-04   
2.5872E-03   -1.0055E-03   
3.2293E-03   -7.6289E-04   
4.3728E-03   -6.0434E-04   
3.6671E-03   -7.3218E-04   
4.0066E-03   -6.9710E-04   
5.0247E-03   -6.0449E-04   
2.7424E-03   -1.1923E-03   
4.1928E-03   -6.3058E-04   
2.7339E-03   -1.1331E-03   
4.0427E-03   -7.6127E-04   
2.2495E-03   -1.0086E-03   
2.7477E-03   -1.0019E-03   
3.1069E-03   -1.3214E-03   
4.0508E-03   -8.3054E-04   
4.5094E-03   -7.8323E-04   
2.8170E-03   -1.3015E-03   
3.1995E-03   -1.4149E-03   
3.1724E-03   -1.5661E-03   
2.2761E-03   -2.0448E-03   
2.2641E-03   -9.4652E-04   
2.6604E-03   -9.1425E-04   
2.4548E-03   -8.4717E-04   
2.7105E-03   -7.7143E-04   
2.9101E-03   -1.0952E-03   
2.5306E-03   -9.2509E-04   
3.0913E-03   -8.5868E-04   
3.4960E-03   -7.8685E-04   
3.3913E-03   -1.5070E-03   
3.8611E-03   -8.4094E-04   
2.0309E-03   -1.0243E-03   
2.8769E-03   -1.0318E-03   
3.7827E-03   -7.5422E-04   
2.9691E-03   -7.3405E-04   
3.0165E-03   -8.1780E-04   
3.1979E-03   -1.2228E-03   
2.2161E-03   -2.1278E-03   
3.2749E-03   -1.3313E-03   
4.0341E-03   -8.9768E-04   
4.6672E-03   -7.2615E-04   
3.1609E-03   -6.7519E-04   
1.9725E-03   -1.0841E-03   
2.4206E-03   -9.4164E-04   
2.7972E-03   -9.1066E-04   
2.5618E-03   -8.6287E-04   
3.5790E-03   -8.1578E-04   
2.8689E-03   -8.2352E-04   
2.9504E-03   -9.4426E-04   
2.5569E-03   -8.2648E-04   
3.8743E-03   -9.8414E-04   
2.4162E-03   -9.0477E-04   
4.8630E-03   -6.9588E-04   
3.8459E-03   -9.1676E-04   
3.0278E-03   -1.2053E-03   
2.9196E-03   -9.0639E-04   
3.5448E-03   -1.4047E-03   
1.9648E-03   -2.2229E-03   
3.0403E-03   -7.5292E-04   
3.1821E-03   -1.0912E-03   
3.3691E-03   -8.6790E-04   
3.4599E-03   -9.1853E-04   
3.3132E-03   -1.1164E-03   
3.9408E-03   -1.0441E-03   
3.0490E-03   -1.0139E-03   
3.4573E-03   -1.3459E-03   
3.6234E-03   -1.4490E-03   
3.4141E-03   -1.0138E-03   
3.1011E-03   -1.0535E-03   
3.8365E-03   -1.4404E-03   
3.4507E-03   -1.1443E-03   
3.8787E-03   -7.7786E-04   
4.2089E-03   -9.9138E-04   
3.6927E-03   -1.0870E-03   
3.2299E-03   -9.6412E-04   
3.6474E-03   -9.2504E-04   
3.3481E-03   -1.2401E-03   
3.7371E-03   -1.1506E-03   
4.4180E-03   -8.7262E-04   
4.0656E-03   -1.3250E-03   
3.5481E-03   -1.1736E-03   
3.2771E-03   -1.0079E-03   
3.7247E-03   -1.2336E-03   
3.9343E-03   -1.2293E-03   
4.2066E-03   -1.1353E-03   
4.3066E-03   -1.0374E-03   
4.1287E-03   -1.2362E-03   
2.0089E-04   -2.6548E-03   
3.6999E-03   -1.3108E-03   
3.4836E-03   -1.5566E-03   
6.0920E-03   -2.1331E-04   
4.5534E-04   -2.2349E-03   
6.6405E-03   -3.1629E-05   
5.9667E-03   -4.4619E-04   
3.6463E-04   -2.6841E-03   
1.7545E-03   -2.2310E-03   
4.1507E-03   -1.3746E-03   
6.1958E-03   -1.1323E-04   
5.5750E-04   -2.6602E-03   
1.9731E-03   -2.0619E-03   
7.9205E-04   -2.6256E-03   
1.0318E-03   -2.5874E-03   
1.2713E-03   -2.5417E-03   
1.5187E-03   -2.4895E-03   
6.8495E-03   -2.8923E-05   
1.7716E-03   -2.4321E-03   
2.0372E-03   -2.3664E-03   
5.8176E-03   -3.6317E-04   
2.3112E-03   -2.2985E-03   
7.0648E-03   -2.7837E-05   
2.5898E-03   -2.2276E-03   
2.8765E-03   -2.1540E-03   
4.4516E-03   -9.4780E-04   
3.2005E-03   -2.0666E-03   
7.2915E-03   -2.5780E-05   
5.0804E-03   -4.2958E-04   
3.4587E-03   -2.0250E-03   
2.5949E-03   -1.6190E-03   
1.3334E-03   -2.3615E-03   
5.8608E-03   -3.1613E-04   
3.7608E-03   -1.9253E-03   
4.0992E-03   -1.8541E-03   
7.5254E-03   -2.2777E-05   
4.4147E-03   -1.7818E-03   
2.7396E-03   -1.8755E-03   
4.7653E-03   -1.6945E-03   
5.0381E-03   -1.6540E-03   
7.7679E-03   -1.9732E-05   
5.3548E-03   -1.5537E-03   
5.7118E-03   -1.4692E-03   
5.8786E-04   -2.5299E-03   
6.0463E-03   -1.3788E-03   
8.0477E-03   -1.7771E-05   
6.2806E-03   -7.0557E-05   
2.9290E-03   -1.7643E-03   
6.4085E-03   -1.2651E-03   
6.7542E-03   -1.1633E-03   
5.5689E-03   -5.3461E-04   
8.3591E-03   -9.5765E-06   
5.0812E-03   -6.6066E-04   
4.6800E-03   -7.8040E-04   
7.4339E-03   -9.1180E-04   
8.6920E-03   -1.4385E-04   
8.7542E-03   -1.4400E-04   
8.7216E-03   -3.9714E-05   
8.7481E-03   -1.6356E-05   
8.7008E-03   -9.0553E-05   
2.3838E-03   -2.1394E-03   
8.1932E-03   -5.2816E-04   
6.8036E-04   -2.5775E-03   
5.2504E-03   -6.7263E-04   
4.9461E-03   -7.5394E-04   
1.1983E-03   -2.4447E-03   
4.6315E-03   -9.4378E-04   
1.5491E-03   -2.3183E-03   
6.2544E-03   -1.7933E-04   
4.3648E-03   -1.1496E-03   
6.1311E-03   -3.7521E-04   
1.7191E-03   -2.3201E-03   
3.0681E-03   -1.7964E-03   
1.1777E-03   -2.5047E-03   
3.3935E-03   -1.6701E-03   
1.6759E-03   -2.3976E-03   
5.5125E-03   -6.0070E-04   
5.9479E-03   -1.3247E-03   
4.3245E-03   -1.7272E-03   
2.2187E-03   -2.2531E-03   
2.8183E-03   -1.9263E-03   
2.7801E-03   -2.1085E-03   
2.7157E-03   -2.0405E-03   
7.1699E-03   -5.4251E-05   
4.4511E-03   -1.3126E-03   
6.3795E-03   -1.0122E-04   
6.0380E-03   -4.8793E-04   
6.7537E-03   -5.6336E-05   
8.0130E-03   -3.8417E-05   
3.9535E-03   -1.4859E-03   
4.8758E-03   -1.5889E-03   
5.9587E-03   -2.4079E-04   
6.0381E-03   -3.2827E-04   
4.4701E-03   -9.9301E-04   
3.2444E-03   -1.5944E-03   
8.5468E-03   -3.8076E-06   
7.1072E-03   -1.0382E-03   
3.2910E-03   -1.9664E-03   
6.4885E-03   -1.1615E-03   
8.7646E-03   -9.6932E-05   
8.8053E-03   -8.5380E-06   
8.7920E-03   -2.4281E-05   
8.7747E-03   -5.7960E-05   
5.3917E-03   -1.4524E-03   
3.7860E-03   -1.8205E-03   
7.6313E-03   -4.2692E-05   
7.7380E-03   -6.6144E-04   
8.3951E-03   -2.7963E-05   
8.1532E-03   -4.8131E-04   
8.3373E-03   -2.0902E-04   
8.4336E-03   -3.9123E-05   
8.3907E-03   -8.8519E-05   
8.2842E-03   -3.2767E-04   
5.4638E-03   -6.8034E-04   
4.2582E-03   -1.6691E-03   
6.3213E-03   -1.3901E-04   
6.5348E-03   -1.1638E-04   
7.0427E-03   -8.6577E-05   
7.6022E-04   -2.5106E-03   
3.8587E-03   -1.5966E-03   
4.8934E-03   -8.5741E-04   
2.9601E-03   -2.0048E-03   
6.2926E-03   -2.2052E-04   
7.4996E-03   -7.0493E-05   
6.9931E-03   -1.0088E-03   
2.1438E-03   -2.2127E-03   
4.0273E-03   -1.7193E-03   
3.2020E-03   -1.9327E-03   
4.8072E-03   -1.5415E-03   
3.5750E-03   -1.6662E-03   
5.7091E-03   -1.3313E-03   
4.6384E-03   -1.0964E-03   
3.5115E-03   -1.8475E-03   
5.9600E-03   -5.6293E-04   
6.2070E-03   -4.2154E-04   
5.1255E-03   -1.4705E-03   
4.6764E-03   -1.1848E-03   
7.7626E-03   -5.9800E-05   
4.5410E-03   -1.3778E-03   
7.2706E-03   -7.8301E-05   
3.3373E-03   -1.7673E-03   
6.2185E-03   -2.7455E-04   
4.5289E-03   -1.6066E-03   
4.8169E-03   -9.6931E-04   
6.7786E-03   -9.3002E-05   
6.2883E-03   -3.1041E-04   
7.9947E-03   -3.1902E-04   
8.1309E-03   -6.7723E-05   
8.0806E-03   -1.4338E-04   
8.1783E-03   -3.9215E-05   
5.6916E-03   -6.0832E-04   
7.3028E-03   -8.3491E-04   
7.8066E-03   -5.4712E-04   
8.3757E-03   -7.3132E-05   
8.3022E-03   -2.8002E-04   
8.3126E-03   -1.4338E-04   
8.2782E-03   -1.7386E-04   
4.4478E-03   -1.5528E-03   
3.3399E-03   -1.8364E-03   
7.5837E-03   -9.0964E-05   
6.7397E-03   -1.0605E-03   
3.8652E-03   -1.7013E-03   
4.7462E-03   -1.2552E-03   
4.3536E-03   -1.5019E-03   
6.4591E-03   -3.9323E-04   
6.6859E-03   -1.3474E-04   
5.4683E-03   -1.3453E-03   
7.1543E-03   -1.0777E-04   
8.0511E-03   -1.9376E-04   
8.1548E-03   -9.8513E-05   
6.5294E-03   -2.8634E-04   
5.4176E-03   -7.6653E-04   
6.5182E-03   -2.0582E-04   
5.1261E-03   -8.6207E-04   
7.9795E-03   -2.5588E-04   
7.4060E-03   -6.8857E-04   
6.1753E-03   -5.5508E-04   
6.0351E-03   -1.2068E-03   
4.9027E-03   -1.0721E-03   
4.0937E-03   -1.5750E-03   
5.0034E-03   -1.4237E-03   
6.0096E-03   -6.1536E-04   
7.9953E-03   -6.0394E-05   
7.2424E-03   -7.9738E-04   
7.8528E-03   -4.3208E-04   
5.5289E-03   -1.2323E-03   
5.2011E-03   -1.0279E-03   
5.9665E-03   -6.8790E-04   
6.4217E-03   -5.1579E-04   
5.2002E-03   -1.3056E-03   
4.6345E-03   -1.4348E-03   
7.6645E-03   -1.0842E-04   
7.0706E-03   -8.1266E-04   
7.1738E-03   -1.4255E-04   
7.4424E-03   -1.2488E-04   
4.9162E-03   -1.3707E-03   
6.6823E-03   -2.2425E-04   
6.7028E-03   -1.7249E-04   
6.6202E-03   -3.2436E-04   
4.8609E-03   -1.0244E-03   
5.0167E-03   -1.2035E-03   
6.5580E-03   -4.3142E-04   
6.1158E-03   -1.1041E-03   
5.6485E-03   -7.6890E-04   
5.3688E-03   -8.5641E-04   
5.1742E-03   -1.1118E-03   
6.2284E-03   -6.4631E-04   
6.3946E-03   -5.8045E-04   
6.2771E-03   -1.1829E-03   
6.7136E-03   -3.5950E-04   
5.1058E-03   -1.2551E-03   
7.8834E-03   -9.0150E-05   
6.9145E-03   -1.7908E-04   
6.7709E-03   -2.6479E-04   
6.7171E-03   -9.4004E-04   
7.0943E-03   -1.9070E-04   
5.3520E-03   -9.2821E-04   
5.8232E-03   -7.7873E-04   
6.4504E-03   -6.2719E-04   
5.2771E-03   -1.1463E-03   
7.0273E-03   -2.3919E-04   
7.2292E-03   -6.9394E-04   
6.6671E-03   -4.5437E-04   
6.9653E-03   -3.2390E-04   
6.5902E-03   -1.0605E-03   
7.5514E-03   -1.4196E-04   
5.5198E-03   -9.4143E-04   
5.8088E-03   -8.4762E-04   
7.9801E-03   -1.0395E-04   
6.8869E-03   -4.2209E-04   
7.6943E-03   -1.5346E-04   
5.5569E-03   -1.0763E-03   
7.0756E-03   -2.7314E-04   
7.4229E-03   -1.8278E-04   
7.0578E-03   -3.4981E-04   
6.0584E-03   -8.3031E-04   
7.2239E-03   -2.0111E-04   
6.3524E-03   -7.2724E-04   
6.7814E-03   -5.5212E-04   
7.2630E-03   -2.7605E-04   
6.8918E-03   -5.9253E-04   
5.6534E-03   -1.1183E-03   
6.5846E-03   -7.1136E-04   
5.7497E-03   -9.5056E-04   
6.2889E-03   -8.1849E-04   
7.4840E-03   -2.0815E-04   
7.9458E-03   -1.3961E-04   
7.0800E-03   -5.8777E-04   
6.8275E-03   -6.8405E-04   
7.5555E-03   -2.3138E-04   
5.8515E-03   -1.0106E-03   
6.1799E-03   -9.2745E-04   
7.4277E-03   -2.7931E-04   
7.3596E-03   -5.2187E-04   
6.8038E-03   -7.6391E-04   
7.8095E-03   -1.8990E-04   
7.4172E-03   -3.1662E-04   
7.3425E-03   -5.9266E-04   
7.9237E-03   -1.9842E-04   
7.0680E-03   -7.0098E-04   
7.1503E-03   -3.7458E-04   
6.9795E-03   -4.5470E-04   
7.1030E-03   -4.8023E-04   
7.4153E-03   -4.0248E-04   
