51 
1844 
3.6809E-02   -6.0930E-03   
3.8239E-02   -3.5677E-03   
3.9222E-02   -2.1139E-03   
3.9892E-02   -1.0391E-03   
1.3219E-37   6.9675E-06   
4.0122E-02   1.4163E-38   
4.0295E-02   -7.2348E-35   
4.0393E-02   -2.0380E-35   
4.0692E-02   7.4159E-36   
4.1011E-02   2.0067E-35   
4.1453E-02   5.1734E-35   
4.2027E-02   7.5994E-35   
4.2485E-02   9.2720E-35   
4.3292E-02   1.3878E-34   
4.3908E-02   1.6340E-34   
4.4588E-02   1.3756E-34   
4.4951E-02   2.1087E-34   
4.5723E-02   2.9966E-34   
4.6557E-02   4.1225E-34   
4.7000E-02   -5.5357E-30   
4.7000E-02   -1.3398E-34   
4.7000E-02   -1.3398E-34   
4.7000E-02   -1.3398E-34   
4.7000E-02   -1.3398E-34   
4.7000E-02   -1.3398E-34   
4.7000E-02   -1.3398E-34   
4.7000E-02   -1.3398E-34   
4.7000E-02   -1.3398E-34   
4.7000E-02   -1.3398E-34   
4.7000E-02   -1.3398E-34   
4.7000E-02   -1.3398E-34   
4.7000E-02   -1.3398E-34   
4.5744E-02   -8.0041E-04   
4.4407E-02   -1.4808E-03   
4.3787E-02   -1.7204E-03   
4.3172E-02   -1.9191E-03   
4.1946E-02   -2.2449E-03   
4.1332E-02   -2.3884E-03   
4.0093E-02   -2.6683E-03   
3.9463E-02   -2.8205E-03   
3.7065E-02   -3.9783E-03   
2.8736E-02   -9.5188E-03   
2.1155E-02   -1.4262E-02   
6.4828E-03   -2.4711E-02   
4.1673E-03   -2.6905E-02   
3.6817E-03   -2.7221E-02   
2.7709E-03   -2.7526E-02   
1.8366E-03   -2.7627E-02   
9.0812E-04   -2.7671E-02   
-1.0325E-37   -2.7682E-02   
4.8429E-34   -2.7380E-02   
5.1046E-34   -2.7091E-02   
4.7810E-34   -2.6693E-02   
4.4895E-34   -2.6456E-02   
3.8571E-34   -2.6046E-02   
3.4454E-34   -2.5782E-02   
3.0198E-34   -2.5461E-02   
2.5605E-34   -2.5084E-02   
2.1019E-34   -2.3962E-02   
3.3108E-02   -5.8771E-03   
4.6443E-02   -1.5481E-05   
4.5868E-02   -4.6594E-05   
4.5047E-02   -1.0097E-04   
4.4378E-02   -1.5245E-04   
4.3725E-02   -2.1963E-04   
4.3014E-02   -2.6227E-04   
4.2449E-02   -2.8233E-04   
4.1727E-02   -3.4109E-04   
4.1031E-02   -3.8552E-04   
4.0344E-02   -4.3564E-04   
3.9677E-02   -4.9916E-04   
3.8990E-02   -6.0800E-04   
3.8269E-02   -8.3612E-04   
3.7254E-02   -1.4171E-03   
3.5978E-02   -2.6603E-03   
3.8211E-02   -2.2788E-03   
3.8601E-02   -9.5638E-04   
3.9152E-02   -4.8368E-04   
3.9697E-02   -3.1377E-04   
4.0238E-02   -2.5816E-04   
4.0767E-02   -2.4011E-04   
4.1410E-02   -2.0725E-04   
4.2011E-02   -1.8587E-04   
4.2581E-02   -1.6164E-04   
4.3161E-02   -1.5939E-04   
4.3827E-02   -1.1885E-04   
4.4469E-02   -8.6442E-05   
4.5100E-02   -6.2655E-05   
4.5783E-02   -2.7599E-05   
4.6383E-02   -6.6620E-06   
3.9801E-02   -5.3120E-04   
4.0010E-02   -1.9445E-04   
4.0261E-02   -1.1596E-04   
4.0666E-02   -9.0121E-05   
4.1082E-02   -8.4232E-05   
4.1618E-02   -8.6252E-05   
4.2117E-02   -8.7347E-05   
4.2629E-02   -8.3963E-05   
4.3311E-02   -6.4745E-05   
4.3890E-02   -4.9579E-05   
4.4553E-02   -3.9020E-05   
4.5217E-02   -2.3713E-05   
4.5874E-02   -1.1085E-05   
4.6487E-02   -8.5220E-07   
4.6333E-02   -3.4089E-05   
4.5699E-02   -9.0880E-05   
4.4924E-02   -1.7795E-04   
4.4231E-02   -2.3380E-04   
4.3611E-02   -3.2034E-04   
4.2856E-02   -3.9240E-04   
4.2117E-02   -4.6219E-04   
4.1423E-02   -5.2249E-04   
4.0692E-02   -6.0409E-04   
4.0012E-02   -6.8598E-04   
3.9135E-02   -8.2920E-04   
3.8191E-02   -1.0512E-03   
3.7273E-02   -1.3654E-03   
3.6099E-02   -1.9756E-03   
3.2829E-02   -4.1727E-03   
1.2955E-02   -1.7243E-02   
4.6278E-02   -6.5363E-05   
4.5729E-02   -1.3529E-04   
4.4790E-02   -2.7096E-04   
4.4178E-02   -3.6104E-04   
4.3455E-02   -4.5306E-04   
4.2578E-02   -5.7952E-04   
4.1827E-02   -6.5288E-04   
4.1094E-02   -7.3961E-04   
4.0212E-02   -8.7762E-04   
3.9372E-02   -1.0433E-03   
3.8486E-02   -1.2426E-03   
3.7592E-02   -1.4524E-03   
3.6454E-02   -1.9082E-03   
3.4030E-02   -3.2850E-03   
2.1187E-02   -1.1729E-02   
2.2285E-03   -2.4524E-02   
4.6473E-02   -6.5209E-05   
4.5456E-02   -2.3697E-04   
4.4883E-02   -3.3215E-04   
4.4177E-02   -4.6822E-04   
4.3132E-02   -6.4337E-04   
4.2388E-02   -7.6675E-04   
4.1627E-02   -8.7244E-04   
4.0712E-02   -1.0282E-03   
3.9867E-02   -1.1969E-03   
3.8978E-02   -1.3622E-03   
3.8124E-02   -1.5579E-03   
3.7080E-02   -1.8563E-03   
3.4534E-02   -3.2652E-03   
2.6571E-02   -8.5030E-03   
7.9566E-03   -2.1333E-02   
1.2314E-03   -2.5577E-02   
4.6134E-02   -1.6138E-04   
4.5524E-02   -3.0185E-04   
4.4785E-02   -4.7692E-04   
4.4040E-02   -6.4971E-04   
4.2972E-02   -8.5537E-04   
4.2124E-02   -9.8642E-04   
4.1236E-02   -1.1749E-03   
4.0380E-02   -1.3561E-03   
3.9404E-02   -1.5174E-03   
3.8608E-02   -1.6828E-03   
3.7729E-02   -1.9528E-03   
3.5998E-02   -2.7319E-03   
2.8747E-02   -7.4498E-03   
1.2948E-02   -1.8573E-02   
2.5314E-03   -2.5561E-02   
1.0542E-03   -2.6006E-02   
4.6300E-02   -1.9878E-04   
4.5453E-02   -4.5398E-04   
4.4766E-02   -6.2038E-04   
4.3681E-02   -8.9966E-04   
4.2720E-02   -1.1407E-03   
4.1882E-02   -1.2831E-03   
4.0824E-02   -1.4963E-03   
4.0023E-02   -1.6646E-03   
3.9008E-02   -1.8518E-03   
3.8103E-02   -2.0852E-03   
3.6895E-02   -2.5739E-03   
3.2764E-02   -5.0862E-03   
2.0560E-02   -1.3664E-02   
5.3368E-03   -2.4492E-02   
2.1156E-03   -2.6230E-02   
9.5576E-04   -2.6353E-02   
4.6170E-02   -2.9067E-04   
4.5229E-02   -6.1327E-04   
4.4573E-02   -8.0500E-04   
4.3291E-02   -1.1888E-03   
4.2519E-02   -1.3742E-03   
4.1635E-02   -1.5890E-03   
4.0678E-02   -1.7615E-03   
3.9688E-02   -1.9791E-03   
3.8568E-02   -2.2329E-03   
3.7603E-02   -2.5614E-03   
3.4383E-02   -4.5561E-03   
2.6031E-02   -1.0325E-02   
8.7513E-03   -2.2972E-02   
3.6992E-03   -2.6085E-02   
2.0198E-03   -2.6646E-02   
1.0078E-03   -2.6682E-02   
4.6207E-02   -3.8825E-04   
4.5388E-02   -7.4711E-04   
4.4302E-02   -1.1068E-03   
4.3349E-02   -1.4351E-03   
4.2334E-02   -1.6127E-03   
4.1337E-02   -1.8318E-03   
4.0374E-02   -2.0650E-03   
3.9398E-02   -2.3069E-03   
3.8398E-02   -2.5327E-03   
3.5653E-02   -4.0058E-03   
2.7948E-02   -9.3382E-03   
1.3661E-02   -1.9926E-02   
5.1322E-03   -2.5777E-02   
3.0174E-03   -2.6850E-02   
1.9639E-03   -2.6974E-02   
1.0920E-03   -2.6995E-02   
4.5873E-02   -6.8058E-04   
4.4906E-02   -1.1660E-03   
4.4125E-02   -1.4006E-03   
4.2859E-02   -1.7701E-03   
4.2076E-02   -1.9536E-03   
4.0970E-02   -2.2044E-03   
3.9988E-02   -2.4503E-03   
3.9117E-02   -2.6306E-03   
3.7407E-02   -3.3836E-03   
3.1321E-02   -7.1276E-03   
2.1549E-02   -1.4007E-02   
7.4124E-03   -2.4631E-02   
4.0892E-03   -2.6901E-02   
2.9246E-03   -2.7190E-02   
1.9512E-03   -2.7290E-02   
8.7782E-04   -2.7392E-02   
1.0505E-02   -5.5730E-04   
1.9714E-02   -1.8733E-03   
2.7731E-02   -3.3366E-03   
3.2212E-02   -4.7869E-03   
3.4572E-02   -5.8519E-03   
3.5815E-02   -6.4193E-03   
3.6382E-02   -6.3009E-03   
3.7091E-02   -5.7642E-03   
3.7292E-02   -5.3809E-03   
3.7470E-02   -5.0102E-03   
3.7636E-02   -4.6691E-03   
3.7796E-02   -4.3574E-03   
3.7949E-02   -4.0720E-03   
3.8097E-02   -3.8096E-03   
3.8377E-02   -3.3439E-03   
3.8510E-02   -3.1359E-03   
3.8639E-02   -2.9415E-03   
3.8764E-02   -2.7593E-03   
3.8886E-02   -2.5867E-03   
3.9002E-02   -2.4222E-03   
3.9115E-02   -2.2649E-03   
3.9325E-02   -1.9681E-03   
3.9423E-02   -1.8265E-03   
3.9515E-02   -1.6884E-03   
3.9602E-02   -1.5535E-03   
3.9684E-02   -1.4212E-03   
3.9759E-02   -1.2913E-03   
3.9828E-02   -1.1638E-03   
3.9948E-02   -9.1447E-04   
3.9998E-02   -7.8907E-04   
4.0039E-02   -6.6327E-04   
4.0068E-02   -5.3291E-04   
4.0103E-02   -4.0444E-04   
4.0112E-02   -2.7207E-04   
4.0130E-02   -1.3824E-04   
4.0196E-02   -2.4274E-34   
4.0232E-02   -2.4332E-34   
4.0256E-02   -1.8921E-34   
4.0273E-02   -1.0799E-34   
4.0285E-02   -8.8217E-35   
4.0307E-02   -5.8752E-35   
4.0320E-02   -4.7018E-35   
4.0338E-02   -3.6881E-35   
4.0362E-02   -2.8078E-35   
4.0433E-02   -1.3613E-35   
4.0481E-02   -7.6474E-36   
4.0540E-02   -2.3355E-36   
4.0610E-02   2.6144E-36   
4.0785E-02   1.1777E-35   
4.0892E-02   1.6004E-35   
4.1144E-02   2.4353E-35   
4.1292E-02   2.8593E-35   
4.1629E-02   5.5323E-35   
4.1820E-02   4.2730E-35   
4.2248E-02   8.1748E-35   
4.2738E-02   1.0569E-34   
4.3007E-02   1.1833E-34   
4.3592E-02   1.3959E-34   
4.4240E-02   1.8115E-34   
4.5330E-02   2.5584E-34   
4.6132E-02   2.5452E-34   
4.7000E-02   -1.3398E-34   
4.7000E-02   -1.3398E-34   
4.7000E-02   -1.3398E-34   
4.7000E-02   -1.3398E-34   
4.7000E-02   -1.3398E-34   
4.5052E-02   -1.1848E-03   
4.2559E-02   -2.0906E-03   
4.0714E-02   -2.5274E-03   
3.8763E-02   -3.0328E-03   
3.3987E-02   -5.9187E-03   
1.2440E-02   -2.0374E-02   
4.7862E-03   -2.6222E-02   
3.2297E-03   -2.7423E-02   
2.3046E-03   -2.7586E-02   
1.3701E-03   -2.7654E-02   
4.5157E-04   -2.7681E-02   
3.5839E-34   -2.7530E-02   
5.0423E-34   -2.7233E-02   
4.9422E-34   -2.6953E-02   
7.1926E-34   -2.6821E-02   
7.2003E-34   -2.6572E-02   
4.3592E-34   -2.6346E-02   
4.2144E-34   -2.6241E-02   
4.0276E-34   -2.6141E-02   
3.7129E-34   -2.5954E-02   
3.5742E-34   -2.5866E-02   
3.3339E-34   -2.5700E-02   
3.2256E-34   -2.5619E-02   
3.1155E-34   -2.5539E-02   
2.9395E-34   -2.5384E-02   
2.8535E-34   -2.5307E-02   
2.7562E-34   -2.5232E-02   
2.6563E-34   -2.5159E-02   
2.4795E-34   -2.4999E-02   
2.4005E-34   -2.4894E-02   
2.3303E-34   -2.4759E-02   
2.2604E-34   -2.4578E-02   
2.1816E-34   -2.4328E-02   
2.0162E-34   -2.3406E-02   
1.9259E-34   -2.2556E-02   
1.8333E-34   -2.1283E-02   
1.7469E-34   -1.9470E-02   
1.6647E-34   -1.6991E-02   
2.4153E-34   -1.3655E-02   
2.1859E-34   -9.6852E-03   
1.5964E-34   -4.9634E-03   
3.7268E-02   -4.7012E-03   
3.8435E-02   -2.9045E-03   
3.8842E-02   -2.3752E-03   
3.7640E-02   -4.0747E-03   
3.9783E-02   -1.1334E-03   
3.6619E-02   -5.8710E-03   
3.0164E-02   -5.9607E-03   
3.9522E-02   -1.5097E-03   
4.0037E-02   -6.6148E-04   
3.9207E-02   -1.9187E-03   
3.7979E-02   -3.5498E-03   
3.9924E-02   -8.9496E-04   
3.8138E-02   -3.3184E-03   
3.6306E-02   -6.2387E-03   
3.9091E-02   -2.0647E-03   
3.9616E-02   -1.3812E-03   
4.0166E-02   -1.9178E-04   
1.3957E-02   -4.9432E-03   
3.5851E-02   -6.4928E-03   
3.8575E-02   -2.7184E-03   
3.8709E-02   -2.5420E-03   
3.9857E-02   -1.0134E-03   
3.3637E-02   -6.3590E-03   
4.0082E-02   -5.4232E-04   
2.3309E-02   -5.8919E-03   
3.5266E-02   -6.6630E-03   
3.9703E-02   -1.2559E-03   
3.9984E-02   -7.7756E-04   
3.6856E-02   -5.4565E-03   
3.9423E-02   -1.6418E-03   
3.9318E-02   -1.7780E-03   
3.7814E-02   -3.8012E-03   
3.7067E-02   -5.0618E-03   
3.7459E-02   -4.3737E-03   
3.8290E-02   -3.1042E-03   
3.8969E-02   -2.2166E-03   
7.5805E-03   -1.5114E-02   
6.1129E-03   -1.7829E-02   
4.7406E-03   -1.9980E-02   
3.5273E-03   -2.1579E-02   
2.5305E-03   -2.2701E-02   
1.7873E-03   -2.3466E-02   
1.2687E-03   -2.3985E-02   
9.2269E-04   -2.4339E-02   
6.9383E-04   -2.4586E-02   
4.0238E-02   -9.9849E-05   
5.3855E-04   -2.4765E-02   
4.0257E-02   -8.2289E-05   
4.2788E-04   -2.4900E-02   
4.0270E-02   -6.8950E-05   
3.4709E-04   -2.5006E-02   
4.0280E-02   -5.7665E-05   
2.9095E-04   -2.5094E-02   
4.0290E-02   -4.8405E-05   
2.5536E-04   -2.5175E-02   
4.0302E-02   -4.0804E-05   
2.3389E-04   -2.5255E-02   
4.0318E-02   -3.4677E-05   
2.2096E-04   -2.5335E-02   
4.0339E-02   -2.9860E-05   
2.1628E-04   -2.5416E-02   
4.0366E-02   -2.6178E-05   
2.1757E-04   -2.5495E-02   
4.0401E-02   -2.3452E-05   
2.2218E-04   -2.5576E-02   
4.0446E-02   -2.1578E-05   
2.2479E-04   -2.5656E-02   
4.0500E-02   -2.0453E-05   
2.2775E-04   -2.5738E-02   
4.0564E-02   -1.9927E-05   
2.3473E-04   -2.5822E-02   
4.0640E-02   -1.9820E-05   
2.4503E-04   -2.5909E-02   
4.0728E-02   -1.9902E-05   
2.5513E-04   -2.5999E-02   
4.0828E-02   -2.0630E-05   
2.6492E-04   -2.6092E-02   
4.0940E-02   -2.1597E-05   
2.7512E-04   -2.6189E-02   
4.1064E-02   -2.3048E-05   
2.8864E-04   -2.6290E-02   
4.1203E-02   -2.4383E-05   
3.0470E-04   -2.6396E-02   
4.1358E-02   -2.5388E-05   
3.1457E-04   -2.6507E-02   
4.1527E-02   -2.6427E-05   
3.2466E-04   -2.6624E-02   
4.1712E-02   -2.7299E-05   
3.5004E-04   -2.6748E-02   
4.1915E-02   -2.7630E-05   
3.6616E-04   -2.6881E-02   
4.2128E-02   -2.6766E-05   
3.7070E-04   -2.7020E-02   
4.2353E-02   -2.7924E-05   
3.8717E-04   -2.7162E-02   
4.2597E-02   -2.7684E-05   
4.1274E-04   -2.7314E-02   
3.7699E-02   -3.5418E-03   
3.9201E-02   -1.7341E-03   
3.9635E-02   -1.2217E-03   
3.6875E-02   -4.7528E-03   
4.0165E-02   -2.8728E-04   
2.5820E-02   -8.2755E-03   
3.8514E-02   -2.5035E-03   
4.0074E-02   -5.4258E-04   
3.4277E-02   -7.1278E-03   
3.6126E-02   -6.0029E-03   
3.5780E-02   -6.4101E-03   
3.8945E-02   -2.0207E-03   
3.8053E-02   -3.0794E-03   
3.9888E-02   -8.7507E-04   
3.9957E-02   -7.6375E-04   
3.8215E-02   -2.8738E-03   
3.8806E-02   -2.1724E-03   
3.9727E-02   -1.1035E-03   
3.9536E-02   -1.3433E-03   
3.7097E-02   -4.4064E-03   
3.6394E-02   -5.5556E-03   
1.7818E-02   -9.0819E-03   
3.7308E-02   -4.0914E-03   
3.8365E-02   -2.6861E-03   
3.8659E-02   -2.3324E-03   
3.9811E-02   -9.8820E-04   
4.0019E-02   -6.5350E-04   
3.7509E-02   -3.8045E-03   
3.9319E-02   -1.5991E-03   
3.5281E-02   -6.7118E-03   
3.6641E-02   -5.1353E-03   
3.9431E-02   -1.4690E-03   
4.0125E-02   -4.2512E-04   
3.1394E-02   -7.4454E-03   
3.9076E-02   -1.8749E-03   
3.7881E-02   -3.3013E-03   
8.4295E-03   -1.1676E-02   
1.3503E-02   -1.5145E-02   
1.1200E-02   -1.7521E-02   
8.7621E-03   -1.9500E-02   
6.5152E-03   -2.1039E-02   
4.7587E-03   -2.2186E-02   
3.4524E-03   -2.3029E-02   
2.5083E-03   -2.3642E-02   
4.0209E-02   -1.3111E-04   
1.8393E-03   -2.4082E-02   
1.3709E-03   -2.4398E-02   
4.0223E-02   -1.7642E-04   
1.0445E-03   -2.4628E-02   
4.0236E-02   -1.5065E-04   
8.1844E-04   -2.4802E-02   
4.0246E-02   -1.2562E-04   
6.6530E-04   -2.4941E-02   
4.0255E-02   -1.0535E-04   
5.6682E-04   -2.5056E-02   
4.0265E-02   -8.8873E-05   
5.0839E-04   -2.5157E-02   
4.0278E-02   -7.5397E-05   
4.7671E-04   -2.5251E-02   
4.0295E-02   -6.4642E-05   
4.5751E-04   -2.5344E-02   
4.0319E-02   -5.6366E-05   
4.4877E-04   -2.5434E-02   
4.0350E-02   -5.0193E-05   
4.4835E-04   -2.5519E-02   
4.0390E-02   -4.5628E-05   
4.5020E-04   -2.5600E-02   
4.0439E-02   -4.2715E-05   
4.5609E-04   -2.5683E-02   
4.0499E-02   -4.1283E-05   
4.6611E-04   -2.5769E-02   
4.0570E-02   -4.0900E-05   
4.8221E-04   -2.5858E-02   
4.0654E-02   -4.0682E-05   
5.0037E-04   -2.5948E-02   
4.0749E-02   -4.0534E-05   
5.1959E-04   -2.6040E-02   
4.0850E-02   -4.3011E-05   
5.3684E-04   -2.6134E-02   
4.0965E-02   -4.4811E-05   
5.5121E-04   -2.6231E-02   
4.1094E-02   -4.8997E-05   
5.8839E-04   -2.6329E-02   
4.1241E-02   -5.0778E-05   
6.2362E-04   -2.6438E-02   
4.1403E-02   -5.2575E-05   
6.2817E-04   -2.6552E-02   
4.1580E-02   -5.4620E-05   
6.6108E-04   -2.6666E-02   
4.1781E-02   -5.6063E-05   
7.5902E-04   -2.6796E-02   
4.2002E-02   -5.5567E-05   
7.3585E-04   -2.6942E-02   
4.2209E-02   -5.1215E-05   
7.5337E-04   -2.7080E-02   
4.2427E-02   -6.1444E-05   
7.9646E-04   -2.7223E-02   
4.2858E-02   -2.9136E-05   
3.8459E-02   -2.2957E-03   
3.8626E-02   -2.1301E-03   
3.7987E-02   -2.8563E-03   
3.8785E-02   -1.9804E-03   
3.7802E-02   -3.0651E-03   
3.5594E-02   -6.1662E-03   
3.5908E-02   -5.6826E-03   
3.6197E-02   -5.2332E-03   
3.6464E-02   -4.8259E-03   
3.6718E-02   -4.4583E-03   
3.5179E-02   -6.6215E-03   
3.6958E-02   -4.1248E-03   
3.7607E-02   -3.2947E-03   
3.8933E-02   -1.8362E-03   
3.7185E-02   -3.8219E-03   
3.7402E-02   -3.5463E-03   
3.4177E-02   -7.1854E-03   
3.9071E-02   -1.6957E-03   
3.9842E-02   -8.5492E-04   
3.9922E-02   -7.4882E-04   
3.9992E-02   -6.4562E-04   
3.9754E-02   -9.6350E-04   
3.1828E-02   -8.3154E-03   
3.9203E-02   -1.5609E-03   
3.9659E-02   -1.0747E-03   
3.9445E-02   -1.3081E-03   
3.9327E-02   -1.4319E-03   
3.9556E-02   -1.1894E-03   
2.6748E-02   -9.6543E-03   
2.2053E-02   -1.0480E-02   
4.0054E-02   -5.4267E-04   
4.0111E-02   -4.3672E-04   
4.0161E-02   -3.2820E-04   
1.5696E-02   -1.2718E-02   
1.5771E-02   -1.6389E-02   
1.2155E-02   -1.8325E-02   
9.3155E-03   -1.9899E-02   
7.0870E-03   -2.1153E-02   
5.3425E-03   -2.2147E-02   
3.9957E-03   -2.2923E-02   
4.0203E-02   -2.1169E-04   
2.9807E-03   -2.3520E-02   
2.2357E-03   -2.3974E-02   
4.0183E-02   -2.5422E-04   
1.7008E-03   -2.4318E-02   
4.0195E-02   -2.0664E-04   
1.3273E-03   -2.4584E-02   
4.0203E-02   -1.7271E-04   
1.0737E-03   -2.4794E-02   
4.0210E-02   -1.4562E-04   
9.0842E-04   -2.4964E-02   
4.0220E-02   -1.2375E-04   
8.1649E-04   -2.5098E-02   
4.0234E-02   -1.0564E-04   
7.8032E-04   -2.5209E-02   
4.0254E-02   -9.1749E-05   
7.4122E-04   -2.5323E-02   
4.0279E-02   -8.1642E-05   
7.1070E-04   -2.5430E-02   
4.0314E-02   -7.3724E-05   
6.9252E-04   -2.5523E-02   
4.0360E-02   -6.7948E-05   
6.9158E-04   -2.5611E-02   
4.0414E-02   -6.5175E-05   
7.0442E-04   -2.5699E-02   
4.0479E-02   -6.4389E-05   
7.2511E-04   -2.5792E-02   
4.0559E-02   -6.3984E-05   
7.4522E-04   -2.5886E-02   
4.0656E-02   -6.3212E-05   
7.6691E-04   -2.5981E-02   
4.0755E-02   -6.0639E-05   
7.9144E-04   -2.6078E-02   
4.0842E-02   -7.0451E-05   
8.0461E-04   -2.6177E-02   
7.9383E-04   -2.6264E-02   
9.4328E-04   -2.6488E-02   
4.1423E-02   -8.2561E-05   
1.0753E-03   -2.6873E-02   
1.1337E-03   -2.7125E-02   
4.1842E-02   -8.7679E-05   
4.3148E-02   -3.0625E-05   
4.0024E-02   -5.4294E-04   
4.0086E-02   -4.4535E-04   
4.0145E-02   -3.4494E-04   
3.8111E-02   -2.4931E-03   
3.7940E-02   -2.6471E-03   
3.4955E-02   -6.3796E-03   
3.3970E-02   -7.1217E-03   
3.6326E-02   -4.5312E-03   
3.5365E-02   -5.8412E-03   
3.6595E-02   -4.1768E-03   
3.5715E-02   -5.3592E-03   
3.7746E-02   -2.8409E-03   
3.8780E-02   -1.8049E-03   
3.6034E-02   -4.9240E-03   
3.9787E-02   -8.3427E-04   
3.9688E-02   -9.3943E-04   
3.6849E-02   -3.8556E-03   
3.7090E-02   -3.5643E-03   
3.9344E-02   -1.2762E-03   
3.9466E-02   -1.1595E-03   
3.9878E-02   -7.3121E-04   
3.1219E-02   -8.5657E-03   
3.9956E-02   -6.3591E-04   
3.7539E-02   -3.0593E-03   
3.9213E-02   -1.3991E-03   
3.7321E-02   -3.2999E-03   
3.9581E-02   -1.0476E-03   
3.8931E-02   -1.6635E-03   
3.9076E-02   -1.5283E-03   
1.8578E-02   -1.4944E-02   
1.5039E-02   -1.6834E-02   
1.2140E-02   -1.8370E-02   
9.6825E-03   -1.9697E-02   
7.6125E-03   -2.0836E-02   
5.9141E-03   -2.1799E-02   
4.5605E-03   -2.2594E-02   
3.5100E-03   -2.3237E-02   
4.0187E-02   -2.6203E-04   
4.0131E-02   -3.0076E-04   
2.7211E-03   -2.3754E-02   
4.0136E-02   -2.5318E-04   
2.1402E-03   -2.4168E-02   
4.0141E-02   -2.1262E-04   
1.7179E-03   -2.4500E-02   
4.0146E-02   -1.8085E-04   
1.4248E-03   -2.4760E-02   
4.0155E-02   -1.5522E-04   
1.2530E-03   -2.4951E-02   
4.0173E-02   -1.3297E-04   
1.2322E-03   -2.5076E-02   
4.0193E-02   -1.1882E-04   
1.0905E-03   -2.5253E-02   
4.0220E-02   -1.0780E-04   
1.0153E-03   -2.5381E-02   
4.0262E-02   -9.8186E-05   
9.7306E-04   -2.5502E-02   
4.0314E-02   -9.1737E-05   
9.8646E-04   -2.5698E-02   
1.0668E-03   -2.6232E-02   
4.0438E-02   -9.1364E-05   
1.0141E-03   -2.5795E-02   
1.0308E-03   -2.5899E-02   
1.0819E-03   -2.6119E-02   
4.0978E-02   -6.7817E-05   
4.1275E-02   -7.6562E-05   
4.1427E-02   -1.1863E-04   
4.0535E-02   -9.1040E-05   
1.4938E-03   -2.7027E-02   
4.1642E-02   -1.2185E-04   
1.1180E-03   -2.6772E-02   
4.0760E-02   -1.0239E-04   
1.2973E-03   -2.6427E-02   
4.0115E-02   -3.6260E-04   
4.0048E-02   -4.5993E-04   
3.9987E-02   -5.4582E-04   
3.8473E-02   -1.9132E-03   
3.8443E-02   -2.0906E-03   
3.8617E-02   -1.7812E-03   
3.7722E-02   -2.6275E-03   
3.9824E-02   -7.1438E-04   
3.4715E-02   -6.0373E-03   
3.9918E-02   -6.1533E-04   
3.3734E-02   -6.8594E-03   
3.1052E-02   -8.4828E-03   
3.5186E-02   -5.5083E-03   
3.6221E-02   -4.2499E-03   
3.5911E-02   -4.6316E-03   
3.7496E-02   -2.8348E-03   
3.5571E-02   -5.0479E-03   
3.6504E-02   -3.9070E-03   
3.8780E-02   -1.6385E-03   
3.9366E-02   -1.1327E-03   
3.9722E-02   -8.1536E-04   
3.6770E-02   -3.5979E-03   
3.9493E-02   -1.0228E-03   
3.9612E-02   -9.1755E-04   
3.9231E-02   -1.2488E-03   
3.7023E-02   -3.3180E-03   
3.7265E-02   -3.0648E-03   
3.9088E-02   -1.3717E-03   
3.8937E-02   -1.5019E-03   
2.3267E-02   -1.2609E-02   
2.0708E-02   -1.3762E-02   
1.7824E-02   -1.5167E-02   
1.5100E-02   -1.6564E-02   
1.2584E-02   -1.7896E-02   
1.0334E-02   -1.9137E-02   
8.3785E-03   -2.0260E-02   
6.7205E-03   -2.1246E-02   
5.3699E-03   -2.2099E-02   
4.0050E-02   -3.5584E-04   
4.2946E-03   -2.2815E-02   
4.0060E-02   -2.9109E-04   
3.4577E-03   -2.3406E-02   
2.7964E-03   -2.3902E-02   
4.0062E-02   -2.4759E-04   
4.0063E-02   -2.1382E-04   
2.2452E-03   -2.4330E-02   
4.0065E-02   -1.8711E-04   
1.6540E-03   -2.4936E-02   
4.0098E-02   -1.5297E-04   
1.5438E-03   -2.5082E-02   
4.0198E-02   -1.2456E-04   
4.0144E-02   -1.3553E-04   
1.4396E-03   -2.5265E-02   
1.3691E-03   -2.5630E-02   
9.5702E-04   -2.5607E-02   
1.3571E-03   -2.5763E-02   
1.3737E-03   -2.5887E-02   
1.3817E-03   -2.6814E-02   
1.3534E-03   -2.6699E-02   
1.4029E-03   -2.6017E-02   
4.0382E-02   -1.2422E-04   
4.0900E-02   -9.3741E-05   
4.0610E-02   -1.2991E-04   
4.1214E-02   -1.1207E-04   
4.0491E-02   -1.2441E-04   
4.0369E-02   -9.1237E-05   
1.4447E-03   -2.6155E-02   
1.2541E-03   -2.6571E-02   
1.3507E-03   -2.6299E-02   
4.1869E-02   -1.2405E-04   
1.4353E-03   -2.7157E-02   
1.3445E-03   -2.6918E-02   
4.1426E-02   -1.5968E-04   
3.8255E-02   -2.0018E-03   
4.0068E-02   -3.9110E-04   
3.9862E-02   -6.0410E-04   
3.4580E-02   -5.6818E-03   
3.9756E-02   -7.0326E-04   
3.3658E-02   -6.4105E-03   
2.7242E-02   -1.0356E-02   
3.7477E-02   -2.6169E-03   
3.5821E-02   -4.3512E-03   
3.5465E-02   -4.7587E-03   
3.5077E-02   -5.1938E-03   
3.8617E-02   -1.6280E-03   
3.6145E-02   -3.9803E-03   
3.9396E-02   -1.0010E-03   
3.6442E-02   -3.6479E-03   
3.9525E-02   -8.9820E-04   
3.9645E-02   -7.9967E-04   
3.9257E-02   -1.1103E-03   
3.6719E-02   -3.3508E-03   
3.7233E-02   -2.8395E-03   
3.8788E-02   -1.4840E-03   
3.9108E-02   -1.2267E-03   
3.6982E-02   -3.0827E-03   
3.8952E-02   -1.3513E-03   
2.5828E-02   -1.0883E-02   
2.3412E-02   -1.1943E-02   
3.7980E-02   -2.2118E-03   
2.0862E-02   -1.3198E-02   
3.7725E-02   -2.4091E-03   
1.8277E-02   -1.4506E-02   
1.5819E-02   -1.5816E-02   
1.3517E-02   -1.7096E-02   
1.1395E-02   -1.8316E-02   
9.5261E-03   -1.9461E-02   
7.9095E-03   -2.0490E-02   
2.6654E-03   -2.4348E-02   
3.9972E-02   -3.7471E-04   
6.5601E-03   -2.1386E-02   
5.4426E-03   -2.2165E-02   
3.9971E-02   -3.2314E-04   
4.4645E-03   -2.2884E-02   
3.9966E-02   -2.8185E-04   
3.9960E-02   -2.5011E-04   
1.8880E-03   -2.4629E-02   
4.0008E-02   -1.8063E-04   
2.3689E-03   -2.4690E-02   
1.6922E-03   -2.5368E-02   
4.0778E-02   -1.3438E-04   
4.0420E-02   -1.6537E-04   
4.0127E-02   -1.5500E-04   
1.8177E-03   -2.5659E-02   
4.0056E-02   -1.6594E-04   
1.8440E-03   -2.5804E-02   
1.3189E-03   -2.5446E-02   
1.6696E-03   -2.6879E-02   
1.8339E-03   -2.5950E-02   
4.0988E-02   -1.2742E-04   
1.6597E-03   -2.6367E-02   
1.6253E-03   -2.6493E-02   
4.0279E-02   -1.2702E-04   
1.7010E-03   -2.6742E-02   
1.8335E-03   -2.5505E-02   
4.0311E-02   -1.6270E-04   
4.1649E-02   -1.6239E-04   
4.1222E-02   -1.5454E-04   
3.9883E-02   -5.1704E-04   
3.9783E-02   -6.0766E-04   
3.9978E-02   -4.8505E-04   
3.1797E-02   -7.2068E-03   
3.4592E-02   -5.3535E-03   
3.8436E-02   -1.6264E-03   
3.5384E-02   -4.4830E-03   
3.9674E-02   -6.9721E-04   
3.4971E-02   -4.9251E-03   
3.5759E-02   -4.0809E-03   
2.4258E-02   -1.2050E-02   
3.6098E-02   -3.7210E-03   
3.7224E-02   -2.6230E-03   
3.9288E-02   -9.8333E-04   
3.9556E-02   -7.8852E-04   
3.9428E-02   -8.8314E-04   
3.8625E-02   -1.4756E-03   
3.6408E-02   -3.3998E-03   
3.9136E-02   -1.0930E-03   
3.6694E-02   -3.1142E-03   
3.6965E-02   -2.8573E-03   
3.8805E-02   -1.3381E-03   
3.8975E-02   -1.2113E-03   
3.7484E-02   -2.4043E-03   
2.8438E-02   -9.0598E-03   
2.6280E-02   -1.0048E-02   
2.3839E-02   -1.1202E-02   
3.0887E-02   -8.1288E-03   
2.1527E-02   -1.2374E-02   
3.7744E-02   -2.1974E-03   
3.8000E-02   -1.9976E-03   
1.9262E-02   -1.3569E-02   
3.9956E-02   -4.3530E-04   
3.8233E-02   -1.8049E-03   
1.7034E-02   -1.4786E-02   
1.4934E-02   -1.6032E-02   
1.1162E-02   -1.8385E-02   
3.9880E-02   -4.0392E-04   
9.5987E-03   -1.9429E-02   
8.2753E-03   -2.0361E-02   
3.9863E-02   -3.5964E-04   
3.9851E-02   -3.1918E-04   
4.4632E-03   -2.3084E-02   
2.1271E-03   -2.4988E-02   
3.9896E-02   -2.1571E-04   
4.0214E-02   -1.6319E-04   
2.4756E-03   -2.5418E-02   
3.3628E-03   -2.3702E-02   
4.0538E-02   -1.7245E-04   
4.4461E-03   -2.3247E-02   
4.0219E-02   -2.0817E-04   
1.9532E-03   -2.5331E-02   
1.9860E-03   -2.6428E-02   
2.4585E-03   -2.5257E-02   
1.9042E-03   -2.6047E-02   
4.0132E-02   -1.6888E-04   
4.1055E-02   -1.5141E-04   
3.9943E-02   -2.0493E-04   
1.7471E-03   -2.6214E-02   
1.6457E-03   -2.6617E-02   
4.1195E-02   -2.0133E-04   
4.1861E-02   -1.6212E-04   
1.7726E-03   -2.7132E-02   
2.1239E-03   -2.6796E-02   
4.0938E-02   -1.0802E-04   
3.9696E-02   -6.1224E-04   
3.4298E-02   -5.2063E-03   
3.7238E-02   -2.4155E-03   
3.4892E-02   -4.6536E-03   
3.5336E-02   -4.2108E-03   
3.9583E-02   -6.9710E-04   
3.5726E-02   -3.8200E-03   
3.8450E-02   -1.4763E-03   
3.9326E-02   -8.6949E-04   
3.9462E-02   -7.8139E-04   
3.6079E-02   -3.4720E-03   
3.9172E-02   -9.7069E-04   
3.6970E-02   -2.6422E-03   
3.6401E-02   -3.1627E-03   
3.8646E-02   -1.3333E-03   
3.6695E-02   -2.8885E-03   
3.9006E-02   -1.0818E-03   
3.8831E-02   -1.2027E-03   
3.1007E-02   -7.3625E-03   
2.8381E-02   -8.5393E-03   
3.9886E-02   -4.5361E-04   
2.6531E-02   -9.3924E-03   
3.8014E-02   -1.8116E-03   
3.7506E-02   -2.2022E-03   
3.8241E-02   -1.6355E-03   
2.4655E-02   -1.0291E-02   
2.2682E-02   -1.1279E-02   
3.7767E-02   -2.0014E-03   
2.0748E-02   -1.2371E-02   
1.8811E-02   -1.3486E-02   
1.6932E-02   -1.4624E-02   
3.9840E-02   -2.8815E-04   
1.5202E-02   -1.5723E-02   
6.9824E-03   -2.1292E-02   
1.3752E-02   -1.6683E-02   
3.9751E-02   -4.5460E-04   
4.0039E-02   -2.0599E-04   
3.9735E-02   -4.0000E-04   
4.0466E-03   -2.3650E-02   
2.6995E-03   -2.4820E-02   
3.9859E-02   -2.3305E-04   
5.3061E-03   -2.2588E-02   
3.9986E-02   -2.0445E-04   
3.6714E-03   -2.4538E-02   
2.3343E-03   -2.5957E-02   
2.6031E-03   -2.5018E-02   
2.2833E-03   -2.5838E-02   
3.9760E-02   -2.6029E-04   
4.0831E-02   -1.7864E-04   
2.5630E-03   -2.6218E-02   
4.1006E-02   -1.9340E-04   
1.9174E-03   -2.6541E-02   
4.1150E-02   -2.5561E-04   
2.2157E-03   -2.7093E-02   
4.1675E-02   -2.1093E-04   
4.2092E-02   -1.3436E-04   
2.4484E-03   -2.6925E-02   
4.0630E-02   -1.8870E-04   
3.9714E-02   -5.3788E-04   
3.3693E-02   -5.9447E-03   
3.4345E-02   -4.8437E-03   
3.4871E-02   -4.3663E-03   
3.6994E-02   -2.4382E-03   
3.5321E-02   -3.9450E-03   
3.9497E-02   -7.0158E-04   
3.9375E-02   -7.6518E-04   
3.5723E-02   -3.5692E-03   
3.1308E-02   -6.8322E-03   
3.9217E-02   -8.5741E-04   
3.8477E-02   -1.3353E-03   
3.6088E-02   -3.2342E-03   
3.6716E-02   -2.6741E-03   
3.9047E-02   -9.6216E-04   
3.6418E-02   -2.9369E-03   
3.8677E-02   -1.2000E-03   
3.8866E-02   -1.0761E-03   
3.0309E-02   -7.1654E-03   
3.7268E-02   -2.2189E-03   
3.8037E-02   -1.6457E-03   
3.8264E-02   -1.4836E-03   
2.9028E-02   -7.6660E-03   
3.7794E-02   -1.8231E-03   
2.7449E-02   -8.3602E-03   
2.5922E-02   -9.1611E-03   
3.7536E-02   -2.0141E-03   
3.9808E-02   -4.7475E-04   
2.1137E-02   -1.1834E-02   
2.4322E-02   -9.9944E-03   
3.9718E-02   -3.6143E-04   
2.2718E-02   -1.0891E-02   
3.9947E-02   -2.3351E-04   
8.5463E-03   -2.0349E-02   
1.2582E-02   -1.7477E-02   
8.0321E-03   -2.0768E-02   
1.9753E-02   -1.2693E-02   
3.9612E-02   -4.8888E-04   
3.9801E-02   -2.5441E-04   
3.9724E-02   -2.7422E-04   
6.7957E-03   -2.1714E-02   
4.2841E-03   -2.3984E-02   
3.0898E-03   -2.5394E-02   
4.0953E-02   -2.4767E-04   
3.9850E-02   -2.5443E-04   
4.7539E-03   -2.3493E-02   
4.0432E-02   -2.2381E-04   
2.8804E-03   -2.5870E-02   
4.0554E-02   -2.4193E-04   
2.3337E-03   -2.6497E-02   
3.9252E-03   -2.3893E-02   
4.1372E-02   -2.6259E-04   
4.0120E-02   -2.0645E-04   
4.2356E-02   -1.0460E-04   
2.6462E-03   -2.6766E-02   
3.2699E-02   -5.8345E-03   
3.9596E-02   -6.2308E-04   
3.4342E-02   -4.5506E-03   
3.4882E-02   -4.0909E-03   
3.5342E-02   -3.6888E-03   
3.6754E-02   -2.4719E-03   
3.9460E-02   -6.5350E-04   
3.3675E-02   -5.3437E-03   
3.9275E-02   -7.4928E-04   
3.7034E-02   -2.2455E-03   
3.5754E-02   -3.3279E-03   
3.9096E-02   -8.5140E-04   
3.6125E-02   -3.0050E-03   
3.6456E-02   -2.7215E-03   
3.8512E-02   -1.2029E-03   
3.8911E-02   -9.5821E-04   
3.8716E-02   -1.0744E-03   
3.2280E-02   -5.7607E-03   
3.7829E-02   -1.6606E-03   
3.8297E-02   -1.3432E-03   
3.8070E-02   -1.4953E-03   
3.9842E-02   -2.5728E-04   
3.0858E-02   -6.3243E-03   
3.7307E-02   -2.0356E-03   
2.9826E-02   -6.7974E-03   
3.7573E-02   -1.8408E-03   
3.9591E-02   -4.4420E-04   
2.6233E-02   -8.5656E-03   
2.8673E-02   -7.2990E-03   
2.5049E-02   -9.2416E-03   
2.7471E-02   -7.8917E-03   
1.3095E-02   -1.7312E-02   
3.9609E-02   -5.5126E-04   
3.9700E-02   -3.3362E-04   
1.8592E-02   -1.3443E-02   
4.0110E-02   -1.5545E-04   
8.9360E-03   -2.0482E-02   
3.9697E-02   -2.9537E-04   
4.0002E-02   -2.5898E-04   
3.9915E-02   -2.5629E-04   
3.9644E-02   -3.1148E-04   
3.9602E-02   -3.1451E-04   
4.0281E-02   -2.8439E-04   
3.9568E-02   -3.2437E-04   
5.1556E-03   -2.3136E-02   
7.3273E-03   -2.1932E-02   
1.1875E-02   -1.8068E-02   
1.3395E-02   -1.7023E-02   
4.5531E-03   -2.4268E-02   
4.0556E-02   -2.9022E-04   
3.3674E-03   -2.5396E-02   
7.1747E-03   -2.1602E-02   
4.1096E-02   -3.1718E-04   
2.4299E-03   -2.6646E-02   
4.2691E-02   -5.3048E-05   
3.5768E-03   -2.5659E-02   
4.2309E-02   -1.4765E-04   
4.0891E-02   -3.0913E-04   
4.0330E-02   -2.1176E-04   
3.1113E-03   -2.6093E-02   
3.3620E-02   -5.1297E-03   
3.4397E-02   -4.2626E-03   
3.4942E-02   -3.8290E-03   
3.6805E-02   -2.2817E-03   
3.9335E-02   -6.4163E-04   
3.5395E-02   -3.4445E-03   
3.6510E-02   -2.5181E-03   
3.9148E-02   -7.5071E-04   
3.5813E-02   -3.0927E-03   
3.6183E-02   -2.7854E-03   
3.8964E-02   -8.4929E-04   
3.7871E-02   -1.5126E-03   
3.8553E-02   -1.0786E-03   
3.8764E-02   -9.5636E-04   
3.8336E-02   -1.2142E-03   
3.2759E-02   -5.2349E-03   
3.8110E-02   -1.3577E-03   
3.9498E-02   -5.7131E-04   
3.7083E-02   -2.0659E-03   
3.7618E-02   -1.6820E-03   
3.2352E-02   -5.3066E-03   
3.7353E-02   -1.8664E-03   
3.1648E-02   -5.5020E-03   
2.9151E-02   -6.6317E-03   
3.0024E-02   -6.1964E-03   
3.9464E-02   -5.3463E-04   
3.0859E-02   -5.8096E-03   
3.9566E-02   -4.1017E-04   
3.9966E-02   -2.0103E-04   
2.3904E-02   -9.9424E-03   
3.9542E-02   -3.4151E-04   
3.9427E-02   -3.7809E-04   
1.4075E-02   -1.6531E-02   
3.9665E-02   -3.2466E-04   
3.9393E-02   -3.8443E-04   
3.9468E-02   -3.7897E-04   
1.2643E-02   -1.7918E-02   
4.0114E-02   -2.6048E-04   
3.9768E-02   -3.1786E-04   
1.7867E-02   -1.3973E-02   
4.0019E-02   -3.2392E-04   
5.3318E-03   -2.4037E-02   
4.1127E-03   -2.4380E-02   
1.3009E-02   -1.7738E-02   
1.3988E-02   -1.6895E-02   
4.0819E-02   -3.7820E-04   
4.1311E-02   -3.2577E-04   
4.5676E-03   -2.4836E-02   
2.9460E-03   -2.6342E-02   
4.2537E-02   -1.2026E-04   
4.2059E-03   -2.5386E-02   
3.3660E-02   -4.8139E-03   
3.4551E-02   -3.9815E-03   
3.6574E-02   -2.3290E-03   
3.4995E-02   -3.5951E-03   
3.9181E-02   -6.7655E-04   
3.6864E-02   -2.1048E-03   
3.5469E-02   -3.2057E-03   
3.6253E-02   -2.5798E-03   
3.9022E-02   -7.5311E-04   
3.7920E-02   -1.3783E-03   
3.5887E-02   -2.8698E-03   
3.7669E-02   -1.5368E-03   
3.3799E-02   -4.4768E-03   
3.8832E-02   -8.4849E-04   
3.8376E-02   -1.0993E-03   
3.8154E-02   -1.2338E-03   
3.3386E-02   -4.4799E-03   
3.7407E-02   -1.7110E-03   
3.7138E-02   -1.9000E-03   
3.9429E-02   -4.9548E-04   
3.9529E-02   -3.6405E-04   
3.1895E-02   -4.9345E-03   
3.2907E-02   -4.5892E-03   
1.8975E-02   -1.3196E-02   
3.2421E-02   -4.7414E-03   
3.9539E-02   -3.8645E-04   
2.8238E-02   -7.1350E-03   
1.8580E-02   -1.3739E-02   
3.9201E-02   -4.5481E-04   
2.2731E-02   -1.0728E-02   
3.9234E-02   -4.5293E-04   
3.9366E-02   -3.9827E-04   
3.9520E-02   -3.8551E-04   
1.6307E-02   -1.5286E-02   
5.9242E-03   -2.4272E-02   
1.4214E-02   -1.7175E-02   
4.0089E-02   -3.5817E-04   
3.9869E-02   -3.2197E-04   
4.1250E-02   -3.9264E-04   
1.8896E-02   -1.3422E-02   
3.9103E-03   -2.5712E-02   
4.0617E-02   -3.6972E-04   
4.1585E-02   -2.7419E-04   
8.7987E-03   -2.1666E-02   
9.3478E-03   -2.0759E-02   
9.1149E-03   -2.1202E-02   
4.0736E-02   -4.5588E-04   
3.9294E-02   -5.8964E-04   
3.6643E-02   -2.1541E-03   
3.6331E-02   -2.3901E-03   
3.4437E-02   -3.8462E-03   
3.8729E-02   -8.4493E-04   
3.9360E-02   -4.4255E-04   
3.5075E-02   -3.3549E-03   
3.7728E-02   -1.4051E-03   
3.9093E-02   -6.5949E-04   
3.7974E-02   -1.2576E-03   
3.8898E-02   -7.6025E-04   
3.5554E-02   -2.9804E-03   
3.7468E-02   -1.5687E-03   
3.6928E-02   -1.9414E-03   
3.7200E-02   -1.7475E-03   
3.4038E-02   -3.9198E-03   
3.8400E-02   -1.0171E-03   
3.8204E-02   -1.1253E-03   
3.3473E-02   -3.9827E-03   
3.3756E-02   -3.9471E-03   
2.7025E-02   -7.8689E-03   
3.1326E-02   -5.1853E-03   
3.9392E-02   -4.6549E-04   
2.4495E-02   -9.6182E-03   
3.9349E-02   -4.1962E-04   
3.8995E-02   -5.3605E-04   
2.1111E-02   -1.1955E-02   
3.9173E-02   -4.6494E-04   
3.9269E-02   -4.5923E-04   
4.0412E-02   -3.6043E-04   
3.9595E-02   -3.9325E-04   
2.0145E-02   -1.2892E-02   
2.4771E-02   -9.3366E-03   
1.8320E-02   -1.3662E-02   
4.0341E-02   -3.1895E-04   
3.9825E-02   -4.1416E-04   
1.6129E-02   -1.5956E-02   
5.2896E-03   -2.5033E-02   
1.0438E-02   -2.0840E-02   
2.3490E-02   -1.0291E-02   
4.0702E-02   -3.0011E-04   
4.0969E-02   -4.5730E-04   
4.1526E-02   -3.3443E-04   
4.1825E-02   -2.3610E-04   
1.4857E-02   -1.7037E-02   
1.4478E-02   -1.7655E-02   
3.8763E-02   -7.7933E-04   
3.6061E-02   -2.4746E-03   
3.6402E-02   -2.2204E-03   
3.9195E-02   -5.3034E-04   
3.8280E-02   -1.0216E-03   
3.8041E-02   -1.1477E-03   
3.8932E-02   -7.0089E-04   
3.6710E-02   -1.9946E-03   
3.7795E-02   -1.2859E-03   
3.7536E-02   -1.4390E-03   
3.5669E-02   -2.7653E-03   
3.7269E-02   -1.6078E-03   
3.6996E-02   -1.7916E-03   
3.4683E-02   -3.5217E-03   
3.4556E-02   -3.4713E-03   
3.4388E-02   -3.4383E-03   
3.3175E-02   -4.0504E-03   
3.0612E-02   -5.5621E-03   
3.5159E-02   -3.1250E-03   
3.9245E-02   -5.5567E-04   
3.8944E-02   -5.5650E-04   
3.8538E-02   -8.9975E-04   
3.8966E-02   -5.4237E-04   
2.6326E-02   -8.3221E-03   
2.4518E-02   -9.4280E-03   
2.1780E-02   -1.1973E-02   
3.9026E-02   -5.3799E-04   
2.9589E-02   -6.1939E-03   
3.9125E-02   -5.1950E-04   
2.6179E-02   -8.5868E-03   
3.9305E-02   -4.7608E-04   
2.7971E-02   -7.2427E-03   
3.9926E-02   -4.2969E-04   
4.0174E-02   -4.3626E-04   
3.9707E-02   -4.0034E-04   
4.2051E-02   -2.3332E-04   
2.1124E-02   -1.2785E-02   
2.1308E-02   -1.2475E-02   
1.2429E-02   -1.9576E-02   
4.0677E-02   -5.3582E-04   
4.8219E-03   -2.5576E-02   
4.1178E-02   -4.6316E-04   
4.1801E-02   -2.8373E-04   
3.8846E-02   -6.9875E-04   
3.6127E-02   -2.3145E-03   
3.5755E-02   -2.5901E-03   
3.8121E-02   -1.0454E-03   
3.9049E-02   -6.2168E-04   
3.7872E-02   -1.1773E-03   
3.6470E-02   -2.0675E-03   
3.7615E-02   -1.3208E-03   
3.6783E-02   -1.8483E-03   
3.7347E-02   -1.4799E-03   
3.4993E-02   -3.0895E-03   
3.7071E-02   -1.6547E-03   
3.4237E-02   -3.4121E-03   
3.8618E-02   -8.0118E-04   
3.8721E-02   -6.4155E-04   
3.5403E-02   -2.8561E-03   
3.2321E-02   -4.4398E-03   
3.4075E-02   -3.4100E-03   
3.0233E-02   -5.7086E-03   
3.8371E-02   -9.2044E-04   
3.8753E-02   -6.2796E-04   
3.9893E-02   -4.9105E-04   
3.8975E-02   -6.1101E-04   
3.8786E-02   -6.2408E-04   
3.0042E-02   -5.8341E-03   
3.9048E-02   -5.5199E-04   
3.9389E-02   -4.8741E-04   
3.8924E-02   -5.8096E-04   
2.7045E-02   -8.4924E-03   
2.9180E-02   -6.4357E-03   
3.0390E-02   -5.8072E-03   
4.0142E-02   -3.9646E-04   
4.2083E-02   -2.9282E-04   
2.7546E-02   -8.0176E-03   
3.9526E-02   -4.9284E-04   
4.0056E-02   -5.1064E-04   
4.0365E-02   -6.3840E-04   
2.1933E-02   -1.2293E-02   
1.9124E-02   -1.4504E-02   
4.0362E-02   -5.5059E-04   
4.2257E-02   -1.8917E-04   
4.1473E-02   -3.9857E-04   
3.3619E-03   -2.6478E-02   
2.1304E-02   -1.2238E-02   
3.5797E-02   -2.4542E-03   
3.5390E-02   -2.7622E-03   
3.7959E-02   -1.0781E-03   
3.8721E-02   -7.0965E-04   
3.7702E-02   -1.2140E-03   
3.6545E-02   -1.9276E-03   
3.4906E-02   -3.0256E-03   
3.7433E-02   -1.3642E-03   
3.3868E-02   -3.4673E-03   
3.6864E-02   -1.7157E-03   
3.1534E-02   -4.8603E-03   
3.7154E-02   -1.5307E-03   
3.8213E-02   -9.5083E-04   
3.4840E-02   -2.9596E-03   
3.8489E-02   -7.3681E-04   
3.8892E-02   -6.1694E-04   
3.8461E-02   -8.3208E-04   
3.8703E-02   -6.6063E-04   
3.8571E-02   -7.0724E-04   
3.8821E-02   -6.2660E-04   
3.1584E-02   -5.2876E-03   
3.1945E-02   -4.5975E-03   
3.0294E-02   -5.9759E-03   
3.0571E-02   -5.6462E-03   
3.9531E-02   -5.9285E-04   
4.1382E-02   -4.6566E-04   
1.3901E-02   -1.8631E-02   
3.2644E-02   -4.1342E-03   
2.7251E-02   -8.0761E-03   
3.9356E-02   -5.9132E-04   
4.0248E-02   -5.0903E-04   
4.2323E-02   -2.2223E-04   
4.1762E-02   -4.0490E-04   
4.0391E-02   -7.1138E-04   
2.6120E-02   -9.5015E-03   
4.0585E-03   -2.6296E-02   
3.9188E-02   -5.9368E-04   
2.9532E-03   -2.6515E-02   
3.7799E-02   -1.1189E-03   
3.8704E-02   -6.8218E-04   
3.8058E-02   -9.8953E-04   
3.7532E-02   -1.2602E-03   
3.6634E-02   -1.7978E-03   
3.5387E-02   -2.6578E-03   
2.8410E-02   -6.9048E-03   
3.3520E-02   -3.6130E-03   
3.8312E-02   -8.6810E-04   
3.4782E-02   -2.9092E-03   
3.8462E-02   -7.5526E-04   
3.6188E-02   -2.1741E-03   
3.6956E-02   -1.5949E-03   
3.2024E-02   -4.8564E-03   
3.2992E-02   -4.0850E-03   
3.8559E-02   -7.2270E-04   
3.2569E-02   -4.2704E-03   
3.3031E-02   -3.9241E-03   
3.2675E-02   -4.1470E-03   
3.1698E-02   -4.8436E-03   
3.3267E-02   -3.9154E-03   
3.0662E-02   -5.9952E-03   
3.9713E-02   -6.0207E-04   
4.1059E-02   -5.5280E-04   
3.9179E-02   -6.9859E-04   
3.8173E-02   -8.7855E-04   
3.8836E-02   -7.1535E-04   
3.9936E-02   -6.1455E-04   
2.1989E-02   -1.2891E-02   
8.6331E-03   -2.2503E-02   
3.9011E-02   -7.0089E-04   
4.0522E-02   -4.4784E-04   
2.6960E-02   -9.1458E-03   
2.5627E-02   -9.7516E-03   
4.0716E-02   -6.7527E-04   
4.0049E-02   -7.5959E-04   
3.7908E-02   -1.0353E-03   
3.7651E-02   -1.1633E-03   
3.8447E-02   -7.8080E-04   
3.4643E-02   -2.9203E-03   
3.8529E-02   -7.7174E-04   
3.8164E-02   -9.1199E-04   
3.7370E-02   -1.3116E-03   
3.5410E-02   -2.5502E-03   
3.6741E-02   -1.6785E-03   
3.7065E-02   -1.4849E-03   
3.4720E-02   -2.9573E-03   
3.4406E-02   -3.1270E-03   
3.5845E-02   -2.3283E-03   
3.3954E-02   -3.3249E-03   
3.4367E-02   -3.0829E-03   
3.4202E-02   -3.1460E-03   
3.6266E-02   -2.0392E-03   
3.8632E-02   -7.1876E-04   
3.7914E-02   -9.9756E-04   
3.8669E-02   -8.2119E-04   
3.3792E-02   -3.4491E-03   
3.8597E-02   -7.7274E-04   
3.0268E-02   -6.5264E-03   
3.9343E-02   -7.0586E-04   
3.4050E-02   -3.6558E-03   
1.4854E-02   -1.7554E-02   
2.8254E-02   -8.3127E-03   
3.8276E-02   -8.5134E-04   
3.8827E-02   -8.1390E-04   
3.4848E-02   -2.9710E-03   
3.0878E-02   -6.2171E-03   
1.4880E-02   -1.8256E-02   
4.0095E-02   -8.3077E-04   
4.1069E-02   -6.4144E-04   
3.7788E-02   -1.0777E-03   
3.8018E-02   -9.6281E-04   
3.6375E-02   -1.9054E-03   
3.4859E-02   -2.7472E-03   
3.6864E-02   -1.5717E-03   
3.5022E-02   -2.6511E-03   
3.5478E-02   -2.4172E-03   
3.7945E-02   -9.9038E-04   
3.5929E-02   -2.1933E-03   
3.5326E-02   -2.4798E-03   
3.8874E-02   -6.2581E-04   
3.7195E-02   -1.3807E-03   
3.8252E-02   -8.5483E-04   
3.5281E-02   -2.5253E-03   
3.8482E-02   -9.3777E-04   
3.5558E-02   -2.3966E-03   
3.8537E-02   -8.3438E-04   
9.1861E-03   -2.1650E-02   
3.0267E-02   -6.9918E-03   
3.8981E-02   -8.1741E-04   
8.3873E-03   -2.2825E-02   
3.6096E-02   -2.2363E-03   
3.3430E-02   -4.2699E-03   
3.8287E-02   -8.7743E-04   
3.9510E-02   -7.2208E-04   
1.5661E-02   -1.7681E-02   
3.5809E-02   -2.4954E-03   
3.3972E-02   -4.0225E-03   
2.3680E-02   -1.1731E-02   
3.9730E-02   -8.9351E-04   
3.5080E-02   -2.7398E-03   
4.1449E-02   -6.0107E-04   
3.6511E-02   -1.7828E-03   
3.5855E-02   -2.1441E-03   
3.7544E-02   -1.1920E-03   
3.6089E-02   -2.0416E-03   
3.7624E-02   -1.1393E-03   
3.5800E-02   -2.2661E-03   
3.4882E-02   -2.7572E-03   
3.8772E-02   -9.4612E-04   
3.6982E-02   -1.4812E-03   
3.6062E-02   -2.0527E-03   
3.5842E-02   -2.1749E-03   
3.7957E-02   -1.0063E-03   
3.8625E-02   -9.3834E-04   
3.7847E-02   -1.0351E-03   
3.5271E-02   -2.4843E-03   
3.8278E-02   -9.2012E-04   
2.6227E-02   -9.1459E-03   
3.5976E-02   -2.2327E-03   
3.5660E-02   -2.7531E-03   
3.5669E-02   -2.8164E-03   
3.4348E-02   -3.9043E-03   
3.4528E-02   -4.0449E-03   
3.9776E-02   -9.8086E-04   
8.9259E-03   -2.2793E-02   
3.9284E-02   -8.5140E-04   
4.1769E-02   -4.9252E-04   
3.6641E-02   -1.6790E-03   
3.6263E-02   -1.9100E-03   
3.7335E-02   -1.2851E-03   
3.6431E-02   -1.8104E-03   
3.7627E-02   -1.1502E-03   
3.8298E-02   -9.6072E-04   
3.7965E-02   -1.0350E-03   
3.6265E-02   -1.9639E-03   
3.8418E-02   -1.0711E-03   
3.8277E-02   -1.0657E-03   
3.9394E-02   -9.4707E-04   
3.8921E-02   -9.6290E-04   
3.6690E-02   -2.2322E-03   
3.6555E-02   -2.1719E-03   
3.5627E-02   -2.2817E-03   
3.9646E-02   -7.5693E-04   
4.0415E-02   -7.7362E-04   
3.9313E-02   -1.1698E-03   
3.5607E-02   -3.1956E-03   
3.3261E-02   -5.1916E-03   
3.6468E-02   -2.5366E-03   
3.6619E-02   -1.8864E-03   
1.5885E-02   -1.8072E-02   
4.1809E-02   -5.6481E-04   
3.6391E-02   -1.8086E-03   
3.7652E-02   -1.1268E-03   
3.5946E-02   -2.0711E-03   
3.7057E-02   -1.4308E-03   
3.8015E-02   -1.2306E-03   
3.7281E-02   -1.3158E-03   
3.6752E-02   -1.5984E-03   
3.7632E-02   -1.1734E-03   
3.6600E-02   -1.7466E-03   
3.7953E-02   -1.1263E-03   
3.6779E-02   -1.6904E-03   
3.7942E-02   -1.1848E-03   
3.9710E-02   -8.1594E-04   
3.8568E-02   -1.0792E-03   
3.9083E-02   -9.8900E-04   
4.0647E-02   -7.8214E-04   
3.6630E-02   -2.0090E-03   
3.9424E-02   -8.7006E-04   
3.6749E-02   -1.8771E-03   
3.9059E-02   -1.0863E-03   
3.6311E-02   -1.8630E-03   
3.7004E-02   -1.6356E-03   
3.6973E-02   -2.1675E-03   
3.8990E-02   -1.1960E-03   
3.9706E-02   -1.0880E-03   
3.6426E-02   -2.3130E-03   
3.6924E-02   -2.3760E-03   
3.5686E-02   -3.5115E-03   
9.3507E-03   -2.2998E-02   
3.6485E-02   -1.7466E-03   
3.7026E-02   -1.5261E-03   
3.6909E-02   -1.5126E-03   
3.7314E-02   -1.3151E-03   
3.7084E-02   -1.7578E-03   
3.6848E-02   -1.5854E-03   
3.7635E-02   -1.3524E-03   
3.8267E-02   -1.1854E-03   
3.7117E-02   -2.5671E-03   
3.8708E-02   -1.2300E-03   
3.5949E-02   -2.0800E-03   
3.7128E-02   -1.6526E-03   
3.8701E-02   -1.1007E-03   
3.7661E-02   -1.1942E-03   
3.7598E-02   -1.3037E-03   
3.7299E-02   -1.9347E-03   
6.2809E-03   -2.5300E-02   
3.7257E-02   -2.1249E-03   
3.8889E-02   -1.3068E-03   
3.9998E-02   -9.8784E-04   
3.7978E-02   -1.0697E-03   
3.5616E-02   -2.2711E-03   
3.6678E-02   -1.6600E-03   
3.7197E-02   -1.4839E-03   
3.6993E-02   -1.4871E-03   
3.8344E-02   -1.2210E-03   
3.7411E-02   -1.3418E-03   
3.7339E-02   -1.5063E-03   
3.7055E-02   -1.4441E-03   
3.8558E-02   -1.4637E-03   
3.6753E-02   -1.6095E-03   
4.0315E-02   -9.3030E-04   
3.8597E-02   -1.3539E-03   
3.7082E-02   -1.9455E-03   
3.7354E-02   -1.4546E-03   
3.7579E-02   -2.2659E-03   
4.4300E-03   -2.6487E-02   
3.7719E-02   -1.2050E-03   
3.7458E-02   -1.7221E-03   
3.7992E-02   -1.3300E-03   
3.8055E-02   -1.4001E-03   
3.7599E-02   -1.7405E-03   
3.8588E-02   -1.5608E-03   
3.7377E-02   -1.6065E-03   
3.7546E-02   -2.1530E-03   
3.7624E-02   -2.3382E-03   
3.7873E-02   -1.5598E-03   
3.7398E-02   -1.6705E-03   
3.7991E-02   -2.2556E-03   
3.7757E-02   -1.7718E-03   
3.8808E-02   -1.1282E-03   
3.9042E-02   -1.4500E-03   
3.8175E-02   -1.6543E-03   
3.7684E-02   -1.5040E-03   
3.8307E-02   -1.3880E-03   
3.7493E-02   -1.9438E-03   
3.8169E-02   -1.7639E-03   
3.9476E-02   -1.2378E-03   
3.8467E-02   -2.0283E-03   
3.7863E-02   -1.8169E-03   
3.7694E-02   -1.5703E-03   
3.8065E-02   -1.9164E-03   
3.8379E-02   -1.8818E-03   
3.8885E-02   -1.6920E-03   
3.9137E-02   -1.5189E-03   
3.8659E-02   -1.8692E-03   
4.1689E-04   -2.7477E-02   
3.7940E-02   -2.0591E-03   
3.7109E-02   -2.6612E-03   
4.2571E-02   -2.1868E-04   
8.9911E-04   -2.6592E-02   
4.3456E-02   -2.8047E-05   
4.2174E-02   -5.2878E-04   
7.6195E-04   -2.7552E-02   
3.7199E-03   -2.6685E-02   
3.8549E-02   -2.1047E-03   
4.2791E-02   -1.0753E-04   
1.1603E-03   -2.7525E-02   
5.7714E-03   -2.5192E-02   
1.6410E-03   -2.7492E-02   
2.1289E-03   -2.7458E-02   
2.6116E-03   -2.7409E-02   
3.1090E-03   -2.7335E-02   
4.3758E-02   -2.5211E-05   
3.6207E-03   -2.7202E-02   
4.1703E-03   -2.6925E-02   
4.2039E-02   -4.1299E-04   
5.0626E-03   -2.6324E-02   
4.4072E-02   -2.3253E-05   
7.0097E-03   -2.4738E-02   
1.3210E-02   -1.9961E-02   
3.9446E-02   -1.3594E-03   
2.2944E-02   -1.2909E-02   
4.4405E-02   -2.0631E-05   
4.0916E-02   -5.2125E-04   
2.8157E-02   -9.3948E-03   
3.0990E-02   -6.3103E-03   
2.6972E-03   -2.7043E-02   
4.2146E-02   -3.4928E-04   
3.4153E-02   -5.6202E-03   
3.7131E-02   -3.7354E-03   
4.4752E-02   -1.7023E-05   
3.8660E-02   -2.9070E-03   
2.4213E-02   -1.1865E-02   
3.9368E-02   -2.6850E-03   
3.9877E-02   -2.6068E-03   
4.5114E-02   -1.3339E-05   
4.0472E-02   -2.4242E-03   
4.1130E-02   -2.2882E-03   
1.2008E-03   -2.7254E-02   
4.1738E-02   -2.1497E-03   
4.5535E-02   -1.0272E-05   
4.2932E-02   -6.5231E-05   
3.0354E-02   -7.3935E-03   
4.2386E-02   -1.9807E-03   
4.2998E-02   -1.8420E-03   
4.1510E-02   -6.6325E-04   
4.6009E-02   -3.9472E-06   
4.0671E-02   -8.6707E-04   
3.9959E-02   -1.0733E-03   
4.4169E-02   -1.4980E-03   
4.6458E-02   -2.1671E-04   
4.6554E-02   -2.3791E-04   
4.6549E-02   -2.7440E-05   
4.6603E-02   -4.8720E-06   
4.6492E-02   -1.1013E-04   
7.4252E-03   -2.4614E-02   
4.5399E-02   -9.6459E-04   
1.3986E-03   -2.7369E-02   
4.0906E-02   -8.8103E-04   
4.0376E-02   -1.0186E-03   
2.4417E-03   -2.7188E-02   
3.9717E-02   -1.3416E-03   
3.1286E-03   -2.6994E-02   
4.2829E-02   -1.7822E-04   
3.9106E-02   -1.7025E-03   
4.2479E-02   -4.2728E-04   
3.5136E-03   -2.6986E-02   
3.0883E-02   -7.0217E-03   
2.4121E-03   -2.7312E-02   
3.5489E-02   -3.8051E-03   
3.4322E-03   -2.7152E-02   
4.1362E-02   -7.6434E-04   
4.1563E-02   -2.0374E-03   
3.8571E-02   -2.7907E-03   
5.1292E-03   -2.6280E-02   
2.3262E-02   -1.2761E-02   
1.3913E-02   -1.9698E-02   
1.5894E-02   -1.8254E-02   
4.4220E-02   -4.5206E-05   
3.9077E-02   -1.9751E-03   
4.3058E-02   -9.4646E-05   
4.2239E-02   -5.9064E-04   
4.3613E-02   -5.0212E-05   
4.5477E-02   -2.3814E-05   
3.8125E-02   -2.3263E-03   
3.9611E-02   -2.4863E-03   
4.2356E-02   -2.5262E-04   
4.2389E-02   -3.6386E-04   
3.9426E-02   -1.4331E-03   
3.5637E-02   -3.6033E-03   
4.6297E-02   -9.0502E-07   
4.3611E-02   -1.6694E-03   
2.8175E-02   -9.2562E-03   
4.2528E-02   -1.7955E-03   
4.6591E-02   -1.3767E-04   
4.6695E-02   -1.5460E-06   
4.6666E-02   -1.3510E-05   
4.6622E-02   -6.3804E-05   
4.0561E-02   -2.2374E-03   
3.5595E-02   -4.3167E-03   
4.4905E-02   -3.1273E-05   
4.4719E-02   -1.0721E-03   
4.6059E-02   -1.2435E-05   
4.5426E-02   -8.2093E-04   
4.5871E-02   -2.6821E-04   
4.6111E-02   -1.9436E-05   
4.6017E-02   -7.1561E-05   
4.5735E-02   -5.0433E-04   
4.1213E-02   -8.8956E-04   
3.8519E-02   -2.6496E-03   
4.2952E-02   -1.3373E-04   
4.3272E-02   -1.0893E-04   
4.4021E-02   -7.5387E-05   
1.5518E-03   -2.7242E-02   
3.7844E-02   -2.5396E-03   
4.0194E-02   -1.1878E-03   
2.1604E-02   -1.3956E-02   
4.2850E-02   -2.2492E-04   
4.4699E-02   -5.5662E-05   
4.3411E-02   -1.5879E-03   
5.1949E-03   -2.6186E-02   
3.7724E-02   -2.9783E-03   
2.8365E-02   -9.0902E-03   
3.9521E-02   -2.4014E-03   
3.6320E-02   -3.4677E-03   
4.1148E-02   -2.0306E-03   
3.9574E-02   -1.5954E-03   
3.3463E-02   -5.5284E-03   
4.2055E-02   -7.0418E-04   
4.2546E-02   -4.9310E-04   
4.0096E-02   -2.2658E-03   
3.9547E-02   -1.7457E-03   
4.5094E-02   -4.3232E-05   
3.9168E-02   -2.0927E-03   
4.4358E-02   -6.5548E-05   
3.3657E-02   -5.2643E-03   
4.2697E-02   -2.9232E-04   
3.9014E-02   -2.5337E-03   
3.9969E-02   -1.3749E-03   
4.3634E-02   -8.3822E-05   
4.2766E-02   -3.3844E-04   
4.5284E-02   -4.2141E-04   
4.5640E-02   -4.5393E-05   
4.5517E-02   -1.3321E-04   
4.5726E-02   -2.2171E-05   
4.1618E-02   -7.7501E-04   
4.3963E-02   -1.3123E-03   
4.4882E-02   -8.4665E-04   
4.6004E-02   -5.2248E-05   
4.5785E-02   -4.0532E-04   
4.5867E-02   -1.4781E-04   
4.5797E-02   -1.9544E-04   
3.8900E-02   -2.4241E-03   
3.2278E-02   -6.3223E-03   
4.4813E-02   -7.2923E-05   
4.2973E-02   -1.6422E-03   
3.7313E-02   -3.0269E-03   
3.9595E-02   -1.8698E-03   
3.8777E-02   -2.3200E-03   
4.2939E-02   -4.5302E-04   
4.3478E-02   -1.2631E-04   
4.0733E-02   -2.0444E-03   
4.4173E-02   -9.4798E-05   
4.5440E-02   -2.0663E-04   
4.5657E-02   -7.7315E-05   
4.3135E-02   -3.0581E-04   
4.1063E-02   -1.0283E-03   
4.3185E-02   -2.0628E-04   
4.0536E-02   -1.1886E-03   
4.5294E-02   -3.0352E-04   
4.4184E-02   -1.0420E-03   
4.2381E-02   -6.9518E-04   
4.1742E-02   -1.8266E-03   
4.0001E-02   -1.5463E-03   
3.8303E-02   -2.4463E-03   
3.9913E-02   -2.1820E-03   
4.2082E-02   -7.8821E-04   
4.5441E-02   -4.0525E-05   
4.3877E-02   -1.2248E-03   
4.5007E-02   -6.1796E-04   
4.0887E-02   -1.8416E-03   
4.0500E-02   -1.4685E-03   
4.1954E-02   -9.0419E-04   
4.2778E-02   -6.3772E-04   
4.0304E-02   -1.9672E-03   
3.9287E-02   -2.2011E-03   
4.4922E-02   -8.9162E-05   
4.3593E-02   -1.2216E-03   
4.4180E-02   -1.2961E-04   
4.4585E-02   -1.0827E-04   
3.9796E-02   -2.0844E-03   
4.3407E-02   -2.2687E-04   
4.3476E-02   -1.6645E-04   
4.3234E-02   -3.5681E-04   
3.9980E-02   -1.4664E-03   
4.0069E-02   -1.7786E-03   
4.3051E-02   -5.1101E-04   
4.1915E-02   -1.6450E-03   
4.1407E-02   -1.0330E-03   
4.0907E-02   -1.1768E-03   
4.0390E-02   -1.6164E-03   
4.2383E-02   -8.4360E-04   
4.2685E-02   -7.4142E-04   
4.2160E-02   -1.8077E-03   
4.3340E-02   -4.0713E-04   
4.0179E-02   -1.8740E-03   
4.5258E-02   -6.8905E-05   
4.3778E-02   -1.7221E-04   
4.3503E-02   -2.7770E-04   
4.2969E-02   -1.4087E-03   
4.4031E-02   -1.8457E-04   
4.0818E-02   -1.2984E-03   
4.1663E-02   -1.0526E-03   
4.2733E-02   -8.2057E-04   
4.0529E-02   -1.6800E-03   
4.3896E-02   -2.4438E-04   
4.3899E-02   -1.0192E-03   
4.3192E-02   -5.4880E-04   
4.3737E-02   -3.5950E-04   
4.2720E-02   -1.6184E-03   
4.4734E-02   -1.2566E-04   
4.1065E-02   -1.3233E-03   
4.1585E-02   -1.1689E-03   
4.5393E-02   -8.2210E-05   
4.3543E-02   -5.0493E-04   
4.4936E-02   -1.3870E-04   
4.1024E-02   -1.5622E-03   
4.3939E-02   -2.8967E-04   
4.4516E-02   -1.7408E-04   
4.3852E-02   -3.9922E-04   
4.1983E-02   -1.1491E-03   
4.4212E-02   -1.9676E-04   
4.2510E-02   -9.8610E-04   
4.3288E-02   -7.1225E-04   
4.4212E-02   -2.9617E-04   
4.3428E-02   -7.8950E-04   
4.1153E-02   -1.6414E-03   
4.2878E-02   -9.7395E-04   
4.1416E-02   -1.3458E-03   
4.2349E-02   -1.1420E-03   
4.4587E-02   -2.0649E-04   
4.5319E-02   -1.2413E-04   
4.3721E-02   -7.9882E-04   
4.3272E-02   -9.4687E-04   
4.4676E-02   -2.4034E-04   
4.1536E-02   -1.4572E-03   
4.2109E-02   -1.3288E-03   
4.4453E-02   -3.0577E-04   
4.4192E-02   -7.1076E-04   
4.3189E-02   -1.0904E-03   
4.5081E-02   -1.8853E-04   
4.4410E-02   -3.6201E-04   
4.4127E-02   -8.4215E-04   
4.5247E-02   -2.0573E-04   
4.3639E-02   -1.0074E-03   
4.3970E-02   -4.4099E-04   
4.3657E-02   -5.6147E-04   
4.3825E-02   -6.1187E-04   
4.4348E-02   -5.0310E-04   
