51 
1844 
9.3307E-03   -3.4675E-03   
1.0659E-02   -2.5278E-03   
1.1726E-02   -1.6576E-03   
1.2454E-02   -8.3468E-04   
9.7646E-37   -1.2101E-03   
1.2708E-02   1.3406E-37   
1.2860E-02   -1.5614E-34   
1.3024E-02   -3.7692E-35   
1.3417E-02   2.1918E-35   
1.3795E-02   5.0722E-35   
1.4292E-02   1.3044E-34   
1.4914E-02   1.9562E-34   
1.5401E-02   2.4357E-34   
1.6242E-02   3.7622E-34   
1.6876E-02   4.5309E-34   
1.7569E-02   3.9029E-34   
1.7938E-02   6.0228E-34   
1.8718E-02   8.7319E-34   
1.9557E-02   1.2309E-33   
2.0000E-02   -1.7920E-30   
2.0000E-02   -1.3893E-34   
2.0000E-02   -1.3893E-34   
2.0000E-02   -1.3893E-34   
2.0000E-02   -1.3893E-34   
2.0000E-02   -1.3893E-34   
2.0000E-02   -1.3893E-34   
2.0000E-02   -1.3893E-34   
2.0000E-02   -1.3893E-34   
2.0000E-02   -1.3893E-34   
2.0000E-02   -1.3893E-34   
2.0000E-02   -1.3893E-34   
2.0000E-02   -1.3893E-34   
1.8739E-02   -8.0385E-04   
1.7395E-02   -1.4943E-03   
1.6772E-02   -1.7396E-03   
1.6154E-02   -1.9447E-03   
1.4925E-02   -2.2851E-03   
1.4309E-02   -2.4370E-03   
1.3073E-02   -2.7333E-03   
1.2451E-02   -2.8854E-03   
1.1166E-02   -3.2520E-03   
9.0883E-03   -4.2524E-03   
7.5382E-03   -5.0735E-03   
4.7957E-03   -6.7819E-03   
3.7589E-03   -7.4517E-03   
3.2876E-03   -7.7190E-03   
2.4005E-03   -8.1171E-03   
1.5634E-03   -8.3731E-03   
7.6605E-04   -8.5168E-03   
-2.5592E-37   -8.5574E-03   
1.3020E-33   -8.2990E-03   
1.4009E-33   -8.0408E-03   
1.3433E-33   -7.6936E-03   
1.2793E-33   -7.4981E-03   
1.1260E-33   -7.1992E-03   
1.0241E-33   -7.0497E-03   
9.3830E-34   -6.9440E-03   
8.4230E-34   -6.9140E-03   
6.9033E-34   -6.5262E-03   
7.9951E-03   -3.4000E-03   
1.9444E-02   -2.2033E-05   
1.8868E-02   -5.9215E-05   
1.8045E-02   -1.2259E-04   
1.7373E-02   -1.8296E-04   
1.6717E-02   -2.6161E-04   
1.5998E-02   -3.1675E-04   
1.5420E-02   -3.4680E-04   
1.4689E-02   -4.2244E-04   
1.3976E-02   -4.8112E-04   
1.3270E-02   -5.4012E-04   
1.2580E-02   -5.9930E-04   
1.1870E-02   -6.8035E-04   
1.1138E-02   -8.4337E-04   
1.0145E-02   -1.2570E-03   
9.1329E-03   -2.0402E-03   
1.0786E-02   -1.7506E-03   
1.1291E-02   -8.1584E-04   
1.1887E-02   -4.7889E-04   
1.2481E-02   -3.6917E-04   
1.3069E-02   -3.3407E-04   
1.3639E-02   -3.1863E-04   
1.4312E-02   -2.7572E-04   
1.4939E-02   -2.4319E-04   
1.5529E-02   -2.0839E-04   
1.6129E-02   -2.0044E-04   
1.6805E-02   -1.4869E-04   
1.7456E-02   -1.0837E-04   
1.8094E-02   -7.9302E-05   
1.8781E-02   -3.7803E-05   
1.9382E-02   -1.1511E-05   
1.2372E-02   -4.2161E-04   
1.2643E-02   -1.8685E-04   
1.2962E-02   -1.4411E-04   
1.3435E-02   -1.2898E-04   
1.3903E-02   -1.2251E-04   
1.4490E-02   -1.2173E-04   
1.5024E-02   -1.1947E-04   
1.5561E-02   -1.1181E-04   
1.6266E-02   -8.4430E-05   
1.6860E-02   -6.4069E-05   
1.7536E-02   -5.0422E-05   
1.8208E-02   -3.1750E-05   
1.8870E-02   -1.6584E-05   
1.9486E-02   -2.9758E-06   
1.9334E-02   -4.2439E-05   
1.8701E-02   -1.0702E-04   
1.7928E-02   -2.0430E-04   
1.7233E-02   -2.7025E-04   
1.6613E-02   -3.6814E-04   
1.5857E-02   -4.5537E-04   
1.5115E-02   -5.4194E-04   
1.4417E-02   -6.1870E-04   
1.3684E-02   -7.1635E-04   
1.3001E-02   -8.0877E-04   
1.2123E-02   -9.5140E-04   
1.1183E-02   -1.1437E-03   
1.0271E-02   -1.3809E-03   
9.2613E-03   -1.7448E-03   
7.7425E-03   -2.5855E-03   
3.5249E-03   -5.2561E-03   
1.9280E-02   -7.4359E-05   
1.8734E-02   -1.5104E-04   
1.7798E-02   -2.9933E-04   
1.7188E-02   -3.9881E-04   
1.6468E-02   -5.0373E-04   
1.5596E-02   -6.4813E-04   
1.4848E-02   -7.3965E-04   
1.4118E-02   -8.4458E-04   
1.3245E-02   -1.0027E-03   
1.2418E-02   -1.1822E-03   
1.1544E-02   -1.3834E-03   
1.0657E-02   -1.5671E-03   
9.6273E-03   -1.8994E-03   
8.3901E-03   -2.3727E-03   
5.2174E-03   -4.2103E-03   
1.2203E-03   -6.5994E-03   
1.9475E-02   -7.1281E-05   
1.8463E-02   -2.5499E-04   
1.7892E-02   -3.5780E-04   
1.7190E-02   -5.0363E-04   
1.6153E-02   -6.9645E-04   
1.5416E-02   -8.3447E-04   
1.4664E-02   -9.5820E-04   
1.3762E-02   -1.1370E-03   
1.2933E-02   -1.3265E-03   
1.2060E-02   -1.5103E-03   
1.1224E-02   -1.7187E-03   
1.0187E-02   -1.9888E-03   
8.8924E-03   -2.5248E-03   
6.7014E-03   -3.6712E-03   
3.0016E-03   -5.9783E-03   
1.0350E-03   -6.9036E-03   
1.9137E-02   -1.7019E-04   
1.8530E-02   -3.1700E-04   
1.7795E-02   -5.0045E-04   
1.7054E-02   -6.8254E-04   
1.5994E-02   -9.0441E-04   
1.5157E-02   -1.0518E-03   
1.4282E-02   -1.2582E-03   
1.3443E-02   -1.4615E-03   
1.2487E-02   -1.6533E-03   
1.1706E-02   -1.8369E-03   
1.0849E-02   -2.1303E-03   
9.6931E-03   -2.5354E-03   
7.6624E-03   -3.5896E-03   
4.4593E-03   -5.5775E-03   
1.9679E-03   -6.9266E-03   
1.0206E-03   -7.1116E-03   
1.9301E-02   -2.0397E-04   
1.8457E-02   -4.6673E-04   
1.7774E-02   -6.4073E-04   
1.6694E-02   -9.3228E-04   
1.5738E-02   -1.1852E-03   
1.4910E-02   -1.3411E-03   
1.3866E-02   -1.5747E-03   
1.3080E-02   -1.7652E-03   
1.2093E-02   -1.9921E-03   
1.1212E-02   -2.2565E-03   
1.0189E-02   -2.6137E-03   
8.9894E-03   -3.1838E-03   
6.3125E-03   -4.8415E-03   
3.3031E-03   -6.7050E-03   
1.9889E-03   -7.1917E-03   
9.3710E-04   -7.3716E-03   
1.9171E-02   -2.9607E-04   
1.8232E-02   -6.2657E-04   
1.7578E-02   -8.2469E-04   
1.6299E-02   -1.2216E-03   
1.5529E-02   -1.4161E-03   
1.4648E-02   -1.6420E-03   
1.3700E-02   -1.8299E-03   
1.2722E-02   -2.0716E-03   
1.1625E-02   -2.3853E-03   
1.0718E-02   -2.6930E-03   
9.6889E-03   -3.1456E-03   
7.7356E-03   -4.3030E-03   
4.4960E-03   -6.4823E-03   
3.0647E-03   -7.1687E-03   
1.9677E-03   -7.4798E-03   
9.7646E-04   -7.6395E-03   
1.9207E-02   -3.9197E-04   
1.8387E-02   -7.5650E-04   
1.7302E-02   -1.1258E-03   
1.6347E-02   -1.4633E-03   
1.5336E-02   -1.6536E-03   
1.4339E-02   -1.8853E-03   
1.3373E-02   -2.1313E-03   
1.2392E-02   -2.3896E-03   
1.1394E-02   -2.6755E-03   
1.0248E-02   -3.0770E-03   
8.4553E-03   -4.1683E-03   
5.7125E-03   -6.0029E-03   
3.9153E-03   -7.0664E-03   
2.8861E-03   -7.4917E-03   
1.8637E-03   -7.7869E-03   
1.0349E-03   -7.9081E-03   
1.8870E-02   -6.8476E-04   
1.7899E-02   -1.1767E-03   
1.7118E-02   -1.4187E-03   
1.5850E-02   -1.8014E-03   
1.5066E-02   -1.9946E-03   
1.3957E-02   -2.2607E-03   
1.2972E-02   -2.5191E-03   
1.2096E-02   -2.7059E-03   
1.1012E-02   -3.0197E-03   
9.4121E-03   -3.7632E-03   
7.3976E-03   -4.9977E-03   
4.8127E-03   -6.7837E-03   
3.6392E-03   -7.4382E-03   
2.6824E-03   -7.8113E-03   
1.7795E-03   -8.0693E-03   
7.9018E-04   -8.2788E-03   
2.0514E-03   -1.3194E-03   
3.9176E-03   -1.5382E-03   
5.6057E-03   -1.8245E-03   
6.8184E-03   -2.2299E-03   
7.6757E-03   -2.6531E-03   
8.4553E-03   -3.1294E-03   
8.9565E-03   -3.3542E-03   
9.5719E-03   -3.4297E-03   
9.7435E-03   -3.3069E-03   
9.9008E-03   -3.1672E-03   
1.0054E-02   -3.0301E-03   
1.0207E-02   -2.8980E-03   
1.0360E-02   -2.7707E-03   
1.0510E-02   -2.6474E-03   
1.0805E-02   -2.4115E-03   
1.0948E-02   -2.2981E-03   
1.1088E-02   -2.1872E-03   
1.1224E-02   -2.0786E-03   
1.1357E-02   -1.9716E-03   
1.1485E-02   -1.8659E-03   
1.1608E-02   -1.7613E-03   
1.1839E-02   -1.5546E-03   
1.1946E-02   -1.4519E-03   
1.2047E-02   -1.3493E-03   
1.2142E-02   -1.2467E-03   
1.2230E-02   -1.1440E-03   
1.2312E-02   -1.0411E-03   
1.2386E-02   -9.3804E-04   
1.2513E-02   -7.3103E-04   
1.2566E-02   -6.2708E-04   
1.2610E-02   -5.2276E-04   
1.2643E-02   -4.1856E-04   
1.2677E-02   -3.1675E-04   
1.2693E-02   -2.1454E-04   
1.2709E-02   -1.0012E-04   
1.2757E-02   -5.9009E-34   
1.2786E-02   -5.6996E-34   
1.2808E-02   -4.3858E-34   
1.2826E-02   -2.4429E-34   
1.2842E-02   -1.9494E-34   
1.2880E-02   -1.2379E-34   
1.2906E-02   -9.6648E-35   
1.2937E-02   -7.3801E-35   
1.2977E-02   -5.4391E-35   
1.3081E-02   -2.3206E-35   
1.3148E-02   -1.0559E-35   
1.3226E-02   6.9660E-37   
1.3316E-02   1.1343E-35   
1.3530E-02   3.1602E-35   
1.3656E-02   4.1220E-35   
1.3947E-02   6.1143E-35   
1.4112E-02   7.1756E-35   
1.4485E-02   1.4029E-34   
1.4692E-02   1.0930E-34   
1.5150E-02   2.1368E-34   
1.5666E-02   2.8242E-34   
1.5947E-02   3.1990E-34   
1.6552E-02   3.8553E-34   
1.7215E-02   5.1055E-34   
1.8321E-02   7.4261E-34   
1.9130E-02   7.5548E-34   
2.0000E-02   -1.3893E-34   
2.0000E-02   -1.3893E-34   
2.0000E-02   -1.3893E-34   
2.0000E-02   -1.3893E-34   
2.0000E-02   -1.3893E-34   
1.8043E-02   -1.1932E-03   
1.5540E-02   -2.1231E-03   
1.3692E-02   -2.5847E-03   
1.1830E-02   -3.0498E-03   
1.0309E-02   -3.6104E-03   
5.8845E-03   -6.0555E-03   
4.2576E-03   -7.1289E-03   
2.8366E-03   -7.9381E-03   
1.9764E-03   -8.2593E-03   
1.1597E-03   -8.4576E-03   
3.8141E-04   -8.5526E-03   
9.5187E-34   -8.4304E-03   
1.3715E-33   -8.1682E-03   
1.3670E-33   -7.9187E-03   
2.0032E-33   -7.8028E-03   
2.0399E-33   -7.5920E-03   
1.2508E-33   -7.4120E-03   
1.2169E-33   -7.3336E-03   
1.1695E-33   -7.2628E-03   
1.0897E-33   -7.1426E-03   
1.0555E-33   -7.0928E-03   
9.9783E-34   -7.0132E-03   
9.7390E-34   -6.9835E-03   
9.5449E-34   -6.9604E-03   
9.2736E-34   -6.9339E-03   
9.1111E-34   -6.9290E-03   
8.8954E-34   -6.9263E-03   
8.6650E-34   -6.9223E-03   
8.2108E-34   -6.8985E-03   
7.9495E-34   -6.8716E-03   
7.7092E-34   -6.8291E-03   
7.4562E-34   -6.7652E-03   
7.1577E-34   -6.6688E-03   
6.6389E-34   -6.3218E-03   
6.3808E-34   -6.0394E-03   
6.1097E-34   -5.6649E-03   
5.8624E-34   -5.1924E-03   
5.6392E-34   -4.6179E-03   
8.2346E-34   -3.9183E-03   
7.5859E-34   -3.1289E-03   
5.5794E-34   -2.1967E-03   
9.8261E-03   -3.0480E-03   
1.0906E-02   -2.1545E-03   
1.1328E-02   -1.8204E-03   
1.0142E-02   -2.7718E-03   
1.2335E-02   -9.0372E-04   
9.3363E-03   -3.4824E-03   
6.2993E-03   -2.5405E-03   
1.2055E-02   -1.1992E-03   
1.2601E-02   -5.1806E-04   
1.1717E-02   -1.5038E-03   
1.0455E-02   -2.5137E-03   
1.2484E-02   -7.1015E-04   
1.0608E-02   -2.3907E-03   
9.0981E-03   -3.5398E-03   
1.1594E-02   -1.6079E-03   
1.2156E-02   -1.0999E-03   
1.2735E-02   -1.4631E-04   
2.7224E-03   -2.1919E-03   
8.7248E-03   -3.4508E-03   
1.1050E-02   -2.0409E-03   
1.1189E-02   -1.9294E-03   
1.2413E-02   -8.0668E-04   
7.3921E-03   -2.8288E-03   
1.2647E-02   -4.2098E-04   
4.6694E-03   -2.3781E-03   
8.2217E-03   -3.2535E-03   
1.2249E-02   -1.0015E-03   
1.2546E-02   -6.1397E-04   
9.5092E-03   -3.3450E-03   
1.1949E-02   -1.2996E-03   
1.1836E-02   -1.4011E-03   
1.0299E-02   -2.6407E-03   
9.6675E-03   -3.1945E-03   
9.9846E-03   -2.9075E-03   
1.0759E-02   -2.2711E-03   
1.1464E-02   -1.7134E-03   
1.5861E-03   -4.2582E-03   
1.4168E-03   -4.8758E-03   
1.2542E-03   -5.4020E-03   
1.0866E-03   -5.8280E-03   
9.2287E-04   -6.1561E-03   
7.7702E-04   -6.3993E-03   
6.5252E-04   -6.5734E-03   
5.5000E-04   -6.6938E-03   
4.6871E-04   -6.7745E-03   
1.2791E-02   -7.7134E-05   
4.0578E-04   -6.8270E-03   
1.2809E-02   -6.3797E-05   
3.4965E-04   -6.8607E-03   
1.2825E-02   -5.3857E-05   
3.0004E-04   -6.8822E-03   
1.2841E-02   -4.5791E-05   
2.5767E-04   -6.8958E-03   
1.2860E-02   -3.9537E-05   
2.2421E-04   -6.9046E-03   
1.2883E-02   -3.4748E-05   
2.0102E-04   -6.9110E-03   
1.2911E-02   -3.1229E-05   
1.8902E-04   -6.9182E-03   
1.2946E-02   -2.8801E-05   
1.8865E-04   -6.9283E-03   
1.2990E-02   -2.7277E-05   
1.9362E-04   -6.9434E-03   
1.3042E-02   -2.6481E-05   
2.0049E-04   -6.9643E-03   
1.3105E-02   -2.6322E-05   
2.0823E-04   -6.9915E-03   
1.3177E-02   -2.6697E-05   
2.1710E-04   -7.0251E-03   
1.3261E-02   -2.7480E-05   
2.2708E-04   -7.0653E-03   
1.3357E-02   -2.8526E-05   
2.3744E-04   -7.1120E-03   
1.3465E-02   -2.9534E-05   
2.4793E-04   -7.1653E-03   
1.3584E-02   -3.0953E-05   
2.5855E-04   -7.2252E-03   
1.3715E-02   -3.2589E-05   
2.6897E-04   -7.2918E-03   
1.3858E-02   -3.4650E-05   
2.8237E-04   -7.3648E-03   
1.4016E-02   -3.6400E-05   
2.9784E-04   -7.4455E-03   
1.4188E-02   -3.7453E-05   
3.0658E-04   -7.5345E-03   
1.4375E-02   -3.8409E-05   
3.1515E-04   -7.6306E-03   
1.4577E-02   -3.9230E-05   
3.3775E-04   -7.7350E-03   
1.4796E-02   -3.9164E-05   
3.5004E-04   -7.8501E-03   
1.5024E-02   -3.7524E-05   
3.5042E-04   -7.9719E-03   
1.5262E-02   -3.8243E-05   
3.6051E-04   -8.0982E-03   
1.5520E-02   -3.7686E-05   
3.7642E-04   -8.2327E-03   
1.0250E-02   -2.5090E-03   
1.1719E-02   -1.3593E-03   
1.2177E-02   -9.6641E-04   
9.5979E-03   -3.0745E-03   
1.2726E-02   -2.1966E-04   
5.4026E-03   -3.0388E-03   
1.1015E-02   -1.8978E-03   
1.2635E-02   -4.2293E-04   
7.9296E-03   -3.3931E-03   
9.1013E-03   -3.5395E-03   
8.8649E-03   -3.6142E-03   
1.1454E-02   -1.5679E-03   
1.0570E-02   -2.2539E-03   
1.2444E-02   -6.8995E-04   
1.2516E-02   -6.0037E-04   
1.0724E-02   -2.1321E-03   
1.1310E-02   -1.6746E-03   
1.2274E-02   -8.7282E-04   
1.2072E-02   -1.0617E-03   
9.7616E-03   -2.9254E-03   
9.2728E-03   -3.3889E-03   
3.5402E-03   -3.0540E-03   
9.9251E-03   -2.7818E-03   
1.0870E-02   -2.0148E-03   
1.1162E-02   -1.7841E-03   
1.2363E-02   -7.8073E-04   
1.2580E-02   -5.1156E-04   
1.0088E-02   -2.6431E-03   
1.1843E-02   -1.2581E-03   
8.4869E-03   -3.5471E-03   
9.4353E-03   -3.2290E-03   
1.1961E-02   -1.1589E-03   
1.2684E-02   -3.3087E-04   
6.8439E-03   -3.1078E-03   
1.1589E-02   -1.4629E-03   
1.0411E-02   -2.3795E-03   
1.6731E-03   -3.5357E-03   
3.0284E-03   -4.4524E-03   
2.7546E-03   -5.0249E-03   
2.4166E-03   -5.5027E-03   
2.0567E-03   -5.8800E-03   
1.7348E-03   -6.1669E-03   
1.4529E-03   -6.3793E-03   
1.2086E-03   -6.5324E-03   
1.2767E-02   -1.0014E-04   
1.0028E-03   -6.6406E-03   
8.3545E-04   -6.7154E-03   
1.2777E-02   -1.3649E-04   
7.0476E-04   -6.7660E-03   
1.2791E-02   -1.1714E-04   
6.0409E-04   -6.8007E-03   
1.2805E-02   -9.8882E-05   
5.2343E-04   -6.8251E-03   
1.2822E-02   -8.4829E-05   
4.6020E-04   -6.8439E-03   
1.2842E-02   -7.4132E-05   
4.1485E-04   -6.8600E-03   
1.2867E-02   -6.6032E-05   
3.8858E-04   -6.8751E-03   
1.2898E-02   -6.0236E-05   
3.7992E-04   -6.8913E-03   
1.2937E-02   -5.6462E-05   
3.8566E-04   -6.9094E-03   
1.2985E-02   -5.4336E-05   
3.9587E-04   -6.9313E-03   
1.3043E-02   -5.3410E-05   
4.0883E-04   -6.9576E-03   
1.3111E-02   -5.3698E-05   
4.2494E-04   -6.9892E-03   
1.3190E-02   -5.5073E-05   
4.4378E-04   -7.0269E-03   
1.3281E-02   -5.7179E-05   
4.6434E-04   -7.0709E-03   
1.3385E-02   -5.8932E-05   
4.8555E-04   -7.1211E-03   
1.3498E-02   -6.0071E-05   
5.0678E-04   -7.1778E-03   
1.3619E-02   -6.3950E-05   
5.2505E-04   -7.2409E-03   
1.3752E-02   -6.7125E-05   
5.3935E-04   -7.3090E-03   
1.3899E-02   -7.2537E-05   
5.7614E-04   -7.3809E-03   
1.4065E-02   -7.4935E-05   
6.0937E-04   -7.4645E-03   
1.4245E-02   -7.6264E-05   
6.1169E-04   -7.5578E-03   
1.4439E-02   -7.8464E-05   
6.4072E-04   -7.6514E-03   
1.4657E-02   -7.9445E-05   
7.3022E-04   -7.7572E-03   
1.4893E-02   -7.7687E-05   
7.0051E-04   -7.8868E-03   
1.5113E-02   -7.0784E-05   
7.0793E-04   -8.0080E-03   
1.5345E-02   -8.3325E-05   
7.3572E-04   -8.1333E-03   
1.5792E-02   -3.8955E-05   
1.0991E-02   -1.7587E-03   
1.1152E-02   -1.6431E-03   
1.0544E-02   -2.1219E-03   
1.1308E-02   -1.5360E-03   
1.0381E-02   -2.2465E-03   
8.8640E-03   -3.6016E-03   
9.0362E-03   -3.4391E-03   
9.2027E-03   -3.2714E-03   
9.3703E-03   -3.1089E-03   
9.5386E-03   -2.9519E-03   
8.6208E-03   -3.6939E-03   
9.7076E-03   -2.8004E-03   
1.0214E-02   -2.3774E-03   
1.1456E-02   -1.4310E-03   
9.8768E-03   -2.6543E-03   
1.0046E-02   -2.5134E-03   
8.1679E-03   -3.6713E-03   
1.1597E-02   -1.3266E-03   
1.2395E-02   -6.7082E-04   
1.2478E-02   -5.8628E-04   
1.2550E-02   -5.0413E-04   
1.2304E-02   -7.5735E-04   
7.3187E-03   -3.6504E-03   
1.1731E-02   -1.2247E-03   
1.2204E-02   -8.4575E-04   
1.1982E-02   -1.0295E-03   
1.1860E-02   -1.1257E-03   
1.2097E-02   -9.3646E-04   
5.8851E-03   -3.5584E-03   
4.6407E-03   -3.5263E-03   
1.2613E-02   -4.2260E-04   
1.2669E-02   -3.3932E-04   
1.2718E-02   -2.5352E-04   
3.2585E-03   -3.8540E-03   
4.0154E-03   -5.0857E-03   
3.4102E-03   -5.4971E-03   
2.8969E-03   -5.8187E-03   
2.4468E-03   -6.0634E-03   
2.0457E-03   -6.2490E-03   
1.6954E-03   -6.3913E-03   
1.2758E-02   -1.6317E-04   
1.3994E-03   -6.5015E-03   
1.1585E-03   -6.5873E-03   
1.2738E-02   -1.9709E-04   
9.6943E-04   -6.6534E-03   
1.2754E-02   -1.6164E-04   
8.2508E-04   -6.7040E-03   
1.2768E-02   -1.3752E-04   
7.2008E-04   -6.7443E-03   
1.2784E-02   -1.1942E-04   
6.4777E-04   -6.7779E-03   
1.2805E-02   -1.0586E-04   
6.0473E-04   -6.8052E-03   
1.2833E-02   -9.5473E-05   
5.9072E-04   -6.8283E-03   
1.2868E-02   -8.8575E-05   
5.8565E-04   -6.8558E-03   
1.2911E-02   -8.4739E-05   
5.9089E-04   -6.8838E-03   
1.2963E-02   -8.2582E-05   
6.0551E-04   -6.9114E-03   
1.3028E-02   -8.1917E-05   
6.2445E-04   -6.9429E-03   
1.3101E-02   -8.3593E-05   
6.4960E-04   -6.9785E-03   
1.3186E-02   -8.6839E-05   
6.8172E-04   -7.0193E-03   
1.3286E-02   -8.9833E-05   
7.1440E-04   -7.0667E-03   
1.3404E-02   -9.1319E-05   
7.4623E-04   -7.1206E-03   
1.3519E-02   -8.8950E-05   
7.7445E-04   -7.1816E-03   
1.3625E-02   -1.0347E-04   
7.8794E-04   -7.2499E-03   
7.7784E-04   -7.3160E-03   
9.2164E-04   -7.4817E-03   
1.4277E-02   -1.1803E-04   
1.0294E-03   -7.8009E-03   
1.0597E-03   -8.0196E-03   
1.4730E-02   -1.2199E-04   
1.6094E-02   -4.0589E-05   
1.2581E-02   -4.2232E-04   
1.2643E-02   -3.4580E-04   
1.2701E-02   -2.6709E-04   
1.0681E-02   -1.8933E-03   
1.0533E-02   -1.9930E-03   
8.6085E-03   -3.6717E-03   
8.2771E-03   -3.8137E-03   
9.3153E-03   -2.9863E-03   
8.7932E-03   -3.4952E-03   
9.4898E-03   -2.8273E-03   
8.9682E-03   -3.3201E-03   
1.0364E-02   -2.1156E-03   
1.1320E-02   -1.4094E-03   
9.1420E-03   -3.1507E-03   
1.2339E-02   -6.5304E-04   
1.2238E-02   -7.3677E-04   
9.6650E-03   -2.6738E-03   
9.8408E-03   -2.5259E-03   
1.1884E-02   -1.0036E-03   
1.2010E-02   -9.1159E-04   
1.2433E-02   -5.7113E-04   
7.4463E-03   -3.9456E-03   
1.2513E-02   -4.9564E-04   
1.0191E-02   -2.2465E-03   
1.1752E-02   -1.0997E-03   
1.0017E-02   -2.3835E-03   
1.2128E-02   -8.2283E-04   
1.1469E-02   -1.3030E-03   
1.1614E-02   -1.1997E-03   
4.8422E-03   -5.0433E-03   
4.1749E-03   -5.3816E-03   
3.5957E-03   -5.6351E-03   
3.0657E-03   -5.8391E-03   
2.5880E-03   -6.0105E-03   
2.1699E-03   -6.1582E-03   
1.8147E-03   -6.2858E-03   
1.5209E-03   -6.3951E-03   
1.2742E-02   -2.0253E-04   
1.2689E-02   -2.3448E-04   
1.2852E-03   -6.4880E-03   
1.2700E-02   -1.9993E-04   
1.1029E-03   -6.5673E-03   
1.2713E-02   -1.7200E-04   
9.6687E-04   -6.6352E-03   
1.2730E-02   -1.5170E-04   
8.7234E-04   -6.6921E-03   
1.2753E-02   -1.3675E-04   
8.2060E-04   -6.7365E-03   
1.2786E-02   -1.2426E-04   
8.3850E-04   -6.7637E-03   
1.2822E-02   -1.1847E-04   
7.9991E-04   -6.8152E-03   
1.2866E-02   -1.1545E-04   
8.0354E-04   -6.8515E-03   
1.2928E-02   -1.1319E-04   
8.2134E-04   -6.8877E-03   
1.2999E-02   -1.1287E-04   
8.8466E-04   -6.9593E-03   
1.0477E-03   -7.2636E-03   
1.3163E-02   -1.2350E-04   
9.3741E-04   -7.0013E-03   
9.7946E-04   -7.0530E-03   
1.0579E-03   -7.1803E-03   
1.3778E-02   -9.9833E-05   
1.4112E-02   -1.1037E-04   
1.4296E-02   -1.6595E-04   
1.3282E-02   -1.2721E-04   
1.4109E-03   -7.8962E-03   
1.4528E-02   -1.6832E-04   
1.0777E-03   -7.7082E-03   
1.3552E-02   -1.4664E-04   
1.2721E-03   -7.3951E-03   
1.2671E-02   -2.8125E-04   
1.2604E-02   -3.5738E-04   
1.2544E-02   -4.2463E-04   
1.1043E-02   -1.4935E-03   
1.0999E-02   -1.6181E-03   
1.1181E-02   -1.3951E-03   
1.0370E-02   -1.9860E-03   
1.2380E-02   -5.5813E-04   
8.5364E-03   -3.5543E-03   
1.2475E-02   -4.7959E-04   
8.2544E-03   -3.7775E-03   
7.5694E-03   -4.0777E-03   
8.7300E-03   -3.3707E-03   
9.2711E-03   -2.8622E-03   
9.0916E-03   -3.0281E-03   
1.0184E-02   -2.1168E-03   
8.9132E-03   -3.1966E-03   
9.4523E-03   -2.7016E-03   
1.1337E-02   -1.2879E-03   
1.1916E-02   -8.9212E-04   
1.2276E-02   -6.3856E-04   
9.6346E-03   -2.5466E-03   
1.2044E-02   -8.0443E-04   
1.2164E-02   -7.2022E-04   
1.1781E-02   -9.8436E-04   
9.8176E-03   -2.3975E-03   
1.0001E-02   -2.2544E-03   
1.1639E-02   -1.0813E-03   
1.1490E-02   -1.1828E-03   
5.4243E-03   -4.3614E-03   
5.3785E-03   -4.9356E-03   
4.7781E-03   -5.1453E-03   
4.1933E-03   -5.3394E-03   
3.6431E-03   -5.5214E-03   
3.1399E-03   -5.6935E-03   
2.6906E-03   -5.8549E-03   
2.2987E-03   -6.0041E-03   
1.9667E-03   -6.1404E-03   
1.2613E-02   -2.7939E-04   
1.6943E-03   -6.2631E-03   
1.2631E-02   -2.3312E-04   
1.4782E-03   -6.3720E-03   
1.3066E-03   -6.4710E-03   
1.2644E-02   -2.0434E-04   
1.2659E-02   -1.8407E-04   
1.1656E-03   -6.5647E-03   
1.2678E-02   -1.7061E-04   
1.0393E-03   -6.7136E-03   
1.2742E-02   -1.5627E-04   
1.0414E-03   -6.7540E-03   
1.2882E-02   -1.4696E-04   
1.2809E-02   -1.4950E-04   
1.0481E-03   -6.8062E-03   
1.1646E-03   -6.9205E-03   
8.4156E-04   -6.9237E-03   
1.2119E-03   -6.9744E-03   
1.2672E-03   -7.0294E-03   
1.3291E-03   -7.7176E-03   
1.3113E-03   -7.6197E-03   
1.3282E-03   -7.0926E-03   
1.3128E-02   -1.6676E-04   
1.3704E-02   -1.3553E-04   
1.3400E-02   -1.8117E-04   
1.4061E-02   -1.5897E-04   
1.3259E-02   -1.7157E-04   
1.3073E-02   -1.1797E-04   
1.4049E-03   -7.1696E-03   
1.2224E-03   -7.5205E-03   
1.3294E-03   -7.2833E-03   
1.4771E-02   -1.6919E-04   
1.3359E-03   -8.0175E-03   
1.2832E-03   -7.8146E-03   
1.4311E-02   -2.1795E-04   
1.0854E-02   -1.5626E-03   
1.2626E-02   -3.0435E-04   
1.2422E-02   -4.7234E-04   
8.4878E-03   -3.4178E-03   
1.2315E-02   -5.5132E-04   
8.2138E-03   -3.6314E-03   
6.7523E-03   -4.3949E-03   
1.0192E-02   -1.9861E-03   
9.0517E-03   -2.9042E-03   
8.8679E-03   -3.0744E-03   
8.6864E-03   -3.2439E-03   
1.1199E-02   -1.2865E-03   
9.2385E-03   -2.7370E-03   
1.1955E-02   -7.9081E-04   
9.4271E-03   -2.5752E-03   
1.2084E-02   -7.0790E-04   
1.2203E-02   -6.2859E-04   
1.1817E-02   -8.7872E-04   
9.6171E-03   -2.4194E-03   
9.9990E-03   -2.1256E-03   
1.1361E-02   -1.1752E-03   
1.1672E-02   -9.7199E-04   
9.8082E-03   -2.2697E-03   
1.1519E-02   -1.0709E-03   
6.4487E-03   -4.4780E-03   
5.9151E-03   -4.6294E-03   
1.0612E-02   -1.7133E-03   
5.3458E-03   -4.7978E-03   
1.0395E-02   -1.8491E-03   
4.7793E-03   -4.9724E-03   
4.2423E-03   -5.1475E-03   
3.7406E-03   -5.3217E-03   
3.2793E-03   -5.4935E-03   
2.8681E-03   -5.6610E-03   
2.5110E-03   -5.8200E-03   
1.4119E-03   -6.5504E-03   
1.2542E-02   -2.9838E-04   
2.2117E-03   -5.9672E-03   
1.9637E-03   -6.1042E-03   
1.2551E-02   -2.6339E-04   
1.7494E-03   -6.2411E-03   
1.2559E-02   -2.3769E-04   
1.2569E-02   -2.2038E-04   
1.0731E-03   -6.6371E-03   
1.2675E-02   -1.9148E-04   
1.3787E-03   -6.6399E-03   
1.2624E-03   -6.8368E-03   
1.3593E-02   -1.8908E-04   
1.3210E-02   -2.2336E-04   
1.2837E-02   -1.8725E-04   
1.5040E-03   -6.9367E-03   
1.2744E-02   -1.8775E-04   
1.5858E-03   -6.9928E-03   
1.0446E-03   -6.8607E-03   
1.5998E-03   -7.7413E-03   
1.6531E-03   -7.0568E-03   
1.3821E-02   -1.7968E-04   
1.6342E-03   -7.2970E-03   
1.5906E-03   -7.4078E-03   
1.3003E-02   -1.6345E-04   
1.6459E-03   -7.6142E-03   
1.4440E-03   -6.8825E-03   
1.3081E-02   -2.1571E-04   
1.4550E-02   -2.1914E-04   
1.4090E-02   -2.1330E-04   
1.2447E-02   -4.0652E-04   
1.2347E-02   -4.7846E-04   
1.2537E-02   -3.7831E-04   
7.7317E-03   -3.7776E-03   
8.4841E-03   -3.2875E-03   
1.1048E-02   -1.2933E-03   
8.8301E-03   -2.9528E-03   
1.2239E-02   -5.5030E-04   
8.6400E-03   -3.1291E-03   
9.0230E-03   -2.7796E-03   
5.9438E-03   -4.5196E-03   
9.2179E-03   -2.6114E-03   
1.0012E-02   -1.9974E-03   
1.1859E-02   -7.8258E-04   
1.2122E-02   -6.2411E-04   
1.1996E-02   -7.0101E-04   
1.1225E-02   -1.1766E-03   
9.4148E-03   -2.4490E-03   
1.1712E-02   -8.7161E-04   
9.6130E-03   -2.2929E-03   
9.8122E-03   -2.1426E-03   
1.1394E-02   -1.0683E-03   
1.1556E-02   -9.6697E-04   
1.0219E-02   -1.8543E-03   
6.9740E-03   -4.1358E-03   
6.4538E-03   -4.2636E-03   
5.8956E-03   -4.4218E-03   
7.5501E-03   -4.0137E-03   
5.3723E-03   -4.5789E-03   
1.0433E-02   -1.7124E-03   
1.0653E-02   -1.5693E-03   
4.8700E-03   -4.7392E-03   
1.2521E-02   -3.4259E-04   
1.0861E-02   -1.4273E-03   
4.3883E-03   -4.9060E-03   
3.9385E-03   -5.0801E-03   
3.1577E-03   -5.4290E-03   
1.2459E-02   -3.2626E-04   
2.8434E-03   -5.5939E-03   
2.5860E-03   -5.7487E-03   
1.2455E-02   -2.9846E-04   
1.2458E-02   -2.7488E-04   
1.8165E-03   -6.2737E-03   
1.3787E-03   -6.7233E-03   
1.2586E-02   -2.3367E-04   
1.2964E-02   -2.1028E-04   
1.8360E-03   -6.8701E-03   
1.5019E-03   -6.4113E-03   
1.3348E-02   -2.3486E-04   
1.9175E-03   -6.3083E-03   
1.3012E-02   -2.7108E-04   
1.4305E-03   -6.8270E-03   
1.9397E-03   -7.3049E-03   
1.7498E-03   -6.8144E-03   
1.7391E-03   -7.1048E-03   
1.2867E-02   -2.1033E-04   
1.3906E-02   -2.1041E-04   
1.2654E-02   -2.3476E-04   
1.6876E-03   -7.1891E-03   
1.6027E-03   -7.5109E-03   
1.4081E-02   -2.7075E-04   
1.4774E-02   -2.1643E-04   
1.6540E-03   -7.9542E-03   
2.0519E-03   -7.6014E-03   
1.3756E-02   -1.5504E-04   
1.2268E-02   -4.8685E-04   
8.3703E-03   -3.2140E-03   
1.0039E-02   -1.8702E-03   
8.6014E-03   -3.0090E-03   
8.8049E-03   -2.8285E-03   
1.2157E-02   -5.5544E-04   
9.0066E-03   -2.6546E-03   
1.1080E-02   -1.1866E-03   
1.1906E-02   -6.9695E-04   
1.2039E-02   -6.2425E-04   
9.2104E-03   -2.4861E-03   
1.1758E-02   -7.8017E-04   
9.8293E-03   -2.0168E-03   
9.4161E-03   -2.3235E-03   
1.1261E-02   -1.0738E-03   
9.6228E-03   -2.1673E-03   
1.1600E-02   -8.7106E-04   
1.1434E-02   -9.6908E-04   
7.4886E-03   -3.7560E-03   
6.8629E-03   -3.9385E-03   
1.2457E-02   -3.6028E-04   
6.4092E-03   -4.0544E-03   
1.0687E-02   -1.4426E-03   
1.0255E-02   -1.7250E-03   
1.0889E-02   -1.3097E-03   
5.9604E-03   -4.1740E-03   
5.5077E-03   -4.3093E-03   
1.0474E-02   -1.5823E-03   
5.0717E-03   -4.4602E-03   
4.6551E-03   -4.6201E-03   
4.2662E-03   -4.7883E-03   
1.2465E-02   -2.5948E-04   
3.9212E-03   -4.9550E-03   
2.3511E-03   -5.9156E-03   
3.6457E-03   -5.1047E-03   
1.2340E-02   -3.7212E-04   
1.2794E-02   -2.5513E-04   
1.2340E-02   -3.3825E-04   
1.8846E-03   -6.4018E-03   
1.6599E-03   -6.6786E-03   
1.2529E-02   -2.3808E-04   
2.0611E-03   -6.1703E-03   
1.2720E-02   -2.4467E-04   
2.1662E-03   -6.6411E-03   
2.0396E-03   -7.0746E-03   
1.7181E-03   -6.7400E-03   
1.9228E-03   -7.0240E-03   
1.2474E-02   -2.8536E-04   
1.3676E-02   -2.4489E-04   
2.3058E-03   -7.1879E-03   
1.3874E-02   -2.6255E-04   
1.8703E-03   -7.4072E-03   
1.4056E-02   -3.3487E-04   
2.0736E-03   -7.8538E-03   
1.4594E-02   -2.7692E-04   
1.5009E-02   -1.7962E-04   
2.3328E-03   -7.6617E-03   
1.3461E-02   -2.5581E-04   
1.2294E-02   -4.3260E-04   
8.1922E-03   -3.4607E-03   
8.3751E-03   -3.0592E-03   
8.5853E-03   -2.8793E-03   
9.8586E-03   -1.8933E-03   
8.7930E-03   -2.7028E-03   
1.2080E-02   -5.6448E-04   
1.1964E-02   -6.1859E-04   
9.0035E-03   -2.5297E-03   
7.5271E-03   -3.5955E-03   
1.1814E-02   -6.9575E-04   
1.1122E-02   -1.0858E-03   
9.2166E-03   -2.3614E-03   
9.6443E-03   -2.0436E-03   
1.1653E-02   -7.8260E-04   
9.4309E-03   -2.1993E-03   
1.1306E-02   -9.7717E-04   
1.1483E-02   -8.7635E-04   
7.2566E-03   -3.6257E-03   
1.0077E-02   -1.7458E-03   
1.0728E-02   -1.3281E-03   
1.0929E-02   -1.2029E-03   
6.9121E-03   -3.6809E-03   
1.0516E-02   -1.4618E-03   
6.5143E-03   -3.7740E-03   
6.1328E-03   -3.8818E-03   
1.0298E-02   -1.6015E-03   
1.2385E-02   -3.8105E-04   
5.0609E-03   -4.2773E-03   
5.7577E-03   -4.0002E-03   
1.2340E-02   -3.1725E-04   
5.3986E-03   -4.1331E-03   
1.2571E-02   -2.1492E-04   
2.7271E-03   -5.7332E-03   
3.4418E-03   -5.2345E-03   
2.6831E-03   -5.8170E-03   
4.7817E-03   -4.4120E-03   
1.2217E-02   -4.0847E-04   
1.2538E-02   -2.9164E-04   
1.2417E-02   -2.8579E-04   
2.4838E-03   -6.0027E-03   
2.2365E-03   -6.5053E-03   
2.2798E-03   -6.8973E-03   
1.3842E-02   -3.2716E-04   
1.2608E-02   -3.0239E-04   
2.2526E-03   -6.3884E-03   
1.3263E-02   -2.9658E-04   
2.3739E-03   -7.0572E-03   
1.3408E-02   -3.2029E-04   
2.2512E-03   -7.3216E-03   
1.9124E-03   -6.4604E-03   
1.4292E-02   -3.4048E-04   
1.2893E-02   -2.6300E-04   
1.5280E-02   -1.4002E-04   
2.5667E-03   -7.4742E-03   
7.8515E-03   -3.3456E-03   
1.2178E-02   -5.0155E-04   
8.3610E-03   -2.9305E-03   
8.5810E-03   -2.7513E-03   
8.7969E-03   -2.5767E-03   
9.6773E-03   -1.9229E-03   
1.2055E-02   -5.3348E-04   
8.1533E-03   -3.2237E-03   
1.1882E-02   -6.1532E-04   
9.8989E-03   -1.7730E-03   
9.0160E-03   -2.4045E-03   
1.1713E-02   -7.0098E-04   
9.2377E-03   -2.2370E-03   
9.4585E-03   -2.0766E-03   
1.1172E-02   -9.9089E-04   
1.1540E-02   -7.9020E-04   
1.1359E-02   -8.8627E-04   
7.7025E-03   -3.2748E-03   
1.0564E-02   -1.3504E-03   
1.0977E-02   -1.1033E-03   
1.0775E-02   -1.2231E-03   
1.2487E-02   -2.4598E-04   
7.3117E-03   -3.3543E-03   
1.0123E-02   -1.6267E-03   
7.0146E-03   -3.4081E-03   
1.0345E-02   -1.4855E-03   
1.2213E-02   -3.8243E-04   
6.1127E-03   -3.6594E-03   
6.7091E-03   -3.4726E-03   
5.8504E-03   -3.7675E-03   
6.4072E-03   -3.5571E-03   
3.6919E-03   -5.2174E-03   
1.2201E-02   -4.5046E-04   
1.2341E-02   -3.0548E-04   
4.5647E-03   -4.5330E-03   
1.2736E-02   -1.4976E-04   
3.0977E-03   -5.7990E-03   
1.2371E-02   -2.9223E-04   
1.2801E-02   -3.2464E-04   
1.2693E-02   -3.1372E-04   
1.2407E-02   -3.5559E-04   
1.2343E-02   -3.4615E-04   
1.3132E-02   -3.6673E-04   
1.2287E-02   -3.4222E-04   
2.2613E-03   -6.3040E-03   
2.9945E-03   -6.1159E-03   
3.3247E-03   -5.3324E-03   
3.6760E-03   -5.1561E-03   
2.6474E-03   -6.6031E-03   
1.3435E-02   -3.7681E-04   
2.4758E-03   -6.9101E-03   
2.6392E-03   -5.9882E-03   
1.4021E-02   -4.0520E-04   
2.3726E-03   -7.4136E-03   
1.5621E-02   -7.1221E-05   
2.7293E-03   -7.0057E-03   
1.5242E-02   -1.9426E-04   
1.3802E-02   -3.9795E-04   
1.3142E-02   -2.7974E-04   
2.6462E-03   -7.1506E-03   
8.1142E-03   -3.1267E-03   
8.3666E-03   -2.7990E-03   
8.5947E-03   -2.6248E-03   
9.7203E-03   -1.8061E-03   
1.1953E-02   -5.3647E-04   
8.8151E-03   -2.4516E-03   
9.4968E-03   -1.9572E-03   
1.1775E-02   -6.2738E-04   
9.0442E-03   -2.2793E-03   
9.2724E-03   -2.1142E-03   
1.1605E-02   -7.1079E-04   
1.0618E-02   -1.2479E-03   
1.1227E-02   -9.0221E-04   
1.1421E-02   -8.0108E-04   
1.1030E-02   -1.0119E-03   
7.8139E-03   -3.0897E-03   
1.0828E-02   -1.1265E-03   
1.2104E-02   -4.7418E-04   
9.9465E-03   -1.6580E-03   
1.0398E-02   -1.3776E-03   
7.6653E-03   -3.0665E-03   
1.0173E-02   -1.5147E-03   
7.4444E-03   -3.0739E-03   
6.7625E-03   -3.2283E-03   
6.9822E-03   -3.1598E-03   
1.2084E-02   -4.5357E-04   
7.2129E-03   -3.1076E-03   
1.2206E-02   -3.6595E-04   
1.2618E-02   -2.0154E-04   
5.6148E-03   -3.8857E-03   
1.2241E-02   -3.4428E-04   
1.2196E-02   -4.1554E-04   
3.7650E-03   -5.0664E-03   
1.2324E-02   -3.0827E-04   
1.2141E-02   -4.0783E-04   
1.2258E-02   -4.2924E-04   
3.8699E-03   -5.3616E-03   
1.2932E-02   -3.3276E-04   
1.2572E-02   -3.8347E-04   
4.4477E-03   -4.6174E-03   
1.2865E-02   -4.0664E-04   
2.9933E-03   -6.5631E-03   
2.3937E-03   -6.6145E-03   
4.0317E-03   -5.3468E-03   
3.9521E-03   -5.1554E-03   
1.3751E-02   -4.7531E-04   
1.4250E-02   -4.1201E-04   
2.9458E-03   -6.7700E-03   
2.6676E-03   -7.2535E-03   
1.5473E-02   -1.5829E-04   
3.0330E-03   -6.9442E-03   
8.1054E-03   -2.9943E-03   
8.4112E-03   -2.6709E-03   
9.5435E-03   -1.8432E-03   
8.6072E-03   -2.5072E-03   
1.1819E-02   -5.7499E-04   
9.7706E-03   -1.6947E-03   
8.8454E-03   -2.3282E-03   
9.3160E-03   -1.9961E-03   
1.1673E-02   -6.4115E-04   
1.0676E-02   -1.1546E-03   
9.0826E-03   -2.1574E-03   
1.0457E-02   -1.2782E-03   
8.1231E-03   -2.8426E-03   
1.1499E-02   -7.2263E-04   
1.1084E-02   -9.3118E-04   
1.0884E-02   -1.0398E-03   
7.9579E-03   -2.8040E-03   
1.0230E-02   -1.4105E-03   
1.0000E-02   -1.5499E-03   
1.2069E-02   -4.3322E-04   
1.2208E-02   -3.5125E-04   
7.4607E-03   -2.8281E-03   
7.7846E-03   -2.7991E-03   
4.7065E-03   -4.4716E-03   
7.6198E-03   -2.8056E-03   
1.2198E-02   -3.5828E-04   
6.5514E-03   -3.3163E-03   
4.9956E-03   -4.6304E-03   
1.1978E-02   -4.8273E-04   
5.3860E-03   -4.0233E-03   
1.2032E-02   -4.9519E-04   
1.2092E-02   -4.0624E-04   
1.2332E-02   -4.4776E-04   
4.4757E-03   -4.8882E-03   
3.5992E-03   -6.6746E-03   
4.3647E-03   -5.2626E-03   
1.2962E-02   -4.4923E-04   
1.2695E-02   -3.9676E-04   
1.4207E-02   -4.8570E-04   
4.8263E-03   -4.5273E-03   
3.0428E-03   -7.0473E-03   
1.3534E-02   -4.6701E-04   
1.4521E-02   -3.5070E-04   
3.7816E-03   -6.1497E-03   
3.5476E-03   -5.9228E-03   
3.6197E-03   -6.0265E-03   
1.3690E-02   -5.6033E-04   
1.1933E-02   -5.0707E-04   
9.5962E-03   -1.7357E-03   
9.3666E-03   -1.8843E-03   
8.3479E-03   -2.5957E-03   
1.1419E-02   -7.3086E-04   
1.2042E-02   -4.1588E-04   
8.6334E-03   -2.3875E-03   
1.0522E-02   -1.1878E-03   
1.1754E-02   -5.7359E-04   
1.0740E-02   -1.0710E-03   
1.1573E-02   -6.5875E-04   
8.8833E-03   -2.2083E-03   
1.0294E-02   -1.3146E-03   
9.8271E-03   -1.5905E-03   
1.0061E-02   -1.4495E-03   
8.1749E-03   -2.5927E-03   
1.1121E-02   -8.7508E-04   
1.0945E-02   -9.6401E-04   
7.9453E-03   -2.5612E-03   
8.0534E-03   -2.5733E-03   
6.2895E-03   -3.4568E-03   
7.3063E-03   -2.8699E-03   
1.2053E-02   -4.2131E-04   
5.9327E-03   -3.8066E-03   
1.2054E-02   -4.1065E-04   
1.1802E-02   -5.6732E-04   
5.3133E-03   -4.2707E-03   
1.1930E-02   -4.7728E-04   
1.2089E-02   -5.1479E-04   
1.3313E-02   -4.5658E-04   
1.2429E-02   -4.6688E-04   
5.3876E-03   -4.4935E-03   
5.8186E-03   -3.7515E-03   
4.6261E-03   -4.5586E-03   
1.3217E-02   -4.0837E-04   
1.2700E-02   -5.0617E-04   
4.8172E-03   -5.0664E-03   
3.5481E-03   -6.8711E-03   
4.3439E-03   -6.0410E-03   
5.8733E-03   -3.9733E-03   
1.3597E-02   -3.8848E-04   
1.3932E-02   -5.5892E-04   
1.4477E-02   -4.1840E-04   
1.4760E-02   -3.0428E-04   
4.6733E-03   -5.2763E-03   
4.8697E-03   -5.4478E-03   
1.1464E-02   -6.8606E-04   
9.1821E-03   -1.9347E-03   
9.4163E-03   -1.7838E-03   
1.1880E-02   -4.8561E-04   
1.1027E-02   -8.9067E-04   
1.0814E-02   -9.9474E-04   
1.1618E-02   -6.1817E-04   
9.6516E-03   -1.6375E-03   
1.0595E-02   -1.1062E-03   
1.0366E-02   -1.2271E-03   
8.9400E-03   -2.0924E-03   
1.0129E-02   -1.3573E-03   
9.8898E-03   -1.4946E-03   
8.4428E-03   -2.4455E-03   
8.3732E-03   -2.4072E-03   
8.2934E-03   -2.3779E-03   
7.8452E-03   -2.5631E-03   
7.1288E-03   -2.9464E-03   
8.6616E-03   -2.2675E-03   
1.1906E-02   -4.9232E-04   
1.1711E-02   -5.5519E-04   
1.1256E-02   -7.8613E-04   
1.1753E-02   -5.5796E-04   
6.2706E-03   -3.5364E-03   
5.8286E-03   -3.7669E-03   
5.9023E-03   -4.3775E-03   
1.1853E-02   -5.8382E-04   
6.8921E-03   -3.0844E-03   
1.1839E-02   -4.9366E-04   
6.5163E-03   -3.6620E-03   
1.2148E-02   -5.4438E-04   
6.7346E-03   -3.3440E-03   
1.2819E-02   -5.2750E-04   
1.3089E-02   -5.3959E-04   
1.2562E-02   -4.8414E-04   
1.4995E-02   -2.9804E-04   
5.9975E-03   -4.5841E-03   
5.9178E-03   -4.4991E-03   
4.8410E-03   -5.8437E-03   
1.3651E-02   -6.4565E-04   
3.5662E-03   -7.0177E-03   
1.4151E-02   -5.6174E-04   
1.4750E-02   -3.5851E-04   
1.1554E-02   -6.2823E-04   
9.2251E-03   -1.8454E-03   
8.9881E-03   -1.9983E-03   
1.0900E-02   -9.2391E-04   
1.1734E-02   -5.5651E-04   
1.0677E-02   -1.0323E-03   
9.4689E-03   -1.6945E-03   
1.0448E-02   -1.1478E-03   
9.7150E-03   -1.5478E-03   
1.0208E-02   -1.2732E-03   
8.5716E-03   -2.2394E-03   
9.9619E-03   -1.4071E-03   
8.2291E-03   -2.3548E-03   
1.1348E-02   -7.1765E-04   
1.1521E-02   -6.4212E-04   
8.7876E-03   -2.1333E-03   
7.6041E-03   -2.6523E-03   
8.1698E-03   -2.3450E-03   
7.1052E-03   -2.9792E-03   
1.1125E-02   -8.1902E-04   
1.1571E-02   -6.4566E-04   
1.2811E-02   -5.9656E-04   
1.1685E-02   -5.6225E-04   
1.1622E-02   -6.5732E-04   
7.1285E-03   -3.0201E-03   
1.1896E-02   -6.1088E-04   
1.2254E-02   -5.6867E-04   
1.1672E-02   -5.6155E-04   
7.1245E-03   -3.7492E-03   
7.1061E-03   -3.1864E-03   
7.5379E-03   -3.0752E-03   
1.3037E-02   -4.9428E-04   
1.5044E-02   -3.6432E-04   
7.1171E-03   -3.6233E-03   
1.2412E-02   -5.8499E-04   
1.2992E-02   -6.2086E-04   
1.3355E-02   -7.5649E-04   
6.2828E-03   -4.5287E-03   
5.9076E-03   -4.9583E-03   
1.3328E-02   -6.6433E-04   
1.5198E-02   -2.4428E-04   
1.4440E-02   -4.8852E-04   
3.0222E-03   -7.3068E-03   
5.7095E-03   -4.3992E-03   
9.0134E-03   -1.9276E-03   
8.7769E-03   -2.0850E-03   
1.0770E-02   -9.6525E-04   
1.1460E-02   -6.5344E-04   
1.0539E-02   -1.0769E-03   
9.5310E-03   -1.6143E-03   
8.5265E-03   -2.2034E-03   
1.0296E-02   -1.1980E-03   
8.1028E-03   -2.3606E-03   
9.7897E-03   -1.4675E-03   
7.4111E-03   -2.7630E-03   
1.0045E-02   -1.3286E-03   
1.0999E-02   -8.5884E-04   
8.4977E-03   -2.1708E-03   
1.1322E-02   -7.3845E-04   
1.1626E-02   -5.8039E-04   
1.1223E-02   -7.5781E-04   
1.1483E-02   -6.4271E-04   
1.1415E-02   -7.2633E-04   
1.1675E-02   -6.7459E-04   
8.1101E-03   -3.0507E-03   
7.7348E-03   -2.7401E-03   
7.5893E-03   -3.1359E-03   
7.5066E-03   -3.0173E-03   
1.2463E-02   -7.0108E-04   
1.4363E-02   -5.6076E-04   
5.2337E-03   -5.7100E-03   
7.8014E-03   -2.5801E-03   
6.9463E-03   -3.6109E-03   
1.2272E-02   -6.9151E-04   
1.3195E-02   -6.1998E-04   
1.5275E-02   -2.8186E-04   
1.4740E-02   -4.9015E-04   
1.3398E-02   -8.3131E-04   
7.3100E-03   -4.0442E-03   
3.4195E-03   -7.2301E-03   
1.2088E-02   -6.8297E-04   
2.7352E-03   -7.3312E-03   
1.0640E-02   -1.0143E-03   
1.1465E-02   -6.4589E-04   
1.0874E-02   -9.0579E-04   
1.0397E-02   -1.1310E-03   
9.6083E-03   -1.5414E-03   
8.7744E-03   -2.0343E-03   
6.6489E-03   -3.2386E-03   
7.9996E-03   -2.4113E-03   
1.1103E-02   -8.0236E-04   
8.4800E-03   -2.1499E-03   
1.1277E-02   -7.3688E-04   
9.2685E-03   -1.7693E-03   
9.8789E-03   -1.3949E-03   
8.1000E-03   -2.9076E-03   
8.1748E-03   -2.6393E-03   
1.1423E-02   -7.5572E-04   
7.9782E-03   -2.6703E-03   
7.8673E-03   -2.5115E-03   
7.8532E-03   -2.5906E-03   
7.6005E-03   -2.7853E-03   
8.3535E-03   -2.6229E-03   
7.9990E-03   -3.2461E-03   
1.2661E-02   -7.1630E-04   
1.4050E-02   -6.5717E-04   
1.2124E-02   -8.0627E-04   
1.1024E-02   -8.5574E-04   
1.1754E-02   -7.9972E-04   
1.2901E-02   -7.3286E-04   
6.6956E-03   -4.7248E-03   
4.2349E-03   -6.3691E-03   
1.1943E-02   -7.9828E-04   
1.3463E-02   -5.5306E-04   
7.5933E-03   -3.9974E-03   
7.1051E-03   -4.0670E-03   
1.3724E-02   -7.8872E-04   
1.3057E-02   -8.8522E-04   
1.0752E-02   -9.5900E-04   
1.0519E-02   -1.0677E-03   
1.1241E-02   -7.4103E-04   
8.4348E-03   -2.1613E-03   
1.1298E-02   -7.1788E-04   
1.0984E-02   -8.5386E-04   
1.0262E-02   -1.1911E-03   
8.7906E-03   -1.9866E-03   
9.7052E-03   -1.4745E-03   
9.9857E-03   -1.3292E-03   
8.7595E-03   -2.3164E-03   
8.5815E-03   -2.3426E-03   
9.0455E-03   -1.8651E-03   
8.2090E-03   -2.3290E-03   
8.3378E-03   -2.2337E-03   
8.3384E-03   -2.2832E-03   
9.3281E-03   -1.6988E-03   
1.1517E-02   -7.7196E-04   
1.0801E-02   -9.7525E-04   
1.1617E-02   -9.1333E-04   
8.2380E-03   -2.4009E-03   
1.1511E-02   -8.4133E-04   
8.1147E-03   -3.4171E-03   
1.2304E-02   -8.2154E-04   
8.8382E-03   -2.6810E-03   
5.0417E-03   -5.4556E-03   
7.9747E-03   -3.8598E-03   
1.1172E-02   -8.8117E-04   
1.1788E-02   -9.1831E-04   
8.9184E-03   -2.3862E-03   
8.3729E-03   -3.3796E-03   
5.5246E-03   -5.6617E-03   
1.3118E-02   -9.5746E-04   
1.4078E-02   -7.4721E-04   
1.0654E-02   -1.0081E-03   
1.0866E-02   -9.1164E-04   
9.4145E-03   -1.6302E-03   
8.5825E-03   -2.1148E-03   
9.8199E-03   -1.4154E-03   
8.7405E-03   -2.1334E-03   
8.8399E-03   -1.9351E-03   
1.0852E-02   -9.9259E-04   
9.1051E-03   -1.8021E-03   
8.7782E-03   -1.9822E-03   
1.1740E-02   -6.8406E-04   
1.0116E-02   -1.2685E-03   
1.1078E-02   -8.1739E-04   
8.8948E-03   -2.1114E-03   
1.1459E-02   -1.0366E-03   
9.0609E-03   -2.0928E-03   
1.1474E-02   -9.1377E-04   
3.9682E-03   -6.1613E-03   
8.5209E-03   -3.6144E-03   
1.1955E-02   -9.3180E-04   
4.3075E-03   -6.4475E-03   
9.4769E-03   -2.1592E-03   
8.7678E-03   -2.8854E-03   
1.1206E-02   -9.2666E-04   
1.2486E-02   -8.4377E-04   
5.8107E-03   -5.5928E-03   
9.4132E-03   -2.3163E-03   
9.0430E-03   -2.8677E-03   
7.1438E-03   -4.5435E-03   
1.2757E-02   -1.0258E-03   
8.9507E-03   -2.2754E-03   
1.4458E-02   -6.9771E-04   
9.5256E-03   -1.5669E-03   
9.1614E-03   -1.9176E-03   
1.0436E-02   -1.1133E-03   
9.2178E-03   -1.7302E-03   
1.0543E-02   -1.1098E-03   
9.2217E-03   -2.0786E-03   
8.6424E-03   -2.1494E-03   
1.1773E-02   -1.0667E-03   
9.9382E-03   -1.3688E-03   
9.3098E-03   -1.9050E-03   
9.0685E-03   -1.8173E-03   
1.0886E-02   -1.0312E-03   
1.1614E-02   -1.0492E-03   
1.0721E-02   -9.8714E-04   
8.7985E-03   -2.0245E-03   
1.1221E-02   -9.8600E-04   
7.0552E-03   -3.9035E-03   
9.3532E-03   -2.1038E-03   
9.4079E-03   -2.4533E-03   
9.4932E-03   -2.5197E-03   
9.2715E-03   -2.8807E-03   
9.5183E-03   -2.9734E-03   
1.2819E-02   -1.1142E-03   
4.6760E-03   -6.4778E-03   
1.2286E-02   -9.7942E-04   
1.4765E-02   -5.8051E-04   
9.6420E-03   -1.5158E-03   
9.3466E-03   -1.6686E-03   
1.0261E-02   -1.2169E-03   
9.5406E-03   -1.7337E-03   
1.0567E-02   -1.1458E-03   
1.1265E-02   -1.0437E-03   
1.0916E-02   -1.0807E-03   
9.4672E-03   -1.8943E-03   
1.1434E-02   -1.1883E-03   
1.1282E-02   -1.1709E-03   
1.2423E-02   -1.0822E-03   
1.1935E-02   -1.0914E-03   
9.9759E-03   -2.3049E-03   
9.8264E-03   -2.1981E-03   
9.0032E-03   -1.9530E-03   
1.2638E-02   -8.8292E-04   
1.3435E-02   -8.9409E-04   
1.2376E-02   -1.3117E-03   
9.7289E-03   -2.7378E-03   
9.2956E-03   -3.2604E-03   
9.9466E-03   -2.5167E-03   
9.7781E-03   -1.9272E-03   
5.9669E-03   -5.6659E-03   
1.4819E-02   -6.5263E-04   
9.4532E-03   -1.6281E-03   
1.0552E-02   -1.0781E-03   
9.1722E-03   -1.8213E-03   
1.0019E-02   -1.3507E-03   
1.1050E-02   -1.3430E-03   
1.0233E-02   -1.2744E-03   
9.7505E-03   -1.4809E-03   
1.0594E-02   -1.1935E-03   
9.6915E-03   -1.7220E-03   
1.0947E-02   -1.2055E-03   
9.8609E-03   -1.7147E-03   
1.0958E-02   -1.2797E-03   
1.2719E-02   -9.4541E-04   
1.1594E-02   -1.2060E-03   
1.2110E-02   -1.1237E-03   
1.3672E-02   -8.9784E-04   
9.8405E-03   -2.0743E-03   
1.2436E-02   -1.0011E-03   
9.9026E-03   -1.9578E-03   
1.2105E-02   -1.2267E-03   
9.4264E-03   -1.7301E-03   
1.0075E-02   -1.7090E-03   
1.0182E-02   -2.3139E-03   
1.2054E-02   -1.3412E-03   
1.2763E-02   -1.2226E-03   
9.7954E-03   -2.3040E-03   
1.0197E-02   -2.4890E-03   
9.9001E-03   -2.8656E-03   
4.8330E-03   -6.5125E-03   
9.5392E-03   -1.6167E-03   
1.0063E-02   -1.5497E-03   
9.8979E-03   -1.4370E-03   
1.0285E-02   -1.3047E-03   
1.0182E-02   -1.8845E-03   
9.8880E-03   -1.5688E-03   
1.0678E-02   -1.4499E-03   
1.1304E-02   -1.3090E-03   
1.0355E-02   -2.6524E-03   
1.1771E-02   -1.3751E-03   
9.1484E-03   -1.7853E-03   
1.0210E-02   -1.7646E-03   
1.1738E-02   -1.2352E-03   
1.0643E-02   -1.2383E-03   
1.0620E-02   -1.3797E-03   
1.0429E-02   -2.1149E-03   
4.3467E-03   -6.9345E-03   
1.0408E-02   -2.3160E-03   
1.1966E-02   -1.4557E-03   
1.3044E-02   -1.1170E-03   
1.0951E-02   -1.1342E-03   
8.9618E-03   -1.9044E-03   
9.7302E-03   -1.6016E-03   
1.0239E-02   -1.5432E-03   
1.0001E-02   -1.4608E-03   
1.1393E-02   -1.3536E-03   
1.0424E-02   -1.3911E-03   
1.0402E-02   -1.6045E-03   
1.0041E-02   -1.4000E-03   
1.1650E-02   -1.6192E-03   
9.7755E-03   -1.5370E-03   
1.3357E-02   -1.0528E-03   
1.1676E-02   -1.5055E-03   
1.0214E-02   -2.0943E-03   
1.0402E-02   -1.5364E-03   
1.0709E-02   -2.4258E-03   
3.7586E-03   -7.2722E-03   
1.0716E-02   -1.2682E-03   
1.0560E-02   -1.8686E-03   
1.1049E-02   -1.4562E-03   
1.1127E-02   -1.5398E-03   
1.0713E-02   -1.9059E-03   
1.1686E-02   -1.7163E-03   
1.0461E-02   -1.7302E-03   
1.0655E-02   -2.3255E-03   
1.0767E-02   -2.4948E-03   
1.0966E-02   -1.7120E-03   
1.0490E-02   -1.8027E-03   
1.1088E-02   -2.4325E-03   
1.0876E-02   -1.9457E-03   
1.1854E-02   -1.2676E-03   
1.2129E-02   -1.5962E-03   
1.1283E-02   -1.8184E-03   
1.0761E-02   -1.6335E-03   
1.1385E-02   -1.5373E-03   
1.0621E-02   -2.1341E-03   
1.1279E-02   -1.9276E-03   
1.2547E-02   -1.3766E-03   
1.1563E-02   -2.1876E-03   
1.0982E-02   -1.9903E-03   
1.0781E-02   -1.7103E-03   
1.1171E-02   -2.0794E-03   
1.1480E-02   -2.0424E-03   
1.1978E-02   -1.8407E-03   
1.2224E-02   -1.6626E-03   
1.1756E-02   -2.0243E-03   
3.6892E-04   -8.3768E-03   
1.1047E-02   -2.2248E-03   
1.0417E-02   -2.7290E-03   
1.5531E-02   -2.7448E-04   
8.7474E-04   -7.5723E-03   
1.6413E-02   -3.6770E-05   
1.5183E-02   -6.0784E-04   
6.6362E-04   -8.4253E-03   
3.3624E-03   -7.3781E-03   
1.1629E-02   -2.2571E-03   
1.5735E-02   -1.4096E-04   
1.0165E-03   -8.3707E-03   
3.9418E-03   -6.9250E-03   
1.4454E-03   -8.2863E-03   
1.8832E-03   -8.1845E-03   
2.3197E-03   -8.0553E-03   
2.7740E-03   -7.8957E-03   
1.6723E-02   -3.2702E-05   
3.2383E-03   -7.6997E-03   
3.7376E-03   -7.4515E-03   
1.5027E-02   -4.9296E-04   
4.2616E-03   -7.1507E-03   
1.7044E-02   -3.0232E-05   
4.8164E-03   -6.7901E-03   
5.9543E-03   -6.0069E-03   
1.2524E-02   -1.4972E-03   
7.7341E-03   -4.8088E-03   
1.7384E-02   -2.6817E-05   
1.3895E-02   -6.2692E-04   
8.8626E-03   -4.2054E-03   
8.4958E-03   -3.4242E-03   
2.5353E-03   -7.7243E-03   
1.5124E-02   -4.2400E-04   
1.0178E-02   -3.4973E-03   
1.1046E-02   -3.1469E-03   
1.7736E-02   -2.2364E-05   
1.1679E-02   -2.9508E-03   
7.5444E-03   -4.6030E-03   
1.2350E-02   -2.7602E-03   
1.2858E-02   -2.6746E-03   
1.8103E-02   -1.7938E-05   
1.3454E-02   -2.4866E-03   
1.4113E-02   -2.3412E-03   
1.1038E-03   -8.1283E-03   
1.4722E-02   -2.1941E-03   
1.8529E-02   -1.4428E-05   
1.5874E-02   -8.6361E-05   
8.7364E-03   -3.7383E-03   
1.5372E-02   -2.0168E-03   
1.5985E-02   -1.8706E-03   
1.4528E-02   -7.5810E-04   
1.9006E-02   -6.3482E-06   
1.3707E-02   -9.8139E-04   
1.3015E-02   -1.2026E-03   
1.7158E-02   -1.5145E-03   
1.9458E-02   -2.1967E-04   
1.9553E-02   -2.3984E-04   
1.9551E-02   -3.3216E-05   
1.9603E-02   -8.7517E-06   
1.9494E-02   -1.1465E-04   
4.7109E-03   -6.7938E-03   
1.8393E-02   -9.7101E-04   
1.2622E-03   -8.2104E-03   
1.3945E-02   -9.8844E-04   
1.3428E-02   -1.1379E-03   
2.2523E-03   -7.9000E-03   
1.2792E-02   -1.4720E-03   
2.9484E-03   -7.5927E-03   
1.5789E-02   -2.2520E-04   
1.2194E-02   -1.8441E-03   
1.5479E-02   -4.9854E-04   
3.2560E-03   -7.5392E-03   
8.9699E-03   -3.6939E-03   
2.1839E-03   -8.0116E-03   
1.0076E-02   -3.0115E-03   
3.1216E-03   -7.6853E-03   
1.4391E-02   -8.6156E-04   
1.4553E-02   -2.0856E-03   
1.1551E-02   -2.8603E-03   
4.1891E-03   -7.1603E-03   
7.4798E-03   -4.7775E-03   
5.9885E-03   -5.9702E-03   
6.2424E-03   -5.7381E-03   
1.7197E-02   -5.8200E-05   
1.2146E-02   -2.1061E-03   
1.6009E-02   -1.2312E-04   
1.5256E-02   -6.6749E-04   
1.6576E-02   -6.4889E-05   
1.8471E-02   -3.2436E-05   
1.1203E-02   -2.4862E-03   
1.2593E-02   -2.5602E-03   
1.5318E-02   -3.1558E-04   
1.5376E-02   -4.3483E-04   
1.2507E-02   -1.5702E-03   
9.9544E-03   -2.9108E-03   
1.9295E-02   -1.9414E-06   
1.6599E-02   -1.6914E-03   
8.6861E-03   -4.1463E-03   
1.5520E-02   -1.8314E-03   
1.9591E-02   -1.4024E-04   
1.9695E-02   -3.8022E-06   
1.9667E-02   -1.7719E-05   
1.9623E-02   -6.7634E-05   
1.3549E-02   -2.2996E-03   
1.0431E-02   -3.1888E-03   
1.7892E-02   -4.1020E-05   
1.7716E-02   -1.0862E-03   
1.9057E-02   -1.9041E-05   
1.8423E-02   -8.2890E-04   
1.8875E-02   -2.7848E-04   
1.9111E-02   -2.7912E-05   
1.9020E-02   -8.3910E-05   
1.8736E-02   -5.1220E-04   
1.4253E-02   -9.8745E-04   
1.1483E-02   -2.7614E-03   
1.5908E-02   -1.7162E-04   
1.6233E-02   -1.3941E-04   
1.6997E-02   -9.5894E-05   
1.4273E-03   -8.0791E-03   
1.0919E-02   -2.6949E-03   
1.3257E-02   -1.3077E-03   
7.3447E-03   -4.9861E-03   
1.5822E-02   -2.7822E-04   
1.7686E-02   -7.1256E-05   
1.6403E-02   -1.6134E-03   
4.1060E-03   -7.1483E-03   
1.1051E-02   -2.8781E-03   
8.6446E-03   -4.1160E-03   
1.2502E-02   -2.4773E-03   
1.0379E-02   -2.9332E-03   
1.4141E-02   -2.0853E-03   
1.2652E-02   -1.7219E-03   
9.7934E-03   -3.4207E-03   
1.5081E-02   -7.8345E-04   
1.5556E-02   -5.6342E-04   
1.3084E-02   -2.3343E-03   
1.2618E-02   -1.8649E-03   
1.8085E-02   -5.6228E-05   
1.2212E-02   -2.2069E-03   
1.7340E-02   -8.3321E-05   
9.6906E-03   -3.3427E-03   
1.5678E-02   -3.5381E-04   
1.1987E-02   -2.6171E-03   
1.3040E-02   -1.4953E-03   
1.6602E-02   -1.0730E-04   
1.5757E-02   -4.0140E-04   
1.8291E-02   -4.3764E-04   
1.8638E-02   -5.8782E-05   
1.8521E-02   -1.5187E-04   
1.8722E-02   -3.0987E-05   
1.4649E-02   -8.6453E-04   
1.6960E-02   -1.3334E-03   
1.7883E-02   -8.6127E-04   
1.9005E-02   -6.4317E-05   
1.8788E-02   -4.1410E-04   
1.8871E-02   -1.6130E-04   
1.8802E-02   -2.0882E-04   
1.1894E-02   -2.5270E-03   
9.4382E-03   -3.5688E-03   
1.7804E-02   -9.1848E-05   
1.5967E-02   -1.6732E-03   
1.0794E-02   -2.8793E-03   
1.2651E-02   -1.9765E-03   
1.1792E-02   -2.4451E-03   
1.5948E-02   -5.1473E-04   
1.6448E-02   -1.5921E-04   
1.3728E-02   -2.1050E-03   
1.7155E-02   -1.1867E-04   
1.8446E-02   -2.2562E-04   
1.8658E-02   -9.3423E-05   
1.6128E-02   -3.6106E-04   
1.4111E-02   -1.1254E-03   
1.6163E-02   -2.5326E-04   
1.3595E-02   -1.2966E-03   
1.8301E-02   -3.2264E-04   
1.7187E-02   -1.0636E-03   
1.5406E-02   -7.6566E-04   
1.4740E-02   -1.8739E-03   
1.3067E-02   -1.6562E-03   
1.1306E-02   -2.6124E-03   
1.2909E-02   -2.2545E-03   
1.5113E-02   -8.6368E-04   
1.8437E-02   -5.3267E-05   
1.6877E-02   -1.2482E-03   
1.8012E-02   -6.3442E-04   
1.3895E-02   -1.9026E-03   
1.3555E-02   -1.5615E-03   
1.4990E-02   -9.7854E-04   
1.5800E-02   -6.9978E-04   
1.3315E-02   -2.0373E-03   
1.2303E-02   -2.2980E-03   
1.7917E-02   -1.1010E-04   
1.6597E-02   -1.2492E-03   
1.7168E-02   -1.5907E-04   
1.7577E-02   -1.3297E-04   
1.2808E-02   -2.1646E-03   
1.6394E-02   -2.7329E-04   
1.6454E-02   -2.0581E-04   
1.6235E-02   -4.1191E-04   
1.3051E-02   -1.5820E-03   
1.3113E-02   -1.8682E-03   
1.6066E-02   -5.6952E-04   
1.4920E-02   -1.6918E-03   
1.4451E-02   -1.1182E-03   
1.3960E-02   -1.2719E-03   
1.3437E-02   -1.7038E-03   
1.5413E-02   -9.0818E-04   
1.5711E-02   -8.0213E-04   
1.5155E-02   -1.8489E-03   
1.6348E-02   -4.6053E-04   
1.3206E-02   -1.9524E-03   
1.8255E-02   -8.6244E-05   
1.6763E-02   -2.0959E-04   
1.6499E-02   -3.2584E-04   
1.5972E-02   -1.4427E-03   
1.7024E-02   -2.2074E-04   
1.3871E-02   -1.3897E-03   
1.4703E-02   -1.1285E-03   
1.5759E-02   -8.7684E-04   
1.3565E-02   -1.7576E-03   
1.6894E-02   -2.8567E-04   
1.6905E-02   -1.0456E-03   
1.6210E-02   -6.0328E-04   
1.6745E-02   -4.0536E-04   
1.5718E-02   -1.6534E-03   
1.7730E-02   -1.5143E-04   
1.4110E-02   -1.4038E-03   
1.4624E-02   -1.2411E-03   
1.8393E-02   -1.0042E-04   
1.6559E-02   -5.5270E-04   
1.7937E-02   -1.6375E-04   
1.4054E-02   -1.6304E-03   
1.6943E-02   -3.3162E-04   
1.7515E-02   -2.0487E-04   
1.6863E-02   -4.4270E-04   
1.5014E-02   -1.2106E-03   
1.7209E-02   -2.3190E-04   
1.5537E-02   -1.0410E-03   
1.6308E-02   -7.5922E-04   
1.7218E-02   -3.3383E-04   
1.6447E-02   -8.3060E-04   
1.4173E-02   -1.7030E-03   
1.5900E-02   -1.0207E-03   
1.4451E-02   -1.4137E-03   
1.5373E-02   -1.1944E-03   
1.7590E-02   -2.3771E-04   
1.8321E-02   -1.4501E-04   
1.6736E-02   -8.3358E-04   
1.6289E-02   -9.8611E-04   
1.7682E-02   -2.7059E-04   
1.4560E-02   -1.5167E-03   
1.5129E-02   -1.3797E-03   
1.7461E-02   -3.3938E-04   
1.7203E-02   -7.3900E-04   
1.6202E-02   -1.1270E-03   
1.8086E-02   -2.1304E-04   
1.7420E-02   -3.9554E-04   
1.7136E-02   -8.6833E-04   
1.8253E-02   -2.2776E-04   
1.6649E-02   -1.0382E-03   
1.6983E-02   -4.8128E-04   
1.6674E-02   -6.0511E-04   
1.6841E-02   -6.5032E-04   
1.7361E-02   -5.3423E-04   
