51 
1844 
2.1780E-03   -1.8370E-03   
3.2751E-03   -1.4672E-03   
4.2223E-03   -1.0373E-03   
4.8527E-03   -5.3763E-04   
1.2375E-36   -1.5111E-03   
5.0679E-03   -8.1899E-37   
5.1749E-03   -3.3784E-35   
5.3339E-03   -1.8452E-36   
5.6886E-03   1.2537E-35   
6.0148E-03   1.9153E-35   
6.4338E-03   4.1165E-35   
6.9496E-03   5.6967E-35   
7.3487E-03   6.8913E-35   
8.0312E-03   1.0442E-34   
8.5416E-03   1.2621E-34   
9.0953E-03   1.1040E-34   
9.3878E-03   1.7051E-34   
1.0003E-02   2.5147E-34   
1.0658E-02   3.6411E-34   
1.1000E-02   -6.1537E-31   
1.1000E-02   -1.3524E-34   
1.1000E-02   -1.3524E-34   
1.1000E-02   -1.3524E-34   
1.1000E-02   -1.3524E-34   
1.1000E-02   -1.3524E-34   
1.1000E-02   -1.3524E-34   
1.1000E-02   -1.3524E-34   
1.1000E-02   -1.3524E-34   
1.1000E-02   -1.3524E-34   
1.1000E-02   -1.3524E-34   
1.1000E-02   -1.3524E-34   
1.1000E-02   -1.3524E-34   
1.0341E-02   -4.6849E-04   
9.2634E-03   -1.0660E-03   
8.8070E-03   -1.2709E-03   
8.3703E-03   -1.4402E-03   
7.5272E-03   -1.7141E-03   
7.1153E-03   -1.8298E-03   
6.3041E-03   -2.0364E-03   
5.9047E-03   -2.1325E-03   
5.1182E-03   -2.3191E-03   
4.3529E-03   -2.5042E-03   
3.9801E-03   -2.5978E-03   
3.2589E-03   -2.7845E-03   
2.5763E-03   -2.9657E-03   
2.2508E-03   -3.0511E-03   
1.6329E-03   -3.2047E-03   
1.0564E-03   -3.3236E-03   
5.1528E-04   -3.3979E-03   
1.7058E-36   -3.4203E-03   
3.6705E-34   -3.2489E-03   
3.8704E-34   -3.0846E-03   
3.6551E-34   -2.8689E-03   
3.4690E-34   -2.7473E-03   
3.0621E-34   -2.5560E-03   
2.8009E-34   -2.4549E-03   
2.5375E-34   -2.3709E-03   
2.3497E-34   -2.3371E-03   
2.4275E-34   -2.3070E-03   
1.5246E-03   -1.8453E-03   
1.0578E-02   -3.6670E-05   
1.0136E-02   -7.8355E-05   
9.4988E-03   -1.3796E-04   
8.9767E-03   -1.8952E-04   
8.4704E-03   -2.5417E-04   
7.9027E-03   -2.9305E-04   
7.4396E-03   -3.0923E-04   
6.8645E-03   -3.5854E-04   
6.2963E-03   -3.8961E-04   
5.7318E-03   -4.1771E-04   
5.1746E-03   -4.4435E-04   
4.5975E-03   -4.8749E-04   
4.0050E-03   -5.9279E-04   
3.1992E-03   -8.7063E-04   
2.3896E-03   -1.3071E-03   
3.4640E-03   -1.0639E-03   
3.9716E-03   -5.2090E-04   
4.4954E-03   -3.1953E-04   
5.0001E-03   -2.6083E-04   
5.4914E-03   -2.4956E-04   
5.9623E-03   -2.5005E-04   
6.5061E-03   -2.2827E-04   
7.0127E-03   -2.1120E-04   
7.4857E-03   -1.8933E-04   
7.9729E-03   -1.9030E-04   
8.5074E-03   -1.4986E-04   
9.0216E-03   -1.1730E-04   
9.5249E-03   -9.3594E-05   
1.0060E-02   -5.3326E-05   
1.0525E-02   -2.1895E-05   
4.7832E-03   -2.4429E-04   
5.0343E-03   -1.1152E-04   
5.3227E-03   -9.7332E-05   
5.7299E-03   -9.6360E-05   
6.1237E-03   -9.7209E-05   
6.6123E-03   -1.0221E-04   
7.0516E-03   -1.0490E-04   
7.4903E-03   -1.0249E-04   
8.0578E-03   -8.2106E-05   
8.5336E-03   -6.6056E-05   
9.0730E-03   -5.6298E-05   
9.6044E-03   -4.0098E-05   
1.0125E-02   -2.5775E-05   
1.0604E-02   -8.0835E-06   
1.0498E-02   -5.8144E-05   
1.0019E-02   -1.2492E-04   
9.4318E-03   -2.1276E-04   
8.8924E-03   -2.6747E-04   
8.4232E-03   -3.4641E-04   
7.8365E-03   -4.1036E-04   
7.2580E-03   -4.6866E-04   
6.7101E-03   -5.1461E-04   
6.1389E-03   -5.7133E-04   
5.6036E-03   -6.2159E-04   
4.9159E-03   -7.0190E-04   
4.1792E-03   -8.2144E-04   
3.4543E-03   -9.8681E-04   
2.6928E-03   -1.2279E-03   
1.8188E-03   -1.6143E-03   
9.2685E-04   -2.0470E-03   
1.0466E-02   -8.7938E-05   
1.0057E-02   -1.6176E-04   
9.3579E-03   -2.9196E-04   
8.8995E-03   -3.7444E-04   
8.3527E-03   -4.5734E-04   
7.6940E-03   -5.6541E-04   
7.1137E-03   -6.2523E-04   
6.5493E-03   -6.8940E-04   
5.8826E-03   -7.8387E-04   
5.2553E-03   -8.8965E-04   
4.5890E-03   -1.0066E-03   
3.8913E-03   -1.1174E-03   
3.1262E-03   -1.3409E-03   
2.3811E-03   -1.5605E-03   
1.5496E-03   -1.8890E-03   
7.2923E-04   -2.2127E-03   
1.0614E-02   -7.7774E-05   
9.8720E-03   -2.4700E-04   
9.4497E-03   -3.3591E-04   
8.9341E-03   -4.5498E-04   
8.1647E-03   -6.0761E-04   
7.6166E-03   -7.1051E-04   
7.0475E-03   -7.9568E-04   
6.3721E-03   -9.1062E-04   
5.7542E-03   -1.0249E-03   
5.0885E-03   -1.1234E-03   
4.4575E-03   -1.2390E-03   
3.6645E-03   -1.3954E-03   
2.8798E-03   -1.6591E-03   
2.1504E-03   -1.8594E-03   
1.4539E-03   -2.1175E-03   
7.0906E-04   -2.3399E-03   
1.0375E-02   -1.6221E-04   
9.9386E-03   -2.8766E-04   
9.4101E-03   -4.3890E-04   
8.8773E-03   -5.8568E-04   
8.1052E-03   -7.6249E-04   
7.4854E-03   -8.7398E-04   
6.8525E-03   -1.0194E-03   
6.2450E-03   -1.1522E-03   
5.5229E-03   -1.2557E-03   
4.9339E-03   -1.3486E-03   
4.3273E-03   -1.5118E-03   
3.5213E-03   -1.7184E-03   
2.7304E-03   -1.9417E-03   
2.0364E-03   -2.1392E-03   
1.2974E-03   -2.3489E-03   
6.7484E-04   -2.4882E-03   
1.0506E-02   -1.7448E-04   
9.9106E-03   -3.8659E-04   
9.4236E-03   -5.3122E-04   
8.6598E-03   -7.6578E-04   
7.9860E-03   -9.6374E-04   
7.3861E-03   -1.0843E-03   
6.6395E-03   -1.2484E-03   
6.0786E-03   -1.3703E-03   
5.3519E-03   -1.4929E-03   
4.7155E-03   -1.6247E-03   
3.9917E-03   -1.7974E-03   
3.3984E-03   -1.9612E-03   
2.6825E-03   -2.1662E-03   
1.9728E-03   -2.3571E-03   
1.2850E-03   -2.5342E-03   
6.0250E-04   -2.6633E-03   
1.0421E-02   -2.3746E-04   
9.7674E-03   -4.9573E-04   
9.3110E-03   -6.5528E-04   
8.4222E-03   -9.6985E-04   
7.8836E-03   -1.1255E-03   
7.2702E-03   -1.2966E-03   
6.5989E-03   -1.4298E-03   
5.9185E-03   -1.5838E-03   
5.1623E-03   -1.7619E-03   
4.5300E-03   -1.9018E-03   
3.9088E-03   -2.0421E-03   
3.2597E-03   -2.2155E-03   
2.5440E-03   -2.4365E-03   
1.9371E-03   -2.5718E-03   
1.2505E-03   -2.7364E-03   
6.1977E-04   -2.8345E-03   
1.0470E-02   -2.8594E-04   
9.9099E-03   -5.5118E-04   
9.1576E-03   -8.5206E-04   
8.4984E-03   -1.1218E-03   
7.7852E-03   -1.2880E-03   
7.0951E-03   -1.4656E-03   
6.4369E-03   -1.6366E-03   
5.7766E-03   -1.7987E-03   
5.1156E-03   -1.9605E-03   
4.3901E-03   -2.1087E-03   
3.7440E-03   -2.3219E-03   
3.0708E-03   -2.4744E-03   
2.4653E-03   -2.6174E-03   
1.8352E-03   -2.7860E-03   
1.1883E-03   -2.9386E-03   
6.5985E-04   -3.0042E-03   
1.0316E-02   -4.3716E-04   
9.6321E-03   -8.2399E-04   
9.0611E-03   -1.0425E-03   
8.1690E-03   -1.3632E-03   
7.6287E-03   -1.5200E-03   
6.8769E-03   -1.7210E-03   
6.2230E-03   -1.8964E-03   
5.6413E-03   -2.0065E-03   
4.9394E-03   -2.1689E-03   
4.2745E-03   -2.3657E-03   
3.7194E-03   -2.4921E-03   
3.0468E-03   -2.6740E-03   
2.3565E-03   -2.8549E-03   
1.7436E-03   -2.9992E-03   
1.1594E-03   -3.1224E-03   
5.1737E-04   -3.2394E-03   
3.1437E-04   -1.5279E-03   
6.1569E-04   -1.5528E-03   
9.1460E-04   -1.5937E-03   
1.2058E-03   -1.6472E-03   
1.4818E-03   -1.7027E-03   
1.7561E-03   -1.7777E-03   
1.9863E-03   -1.8233E-03   
2.3306E-03   -1.8056E-03   
2.4687E-03   -1.7597E-03   
2.6047E-03   -1.7102E-03   
2.7387E-03   -1.6607E-03   
2.8736E-03   -1.6124E-03   
3.0085E-03   -1.5644E-03   
3.1426E-03   -1.5161E-03   
3.4055E-03   -1.4174E-03   
3.5332E-03   -1.3665E-03   
3.6577E-03   -1.3146E-03   
3.7790E-03   -1.2616E-03   
3.8964E-03   -1.2074E-03   
4.0097E-03   -1.1519E-03   
4.1184E-03   -1.0951E-03   
4.3211E-03   -9.7838E-04   
4.4146E-03   -9.1832E-04   
4.5025E-03   -8.5718E-04   
4.5847E-03   -7.9503E-04   
4.6610E-03   -7.3193E-04   
4.7312E-03   -6.6795E-04   
4.7952E-03   -6.0317E-04   
4.9038E-03   -4.7138E-04   
4.9482E-03   -4.0445E-04   
4.9858E-03   -3.3679E-04   
5.0139E-03   -2.6865E-04   
5.0424E-03   -2.0171E-04   
5.0553E-03   -1.3535E-04   
5.0688E-03   -6.5796E-05   
5.1001E-03   -1.5748E-34   
5.1183E-03   -1.4748E-34   
5.1326E-03   -1.1001E-34   
5.1456E-03   -5.9027E-35   
5.1590E-03   -4.4843E-35   
5.1948E-03   -2.4737E-35   
5.2197E-03   -1.7309E-35   
5.2507E-03   -1.1196E-35   
5.2886E-03   -6.1193E-36   
5.3873E-03   1.7699E-36   
5.4490E-03   4.8440E-36   
5.5196E-03   7.5353E-36   
5.5994E-03   1.0049E-35   
5.7873E-03   1.4787E-35   
5.8960E-03   1.7005E-35   
6.1440E-03   2.1514E-35   
6.2836E-03   2.3920E-35   
6.5949E-03   4.3381E-35   
6.7667E-03   3.2775E-35   
7.1435E-03   6.1515E-35   
7.5650E-03   7.9512E-35   
7.7926E-03   8.9643E-35   
8.2809E-03   1.0777E-34   
8.8131E-03   1.4356E-34   
9.6906E-03   2.1331E-34   
1.0326E-02   2.2254E-34   
1.1000E-02   -1.3524E-34   
1.1000E-02   -1.3524E-34   
1.1000E-02   -1.3524E-34   
1.1000E-02   -1.3524E-34   
1.1000E-02   -1.3524E-34   
9.7541E-03   -8.2012E-04   
7.9453E-03   -1.5859E-03   
6.7078E-03   -1.9361E-03   
5.5091E-03   -2.2264E-03   
4.7325E-03   -2.4116E-03   
3.6151E-03   -2.6912E-03   
2.9125E-03   -2.8764E-03   
1.9363E-03   -3.1313E-03   
1.3397E-03   -3.2688E-03   
7.8173E-04   -3.3666E-03   
2.5604E-04   -3.4174E-03   
2.7222E-34   -3.3350E-03   
3.8222E-34   -3.1650E-03   
3.7530E-34   -3.0084E-03   
5.4555E-34   -2.9365E-03   
5.5143E-34   -2.8058E-03   
3.3905E-34   -2.6930E-03   
3.3004E-34   -2.6431E-03   
3.1757E-34   -2.5975E-03   
2.9684E-34   -2.5184E-03   
2.8809E-34   -2.4848E-03   
2.7337E-34   -2.4286E-03   
2.6680E-34   -2.4060E-03   
2.5991E-34   -2.3868E-03   
2.4852E-34   -2.3582E-03   
2.4393E-34   -2.3486E-03   
2.4006E-34   -2.3419E-03   
2.3701E-34   -2.3382E-03   
2.3415E-34   -2.3384E-03   
2.3517E-34   -2.3418E-03   
2.3889E-34   -2.3456E-03   
2.4176E-34   -2.3441E-03   
2.4056E-34   -2.3321E-03   
2.4092E-34   -2.2676E-03   
2.3990E-34   -2.2141E-03   
2.3586E-34   -2.1476E-03   
2.3234E-34   -2.0701E-03   
2.2920E-34   -1.9829E-03   
3.4015E-34   -1.8832E-03   
3.1866E-34   -1.7755E-03   
2.3901E-34   -1.6484E-03   
2.5824E-03   -1.6711E-03   
3.5137E-03   -1.2884E-03   
3.8809E-03   -1.1140E-03   
2.8521E-03   -1.5641E-03   
4.7485E-03   -5.7112E-04   
2.1770E-03   -1.8350E-03   
1.0510E-03   -1.7253E-03   
4.5097E-03   -7.5342E-04   
4.9734E-03   -3.2767E-04   
4.2184E-03   -9.3515E-04   
3.1211E-03   -1.4560E-03   
4.8749E-03   -4.4956E-04   
3.2542E-03   -1.4009E-03   
2.0279E-03   -1.8750E-03   
4.1111E-03   -9.9532E-04   
4.5955E-03   -6.9267E-04   
5.0827E-03   -9.1770E-05   
4.1651E-04   -1.6507E-03   
1.8379E-03   -1.8719E-03   
3.6385E-03   -1.2309E-03   
3.7599E-03   -1.1726E-03   
4.8151E-03   -5.1035E-04   
1.3301E-03   -1.7726E-03   
5.0123E-03   -2.6577E-04   
7.4363E-04   -1.6834E-03   
1.6073E-03   -1.8377E-03   
4.6752E-03   -6.3191E-04   
4.9277E-03   -3.8865E-04   
2.3147E-03   -1.7816E-03   
4.4180E-03   -8.1415E-04   
4.3208E-03   -8.7477E-04   
2.9870E-03   -1.5103E-03   
2.4480E-03   -1.7260E-03   
2.7172E-03   -1.6175E-03   
3.3854E-03   -1.3451E-03   
3.9983E-03   -1.0550E-03   
2.6743E-04   -1.9396E-03   
2.6240E-04   -2.0321E-03   
2.5901E-04   -2.1147E-03   
2.5241E-04   -2.1857E-03   
2.4067E-04   -2.2429E-03   
2.2384E-04   -2.2856E-03   
2.0151E-04   -2.3137E-03   
1.7495E-04   -2.3288E-03   
1.4752E-04   -2.3337E-03   
5.1197E-03   -4.5585E-05   
1.3151E-04   -2.3332E-03   
5.1325E-03   -3.6540E-05   
1.2633E-04   -2.3310E-03   
5.1449E-03   -2.9926E-05   
1.2465E-04   -2.3298E-03   
5.1592E-03   -2.4856E-05   
1.2469E-04   -2.3305E-03   
5.1769E-03   -2.1190E-05   
1.2580E-04   -2.3336E-03   
5.1992E-03   -1.8631E-05   
1.2770E-04   -2.3393E-03   
5.2272E-03   -1.7002E-05   
1.3016E-04   -2.3478E-03   
5.2617E-03   -1.6138E-05   
1.3311E-04   -2.3593E-03   
5.3035E-03   -1.5878E-05   
1.3650E-04   -2.3738E-03   
5.3530E-03   -1.6089E-05   
1.4013E-04   -2.3916E-03   
5.4107E-03   -1.6718E-05   
1.4392E-04   -2.4126E-03   
5.4774E-03   -1.7692E-05   
1.4827E-04   -2.4371E-03   
5.5530E-03   -1.8911E-05   
1.5332E-04   -2.4654E-03   
5.6378E-03   -2.0291E-05   
1.5865E-04   -2.4973E-03   
5.7323E-03   -2.1634E-05   
1.6410E-04   -2.5329E-03   
5.8358E-03   -2.3258E-05   
1.6960E-04   -2.5725E-03   
5.9484E-03   -2.5048E-05   
1.7498E-04   -2.6157E-03   
6.0707E-03   -2.7178E-05   
1.8231E-04   -2.6626E-03   
6.2041E-03   -2.9115E-05   
1.9096E-04   -2.7138E-03   
6.3488E-03   -3.0524E-05   
1.9550E-04   -2.7697E-03   
6.5045E-03   -3.1872E-05   
2.0023E-04   -2.8296E-03   
6.6725E-03   -3.3193E-05   
2.1425E-04   -2.8945E-03   
6.8535E-03   -3.3790E-05   
2.2234E-04   -2.9659E-03   
7.0414E-03   -3.3039E-05   
2.2354E-04   -3.0418E-03   
7.2367E-03   -3.4232E-05   
2.3171E-04   -3.1212E-03   
7.4467E-03   -3.4589E-05   
2.4467E-04   -3.2070E-03   
2.9730E-03   -1.4522E-03   
4.2242E-03   -8.4020E-04   
4.6132E-03   -6.0093E-04   
2.4293E-03   -1.6856E-03   
5.0735E-03   -1.3570E-04   
8.9311E-04   -1.8029E-03   
3.6225E-03   -1.1482E-03   
4.9989E-03   -2.6225E-04   
1.4549E-03   -1.8960E-03   
2.0239E-03   -1.8642E-03   
1.8771E-03   -1.9125E-03   
3.9971E-03   -9.6304E-04   
3.2427E-03   -1.3326E-03   
4.8387E-03   -4.2926E-04   
4.8993E-03   -3.7330E-04   
3.3739E-03   -1.2719E-03   
3.8745E-03   -1.0242E-03   
4.6952E-03   -5.4303E-04   
4.5247E-03   -6.5963E-04   
2.5651E-03   -1.6274E-03   
2.1593E-03   -1.8046E-03   
5.5875E-04   -1.7820E-03   
2.7010E-03   -1.5695E-03   
3.4990E-03   -1.2105E-03   
3.7484E-03   -1.0856E-03   
4.7705E-03   -4.8582E-04   
4.9526E-03   -3.1769E-04   
2.8372E-03   -1.5112E-03   
4.3298E-03   -7.7933E-04   
1.6866E-03   -1.9197E-03   
2.2943E-03   -1.7444E-03   
4.4301E-03   -7.1913E-04   
5.0390E-03   -2.0489E-04   
1.1739E-03   -1.8401E-03   
4.1133E-03   -9.0170E-04   
3.1086E-03   -1.3928E-03   
2.6480E-04   -1.8359E-03   
5.3674E-04   -1.9959E-03   
5.2831E-04   -2.0847E-03   
5.1065E-04   -2.1585E-03   
4.8092E-04   -2.2154E-03   
4.4526E-04   -2.2557E-03   
4.0280E-04   -2.2809E-03   
3.5481E-04   -2.2937E-03   
5.1042E-03   -6.1040E-05   
3.0712E-04   -2.2991E-03   
2.7366E-04   -2.3028E-03   
5.1071E-03   -7.9487E-05   
2.5803E-04   -2.3053E-03   
5.1173E-03   -6.6177E-05   
2.5194E-04   -2.3069E-03   
5.1298E-03   -5.4412E-05   
2.5036E-04   -2.3092E-03   
5.1453E-03   -4.5902E-05   
2.5143E-04   -2.3129E-03   
5.1649E-03   -3.9929E-05   
2.5423E-04   -2.3187E-03   
5.1899E-03   -3.5876E-05   
2.5906E-04   -2.3267E-03   
5.2212E-03   -3.3490E-05   
2.6541E-04   -2.3374E-03   
5.2595E-03   -3.2477E-05   
2.7165E-04   -2.3512E-03   
5.3053E-03   -3.2527E-05   
2.7755E-04   -2.3680E-03   
5.3596E-03   -3.3369E-05   
2.8402E-04   -2.3878E-03   
5.4227E-03   -3.5020E-05   
2.9189E-04   -2.4108E-03   
5.4944E-03   -3.7341E-05   
3.0135E-04   -2.4374E-03   
5.5755E-03   -4.0118E-05   
3.1196E-04   -2.4676E-03   
5.6671E-03   -4.2615E-05   
3.2306E-04   -2.5016E-03   
5.7664E-03   -4.4601E-05   
3.3413E-04   -2.5395E-03   
5.8704E-03   -4.8539E-05   
3.4317E-04   -2.5811E-03   
5.9849E-03   -5.2056E-05   
3.4977E-04   -2.6254E-03   
6.1102E-03   -5.7276E-05   
3.7102E-04   -2.6715E-03   
6.2498E-03   -6.0381E-05   
3.8984E-04   -2.7247E-03   
6.4008E-03   -6.2512E-05   
3.8944E-04   -2.7836E-03   
6.5626E-03   -6.5560E-05   
4.0675E-04   -2.8421E-03   
6.7432E-03   -6.7695E-05   
4.6330E-04   -2.9083E-03   
6.9378E-03   -6.7559E-05   
4.4569E-04   -2.9893E-03   
7.1171E-03   -6.2680E-05   
4.5297E-04   -3.0655E-03   
7.3088E-03   -7.5165E-05   
4.7501E-04   -3.1452E-03   
7.6686E-03   -3.6462E-05   
3.6169E-03   -1.0683E-03   
3.7524E-03   -1.0017E-03   
3.2404E-03   -1.2652E-03   
3.8817E-03   -9.3913E-04   
3.1053E-03   -1.3282E-03   
1.8701E-03   -1.8941E-03   
2.0061E-03   -1.8298E-03   
2.1426E-03   -1.7664E-03   
2.2794E-03   -1.7040E-03   
2.4164E-03   -1.6421E-03   
1.7213E-03   -1.9509E-03   
2.5539E-03   -1.5802E-03   
2.9679E-03   -1.3918E-03   
4.0065E-03   -8.7713E-04   
2.6917E-03   -1.5180E-03   
2.8300E-03   -1.4552E-03   
1.5246E-03   -1.9689E-03   
4.1253E-03   -8.1453E-04   
4.7963E-03   -4.1090E-04   
4.8649E-03   -3.5855E-04   
4.9249E-03   -3.0771E-04   
4.7200E-03   -4.6450E-04   
1.2882E-03   -1.9541E-03   
4.2388E-03   -7.5262E-04   
4.6366E-03   -5.1926E-04   
4.4497E-03   -6.3286E-04   
4.3471E-03   -6.9204E-04   
4.5464E-03   -5.7539E-04   
1.0097E-03   -1.9055E-03   
7.6985E-04   -1.8757E-03   
4.9771E-03   -2.5726E-04   
5.0232E-03   -2.0592E-04   
5.0631E-03   -1.5334E-04   
5.3976E-04   -1.9023E-03   
7.7849E-04   -2.1317E-03   
7.1565E-04   -2.1835E-03   
6.5500E-04   -2.2177E-03   
5.9165E-04   -2.2365E-03   
5.2597E-04   -2.2452E-03   
4.6645E-04   -2.2503E-03   
5.0948E-03   -9.7796E-05   
4.2416E-04   -2.2564E-03   
3.9798E-04   -2.2630E-03   
5.0755E-03   -1.1355E-04   
3.8458E-04   -2.2688E-03   
5.0880E-03   -9.0427E-05   
3.7923E-04   -2.2740E-03   
5.1012E-03   -7.5423E-05   
3.7876E-04   -2.2796E-03   
5.1180E-03   -6.4942E-05   
3.8116E-04   -2.2865E-03   
5.1399E-03   -5.7807E-05   
3.8729E-04   -2.2947E-03   
5.1683E-03   -5.2997E-05   
3.9989E-04   -2.3041E-03   
5.2032E-03   -5.0646E-05   
4.0937E-04   -2.3176E-03   
5.2448E-03   -5.0243E-05   
4.1455E-04   -2.3347E-03   
5.2954E-03   -5.0958E-05   
4.2243E-04   -2.3540E-03   
5.3557E-03   -5.2689E-05   
4.3138E-04   -2.3762E-03   
5.4233E-03   -5.5918E-05   
4.4383E-04   -2.4011E-03   
5.4999E-03   -6.0137E-05   
4.6074E-04   -2.4293E-03   
5.5892E-03   -6.4172E-05   
4.7807E-04   -2.4616E-03   
5.6917E-03   -6.7052E-05   
4.9482E-04   -2.4982E-03   
5.7900E-03   -6.6716E-05   
5.0888E-04   -2.5393E-03   
5.8846E-03   -7.9159E-05   
5.1327E-04   -2.5847E-03   
5.0327E-04   -2.6282E-03   
5.8830E-04   -2.7343E-03   
6.4345E-03   -9.7201E-05   
6.5397E-04   -2.9365E-03   
6.8008E-04   -3.0753E-03   
6.8109E-03   -1.0457E-04   
7.9132E-03   -3.9036E-05   
4.9491E-03   -2.5293E-04   
5.0000E-03   -2.0604E-04   
5.0466E-03   -1.5822E-04   
3.3685E-03   -1.1431E-03   
3.2496E-03   -1.1973E-03   
1.7083E-03   -1.9261E-03   
1.5501E-03   -1.9928E-03   
2.2709E-03   -1.6612E-03   
1.8524E-03   -1.8576E-03   
2.4102E-03   -1.5959E-03   
1.9929E-03   -1.7915E-03   
3.1124E-03   -1.2630E-03   
3.9018E-03   -8.6239E-04   
2.1321E-03   -1.7262E-03   
4.7494E-03   -3.9479E-04   
4.6651E-03   -4.4663E-04   
2.5500E-03   -1.5302E-03   
2.6905E-03   -1.4639E-03   
4.3715E-03   -6.1246E-04   
4.4758E-03   -5.5523E-04   
4.8266E-03   -3.4425E-04   
1.3410E-03   -2.0211E-03   
4.8928E-03   -2.9793E-04   
2.9723E-03   -1.3299E-03   
4.2613E-03   -6.7213E-04   
2.8316E-03   -1.3971E-03   
4.5738E-03   -5.0005E-04   
4.0256E-03   -7.9750E-04   
4.1458E-03   -7.3399E-04   
9.3676E-04   -2.1435E-03   
8.4861E-04   -2.1707E-03   
7.6728E-04   -2.1825E-03   
6.9122E-04   -2.1881E-03   
6.2782E-04   -2.1934E-03   
5.7884E-04   -2.2008E-03   
5.4487E-04   -2.2095E-03   
5.2381E-04   -2.2182E-03   
5.0797E-03   -1.1966E-04   
5.0359E-03   -1.3341E-04   
5.1292E-04   -2.2264E-03   
5.0458E-03   -1.1141E-04   
5.0929E-04   -2.2344E-03   
5.0602E-03   -9.4749E-05   
5.1039E-04   -2.2430E-03   
5.0786E-03   -8.3608E-05   
5.1509E-04   -2.2526E-03   
5.1030E-03   -7.6342E-05   
5.2524E-04   -2.2624E-03   
5.1366E-03   -7.0932E-05   
5.6081E-04   -2.2690E-03   
5.1730E-03   -6.9904E-05   
5.5188E-04   -2.2917E-03   
5.2173E-03   -7.0638E-05   
5.6105E-04   -2.3110E-03   
5.2762E-03   -7.2068E-05   
5.7051E-04   -2.3337E-03   
5.3420E-03   -7.4577E-05   
6.0185E-04   -2.3835E-03   
6.7966E-04   -2.5911E-03   
5.4932E-03   -8.7123E-05   
6.3134E-04   -2.4123E-03   
6.5360E-04   -2.4481E-03   
6.9271E-04   -2.5348E-03   
6.0130E-03   -7.7907E-05   
6.2961E-03   -8.9368E-05   
6.4614E-03   -1.3702E-04   
5.5975E-03   -9.2380E-05   
9.0111E-04   -3.0005E-03   
6.6541E-03   -1.4181E-04   
6.8389E-04   -2.8781E-03   
5.8343E-03   -1.1184E-04   
8.1451E-04   -2.6766E-03   
5.0215E-03   -1.6372E-04   
4.9673E-03   -2.0990E-04   
4.9180E-03   -2.5131E-04   
3.6831E-03   -9.1359E-04   
3.6369E-03   -9.8680E-04   
3.7966E-03   -8.5355E-04   
3.1356E-03   -1.1972E-03   
4.7833E-03   -3.3252E-04   
1.6969E-03   -1.8870E-03   
4.8611E-03   -2.8429E-04   
1.5367E-03   -1.9602E-03   
1.3714E-03   -2.0358E-03   
1.8460E-03   -1.8179E-03   
2.2695E-03   -1.6163E-03   
2.1286E-03   -1.6843E-03   
2.9877E-03   -1.2672E-03   
1.9887E-03   -1.7510E-03   
2.4115E-03   -1.5476E-03   
3.9247E-03   -7.8815E-04   
4.4021E-03   -5.4060E-04   
4.6977E-03   -3.8223E-04   
2.5544E-03   -1.4782E-03   
4.5073E-03   -4.8562E-04   
4.6059E-03   -4.3300E-04   
4.2905E-03   -5.9855E-04   
2.6981E-03   -1.4082E-03   
2.8427E-03   -1.3378E-03   
4.1733E-03   -6.5939E-04   
4.0510E-03   -7.2288E-04   
9.6715E-04   -2.0409E-03   
1.0187E-03   -2.1179E-03   
9.3176E-04   -2.1232E-03   
8.5448E-04   -2.1270E-03   
7.8875E-04   -2.1323E-03   
7.3583E-04   -2.1397E-03   
6.9601E-04   -2.1489E-03   
6.6859E-04   -2.1589E-03   
6.5190E-04   -2.1691E-03   
4.9750E-03   -1.5850E-04   
6.4408E-04   -2.1791E-03   
4.9931E-03   -1.3032E-04   
6.4309E-04   -2.1893E-03   
6.4576E-04   -2.2006E-03   
5.0085E-03   -1.1393E-04   
5.0272E-03   -1.0359E-04   
6.4725E-04   -2.2143E-03   
5.0514E-03   -9.8165E-05   
6.7386E-04   -2.2471E-03   
5.1186E-03   -9.5106E-05   
6.9844E-04   -2.2593E-03   
5.2513E-03   -9.6416E-05   
5.1826E-03   -9.4625E-05   
7.1846E-04   -2.2807E-03   
7.9043E-04   -2.3493E-03   
5.7863E-04   -2.3591E-03   
8.1439E-04   -2.3881E-03   
8.4367E-04   -2.4268E-03   
8.4377E-04   -2.8853E-03   
8.3232E-04   -2.8224E-03   
8.7580E-04   -2.4702E-03   
5.4789E-03   -1.1961E-04   
5.9594E-03   -1.0523E-04   
5.7168E-03   -1.3636E-04   
6.2645E-03   -1.2842E-04   
5.5931E-03   -1.2622E-04   
5.4106E-03   -8.0686E-05   
9.1662E-04   -2.5230E-03   
7.7782E-04   -2.7584E-03   
8.5837E-04   -2.6017E-03   
6.8549E-03   -1.4547E-04   
8.5959E-04   -3.0776E-03   
8.1632E-04   -2.9469E-03   
6.4882E-03   -1.8033E-04   
3.5367E-03   -9.5742E-04   
4.9847E-03   -1.7551E-04   
4.8188E-03   -2.7719E-04   
1.7044E-03   -1.8438E-03   
4.7317E-03   -3.2592E-04   
1.5446E-03   -1.9153E-03   
1.2328E-03   -2.0689E-03   
3.0146E-03   -1.2022E-03   
2.1321E-03   -1.6409E-03   
1.9906E-03   -1.7102E-03   
1.8518E-03   -1.7770E-03   
3.8220E-03   -7.8988E-04   
2.2759E-03   -1.5698E-03   
4.4379E-03   -4.7605E-04   
2.4211E-03   -1.4977E-03   
4.5430E-03   -4.2371E-04   
4.6405E-03   -3.7398E-04   
4.3257E-03   -5.3179E-04   
2.5675E-03   -1.4248E-03   
2.8635E-03   -1.2772E-03   
3.9543E-03   -7.1992E-04   
4.2071E-03   -5.9109E-04   
2.7152E-03   -1.3513E-03   
4.0830E-03   -6.5394E-04   
1.1778E-03   -2.0584E-03   
1.0954E-03   -2.0599E-03   
3.3443E-03   -1.0471E-03   
1.0177E-03   -2.0636E-03   
3.1732E-03   -1.1254E-03   
9.4953E-04   -2.0689E-03   
8.9344E-04   -2.0757E-03   
8.4951E-04   -2.0841E-03   
8.1715E-04   -2.0940E-03   
7.9556E-04   -2.1048E-03   
7.8345E-04   -2.1159E-03   
8.3352E-04   -2.1962E-03   
4.9215E-03   -1.6914E-04   
7.7949E-04   -2.1272E-03   
7.8179E-04   -2.1392E-03   
4.9334E-03   -1.4873E-04   
7.8669E-04   -2.1536E-03   
4.9462E-03   -1.3498E-04   
4.9619E-03   -1.2717E-04   
6.4622E-04   -2.2284E-03   
5.0777E-03   -1.2094E-04   
8.6515E-04   -2.2170E-03   
8.5557E-04   -2.2944E-03   
5.8822E-03   -1.4593E-04   
5.5702E-03   -1.6568E-04   
5.2306E-03   -1.2684E-04   
1.0087E-03   -2.3567E-03   
5.1437E-03   -1.2272E-04   
1.0535E-03   -2.3948E-03   
7.2159E-04   -2.3102E-03   
1.0169E-03   -2.9035E-03   
1.0888E-03   -2.4394E-03   
6.0695E-03   -1.4193E-04   
1.0506E-03   -2.6094E-03   
1.0154E-03   -2.6844E-03   
5.3681E-03   -1.1373E-04   
1.0446E-03   -2.8213E-03   
9.7404E-04   -2.3212E-03   
5.4572E-03   -1.5671E-04   
6.6858E-03   -1.8491E-04   
6.3037E-03   -1.7315E-04   
4.8414E-03   -2.3539E-04   
4.7605E-03   -2.7965E-04   
4.9124E-03   -2.1965E-04   
1.4194E-03   -1.9394E-03   
1.7340E-03   -1.8013E-03   
3.7114E-03   -7.9792E-04   
1.9973E-03   -1.6691E-03   
4.6729E-03   -3.2432E-04   
1.8540E-03   -1.7401E-03   
2.1430E-03   -1.5962E-03   
1.0925E-03   -2.0879E-03   
2.2904E-03   -1.5219E-03   
2.8948E-03   -1.2155E-03   
4.3658E-03   -4.7163E-04   
4.5784E-03   -3.7070E-04   
4.4761E-03   -4.1948E-04   
3.8539E-03   -7.2432E-04   
2.4394E-03   -1.4465E-03   
4.2467E-03   -5.2881E-04   
2.5898E-03   -1.3702E-03   
2.7416E-03   -1.2933E-03   
3.9901E-03   -6.5521E-04   
4.1211E-03   -5.9016E-04   
3.0546E-03   -1.1354E-03   
1.2654E-03   -1.9957E-03   
1.1857E-03   -1.9976E-03   
1.1108E-03   -2.0039E-03   
1.3616E-03   -1.9957E-03   
1.0512E-03   -2.0101E-03   
3.2213E-03   -1.0531E-03   
3.3941E-03   -9.6747E-04   
1.0040E-03   -2.0173E-03   
4.9020E-03   -1.9622E-04   
3.5598E-03   -8.8069E-04   
9.6807E-04   -2.0259E-03   
9.4264E-04   -2.0360E-03   
9.1976E-04   -2.0586E-03   
4.8580E-03   -1.8644E-04   
9.2158E-04   -2.0703E-03   
9.3349E-04   -2.0819E-03   
4.8610E-03   -1.7121E-04   
4.8720E-03   -1.5962E-04   
8.9205E-04   -2.1479E-03   
9.0540E-04   -2.2412E-03   
5.0209E-03   -1.5209E-04   
5.3541E-03   -1.4937E-04   
1.2146E-03   -2.3132E-03   
7.7400E-04   -2.1775E-03   
5.6913E-03   -1.7759E-04   
1.0021E-03   -2.1486E-03   
5.4200E-03   -1.9857E-04   
9.5813E-04   -2.2899E-03   
1.2423E-03   -2.6151E-03   
1.1574E-03   -2.2826E-03   
1.1374E-03   -2.4732E-03   
5.2681E-03   -1.4640E-04   
6.1505E-03   -1.6799E-04   
5.0875E-03   -1.5746E-04   
1.0951E-03   -2.5340E-03   
1.0189E-03   -2.7528E-03   
6.3132E-03   -2.2002E-04   
6.8692E-03   -1.8581E-04   
1.0631E-03   -3.0428E-03   
1.3029E-03   -2.8206E-03   
6.0094E-03   -1.2144E-04   
4.6995E-03   -2.8486E-04   
1.6981E-03   -1.7820E-03   
2.9365E-03   -1.1529E-03   
1.8631E-03   -1.7013E-03   
2.0128E-03   -1.6263E-03   
4.6101E-03   -3.2796E-04   
2.1622E-03   -1.5504E-03   
3.7501E-03   -7.3602E-04   
4.4097E-03   -4.1856E-04   
4.5156E-03   -3.7171E-04   
2.3135E-03   -1.4729E-03   
4.2915E-03   -4.7252E-04   
2.7772E-03   -1.2346E-03   
2.4667E-03   -1.3943E-03   
3.8943E-03   -6.6338E-04   
2.6214E-03   -1.3148E-03   
4.1653E-03   -5.3167E-04   
4.0326E-03   -5.9547E-04   
1.3735E-03   -1.9236E-03   
1.2710E-03   -1.9391E-03   
4.8521E-03   -2.0657E-04   
1.2091E-03   -1.9443E-03   
3.4384E-03   -8.9737E-04   
3.1022E-03   -1.0688E-03   
3.5983E-03   -8.1425E-04   
1.1599E-03   -1.9493E-03   
1.1207E-03   -1.9561E-03   
3.2710E-03   -9.8321E-04   
1.0921E-03   -1.9646E-03   
1.0735E-03   -1.9744E-03   
1.0637E-03   -1.9853E-03   
4.8868E-03   -1.5380E-04   
1.0636E-03   -1.9964E-03   
9.5486E-04   -2.0965E-03   
1.0760E-03   -2.0061E-03   
4.7673E-03   -2.1579E-04   
5.2244E-03   -1.7982E-04   
4.7762E-03   -1.9800E-04   
1.0412E-03   -2.1659E-03   
1.0549E-03   -2.2277E-03   
4.9637E-03   -1.5036E-04   
9.8901E-04   -2.1280E-03   
5.1530E-03   -1.6867E-04   
1.3288E-03   -2.2407E-03   
1.3318E-03   -2.4504E-03   
1.1167E-03   -2.2511E-03   
1.2628E-03   -2.4144E-03   
4.9484E-03   -1.9046E-04   
5.9692E-03   -1.9179E-04   
1.4825E-03   -2.5360E-03   
6.1395E-03   -2.0961E-04   
1.1921E-03   -2.6853E-03   
6.3131E-03   -2.7203E-04   
1.3312E-03   -2.9899E-03   
6.7385E-03   -2.3424E-04   
7.0525E-03   -1.5710E-04   
1.4855E-03   -2.8712E-03   
5.7927E-03   -1.9629E-04   
4.7245E-03   -2.5188E-04   
1.5684E-03   -1.8641E-03   
1.7410E-03   -1.7311E-03   
1.8872E-03   -1.6582E-03   
2.8211E-03   -1.1758E-03   
2.0371E-03   -1.5821E-03   
4.5528E-03   -3.3494E-04   
4.4616E-03   -3.7031E-04   
2.1900E-03   -1.5035E-03   
1.4053E-03   -1.8834E-03   
4.3433E-03   -4.2088E-04   
3.7964E-03   -6.7735E-04   
2.3455E-03   -1.4230E-03   
2.6610E-03   -1.2590E-03   
4.2156E-03   -4.7800E-04   
2.5029E-03   -1.3413E-03   
3.9418E-03   -6.0621E-04   
4.0815E-03   -5.3982E-04   
1.3636E-03   -1.8806E-03   
2.9861E-03   -1.0906E-03   
3.4866E-03   -8.3366E-04   
3.6446E-03   -7.5338E-04   
1.3178E-03   -1.8808E-03   
3.3220E-03   -9.1799E-04   
1.2743E-03   -1.8859E-03   
1.2432E-03   -1.8921E-03   
3.1541E-03   -1.0042E-03   
4.7976E-03   -2.1970E-04   
1.2077E-03   -1.9191E-03   
1.2224E-03   -1.8996E-03   
4.7859E-03   -1.8875E-04   
1.2108E-03   -1.9087E-03   
4.9720E-03   -1.2680E-04   
1.0851E-03   -2.0657E-03   
1.1007E-03   -2.0145E-03   
1.1388E-03   -2.0747E-03   
1.2167E-03   -1.9284E-03   
4.6763E-03   -2.4140E-04   
5.0123E-03   -1.9951E-04   
4.8900E-03   -1.8581E-04   
1.1523E-03   -2.0999E-03   
1.3055E-03   -2.2041E-03   
1.4625E-03   -2.3554E-03   
6.1339E-03   -2.6128E-04   
5.0815E-03   -2.1138E-04   
1.2550E-03   -2.1740E-03   
5.6410E-03   -2.2444E-04   
1.5302E-03   -2.4498E-03   
5.7705E-03   -2.4649E-04   
1.4365E-03   -2.6317E-03   
1.0890E-03   -2.1790E-03   
6.5103E-03   -2.8157E-04   
5.3146E-03   -1.8905E-04   
7.2657E-03   -1.2533E-04   
1.6299E-03   -2.7526E-03   
1.5025E-03   -1.8278E-03   
4.6318E-03   -2.9522E-04   
1.7698E-03   -1.6902E-03   
1.9186E-03   -1.6149E-03   
2.0712E-03   -1.5365E-03   
2.7082E-03   -1.2034E-03   
4.5395E-03   -3.1767E-04   
1.6170E-03   -1.7896E-03   
4.4042E-03   -3.7193E-04   
2.8728E-03   -1.1173E-03   
2.2277E-03   -1.4552E-03   
4.2717E-03   -4.2873E-04   
2.3872E-03   -1.3718E-03   
2.5475E-03   -1.2878E-03   
3.8490E-03   -6.2210E-04   
4.1364E-03   -4.8828E-04   
3.9954E-03   -5.5253E-04   
1.4907E-03   -1.8067E-03   
3.3769E-03   -8.5716E-04   
3.6969E-03   -6.9644E-04   
3.5395E-03   -7.7490E-04   
4.9172E-03   -1.5010E-04   
1.4281E-03   -1.8162E-03   
3.0407E-03   -1.0300E-03   
1.3953E-03   -1.8196E-03   
3.2095E-03   -9.4278E-04   
4.6821E-03   -2.2886E-04   
1.3540E-03   -1.8395E-03   
1.3728E-03   -1.8242E-03   
1.3589E-03   -1.8484E-03   
1.3593E-03   -1.8309E-03   
1.3448E-03   -2.0038E-03   
4.6560E-03   -2.6493E-04   
4.7969E-03   -1.8579E-04   
1.2373E-03   -1.9364E-03   
5.1039E-03   -8.8022E-05   
1.3998E-03   -2.0821E-03   
4.8404E-03   -1.8506E-04   
5.2597E-03   -2.3524E-04   
5.1622E-03   -2.2342E-04   
4.9273E-03   -2.4687E-04   
4.8625E-03   -2.3563E-04   
5.5560E-03   -2.7681E-04   
4.8040E-03   -2.2794E-04   
1.2068E-03   -2.1537E-03   
1.5298E-03   -2.1517E-03   
1.1301E-03   -2.0214E-03   
1.2662E-03   -1.9968E-03   
1.5792E-03   -2.2596E-03   
5.8126E-03   -2.9202E-04   
1.5721E-03   -2.3757E-03   
1.2403E-03   -2.0997E-03   
6.3080E-03   -3.2878E-04   
1.5086E-03   -2.7024E-03   
7.5329E-03   -6.5738E-05   
1.7251E-03   -2.4447E-03   
7.2470E-03   -1.7296E-04   
6.1239E-03   -3.1768E-04   
5.5330E-03   -2.0851E-04   
1.6892E-03   -2.5281E-03   
1.6276E-03   -1.7614E-03   
1.8098E-03   -1.6469E-03   
1.9603E-03   -1.5705E-03   
2.7623E-03   -1.1485E-03   
4.4696E-03   -3.2464E-04   
2.1142E-03   -1.4901E-03   
2.5991E-03   -1.2346E-03   
4.3300E-03   -3.8464E-04   
2.2752E-03   -1.4055E-03   
2.4374E-03   -1.3200E-03   
4.1975E-03   -4.4090E-04   
3.4357E-03   -8.0067E-04   
3.9062E-03   -5.7067E-04   
4.0558E-03   -5.0226E-04   
3.7530E-03   -6.4412E-04   
1.5645E-03   -1.7546E-03   
3.5967E-03   -7.2051E-04   
4.5851E-03   -2.8267E-04   
2.9297E-03   -1.0605E-03   
3.2688E-03   -8.8505E-04   
1.5479E-03   -1.7483E-03   
3.0992E-03   -9.7220E-04   
1.5253E-03   -1.7487E-03   
1.5044E-03   -1.7663E-03   
1.5025E-03   -1.7586E-03   
4.5778E-03   -2.7317E-04   
1.5095E-03   -1.7525E-03   
4.6876E-03   -2.2309E-04   
5.0240E-03   -1.2402E-04   
1.3708E-03   -1.8586E-03   
4.7534E-03   -2.2409E-04   
4.7658E-03   -2.8710E-04   
1.2283E-03   -1.9887E-03   
4.7946E-03   -1.9183E-04   
4.7066E-03   -2.7690E-04   
4.8303E-03   -3.0126E-04   
1.5786E-03   -2.0386E-03   
5.3749E-03   -2.4513E-04   
5.0868E-03   -2.7521E-04   
1.2791E-03   -1.9405E-03   
5.3458E-03   -3.0153E-04   
1.7454E-03   -2.2716E-03   
1.4440E-03   -2.2451E-03   
1.6705E-03   -2.0469E-03   
1.4681E-03   -2.0007E-03   
6.1083E-03   -3.7897E-04   
6.4993E-03   -3.3970E-04   
1.7975E-03   -2.3427E-03   
1.7023E-03   -2.6006E-03   
7.4276E-03   -1.4362E-04   
1.8844E-03   -2.4434E-03   
1.6599E-03   -1.7225E-03   
1.8669E-03   -1.6019E-03   
2.6559E-03   -1.1828E-03   
2.0019E-03   -1.5292E-03   
4.3732E-03   -3.5434E-04   
2.8214E-03   -1.0952E-03   
2.1646E-03   -1.4431E-03   
2.4930E-03   -1.2691E-03   
4.2609E-03   -3.9964E-04   
3.4979E-03   -7.4882E-04   
2.3291E-03   -1.3559E-03   
3.3324E-03   -8.3117E-04   
1.7109E-03   -1.6755E-03   
4.1278E-03   -4.5559E-04   
3.8100E-03   -5.9806E-04   
3.6563E-03   -6.7151E-04   
1.6849E-03   -1.6711E-03   
3.1621E-03   -9.1763E-04   
2.9909E-03   -1.0062E-03   
4.5769E-03   -2.6509E-04   
4.7142E-03   -2.2361E-04   
1.6522E-03   -1.6830E-03   
1.6626E-03   -1.6739E-03   
1.3775E-03   -1.9200E-03   
1.6526E-03   -1.6776E-03   
4.6942E-03   -2.2329E-04   
1.5128E-03   -1.7762E-03   
1.7693E-03   -1.9581E-03   
4.5989E-03   -3.3260E-04   
1.3808E-03   -1.8717E-03   
4.6573E-03   -3.4591E-04   
4.6535E-03   -2.7058E-04   
4.9040E-03   -3.1876E-04   
1.6183E-03   -1.9779E-03   
2.1264E-03   -2.3807E-03   
1.8015E-03   -2.0504E-03   
5.4425E-03   -3.3750E-04   
5.1973E-03   -2.8921E-04   
6.4886E-03   -3.9931E-04   
1.5472E-03   -1.9278E-03   
1.9144E-03   -2.4990E-03   
5.9258E-03   -3.6657E-04   
6.7017E-03   -2.9469E-04   
1.9691E-03   -2.2325E-03   
1.7261E-03   -2.1452E-03   
1.8135E-03   -2.1798E-03   
6.0871E-03   -4.4594E-04   
4.4664E-03   -3.1150E-04   
2.7167E-03   -1.1332E-03   
2.5529E-03   -1.2202E-03   
1.8678E-03   -1.5834E-03   
4.0780E-03   -4.6736E-04   
4.5836E-03   -2.6553E-04   
2.0524E-03   -1.4860E-03   
3.4002E-03   -7.8148E-04   
4.3348E-03   -3.5957E-04   
3.5634E-03   -7.0195E-04   
4.1956E-03   -4.1744E-04   
2.2204E-03   -1.3965E-03   
3.2299E-03   -8.6650E-04   
2.8847E-03   -1.0445E-03   
3.0567E-03   -9.5489E-04   
1.8189E-03   -1.5951E-03   
3.8520E-03   -5.6717E-04   
3.7183E-03   -6.2853E-04   
1.8009E-03   -1.6003E-03   
1.8034E-03   -1.5977E-03   
1.5168E-03   -1.7941E-03   
1.6592E-03   -1.6910E-03   
4.5774E-03   -2.6306E-04   
1.7111E-03   -1.8378E-03   
4.6082E-03   -2.6795E-04   
4.4821E-03   -3.9517E-04   
1.6776E-03   -1.9018E-03   
4.5446E-03   -3.2384E-04   
4.7193E-03   -3.6410E-04   
5.7384E-03   -3.5250E-04   
4.9972E-03   -3.3687E-04   
1.9076E-03   -1.9537E-03   
1.4952E-03   -1.8342E-03   
1.4213E-03   -1.9292E-03   
5.6413E-03   -3.1180E-04   
5.2429E-03   -3.7510E-04   
1.9409E-03   -2.0414E-03   
2.1566E-03   -2.4588E-03   
2.2311E-03   -2.2646E-03   
1.8394E-03   -1.8726E-03   
5.9506E-03   -3.0519E-04   
6.2876E-03   -4.5173E-04   
6.6883E-03   -3.5027E-04   
6.8836E-03   -2.6033E-04   
1.9827E-03   -2.0810E-03   
2.1950E-03   -2.1517E-03   
4.1236E-03   -4.4205E-04   
2.4490E-03   -1.2629E-03   
2.6115E-03   -1.1761E-03   
4.4530E-03   -3.1019E-04   
3.7953E-03   -5.8549E-04   
3.6363E-03   -6.5843E-04   
4.2395E-03   -3.9460E-04   
2.7791E-03   -1.0874E-03   
3.4729E-03   -7.3590E-04   
3.3030E-03   -8.1894E-04   
2.2863E-03   -1.3496E-03   
3.1280E-03   -9.0670E-04   
2.9522E-03   -9.9689E-04   
1.9586E-03   -1.5254E-03   
1.9522E-03   -1.5208E-03   
1.9480E-03   -1.5202E-03   
1.8073E-03   -1.6051E-03   
1.6666E-03   -1.7052E-03   
2.1078E-03   -1.4429E-03   
4.4583E-03   -3.0797E-04   
4.3777E-03   -3.7711E-04   
3.9648E-03   -5.1077E-04   
4.4270E-03   -3.8406E-04   
1.7098E-03   -1.7978E-03   
1.5760E-03   -1.8335E-03   
2.1455E-03   -1.9730E-03   
4.5395E-03   -4.1093E-04   
1.6678E-03   -1.7295E-03   
4.4401E-03   -3.2319E-04   
2.0288E-03   -1.8434E-03   
4.7841E-03   -3.8946E-04   
1.9103E-03   -1.7784E-03   
5.3505E-03   -3.9504E-04   
5.5806E-03   -4.1210E-04   
5.1176E-03   -3.5416E-04   
7.0751E-03   -2.5929E-04   
2.3281E-03   -2.0418E-03   
2.2289E-03   -2.0077E-03   
2.4074E-03   -2.2673E-03   
6.0858E-03   -5.1343E-04   
2.2193E-03   -2.5342E-03   
6.4696E-03   -4.6017E-04   
6.8927E-03   -3.0608E-04   
4.2035E-03   -4.0747E-04   
2.5032E-03   -1.2260E-03   
2.3437E-03   -1.3114E-03   
3.7177E-03   -6.1703E-04   
4.3341E-03   -3.5521E-04   
3.5525E-03   -6.9356E-04   
2.6713E-03   -1.1366E-03   
3.3827E-03   -7.7464E-04   
2.8468E-03   -1.0446E-03   
3.2061E-03   -8.6146E-04   
2.0900E-03   -1.4449E-03   
3.0259E-03   -9.5233E-04   
1.9553E-03   -1.5203E-03   
4.0504E-03   -4.7097E-04   
4.2505E-03   -4.4224E-04   
2.2109E-03   -1.3830E-03   
1.8252E-03   -1.6337E-03   
1.9693E-03   -1.5244E-03   
1.8155E-03   -1.7104E-03   
3.8841E-03   -5.4255E-04   
4.3064E-03   -4.4920E-04   
5.3680E-03   -4.4888E-04   
4.3124E-03   -3.6611E-04   
4.3625E-03   -4.6136E-04   
1.9017E-03   -1.7198E-03   
4.5910E-03   -4.3400E-04   
4.8869E-03   -4.1155E-04   
4.3309E-03   -3.7610E-04   
2.4843E-03   -1.9261E-03   
2.0672E-03   -1.7606E-03   
2.2839E-03   -1.7545E-03   
5.5215E-03   -3.7494E-04   
7.1369E-03   -3.1715E-04   
2.3937E-03   -1.8868E-03   
5.0276E-03   -4.2859E-04   
5.5287E-03   -4.7336E-04   
5.8800E-03   -5.9248E-04   
2.4709E-03   -2.0643E-03   
2.5118E-03   -2.1452E-03   
5.8236E-03   -5.1822E-04   
7.2249E-03   -2.1613E-04   
6.6822E-03   -4.0769E-04   
1.9192E-03   -2.6614E-03   
2.0366E-03   -1.9578E-03   
2.3868E-03   -1.2853E-03   
2.2299E-03   -1.3693E-03   
3.6394E-03   -6.5426E-04   
4.1499E-03   -4.3264E-04   
3.4692E-03   -7.3385E-04   
2.7370E-03   -1.1002E-03   
2.0983E-03   -1.4403E-03   
3.2912E-03   -8.1960E-04   
1.9841E-03   -1.5364E-03   
2.9212E-03   -1.0049E-03   
1.8277E-03   -1.6624E-03   
3.1069E-03   -9.1077E-04   
3.8075E-03   -5.7828E-04   
2.1187E-03   -1.4361E-03   
4.1191E-03   -5.1405E-04   
4.2825E-03   -3.8442E-04   
3.9730E-03   -5.0614E-04   
4.2040E-03   -4.3756E-04   
4.2042E-03   -5.0893E-04   
4.4216E-03   -4.7715E-04   
2.6657E-03   -1.8011E-03   
2.1568E-03   -1.6668E-03   
2.3644E-03   -1.7774E-03   
2.2125E-03   -1.7344E-03   
5.1127E-03   -5.2000E-04   
6.6446E-03   -4.6536E-04   
2.5641E-03   -2.2820E-03   
2.0328E-03   -1.6148E-03   
2.2746E-03   -1.8673E-03   
4.9475E-03   -5.0710E-04   
5.6969E-03   -4.7881E-04   
7.2996E-03   -2.5028E-04   
6.9303E-03   -4.1667E-04   
5.9435E-03   -6.5353E-04   
2.8068E-03   -2.0482E-03   
2.1646E-03   -2.6518E-03   
4.7869E-03   -4.9544E-04   
1.7392E-03   -2.6587E-03   
3.5622E-03   -6.9667E-04   
4.1720E-03   -4.3420E-04   
3.7329E-03   -6.1852E-04   
3.3847E-03   -7.8062E-04   
2.8125E-03   -1.0654E-03   
2.2591E-03   -1.3554E-03   
1.6744E-03   -1.7541E-03   
1.9921E-03   -1.5606E-03   
3.9008E-03   -5.4412E-04   
2.1482E-03   -1.4359E-03   
4.0654E-03   -5.0840E-04   
2.5571E-03   -1.1948E-03   
3.0055E-03   -9.6711E-04   
2.5602E-03   -1.7494E-03   
2.4101E-03   -1.6520E-03   
4.2293E-03   -5.3303E-04   
2.2872E-03   -1.6550E-03   
1.9950E-03   -1.5945E-03   
2.0979E-03   -1.6191E-03   
2.0634E-03   -1.6708E-03   
2.5469E-03   -1.6597E-03   
2.7312E-03   -1.8611E-03   
5.2852E-03   -5.3782E-04   
6.4204E-03   -5.3519E-04   
4.8638E-03   -5.9109E-04   
3.8940E-03   -5.9661E-04   
4.5438E-03   -5.7610E-04   
5.4923E-03   -5.5851E-04   
2.8417E-03   -2.1853E-03   
2.3338E-03   -2.3582E-03   
4.7059E-03   -5.7995E-04   
5.8962E-03   -4.3345E-04   
2.9534E-03   -2.0696E-03   
2.6879E-03   -2.0266E-03   
6.1990E-03   -6.3089E-04   
5.6791E-03   -6.8385E-04   
3.6610E-03   -6.6247E-04   
3.4920E-03   -7.4149E-04   
4.0183E-03   -5.0552E-04   
2.1691E-03   -1.4512E-03   
4.0424E-03   -4.8303E-04   
3.8299E-03   -5.8646E-04   
3.3054E-03   -8.3143E-04   
2.3019E-03   -1.3419E-03   
2.9011E-03   -1.0311E-03   
3.1026E-03   -9.3047E-04   
2.6390E-03   -1.5503E-03   
2.5092E-03   -1.5527E-03   
2.4351E-03   -1.2626E-03   
2.1498E-03   -1.5298E-03   
2.1642E-03   -1.4885E-03   
2.2444E-03   -1.5166E-03   
2.6213E-03   -1.1647E-03   
4.3230E-03   -5.4862E-04   
3.7494E-03   -6.8596E-04   
4.4688E-03   -6.5893E-04   
2.2617E-03   -1.5643E-03   
4.3468E-03   -6.0180E-04   
2.9207E-03   -1.9337E-03   
5.0216E-03   -6.0814E-04   
2.9477E-03   -1.7281E-03   
2.2961E-03   -2.1769E-03   
3.1250E-03   -2.0797E-03   
4.0580E-03   -6.2386E-04   
4.6177E-03   -6.6700E-04   
2.8109E-03   -1.5958E-03   
3.0785E-03   -1.9534E-03   
2.7068E-03   -2.3087E-03   
5.7576E-03   -7.4306E-04   
6.4779E-03   -6.0930E-04   
3.6040E-03   -7.0211E-04   
3.7598E-03   -6.3261E-04   
2.7025E-03   -1.1329E-03   
2.3162E-03   -1.4345E-03   
3.0022E-03   -9.9813E-04   
2.4966E-03   -1.4559E-03   
2.3700E-03   -1.3267E-03   
3.8118E-03   -7.0191E-04   
2.5014E-03   -1.2379E-03   
2.3774E-03   -1.3605E-03   
4.4839E-03   -4.8667E-04   
3.2179E-03   -8.9382E-04   
3.9128E-03   -5.6426E-04   
2.6139E-03   -1.4500E-03   
4.3784E-03   -7.4770E-04   
2.7410E-03   -1.4461E-03   
4.3443E-03   -6.5593E-04   
2.0759E-03   -2.2552E-03   
3.3535E-03   -2.0730E-03   
4.7662E-03   -6.8189E-04   
2.4200E-03   -2.3975E-03   
3.1277E-03   -1.4998E-03   
3.0157E-03   -1.8064E-03   
4.1104E-03   -6.5964E-04   
5.1836E-03   -6.3112E-04   
2.8646E-03   -2.3395E-03   
3.1705E-03   -1.5865E-03   
3.2124E-03   -1.8278E-03   
3.0247E-03   -2.2011E-03   
5.4804E-03   -7.8251E-04   
2.7713E-03   -1.5435E-03   
6.7744E-03   -5.8053E-04   
2.7987E-03   -1.1003E-03   
2.7249E-03   -1.3432E-03   
3.4535E-03   -7.8090E-04   
2.5985E-03   -1.2040E-03   
3.5738E-03   -7.8534E-04   
2.8730E-03   -1.4470E-03   
2.4119E-03   -1.4573E-03   
4.6608E-03   -7.7841E-04   
3.1078E-03   -9.7100E-04   
2.8477E-03   -1.3390E-03   
2.5281E-03   -1.2613E-03   
3.8643E-03   -7.3251E-04   
4.5175E-03   -7.6088E-04   
3.6695E-03   -6.9061E-04   
2.4584E-03   -1.3938E-03   
4.1493E-03   -7.0491E-04   
2.5480E-03   -1.9673E-03   
2.9940E-03   -1.4643E-03   
3.2329E-03   -1.6552E-03   
3.3487E-03   -1.6978E-03   
3.3989E-03   -1.8583E-03   
3.6627E-03   -1.9364E-03   
5.5677E-03   -8.5400E-04   
2.6750E-03   -2.4755E-03   
5.0646E-03   -7.2873E-04   
6.9839E-03   -4.9229E-04   
2.8991E-03   -1.0723E-03   
2.7020E-03   -1.1714E-03   
3.3492E-03   -8.6218E-04   
2.9579E-03   -1.2319E-03   
3.6182E-03   -8.1405E-04   
4.2117E-03   -7.4894E-04   
3.9151E-03   -7.7029E-04   
2.9824E-03   -1.3364E-03   
4.4154E-03   -8.5965E-04   
4.2766E-03   -8.4330E-04   
5.2195E-03   -8.1282E-04   
4.8084E-03   -8.0200E-04   
3.6410E-03   -1.5938E-03   
3.4466E-03   -1.5236E-03   
2.5993E-03   -1.3583E-03   
5.3259E-03   -6.6668E-04   
5.9983E-03   -7.0488E-04   
5.2735E-03   -9.8739E-04   
3.6832E-03   -1.8344E-03   
3.6648E-03   -2.0398E-03   
3.7300E-03   -1.7273E-03   
3.2717E-03   -1.3579E-03   
3.0000E-03   -2.3876E-03   
7.0554E-03   -5.5316E-04   
2.7949E-03   -1.1518E-03   
3.5588E-03   -7.5928E-04   
2.6649E-03   -1.2786E-03   
3.1874E-03   -9.6188E-04   
4.1427E-03   -9.6418E-04   
3.3596E-03   -9.0782E-04   
2.9972E-03   -1.0536E-03   
3.6679E-03   -8.5033E-04   
3.0892E-03   -1.2252E-03   
3.9958E-03   -8.6314E-04   
3.2408E-03   -1.2205E-03   
4.0362E-03   -9.1700E-04   
5.4178E-03   -7.1834E-04   
4.5607E-03   -8.7706E-04   
4.9700E-03   -8.3259E-04   
6.1983E-03   -7.1686E-04   
3.4017E-03   -1.4520E-03   
5.1999E-03   -7.5087E-04   
3.3979E-03   -1.3782E-03   
5.0067E-03   -9.1075E-04   
2.8474E-03   -1.2268E-03   
3.4313E-03   -1.2149E-03   
3.8306E-03   -1.6082E-03   
5.0097E-03   -9.9546E-04   
5.5647E-03   -9.3572E-04   
3.4814E-03   -1.5871E-03   
3.9366E-03   -1.7228E-03   
3.8950E-03   -1.9098E-03   
2.7833E-03   -2.5155E-03   
2.8806E-03   -1.1498E-03   
3.3422E-03   -1.1069E-03   
3.1213E-03   -1.0262E-03   
3.4290E-03   -9.3140E-04   
3.6135E-03   -1.3295E-03   
3.1891E-03   -1.1212E-03   
3.8591E-03   -1.0354E-03   
4.3501E-03   -9.4489E-04   
4.1639E-03   -1.8338E-03   
4.7810E-03   -1.0092E-03   
2.6004E-03   -1.2482E-03   
3.5811E-03   -1.2509E-03   
4.6961E-03   -9.0339E-04   
3.7349E-03   -8.8360E-04   
3.7766E-03   -9.8563E-04   
3.9481E-03   -1.4851E-03   
2.7070E-03   -2.6183E-03   
4.0335E-03   -1.6185E-03   
4.9835E-03   -1.0778E-03   
5.7590E-03   -8.6557E-04   
3.9692E-03   -8.1055E-04   
2.5160E-03   -1.3231E-03   
3.0588E-03   -1.1426E-03   
3.5034E-03   -1.1015E-03   
3.2383E-03   -1.0445E-03   
4.4457E-03   -9.7989E-04   
3.6022E-03   -9.9369E-04   
3.6801E-03   -1.1420E-03   
3.2413E-03   -1.0000E-03   
4.7836E-03   -1.1850E-03   
3.0626E-03   -1.0971E-03   
5.9966E-03   -8.2813E-04   
4.7555E-03   -1.1023E-03   
3.7442E-03   -1.4652E-03   
3.6489E-03   -1.0954E-03   
4.3558E-03   -1.7058E-03   
2.3977E-03   -2.7406E-03   
3.8149E-03   -9.0607E-04   
3.9408E-03   -1.3222E-03   
4.1888E-03   -1.0451E-03   
4.2918E-03   -1.1069E-03   
4.0963E-03   -1.3522E-03   
4.8590E-03   -1.2583E-03   
3.7891E-03   -1.2276E-03   
4.2533E-03   -1.6344E-03   
4.4486E-03   -1.7594E-03   
4.2273E-03   -1.2247E-03   
3.8472E-03   -1.2762E-03   
4.7074E-03   -1.7463E-03   
4.2598E-03   -1.3856E-03   
4.8084E-03   -9.3182E-04   
5.1864E-03   -1.1918E-03   
4.5563E-03   -1.3129E-03   
4.0115E-03   -1.1646E-03   
4.5162E-03   -1.1137E-03   
4.1285E-03   -1.5050E-03   
4.6052E-03   -1.3909E-03   
5.4474E-03   -1.0453E-03   
4.9914E-03   -1.6024E-03   
4.3751E-03   -1.4209E-03   
4.0634E-03   -1.2185E-03   
4.5844E-03   -1.4933E-03   
4.8381E-03   -1.4861E-03   
5.1733E-03   -1.3685E-03   
5.3007E-03   -1.2476E-03   
5.0729E-03   -1.4929E-03   
2.4344E-04   -3.3007E-03   
4.5494E-03   -1.5885E-03   
4.2733E-03   -1.8935E-03   
7.5071E-03   -2.4786E-04   
5.5628E-04   -2.7920E-03   
8.1703E-03   -3.6387E-05   
7.3394E-03   -5.2495E-04   
4.4118E-04   -3.3349E-03   
2.1418E-03   -2.7562E-03   
5.0918E-03   -1.6625E-03   
7.6371E-03   -1.3082E-04   
6.7500E-04   -3.3036E-03   
2.4137E-03   -2.5441E-03   
9.5967E-04   -3.2577E-03   
1.2510E-03   -3.2065E-03   
1.5424E-03   -3.1454E-03   
1.8440E-03   -3.0757E-03   
8.4200E-03   -3.3243E-05   
2.1526E-03   -2.9992E-03   
2.4776E-03   -2.9123E-03   
7.1676E-03   -4.2561E-04   
2.8132E-03   -2.8227E-03   
8.6775E-03   -3.1915E-05   
3.1547E-03   -2.7297E-03   
3.5068E-03   -2.6338E-03   
5.4821E-03   -1.1371E-03   
3.9050E-03   -2.5211E-03   
8.9487E-03   -2.9485E-05   
6.2811E-03   -5.0579E-04   
4.2211E-03   -2.4658E-03   
3.1902E-03   -1.9849E-03   
1.6253E-03   -2.9258E-03   
7.2231E-03   -3.6954E-04   
4.5935E-03   -2.3399E-03   
5.0089E-03   -2.2490E-03   
9.2289E-03   -2.5955E-05   
5.3964E-03   -2.1577E-03   
3.3542E-03   -2.2977E-03   
5.8270E-03   -2.0488E-03   
6.1615E-03   -1.9981E-03   
9.5195E-03   -2.2373E-05   
6.5502E-03   -1.8746E-03   
6.9878E-03   -1.7713E-03   
7.1493E-04   -3.1456E-03   
7.3975E-03   -1.6614E-03   
9.8552E-03   -2.0010E-05   
7.7400E-03   -8.1369E-05   
3.5895E-03   -2.1576E-03   
7.8407E-03   -1.5237E-03   
8.2635E-03   -1.4011E-03   
6.8562E-03   -6.3164E-04   
1.0229E-02   -1.0657E-05   
6.2614E-03   -7.8486E-04   
5.7699E-03   -9.3162E-04   
9.0937E-03   -1.0990E-03   
1.0625E-02   -1.7174E-04   
1.0701E-02   -1.7324E-04   
1.0664E-02   -4.5070E-05   
1.0696E-02   -1.8054E-05   
1.0637E-02   -1.0631E-04   
2.9100E-03   -2.6280E-03   
1.0019E-02   -6.3767E-04   
8.2615E-04   -3.2018E-03   
6.4634E-03   -7.9908E-04   
6.0917E-03   -8.9856E-04   
1.4585E-03   -3.0300E-03   
5.6991E-03   -1.1314E-03   
1.8890E-03   -2.8677E-03   
7.7031E-03   -2.0791E-04   
5.3636E-03   -1.3849E-03   
7.5416E-03   -4.3988E-04   
2.0953E-03   -2.8653E-03   
3.7571E-03   -2.1943E-03   
1.4311E-03   -3.1031E-03   
4.1583E-03   -2.0340E-03   
2.0391E-03   -2.9603E-03   
6.7834E-03   -7.1153E-04   
7.2773E-03   -1.5947E-03   
5.2879E-03   -2.0918E-03   
2.7040E-03   -2.7703E-03   
3.4476E-03   -2.3581E-03   
3.3924E-03   -2.5809E-03   
3.3177E-03   -2.4997E-03   
8.8027E-03   -6.2194E-05   
5.4590E-03   -1.5840E-03   
7.8567E-03   -1.1684E-04   
7.4217E-03   -5.7516E-04   
8.3050E-03   -6.4841E-05   
9.8131E-03   -4.3388E-05   
4.8471E-03   -1.8008E-03   
5.9644E-03   -1.9190E-03   
7.3460E-03   -2.8027E-04   
7.4340E-03   -3.8393E-04   
5.5010E-03   -1.1924E-03   
3.9810E-03   -1.9435E-03   
1.0455E-02   -4.1841E-06   
8.6948E-03   -1.2507E-03   
4.0199E-03   -2.3975E-03   
7.9384E-03   -1.3970E-03   
1.0714E-02   -1.1518E-04   
1.0766E-02   -9.3446E-06   
1.0749E-02   -2.7300E-05   
1.0727E-02   -6.7566E-05   
6.5967E-03   -1.7506E-03   
4.6285E-03   -2.2118E-03   
9.3553E-03   -4.8600E-05   
9.4630E-03   -7.9442E-04   
1.0272E-02   -3.1191E-05   
9.9690E-03   -5.7875E-04   
1.0195E-02   -2.4649E-04   
1.0318E-02   -4.3803E-05   
1.0264E-02   -1.0128E-04   
1.0129E-02   -3.9146E-04   
6.7192E-03   -8.0813E-04   
5.2093E-03   -2.0215E-03   
7.7854E-03   -1.6078E-04   
8.0413E-03   -1.3438E-04   
8.6494E-03   -9.9520E-05   
9.2471E-04   -3.1194E-03   
4.7267E-03   -1.9374E-03   
6.0207E-03   -1.0249E-03   
3.6161E-03   -2.4508E-03   
7.7459E-03   -2.5619E-04   
9.1967E-03   -8.0574E-05   
8.5546E-03   -1.2132E-03   
2.6154E-03   -2.7234E-03   
4.9264E-03   -2.0852E-03   
3.9134E-03   -2.3581E-03   
5.8821E-03   -1.8614E-03   
4.3790E-03   -2.0265E-03   
6.9859E-03   -1.6024E-03   
5.6975E-03   -1.3180E-03   
4.2935E-03   -2.2488E-03   
7.3230E-03   -6.6561E-04   
7.6289E-03   -4.9535E-04   
6.2718E-03   -1.7732E-03   
5.7384E-03   -1.4261E-03   
9.5122E-03   -6.8032E-05   
5.5649E-03   -1.6630E-03   
8.9224E-03   -8.9797E-05   
4.0855E-03   -2.1538E-03   
7.6536E-03   -3.2005E-04   
5.5411E-03   -1.9428E-03   
5.9209E-03   -1.1618E-03   
8.3335E-03   -1.0713E-04   
7.7344E-03   -3.6259E-04   
9.7789E-03   -3.7724E-04   
9.9533E-03   -7.6761E-05   
9.8893E-03   -1.6544E-04   
1.0011E-02   -4.4119E-05   
6.9978E-03   -7.2065E-04   
8.9325E-03   -1.0026E-03   
9.5470E-03   -6.5474E-04   
1.0247E-02   -8.3142E-05   
1.0151E-02   -3.3314E-04   
1.0168E-02   -1.6649E-04   
1.0125E-02   -2.0308E-04   
5.4443E-03   -1.8777E-03   
4.0856E-03   -2.2382E-03   
9.2966E-03   -1.0407E-04   
8.2452E-03   -1.2747E-03   
4.7299E-03   -2.0652E-03   
5.8194E-03   -1.5118E-03   
5.3320E-03   -1.8163E-03   
7.9327E-03   -4.6143E-04   
8.2209E-03   -1.5561E-04   
6.6923E-03   -1.6195E-03   
8.7820E-03   -1.2397E-04   
9.8515E-03   -2.2559E-04   
9.9805E-03   -1.1256E-04   
8.0242E-03   -3.3393E-04   
6.6577E-03   -9.1293E-04   
8.0163E-03   -2.3884E-04   
6.3005E-03   -1.0299E-03   
9.7629E-03   -3.0020E-04   
9.0591E-03   -8.2397E-04   
7.5819E-03   -6.5625E-04   
7.3852E-03   -1.4505E-03   
6.0183E-03   -1.2872E-03   
5.0132E-03   -1.9083E-03   
6.1246E-03   -1.7165E-03   
7.3790E-03   -7.2913E-04   
9.7911E-03   -6.8457E-05   
8.8591E-03   -9.5592E-04   
9.6048E-03   -5.1414E-04   
6.7693E-03   -1.4812E-03   
6.3811E-03   -1.2321E-03   
7.3227E-03   -8.1706E-04   
7.8799E-03   -6.0891E-04   
6.3677E-03   -1.5714E-03   
5.6759E-03   -1.7321E-03   
9.3925E-03   -1.2422E-04   
8.6504E-03   -9.7316E-04   
8.8036E-03   -1.6433E-04   
9.1259E-03   -1.4353E-04   
6.0205E-03   -1.6521E-03   
8.2112E-03   -2.6043E-04   
8.2389E-03   -1.9963E-04   
8.1302E-03   -3.7915E-04   
5.9705E-03   -1.2290E-03   
6.1494E-03   -1.4473E-03   
8.0486E-03   -5.0737E-04   
7.4855E-03   -1.3250E-03   
6.9353E-03   -9.1560E-04   
6.5932E-03   -1.0225E-03   
6.3443E-03   -1.3347E-03   
7.6400E-03   -7.6681E-04   
7.8435E-03   -6.8715E-04   
7.6803E-03   -1.4220E-03   
8.2396E-03   -4.2117E-04   
6.2551E-03   -1.5101E-03   
9.6556E-03   -1.0286E-04   
8.4915E-03   -2.0722E-04   
8.3145E-03   -3.0836E-04   
8.2190E-03   -1.1268E-03   
8.7058E-03   -2.2078E-04   
6.5688E-03   -1.1101E-03   
7.1451E-03   -9.2753E-04   
7.9080E-03   -7.4392E-04   
6.4672E-03   -1.3766E-03   
8.6227E-03   -2.7798E-04   
8.8448E-03   -8.2898E-04   
8.1779E-03   -5.3513E-04   
8.5432E-03   -3.7878E-04   
8.0631E-03   -1.2736E-03   
9.2555E-03   -1.6337E-04   
6.7705E-03   -1.1260E-03   
7.1240E-03   -1.0114E-03   
9.7709E-03   -1.1883E-04   
8.4434E-03   -4.9656E-04   
9.4259E-03   -1.7682E-04   
6.8090E-03   -1.2905E-03   
8.6784E-03   -3.1830E-04   
9.0994E-03   -2.1135E-04   
8.6524E-03   -4.0991E-04   
7.4258E-03   -9.9044E-04   
8.8602E-03   -2.3299E-04   
7.7851E-03   -8.6538E-04   
8.3097E-03   -6.5362E-04   
8.9025E-03   -3.2191E-04   
8.4407E-03   -7.0310E-04   
6.9242E-03   -1.3418E-03   
8.0657E-03   -8.4666E-04   
7.0476E-03   -1.1369E-03   
7.7045E-03   -9.7644E-04   
9.1711E-03   -2.4133E-04   
9.7280E-03   -1.6067E-04   
8.6676E-03   -6.9821E-04   
8.3597E-03   -8.1434E-04   
9.2553E-03   -2.6910E-04   
7.1681E-03   -1.2103E-03   
7.5684E-03   -1.1092E-03   
9.0997E-03   -3.2612E-04   
9.0070E-03   -6.1955E-04   
8.3283E-03   -9.1172E-04   
9.5619E-03   -2.2012E-04   
9.0851E-03   -3.7086E-04   
8.9843E-03   -7.0593E-04   
9.6984E-03   -2.3062E-04   
8.6496E-03   -8.3641E-04   
8.7619E-03   -4.3992E-04   
8.5528E-03   -5.3617E-04   
8.6999E-03   -5.6752E-04   
9.0786E-03   -4.7461E-04   
