51 
1844 
1.7564E-02   -4.5361E-03   
1.8926E-02   -3.0082E-03   
1.9955E-02   -1.8728E-03   
2.0654E-02   -9.2534E-04   
7.4770E-37   -1.0970E-03   
2.0898E-02   1.0319E-37   
2.1058E-02   -1.7587E-34   
2.1190E-02   -4.6296E-35   
2.1538E-02   2.0076E-35   
2.1889E-02   5.1717E-35   
2.2360E-02   1.3630E-34   
2.2960E-02   2.0569E-34   
2.3435E-02   2.5618E-34   
2.4261E-02   3.9472E-34   
2.4887E-02   4.7357E-34   
2.5575E-02   4.0588E-34   
2.5942E-02   6.2536E-34   
2.6719E-02   9.0162E-34   
2.7556E-02   1.2613E-33   
2.8000E-02   -2.9018E-30   
2.8000E-02   -1.3675E-34   
2.8000E-02   -1.3675E-34   
2.8000E-02   -1.3675E-34   
2.8000E-02   -1.3675E-34   
2.8000E-02   -1.3675E-34   
2.8000E-02   -1.3675E-34   
2.8000E-02   -1.3675E-34   
2.8000E-02   -1.3675E-34   
2.8000E-02   -1.3675E-34   
2.8000E-02   -1.3675E-34   
2.8000E-02   -1.3675E-34   
2.8000E-02   -1.3675E-34   
2.6739E-02   -8.0359E-04   
2.5396E-02   -1.4905E-03   
2.4773E-02   -1.7336E-03   
2.4155E-02   -1.9361E-03   
2.2925E-02   -2.2705E-03   
2.2310E-02   -2.4189E-03   
2.1070E-02   -2.7082E-03   
2.0444E-02   -2.8597E-03   
1.8801E-02   -3.4839E-03   
1.4700E-02   -5.9328E-03   
1.1339E-02   -7.9315E-03   
5.1682E-03   -1.2141E-02   
3.8949E-03   -1.3222E-02   
3.4290E-03   -1.3526E-02   
2.5400E-03   -1.3903E-02   
1.6707E-03   -1.4109E-02   
8.2327E-04   -1.4216E-02   
-3.0602E-37   -1.4245E-02   
1.3741E-33   -1.3968E-02   
1.4763E-33   -1.3695E-02   
1.4102E-33   -1.3321E-02   
1.3381E-33   -1.3106E-02   
1.1684E-33   -1.2755E-02   
1.0559E-33   -1.2555E-02   
9.5440E-34   -1.2369E-02   
8.3747E-34   -1.2234E-02   
6.8524E-34   -1.1701E-02   
1.5405E-02   -4.3955E-03   
2.7443E-02   -1.8913E-05   
2.6867E-02   -5.3269E-05   
2.6043E-02   -1.1253E-04   
2.5372E-02   -1.6888E-04   
2.4717E-02   -2.4236E-04   
2.4000E-02   -2.9190E-04   
2.3428E-02   -3.1746E-04   
2.2700E-02   -3.8550E-04   
2.1994E-02   -4.3764E-04   
2.1295E-02   -4.9219E-04   
2.0615E-02   -5.5237E-04   
1.9915E-02   -6.4443E-04   
1.9187E-02   -8.3544E-04   
1.8182E-02   -1.3264E-03   
1.7076E-02   -2.3160E-03   
1.8985E-02   -2.0020E-03   
1.9432E-02   -8.7950E-04   
2.0003E-02   -4.7805E-04   
2.0573E-02   -3.4145E-04   
2.1139E-02   -2.9806E-04   
2.1691E-02   -2.8220E-04   
2.2350E-02   -2.4429E-04   
2.2966E-02   -2.1699E-04   
2.3548E-02   -1.8702E-04   
2.4139E-02   -1.8166E-04   
2.4811E-02   -1.3497E-04   
2.5459E-02   -9.8225E-05   
2.6094E-02   -7.1543E-05   
2.6780E-02   -3.2997E-05   
2.7382E-02   -9.2062E-06   
2.0569E-02   -4.7202E-04   
2.0809E-02   -1.8939E-04   
2.1094E-02   -1.3004E-04   
2.1536E-02   -1.1044E-04   
2.1980E-02   -1.0460E-04   
2.2543E-02   -1.0535E-04   
2.3061E-02   -1.0473E-04   
2.3588E-02   -9.9058E-05   
2.4283E-02   -7.5400E-05   
2.4870E-02   -5.7396E-05   
2.5541E-02   -4.5139E-05   
2.6210E-02   -2.7994E-05   
2.6870E-02   -1.3989E-05   
2.7486E-02   -1.9624E-06   
2.7333E-02   -3.8483E-05   
2.6698E-02   -9.9464E-05   
2.5923E-02   -1.9211E-04   
2.5228E-02   -2.5350E-04   
2.4608E-02   -3.4631E-04   
2.3851E-02   -4.2676E-04   
2.3109E-02   -5.0588E-04   
2.2412E-02   -5.7535E-04   
2.1679E-02   -6.6591E-04   
2.0997E-02   -7.5355E-04   
2.0117E-02   -8.9573E-04   
1.9173E-02   -1.0994E-03   
1.8257E-02   -1.3688E-03   
1.7180E-02   -1.8360E-03   
1.5040E-02   -3.1834E-03   
6.0770E-03   -8.9612E-03   
2.7278E-02   -7.0121E-05   
2.6730E-02   -1.4371E-04   
2.5791E-02   -2.8631E-04   
2.5179E-02   -3.8158E-04   
2.4457E-02   -4.8074E-04   
2.3581E-02   -6.1719E-04   
2.2831E-02   -7.0067E-04   
2.2099E-02   -7.9767E-04   
2.1220E-02   -9.4725E-04   
2.0386E-02   -1.1212E-03   
1.9505E-02   -1.3215E-03   
1.8612E-02   -1.5142E-03   
1.7539E-02   -1.8925E-03   
1.5872E-02   -2.7024E-03   
9.6224E-03   -6.6612E-03   
1.4395E-03   -1.1910E-02   
2.7473E-02   -6.8439E-05   
2.6458E-02   -2.4674E-04   
2.5885E-02   -3.4613E-04   
2.5180E-02   -4.8766E-04   
2.4138E-02   -6.7265E-04   
2.3396E-02   -8.0421E-04   
2.2639E-02   -9.1999E-04   
2.1729E-02   -1.0889E-03   
2.0892E-02   -1.2698E-03   
2.0010E-02   -1.4465E-03   
1.9165E-02   -1.6505E-03   
1.8123E-02   -1.9280E-03   
1.6381E-02   -2.7759E-03   
1.2291E-02   -5.2919E-03   
4.3312E-03   -1.0627E-02   
1.0552E-03   -1.2432E-02   
2.7135E-02   -1.6618E-04   
2.6525E-02   -3.1021E-04   
2.5787E-02   -4.9003E-04   
2.5043E-02   -6.6809E-04   
2.3977E-02   -8.8286E-04   
2.3134E-02   -1.0230E-03   
2.2251E-02   -1.2217E-03   
2.1403E-02   -1.4155E-03   
2.0436E-02   -1.5945E-03   
1.9647E-02   -1.7717E-03   
1.8777E-02   -2.0588E-03   
1.7437E-02   -2.5807E-03   
1.3662E-02   -4.8807E-03   
6.7848E-03   -9.5753E-03   
2.0903E-03   -1.2492E-02   
1.0359E-03   -1.2693E-02   
2.7299E-02   -2.0176E-04   
2.6453E-02   -4.6136E-04   
2.5767E-02   -6.3209E-04   
2.4682E-02   -9.1845E-04   
2.3722E-02   -1.1663E-03   
2.2888E-02   -1.3163E-03   
2.1836E-02   -1.5411E-03   
2.1041E-02   -1.7222E-03   
2.0038E-02   -1.9319E-03   
1.9146E-02   -2.1870E-03   
1.8088E-02   -2.5692E-03   
1.5883E-02   -3.8153E-03   
1.0282E-02   -7.6435E-03   
3.8692E-03   -1.2047E-02   
2.0157E-03   -1.2861E-02   
9.5106E-04   -1.2988E-02   
2.7169E-02   -2.9393E-04   
2.6227E-02   -6.2125E-04   
2.5572E-02   -8.1673E-04   
2.4288E-02   -1.2083E-03   
2.3517E-02   -1.3990E-03   
2.2632E-02   -1.6203E-03   
2.1678E-02   -1.8014E-03   
2.0692E-02   -2.0325E-03   
1.9585E-02   -2.3242E-03   
1.8663E-02   -2.6150E-03   
1.6903E-02   -3.6019E-03   
1.2925E-02   -6.2464E-03   
5.6947E-03   -1.1465E-02   
3.2354E-03   -1.2845E-02   
2.0034E-03   -1.3177E-02   
9.9686E-04   -1.3285E-02   
2.7206E-02   -3.9079E-04   
2.6384E-02   -7.5329E-04   
2.5298E-02   -1.1187E-03   
2.4341E-02   -1.4527E-03   
2.3327E-02   -1.6375E-03   
2.2328E-02   -1.8640E-03   
2.1361E-02   -2.1047E-03   
2.0379E-02   -2.3549E-03   
1.9377E-02   -2.6137E-03   
1.7710E-02   -3.3636E-03   
1.4018E-02   -5.8377E-03   
7.9399E-03   -1.0259E-02   
4.2448E-03   -1.2694E-02   
2.9596E-03   -1.3268E-02   
1.9190E-03   -1.3494E-02   
1.0662E-03   -1.3576E-02   
2.6869E-02   -6.8392E-04   
2.5899E-02   -1.1736E-03   
2.5116E-02   -1.4126E-03   
2.3847E-02   -1.7900E-03   
2.3062E-02   -1.9792E-03   
2.1952E-02   -2.2388E-03   
2.0967E-02   -2.4921E-03   
2.0094E-02   -2.6764E-03   
1.8810E-02   -3.1186E-03   
1.5723E-02   -4.8550E-03   
1.1374E-02   -7.7958E-03   
5.5052E-03   -1.2142E-02   
3.7941E-03   -1.3246E-02   
2.7928E-03   -1.3586E-02   
1.8569E-03   -1.3792E-02   
8.2855E-04   -1.3961E-02   
4.4126E-03   -1.3293E-03   
8.3842E-03   -1.8007E-03   
1.1885E-02   -2.3540E-03   
1.4161E-02   -3.0631E-03   
1.5590E-02   -3.7389E-03   
1.6651E-02   -4.4024E-03   
1.7173E-02   -4.5246E-03   
1.7818E-02   -4.4021E-03   
1.8000E-02   -4.1896E-03   
1.8164E-02   -3.9667E-03   
1.8322E-02   -3.7532E-03   
1.8478E-02   -3.5513E-03   
1.8630E-02   -3.3604E-03   
1.8780E-02   -3.1797E-03   
1.9068E-02   -2.8452E-03   
1.9207E-02   -2.6900E-03   
1.9342E-02   -2.5415E-03   
1.9474E-02   -2.3992E-03   
1.9601E-02   -2.2618E-03   
1.9724E-02   -2.1286E-03   
1.9842E-02   -1.9991E-03   
2.0063E-02   -1.7492E-03   
2.0166E-02   -1.6277E-03   
2.0263E-02   -1.5079E-03   
2.0354E-02   -1.3895E-03   
2.0439E-02   -1.2722E-03   
2.0517E-02   -1.1558E-03   
2.0589E-02   -1.0402E-03   
2.0711E-02   -8.1131E-04   
2.0762E-02   -6.9847E-04   
2.0806E-02   -5.8559E-04   
2.0838E-02   -4.6653E-04   
2.0871E-02   -3.5564E-04   
2.0885E-02   -2.4076E-04   
2.0904E-02   -1.2057E-04   
2.0959E-02   -6.4008E-34   
2.0990E-02   -6.2049E-34   
2.1012E-02   -4.8044E-34   
2.1029E-02   -2.6999E-34   
2.1043E-02   -2.1744E-34   
2.1074E-02   -1.4092E-34   
2.1094E-02   -1.1135E-34   
2.1119E-02   -8.6268E-35   
2.1151E-02   -6.4826E-35   
2.1239E-02   -3.0159E-35   
2.1297E-02   -1.6032E-35   
2.1366E-02   -3.4630E-36   
2.1446E-02   8.3802E-36   
2.1642E-02   3.0763E-35   
2.1759E-02   4.1323E-35   
2.2032E-02   6.3042E-35   
2.2189E-02   7.4521E-35   
2.2546E-02   1.4676E-34   
2.2746E-02   1.1467E-34   
2.3190E-02   2.2443E-34   
2.3695E-02   2.9643E-34   
2.3970E-02   3.3538E-34   
2.4566E-02   4.0303E-34   
2.5224E-02   5.3166E-34   
2.6323E-02   7.6758E-34   
2.7130E-02   7.7557E-34   
2.8000E-02   -1.3675E-34   
2.8000E-02   -1.3675E-34   
2.8000E-02   -1.3675E-34   
2.8000E-02   -1.3675E-34   
2.8000E-02   -1.3675E-34   
2.6044E-02   -1.1912E-03   
2.3541E-02   -2.1117E-03   
2.1691E-02   -2.5629E-03   
1.9802E-02   -3.0381E-03   
1.7191E-02   -4.3690E-03   
7.6477E-03   -1.0380E-02   
4.4061E-03   -1.2857E-02   
2.9811E-03   -1.3744E-02   
2.1027E-03   -1.4020E-02   
1.2436E-03   -1.4173E-02   
4.0984E-04   -1.4242E-02   
1.0057E-33   -1.4108E-02   
1.4463E-33   -1.3830E-02   
1.4392E-33   -1.3564E-02   
2.1067E-33   -1.3440E-02   
2.1373E-33   -1.3210E-02   
1.3056E-33   -1.3008E-02   
1.2676E-33   -1.2917E-02   
1.2160E-33   -1.2833E-02   
1.1285E-33   -1.2683E-02   
1.0907E-33   -1.2616E-02   
1.0261E-33   -1.2500E-02   
9.9832E-34   -1.2450E-02   
9.7399E-34   -1.2406E-02   
9.4023E-34   -1.2338E-02   
9.1968E-34   -1.2312E-02   
8.9293E-34   -1.2288E-02   
8.6517E-34   -1.2262E-02   
8.1397E-34   -1.2199E-02   
7.8754E-34   -1.2154E-02   
7.6364E-34   -1.2097E-02   
7.3954E-34   -1.2015E-02   
7.1101E-34   -1.1892E-02   
6.5756E-34   -1.1407E-02   
6.2963E-34   -1.0963E-02   
6.0099E-34   -1.0325E-02   
5.7501E-34   -9.4609E-03   
5.5161E-34   -8.3437E-03   
8.0463E-34   -6.9054E-03   
7.3690E-34   -5.2294E-03   
5.4126E-34   -3.2217E-03   
1.8043E-02   -3.7769E-03   
1.9151E-02   -2.5071E-03   
1.9565E-02   -2.0825E-03   
1.8377E-02   -3.3626E-03   
2.0541E-02   -1.0085E-03   
1.7506E-02   -4.4729E-03   
1.3126E-02   -3.6717E-03   
2.0271E-02   -1.3440E-03   
2.0799E-02   -5.8001E-04   
1.9943E-02   -1.6992E-03   
1.8698E-02   -2.9928E-03   
2.0685E-02   -7.9260E-04   
1.8853E-02   -2.8227E-03   
1.7247E-02   -4.6319E-03   
1.9823E-02   -1.8234E-03   
2.0367E-02   -1.2303E-03   
2.0932E-02   -1.6627E-04   
5.8403E-03   -3.1961E-03   
1.6852E-02   -4.6507E-03   
1.9293E-02   -2.3602E-03   
1.9429E-02   -2.2186E-03   
2.0617E-02   -8.9992E-04   
1.5076E-02   -4.0447E-03   
2.0845E-02   -4.7157E-04   
9.8965E-03   -3.5249E-03   
1.6326E-02   -4.5630E-03   
2.0458E-02   -1.1186E-03   
2.0745E-02   -6.8618E-04   
1.7697E-02   -4.2409E-03   
2.0167E-02   -1.4598E-03   
2.0058E-02   -1.5782E-03   
1.8539E-02   -3.1726E-03   
1.7871E-02   -4.0032E-03   
1.8212E-02   -3.5638E-03   
1.9004E-02   -2.6612E-03   
1.9697E-02   -1.9511E-03   
3.2296E-03   -7.5558E-03   
2.7242E-03   -8.7784E-03   
2.2519E-03   -9.7753E-03   
1.7987E-03   -1.0540E-02   
1.3895E-03   -1.1092E-02   
1.0556E-03   -1.1474E-02   
8.0128E-04   -1.1732E-02   
6.1755E-04   -1.1904E-02   
4.9021E-04   -1.2018E-02   
2.0994E-02   -8.7093E-05   
4.0760E-04   -1.2096E-02   
2.1012E-02   -7.2144E-05   
3.4998E-04   -1.2151E-02   
2.1027E-02   -6.0771E-05   
2.9957E-04   -1.2191E-02   
2.1041E-02   -5.1262E-05   
2.5640E-04   -1.2226E-02   
2.1055E-02   -4.3612E-05   
2.2373E-04   -1.2256E-02   
2.1073E-02   -3.7495E-05   
2.0098E-04   -1.2284E-02   
2.1095E-02   -3.2733E-05   
1.8882E-04   -1.2313E-02   
2.1124E-02   -2.9164E-05   
1.8887E-04   -1.2345E-02   
2.1160E-02   -2.6610E-05   
1.9512E-04   -1.2381E-02   
2.1204E-02   -2.4898E-05   
2.0330E-04   -1.2423E-02   
2.1257E-02   -2.3930E-05   
2.1192E-04   -1.2470E-02   
2.1321E-02   -2.3605E-05   
2.2129E-04   -1.2523E-02   
2.1396E-02   -2.3786E-05   
2.3148E-04   -1.2582E-02   
2.1482E-02   -2.4310E-05   
2.4181E-04   -1.2646E-02   
2.1581E-02   -2.4908E-05   
2.5220E-04   -1.2716E-02   
2.1691E-02   -2.6032E-05   
2.6279E-04   -1.2790E-02   
2.1813E-02   -2.7384E-05   
2.7331E-04   -1.2871E-02   
2.1947E-02   -2.9190E-05   
2.8686E-04   -1.2957E-02   
2.2096E-02   -3.0776E-05   
3.0274E-04   -1.3049E-02   
2.2260E-02   -3.1835E-05   
3.1209E-04   -1.3149E-02   
2.2439E-02   -3.2854E-05   
3.2145E-04   -1.3255E-02   
2.2633E-02   -3.3718E-05   
3.4546E-04   -1.3369E-02   
2.2845E-02   -3.3851E-05   
3.5942E-04   -1.3493E-02   
2.3067E-02   -3.2578E-05   
3.6135E-04   -1.3624E-02   
2.3299E-02   -3.3509E-05   
3.7373E-04   -1.3759E-02   
2.3550E-02   -3.3100E-05   
3.9296E-04   -1.3901E-02   
1.8464E-02   -2.9875E-03   
1.9942E-02   -1.5356E-03   
2.0388E-02   -1.0844E-03   
1.7757E-02   -3.8133E-03   
2.0925E-02   -2.4816E-04   
1.1195E-02   -4.7279E-03   
1.9246E-02   -2.1843E-03   
2.0835E-02   -4.7517E-04   
1.5784E-02   -4.8196E-03   
1.7191E-02   -4.5545E-03   
1.6926E-02   -4.7359E-03   
1.9681E-02   -1.7818E-03   
1.8795E-02   -2.6413E-03   
2.0648E-02   -7.7364E-04   
2.0718E-02   -6.7364E-04   
1.8952E-02   -2.4817E-03   
1.9539E-02   -1.9101E-03   
2.0482E-02   -9.7868E-04   
2.0286E-02   -1.1926E-03   
1.7938E-02   -3.5882E-03   
1.7388E-02   -4.3040E-03   
7.4762E-03   -4.9648E-03   
1.8117E-02   -3.3760E-03   
1.9100E-02   -2.3318E-03   
1.9392E-02   -2.0435E-03   
2.0569E-02   -8.7521E-04   
2.0780E-02   -5.7445E-04   
1.8292E-02   -3.1762E-03   
2.0063E-02   -1.4179E-03   
1.6518E-02   -4.7847E-03   
1.7574E-02   -4.0520E-03   
2.0178E-02   -1.3037E-03   
2.0884E-02   -3.7248E-04   
1.3963E-02   -4.5987E-03   
1.9814E-02   -1.6572E-03   
1.8632E-02   -2.8098E-03   
3.5231E-03   -6.0645E-03   
5.9744E-03   -7.7407E-03   
5.1642E-03   -8.8490E-03   
4.2518E-03   -9.7517E-03   
3.3498E-03   -1.0444E-02   
2.5955E-03   -1.0956E-02   
1.9931E-03   -1.1330E-02   
1.5261E-03   -1.1599E-02   
2.0968E-02   -1.1280E-04   
1.1751E-03   -1.1789E-02   
9.1938E-04   -1.1925E-02   
2.0980E-02   -1.5442E-04   
7.3717E-04   -1.2021E-02   
2.0993E-02   -1.3244E-04   
6.0927E-04   -1.2089E-02   
2.1006E-02   -1.1119E-04   
5.2250E-04   -1.2142E-02   
2.1019E-02   -9.4276E-05   
4.5921E-04   -1.2186E-02   
2.1034E-02   -8.0863E-05   
4.1474E-04   -1.2225E-02   
2.1053E-02   -7.0209E-05   
3.8872E-04   -1.2263E-02   
2.1078E-02   -6.2045E-05   
3.7988E-04   -1.2302E-02   
2.1109E-02   -5.6120E-05   
3.8720E-04   -1.2343E-02   
2.1149E-02   -5.2068E-05   
4.0016E-04   -1.2386E-02   
2.1198E-02   -4.9421E-05   
4.1507E-04   -1.2432E-02   
2.1258E-02   -4.8209E-05   
4.3256E-04   -1.2483E-02   
2.1328E-02   -4.8286E-05   
4.5219E-04   -1.2540E-02   
2.1409E-02   -4.9257E-05   
4.7291E-04   -1.2601E-02   
2.1503E-02   -5.0132E-05   
4.9393E-04   -1.2668E-02   
2.1608E-02   -5.0723E-05   
5.1503E-04   -1.2741E-02   
2.1720E-02   -5.4003E-05   
5.3336E-04   -1.2818E-02   
2.1844E-02   -5.6590E-05   
5.4782E-04   -1.2899E-02   
2.1983E-02   -6.1492E-05   
5.8508E-04   -1.2983E-02   
2.2140E-02   -6.3660E-05   
6.1951E-04   -1.3078E-02   
2.2312E-02   -6.5262E-05   
6.2295E-04   -1.3182E-02   
2.2498E-02   -6.7432E-05   
6.5400E-04   -1.3285E-02   
2.2708E-02   -6.8664E-05   
7.4785E-04   -1.3402E-02   
2.2938E-02   -6.7514E-05   
7.2047E-04   -1.3541E-02   
2.3151E-02   -6.1800E-05   
7.3157E-04   -1.3670E-02   
2.3377E-02   -7.3294E-05   
7.6475E-04   -1.3805E-02   
2.3818E-02   -3.4455E-05   
1.9208E-02   -2.0136E-03   
1.9372E-02   -1.8740E-03   
1.8752E-02   -2.4689E-03   
1.9529E-02   -1.7464E-03   
1.8581E-02   -2.6317E-03   
1.6870E-02   -4.6470E-03   
1.7075E-02   -4.3790E-03   
1.7271E-02   -4.1136E-03   
1.7467E-02   -3.8622E-03   
1.7660E-02   -3.6248E-03   
1.6578E-02   -4.8570E-03   
1.7850E-02   -3.4010E-03   
1.8404E-02   -2.8065E-03   
1.9676E-02   -1.6224E-03   
1.8038E-02   -3.1905E-03   
1.8223E-02   -2.9927E-03   
1.5914E-02   -5.0342E-03   
1.9816E-02   -1.5005E-03   
2.0601E-02   -7.5476E-04   
2.0681E-02   -6.5998E-04   
2.0752E-02   -5.6783E-04   
2.0511E-02   -8.5186E-04   
1.4552E-02   -5.3721E-03   
1.9949E-02   -1.3826E-03   
2.0414E-02   -9.5132E-04   
2.0195E-02   -1.1593E-03   
2.0076E-02   -1.2689E-03   
2.0308E-02   -1.0537E-03   
1.1896E-02   -5.5745E-03   
9.5366E-03   -5.7447E-03   
2.0814E-02   -4.7624E-04   
2.0870E-02   -3.8281E-04   
2.0920E-02   -2.8644E-04   
6.7031E-03   -6.5884E-03   
7.4181E-03   -8.6344E-03   
5.9366E-03   -9.4494E-03   
4.7333E-03   -1.0094E-02   
3.7470E-03   -1.0597E-02   
2.9364E-03   -1.0990E-02   
2.2832E-03   -1.1298E-02   
2.0960E-02   -1.8435E-04   
1.7723E-03   -1.1537E-02   
1.3845E-03   -1.1720E-02   
2.0941E-02   -2.2307E-04   
1.0988E-03   -1.1861E-02   
2.0955E-02   -1.8231E-04   
8.9602E-04   -1.1970E-02   
2.0966E-02   -1.5372E-04   
7.5532E-04   -1.2056E-02   
2.0978E-02   -1.3142E-04   
6.6127E-04   -1.2125E-02   
2.0993E-02   -1.1393E-04   
6.0955E-04   -1.2182E-02   
2.1015E-02   -9.9865E-05   
5.9577E-04   -1.2231E-02   
2.1042E-02   -8.9623E-05   
5.9003E-04   -1.2286E-02   
2.1077E-02   -8.2798E-05   
5.9572E-04   -1.2339E-02   
2.1121E-02   -7.7909E-05   
6.1258E-04   -1.2387E-02   
2.1176E-02   -7.4840E-05   
6.3370E-04   -1.2437E-02   
2.1241E-02   -7.4447E-05   
6.6112E-04   -1.2490E-02   
2.1316E-02   -7.5843E-05   
6.9403E-04   -1.2549E-02   
2.1406E-02   -7.7309E-05   
7.2650E-04   -1.2613E-02   
2.1514E-02   -7.7824E-05   
7.5812E-04   -1.2684E-02   
2.1622E-02   -7.5450E-05   
7.8637E-04   -1.2760E-02   
2.1719E-02   -8.7835E-05   
7.9991E-04   -1.2842E-02   
7.8959E-04   -1.2917E-02   
9.3708E-04   -1.3110E-02   
2.2338E-02   -1.0159E-04   
1.0564E-03   -1.3461E-02   
1.0972E-03   -1.3696E-02   
2.2776E-02   -1.0621E-04   
2.4114E-02   -3.6019E-05   
2.0783E-02   -4.7693E-04   
2.0845E-02   -3.9080E-04   
2.0903E-02   -3.0210E-04   
1.8882E-02   -2.1786E-03   
1.8726E-02   -2.3037E-03   
1.6497E-02   -4.7636E-03   
1.5919E-02   -5.1140E-03   
1.7376E-02   -3.6734E-03   
1.6749E-02   -4.4647E-03   
1.7579E-02   -3.4377E-03   
1.6963E-02   -4.1858E-03   
1.8548E-02   -2.4592E-03   
1.9533E-02   -1.5966E-03   
1.7172E-02   -3.9228E-03   
2.0545E-02   -7.3615E-04   
2.0445E-02   -8.3012E-04   
1.7779E-02   -3.2160E-03   
1.7977E-02   -3.0079E-03   
2.0096E-02   -1.1309E-03   
2.0220E-02   -1.0268E-03   
2.0637E-02   -6.4425E-04   
1.4443E-02   -5.6573E-03   
2.0716E-02   -5.5942E-04   
1.8362E-02   -2.6298E-03   
1.9965E-02   -1.2400E-03   
1.8172E-02   -2.8128E-03   
2.0337E-02   -9.2683E-04   
1.9683E-02   -1.4732E-03   
1.9827E-02   -1.3543E-03   
8.8093E-03   -8.2166E-03   
7.2855E-03   -8.9614E-03   
6.0146E-03   -9.5475E-03   
4.9086E-03   -1.0042E-02   
3.9569E-03   -1.0466E-02   
3.1601E-03   -1.0829E-02   
2.5121E-03   -1.1134E-02   
1.9997E-03   -1.1387E-02   
2.0944E-02   -2.2912E-04   
2.0891E-02   -2.6487E-04   
1.6076E-03   -1.1595E-02   
2.0899E-02   -2.2443E-04   
1.3142E-03   -1.1764E-02   
2.0908E-02   -1.9064E-04   
1.1005E-03   -1.1904E-02   
2.0919E-02   -1.6494E-04   
9.5510E-04   -1.2018E-02   
2.0935E-02   -1.4491E-04   
8.7621E-04   -1.2106E-02   
2.0961E-02   -1.2776E-04   
8.9024E-04   -1.2167E-02   
2.0989E-02   -1.1797E-04   
8.3371E-04   -1.2256E-02   
2.1025E-02   -1.1115E-04   
8.2339E-04   -1.2321E-02   
2.1077E-02   -1.0543E-04   
8.3237E-04   -1.2383E-02   
2.1139E-02   -1.0224E-04   
9.0005E-04   -1.2490E-02   
1.0625E-03   -1.2873E-02   
2.1285E-02   -1.0783E-04   
9.5276E-04   -1.2550E-02   
9.9438E-04   -1.2618E-02   
1.0733E-03   -1.2778E-02   
2.1864E-02   -8.4764E-05   
2.2181E-02   -9.4642E-05   
2.2350E-02   -1.4408E-04   
2.1393E-02   -1.0976E-04   
1.4554E-03   -1.3582E-02   
2.2574E-02   -1.4693E-04   
1.1027E-03   -1.3363E-02   
2.1641E-02   -1.2569E-04   
1.2911E-03   -1.3034E-02   
2.0873E-02   -3.1829E-04   
2.0807E-02   -4.0414E-04   
2.0747E-02   -4.7992E-04   
1.9243E-02   -1.6931E-03   
1.9205E-02   -1.8427E-03   
1.9383E-02   -1.5783E-03   
1.8539E-02   -2.2913E-03   
2.0584E-02   -6.2984E-04   
1.6364E-02   -4.5679E-03   
2.0678E-02   -5.4170E-04   
1.5823E-02   -5.0036E-03   
1.4468E-02   -5.7237E-03   
1.6642E-02   -4.2630E-03   
1.7303E-02   -3.4859E-03   
1.7090E-02   -3.7334E-03   
1.8338E-02   -2.4576E-03   
1.6873E-02   -3.9906E-03   
1.7516E-02   -3.2527E-03   
1.9542E-02   -1.4537E-03   
2.0124E-02   -1.0042E-03   
2.0481E-02   -7.1997E-04   
1.7726E-02   -3.0336E-03   
2.0251E-02   -9.0576E-04   
2.0370E-02   -8.1141E-04   
1.9989E-02   -1.1080E-03   
1.7933E-02   -2.8286E-03   
1.8137E-02   -2.6370E-03   
1.9846E-02   -1.2177E-03   
1.9697E-02   -1.3332E-03   
1.0600E-02   -7.0785E-03   
9.7903E-03   -7.8069E-03   
8.4983E-03   -8.3353E-03   
7.2688E-03   -8.8463E-03   
6.1326E-03   -9.3309E-03   
5.1131E-03   -9.7849E-03   
4.2222E-03   -1.0201E-02   
3.4631E-03   -1.0573E-02   
2.8386E-03   -1.0901E-02   
2.0812E-02   -3.1454E-04   
2.3375E-03   -1.1183E-02   
2.0826E-02   -2.5975E-04   
1.9475E-03   -1.1423E-02   
1.6428E-03   -1.1631E-02   
2.0834E-02   -2.2406E-04   
2.0842E-02   -1.9738E-04   
1.3938E-03   -1.1819E-02   
2.0853E-02   -1.7757E-04   
1.1550E-03   -1.2105E-02   
2.0902E-02   -1.5378E-04   
1.1304E-03   -1.2180E-02   
2.1023E-02   -1.3551E-04   
2.0959E-02   -1.4199E-04   
1.1105E-03   -1.2273E-02   
1.1870E-03   -1.2467E-02   
8.5358E-04   -1.2438E-02   
1.2297E-03   -1.2543E-02   
1.2852E-03   -1.2617E-02   
1.3613E-03   -1.3386E-02   
1.3387E-03   -1.3280E-02   
1.3470E-03   -1.2699E-02   
2.1239E-02   -1.4611E-04   
2.1788E-02   -1.1586E-04   
2.1491E-02   -1.5681E-04   
2.2125E-02   -1.3718E-04   
2.1359E-02   -1.4893E-04   
2.1204E-02   -1.0476E-04   
1.4229E-03   -1.2793E-02   
1.2442E-03   -1.3168E-02   
1.3468E-03   -1.2915E-02   
2.2811E-02   -1.4847E-04   
1.3851E-03   -1.3708E-02   
1.3186E-03   -1.3488E-02   
2.2358E-02   -1.9111E-04   
1.9041E-02   -1.7720E-03   
2.0828E-02   -3.4408E-04   
2.0624E-02   -5.3287E-04   
1.6276E-02   -4.3495E-03   
2.0518E-02   -6.2128E-04   
1.5766E-02   -4.7505E-03   
1.2727E-02   -6.4814E-03   
1.8333E-02   -2.2869E-03   
1.7024E-02   -3.5450E-03   
1.6800E-02   -3.8010E-03   
1.6567E-02   -4.0641E-03   
1.9393E-02   -1.4482E-03   
1.7248E-02   -3.3004E-03   
2.0158E-02   -8.8852E-04   
1.7470E-02   -3.0701E-03   
2.0287E-02   -7.9603E-04   
2.0406E-02   -7.0757E-04   
2.0020E-02   -9.8673E-04   
1.7690E-02   -2.8545E-03   
1.8120E-02   -2.4646E-03   
1.9559E-02   -1.3210E-03   
1.9873E-02   -1.0913E-03   
1.7907E-02   -2.6531E-03   
1.9719E-02   -1.2028E-03   
1.2070E-02   -6.6838E-03   
1.0949E-02   -7.0831E-03   
1.8786E-02   -1.9515E-03   
9.7659E-03   -7.5445E-03   
1.8554E-02   -2.1167E-03   
8.5851E-03   -8.0234E-03   
7.4698E-03   -8.5015E-03   
6.4333E-03   -8.9703E-03   
5.4858E-03   -9.4216E-03   
4.6518E-03   -9.8501E-03   
3.9337E-03   -1.0242E-02   
1.7071E-03   -1.1835E-02   
2.0739E-02   -3.3345E-04   
3.3377E-03   -1.0590E-02   
2.8490E-03   -1.0902E-02   
2.0743E-02   -2.9071E-04   
2.4281E-03   -1.1200E-02   
2.0744E-02   -2.5762E-04   
2.0746E-02   -2.3342E-04   
1.2339E-03   -1.1957E-02   
2.0824E-02   -1.8517E-04   
1.6043E-03   -1.2000E-02   
1.3389E-03   -1.2338E-02   
2.1672E-02   -1.6334E-04   
2.1300E-02   -1.9564E-04   
2.0965E-02   -1.7099E-04   
1.5567E-03   -1.2507E-02   
2.0883E-02   -1.7630E-04   
1.6280E-03   -1.2591E-02   
1.0795E-03   -1.2366E-02   
1.6415E-03   -1.3428E-02   
1.6806E-03   -1.2678E-02   
2.1891E-02   -1.5527E-04   
1.6551E-03   -1.2953E-02   
1.6153E-03   -1.3070E-02   
2.1125E-02   -1.4550E-04   
1.6815E-03   -1.3296E-02   
1.5140E-03   -1.2422E-02   
2.1180E-02   -1.9010E-04   
2.2590E-02   -1.9309E-04   
2.2144E-02   -1.8611E-04   
2.0647E-02   -4.5735E-04   
2.0547E-02   -5.3794E-04   
2.0739E-02   -4.2728E-04   
1.4808E-02   -5.1030E-03   
1.6268E-02   -4.1431E-03   
1.9228E-02   -1.4513E-03   
1.6737E-02   -3.6156E-03   
2.0439E-02   -6.1805E-04   
1.6488E-02   -3.8865E-03   
1.6977E-02   -3.3589E-03   
1.1276E-02   -7.0498E-03   
1.7211E-02   -3.1174E-03   
1.8121E-02   -2.2956E-03   
2.0057E-02   -8.7595E-04   
2.0322E-02   -7.0011E-04   
2.0195E-02   -7.8544E-04   
1.9410E-02   -1.3179E-03   
1.7442E-02   -2.8906E-03   
1.9908E-02   -9.7497E-04   
1.7672E-02   -2.6791E-03   
1.7898E-02   -2.4815E-03   
1.9584E-02   -1.1952E-03   
1.9750E-02   -1.0815E-03   
1.8349E-02   -2.1172E-03   
1.3219E-02   -5.9129E-03   
1.2169E-02   -6.2799E-03   
1.1018E-02   -6.7143E-03   
1.4395E-02   -5.5640E-03   
9.9366E-03   -7.1490E-03   
1.8582E-02   -1.9443E-03   
1.8817E-02   -1.7738E-03   
8.8938E-03   -7.5911E-03   
2.0720E-02   -3.8522E-04   
1.9035E-02   -1.6071E-03   
7.8868E-03   -8.0427E-03   
6.9473E-03   -8.5062E-03   
5.3015E-03   -9.3957E-03   
2.0651E-02   -3.6184E-04   
4.6359E-03   -9.7991E-03   
4.0845E-03   -1.0167E-02   
2.0641E-02   -3.2625E-04   
2.0637E-02   -2.9461E-04   
2.4885E-03   -1.1290E-02   
1.5392E-03   -1.2150E-02   
2.0724E-02   -2.2372E-04   
2.1073E-02   -1.8724E-04   
1.9765E-03   -1.2405E-02   
1.9508E-03   -1.1548E-02   
2.1429E-02   -2.0531E-04   
2.5666E-03   -1.1368E-02   
2.1101E-02   -2.4082E-04   
1.5346E-03   -1.2329E-02   
1.9650E-03   -1.2988E-02   
1.9073E-03   -1.2314E-02   
1.7696E-03   -1.2741E-02   
2.0983E-02   -1.8977E-04   
2.1968E-02   -1.8298E-04   
2.0781E-02   -2.1928E-04   
1.7071E-03   -1.2838E-02   
1.6320E-03   -1.3182E-02   
2.2126E-02   -2.3875E-04   
2.2808E-02   -1.9155E-04   
1.7136E-03   -1.3659E-02   
2.0985E-03   -1.3311E-02   
2.1834E-02   -1.3298E-04   
2.0464E-02   -5.4459E-04   
1.6077E-02   -4.0355E-03   
1.8139E-02   -2.1304E-03   
1.6423E-02   -3.7042E-03   
1.6693E-02   -3.4294E-03   
2.0353E-02   -6.2078E-04   
1.6946E-02   -3.1749E-03   
1.9252E-02   -1.3235E-03   
2.0099E-02   -7.7690E-04   
2.0234E-02   -6.9689E-04   
1.7191E-02   -2.9371E-03   
1.9949E-02   -8.6874E-04   
1.7905E-02   -2.3141E-03   
1.7433E-02   -2.7150E-03   
1.9439E-02   -1.1959E-03   
1.7672E-02   -2.5079E-03   
1.9788E-02   -9.6941E-04   
1.9617E-02   -1.0786E-03   
1.4364E-02   -5.1262E-03   
1.3088E-02   -5.5977E-03   
2.0653E-02   -4.0318E-04   
1.2177E-02   -5.9228E-03   
1.8840E-02   -1.6183E-03   
1.8377E-02   -1.9530E-03   
1.9053E-02   -1.4643E-03   
1.1268E-02   -6.2616E-03   
1.0337E-02   -6.6356E-03   
1.8613E-02   -1.7823E-03   
9.4354E-03   -7.0479E-03   
8.5576E-03   -7.4725E-03   
7.7263E-03   -7.9085E-03   
2.0635E-02   -2.7171E-04   
6.9789E-03   -8.3327E-03   
3.5627E-03   -1.0545E-02   
6.3687E-03   -8.7065E-03   
2.0528E-02   -4.0978E-04   
2.0900E-02   -2.3084E-04   
2.0520E-02   -3.6604E-04   
2.4371E-03   -1.1550E-02   
1.9083E-03   -1.2080E-02   
2.0677E-02   -2.3420E-04   
2.9028E-03   -1.1086E-02   
2.0836E-02   -2.2442E-04   
2.5497E-03   -1.1992E-02   
2.0946E-03   -1.2711E-02   
1.9251E-03   -1.2187E-02   
1.9949E-03   -1.2637E-02   
2.0600E-02   -2.7176E-04   
2.1740E-02   -2.1397E-04   
2.3672E-03   -1.2871E-02   
2.1928E-02   -2.3051E-04   
1.9009E-03   -1.3092E-02   
2.2092E-02   -2.9849E-04   
2.1463E-03   -1.3582E-02   
2.2625E-02   -2.4674E-04   
2.3041E-02   -1.5889E-04   
2.3978E-03   -1.3397E-02   
2.1532E-02   -2.2428E-04   
2.0486E-02   -4.8094E-04   
1.5754E-02   -4.4681E-03   
1.6081E-02   -3.7975E-03   
1.6390E-02   -3.5093E-03   
1.7928E-02   -2.1524E-03   
1.6668E-02   -3.2436E-03   
2.0271E-02   -6.2766E-04   
2.0153E-02   -6.8622E-04   
1.6933E-02   -2.9943E-03   
1.4478E-02   -4.8359E-03   
2.0000E-02   -7.7051E-04   
1.9286E-02   -1.2030E-03   
1.7191E-02   -2.7610E-03   
1.7687E-02   -2.3420E-03   
1.9834E-02   -8.6592E-04   
1.7442E-02   -2.5440E-03   
1.9477E-02   -1.0814E-03   
1.9660E-02   -9.6938E-04   
1.3955E-02   -4.9519E-03   
1.8170E-02   -1.9711E-03   
1.8872E-02   -1.4785E-03   
1.9084E-02   -1.3353E-03   
1.3290E-02   -5.1347E-03   
1.8646E-02   -1.6334E-03   
1.2499E-02   -5.4016E-03   
1.1740E-02   -5.7081E-03   
1.8411E-02   -1.7979E-03   
2.0579E-02   -4.2406E-04   
9.5044E-03   -6.7560E-03   
1.0972E-02   -6.0314E-03   
2.0512E-02   -3.3662E-04   
1.0223E-02   -6.3832E-03   
2.0741E-02   -2.2258E-04   
4.2699E-03   -1.0165E-02   
5.8949E-03   -9.0206E-03   
4.1009E-03   -1.0342E-02   
8.8933E-03   -7.0975E-03   
2.0398E-02   -4.4491E-04   
2.0653E-02   -2.7243E-04   
2.0554E-02   -2.7849E-04   
3.6223E-03   -1.0736E-02   
2.7708E-03   -1.1735E-02   
2.4756E-03   -1.2429E-02   
2.1886E-02   -2.9050E-04   
2.0713E-02   -2.7831E-04   
2.9098E-03   -1.1511E-02   
2.1334E-02   -2.6225E-04   
2.4913E-03   -1.2685E-02   
2.1468E-02   -2.8366E-04   
2.2861E-03   -1.3033E-02   
2.4260E-03   -1.1664E-02   
2.2322E-02   -3.0486E-04   
2.0991E-02   -2.3546E-04   
2.3310E-02   -1.2380E-04   
2.6201E-03   -1.3221E-02   
1.5154E-02   -4.3352E-03   
2.0370E-02   -5.5744E-04   
1.6056E-02   -3.6007E-03   
1.6376E-02   -3.3192E-03   
1.6666E-02   -3.0609E-03   
1.7716E-02   -2.1825E-03   
2.0241E-02   -5.8854E-04   
1.5703E-02   -4.0846E-03   
2.0062E-02   -6.7686E-04   
1.7963E-02   -1.9970E-03   
1.6943E-02   -2.8169E-03   
1.9888E-02   -7.7027E-04   
1.7211E-02   -2.5883E-03   
1.7468E-02   -2.3778E-03   
1.9328E-02   -1.0896E-03   
1.9710E-02   -8.6784E-04   
1.9523E-02   -9.7352E-04   
1.4896E-02   -4.2508E-03   
1.8687E-02   -1.4967E-03   
1.9125E-02   -1.2156E-03   
1.8911E-02   -1.3510E-03   
2.0647E-02   -2.4988E-04   
1.4145E-02   -4.4761E-03   
1.8210E-02   -1.8205E-03   
1.3588E-02   -4.6525E-03   
1.8452E-02   -1.6535E-03   
2.0385E-02   -4.0993E-04   
1.1789E-02   -5.3516E-03   
1.2992E-02   -4.8455E-03   
1.1234E-02   -5.6274E-03   
1.2390E-02   -5.0803E-03   
6.2148E-03   -8.9751E-03   
2.0388E-02   -4.9657E-04   
2.0503E-02   -3.1712E-04   
8.3980E-03   -7.3972E-03   
2.0905E-02   -1.5163E-04   
4.6636E-03   -1.0262E-02   
2.0517E-02   -2.9189E-04   
2.0886E-02   -2.9281E-04   
2.0788E-02   -2.8544E-04   
2.0510E-02   -3.3292E-04   
2.0456E-02   -3.2916E-04   
2.1193E-02   -3.2800E-04   
2.0411E-02   -3.3161E-04   
3.0217E-03   -1.1348E-02   
4.1591E-03   -1.0894E-02   
5.6135E-03   -9.2549E-03   
6.2866E-03   -8.8472E-03   
3.1540E-03   -1.1896E-02   
2.1483E-02   -3.3662E-04   
2.6980E-03   -1.2443E-02   
3.8431E-03   -1.0698E-02   
2.2048E-02   -3.6498E-04   
2.4132E-03   -1.3141E-02   
2.3649E-02   -6.2893E-05   
2.9491E-03   -1.2597E-02   
2.3267E-02   -1.7294E-04   
2.1835E-02   -3.5719E-04   
2.1221E-02   -2.4738E-04   
2.7646E-03   -1.2824E-02   
1.5647E-02   -3.9376E-03   
1.6064E-02   -3.4038E-03   
1.6393E-02   -3.1350E-03   
1.7757E-02   -2.0301E-03   
2.0128E-02   -5.8428E-04   
1.6685E-02   -2.8832E-03   
1.7507E-02   -2.2185E-03   
1.9946E-02   -6.8366E-04   
1.6973E-02   -2.6422E-03   
1.7248E-02   -2.4206E-03   
1.9769E-02   -7.7415E-04   
1.8734E-02   -1.3715E-03   
1.9376E-02   -9.8349E-04   
1.9578E-02   -8.7232E-04   
1.9170E-02   -1.1056E-03   
1.5124E-02   -3.9352E-03   
1.8957E-02   -1.2340E-03   
2.0284E-02   -5.1839E-04   
1.8008E-02   -1.8502E-03   
1.8499E-02   -1.5203E-03   
1.4872E-02   -3.9342E-03   
1.8255E-02   -1.6800E-03   
1.4472E-02   -3.9949E-03   
1.3157E-02   -4.4444E-03   
1.3598E-02   -4.2640E-03   
2.0257E-02   -4.9005E-04   
1.4041E-02   -4.1107E-03   
2.0369E-02   -3.8498E-04   
2.0775E-02   -2.0008E-04   
1.0716E-02   -5.9167E-03   
2.0375E-02   -3.4075E-04   
2.0296E-02   -3.9554E-04   
6.5439E-03   -8.6449E-03   
2.0477E-02   -3.1418E-04   
2.0250E-02   -3.9426E-04   
2.0347E-02   -4.0348E-04   
6.2451E-03   -9.2402E-03   
2.1008E-02   -2.9816E-04   
2.0654E-02   -3.5130E-04   
8.1053E-03   -7.6080E-03   
2.0928E-02   -3.6736E-04   
3.6298E-03   -1.1804E-02   
2.8435E-03   -1.1933E-02   
6.4684E-03   -9.1783E-03   
6.6561E-03   -8.8147E-03   
2.1775E-02   -4.3098E-04   
2.2271E-02   -3.7273E-04   
3.3826E-03   -1.2190E-02   
2.7415E-03   -1.2966E-02   
2.3497E-02   -1.4089E-04   
3.3511E-03   -1.2479E-02   
1.5641E-02   -3.7299E-03   
1.6135E-02   -3.2127E-03   
1.7555E-02   -2.0684E-03   
1.6408E-02   -2.9665E-03   
1.9984E-02   -6.2080E-04   
1.7808E-02   -1.8866E-03   
1.6721E-02   -2.7092E-03   
1.7296E-02   -2.2619E-03   
1.9832E-02   -6.9170E-04   
1.8786E-02   -1.2578E-03   
1.7017E-02   -2.4747E-03   
1.8552E-02   -1.3981E-03   
1.5685E-02   -3.4999E-03   
1.9650E-02   -7.7958E-04   
1.9217E-02   -1.0079E-03   
1.9006E-02   -1.1288E-03   
1.5417E-02   -3.4657E-03   
1.8308E-02   -1.5504E-03   
1.8059E-02   -1.7135E-03   
2.0233E-02   -4.6060E-04   
2.0352E-02   -3.5512E-04   
1.4542E-02   -3.6161E-03   
1.5124E-02   -3.4927E-03   
8.6136E-03   -7.2747E-03   
1.4836E-02   -3.5416E-03   
2.0352E-02   -3.6954E-04   
1.2714E-02   -4.6590E-03   
8.7131E-03   -7.5397E-03   
2.0073E-02   -4.6671E-04   
1.0200E-02   -6.2436E-03   
2.0117E-02   -4.7270E-04   
2.0213E-02   -3.9985E-04   
2.0410E-02   -4.1673E-04   
7.6883E-03   -8.1703E-03   
4.2564E-03   -1.1963E-02   
7.0497E-03   -8.9578E-03   
2.1012E-02   -4.0651E-04   
2.0767E-02   -3.6071E-04   
2.2219E-02   -4.4348E-04   
8.6803E-03   -7.3753E-03   
3.2744E-03   -1.2650E-02   
2.1564E-02   -4.2237E-04   
2.2544E-02   -3.1581E-04   
5.1616E-03   -1.0851E-02   
5.1227E-03   -1.0431E-02   
5.1151E-03   -1.0629E-02   
2.1703E-02   -5.1291E-04   
2.0097E-02   -5.4394E-04   
1.7612E-02   -1.9285E-03   
1.7352E-02   -2.1139E-03   
1.6042E-02   -3.1067E-03   
1.9559E-02   -7.8180E-04   
2.0185E-02   -4.2598E-04   
1.6443E-02   -2.7953E-03   
1.8613E-02   -1.2871E-03   
1.9908E-02   -6.1164E-04   
1.8844E-02   -1.1557E-03   
1.9720E-02   -7.0395E-04   
1.6768E-02   -2.5428E-03   
1.8369E-02   -1.4314E-03   
1.7865E-02   -1.7534E-03   
1.8118E-02   -1.5874E-03   
1.5779E-02   -3.1230E-03   
1.9247E-02   -9.3892E-04   
1.9061E-02   -1.0368E-03   
1.5412E-02   -3.1113E-03   
1.5591E-02   -3.1125E-03   
1.2146E-02   -4.9814E-03   
1.4239E-02   -3.7227E-03   
2.0206E-02   -4.3990E-04   
1.1115E-02   -5.7416E-03   
2.0185E-02   -4.1226E-04   
1.9882E-02   -5.4945E-04   
9.6695E-03   -6.7674E-03   
2.0035E-02   -4.6843E-04   
2.0163E-02   -4.8639E-04   
2.1351E-02   -4.1215E-04   
2.0497E-02   -4.3096E-04   
9.4472E-03   -7.1922E-03   
1.1110E-02   -5.6361E-03   
8.3696E-03   -7.4678E-03   
2.1266E-02   -3.6667E-04   
2.0749E-02   -4.6272E-04   
7.9165E-03   -8.4709E-03   
4.0360E-03   -1.2332E-02   
6.0312E-03   -1.0545E-02   
1.0774E-02   -6.0575E-03   
2.1637E-02   -3.4770E-04   
2.1941E-02   -5.1291E-04   
2.2493E-02   -3.8023E-04   
2.2784E-02   -2.7317E-04   
7.4617E-03   -8.9253E-03   
7.5157E-03   -9.2230E-03   
1.9598E-02   -7.2691E-04   
1.7133E-02   -2.1741E-03   
1.7406E-02   -1.9814E-03   
2.0021E-02   -5.0399E-04   
1.9139E-02   -9.4863E-04   
1.8914E-02   -1.0628E-03   
1.9760E-02   -6.5430E-04   
1.7670E-02   -1.8009E-03   
1.8681E-02   -1.1868E-03   
1.8438E-02   -1.3229E-03   
1.6839E-02   -2.3833E-03   
1.8185E-02   -1.4717E-03   
1.7928E-02   -1.6311E-03   
1.6180E-02   -2.8869E-03   
1.6083E-02   -2.8372E-03   
1.5965E-02   -2.8002E-03   
1.5235E-02   -3.1309E-03   
1.3876E-02   -3.8943E-03   
1.6482E-02   -2.6269E-03   
2.0059E-02   -5.1981E-04   
1.9812E-02   -5.5225E-04   
1.9383E-02   -8.3633E-04   
1.9843E-02   -5.4720E-04   
1.1912E-02   -5.1579E-03   
1.1043E-02   -5.6684E-03   
1.0297E-02   -6.8352E-03   
1.9924E-02   -5.5946E-04   
1.3374E-02   -4.1885E-03   
1.9966E-02   -5.0278E-04   
1.2038E-02   -5.3167E-03   
2.0211E-02   -5.1045E-04   
1.2743E-02   -4.6855E-03   
2.0859E-02   -4.8178E-04   
2.1119E-02   -4.9192E-04   
2.0620E-02   -4.4400E-04   
2.3015E-02   -2.6852E-04   
1.0186E-02   -7.2156E-03   
1.0174E-02   -7.0670E-03   
6.9493E-03   -1.0049E-02   
2.1655E-02   -5.9607E-04   
3.9113E-03   -1.2599E-02   
2.2156E-02   -5.1718E-04   
2.2767E-02   -3.2447E-04   
1.9685E-02   -6.5819E-04   
1.7181E-02   -2.0528E-03   
1.6897E-02   -2.2536E-03   
1.8996E-02   -9.7664E-04   
1.9876E-02   -5.8440E-04   
1.8760E-02   -1.0958E-03   
1.7462E-02   -1.8626E-03   
1.8516E-02   -1.2244E-03   
1.7736E-02   -1.6841E-03   
1.8262E-02   -1.3659E-03   
1.6359E-02   -2.5890E-03   
1.8000E-02   -1.5194E-03   
1.5864E-02   -2.7701E-03   
1.9468E-02   -7.5331E-04   
1.9605E-02   -6.3785E-04   
1.6644E-02   -2.4385E-03   
1.4766E-02   -3.3145E-03   
1.5762E-02   -2.7576E-03   
1.3719E-02   -3.9540E-03   
1.9233E-02   -8.6269E-04   
1.9646E-02   -6.3359E-04   
2.0840E-02   -5.4769E-04   
1.9814E-02   -5.8200E-04   
1.9688E-02   -6.3830E-04   
1.3672E-02   -4.0178E-03   
1.9956E-02   -5.8079E-04   
2.0307E-02   -5.2927E-04   
1.9782E-02   -5.6711E-04   
1.2751E-02   -5.3242E-03   
1.3387E-02   -4.3120E-03   
1.4080E-02   -4.0200E-03   
2.1077E-02   -4.4882E-04   
2.3056E-02   -3.3180E-04   
1.2892E-02   -5.0931E-03   
2.0455E-02   -5.4117E-04   
2.1012E-02   -5.7031E-04   
2.1351E-02   -7.0343E-04   
1.0635E-02   -7.0290E-03   
9.5712E-03   -7.9784E-03   
2.1335E-02   -6.1284E-04   
2.3219E-02   -2.1912E-04   
2.2448E-02   -4.4777E-04   
3.1162E-03   -1.3052E-02   
1.0017E-02   -6.9324E-03   
1.6925E-02   -2.1534E-03   
1.6629E-02   -2.3685E-03   
1.8850E-02   -1.0132E-03   
1.9575E-02   -6.7610E-04   
1.8605E-02   -1.1359E-03   
1.7527E-02   -1.7545E-03   
1.6294E-02   -2.5368E-03   
1.8349E-02   -1.2707E-03   
1.5639E-02   -2.7826E-03   
1.7811E-02   -1.5785E-03   
1.4365E-02   -3.5275E-03   
1.8083E-02   -1.4186E-03   
1.9091E-02   -8.9738E-04   
1.6248E-02   -2.4861E-03   
1.9389E-02   -7.3332E-04   
1.9743E-02   -5.9404E-04   
1.9327E-02   -7.8849E-04   
1.9577E-02   -6.4704E-04   
1.9477E-02   -7.1341E-04   
1.9732E-02   -6.4908E-04   
1.4864E-02   -3.8167E-03   
1.4716E-02   -3.4062E-03   
1.4084E-02   -4.1106E-03   
1.4113E-02   -3.9319E-03   
2.0484E-02   -6.5082E-04   
2.2364E-02   -5.1780E-04   
7.6478E-03   -9.6852E-03   
1.5001E-02   -3.1499E-03   
1.2676E-02   -5.1112E-03   
2.0300E-02   -6.4430E-04   
2.1210E-02   -5.6939E-04   
2.3291E-02   -2.5467E-04   
2.2743E-02   -4.5155E-04   
2.1386E-02   -7.7771E-04   
1.2627E-02   -5.8281E-03   
3.5959E-03   -1.2958E-02   
2.0123E-02   -6.4008E-04   
2.8006E-03   -1.3069E-02   
1.8704E-02   -1.0577E-03   
1.9568E-02   -6.5892E-04   
1.8950E-02   -9.3984E-04   
1.8448E-02   -1.1857E-03   
1.7607E-02   -1.6549E-03   
1.6623E-02   -2.2925E-03   
1.2827E-02   -4.5167E-03   
1.5442E-02   -2.8629E-03   
1.9192E-02   -8.2847E-04   
1.6211E-02   -2.4481E-03   
1.9353E-02   -7.4092E-04   
1.7228E-02   -1.9473E-03   
1.7901E-02   -1.4828E-03   
1.4997E-02   -3.5814E-03   
1.5370E-02   -3.1512E-03   
1.9475E-02   -7.3659E-04   
1.5092E-02   -3.2413E-03   
1.5180E-02   -3.0352E-03   
1.5045E-02   -3.1565E-03   
1.4539E-02   -3.5231E-03   
1.5587E-02   -3.0747E-03   
1.4495E-02   -4.1782E-03   
2.0675E-02   -6.6388E-04   
2.2046E-02   -6.1020E-04   
2.0138E-02   -7.5603E-04   
1.9082E-02   -8.6135E-04   
1.9780E-02   -7.5872E-04   
2.0908E-02   -6.7913E-04   
1.0976E-02   -7.3264E-03   
5.4705E-03   -1.1248E-02   
1.9963E-02   -7.5205E-04   
2.1482E-02   -5.0509E-04   
1.3088E-02   -5.6779E-03   
1.2326E-02   -5.9253E-03   
2.1712E-02   -7.3795E-04   
2.1044E-02   -8.2912E-04   
1.8814E-02   -9.8909E-04   
1.8568E-02   -1.1064E-03   
1.9328E-02   -7.5507E-04   
1.6128E-02   -2.4534E-03   
1.9398E-02   -7.3888E-04   
1.9058E-02   -8.7594E-04   
1.8299E-02   -1.2412E-03   
1.6638E-02   -2.2167E-03   
1.7706E-02   -1.5633E-03   
1.8008E-02   -1.3957E-03   
1.6359E-02   -2.5397E-03   
1.6131E-02   -2.6218E-03   
1.6959E-02   -2.0619E-03   
1.5729E-02   -2.7011E-03   
1.5963E-02   -2.5550E-03   
1.5901E-02   -2.6030E-03   
1.7292E-02   -1.8473E-03   
1.9559E-02   -7.4406E-04   
1.8841E-02   -9.8032E-04   
1.9629E-02   -8.6916E-04   
1.5687E-02   -2.7839E-03   
1.9539E-02   -8.0686E-04   
1.4464E-02   -4.4575E-03   
2.0311E-02   -7.6832E-04   
1.6180E-02   -3.0129E-03   
7.7499E-03   -9.1988E-03   
1.3760E-02   -5.3184E-03   
1.9208E-02   -8.6326E-04   
1.9794E-02   -8.6928E-04   
1.6508E-02   -2.5831E-03   
1.4845E-02   -4.3256E-03   
8.1347E-03   -9.5415E-03   
2.1098E-02   -9.0118E-04   
2.2066E-02   -6.9979E-04   
1.8704E-02   -1.0348E-03   
1.8926E-02   -9.3014E-04   
1.7384E-02   -1.7492E-03   
1.6297E-02   -2.3537E-03   
1.7823E-02   -1.4818E-03   
1.6455E-02   -2.3210E-03   
1.6689E-02   -2.1284E-03   
1.8882E-02   -9.8666E-04   
1.7024E-02   -1.9665E-03   
1.6593E-02   -2.1757E-03   
1.9791E-02   -6.5413E-04   
1.8138E-02   -1.3143E-03   
1.9149E-02   -8.2992E-04   
1.6648E-02   -2.2575E-03   
1.9457E-02   -9.8976E-04   
1.6855E-02   -2.1955E-03   
1.9491E-02   -8.7479E-04   
5.4071E-03   -1.0856E-02   
1.4773E-02   -4.7250E-03   
1.9956E-02   -8.7897E-04   
5.4567E-03   -1.1398E-02   
1.7318E-02   -2.1696E-03   
1.5924E-02   -3.3578E-03   
1.9231E-02   -9.0035E-04   
2.0486E-02   -7.8845E-04   
8.5682E-03   -9.3269E-03   
1.7174E-02   -2.3618E-03   
1.6301E-02   -3.2559E-03   
1.1800E-02   -6.8484E-03   
2.0734E-02   -9.6719E-04   
1.6612E-02   -2.4314E-03   
2.2447E-02   -6.5428E-04   
1.7503E-02   -1.6593E-03   
1.7025E-02   -1.9983E-03   
1.8473E-02   -1.1438E-03   
1.7152E-02   -1.8602E-03   
1.8567E-02   -1.1178E-03   
1.7046E-02   -2.1352E-03   
1.6341E-02   -2.3729E-03   
1.9760E-02   -1.0116E-03   
1.7942E-02   -1.4148E-03   
1.7195E-02   -1.9542E-03   
1.6966E-02   -1.9615E-03   
1.8905E-02   -1.0153E-03   
1.9606E-02   -9.9770E-04   
1.8768E-02   -1.0039E-03   
1.6583E-02   -2.1964E-03   
1.9234E-02   -9.5263E-04   
1.2462E-02   -5.6305E-03   
1.7194E-02   -2.1359E-03   
1.7120E-02   -2.5410E-03   
1.7184E-02   -2.6043E-03   
1.6590E-02   -3.2183E-03   
1.6826E-02   -3.3211E-03   
2.0789E-02   -1.0555E-03   
5.8747E-03   -1.1413E-02   
2.0274E-02   -9.2178E-04   
2.2760E-02   -5.4079E-04   
1.7625E-02   -1.5846E-03   
1.7296E-02   -1.7690E-03   
1.8281E-02   -1.2422E-03   
1.7476E-02   -1.7597E-03   
1.8580E-02   -1.1425E-03   
1.9267E-02   -1.0032E-03   
1.8925E-02   -1.0559E-03   
1.7368E-02   -1.9121E-03   
1.9413E-02   -1.1344E-03   
1.9266E-02   -1.1216E-03   
2.0399E-02   -1.0223E-03   
1.9917E-02   -1.0335E-03   
1.7859E-02   -2.2587E-03   
1.7708E-02   -2.1704E-03   
1.6842E-02   -2.0741E-03   
2.0631E-02   -8.2621E-04   
2.1417E-02   -8.4043E-04   
2.0336E-02   -1.2499E-03   
1.7330E-02   -2.8712E-03   
1.6258E-02   -3.8962E-03   
1.7773E-02   -2.4947E-03   
1.7695E-02   -1.9002E-03   
8.7449E-03   -9.4842E-03   
2.2807E-02   -6.1308E-04   
1.7410E-02   -1.7024E-03   
1.8585E-02   -1.0950E-03   
1.7067E-02   -1.9166E-03   
1.8021E-02   -1.3818E-03   
1.9019E-02   -1.2910E-03   
1.8241E-02   -1.2872E-03   
1.7734E-02   -1.5290E-03   
1.8597E-02   -1.1796E-03   
1.7634E-02   -1.7261E-03   
1.8935E-02   -1.1666E-03   
1.7807E-02   -1.6979E-03   
1.8936E-02   -1.2345E-03   
2.0705E-02   -8.8761E-04   
1.9570E-02   -1.1487E-03   
2.0086E-02   -1.0638E-03   
2.1652E-02   -8.4630E-04   
1.7741E-02   -2.0343E-03   
2.0420E-02   -9.4257E-04   
1.7822E-02   -1.9150E-03   
2.0072E-02   -1.1650E-03   
1.7360E-02   -1.7798E-03   
1.8025E-02   -1.6720E-03   
1.8092E-02   -2.2421E-03   
2.0013E-02   -1.2780E-03   
2.0726E-02   -1.1636E-03   
1.7645E-02   -2.2873E-03   
1.8097E-02   -2.4196E-03   
1.7477E-02   -3.0609E-03   
6.0984E-03   -1.1494E-02   
1.7498E-02   -1.6686E-03   
1.8029E-02   -1.5339E-03   
1.7885E-02   -1.4660E-03   
1.8284E-02   -1.3036E-03   
1.8122E-02   -1.8261E-03   
1.7852E-02   -1.5710E-03   
1.8643E-02   -1.4036E-03   
1.9273E-02   -1.2529E-03   
1.8271E-02   -2.5900E-03   
1.9730E-02   -1.3119E-03   
1.7055E-02   -1.9031E-03   
1.8156E-02   -1.7121E-03   
1.9709E-02   -1.1753E-03   
1.8637E-02   -1.2140E-03   
1.8594E-02   -1.3421E-03   
1.8355E-02   -2.0400E-03   
4.8871E-03   -1.2461E-02   
1.8330E-02   -2.2315E-03   
1.9919E-02   -1.3914E-03   
2.1013E-02   -1.0601E-03   
1.8949E-02   -1.1013E-03   
1.6814E-02   -2.0456E-03   
1.7689E-02   -1.6215E-03   
1.8204E-02   -1.5123E-03   
1.7980E-02   -1.4673E-03   
1.9357E-02   -1.2944E-03   
1.8402E-02   -1.3643E-03   
1.8358E-02   -1.5577E-03   
1.8030E-02   -1.4143E-03   
1.9595E-02   -1.5528E-03   
1.7747E-02   -1.5637E-03   
2.1328E-02   -9.9860E-04   
1.9628E-02   -1.4402E-03   
1.8141E-02   -2.0282E-03   
1.8364E-02   -1.4963E-03   
1.8631E-02   -2.3588E-03   
3.9435E-03   -1.3039E-02   
1.8702E-02   -1.2358E-03   
1.8498E-02   -1.8044E-03   
1.9008E-02   -1.3992E-03   
1.9080E-02   -1.4783E-03   
1.8647E-02   -1.8361E-03   
1.9628E-02   -1.6502E-03   
1.8407E-02   -1.6737E-03   
1.8586E-02   -2.2565E-03   
1.8693E-02   -2.4306E-03   
1.8909E-02   -1.6464E-03   
1.8432E-02   -1.7431E-03   
1.9019E-02   -2.3565E-03   
1.8807E-02   -1.8731E-03   
1.9821E-02   -1.2061E-03   
2.0077E-02   -1.5333E-03   
1.9220E-02   -1.7493E-03   
1.8711E-02   -1.5752E-03   
1.9336E-02   -1.4727E-03   
1.8544E-02   -2.0559E-03   
1.9214E-02   -1.8592E-03   
2.0504E-02   -1.3162E-03   
1.9500E-02   -2.1192E-03   
1.8912E-02   -1.9186E-03   
1.8726E-02   -1.6485E-03   
1.9106E-02   -2.0119E-03   
1.9418E-02   -1.9754E-03   
1.9921E-02   -1.7772E-03   
2.0171E-02   -1.6007E-03   
1.9696E-02   -1.9583E-03   
3.8922E-04   -1.4054E-02   
1.8980E-02   -2.1560E-03   
1.8312E-02   -2.6812E-03   
2.3544E-02   -2.4903E-04   
8.9121E-04   -1.3207E-02   
2.4429E-02   -3.2764E-05   
2.3173E-02   -5.7215E-04   
7.0420E-04   -1.4113E-02   
3.4690E-03   -1.3160E-02   
1.9574E-02   -2.1924E-03   
2.3756E-02   -1.2566E-04   
1.0759E-03   -1.4070E-02   
4.4578E-03   -1.2421E-02   
1.5259E-03   -1.4004E-02   
1.9835E-03   -1.3927E-02   
2.4371E-03   -1.3824E-02   
2.9071E-03   -1.3690E-02   
2.4736E-02   -2.9256E-05   
3.3853E-03   -1.3508E-02   
3.9010E-03   -1.3249E-02   
2.3026E-02   -4.5675E-04   
4.4455E-03   -1.2884E-02   
2.5054E-02   -2.7013E-05   
5.4124E-03   -1.2206E-02   
7.9346E-03   -1.0232E-02   
2.0477E-02   -1.4374E-03   
1.2002E-02   -7.3415E-03   
2.5391E-02   -2.3955E-05   
2.1897E-02   -5.7926E-04   
1.4369E-02   -5.8628E-03   
1.4972E-02   -4.3812E-03   
2.6209E-03   -1.3480E-02   
2.3128E-02   -3.9009E-04   
1.7154E-02   -4.1894E-03   
1.8739E-02   -3.3267E-03   
2.5741E-02   -1.9883E-05   
1.9670E-02   -2.9297E-03   
1.2269E-02   -6.9125E-03   
2.0346E-02   -2.7317E-03   
2.0854E-02   -2.6479E-03   
2.6106E-02   -1.5792E-05   
2.1451E-02   -2.4623E-03   
2.2110E-02   -2.3209E-03   
1.1491E-03   -1.3814E-02   
2.2720E-02   -2.1775E-03   
2.6530E-02   -1.2477E-05   
2.3896E-02   -7.6678E-05   
1.4959E-02   -4.9309E-03   
2.3370E-02   -2.0036E-03   
2.3984E-02   -1.8605E-03   
2.2512E-02   -7.1555E-04   
2.7006E-02   -5.2130E-06   
2.1681E-02   -9.3059E-04   
2.0979E-02   -1.1457E-03   
2.5158E-02   -1.5093E-03   
2.7457E-02   -2.1857E-04   
2.7553E-02   -2.3927E-04   
2.7549E-02   -3.0473E-05   
2.7603E-02   -6.9001E-06   
2.7492E-02   -1.1262E-04   
5.4695E-03   -1.2159E-02   
2.6393E-02   -9.6958E-04   
1.3220E-03   -1.3910E-02   
2.1918E-02   -9.4067E-04   
2.1394E-02   -1.0852E-03   
2.3419E-03   -1.3646E-02   
2.0746E-02   -1.4151E-03   
3.0445E-03   -1.3374E-02   
2.3802E-02   -2.0374E-04   
2.0140E-02   -1.7833E-03   
2.3473E-02   -4.6625E-04   
3.3723E-03   -1.3339E-02   
1.5288E-02   -4.7804E-03   
2.2829E-03   -1.3763E-02   
1.7536E-02   -3.2561E-03   
3.2559E-03   -1.3486E-02   
2.2370E-02   -8.1810E-04   
2.2548E-02   -2.0671E-03   
1.9549E-02   -2.8258E-03   
4.4328E-03   -1.2901E-02   
1.1945E-02   -7.2932E-03   
8.2085E-03   -1.0169E-02   
8.9319E-03   -9.5774E-03   
2.5204E-02   -5.2200E-05   
2.0099E-02   -2.0516E-03   
2.4027E-02   -1.1007E-04   
2.3241E-02   -6.3286E-04   
2.4589E-02   -5.8145E-05   
2.6472E-02   -2.8392E-05   
1.9152E-02   -2.4156E-03   
2.0589E-02   -2.5315E-03   
2.3330E-02   -2.8690E-04   
2.3376E-02   -4.0262E-04   
2.0457E-02   -1.5108E-03   
1.7498E-02   -3.1203E-03   
2.7295E-02   -1.4487E-06   
2.4599E-02   -1.6840E-03   
1.4251E-02   -5.7779E-03   
2.3515E-02   -1.8180E-03   
2.7590E-02   -1.3920E-04   
2.7694E-02   -2.7246E-06   
2.7666E-02   -1.5713E-05   
2.7622E-02   -6.5869E-05   
2.1543E-02   -2.2753E-03   
1.7812E-02   -3.5461E-03   
2.5895E-02   -3.6484E-05   
2.5714E-02   -1.0814E-03   
2.7056E-02   -1.5915E-05   
2.6422E-02   -8.2650E-04   
2.6871E-02   -2.7395E-04   
2.7110E-02   -2.3899E-05   
2.7017E-02   -7.8101E-05   
2.6734E-02   -5.0926E-04   
2.2226E-02   -9.4388E-04   
1.9483E-02   -2.7103E-03   
2.3924E-02   -1.5428E-04   
2.4246E-02   -1.2544E-04   
2.5005E-02   -8.6444E-05   
1.4856E-03   -1.3779E-02   
1.8890E-02   -2.6197E-03   
2.1217E-02   -1.2550E-03   
1.1385E-02   -7.7889E-03   
2.3830E-02   -2.5390E-04   
2.5689E-02   -6.4020E-05   
2.4400E-02   -1.6043E-03   
4.4010E-03   -1.2870E-02   
1.8944E-02   -2.8853E-03   
1.4283E-02   -5.7124E-03   
2.0497E-02   -2.4471E-03   
1.8014E-02   -3.0824E-03   
2.2134E-02   -2.0639E-03   
2.0603E-02   -1.6672E-03   
1.6679E-02   -4.1046E-03   
2.3062E-02   -7.4789E-04   
2.3545E-02   -5.3161E-04   
2.1077E-02   -2.3074E-03   
2.0571E-02   -1.8142E-03   
2.6087E-02   -5.0167E-05   
2.0178E-02   -2.1590E-03   
2.5345E-02   -7.5105E-05   
1.6670E-02   -3.9622E-03   
2.3682E-02   -3.2582E-04   
1.9984E-02   -2.5813E-03   
2.0995E-02   -1.4428E-03   
2.4613E-02   -9.6514E-05   
2.3755E-02   -3.7276E-04   
2.6285E-02   -4.3056E-04   
2.6637E-02   -5.2493E-05   
2.6517E-02   -1.4318E-04   
2.6722E-02   -2.6838E-05   
2.2627E-02   -8.2450E-04   
2.4956E-02   -1.3258E-03   
2.5879E-02   -8.5577E-04   
2.7003E-02   -5.8627E-05   
2.6784E-02   -4.1054E-04   
2.6867E-02   -1.5504E-04   
2.6797E-02   -2.0270E-04   
1.9880E-02   -2.4823E-03   
1.6055E-02   -4.4608E-03   
2.5806E-02   -8.3058E-05   
2.3963E-02   -1.6617E-03   
1.8639E-02   -2.9056E-03   
2.0611E-02   -1.9315E-03   
1.9769E-02   -2.3921E-03   
2.3938E-02   -4.8674E-04   
2.4458E-02   -1.4412E-04   
2.1719E-02   -2.0810E-03   
2.5160E-02   -1.0766E-04   
2.6441E-02   -2.1687E-04   
2.6656E-02   -8.5871E-05   
2.4126E-02   -3.3587E-04   
2.2079E-02   -1.0824E-03   
2.4168E-02   -2.3178E-04   
2.1558E-02   -1.2491E-03   
2.6295E-02   -3.1398E-04   
2.5180E-02   -1.0552E-03   
2.3388E-02   -7.3404E-04   
2.2731E-02   -1.8554E-03   
2.1024E-02   -1.6088E-03   
1.9288E-02   -2.5423E-03   
2.0897E-02   -2.2251E-03   
2.3091E-02   -8.2995E-04   
2.6437E-02   -4.7297E-05   
2.4871E-02   -1.2393E-03   
2.6006E-02   -6.2761E-04   
2.1880E-02   -1.8778E-03   
2.1518E-02   -1.5213E-03   
2.2965E-02   -9.4552E-04   
2.3784E-02   -6.7188E-04   
2.1297E-02   -2.0085E-03   
2.0280E-02   -2.2567E-03   
2.5917E-02   -1.0037E-04   
2.4589E-02   -1.2384E-03   
2.5170E-02   -1.4549E-04   
2.5578E-02   -1.2154E-04   
2.0788E-02   -2.1310E-03   
2.4395E-02   -2.5205E-04   
2.4460E-02   -1.8777E-04   
2.4229E-02   -3.8682E-04   
2.1006E-02   -1.5318E-03   
2.1080E-02   -1.8302E-03   
2.4053E-02   -5.4305E-04   
2.2909E-02   -1.6731E-03   
2.2421E-02   -1.0805E-03   
2.1925E-02   -1.2301E-03   
2.1403E-02   -1.6664E-03   
2.3392E-02   -8.7948E-04   
2.3692E-02   -7.7502E-04   
2.3149E-02   -1.8331E-03   
2.4339E-02   -4.3625E-04   
2.1180E-02   -1.9194E-03   
2.6254E-02   -7.8148E-05   
2.4766E-02   -1.9242E-04   
2.4496E-02   -3.0384E-04   
2.3963E-02   -1.4293E-03   
2.5023E-02   -2.0411E-04   
2.1836E-02   -1.3499E-03   
2.2675E-02   -1.0950E-03   
2.3740E-02   -8.5189E-04   
2.1536E-02   -1.7247E-03   
2.4891E-02   -2.6674E-04   
2.4897E-02   -1.0349E-03   
2.4196E-02   -5.7869E-04   
2.4737E-02   -3.8444E-04   
2.3711E-02   -1.6400E-03   
2.5729E-02   -1.3949E-04   
2.2079E-02   -1.3688E-03   
2.2597E-02   -1.2096E-03   
2.6391E-02   -9.1906E-05   
2.4546E-02   -5.3110E-04   
2.5934E-02   -1.5212E-04   
2.2029E-02   -1.6016E-03   
2.4937E-02   -3.1242E-04   
2.5513E-02   -1.9066E-04   
2.4854E-02   -4.2291E-04   
2.2991E-02   -1.1839E-03   
2.5207E-02   -2.1573E-04   
2.3517E-02   -1.0170E-03   
2.4293E-02   -7.3834E-04   
2.5211E-02   -3.1658E-04   
2.4432E-02   -8.1259E-04   
2.2153E-02   -1.6774E-03   
2.3883E-02   -1.0004E-03   
2.2424E-02   -1.3845E-03   
2.3354E-02   -1.1719E-03   
2.5586E-02   -2.2331E-04   
2.6318E-02   -1.3529E-04   
2.4723E-02   -8.1854E-04   
2.4274E-02   -9.6929E-04   
2.5676E-02   -2.5667E-04   
2.2539E-02   -1.4917E-03   
2.3111E-02   -1.3583E-03   
2.5453E-02   -3.2399E-04   
2.5193E-02   -7.2682E-04   
2.4189E-02   -1.1117E-03   
2.6081E-02   -2.0170E-04   
2.5412E-02   -3.8027E-04   
2.5127E-02   -8.5739E-04   
2.6247E-02   -2.1759E-04   
2.4639E-02   -1.0254E-03   
2.4973E-02   -4.6302E-04   
2.4661E-02   -5.8550E-04   
2.4828E-02   -6.3320E-04   
2.5351E-02   -5.2030E-04   
