51 
1844 
1.5451E+00   4.7553E+00   
2.9389E+00   4.0451E+00   
4.0451E+00   2.9389E+00   
4.7553E+00   1.5451E+00   
0.0000E+00   5.0000E+00   
5.0000E+00   0.0000E+00   
7.0017E+00   0.0000E+00   
9.0933E+00   0.0000E+00   
1.1664E+01   0.0000E+00   
1.3481E+01   0.0000E+00   
1.5538E+01   0.0000E+00   
1.7866E+01   0.0000E+00   
1.9586E+01   0.0000E+00   
2.2447E+01   0.0000E+00   
2.4561E+01   0.0000E+00   
2.6857E+01   0.0000E+00   
2.8078E+01   0.0000E+00   
3.0677E+01   0.0000E+00   
3.3499E+01   0.0000E+00   
3.5000E+01   0.0000E+00   
3.5000E+01   1.4706E+00   
3.5000E+01   4.4118E+00   
3.5000E+01   5.8824E+00   
3.5000E+01   8.8235E+00   
3.5000E+01   1.0294E+01   
3.5000E+01   1.1765E+01   
3.5000E+01   1.4706E+01   
3.5000E+01   1.6176E+01   
3.5000E+01   1.9118E+01   
3.5000E+01   2.0588E+01   
3.5000E+01   2.3529E+01   
3.5000E+01   2.5000E+01   
3.3533E+01   2.5000E+01   
3.0661E+01   2.5000E+01   
2.9256E+01   2.5000E+01   
2.7871E+01   2.5000E+01   
2.5161E+01   2.5000E+01   
2.3835E+01   2.5000E+01   
2.1240E+01   2.5000E+01   
1.9971E+01   2.5000E+01   
1.7486E+01   2.5000E+01   
1.5073E+01   2.5000E+01   
1.3892E+01   2.5000E+01   
1.1581E+01   2.5000E+01   
9.3356E+00   2.5000E+01   
8.2372E+00   2.5000E+01   
6.0876E+00   2.5000E+01   
3.9994E+00   2.5000E+01   
1.9707E+00   2.5000E+01   
0.0000E+00   2.5000E+01   
0.0000E+00   2.3039E+01   
0.0000E+00   2.1234E+01   
0.0000E+00   1.8790E+01   
0.0000E+00   1.7322E+01   
0.0000E+00   1.4724E+01   
0.0000E+00   1.3039E+01   
0.0000E+00   1.1093E+01   
0.0000E+00   9.0711E+00   
0.0000E+00   7.1364E+00   
2.0597E+00   6.2951E+00   
3.3204E+01   6.6523E+00   
3.1361E+01   6.4018E+00   
2.8751E+01   6.1170E+00   
2.6672E+01   6.1460E+00   
2.4737E+01   6.5636E+00   
2.2526E+01   6.3596E+00   
2.0698E+01   6.0488E+00   
1.8569E+01   6.2750E+00   
1.6439E+01   6.2854E+00   
1.4354E+01   6.2869E+00   
1.2304E+01   6.2021E+00   
1.0243E+01   6.1060E+00   
8.3398E+00   6.1187E+00   
6.0986E+00   6.2213E+00   
4.0801E+00   6.2970E+00   
4.0267E+00   4.1081E+00   
6.1534E+00   4.1848E+00   
8.1660E+00   4.1487E+00   
1.0306E+01   4.1793E+00   
1.2417E+01   4.2363E+00   
1.4419E+01   4.3240E+00   
1.6583E+01   4.1362E+00   
1.8618E+01   4.0500E+00   
2.0500E+01   3.9335E+00   
2.2509E+01   4.3865E+00   
2.4615E+01   4.1082E+00   
2.6688E+01   4.0508E+00   
2.8764E+01   4.3956E+00   
3.0975E+01   4.1671E+00   
3.2943E+01   3.7323E+00   
6.2038E+00   2.1012E+00   
8.2373E+00   2.0693E+00   
1.0185E+01   2.1049E+00   
1.2388E+01   2.0140E+00   
1.4305E+01   1.9498E+00   
1.6541E+01   2.0170E+00   
1.8451E+01   2.1221E+00   
2.0299E+01   2.2020E+00   
2.2622E+01   1.9968E+00   
2.4571E+01   1.8830E+00   
2.6799E+01   2.0430E+00   
2.9012E+01   2.0723E+00   
3.1213E+01   2.2650E+00   
3.3267E+01   1.9136E+00   
3.2899E+01   8.1158E+00   
3.0956E+01   8.3320E+00   
2.8655E+01   8.5195E+00   
2.6525E+01   7.9836E+00   
2.4807E+01   8.4449E+00   
2.2621E+01   8.3554E+00   
2.0508E+01   8.3237E+00   
1.8529E+01   8.2531E+00   
1.6552E+01   8.3246E+00   
1.4732E+01   8.3429E+00   
1.2507E+01   8.3873E+00   
1.0279E+01   8.4384E+00   
8.2350E+00   8.4288E+00   
6.2004E+00   8.3188E+00   
4.0869E+00   8.3144E+00   
2.0530E+00   8.3266E+00   
3.2822E+01   1.0534E+01   
3.1211E+01   1.0485E+01   
2.8543E+01   1.0539E+01   
2.6842E+01   1.0546E+01   
2.4836E+01   1.0405E+01   
2.2522E+01   1.0557E+01   
2.0447E+01   1.0289E+01   
1.8498E+01   1.0200E+01   
1.6321E+01   1.0336E+01   
1.4380E+01   1.0533E+01   
1.2376E+01   1.0623E+01   
1.0269E+01   1.0385E+01   
8.2446E+00   1.0591E+01   
6.2288E+00   1.0372E+01   
4.1227E+00   1.0390E+01   
2.0089E+00   1.0454E+01   
3.3455E+01   1.2349E+01   
3.0604E+01   1.2409E+01   
2.9026E+01   1.2243E+01   
2.7186E+01   1.2415E+01   
2.4491E+01   1.2424E+01   
2.2629E+01   1.2491E+01   
2.0688E+01   1.2364E+01   
1.8491E+01   1.2457E+01   
1.6555E+01   1.2613E+01   
1.4450E+01   1.2463E+01   
1.2547E+01   1.2418E+01   
1.0211E+01   1.2226E+01   
8.1399E+00   1.2636E+01   
6.0972E+00   1.2350E+01   
4.2258E+00   1.2555E+01   
2.1113E+00   1.2568E+01   
3.2579E+01   1.4118E+01   
3.0976E+01   1.4398E+01   
2.9101E+01   1.4547E+01   
2.7276E+01   1.4692E+01   
2.4655E+01   1.4615E+01   
2.2559E+01   1.4381E+01   
2.0557E+01   1.4659E+01   
1.8665E+01   1.4870E+01   
1.6319E+01   1.4524E+01   
1.4459E+01   1.4286E+01   
1.2715E+01   1.4581E+01   
1.0381E+01   1.4673E+01   
8.1163E+00   1.4708E+01   
6.1198E+00   1.4636E+01   
3.9646E+00   1.4612E+01   
2.0899E+00   1.4617E+01   
3.3155E+01   1.7093E+01   
3.1051E+01   1.7004E+01   
2.9353E+01   1.6612E+01   
2.6833E+01   1.6755E+01   
2.4700E+01   1.7052E+01   
2.2724E+01   1.6788E+01   
2.0356E+01   1.6820E+01   
1.8603E+01   1.6876E+01   
1.6270E+01   1.6553E+01   
1.4305E+01   1.6471E+01   
1.2125E+01   1.6468E+01   
1.0378E+01   1.6569E+01   
8.2675E+00   1.6653E+01   
6.1408E+00   1.6598E+01   
4.0519E+00   1.6649E+01   
1.9206E+00   1.6735E+01   
3.2914E+01   1.8528E+01   
3.0682E+01   1.8383E+01   
2.9179E+01   1.8265E+01   
2.6414E+01   1.8741E+01   
2.4725E+01   1.8828E+01   
2.2837E+01   1.9044E+01   
2.0669E+01   1.8788E+01   
1.8545E+01   1.8818E+01   
1.6208E+01   1.8894E+01   
1.4232E+01   1.8788E+01   
1.2294E+01   1.8634E+01   
1.0310E+01   1.8653E+01   
8.1461E+00   1.8928E+01   
6.2301E+00   1.8694E+01   
4.0646E+00   1.8790E+01   
2.0277E+00   1.8792E+01   
3.3216E+01   2.1276E+01   
3.1425E+01   2.0861E+01   
2.9067E+01   2.0625E+01   
2.7137E+01   2.1120E+01   
2.4791E+01   2.0549E+01   
2.2633E+01   2.0553E+01   
2.0611E+01   2.0726E+01   
1.8567E+01   2.0834E+01   
1.6517E+01   2.0915E+01   
1.4181E+01   2.0603E+01   
1.2259E+01   2.1108E+01   
1.0080E+01   2.0802E+01   
8.1240E+00   2.0594E+01   
6.1069E+00   2.0692E+01   
3.9968E+00   2.0871E+01   
2.2242E+00   2.0749E+01   
3.3015E+01   2.3139E+01   
3.1141E+01   2.3488E+01   
2.9288E+01   2.2875E+01   
2.6584E+01   2.2936E+01   
2.4886E+01   2.2890E+01   
2.2534E+01   2.2934E+01   
2.0523E+01   2.3135E+01   
1.8616E+01   2.2827E+01   
1.6394E+01   2.2778E+01   
1.4380E+01   2.3149E+01   
1.2571E+01   2.2953E+01   
1.0413E+01   2.2973E+01   
8.1414E+00   2.2927E+01   
6.0705E+00   2.2822E+01   
4.0740E+00   2.2850E+01   
1.8466E+00   2.3187E+01   
1.9630E-01   4.9961E+00   
3.9230E-01   4.9846E+00   
5.8769E-01   4.9653E+00   
7.8217E-01   4.9384E+00   
9.7545E-01   4.9039E+00   
1.1672E+00   4.8618E+00   
1.3572E+00   4.8123E+00   
1.7306E+00   4.6910E+00   
1.9134E+00   4.6194E+00   
2.0933E+00   4.5407E+00   
2.2700E+00   4.4550E+00   
2.4431E+00   4.3625E+00   
2.6125E+00   4.2632E+00   
2.7779E+00   4.1573E+00   
3.0955E+00   3.9266E+00   
3.2472E+00   3.8020E+00   
3.3940E+00   3.6716E+00   
3.5355E+00   3.5355E+00   
3.6716E+00   3.3940E+00   
3.8020E+00   3.2472E+00   
3.9266E+00   3.0955E+00   
4.1573E+00   2.7779E+00   
4.2632E+00   2.6125E+00   
4.3625E+00   2.4431E+00   
4.4550E+00   2.2700E+00   
4.5407E+00   2.0933E+00   
4.6194E+00   1.9134E+00   
4.6910E+00   1.7306E+00   
4.8123E+00   1.3572E+00   
4.8618E+00   1.1672E+00   
4.9039E+00   9.7545E-01   
4.9384E+00   7.8217E-01   
4.9653E+00   5.8769E-01   
4.9846E+00   3.9230E-01   
4.9961E+00   1.9630E-01   
5.3002E+00   0.0000E+00   
5.6130E+00   0.0000E+00   
5.9390E+00   0.0000E+00   
6.2787E+00   0.0000E+00   
6.6328E+00   0.0000E+00   
7.3863E+00   0.0000E+00   
7.7870E+00   0.0000E+00   
8.2046E+00   0.0000E+00   
8.6397E+00   0.0000E+00   
9.5659E+00   0.0000E+00   
1.0058E+01   0.0000E+00   
1.0572E+01   0.0000E+00   
1.1107E+01   0.0000E+00   
1.2245E+01   0.0000E+00   
1.2850E+01   0.0000E+00   
1.4139E+01   0.0000E+00   
1.4824E+01   0.0000E+00   
1.6282E+01   0.0000E+00   
1.7058E+01   0.0000E+00   
1.8708E+01   0.0000E+00   
2.0501E+01   0.0000E+00   
2.1454E+01   0.0000E+00   
2.3482E+01   0.0000E+00   
2.5686E+01   0.0000E+00   
2.9351E+01   0.0000E+00   
3.2059E+01   0.0000E+00   
3.5000E+01   2.9412E+00   
3.5000E+01   7.3529E+00   
3.5000E+01   1.3235E+01   
3.5000E+01   1.7647E+01   
3.5000E+01   2.2059E+01   
3.2086E+01   2.5000E+01   
2.6506E+01   2.5000E+01   
2.2528E+01   2.5000E+01   
1.8720E+01   2.5000E+01   
1.6271E+01   2.5000E+01   
1.2728E+01   2.5000E+01   
1.0450E+01   2.5000E+01   
7.1547E+00   2.5000E+01   
5.0359E+00   2.5000E+01   
2.9777E+00   2.5000E+01   
9.7823E-01   2.5000E+01   
0.0000E+00   2.3999E+01   
0.0000E+00   2.2118E+01   
0.0000E+00   2.0386E+01   
0.0000E+00   1.9572E+01   
0.0000E+00   1.8041E+01   
0.0000E+00   1.6631E+01   
0.0000E+00   1.5969E+01   
0.0000E+00   1.5334E+01   
0.0000E+00   1.4139E+01   
0.0000E+00   1.3577E+01   
0.0000E+00   1.2522E+01   
0.0000E+00   1.2025E+01   
0.0000E+00   1.1549E+01   
0.0000E+00   1.0654E+01   
0.0000E+00   1.0234E+01   
0.0000E+00   9.8300E+00   
0.0000E+00   9.4427E+00   
0.0000E+00   8.7145E+00   
0.0000E+00   8.3723E+00   
0.0000E+00   8.0439E+00   
0.0000E+00   7.7288E+00   
0.0000E+00   7.4265E+00   
0.0000E+00   6.8580E+00   
0.0000E+00   6.5908E+00   
0.0000E+00   6.3345E+00   
0.0000E+00   6.0885E+00   
0.0000E+00   5.8525E+00   
0.0000E+00   5.6260E+00   
0.0000E+00   5.4087E+00   
0.0000E+00   5.2001E+00   
2.2547E+00   4.6486E+00   
3.4312E+00   3.8618E+00   
3.8620E+00   3.4352E+00   
2.6126E+00   4.4575E+00   
4.8125E+00   1.8836E+00   
1.6927E+00   4.8813E+00   
7.0433E-01   5.1225E+00   
4.5578E+00   2.4362E+00   
5.0516E+00   1.1082E+00   
4.2392E+00   2.9548E+00   
2.9542E+00   4.2385E+00   
4.9460E+00   1.5005E+00   
3.1180E+00   4.1188E+00   
1.4998E+00   4.9440E+00   
4.1193E+00   3.1187E+00   
4.6499E+00   2.2554E+00   
5.2025E+00   3.2445E-01   
2.7309E-01   5.1724E+00   
1.3046E+00   4.9992E+00   
3.5804E+00   3.7259E+00   
3.7245E+00   3.5855E+00   
4.8829E+00   1.6933E+00   
9.0726E-01   5.0880E+00   
5.0944E+00   9.0567E-01   
4.9339E-01   5.1547E+00   
1.1072E+00   5.0470E+00   
4.7348E+00   2.0710E+00   
5.0024E+00   1.3056E+00   
1.8830E+00   4.8109E+00   
4.4585E+00   2.6132E+00   
4.3522E+00   2.7861E+00   
2.7855E+00   4.3512E+00   
2.0704E+00   4.7333E+00   
2.4354E+00   4.5565E+00   
3.2770E+00   3.9930E+00   
3.9935E+00   3.2794E+00   
1.9960E-01   5.7344E+00   
2.0815E-01   5.9668E+00   
2.1581E-01   6.2091E+00   
2.2299E-01   6.4614E+00   
2.3091E-01   6.7240E+00   
2.4030E-01   6.9970E+00   
2.5065E-01   7.2813E+00   
2.6158E-01   7.5776E+00   
2.7293E-01   7.8863E+00   
5.7841E+00   2.7053E-01   
2.8466E-01   8.2080E+00   
6.1077E+00   2.7991E-01   
2.9685E-01   8.5433E+00   
6.4528E+00   2.9514E-01   
3.0957E-01   8.8927E+00   
6.8158E+00   3.1028E-01   
3.2286E-01   9.2568E+00   
7.1934E+00   3.2569E-01   
3.3668E-01   9.6362E+00   
7.5864E+00   3.4130E-01   
3.5104E-01   1.0032E+01   
7.9957E+00   3.5713E-01   
3.6598E-01   1.0444E+01   
8.4221E+00   3.7337E-01   
3.8155E-01   1.0873E+01   
8.8664E+00   3.9018E-01   
3.9777E-01   1.1321E+01   
9.3295E+00   4.0758E-01   
4.1419E-01   1.1787E+01   
9.8126E+00   4.2528E-01   
4.3062E-01   1.2271E+01   
1.0317E+01   4.4319E-01   
4.4842E-01   1.2777E+01   
1.0842E+01   4.6249E-01   
4.6828E-01   1.3306E+01   
1.1389E+01   4.8377E-01   
4.8898E-01   1.3857E+01   
1.1959E+01   5.0226E-01   
5.1001E-01   1.4430E+01   
1.2549E+01   5.2051E-01   
5.3138E-01   1.5026E+01   
1.3160E+01   5.4534E-01   
5.5253E-01   1.5643E+01   
1.3796E+01   5.7616E-01   
5.7973E-01   1.6281E+01   
1.4462E+01   6.0516E-01   
6.1197E-01   1.6947E+01   
1.5160E+01   6.2447E-01   
6.3192E-01   1.7647E+01   
1.5888E+01   6.4538E-01   
6.5272E-01   1.8371E+01   
1.6655E+01   6.7308E-01   
7.0533E-01   1.9136E+01   
1.7461E+01   6.8941E-01   
7.4134E-01   1.9956E+01   
1.8281E+01   6.8346E-01   
7.5581E-01   2.0808E+01   
1.9123E+01   7.1609E-01   
7.9712E-01   2.1690E+01   
2.0015E+01   7.5062E-01   
8.6118E-01   2.2640E+01   
2.9654E+00   4.4375E+00   
4.4396E+00   2.9674E+00   
4.8507E+00   2.2362E+00   
2.2345E+00   4.8472E+00   
5.3421E+00   5.6040E-01   
6.1803E-01   5.3164E+00   
3.7749E+00   3.7883E+00   
5.2534E+00   1.0447E+00   
1.0394E+00   5.2404E+00   
1.6495E+00   5.0762E+00   
1.4491E+00   5.1372E+00   
4.1919E+00   3.3091E+00   
3.3036E+00   4.1900E+00   
5.0810E+00   1.6513E+00   
5.1440E+00   1.4520E+00   
3.4644E+00   4.0584E+00   
4.0600E+00   3.4767E+00   
4.9347E+00   2.0440E+00   
4.7591E+00   2.4249E+00   
2.4231E+00   4.7558E+00   
1.8473E+00   5.0071E+00   
3.8415E-01   5.3699E+00   
2.6080E+00   4.6571E+00   
3.6209E+00   3.9262E+00   
3.9218E+00   3.6385E+00   
5.0114E+00   1.8490E+00   
5.2016E+00   1.2508E+00   
2.7888E+00   4.5507E+00   
4.5534E+00   2.7908E+00   
1.2458E+00   5.1920E+00   
2.0423E+00   4.9306E+00   
4.6599E+00   2.6098E+00   
5.3029E+00   8.2484E-01   
8.2898E-01   5.2823E+00   
4.3187E+00   3.1400E+00   
3.1369E+00   4.3167E+00   
1.9109E-01   5.5131E+00   
4.1579E-01   5.8328E+00   
4.3104E-01   6.0704E+00   
4.4343E-01   6.3207E+00   
4.5503E-01   6.5820E+00   
4.7085E-01   6.8512E+00   
4.9014E-01   7.1299E+00   
5.1138E-01   7.4199E+00   
5.4798E+00   2.7960E-01   
5.3375E-01   7.7221E+00   
5.5694E-01   8.0370E+00   
5.9306E+00   5.3359E-01   
5.8098E-01   8.3651E+00   
6.2582E+00   5.7060E-01   
6.0600E-01   8.7070E+00   
6.6186E+00   6.0007E-01   
6.3212E-01   9.0632E+00   
6.9911E+00   6.3058E-01   
6.5933E-01   9.4344E+00   
7.3770E+00   6.6215E-01   
6.8727E-01   9.8210E+00   
7.7779E+00   6.9388E-01   
7.1793E-01   1.0223E+01   
8.1951E+00   7.2557E-01   
7.5134E-01   1.0642E+01   
8.6297E+00   7.5868E-01   
7.8308E-01   1.1080E+01   
9.0833E+00   7.9427E-01   
8.1269E-01   1.1536E+01   
9.5588E+00   8.3006E-01   
8.4290E-01   1.2007E+01   
1.0056E+01   8.6526E-01   
8.7626E-01   1.2499E+01   
1.0572E+01   9.0445E-01   
9.1411E-01   1.3014E+01   
1.1110E+01   9.4803E-01   
9.5546E-01   1.3554E+01   
1.1675E+01   9.8265E-01   
9.9828E-01   1.4118E+01   
1.2247E+01   1.0022E+00   
1.0410E+00   1.4705E+01   
1.2825E+01   1.0522E+00   
1.0778E+00   1.5311E+01   
1.3433E+01   1.1086E+00   
1.1070E+00   1.5922E+01   
1.4074E+01   1.1826E+00   
1.1820E+00   1.6545E+01   
1.4757E+01   1.2335E+00   
1.2527E+00   1.7231E+01   
1.5469E+01   1.2550E+00   
1.2621E+00   1.7947E+01   
1.6217E+01   1.3152E+00   
1.3297E+00   1.8655E+01   
1.7028E+01   1.3615E+00   
1.5318E+00   1.9465E+01   
1.7880E+01   1.3740E+00   
1.4941E+00   2.0364E+01   
1.8645E+01   1.2936E+00   
1.5421E+00   2.1216E+01   
1.9481E+01   1.5817E+00   
1.6484E+00   2.2113E+01   
2.0950E+01   8.1724E-01   
3.9783E+00   3.8530E+00   
4.1275E+00   3.6825E+00   
3.4929E+00   4.2580E+00   
4.2640E+00   3.5092E+00   
3.3260E+00   4.3918E+00   
1.6006E+00   5.2760E+00   
1.8060E+00   5.2078E+00   
2.0087E+00   5.1325E+00   
2.2087E+00   5.0500E+00   
2.4054E+00   4.9599E+00   
1.3913E+00   5.3404E+00   
2.5984E+00   4.8619E+00   
3.1518E+00   4.5203E+00   
4.3964E+00   3.3341E+00   
2.7875E+00   4.7559E+00   
2.9720E+00   4.6416E+00   
1.1752E+00   5.4027E+00   
4.5245E+00   3.1569E+00   
5.2170E+00   1.8092E+00   
5.2866E+00   1.6044E+00   
5.3505E+00   1.4007E+00   
5.1406E+00   2.0122E+00   
9.5497E-01   5.4523E+00   
4.6464E+00   2.9761E+00   
5.0572E+00   2.2121E+00   
4.8678E+00   2.6021E+00   
4.7608E+00   2.7912E+00   
4.9662E+00   2.4088E+00   
7.3938E-01   5.4837E+00   
5.5234E-01   5.4931E+00   
5.4134E+00   1.1966E+00   
5.4779E+00   9.8316E-01   
5.5418E+00   7.5553E-01   
3.9493E-01   5.6054E+00   
6.6936E-01   6.1612E+00   
6.7606E-01   6.4305E+00   
6.9322E-01   6.6987E+00   
7.1878E-01   6.9726E+00   
7.4910E-01   7.2564E+00   
7.8196E-01   7.5518E+00   
5.6413E+00   5.1935E-01   
8.1634E-01   7.8597E+00   
8.5197E-01   8.1804E+00   
6.0294E+00   8.3555E-01   
8.8896E-01   8.5145E+00   
6.4085E+00   8.7000E-01   
9.2750E-01   8.8625E+00   
6.7776E+00   9.1317E-01   
9.6768E-01   9.2252E+00   
7.1578E+00   9.5980E-01   
1.0084E+00   9.6017E+00   
7.5523E+00   1.0085E+00   
1.0537E+00   9.9889E+00   
7.9624E+00   1.0551E+00   
1.1133E+00   1.0393E+01   
8.3856E+00   1.1019E+00   
1.1634E+00   1.0825E+01   
8.8258E+00   1.1566E+00   
1.1990E+00   1.1274E+01   
9.2939E+00   1.2123E+00   
1.2404E+00   1.1733E+01   
9.7852E+00   1.2634E+00   
1.2830E+00   1.2210E+01   
1.0290E+01   1.3213E+00   
1.3346E+00   1.2706E+01   
1.0818E+01   1.3905E+00   
1.3997E+00   1.3229E+01   
1.1383E+01   1.4506E+00   
1.4665E+00   1.3785E+01   
1.1977E+01   1.4814E+00   
1.5313E+00   1.4367E+01   
1.2498E+01   1.4443E+00   
1.5881E+00   1.4976E+01   
1.3057E+01   1.6622E+00   
1.6151E+00   1.5598E+01   
1.5948E+00   1.6153E+01   
1.8950E+00   1.7579E+01   
1.5733E+01   1.9199E+00   
2.1771E+00   1.9988E+01   
2.3287E+00   2.1557E+01   
1.7416E+01   2.0779E+00   
2.1972E+01   9.2573E-01   
5.5659E+00   1.3544E+00   
5.6474E+00   1.1498E+00   
5.7287E+00   9.2496E-01   
3.8146E+00   4.1792E+00   
3.6835E+00   4.3153E+00   
1.5465E+00   5.4944E+00   
1.3222E+00   5.5730E+00   
2.3820E+00   5.1685E+00   
1.7612E+00   5.4188E+00   
2.5833E+00   5.0715E+00   
1.9710E+00   5.3406E+00   
3.5204E+00   4.4601E+00   
4.4704E+00   3.5335E+00   
2.1776E+00   5.2575E+00   
5.3543E+00   1.9733E+00   
5.2704E+00   2.1824E+00   
2.7809E+00   4.9660E+00   
2.9741E+00   4.8518E+00   
4.9751E+00   2.7871E+00   
5.0814E+00   2.5894E+00   
5.4321E+00   1.7600E+00   
1.0813E+00   5.6454E+00   
5.4980E+00   1.5526E+00   
3.3450E+00   4.5985E+00   
4.8598E+00   2.9805E+00   
3.1622E+00   4.7288E+00   
5.1795E+00   2.3877E+00   
4.6058E+00   3.3538E+00   
4.7361E+00   3.1694E+00   
8.9415E-01   6.2774E+00   
9.0633E-01   6.5440E+00   
9.3618E-01   6.8112E+00   
9.7430E-01   7.0878E+00   
1.0169E+00   7.3759E+00   
1.0622E+00   7.6765E+00   
1.1094E+00   7.9897E+00   
1.1581E+00   8.3158E+00   
5.7744E+00   7.1380E-01   
6.2064E+00   1.1232E+00   
1.2086E+00   8.6554E+00   
6.5542E+00   1.1773E+00   
1.2612E+00   9.0092E+00   
6.9297E+00   1.2337E+00   
1.3150E+00   9.3754E+00   
7.3181E+00   1.2988E+00   
1.3700E+00   9.7488E+00   
7.7262E+00   1.3688E+00   
1.4332E+00   1.0127E+01   
8.1417E+00   1.4204E+00   
1.5640E+00   1.0545E+01   
8.5564E+00   1.4882E+00   
1.5724E+00   1.1009E+01   
9.0098E+00   1.5748E+00   
1.6257E+00   1.1455E+01   
9.5044E+00   1.6413E+00   
1.6778E+00   1.1926E+01   
9.9992E+00   1.7023E+00   
1.8101E+00   1.2887E+01   
2.1441E+00   1.5971E+01   
1.1054E+01   1.9103E+00   
1.9187E+00   1.3423E+01   
2.0058E+00   1.4007E+01   
2.1647E+00   1.5277E+01   
1.3686E+01   1.6065E+00   
1.5072E+01   1.7722E+00   
1.6003E+01   2.6367E+00   
1.1671E+01   1.9776E+00   
3.0488E+00   2.1040E+01   
1.6859E+01   2.7417E+00   
2.2548E+00   1.9371E+01   
1.3011E+01   2.2608E+00   
2.6067E+00   1.7254E+01   
5.9072E+00   1.1127E+00   
5.7993E+00   1.3361E+00   
5.6945E+00   1.5051E+00   
4.3969E+00   3.8811E+00   
4.2000E+00   3.8912E+00   
4.5336E+00   3.7329E+00   
3.7237E+00   4.5150E+00   
5.5788E+00   1.9258E+00   
1.7191E+00   5.6487E+00   
5.6618E+00   1.7000E+00   
1.4916E+00   5.7452E+00   
1.2429E+00   5.8310E+00   
1.9349E+00   5.5586E+00   
2.5624E+00   5.2858E+00   
2.3532E+00   5.3813E+00   
3.5458E+00   4.6698E+00   
2.1448E+00   5.4705E+00   
2.7686E+00   5.1811E+00   
4.6801E+00   3.5567E+00   
5.1955E+00   2.7782E+00   
5.4912E+00   2.1469E+00   
2.9708E+00   5.0673E+00   
5.3013E+00   2.5716E+00   
5.3993E+00   2.3613E+00   
5.0799E+00   2.9805E+00   
3.1681E+00   4.9440E+00   
3.3598E+00   4.8113E+00   
4.9549E+00   3.1781E+00   
4.8210E+00   3.3705E+00   
7.6242E-01   5.8063E+00   
1.1018E+00   6.3968E+00   
1.1394E+00   6.6490E+00   
1.1858E+00   6.9158E+00   
1.2378E+00   7.1955E+00   
1.2937E+00   7.4880E+00   
1.3523E+00   7.7933E+00   
1.4128E+00   8.1114E+00   
1.4751E+00   8.4424E+00   
6.3086E+00   1.4427E+00   
1.5399E+00   8.7871E+00   
6.6994E+00   1.4872E+00   
1.6072E+00   9.1436E+00   
1.6733E+00   9.5113E+00   
7.0760E+00   1.5610E+00   
7.4693E+00   1.6512E+00   
1.7277E+00   9.8839E+00   
7.9092E+00   1.7714E+00   
1.8927E+00   1.0794E+01   
8.6781E+00   1.9361E+00   
1.9925E+00   1.1167E+01   
9.7268E+00   2.0794E+00   
9.2116E+00   2.0084E+00   
2.0838E+00   1.1644E+01   
2.3723E+00   1.2998E+01   
1.7228E+00   1.2405E+01   
2.4735E+00   1.3625E+01   
2.5881E+00   1.4230E+01   
2.7915E+00   1.9680E+01   
2.7238E+00   1.8958E+01   
2.7127E+00   1.4874E+01   
1.1302E+01   2.4592E+00   
1.3568E+01   2.1181E+00   
1.2616E+01   2.6787E+00   
1.5094E+01   2.4871E+00   
1.1941E+01   2.5489E+00   
1.0500E+01   1.8009E+00   
2.8678E+00   1.5627E+01   
2.5187E+00   1.8142E+01   
2.7177E+00   1.6449E+01   
1.7731E+01   2.8461E+00   
2.9566E+00   2.1833E+01   
2.7289E+00   2.0323E+01   
1.6300E+01   3.3715E+00   
4.3298E+00   4.1080E+00   
6.0342E+00   1.3202E+00   
5.8233E+00   1.8784E+00   
1.9083E+00   5.7901E+00   
5.7227E+00   2.1123E+00   
1.6881E+00   5.9012E+00   
1.1922E+00   6.0465E+00   
3.7575E+00   4.7324E+00   
2.5360E+00   5.5041E+00   
2.3223E+00   5.5986E+00   
2.1133E+00   5.6874E+00   
4.7414E+00   3.7677E+00   
2.7503E+00   5.4008E+00   
5.4221E+00   2.7643E+00   
2.9615E+00   5.2879E+00   
5.5277E+00   2.5500E+00   
5.6270E+00   2.3338E+00   
5.3067E+00   2.9756E+00   
3.1684E+00   5.1647E+00   
3.5661E+00   4.8881E+00   
4.8987E+00   3.5798E+00   
5.1808E+00   3.1826E+00   
3.3698E+00   5.0309E+00   
5.0443E+00   3.3842E+00   
1.2729E+00   6.2402E+00   
1.3298E+00   6.4813E+00   
4.1265E+00   4.3505E+00   
1.3858E+00   6.7398E+00   
3.9433E+00   4.5546E+00   
1.4453E+00   7.0111E+00   
1.5105E+00   7.2949E+00   
1.5800E+00   7.5917E+00   
1.6523E+00   7.9015E+00   
1.7268E+00   8.2239E+00   
1.8039E+00   8.5591E+00   
2.3281E+00   1.0805E+01   
6.5024E+00   1.7203E+00   
1.8841E+00   8.9064E+00   
1.9678E+00   9.2700E+00   
6.8370E+00   1.7941E+00   
2.0504E+00   9.6595E+00   
7.1984E+00   1.8935E+00   
7.5733E+00   2.0097E+00   
1.7624E+00   1.0213E+01   
8.9239E+00   2.3645E+00   
2.4661E+00   1.1318E+01   
2.5286E+00   1.2445E+01   
1.3456E+01   2.8168E+00   
1.2152E+01   3.1441E+00   
1.0030E+01   2.5630E+00   
3.0597E+00   1.3821E+01   
9.4324E+00   2.4588E+00   
3.2271E+00   1.4427E+01   
2.1251E+00   1.2143E+01   
3.3847E+00   2.0168E+01   
3.3675E+00   1.5062E+01   
1.4277E+01   2.7205E+00   
3.3385E+00   1.6945E+01   
3.2617E+00   1.7726E+01   
1.0646E+01   2.3737E+00   
3.4295E+00   1.9314E+01   
2.9242E+00   1.3251E+01   
1.1540E+01   3.0211E+00   
1.7158E+01   3.4914E+00   
1.5476E+01   3.2356E+00   
6.0829E+00   1.8770E+00   
5.9644E+00   2.0965E+00   
5.9540E+00   1.5949E+00   
1.6665E+00   6.1296E+00   
2.0867E+00   5.8866E+00   
4.7909E+00   3.9925E+00   
2.5046E+00   5.7281E+00   
5.8596E+00   2.3151E+00   
2.2843E+00   5.8222E+00   
2.7261E+00   5.6255E+00   
9.3455E-01   5.9489E+00   
2.9460E+00   5.5135E+00   
3.7825E+00   4.9585E+00   
5.5403E+00   2.9661E+00   
5.7573E+00   2.5324E+00   
5.6525E+00   2.7492E+00   
4.9668E+00   3.7992E+00   
3.1626E+00   5.3910E+00   
5.4141E+00   3.1825E+00   
3.3741E+00   5.2575E+00   
3.5805E+00   5.1130E+00   
5.1276E+00   3.5998E+00   
5.2760E+00   3.3940E+00   
3.9821E+00   4.7851E+00   
1.5117E+00   6.2987E+00   
1.5807E+00   6.5565E+00   
1.6422E+00   6.8245E+00   
1.4380E+00   6.0275E+00   
1.7134E+00   7.0989E+00   
4.1810E+00   4.5928E+00   
4.3832E+00   4.3844E+00   
1.7923E+00   7.3857E+00   
6.2366E+00   1.7091E+00   
4.5913E+00   4.1821E+00   
1.8761E+00   7.6865E+00   
1.9631E+00   8.0002E+00   
2.1457E+00   8.6635E+00   
6.6132E+00   1.9943E+00   
2.2466E+00   9.0163E+00   
2.3638E+00   9.3961E+00   
6.9329E+00   2.1109E+00   
7.2889E+00   2.2331E+00   
2.4227E+00   1.0327E+01   
2.6285E+00   1.1877E+01   
9.0951E+00   2.8046E+00   
1.0959E+01   2.9142E+00   
3.6730E+00   1.3947E+01   
2.0790E+00   1.0064E+01   
1.2796E+01   3.3043E+00   
2.8015E+00   1.0982E+01   
1.1723E+01   3.5898E+00   
2.8464E+00   1.2777E+01   
3.9628E+00   1.7440E+01   
3.4671E+00   1.3395E+01   
3.5407E+00   1.5588E+01   
1.0476E+01   2.8579E+00   
1.4783E+01   3.1478E+00   
9.6063E+00   2.9454E+00   
3.4422E+00   1.6181E+01   
3.3063E+00   1.8504E+01   
1.5739E+01   3.9660E+00   
1.7931E+01   3.5569E+00   
3.6453E+00   2.1786E+01   
4.2986E+00   1.9815E+01   
1.3902E+01   2.4013E+00   
6.0937E+00   2.3154E+00   
2.2160E+00   6.0739E+00   
4.0101E+00   5.0221E+00   
2.4672E+00   5.9613E+00   
2.6970E+00   5.8560E+00   
5.9807E+00   2.5243E+00   
2.9247E+00   5.7445E+00   
5.0281E+00   4.0304E+00   
5.7764E+00   2.9513E+00   
5.8774E+00   2.7313E+00   
3.1504E+00   5.6228E+00   
5.6540E+00   3.1767E+00   
3.8010E+00   5.1905E+00   
3.3722E+00   5.4897E+00   
5.2036E+00   3.8258E+00   
3.5889E+00   5.3451E+00   
5.5165E+00   3.3989E+00   
5.3656E+00   3.6154E+00   
1.7925E+00   6.3542E+00   
1.8290E+00   6.6391E+00   
6.3439E+00   1.9208E+00   
1.9029E+00   6.8991E+00   
4.6352E+00   4.4335E+00   
4.2191E+00   4.8360E+00   
4.8369E+00   4.2316E+00   
1.9904E+00   7.1743E+00   
2.0843E+00   7.4659E+00   
4.4273E+00   4.6373E+00   
2.1834E+00   7.7708E+00   
2.2861E+00   8.0872E+00   
2.3919E+00   8.4147E+00   
7.6559E+00   2.3695E+00   
2.5058E+00   8.7543E+00   
2.5069E+00   9.8470E+00   
2.6374E+00   9.1073E+00   
6.6478E+00   2.3151E+00   
1.0614E+01   3.3078E+00   
7.0066E+00   2.4420E+00   
2.9602E+00   1.1427E+01   
3.0869E+00   1.2322E+01   
8.6200E+00   2.6835E+00   
2.7150E+00   1.0597E+01   
1.0114E+01   3.1285E+00   
3.9686E+00   1.3489E+01   
4.1475E+00   1.5843E+01   
3.3085E+00   1.2864E+01   
3.9013E+00   1.5255E+01   
9.2324E+00   3.2775E+00   
1.4119E+01   3.5110E+00   
4.6926E+00   1.7160E+01   
1.4952E+01   3.7857E+00   
3.8397E+00   1.8106E+01   
1.5984E+01   4.7235E+00   
4.5476E+00   2.1732E+01   
1.7571E+01   4.3092E+00   
1.8601E+01   3.1033E+00   
4.9706E+00   2.0767E+01   
1.3369E+01   3.5583E+00   
6.3404E+00   2.3286E+00   
1.9168E+00   6.0615E+00   
2.4449E+00   6.1998E+00   
2.6695E+00   6.0943E+00   
4.0317E+00   5.2641E+00   
2.9003E+00   5.9824E+00   
6.0736E+00   2.7091E+00   
6.0146E+00   2.9186E+00   
3.1329E+00   5.8610E+00   
1.9885E+00   6.4952E+00   
5.9027E+00   3.1605E+00   
5.2755E+00   4.0632E+00   
3.3640E+00   5.7283E+00   
3.8134E+00   5.4298E+00   
5.7664E+00   3.3974E+00   
3.5910E+00   5.5838E+00   
5.4523E+00   3.8484E+00   
5.6160E+00   3.6268E+00   
2.0742E+00   6.6987E+00   
4.2494E+00   5.0831E+00   
4.8871E+00   4.4809E+00   
5.0863E+00   4.2737E+00   
2.1763E+00   6.9573E+00   
4.6791E+00   4.6874E+00   
2.2775E+00   7.2415E+00   
2.3872E+00   7.5361E+00   
4.4657E+00   4.8894E+00   
6.4298E+00   2.1320E+00   
2.7468E+00   8.4885E+00   
2.5025E+00   7.8421E+00   
7.3482E+00   2.5799E+00   
2.6221E+00   8.1593E+00   
7.8982E+00   2.1477E+00   
2.9019E+00   1.0207E+01   
2.7908E+00   9.4771E+00   
3.1167E+00   1.0654E+01   
2.8848E+00   8.8240E+00   
6.7533E+00   2.6458E+00   
9.7219E+00   3.4538E+00   
8.7611E+00   3.1249E+00   
3.2130E+00   1.1065E+01   
3.8571E+00   1.2991E+01   
4.4940E+00   1.5171E+01   
1.5194E+01   4.5212E+00   
1.0219E+01   3.6453E+00   
3.6608E+00   1.2448E+01   
1.2891E+01   3.9378E+00   
4.7842E+00   1.6362E+01   
1.3589E+01   4.2494E+00   
4.6102E+00   1.8072E+01   
3.1334E+00   1.1823E+01   
1.6832E+01   4.9359E+00   
1.1146E+01   3.4496E+00   
1.9408E+01   2.5793E+00   
5.3576E+00   1.9826E+01   
2.1941E+00   6.4899E+00   
6.2060E+00   2.5467E+00   
2.6490E+00   6.3396E+00   
2.8796E+00   6.2264E+00   
3.1142E+00   6.1044E+00   
4.0478E+00   5.5120E+00   
6.2819E+00   2.8291E+00   
2.2668E+00   6.2995E+00   
6.1697E+00   3.1307E+00   
4.2741E+00   5.3355E+00   
3.3523E+00   5.9727E+00   
6.0284E+00   3.3896E+00   
3.5890E+00   5.8290E+00   
3.8207E+00   5.6749E+00   
5.5381E+00   4.0952E+00   
5.8804E+00   3.6344E+00   
5.7184E+00   3.8704E+00   
2.3655E+00   6.7186E+00   
4.9374E+00   4.7387E+00   
5.3462E+00   4.3138E+00   
5.1459E+00   4.5281E+00   
8.1135E+00   2.5268E+00   
2.4577E+00   7.0172E+00   
4.4994E+00   5.1463E+00   
2.5750E+00   7.2967E+00   
4.7213E+00   4.9465E+00   
7.0587E+00   2.7766E+00   
2.9704E+00   8.2175E+00   
2.7018E+00   7.5912E+00   
3.1153E+00   8.5432E+00   
2.8337E+00   7.8980E+00   
3.6760E+00   1.0778E+01   
6.4639E+00   2.5806E+00   
7.6941E+00   2.7377E+00   
3.0393E+00   9.1679E+00   
8.3045E+00   1.7371E+00   
4.0018E+00   1.1947E+01   
8.3222E+00   2.9891E+00   
1.1291E+01   4.0097E+00   
1.0734E+01   3.8323E+00   
9.8094E+00   3.9650E+00   
9.3324E+00   3.7669E+00   
1.2873E+01   4.5809E+00   
8.8720E+00   3.5863E+00   
3.4782E+00   1.2004E+01   
4.5125E+00   1.3196E+01   
2.9354E+00   9.8026E+00   
3.3779E+00   1.0279E+01   
4.7827E+00   1.4494E+01   
1.4030E+01   4.8374E+00   
4.8605E+00   1.5695E+01   
3.5069E+00   1.1478E+01   
1.6222E+01   5.5003E+00   
4.9031E+00   1.9002E+01   
2.0413E+01   1.4347E+00   
5.4120E+00   1.6827E+01   
1.9464E+01   3.4846E+00   
1.5430E+01   5.2719E+00   
1.2310E+01   3.7297E+00   
5.3640E+00   1.7601E+01   
2.4249E+00   6.4406E+00   
2.8687E+00   6.4771E+00   
3.0972E+00   6.3492E+00   
4.2937E+00   5.5937E+00   
6.4901E+00   3.1121E+00   
3.3384E+00   6.2227E+00   
4.0608E+00   5.7649E+00   
6.3050E+00   3.3839E+00   
3.5842E+00   6.0800E+00   
3.8255E+00   5.9265E+00   
6.1588E+00   3.6361E+00   
5.2049E+00   4.7923E+00   
5.8224E+00   4.1333E+00   
6.0053E+00   3.8909E+00   
5.6196E+00   4.3582E+00   
2.6165E+00   6.8315E+00   
5.4153E+00   4.5771E+00   
6.5551E+00   2.8240E+00   
4.5280E+00   5.4097E+00   
4.9866E+00   5.0066E+00   
2.7461E+00   7.0535E+00   
4.7601E+00   5.2135E+00   
2.8855E+00   7.3344E+00   
3.3319E+00   8.2591E+00   
3.1765E+00   7.9398E+00   
6.7874E+00   2.9569E+00   
3.0281E+00   7.6310E+00   
7.3780E+00   2.9336E+00   
8.5146E+00   2.3160E+00   
3.2632E+00   8.8741E+00   
8.4361E+00   3.4220E+00   
9.4012E+00   4.2653E+00   
3.2105E+00   9.9393E+00   
7.9732E+00   2.9247E+00   
8.9516E+00   4.0618E+00   
9.8669E+00   4.4914E+00   
4.5174E+00   1.2163E+01   
1.1884E+01   4.1631E+00   
1.0835E+01   4.3944E+00   
3.2432E+00   9.5458E+00   
1.2153E+01   4.8050E+00   
5.3242E+00   1.5104E+01   
4.3386E+00   1.3917E+01   
4.8288E+00   1.2583E+01   
4.0875E+00   1.1302E+01   
1.5652E+01   6.0408E+00   
1.7034E+01   5.7472E+00   
5.5580E+00   1.5975E+01   
5.4684E+00   1.8395E+01   
2.0134E+01   3.0075E+00   
5.9325E+00   1.7237E+01   
2.6355E+00   6.5963E+00   
3.0840E+00   6.5729E+00   
4.3111E+00   5.8573E+00   
3.3171E+00   6.4813E+00   
6.5567E+00   3.4046E+00   
4.5521E+00   5.6798E+00   
3.5747E+00   6.3417E+00   
4.0717E+00   6.0261E+00   
6.4434E+00   3.6360E+00   
5.4830E+00   4.8498E+00   
3.8272E+00   6.1889E+00   
5.2629E+00   5.0697E+00   
2.8945E+00   6.7690E+00   
6.2978E+00   3.8886E+00   
5.9036E+00   4.4112E+00   
5.6948E+00   4.6313E+00   
3.0608E+00   7.0655E+00   
5.0324E+00   5.2846E+00   
4.7943E+00   5.4889E+00   
7.0801E+00   3.1158E+00   
8.0430E+00   3.2719E+00   
3.5309E+00   7.9662E+00   
3.2083E+00   7.3587E+00   
3.5682E+00   9.8718E+00   
3.3647E+00   7.6558E+00   
7.7006E+00   3.1096E+00   
3.4903E+00   8.5892E+00   
5.0135E+00   1.2028E+01   
9.0002E+00   4.5473E+00   
3.3871E+00   9.1833E+00   
9.4377E+00   4.7782E+00   
8.5184E+00   3.8749E+00   
1.0363E+01   4.7412E+00   
4.5475E+00   1.1665E+01   
6.6708E+00   1.7246E+01   
5.2555E+00   1.3059E+01   
1.2776E+01   5.2433E+00   
1.1434E+01   4.6053E+00   
1.7235E+01   6.5388E+00   
4.2080E+00   1.0826E+01   
6.0842E+00   1.7883E+01   
1.4871E+01   5.7922E+00   
1.7662E+01   5.2164E+00   
6.0051E+00   1.5357E+01   
5.1320E+00   1.3770E+01   
5.4487E+00   1.4386E+01   
1.5861E+01   6.8377E+00   
6.7922E+00   3.2789E+00   
4.5744E+00   5.9576E+00   
4.3284E+00   6.1310E+00   
3.2610E+00   6.7812E+00   
6.4341E+00   4.1005E+00   
7.7248E+00   3.5025E+00   
3.5579E+00   6.6217E+00   
5.5511E+00   5.1360E+00   
6.7613E+00   3.6274E+00   
5.7715E+00   4.9110E+00   
6.5741E+00   3.8853E+00   
3.8262E+00   6.4702E+00   
5.3178E+00   5.3595E+00   
4.8245E+00   5.7735E+00   
5.0741E+00   5.5735E+00   
3.3821E+00   7.0900E+00   
6.1514E+00   4.4797E+00   
5.9773E+00   4.6857E+00   
3.7100E+00   7.6673E+00   
3.5369E+00   7.3722E+00   
3.6332E+00   8.9460E+00   
3.7031E+00   8.2897E+00   
7.3910E+00   3.3002E+00   
4.5711E+00   1.0553E+01   
8.1026E+00   3.6983E+00   
9.0206E+00   5.0419E+00   
4.5999E+00   1.1093E+01   
8.5770E+00   4.3401E+00   
9.8917E+00   5.0401E+00   
1.4056E+01   5.5451E+00   
1.0916E+01   5.0030E+00   
5.4592E+00   1.2461E+01   
3.7293E+00   9.3996E+00   
3.7620E+00   1.0234E+01   
1.3438E+01   5.0246E+00   
1.2186E+01   5.5448E+00   
5.6915E+00   1.3412E+01   
6.8529E+00   1.8113E+01   
6.8914E+00   1.6386E+01   
5.0907E+00   1.1425E+01   
1.4667E+01   5.0486E+00   
1.6660E+01   7.0521E+00   
1.7831E+01   6.0154E+00   
1.8269E+01   4.7947E+00   
5.8776E+00   1.3923E+01   
6.6469E+00   1.5205E+01   
6.6805E+00   4.1473E+00   
4.3392E+00   6.4210E+00   
4.5940E+00   6.2542E+00   
7.3831E+00   3.6844E+00   
6.2724E+00   4.7147E+00   
6.0712E+00   4.9662E+00   
6.8129E+00   3.9214E+00   
4.8520E+00   6.0740E+00   
5.8527E+00   5.2048E+00   
5.6183E+00   5.4381E+00   
4.0878E+00   6.5893E+00   
5.3697E+00   5.6637E+00   
5.1130E+00   5.8773E+00   
3.5438E+00   6.8755E+00   
3.6930E+00   7.0960E+00   
3.8675E+00   7.3686E+00   
3.8954E+00   7.9795E+00   
3.8704E+00   8.6378E+00   
3.8314E+00   6.7953E+00   
7.0778E+00   3.4696E+00   
8.2161E+00   4.6088E+00   
6.4444E+00   4.4017E+00   
8.6104E+00   4.8172E+00   
4.4562E+00   1.0107E+01   
4.0568E+00   9.8580E+00   
6.2590E+00   1.3384E+01   
9.4411E+00   5.2930E+00   
4.0209E+00   9.0241E+00   
7.7246E+00   3.9754E+00   
5.6683E+00   1.1809E+01   
1.0372E+01   5.3572E+00   
5.1283E+00   1.0753E+01   
1.2732E+01   5.8145E+00   
1.3733E+01   6.1336E+00   
1.1546E+01   5.2611E+00   
1.9047E+01   4.8974E+00   
6.9427E+00   1.4542E+01   
6.5774E+00   1.3949E+01   
7.4772E+00   1.6888E+01   
1.6129E+01   7.6166E+00   
7.1499E+00   1.9047E+01   
1.7400E+01   7.3080E+00   
1.8479E+01   5.5132E+00   
6.9826E+00   4.1408E+00   
4.6018E+00   6.5706E+00   
4.3377E+00   6.7239E+00   
6.3905E+00   5.0163E+00   
7.0561E+00   3.8173E+00   
6.1703E+00   5.2724E+00   
4.8727E+00   6.3962E+00   
5.9365E+00   5.5190E+00   
5.1470E+00   6.2008E+00   
5.6848E+00   5.7591E+00   
4.0001E+00   7.0761E+00   
5.4199E+00   5.9887E+00   
4.0622E+00   7.6581E+00   
6.8114E+00   4.4443E+00   
8.2356E+00   5.0814E+00   
4.1108E+00   6.8413E+00   
4.2663E+00   8.6892E+00   
4.2715E+00   7.9755E+00   
4.5778E+00   9.6173E+00   
6.6006E+00   4.7370E+00   
8.6240E+00   5.2917E+00   
1.3084E+01   6.3852E+00   
7.3140E+00   4.0653E+00   
9.0128E+00   5.5207E+00   
4.9411E+00   1.0117E+01   
9.8540E+00   5.5869E+00   
1.0961E+01   5.6724E+00   
7.8406E+00   4.4294E+00   
7.2911E+00   1.3919E+01   
5.6288E+00   1.1156E+01   
6.3475E+00   1.1812E+01   
1.3303E+01   5.6911E+00   
1.9504E+01   5.8824E+00   
6.9374E+00   1.3317E+01   
1.1635E+01   5.9450E+00   
1.3828E+01   6.7570E+00   
1.5656E+01   8.3082E+00   
7.4364E+00   1.5138E+01   
7.6746E+00   1.6002E+01   
1.5150E+01   7.4560E+00   
1.9512E+01   4.2539E+00   
1.8030E+01   6.8089E+00   
6.2606E+00   1.9581E+01   
5.8829E+00   1.2910E+01   
4.5827E+00   6.9047E+00   
4.2930E+00   7.0232E+00   
6.5082E+00   5.3397E+00   
7.1975E+00   4.4616E+00   
6.2742E+00   5.6027E+00   
5.1691E+00   6.5498E+00   
4.1957E+00   7.3336E+00   
6.0203E+00   5.8594E+00   
4.4855E+00   8.3331E+00   
5.4603E+00   6.3356E+00   
4.4331E+00   9.1025E+00   
5.7466E+00   6.1056E+00   
6.7334E+00   5.0638E+00   
4.4211E+00   7.6169E+00   
8.2434E+00   5.5677E+00   
7.5226E+00   4.3195E+00   
6.9475E+00   4.7733E+00   
7.8617E+00   4.8721E+00   
8.6332E+00   5.7005E+00   
9.4153E+00   5.7748E+00   
7.6873E+00   1.3301E+01   
5.7172E+00   1.0586E+01   
6.6564E+00   1.2256E+01   
6.0651E+00   1.1400E+01   
1.2449E+01   6.8953E+00   
1.8102E+01   7.5461E+00   
8.0188E+00   1.7450E+01   
5.0999E+00   9.5780E+00   
6.5160E+00   1.2797E+01   
1.1748E+01   6.6300E+00   
1.4497E+01   6.9314E+00   
1.9929E+01   4.9085E+00   
1.9040E+01   7.1758E+00   
1.6112E+01   9.0270E+00   
8.5228E+00   1.5879E+01   
7.1027E+00   2.0129E+01   
1.1055E+01   6.3734E+00   
5.6440E+00   1.9099E+01   
6.6266E+00   5.6839E+00   
7.5265E+00   4.6698E+00   
6.8589E+00   5.4009E+00   
6.3763E+00   5.9595E+00   
5.4883E+00   6.7097E+00   
4.5241E+00   7.2540E+00   
4.1635E+00   9.4003E+00   
4.6844E+00   8.7357E+00   
7.0818E+00   5.1050E+00   
4.6763E+00   7.9423E+00   
7.8556E+00   5.3364E+00   
4.8757E+00   6.7440E+00   
5.7974E+00   6.4747E+00   
7.2526E+00   1.2569E+01   
6.5560E+00   1.1282E+01   
8.9483E+00   5.9921E+00   
6.1414E+00   1.0919E+01   
4.8625E+00   9.1683E+00   
5.3639E+00   9.8943E+00   
5.3911E+00   1.0272E+01   
7.0351E+00   1.1756E+01   
7.9983E+00   1.3998E+01   
1.3191E+01   7.2139E+00   
1.7491E+01   8.1934E+00   
1.1839E+01   7.3265E+00   
7.7799E+00   5.8533E+00   
1.0537E+01   6.8441E+00   
1.4066E+01   7.6026E+00   
8.8275E+00   1.7253E+01   
7.3369E+00   1.7581E+01   
1.1184E+01   7.0603E+00   
1.5064E+01   6.5575E+00   
9.0416E+00   1.6453E+01   
8.0984E+00   1.5369E+01   
1.6989E+01   9.0636E+00   
1.5240E+01   9.0560E+00   
6.9768E+00   5.7451E+00   
6.7508E+00   6.0384E+00   
7.4751E+00   5.1116E+00   
4.9288E+00   8.3371E+00   
7.2457E+00   4.8242E+00   
7.2089E+00   5.4494E+00   
6.4878E+00   6.3395E+00   
4.7998E+00   7.5226E+00   
5.8358E+00   6.8704E+00   
6.1669E+00   6.6179E+00   
7.1024E+00   1.1073E+01   
6.6593E+00   1.0709E+01   
4.8537E+00   7.1167E+00   
5.2462E+00   9.1857E+00   
5.1203E+00   8.7851E+00   
5.5818E+00   9.4581E+00   
5.1761E+00   6.9300E+00   
9.4737E+00   6.2989E+00   
7.7895E+00   6.3988E+00   
1.0659E+01   7.4770E+00   
5.8072E+00   9.9918E+00   
9.8857E+00   6.8085E+00   
8.7339E+00   1.5129E+01   
1.2509E+01   7.6434E+00   
8.4891E+00   1.3392E+01   
7.0051E+00   1.5721E+01   
9.6348E+00   1.6987E+01   
8.8087E+00   6.5315E+00   
1.1257E+01   7.7300E+00   
7.7846E+00   1.1924E+01   
9.2887E+00   1.5704E+01   
8.5364E+00   1.8093E+01   
1.5729E+01   9.7496E+00   
1.7969E+01   9.1532E+00   
7.0798E+00   6.0472E+00   
7.3266E+00   5.8022E+00   
5.5087E+00   7.1132E+00   
5.5450E+00   8.9103E+00   
6.2159E+00   7.0378E+00   
6.3381E+00   9.8052E+00   
5.1599E+00   7.8529E+00   
8.2123E+00   6.7255E+00   
5.1702E+00   7.3455E+00   
5.4444E+00   8.3607E+00   
9.7464E+00   5.9417E+00   
6.5886E+00   6.7705E+00   
7.5292E+00   5.5106E+00   
6.7474E+00   1.0126E+01   
1.0713E+01   8.1125E+00   
7.1881E+00   1.0468E+01   
1.0163E+01   7.2793E+00   
6.3746E+00   1.5874E+01   
1.0406E+01   1.7511E+01   
1.1874E+01   8.0359E+00   
7.6735E+00   1.8202E+01   
8.6397E+00   1.1906E+01   
8.8466E+00   1.4237E+01   
9.2470E+00   6.9480E+00   
1.3212E+01   8.0233E+00   
9.1227E+00   1.8825E+01   
8.9626E+00   1.2729E+01   
9.5348E+00   1.4907E+01   
9.4729E+00   1.7887E+01   
1.4850E+01   9.8047E+00   
7.5347E+00   1.1376E+01   
1.9001E+01   9.1784E+00   
5.8678E+00   7.2880E+00   
6.8162E+00   9.5257E+00   
6.9636E+00   6.4224E+00   
5.5286E+00   7.5371E+00   
7.6585E+00   6.9055E+00   
7.6489E+00   1.0834E+01   
6.0206E+00   9.5182E+00   
1.1870E+01   8.7521E+00   
6.6194E+00   7.2264E+00   
7.2545E+00   9.8521E+00   
5.5799E+00   7.9177E+00   
8.6331E+00   7.1260E+00   
1.1281E+01   8.4156E+00   
7.3853E+00   6.1850E+00   
5.9638E+00   9.0747E+00   
9.6441E+00   7.4070E+00   
7.5570E+00   1.4461E+01   
8.1057E+00   1.1286E+01   
9.3017E+00   1.3455E+01   
9.7652E+00   1.4094E+01   
1.0211E+01   1.5630E+01   
1.1241E+01   1.6987E+01   
1.5393E+01   1.0619E+01   
8.6596E+00   1.9691E+01   
1.3153E+01   8.8026E+00   
1.9516E+01   8.2873E+00   
6.2437E+00   7.4760E+00   
5.8909E+00   7.7114E+00   
7.0876E+00   6.9718E+00   
7.2979E+00   9.2398E+00   
8.0448E+00   7.3013E+00   
1.0094E+01   7.8825E+00   
9.0444E+00   7.5591E+00   
7.7284E+00   1.0194E+01   
1.1282E+01   9.1125E+00   
1.0723E+01   8.7720E+00   
1.4006E+01   9.7643E+00   
1.2491E+01   9.1492E+00   
1.0551E+01   1.3858E+01   
9.7572E+00   1.2830E+01   
6.3888E+00   9.2512E+00   
1.3876E+01   8.5052E+00   
1.6489E+01   9.6419E+00   
1.4733E+01   1.1482E+01   
1.1134E+01   1.6088E+01   
1.1430E+01   1.7985E+01   
1.1100E+01   1.5226E+01   
8.7921E+00   1.1073E+01   
9.6735E+00   1.9688E+01   
1.9996E+01   9.2183E+00   
6.2470E+00   7.9267E+00   
7.3769E+00   6.5767E+00   
6.3256E+00   8.7223E+00   
6.9652E+00   7.4390E+00   
1.0673E+01   9.5655E+00   
7.4443E+00   7.4731E+00   
6.6273E+00   7.6927E+00   
8.4484E+00   7.7407E+00   
7.7642E+00   9.5399E+00   
9.7667E+00   8.4819E+00   
8.2958E+00   9.8730E+00   
1.0125E+01   8.9998E+00   
1.4402E+01   9.1046E+00   
1.1863E+01   9.4661E+00   
1.3178E+01   9.6302E+00   
1.7272E+01   1.0031E+01   
9.4529E+00   1.2134E+01   
1.3723E+01   9.1614E+00   
9.2682E+00   1.1516E+01   
1.3559E+01   1.0385E+01   
6.8536E+00   8.8652E+00   
8.9521E+00   1.0259E+01   
1.1217E+01   1.4394E+01   
1.3820E+01   1.1158E+01   
1.5627E+01   1.1417E+01   
1.0000E+01   1.3444E+01   
1.1795E+01   1.5652E+01   
1.1999E+01   1.7303E+01   
9.1078E+00   2.0415E+01   
6.6373E+00   8.2452E+00   
8.2820E+00   9.1734E+00   
7.0446E+00   7.8610E+00   
7.8734E+00   7.8818E+00   
9.8831E+00   1.1578E+01   
7.7597E+00   8.9154E+00   
9.9023E+00   9.6585E+00   
1.1341E+01   9.7283E+00   
1.2794E+01   1.7220E+01   
1.3056E+01   1.0937E+01   
5.8770E+00   8.1371E+00   
9.5714E+00   1.0870E+01   
1.2435E+01   9.8889E+00   
8.8714E+00   8.1707E+00   
9.4320E+00   9.0950E+00   
1.1367E+01   1.3571E+01   
9.0045E+00   2.1298E+01   
1.1925E+01   1.4920E+01   
1.3959E+01   1.1871E+01   
1.6121E+01   1.1000E+01   
9.4460E+00   8.0007E+00   
5.8927E+00   8.5873E+00   
7.3411E+00   8.7462E+00   
8.8506E+00   9.4893E+00   
7.6338E+00   8.3814E+00   
1.1793E+01   1.0173E+01   
8.8211E+00   8.8100E+00   
9.6060E+00   1.0181E+01   
7.4312E+00   7.9874E+00   
1.3542E+01   1.2511E+01   
7.1569E+00   8.3477E+00   
1.6874E+01   1.0958E+01   
1.3226E+01   1.1723E+01   
1.0636E+01   1.2979E+01   
9.3486E+00   9.7366E+00   
1.3212E+01   1.6444E+01   
8.0757E+00   2.1745E+01   
9.2674E+00   8.5117E+00   
1.0977E+01   1.2167E+01   
1.1092E+01   1.0311E+01   
1.1629E+01   1.0999E+01   
1.1579E+01   1.2728E+01   
1.3984E+01   1.3309E+01   
1.0223E+01   1.1090E+01   
1.2712E+01   1.5543E+01   
1.3646E+01   1.7170E+01   
1.1719E+01   1.1882E+01   
1.0546E+01   1.1601E+01   
1.4536E+01   1.7651E+01   
1.2212E+01   1.3327E+01   
1.2921E+01   1.0293E+01   
1.4967E+01   1.3271E+01   
1.3064E+01   1.3249E+01   
1.0818E+01   1.0988E+01   
1.2426E+01   1.1430E+01   
1.2021E+01   1.4111E+01   
1.3411E+01   1.4043E+01   
1.5511E+01   1.2310E+01   
1.5233E+01   1.6862E+01   
1.2685E+01   1.3862E+01   
1.1138E+01   1.1527E+01   
1.3564E+01   1.4941E+01   
1.4436E+01   1.5398E+01   
1.5348E+01   1.4946E+01   
1.5510E+01   1.4019E+01   
1.5277E+01   1.5954E+01   
8.8508E-01   2.3678E+01   
1.3646E+01   1.5759E+01   
1.3297E+01   1.8071E+01   
2.0770E+01   5.0355E+00   
1.8066E+00   1.8223E+01   
2.3037E+01   9.2160E-01   
2.1010E+01   9.2723E+00   
1.6313E+00   2.4195E+01   
7.1635E+00   2.1191E+01   
1.5726E+01   1.7696E+01   
2.0971E+01   2.8631E+00   
2.4799E+00   2.4097E+01   
7.8364E+00   1.9678E+01   
3.5037E+00   2.4023E+01   
4.5426E+00   2.4019E+01   
5.5709E+00   2.4013E+01   
6.6161E+00   2.4012E+01   
2.4069E+01   9.1143E-01   
7.6752E+00   2.4026E+01   
8.7626E+00   2.3999E+01   
2.0009E+01   7.5701E+00   
9.8752E+00   2.4000E+01   
2.5134E+01   9.6757E-01   
1.0989E+01   2.3984E+01   
1.2121E+01   2.3961E+01   
1.5877E+01   1.3270E+01   
1.3372E+01   2.3859E+01   
2.6257E+01   1.0088E+00   
1.6846E+01   7.6989E+00   
1.4450E+01   2.4160E+01   
9.7108E+00   1.6269E+01   
5.5275E+00   2.1698E+01   
2.0038E+01   6.7902E+00   
1.5537E+01   2.3774E+01   
1.6876E+01   2.3890E+01   
2.7422E+01   1.0382E+00   
1.8101E+01   2.3901E+01   
1.0786E+01   1.9749E+01   
1.9439E+01   2.3815E+01   
2.0578E+01   2.4148E+01   
2.8638E+01   1.0828E+00   
2.1721E+01   2.3798E+01   
2.3126E+01   2.3870E+01   
2.4937E+00   2.2377E+01   
2.4418E+01   2.3851E+01   
3.0055E+01   1.3037E+00   
2.1301E+01   1.8426E+00   
1.1374E+01   1.8958E+01   
2.5778E+01   2.3710E+01   
2.7151E+01   2.3861E+01   
1.9480E+01   9.9478E+00   
3.1647E+01   1.0369E+00   
1.7718E+01   1.0877E+01   
1.6353E+01   1.1689E+01   
2.9769E+01   2.4054E+01   
3.3666E+01   1.9567E+01   
3.4058E+01   2.2501E+01   
3.3600E+01   9.1472E+00   
3.3691E+01   4.8623E+00   
3.3601E+01   1.5274E+01   
9.7828E+00   2.2019E+01   
3.2444E+01   2.4157E+01   
2.9390E+00   2.3157E+01   
1.8512E+01   1.1352E+01   
1.7429E+01   1.1856E+01   
5.0576E+00   2.2466E+01   
1.6638E+01   1.3599E+01   
6.4069E+00   2.1733E+01   
2.1451E+01   4.4673E+00   
1.6062E+01   1.5493E+01   
2.1536E+01   8.3191E+00   
7.1658E+00   2.2271E+01   
1.2044E+01   1.9787E+01   
5.0631E+00   2.3234E+01   
1.3171E+01   1.9200E+01   
7.1338E+00   2.3212E+01   
1.9450E+01   1.0835E+01   
2.3718E+01   2.2641E+01   
1.7508E+01   2.2850E+01   
9.3063E+00   2.3021E+01   
1.1240E+01   2.0650E+01   
1.1527E+01   2.2972E+01   
1.1049E+01   2.1811E+01   
2.5681E+01   1.9739E+00   
1.6868E+01   1.7732E+01   
2.1852E+01   2.6873E+00   
2.1485E+01   1.0140E+01   
2.3624E+01   1.7007E+00   
2.9903E+01   2.6976E+00   
1.5155E+01   1.8533E+01   
1.9601E+01   2.2694E+01   
2.0225E+01   5.4688E+00   
2.0926E+01   7.2700E+00   
1.6086E+01   1.3853E+01   
1.2363E+01   1.7843E+01   
3.2618E+01   7.3761E-01   
2.8500E+01   2.3901E+01   
1.3485E+01   2.2765E+01   
2.5737E+01   2.2460E+01   
3.3947E+01   1.8390E+01   
3.3980E+01   3.5722E+00   
3.3941E+01   8.0183E+00   
3.3927E+01   1.3936E+01   
2.1538E+01   2.2477E+01   
1.5326E+01   2.2402E+01   
2.7971E+01   2.0929E+00   
3.0184E+01   2.1616E+01   
3.1856E+01   3.3815E+00   
3.1796E+01   2.2076E+01   
3.1968E+01   1.5589E+01   
3.2079E+01   4.9164E+00   
3.1971E+01   9.0906E+00   
3.1985E+01   1.9508E+01   
1.9490E+01   1.1889E+01   
1.7024E+01   2.1841E+01   
2.1660E+01   3.5862E+00   
2.2653E+01   3.2139E+00   
2.5102E+01   2.9285E+00   
3.2217E+00   2.2401E+01   
1.5025E+01   1.9657E+01   
1.7520E+01   1.3075E+01   
1.2072E+01   2.2168E+01   
2.1772E+01   5.4550E+00   
2.7353E+01   3.1031E+00   
2.7681E+01   2.2618E+01   
8.8621E+00   2.2202E+01   
1.6124E+01   2.1795E+01   
1.2980E+01   2.2003E+01   
1.9131E+01   2.1816E+01   
1.3956E+01   1.9698E+01   
2.2605E+01   2.1850E+01   
1.7096E+01   1.5501E+01   
1.4151E+01   2.1874E+01   
2.1370E+01   1.1222E+01   
2.2057E+01   9.3426E+00   
2.0362E+01   2.1848E+01   
1.7503E+01   1.6711E+01   
2.8660E+01   3.2295E+00   
1.7443E+01   1.8820E+01   
2.6221E+01   2.9854E+00   
1.3159E+01   2.0259E+01   
2.1600E+01   6.4967E+00   
1.8065E+01   2.1837E+01   
1.7514E+01   1.4330E+01   
2.3806E+01   2.8096E+00   
2.2060E+01   7.3539E+00   
3.0490E+01   1.5630E+01   
3.0565E+01   5.2226E+00   
3.0496E+01   9.3498E+00   
3.0751E+01   3.3088E+00   
2.0289E+01   1.1320E+01   
2.8572E+01   2.1562E+01   
3.0148E+01   1.9834E+01   
3.1854E+01   7.6671E+00   
3.1958E+01   1.8103E+01   
3.1693E+01   1.1735E+01   
3.1592E+01   1.3062E+01   
1.7532E+01   2.0855E+01   
1.3346E+01   2.1169E+01   
2.7817E+01   4.1995E+00   
2.6593E+01   2.2092E+01   
1.5339E+01   2.1044E+01   
1.8005E+01   1.7803E+01   
1.6961E+01   1.9896E+01   
2.3161E+01   9.4173E+00   
2.3444E+01   3.8789E+00   
2.1530E+01   2.1218E+01   
2.5702E+01   3.8161E+00   
3.0472E+01   1.1497E+01   
3.0761E+01   7.4181E+00   
2.3144E+01   7.3362E+00   
1.9553E+01   1.3011E+01   
2.2827E+01   5.4499E+00   
1.8551E+01   1.3645E+01   
3.0260E+01   1.3332E+01   
2.8571E+01   1.9587E+01   
2.2343E+01   1.1631E+01   
2.3707E+01   2.1245E+01   
1.8177E+01   1.5849E+01   
1.6010E+01   2.0081E+01   
1.9652E+01   2.0811E+01   
2.1767E+01   1.2194E+01   
2.9848E+01   4.0406E+00   
2.8125E+01   2.0524E+01   
3.0066E+01   1.7566E+01   
2.1442E+01   1.9827E+01   
1.9363E+01   1.6040E+01   
2.1791E+01   1.3235E+01   
2.3373E+01   1.1655E+01   
2.0177E+01   1.9801E+01   
1.8022E+01   1.9841E+01   
2.8268E+01   5.2254E+00   
2.7322E+01   1.9758E+01   
2.5882E+01   5.0101E+00   
2.7185E+01   5.1406E+00   
1.9095E+01   1.9823E+01   
2.3689E+01   6.2100E+00   
2.3630E+01   4.9212E+00   
2.3710E+01   8.3942E+00   
1.7863E+01   1.5137E+01   
1.9053E+01   1.7879E+01   
2.3756E+01   1.0454E+01   
2.3739E+01   2.0044E+01   
2.0594E+01   1.3605E+01   
1.9606E+01   1.4143E+01   
1.9487E+01   1.7095E+01   
2.2868E+01   1.3327E+01   
2.3447E+01   1.2732E+01   
2.4778E+01   2.1852E+01   
2.4276E+01   9.4276E+00   
1.9600E+01   1.8828E+01   
2.9341E+01   5.2593E+00   
2.4696E+01   5.5172E+00   
2.4252E+01   7.4034E+00   
2.6036E+01   2.0054E+01   
2.5619E+01   6.2886E+00   
1.9743E+01   1.5084E+01   
2.1411E+01   1.4217E+01   
2.3842E+01   1.3742E+01   
2.0044E+01   1.7856E+01   
2.5433E+01   7.4655E+00   
2.7726E+01   1.8572E+01   
2.4351E+01   1.1269E+01   
2.5392E+01   9.4403E+00   
2.5845E+01   2.1355E+01   
2.7780E+01   6.1850E+00   
2.0528E+01   1.5722E+01   
2.1550E+01   1.5205E+01   
2.9873E+01   6.5510E+00   
2.5309E+01   1.1406E+01   
2.8535E+01   7.2840E+00   
2.1092E+01   1.7725E+01   
2.5777E+01   8.5420E+00   
2.7243E+01   7.1540E+00   
2.5923E+01   1.0432E+01   
2.2633E+01   1.5722E+01   
2.6298E+01   7.0075E+00   
2.3679E+01   1.5084E+01   
2.5183E+01   1.3623E+01   
2.6716E+01   9.3631E+00   
2.5821E+01   1.4885E+01   
2.1654E+01   1.8622E+01   
2.4713E+01   1.5706E+01   
2.1588E+01   1.6530E+01   
2.3654E+01   1.6330E+01   
2.7624E+01   8.2866E+00   
2.9787E+01   8.1280E+00   
2.6702E+01   1.5706E+01   
2.5774E+01   1.6276E+01   
2.8054E+01   9.3991E+00   
2.2229E+01   1.7723E+01   
2.3478E+01   1.7627E+01   
2.7546E+01   1.0219E+01   
2.7867E+01   1.5937E+01   
2.5897E+01   1.7571E+01   
2.9226E+01   9.4249E+00   
2.7595E+01   1.1230E+01   
2.7982E+01   1.7319E+01   
2.9829E+01   1.0590E+01   
2.6970E+01   1.7792E+01   
2.6447E+01   1.1418E+01   
2.5849E+01   1.2480E+01   
2.6516E+01   1.3600E+01   
2.7821E+01   1.3499E+01   
