377  336 376  
917  855 913  
1210  75 1165  
1438  1415 1376  
1397  1349 1387  
1364  1360 1332  
1287  1273 1242  
1365  1162 1291  
1250  1204 1154  
1328  1321 1293  
1673  1651 111  
1751  110 1726  
1801  1794 65  
1814  1806 1811  
1827  1809 1750  
1734  62 61  
295  61 23  
1682  295 24  
1638  24 25  
1638  25 121  
26  121 25  
1737  138 1736  
1727  155 154  
1840  1838 1802  
1795  189 188  
1758  1658 1711  
1622  1620 223  
1620  40 1619  
1619  40 302  
1619  302 1617  
1659  1615 225  
1695  1659 225  
1744  1738 209  
1743  1719 1665  
1712  1650 161  
1754  1701 144  
1633  1546 1501  
1403  1368 1357  
1609  1250 1357  
378  335 377  
446  353 345  
547  472 539  
471  349 438  
369  255 256  
367  261 262  
363  263 264  
488  486 389  
868  867 803  
1230  1179 77  
1230  1167 1209  
915  850 856  
790  620 788  
374  247 248  
393  391 7  
498  496 399  
884  871 813  
1146  1144 1096  
1100  1045 79  
403  401 8  
508  506 409  
875  810 751  
1153  1102 1105  
1153  1043 1102  
413  411 9  
514  512 415  
949  809 940  
1283  1192 1242  
1047  80 996  
419  417 10  
520  518 421  
682  612 96  
944  887 82  
993  942 887  
425  11 285  
526  524 427  
825  685 758  
1158  1001 946  
1158  1111 1001  
431  12 287  
532  97 530  
1061  83 947  
1284  1251 1244  
1244  1206 83  
435  13 288  
1627  534 616  
1696  1591 1666  
1703  67 1584  
1672  1584 67  
1586  14 290  
1668  1586 1598  
1746  1697 1725  
1778  1777 1753  
1753  66 1703  
1603  15 291  
1664  1603 1608  
1720  1664 101  
1774  1748 87  
1774  86 1748  
1616  1608 16  
1616  101 1608  
1740  1704 1718  
1772  1740 88  
1775  87 1740  
1621  17 292  
1626  102 1621  
1763  1669 1730  
1792  1772 88  
1792  1763 1728  
1632  18 293  
1632  104 103  
1730  1688 89  
1691  61 62  
1728  1691 62  
19  20 21  
19  21 104  
1681  90 104  
1639  23 61  
1691  1639 61  
121  26 137  
296  137 26  
1690  154 153  
1765  171 170  
1802  1756 1773  
1805  1741 1679  
1658  1625 1623  
1623  301 1622  
1683  137 296  
1683  1640 153  
1735  170 169  
1733  187 186  
1764  1732 204  
1629  1625 221  
1625  38 1623  
1640  28 169  
297  169 28  
1735  1693 186  
1733  1687 203  
1705  1677 1630  
1630  300 1629  
1680  169 297  
1680  1636 185  
1689  202 201  
1635  219 218  
1677  36 1630  
1636  30 201  
298  201 30  
1642  299 218  
1635  34 35  
1637  201 298  
217  31 33  
1642  33 299  
31  32 33  
1615  41 303  
1614  1610 226  
1742  1707 1685  
1700  194 1670  
1590  1573 177  
1650  1578 161  
1566  1557 146  
1534  1510 1458  
1329  1288 113  
1361  1291 114  
1610  42 43  
1607  1605 227  
1739  1708 211  
1655  1653 195  
1523  1513 179  
1582  1559 1576  
1557  1544 146  
1509  1505 130  
1460  115 1428  
1356  1320 1273  
1607  304 1605  
1662  1605 1604  
1663  1641 212  
1653  1618 1628  
1513  1457 179  
1512  1480 1482  
1570  1508 1530  
1562  1519 1558  
1471  1448 1470  
1393  1358 1320  
1604  305 1602  
1660  1602 1600  
1531  213 1514  
1618  1484 196  
1362  1322 181  
1611  1400 1456  
1454  1394 1430  
1504  1502 1425  
1497  116 1471  
1427  1387 1391  
1600  46 1599  
1599  306 1597  
1652  1648 1589  
1593  1459 213  
1150  1115 182  
1367  1330 1290  
1246  1245 166  
1399  1347 1354  
1465  1445 1437  
1492  1462 1444  
1656  1597 230  
1596  307 1595  
1612  945 948  
1004  214 948  
941  879 183  
1055  997 936  
1160  1107 1050  
1149  1143 1101  
1340  1233 1195  
1339  1297 1296  
1654  231 1646  
1594  308 1592  
889  684 215  
746  613 686  
886  756 820  
679  609 607  
742  677 674  
797  738 736  
802  734 731  
920  861 918  
1643  1592 232  
1588  309 1581  
436  311 434  
531  432 529  
432  312 430  
430  312 313  
525  428 426  
422  315 420  
414  318 412  
408  320 406  
400  323 398  
390  327 388  
479  381 478  
1581  309 310  
340  242 243  
370  254 255  
867  801 803  
1093  737 806  
821  676 749  
687  94 608  
752  681 612  
615  96 526  
1003  97 532  
1627  1591 98  
1725  1668 100  
1698  100 1664  
1686  101 1616  
1669  102 1626  
1688  103 104  
294  104 21  
1734  61 105  
1734  1692 106  
1839  1749 139  
1844  140 139  
1821  157 1819  
1832  1831 174  
1822  1766 191  
1761  1709 208  
1723  1659 1695  
1750  62 1734  
1836  1827 1729  
1837  124 1833  
1842  1819 141  
1818  158 1799  
1812  1800 175  
1776  1761 208  
1771  1744 1719  
1826  1814 1811  
1830  1826 107  
1810  1803 125  
1788  142 1769  
1808  1807 159  
1786  1781 176  
1743  1665 1717  
1817  1796 64  
1813  1804 109  
1769  1757 126  
1768  143 1762  
1767  1759 160  
1759  1717 1712  
1794  1779 1751  
1779  1745 110  
1714  127 1667  
1752  144 1694  
1724  1647 1701  
1726  1651 1673  
1651  1587 111  
1657  1631 127  
1645  145 1634  
1613  1328 1284  
1461  1435 112  
1501  1478 1368  
1692  121 122  
1736  122 121  
1755  139 138  
1834  1828 156  
1835  173 1829  
1783  190 189  
1747  206 1711  
1709  1671 224  
1839  1836 1729  
1833  1820 1830  
1820  1815 1804  
1790  1745 1779  
1715  1587 1651  
1631  1435 1485  
1478  1402 1329  
1500  1473 1460  
1540  1499 1527  
1549  1529 1521  
1437  1417 1409  
1276  1186 1232  
866  800 865  
489  390 487  
1737  1736 137  
1749  138 139  
1837  139 140  
1842  1810 1841  
1769  142 1757  
1762  1714 1757  
1694  1644 1657  
1572  1479 1510  
1524  1505 1509  
1575  1568 1555  
1502  1430 1425  
1354  1282 1348  
1149  1041 1109  
807  738 797  
499  400 497  
1737  153 154  
1755  154 155  
1844  155 156  
1843  1821 1819  
1799  158 1787  
1768  1762 142  
1785  1784 159  
1579  1578 162  
1567  1564 147  
1508  1482 164  
1426  1355 1394  
1285  1246 1234  
1107  1053 167  
744  678 677  
507  408 505  
1690  169 170  
1727  170 171  
1838  1834 171  
1829  1823 1821  
1825  1816 1818  
1824  1807 1808  
1786  1767 175  
1580  177 1573  
1560  1550 178  
1480  1457 180  
1366  1362 181  
1421  1208 1395  
1055  936 992  
757  688 184  
515  416 513  
1735  185 1693  
1765  186 187  
1802  187 1756  
1835  188 189  
1832  189 190  
1831  1822 1812  
1800  1791 1781  
1670  1563 1590  
1583  1523 1560  
1481  196 1422  
1401  1322 1362  
1200  1156 1150  
999  943 879  
756  747 200  
521  422 519  
1693  201 202  
1733  202 1687  
1764  1756 203  
1795  1773 204  
1783  205 1758  
1766  206 1747  
1770  207 1761  
1760  1742 1700  
1721  1710 210  
1661  1618 1653  
1514  1459 1484  
1593  197 1459  
1004  948 890  
816  760 746  
1689  217 218  
1687  218 219  
1705  219 1677  
1679  220 1629  
1658  221 1625  
1684  222 1622  
1685  225 1614  
1678  226 1607  
1702  1662 1663  
1706  1641 1660  
1656  229 1599  
1646  945 1612  
1624  614 759  
379  334 378  
381  332 380  
380  333 379  
365  237 238  
365  238 358  
358  239 353  
353  1 345  
372  241 242  
372  242 340  
368  345 240  
373  244 343  
343  244 245  
371  246 350  
350  246 2  
374  248 341  
341  248 249  
359  341 249  
360  251 342  
342  251 252  
354  253 3  
354  3 349  
369  256 347  
370  255 369  
355  257 258  
366  258 259  
366  259 344  
344  259 260  
361  4 351  
367  262 348  
363  264 265  
441  265 356  
575  481 385  
356  267 268  
267  6 268  
385  269 270  
481  441 356  
387  385 270  
389  387 271  
391  389 272  
395  393 273  
397  395 274  
399  397 275  
401  399 276  
405  403 277  
407  405 278  
409  407 279  
411  409 280  
415  413 281  
417  415 282  
421  419 283  
423  421 284  
427  425 285  
429  427 286  
433  431 287  
534  435 288  
1586  616 14  
1603  1598 15  
1608  291 16  
1632  1626 18  
1676  293 19  
1681  22 1639  
1682  24 1638  
1683  27 1640  
1680  29 1636  
1637  31 217  
299  34 218  
1629  300 37  
1622  301 39  
1617  302 41  
1614  303 42  
1605  304 44  
1602  305 45  
1597  47 1596  
1595  48 1594  
1592  49 1588  
309  50 310  
1581  51 436  
434  52 432  
527  428 525  
428  53 426  
424  54 422  
420  316 418  
418  317 416  
416  55 414  
412  319 410  
410  56 408  
406  321 404  
404  322 402  
402  57 400  
398  324 396  
396  325 394  
394  326 392  
392  58 390  
388  328 386  
386  329 384  
384  330 383  
383  331 382  
382  59 381  
473  337 338  
346  235 236  
364  235 346  
364  357 234  
357  233 234  
357  339 233  
339  5 233  
373  243 244  
456  340 373  
359  249 250  
352  350 2  
375  252 253  
360  359 250  
371  245 246  
464  343 371  
361  260 4  
355  347 257  
345  1 240  
368  240 241  
363  348 263  
362  236 237  
718  568 564  
347  256 257  
562  439 559  
367  351 261  
348  262 263  
471  448 354  
349  3 254  
352  2 247  
437  371 350  
450  361 351  
351  4 261  
374  352 247  
472  352 449  
447  353 446  
353  239 1  
448  375 354  
375  253 354  
366  355 258  
439  355 366  
356  266 267  
481  268 269  
338  357 473  
364  234 235  
365  362 237  
358  238 239  
360  250 251  
460  359 443  
461  342 453  
461  360 342  
265  266 356  
462  361 450  
361  344 260  
470  362 445  
362  346 236  
575  567 441  
444  348 363  
442  364 346  
458  357 364  
447  358 353  
466  365 358  
462  344 361  
454  366 344  
463  348 444  
463  367 348  
372  368 241  
467  368 372  
468  347 455  
468  369 347  
465  370 369  
370  349 254  
464  371 437  
371  343 245  
440  372 340  
467  372 440  
456  440 340  
373  340 243  
452  449 374  
452  374 341  
453  375 448  
375  342 252  
568  473 458  
376  336 337  
475  377 474  
377  335 336  
476  378 475  
378  334 335  
477  379 476  
379  333 334  
478  380 477  
380  332 333  
572  478 571  
381  59 332  
480  382 479  
382  331 59  
482  383 480  
383  330 331  
483  384 482  
384  329 330  
387  270 271  
469  444 363  
485  386 483  
386  328 329  
389  271 272  
486  387 389  
487  388 485  
388  327 328  
391  272 7  
486  484 387  
581  487 579  
390  58 327  
393  7 273  
490  488 391  
491  392 489  
392  326 58  
395  273 274  
582  580 488  
493  394 491  
394  325 326  
397  274 275  
492  490 393  
495  396 493  
396  324 325  
399  275 276  
494  492 395  
497  398 495  
398  323 324  
401  276 8  
496  494 397  
591  497 589  
400  57 323  
403  8 277  
500  498 401  
501  402 499  
402  322 57  
405  277 278  
592  590 498  
503  404 501  
404  321 322  
407  278 279  
502  500 403  
505  406 503  
406  320 321  
409  279 280  
504  502 405  
601  507 599  
408  56 320  
411  280 9  
506  504 407  
509  410 507  
410  319 56  
413  9 281  
600  598 506  
511  414 412  
412  318 319  
415  281 282  
512  413 415  
513  414 511  
414  55 318  
417  282 10  
512  510 413  
607  513 605  
416  317 55  
419  10 283  
608  606 514  
517  420 418  
418  316 317  
421  283 284  
516  514 417  
519  422 420  
420  315 316  
423  284 11  
520  421 423  
521  424 422  
422  54 315  
425  423 11  
681  520 522  
523  426 424  
424  314 54  
427  285 286  
524  522 425  
426  53 314  
426  314 424  
429  286 12  
526  427 429  
527  430 428  
428  313 53  
431  429 12  
528  526 429  
529  432 430  
430  313 428  
433  287 13  
530  528 431  
531  434 432  
432  52 312  
435  433 13  
532  530 433  
533  436 434  
434  311 52  
534  288 289  
1059  532 435  
1581  436 232  
436  51 311  
472  350 352  
459  456 373  
692  536 538  
438  349 370  
562  560 455  
455  355 439  
544  543 440  
457  446 345  
469  265 441  
470  346 362  
563  470 557  
460  452 341  
443  359 360  
451  450 351  
469  363 265  
445  362 365  
557  445 551  
457  345 368  
540  447 446  
545  447 540  
466  358 447  
538  453 448  
471  354 349  
449  352 374  
537  449 452  
451  351 367  
462  454 344  
463  451 367  
554  553 450  
460  341 359  
620  452 460  
536  535 461  
453  342 375  
559  454 556  
454  439 366  
468  465 369  
455  347 355  
459  373 343  
624  543 544  
467  457 368  
541  540 446  
458  364 442  
464  459 343  
546  544 456  
620  460 443  
535  620 443  
461  443 360  
553  462 450  
556  462 553  
565  555 463  
555  554 451  
550  437 547  
550  464 437  
558  552 438  
465  438 370  
551  466 545  
466  445 365  
543  542 467  
542  541 457  
560  468 455  
561  468 560  
654  575 484  
566  565 444  
638  551 623  
470  442 346  
552  548 471  
548  538 448  
628  537 621  
472  437 350  
357  338 339  
473  357 458  
568  458 564  
473  376 337  
718  474 568  
474  377 376  
569  475 718  
475  378 377  
570  476 569  
476  379 378  
571  477 570  
477  380 379  
649  572 648  
478  381 380  
573  479 572  
479  382 381  
574  480 573  
480  383 382  
481  356 268  
481  269 385  
576  482 574  
482  384 383  
577  483 576  
483  386 384  
617  555 565  
484  385 387  
579  485 577  
485  388 386  
488  389 391  
580  486 488  
658  581 656  
487  390 388  
490  391 393  
580  578 486  
583  489 581  
489  392 390  
492  393 395  
584  582 490  
585  491 583  
491  394 392  
494  395 397  
659  657 582  
587  493 585  
493  396 394  
496  397 399  
586  584 492  
589  495 587  
495  398 396  
498  399 401  
588  586 494  
668  591 666  
497  400 398  
500  401 403  
590  588 496  
593  499 591  
499  402 400  
502  403 405  
594  592 500  
595  501 593  
501  404 402  
504  405 407  
669  667 592  
597  505 503  
503  406 404  
506  407 409  
598  596 504  
599  505 597  
505  408 406  
508  409 411  
600  506 508  
743  674 599  
507  410 408  
510  508 411  
602  600 508  
603  509 601  
509  412 410  
510  411 413  
676  600 602  
511  412 509  
605  513 511  
514  415 417  
606  604 512  
679  607 168  
513  416 414  
516  417 419  
608  514 516  
609  515 607  
515  418 416  
518  516 419  
680  608 516  
610  519 517  
517  418 515  
680  518 95  
518  419 421  
519  420 517  
521  519 184  
522  520 423  
520  95 518  
611  523 521  
611  521 184  
522  423 425  
612  522 524  
1585  525 523  
523  424 521  
612  524 96  
524  425 427  
525  426 523  
527  525 200  
615  526 528  
526  96 524  
686  527 200  
613  529 527  
528  429 431  
615  528 97  
531  529 216  
529  430 527  
530  97 528  
530  431 433  
614  533 531  
614  531 216  
532  433 435  
1003  947 97  
533  232 436  
533  434 531  
616  534 289  
1627  1059 534  
535  443 461  
536  461 453  
76  535 693  
537  452 620  
538  536 453  
693  535 536  
539  449 537  
548  448 471  
692  693 536  
640  539 628  
539  472 449  
541  446 457  
622  545 540  
542  457 467  
625  622 540  
543  467 440  
627  625 541  
630  543 624  
544  440 456  
546  456 459  
626  544 546  
623  545 622  
545  466 447  
549  459 464  
626  624 544  
550  549 464  
547  437 472  
552  471 438  
629  694 538  
633  626 546  
549  546 459  
640  547 539  
634  633 549  
551  445 466  
700  623 699  
558  438 465  
645  552 558  
554  450 451  
631  556 553  
555  451 463  
637  631 553  
565  463 444  
639  555 617  
632  556 631  
556  454 462  
837  718 638  
557  470 445  
561  465 468  
645  558 641  
711  636 643  
559  439 454  
562  455 439  
635  561 560  
641  561 635  
561  558 465  
643  559 632  
643  562 559  
563  442 470  
564  458 442  
564  442 563  
566  444 469  
618  617 565  
567  566 469  
654  619 567  
567  469 441  
654  578 619  
568  474 376  
568  376 473  
718  475 474  
646  569 837  
569  476 475  
647  570 646  
570  477 476  
648  571 647  
571  478 477  
721  648 720  
572  479 478  
650  573 649  
573  480 479  
651  574 650  
574  482 480  
575  441 481  
575  385 484  
652  576 651  
576  483 482  
653  577 652  
577  485 483  
690  618 689  
578  484 486  
656  579 653  
579  487 485  
582  488 490  
657  580 582  
730  658 728  
581  489 487  
584  490 492  
657  655 580  
660  583 658  
583  491 489  
586  492 494  
661  584 586  
662  585 660  
585  493 491  
588  494 496  
661  659 584  
664  589 587  
587  495 493  
590  496 498  
665  663 588  
666  589 664  
589  497 495  
592  498 500  
667  590 592  
738  668 736  
591  499 497  
594  500 502  
667  665 590  
670  593 668  
593  501 499  
596  594 502  
737  667 669  
672  597 595  
595  503 501  
596  502 504  
671  669 594  
597  503 595  
743  599 597  
754  673 598  
598  504 506  
677  603 601  
599  507 505  
754  598 600  
602  508 510  
677  601 674  
601  509 507  
604  602 510  
683  602 604  
678  605 603  
603  511 509  
604  510 512  
683  604 94  
605  511 603  
607  605 168  
606  94 604  
606  512 514  
607  515 513  
679  675 609  
750  608 680  
608  94 606  
675  610 609  
609  517 515  
610  184 519  
610  517 609  
688  611 184  
1585  611 756  
685  682 96  
752  612 682  
613  216 529  
686  613 527  
1624  533 614  
684  614 216  
947  888 758  
758  685 615  
616  289 14  
1627  616 99  
718  564 563  
718  557 638  
639  637 554  
618  565 566  
619  618 566  
763  689 655  
619  566 567  
689  578 655  
629  538 548  
538  694 692  
790  621 620  
621  537 620  
625  540 541  
699  622 697  
623  551 545  
767  699 697  
76  620 535  
702  624 626  
630  627 542  
627  541 542  
701  625 627  
633  546 549  
706  626 633  
630  542 543  
701  697 625  
642  547 640  
628  539 537  
644  548 552  
703  624 702  
703  630 624  
637  553 554  
709  631 696  
636  635 560  
632  559 556  
634  549 550  
706  702 626  
642  550 547  
710  706 633  
636  560 562  
713  635 708  
643  636 562  
775  708 711  
639  554 555  
698  637 639  
638  557 551  
691  617 690  
698  639 691  
704  628 695  
715  640 704  
718  563 557  
645  644 552  
641  558 561  
714  710 634  
642  634 550  
712  632 709  
712  643 632  
707  694 629  
644  629 548  
716  641 713  
717  645 716  
837  569 718  
719  646 768  
646  570 569  
720  647 719  
647  571 570  
791  721 789  
648  572 571  
722  649 721  
649  573 572  
723  650 722  
650  574 573  
724  651 723  
651  576 574  
725  653 652  
652  577 576  
726  653 725  
653  579 577  
654  567 575  
654  484 578  
859  827 829  
655  578 580  
728  656 726  
656  581 579  
659  582 584  
729  657 659  
658  583 581  
799  728 796  
732  729 659  
729  727 657  
731  660 730  
660  585 583  
663  661 586  
801  798 729  
734  662 731  
662  587 585  
663  586 588  
733  732 661  
664  587 662  
805  666 664  
1040  735 665  
665  588 590  
736  666 136  
666  591 589  
669  592 594  
1040  667 737  
668  593 591  
741  670 738  
671  594 596  
740  669 671  
738  670 668  
670  595 593  
673  671 596  
739  671 673  
815  743 672  
672  595 670  
673  596 598  
739  673 93  
674  601 599  
808  742 152  
817  748 814  
675  184 610  
683  676 602  
821  754 676  
823  812 744  
678  603 677  
745  678 744  
678  168 605  
748  168 745  
755  679 748  
680  516 518  
750  687 608  
681  95 520  
681  522 612  
887  761 82  
826  752 682  
753  94 751  
1063  877 810  
760  216 613  
889  759 684  
825  761 685  
685  96 615  
747  686 200  
747  746 686  
891  95 818  
809  751 687  
757  184 675  
879  819 183  
689  618 619  
689  619 578  
829  690 763  
690  617 618  
698  696 637  
691  639 617  
762  693 692  
788  76 762  
788  620 76  
707  629 644  
773  694 707  
769  704 695  
695  628 621  
766  696 764  
696  631 637  
767  697 765  
697  622 625  
829  698 691  
764  698 829  
699  623 622  
768  837 700  
700  638 623  
705  627 630  
772  701 705  
774  702 706  
770  703 702  
771  703 770  
705  630 703  
715  714 642  
704  640 628  
837  638 700  
772  705 771  
705  701 627  
710  633 634  
774  770 702  
717  644 645  
773  832 694  
779  708 775  
708  635 636  
712  711 643  
709  632 631  
714  634 642  
776  774 706  
777  711 712  
711  708 636  
778  709 766  
778  712 709  
783  713 779  
713  641 635  
715  642 640  
780  776 710  
781  704 769  
784  715 781  
785  716 783  
716  645 641  
782  773 707  
717  707 644  
768  646 837  
787  719 786  
719  647 646  
789  720 787  
720  648 647  
855  791 853  
721  649 648  
792  722 791  
722  650 649  
793  723 792  
723  651 650  
794  724 793  
724  652 651  
725  652 724  
795  726 725  
796  726 795  
726  656 653  
727  655 657  
728  658 656  
800  730 799  
732  659 661  
801  729 732  
799  730 728  
730  660 658  
802  731 800  
731  662 660  
733  661 663  
804  733 735  
735  733 663  
803  801 732  
874  805 734  
734  664 662  
735  663 665  
982  735 92  
736  668 666  
869  797 136  
813  739 811  
1040  737 92  
876  807 797  
741  672 670  
811  739 93  
813  740 739  
740  737 669  
740  671 739  
870  815 741  
815  672 741  
742  674 152  
823  744 742  
743  152 674  
743  597 672  
812  745 744  
744  677 742  
814  748 745  
745  168 678  
822  816 746  
816  684 760  
1585  756 200  
886  822 747  
938  817 167  
748  679 168  
882  821 872  
749  676 683  
750  680 95  
818  95 752  
810  753 751  
751  94 687  
891  818 809  
752  95 681  
753  749 683  
753  683 94  
754  93 673  
754  600 676  
885  755 881  
755  675 679  
756  611 688  
820  688 819  
757  675 755  
885  757 755  
758  615 97  
888  825 758  
1699  1624 759  
759  614 684  
760  684 216  
760  613 746  
887  826 761  
761  682 685  
916  860 832  
762  76 693  
763  690 689  
763  655 727  
827  764 829  
829  691 690  
828  766 764  
764  696 698  
694  832 692  
854  700 699  
854  830 851  
951  767 765  
765  697 701  
777  775 711  
766  709 696  
951  830 767  
767  854 699  
768  700 854  
621  790 695  
839  781 769  
836  770 774  
833  771 770  
835  771 833  
771  705 703  
831  951 765  
772  765 701  
782  707 717  
843  773 782  
776  706 710  
836  833 770  
842  777 841  
840  779 775  
780  710 714  
838  836 774  
778  777 712  
841  777 778  
834  766 828  
834  778 766  
845  779 840  
779  713 708  
784  714 715  
844  838 776  
847  781 839  
781  715 704  
785  717 716  
843  832 773  
849  783 845  
783  716 713  
846  844 780  
784  780 714  
848  843 782  
785  782 717  
854  851 786  
786  719 768  
852  787 851  
787  720 719  
857  856 788  
856  790 788  
853  789 852  
789  721 720  
850  839 769  
790  769 695  
791  722 721  
858  793 792  
855  792 791  
792  723 722  
861  793 858  
793  724 723  
862  795 794  
794  725 724  
795  725 794  
796  795 120  
796  728 726  
863  796 120  
797  736 136  
990  876 985  
912  827 859  
798  727 729  
863  799 796  
865  799 863  
926  865 924  
800  731 730  
864  798 801  
803  732 733  
925  874 802  
874  734 802  
804  803 733  
867  864 801  
1026  982 92  
929  927 867  
805  136 666  
805  664 734  
932  806 871  
806  737 740  
870  808 815  
807  741 738  
878  823 742  
815  808 152  
998  940 81  
809  687 750  
877  824 810  
824  753 810  
821  811 93  
884  813 811  
880  812 823  
873  814 812  
988  939 884  
813  806 740  
814  745 812  
817  814 167  
815  152 743  
870  741 807  
890  816 822  
816  215 684  
938  936 881  
817  755 748  
883  752 826  
940  818 883  
819  688 757  
879  820 819  
943  886 820  
820  756 688  
821  93 754  
872  821 749  
822  746 747  
890  822 199  
878  742 808  
880  873 812  
1002  872 824  
824  749 753  
946  825 888  
825  82 761  
942  883 826  
826  682 761  
828  827 91  
828  764 827  
892  828 91  
829  763 727  
859  829 727  
830  854 767  
910  851 830  
831  765 772  
835  772 771  
951  831 893  
899  832 843  
860  857 762  
952  893 895  
895  835 833  
897  834 892  
841  778 834  
893  831 835  
835  831 772  
838  774 776  
896  895 833  
844  776 780  
898  896 836  
850  769 790  
847  846 784  
903  840 900  
842  775 777  
892  834 828  
901  841 897  
900  840 842  
842  840 775  
848  782 785  
906  843 848  
846  780 784  
902  898 838  
849  848 785  
845  783 779  
847  784 781  
905  902 844  
904  839 894  
907  847 904  
849  785 783  
906  899 843  
908  845 903  
909  849 908  
856  850 790  
894  839 850  
851  787 786  
911  852 910  
852  789 787  
853  791 789  
913  853 911  
854  786 768  
913  855 853  
858  792 855  
857  788 762  
915  894 850  
860  762 692  
919  857 914  
974  917 972  
918  858 917  
859  727 798  
912  859 798  
860  692 832  
916  832 899  
862  794 861  
861  794 793  
921  862 920  
862  120 795  
922  120 921  
924  863 922  
927  864 867  
977  912 864  
1051  925 984  
865  800 799  
925  869 874  
866  802 800  
868  803 804  
957  901 956  
923  868 804  
980  929 868  
933  876 797  
874  869 136  
930  807 876  
1000  870 930  
989  932 871  
871  806 813  
872  749 824  
928  882 872  
935  873 880  
873  167 814  
874  136 805  
925  802 866  
1063  875 996  
875  751 809  
933  797 869  
1109  1056 1036  
1102  877 1063  
1002  928 872  
931  878 808  
937  880 823  
997  941 183  
999  879 941  
937  823 878  
991  880 937  
936  885 881  
881  755 817  
994  934 928  
882  811 821  
942  940 883  
883  818 752  
934  811 882  
1046  988 1045  
885  183 819  
885  819 757  
886  199 822  
886  747 756  
1001  944 82  
993  887 944  
947  758 97  
946  888 83  
945  889 215  
1699  889 231  
890  215 816  
1058  1004 890  
891  809 750  
891  750 95  
977  927 950  
1037  1006 950  
910  830 951  
895  893 835  
951  893 60  
969  894 915  
954  904 894  
896  833 836  
953  895 896  
898  836 838  
953  952 895  
901  900 842  
897  841 834  
902  838 844  
955  953 896  
961  899 906  
916  914 860  
960  900 957  
901  842 841  
1006  892 950  
1006  897 892  
905  844 846  
958  955 898  
964  908 903  
903  845 840  
907  905 846  
904  847 839  
907  846 847  
965  905 907  
909  848 849  
966  906 909  
963  904 954  
965  907 963  
967  908 964  
908  849 845  
966  961 906  
909  906 848  
959  910 60  
910  852 851  
911  853 852  
968  911 959  
912  798 864  
912  91 827  
1005  959 60  
972  913 968  
919  915 856  
914  857 860  
919  856 857  
969  954 894  
971  899 961  
971  916 899  
1029  974 1027  
917  858 855  
975  918 974  
918  861 858  
973  914 970  
976  919 973  
979  920 975  
920  862 861  
979  921 920  
921  120 862  
978  924 922  
922  863 120  
982  923 804  
1031  987 929  
986  924 978  
924  865 863  
984  866 926  
984  925 866  
1139  1052 1097  
926  866 865  
929  867 868  
987  927 929  
1002  824 877  
994  988 934  
980  868 923  
1011  956 1006  
1056  1049 1000  
930  870 807  
995  937 931  
931  808 870  
1042  1026 932  
1093  932 1026  
983  933 869  
985  933 983  
934  884 811  
934  882 928  
1050  935 991  
1107  873 935  
992  938 167  
936  183 885  
937  878 931  
995  991 937  
938  881 817  
1053  992 167  
1048  989 939  
939  871 884  
998  996 949  
940  809 818  
1115  1060 182  
1064  999 941  
942  81 940  
942  826 887  
943  199 886  
943  820 879  
1057  944 1001  
1062  993 944  
945  231 889  
948  945 215  
946  82 825  
1206  1158 946  
1114  1003 98  
947  83 888  
1612  948 214  
948  215 890  
996  875 949  
949  875 809  
950  892 91  
977  950 91  
951  60 910  
1022  968 1005  
1012  893 952  
955  896 898  
1065  1022 1005  
1014  1010 954  
1010  963 954  
958  898 902  
1116  1080 1022  
1037  1011 1006  
956  901 897  
1013  957 1011  
957  900 901  
962  958 902  
1009  1008 955  
959  911 910  
1012  1005 60  
1016  960 1013  
960  903 900  
1079  1024 1019  
971  970 916  
1015  1009 958  
962  902 905  
1018  963 1010  
963  907 904  
964  903 960  
967  966 909  
1018  965 963  
965  962 905  
967  909 908  
1021  1019 966  
1020  967 964  
1021  967 1020  
968  913 911  
1065  1012 952  
976  915 919  
1068  1010 1014  
1023  973 970  
970  914 916  
1024  961 1019  
1024  971 961  
1027  972 1022  
972  917 913  
1030  973 1023  
973  919 914  
1035  979 1033  
974  918 917  
1033  979 975  
975  920 918  
1028  1014 969  
976  969 915  
977  91 912  
977  864 927  
981  922 921  
1034  978 1032  
1033  975 1029  
1035  981 979  
1038  923 1026  
1171  1120 1163  
981  978 922  
981  921 979  
982  804 735  
1093  1026 92  
1052  1036 985  
983  869 925  
1039  926 986  
1104  984 1039  
1052  985 983  
985  876 933  
1094  986 1034  
986  926 924  
1031  929 980  
1082  1069 1011  
988  884 934  
1045  988 994  
989  871 939  
1136  1042 1095  
1036  990 985  
990  930 876  
1050  991 151  
991  935 880  
1112  1060 997  
992  936 938  
1203  1192 1054  
993  81 942  
1044  994 928  
1045  994 79  
1049  931 1000  
995  151 991  
1197  998 1054  
1063  996 80  
1112  997 1055  
997  183 936  
998  949 940  
1054  998 81  
1333  1058 1113  
999  199 943  
1000  931 870  
1056  930 990  
1111  1057 1001  
1001  82 946  
1043  1002 877  
1044  928 1002  
1003  532 98  
1114  1061 1003  
1058  890 199  
1333  1294 1004  
1005  968 959  
1007  952 953  
1006  956 897  
1037  950 927  
1008  953 955  
1008  1007 953  
1009  955 958  
1116  1022 1065  
1015  958 962  
1128  1066 1117  
1014  954 969  
1018  1017 965  
1090  1082 987  
1011  957 956  
1012  60 893  
1065  952 1007  
1072  1013 1069  
1013  960 957  
1028  969 976  
1083  1014 1028  
1017  1015 962  
1070  1067 1009  
1075  1020 1016  
1016  964 960  
1074  1073 1017  
1017  962 965  
1071  1018 1010  
1074  1018 1071  
1019  961 966  
1025  971 1024  
1020  964 1016  
1078  1021 1020  
1078  1077 1021  
1021  966 967  
1022  972 968  
1066  1007 1008  
1025  970 971  
1030  1028 976  
1079  1019 1077  
1179  1130 77  
1081  1025 1024  
1025  1023 970  
1042  932 989  
1026  923 982  
1117  1066 1067  
1027  974 972  
1030  976 973  
1083  1068 1014  
1132  1085 1128  
1029  975 974  
1084  1023 1076  
1086  1028 1030  
1092  980 1038  
1090  1069 1082  
1088  1034 1032  
1032  978 981  
1087  1029 1085  
1091  1033 1087  
1094  1039 986  
1034  986 978  
1091  1035 1033  
1035  1032 981  
1155  1036 135  
1049  1041 995  
1037  927 987  
1082  1037 987  
1141  1098 1136  
1038  980 923  
1104  1097 1051  
1039  984 926  
1040  92 735  
1040  665 667  
1202  1149 1189  
1041  151 995  
1095  1042 989  
1136  1098 1042  
1102  1043 877  
1103  1044 1043  
1044  79 994  
1044  1002 1043  
1100  1096 1045  
1096  1046 1045  
1099  1046 1096  
1046  939 988  
1152  1105 1047  
1047  996 998  
1048  939 1046  
1147  1095 1048  
1049  995 931  
1056  1000 930  
1108  151 1101  
1151  1050 1108  
1097  1052 983  
1051  983 925  
1097  983 1051  
1196  1036 1052  
1161  1106 1053  
1107  167 873  
1203  81 993  
1242  1192 70  
1106  1055 992  
1159  1106 166  
1056  990 1036  
1056  1041 1049  
1110  1057 69  
1110  1062 1057  
1058  199 999  
1113  999 1064  
1059  98 532  
1059  435 534  
1115  1064 1060  
1060  941 997  
1292  1244 83  
1061  947 1003  
1203  1157 1192  
1062  944 1057  
1063  810 875  
1102  1063 80  
1156  1064 1115  
1064  941 1060  
1128  1116 1066  
1065  1005 1012  
1067  1008 1009  
1067  1066 1008  
1070  1009 1015  
1166  1117 1119  
1121  1068 1083  
1118  1071 1068  
1120  1072 1069  
1069  1013 1011  
1073  1070 1015  
1140  1089 1091  
1071  1010 1068  
1123  1074 1071  
1124  1072 1120  
1072  1016 1013  
1073  1015 1017  
1122  1119 1070  
1126  1074 1123  
1074  1017 1018  
1129  1078 1075  
1075  1016 1072  
1127  1076 1125  
1076  1023 1025  
1130  1077 77  
1077  1019 1021  
1078  1020 1075  
1078  77 1077  
1172  1170 1125  
1081  1024 1079  
1085  1027 1080  
1080  1027 1022  
1131  1081 1079  
1081  1076 1025  
1082  1011 1037  
1090  987 1031  
1086  1030 1084  
1121  1118 1068  
1133  1084 1127  
1084  1030 1023  
1085  1029 1027  
1166  1128 1117  
1134  1086 1133  
1086  1083 1028  
1089  1088 1032  
1087  1033 1029  
1142  1094 1034  
1089  1032 1035  
1091  1089 1035  
1137  1088 1089  
1135  1031 1092  
1135  1090 1031  
1138  1087 1132  
1138  1091 1087  
1228  1163 1135  
1092  1031 980  
1093  92 737  
1093  806 932  
1142  1034 1088  
1226  1142 1184  
1095  989 1048  
1187  1095 1147  
1146  1096 1100  
1144  1099 1096  
1104  1051 984  
1145  1039 1094  
1098  1038 1026  
1098  1026 1042  
1190  1099 1144  
1099  1048 1046  
1148  79 1103  
1235  1146 1191  
1143  1108 1101  
1101  151 1041  
1105  1102 80  
1243  1153 1105  
1193  1148 1103  
1103  79 1044  
1183  1094 1142  
1139  1097 1104  
1105  80 1047  
1243  1105 1198  
1106  992 1053  
1159  1112 1106  
1107  935 1050  
1160  1050 1151  
1194  1108 1143  
1108  1050 151  
1109  1041 1056  
1155  1109 1036  
1162  1110 69  
1365  1326 70  
1205  1111 1158  
1111  69 1057  
1112  182 1060  
1112  1055 1106  
1333  1113 198  
1113  1058 999  
1591  1114 98  
1114  84 1061  
1201  1150 182  
1156  1115 1150  
1116  1065 1007  
1116  1007 1066  
1119  1067 1070  
1119  1117 1067  
1164  1118 1121  
1165  1123 1118  
1122  1070 1073  
1227  1223 1222  
1163  1069 1090  
1173  1129 1124  
1134  1083 1086  
1176  1121 1134  
1126  1122 1073  
1140  1091 1138  
1123  1071 1118  
1126  1123 75  
1237  1212 1168  
1124  1075 1072  
1170  1127 1125  
1125  1076 1081  
1126  1073 1074  
1174  1126 75  
1175  1127 1170  
1127  1084 1076  
1128  1085 1080  
1128  1080 1116  
1129  77 1078  
1129  1075 1124  
1130  1079 1077  
1213  1180 1179  
1131  1125 1081  
1131  1079 1130  
1132  1087 1085  
1174  1122 1126  
1177  1133 1175  
1133  1086 1084  
1176  1164 1121  
1134  1121 1083  
1185  1141 1168  
1228  1135 1185  
1187  1168 1136  
1168  1141 1136  
1219  75 1210  
1225  1184 1137  
1178  1132 1166  
1169  1166 1119  
1195  1139 1104  
1233  1196 1139  
1182  1140 1138  
1140  1137 1089  
1141  1092 1038  
1141  1038 1098  
1184  1142 1088  
1183  1145 1094  
1238  1143 1202  
1194  1151 1108  
1231  1229 1190  
1190  1147 1099  
1195  1104 1145  
1145  1104 1039  
1191  1100 1148  
1275  1272 1188  
1187  1147 78  
1147  1048 1099  
1239  1191 1148  
1148  1100 79  
1149  1101 1041  
1189  1109 1155  
1424  1322 1401  
1200  198 1156  
1199  1160 1151  
1295  1151 1194  
1241  1198 1152  
1197  1047 998  
1286  1198 71  
1153  1103 1043  
1154  69 1111  
1293  1250 1154  
1186  1155 135  
1189  1155 1186  
1156  198 1113  
1156  1113 1064  
1192  1157 70  
1157  1062 1110  
1206  946 83  
1251  1158 1206  
1208  1159 166  
1421  1112 1159  
1207  1160 1199  
1160  1053 1107  
1161  166 1106  
1161  1053 1160  
1204  1162 69  
1248  1162 1204  
1163  1120 1069  
1163  1090 1135  
1258  1211 1216  
1211  1165 1164  
1165  75 1123  
1165  1118 1164  
1166  1132 1128  
1169  1119 1122  
1209  1167 1173  
1167  77 1129  
1215  1173 1171  
1212  1185 1168  
1174  1169 1122  
1222  1166 1169  
1172  1125 1131  
1218  1170 1217  
1274  1252 1256  
1171  1124 1120  
1180  1131 1130  
1217  1172 1214  
1173  1167 1129  
1173  1124 1171  
1224  1182 1223  
1182  1181 1140  
1177  1176 1134  
1175  1133 1127  
1177  1134 1133  
1216  1211 1164  
1220  1175 1218  
1221  1177 1220  
1182  1138 1178  
1178  1138 1132  
1214  1180 1213  
1230  77 1167  
1180  1172 1131  
1180  1130 1179  
1264  1181 1224  
1181  1137 1140  
1223  1178 1222  
1254  1210 1253  
1236  1183 1226  
1195  1145 1183  
1184  1088 1137  
1226  1184 119  
1185  1135 1092  
1185  1092 1141  
1233  135 1196  
1240  1189 1186  
1187  1136 1095  
1237  1187 78  
1272  1231 1188  
1188  1144 1146  
1240  1202 1189  
1189  1149 1109  
1231  1144 1188  
1190  78 1147  
1277  1235 1191  
1191  1146 1100  
1203  1054 81  
1283  1241 1152  
1278  1239 1193  
1193  1103 1153  
1238  1194 1143  
1295  1199 1151  
1236  1195 1183  
1233  1232 135  
1196  135 1036  
1196  1052 1139  
1197  1152 1047  
1197  1054 1192  
1198  1105 1152  
1332  1278 1286  
1295  1234 1199  
1207  1161 1160  
1363  1247 1322  
1424  1249 1200  
1290  1247 1201  
1421  1201 182  
1281  1238 1202  
1202  1143 1149  
1203  993 1062  
1203  1062 1157  
1609  1248 1204  
1204  69 1154  
1293  1205 68  
1205  1154 1111  
1292  83 1061  
1251  1205 1158  
1234  1207 1199  
1207  166 1161  
1245  1208 166  
1289  1208 1245  
1311  1237 1279  
1230  1213 1179  
1211  1210 1165  
1296  1254 1253  
1216  1164 1176  
1301  1258 1260  
1256  1228 1212  
1237  1168 1187  
1271  1213 1230  
1255  1214 1213  
1257  1214 1255  
1214  1172 1180  
1215  1209 1173  
1256  1171 1228  
1221  1176 1177  
1258  1253 1211  
1259  1218 1217  
1217  1170 1172  
1261  1220 1218  
1218  1175 1170  
1227  1222 1169  
1219  1174 75  
1263  1220 1261  
1220  1177 1175  
1260  1258 1216  
1221  1216 1176  
1222  1178 1166  
1227  1169 1174  
1262  1223 1227  
1223  1182 1178  
1264  1225 1181  
1224  1181 1182  
1225  119 1184  
1225  1137 1181  
1268  1226 119  
1226  1183 1142  
1227  1174 1219  
1267  1227 1219  
1228  1171 1163  
1228  1185 1212  
1308  1298 1255  
1229  78 1190  
1265  1209 1252  
1265  1230 1209  
1231  1190 1144  
1272  1266 1231  
1323  1276 1270  
1232  1186 135  
1233  1139 1195  
1340  1270 1233  
1347  1285 1324  
1452  1355 165  
1315  1275 1235  
1235  1188 1146  
1268  1236 1226  
1306  1236 1268  
1279  78 1229  
1256  1252 1215  
1319  1238 1281  
1238  150 1194  
1277  1239 72  
1239  1148 1193  
1276  1240 1186  
1317  1281 1240  
1241  71 1198  
1283  1242 1273  
1287  1242 70  
1283  1273 1241  
1286  1278 1243  
1243  1193 1153  
1672  1327 1584  
1327  1284 1244  
1452  1245 1280  
1246  166 1207  
1246  1207 1234  
1285  1280 1246  
1322  1247 181  
1247  1150 1201  
1288  1248 113  
1291  1248 1288  
1331  1294 1249  
1249  198 1200  
1293  1154 1205  
1357  1250 1321  
1251  68 1205  
1251  1206 1244  
1271  1230 1265  
1252  1209 1215  
1339  1302 1297  
1253  1210 1211  
1297  1267 1254  
1254  1219 1210  
1308  1255 1271  
1298  1257 1255  
1274  1256 1212  
1256  1215 1171  
1300  1257 1298  
1257  1217 1214  
1260  1216 1221  
1382  1377 1339  
1259  1217 1257  
1303  1261 1259  
1263  1221 1220  
1345  1258 1301  
1261  1218 1259  
1307  1263 1261  
1262  1224 1223  
1267  1262 1227  
1305  1301 1260  
1263  1260 1221  
1269  1225 1264  
1302  1262 1297  
1299  1252 1274  
1335  1311 1279  
1266  1229 1231  
1336  1334 1298  
1267  1219 1254  
1297  1254 1296  
1304  1268 119  
1341  1306 1268  
1343  1269 1309  
1269  119 1225  
1385  1323 1383  
1270  1232 1233  
1271  1255 1213  
1312  1265 1299  
1275  1188 1235  
1314  1272 1275  
1356  1273 1287  
1273  71 1241  
1274  1212 1237  
1279  1237 78  
1315  1235 1277  
1314  1310 1272  
1352  1276 1323  
1276  1232 1270  
1277  1191 1239  
1414  1315 1277  
1278  72 1239  
1278  1193 1243  
1313  1229 1266  
1311  1299 1274  
1355  1280 1316  
1280  1245 1246  
1281  1202 1240  
1319  1282 1238  
1282  150 1238  
1348  1282 1319  
1283  1152 1197  
1283  1197 1192  
1328  112 1321  
1284  68 1251  
1324  150 1318  
1347  1324 1318  
1286  1243 1198  
1325  71 1320  
1365  1291 1326  
1428  1356 1361  
1369  114 1288  
1291  1288 114  
1367  1290 1289  
1395  1289 1290  
1290  181 1247  
1395  1290 1201  
1291  1162 1248  
1361  1326 1291  
1292  1061 84  
1327  1292 84  
1328  68 1284  
1328  1293 68  
1294  214 1004  
1294  198 1249  
1295  1194 150  
1324  1295 150  
1345  1253 1258  
1339  1309 1302  
1302  1224 1262  
1297  1262 1267  
1336  1298 1308  
1334  1300 1298  
1312  1308 1271  
1299  1265 1252  
1337  1303 1300  
1300  1259 1257  
1305  1260 1263  
1346  1338 1305  
1309  1264 1302  
1302  1264 1224  
1303  1259 1300  
1307  1303 74  
1304  119 1269  
1384  1383 1351  
1307  1305 1263  
1379  1346 74  
1340  1306 1270  
1341  1268 1304  
1307  1261 1303  
1346  1307 74  
1312  1271 1265  
1342  1336 1308  
1377  1309 1339  
1309  1269 1264  
1310  1266 1272  
1375  1336 1342  
1311  1274 1237  
1335  1279 1313  
1416  1372 1344  
1416  1405 1375  
1313  1279 1229  
1344  1266 1310  
1349  1275 1315  
1314  73 1310  
1414  1387 1315  
1349  1314 1275  
1394  1316 149  
1316  1280 1285  
1350  1317 134  
1353  1240 1276  
1354  1347 1318  
1318  150 1282  
1350  1319 1281  
1350  1348 1319  
1358  1325 1320  
1320  71 1273  
1357  1321 112  
1321  1250 1293  
1366  181 1330  
1424  1363 1322  
1351  1270 1306  
1442  1409 1390  
1324  1285 1234  
1324  1234 1295  
1364  1332 1325  
1325  1286 71  
1326  1287 70  
1365  70 1157  
1327  1244 1292  
1584  1327 84  
1613  1601 1328  
1601  1461 1328  
1368  113 1357  
1402  1369 1329  
1330  181 1290  
1392  1330 1367  
1589  213 1551  
1331  214 1294  
1332  72 1278  
1332  1286 1325  
1333  198 1294  
1333  1004 1058  
1371  1337 1334  
1449  1405 1359  
1374  1299 1335  
1335  1299 1311  
1342  1308 1312  
1359  1344 1310  
1337  74 1303  
1337  1300 1334  
1412  1410 1377  
1338  1301 1305  
1382  1296 1345  
1377  1343 1309  
1340  1195 1236  
1340  1236 1306  
1373  1341 1304  
1384  1351 1341  
1374  1342 1312  
1372  1335 1313  
1410  1343 1377  
1343  1304 1269  
1344  1313 1266  
1359  1310 73  
1345  1296 1253  
1386  1301 1338  
1346  1305 1307  
1379  74 1376  
1347  149 1316  
1347  1316 1285  
1381  1380 1348  
1380  1354 1348  
1391  72 1360  
1349  73 1314  
1350  1281 1317  
1381  1350 134  
1351  1323 1270  
1351  1306 1341  
1390  1317 1353  
1390  1353 1352  
1353  1317 1240  
1353  1276 1352  
1434  1354 1380  
1354  1318 1282  
1394  1355 1316  
1452  165 1289  
1361  1356 1287  
1428  1393 1356  
1403  1357 112  
1609  1357 113  
1418  1389 1398  
1398  1364 1358  
1438  1371 1404  
1375  1342 1372  
1420  1391 1360  
1360  72 1332  
1477  1361 114  
1361  1287 1326  
1396  1362 1366  
1432  1401 1362  
1363  1200 1150  
1363  1150 1247  
1364  1325 1358  
1398  1389 1364  
1365  1157 1110  
1365  1110 1162  
1400  1330 1392  
1611  1396 1366  
1367  1289 165  
1392  1367 165  
1501  1368 1403  
1368  1329 113  
1498  1433 1472  
1369  1288 1329  
1371  1334 1370  
1370  1334 1336  
1388  1359 73  
1376  1337 1371  
1374  1372 1342  
1372  1313 1344  
1413  1384 1373  
1373  1304 1343  
1374  1312 1299  
1374  1335 1372  
1416  1359 1405  
1375  1370 1336  
1379  1378 1346  
1376  74 1337  
1382  1339 1296  
1386  1382 1345  
1439  1406 1436  
1378  1338 1346  
1415  1408 1379  
1415  1379 1376  
1381  1348 1350  
1434  1399 1354  
1417  134 1409  
1419  1380 1381  
1386  1345 1301  
1406  1338 1378  
1407  1385 1383  
1383  1323 1351  
1384  1341 1373  
1413  1407 1384  
1442  1390 1385  
1385  1352 1323  
1406  1386 1338  
1412  1382 1386  
1427  1397 1387  
1387  1349 1315  
1411  1388 73  
1487  1449 1388  
1451  1427 1391  
1389  1360 1364  
1390  134 1317  
1390  1352 1385  
1391  1387 72  
1420  1360 1389  
1426  1392 165  
1431  1400 1392  
1423  1393 115  
1393  1320 1356  
1430  1394 149  
1511  1454 1475  
1421  1395 1201  
1395  1208 1289  
1422  1396 180  
1432  1396 1422  
1447  1411 1397  
1397  73 1349  
1423  1398 1358  
1448  1398 1423  
1453  1399 1434  
1399  149 1347  
1456  1400 1431  
1400  1366 1330  
1432  1429 1401  
1424  1401 197  
1458  1402 129  
1458  1433 1402  
1435  1403 112  
1501  129 1478  
1404  1371 1370  
1405  1404 1370  
1405  1370 1375  
1449  1359 1388  
1436  1378 1408  
1439  1412 1406  
1476  1442 1450  
1407  1383 1384  
1462  1436 1408  
1408  1378 1379  
1409  134 1390  
1515  1488 118  
1463  1439 1436  
1410  1373 1343  
1411  73 1397  
1487  1464 1438  
1412  1377 1382  
1412  1386 1406  
1413  1373 1410  
1536  1413 1525  
1414  1277 72  
1414  72 1387  
1438  1376 1371  
1464  1444 1415  
1416  1375 1372  
1416  1344 1359  
1445  1417 1437  
1417  1381 134  
1470  1448 1443  
1467  1418 116  
1469  1441 1419  
1419  1381 1417  
1467  1389 1418  
1535  1467 1495  
1421  182 1112  
1421  1159 1208  
1432  1422 196  
1457  1422 180  
1423  1358 1393  
1443  1423 115  
1424  197 1249  
1424  1200 1363  
1425  149 1399  
1483  1425 1453  
1455  1431 1426  
1426  165 1355  
1451  1391 1420  
1468  1447 1427  
1477  1460 1428  
1428  115 1393  
1484  1459 1429  
1429  197 1401  
1430  149 1425  
1475  1454 1430  
1431  1392 1426  
1456  1431 164  
1432  1362 1396  
1432  196 1429  
1503  1477 1498  
1433  1369 1402  
1441  1434 1380  
1453  1434 1441  
1485  1435 1461  
1435  128 1403  
1463  1436 1462  
1436  1406 1378  
1476  1409 1442  
1494  1469 1445  
1449  1438 1404  
1440  1388 1411  
1446  1410 1439  
1439  1410 1412  
1466  1411 1447  
1491  1464 1440  
1441  1380 1419  
1453  1441 133  
1450  1385 1407  
1450  1442 1385  
1473  1443 115  
1471  1418 1448  
1515  1506 1488  
1444  1408 1415  
1494  1445 1465  
1445  1419 1417  
1525  1446 1463  
1446  1413 1410  
1447  1397 1427  
1493  1466 1447  
1448  1418 1398  
1448  1423 1443  
1449  1404 1405  
1487  1388 1440  
1536  1488 1450  
1536  1450 1407  
1467  1451 1420  
1535  1451 1467  
1452  1289 1245  
1452  1280 1355  
1483  1453 133  
1453  1425 1399  
1548  1475 148  
1454  1426 1394  
1455  164 1431  
1455  1426 1454  
1482  1456 164  
1611  1456 180  
1480  180 1456  
1513  1481 1457  
1510  1479 1458  
1458  130 1433  
1593  213 1331  
1459  197 1429  
1503  1472 1500  
1503  1500 1460  
1485  1461 111  
1461  112 1328  
1486  1463 1462  
1462  1408 1444  
1525  1463 1486  
1463  1446 1439  
1464  1415 1438  
1491  1440 1466  
1506  1437 1476  
1496  1469 1494  
1491  1489 1464  
1466  1440 1411  
1467  1420 1389  
1495  1467 116  
1528  1493 1468  
1468  1427 1451  
1469  133 1441  
1469  1419 1445  
1499  1470 1443  
1490  1471 1470  
1497  1471 1490  
1471  116 1418  
1472  1433 130  
1505  1472 130  
1527  1499 1473  
1473  115 1460  
1474  164 1455  
1556  1548 1553  
1502  1475 1430  
1548  1511 1475  
1488  1476 1450  
1476  1437 1409  
1477  1428 1361  
1498  1477 114  
1478  129 1402  
1478  1329 1368  
1533  1509 1479  
1479  130 1458  
1482  1480 1456  
1480  179 1457  
1628  1481 195  
1481  1422 1457  
1508  164 1474  
1532  1512 1482  
1507  1483 133  
1519  1502 1504  
1484  1429 196  
1514  1484 212  
1587  1485 111  
1631  1485 127  
1517  1515 1492  
1525  1486 118  
1487  1440 1464  
1487  1438 1449  
1515  118 1486  
1506  1476 1488  
1517  1489 1491  
1489  1444 1464  
1522  1470 1499  
1541  1516 117  
1518  1466 1493  
1545  1515 1517  
1492  1486 1462  
1492  1444 1489  
1493  1447 1468  
1518  1493 117  
1520  1516 1494  
1541  1538 1516  
1549  1542 1507  
1552  1541 1528  
1496  133 1469  
1516  1496 1494  
1497  1495 116  
1521  1490 132  
1498  114 1369  
1498  1369 1433  
1499  1443 1473  
1540  1522 1499  
1505  1500 1472  
1565  1500 1505  
1501  1403 128  
1633  1501 128  
1502  148 1475  
1504  1425 1483  
1503  1460 1477  
1503  1498 1472  
1526  1504 1483  
1526  1519 1504  
1509  130 1479  
1565  1527 1500  
1537  1520 1465  
1506  1465 1437  
1542  1526 1507  
1507  133 1496  
1530  1508 1474  
1570  1532 1508  
1533  1479 146  
1547  1509 1533  
1534  1458 129  
1572  1566 146  
1511  1474 1455  
1511  1455 1454  
1559  1550 179  
1512  179 1480  
1550  1523 179  
1675  1481 1513  
1531  1514 212  
1514  213 1459  
1515  1486 1492  
1517  1492 1489  
1520  1494 1465  
1552  1528 1535  
1543  1491 1518  
1539  1520 1537  
1545  1539 1537  
1518  1491 1466  
1568  1558 132  
1519  148 1502  
1537  1465 1506  
1520  117 1516  
1521  1497 1490  
1542  132 1526  
1554  1490 1522  
1522  1490 1470  
1560  1523 1550  
1675  1523 1583  
1569  1561 1555  
1565  1524 131  
1536  1525 118  
1525  1413 1446  
1526  1483 1507  
1558  1526 132  
1540  1527 131  
1527  1473 1500  
1528  117 1493  
1535  1528 1468  
1529  1495 1497  
1529  1497 1521  
1548  1530 1474  
1564  1530 1556  
1641  1531 212  
1706  1551 1531  
1532  1482 1508  
1559  1532 163  
1544  1533 146  
1547  1544 147  
1546  1534 129  
1634  1510 1534  
1535  1468 1451  
1552  1535 1495  
1536  1407 1413  
1536  118 1488  
1545  1537 1506  
1545  1543 1539  
1538  1507 1496  
1538  1496 1516  
1539  1518 117  
1539  117 1520  
1569  1555 131  
1554  1522 1540  
1541  117 1528  
1541  1529 1538  
1549  1507 1538  
1542  1521 132  
1543  1517 1491  
1543  1518 1539  
1567  1544 1557  
1569  147 1561  
1545  1506 1515  
1545  1517 1543  
1645  1634 1546  
1546  129 1501  
1547  1524 1509  
1547  1533 1544  
1548  1474 1511  
1553  1548 148  
1549  1538 1529  
1549  1521 1542  
1559  179 1512  
1582  1577 178  
1652  1589 1551  
1551  213 1531  
1552  1495 1529  
1552  1529 1541  
1561  1556 1553  
1562  148 1519  
1554  132 1490  
1555  1554 1540  
1555  1540 131  
1569  131 1524  
1564  1556 147  
1556  1530 1548  
1572  146 1479  
1571  1567 1557  
1558  1519 1526  
1568  132 1554  
1559  1512 1532  
1576  163 1571  
1563  1560 178  
1583  1560 1563  
1561  147 1556  
1575  1553 1562  
1568  1562 1558  
1562  1553 148  
1583  1563 194  
1573  1563 178  
1567  147 1544  
1574  1564 1567  
1565  1505 1524  
1565  131 1527  
1674  1579 1606  
1566  162 1557  
1571  1557 162  
1574  1570 1564  
1568  1554 1555  
1575  1555 1561  
1569  1524 1547  
1569  1547 147  
1570  163 1532  
1570  1530 1564  
1576  1571 162  
1574  1571 163  
1634  1572 1510  
1606  1572 145  
1580  178 1577  
1665  1590 177  
1574  1567 1571  
1574  163 1570  
1575  1561 1553  
1575  1562 1568  
1577  1576 162  
1576  1559 163  
1582  178 1550  
1578  1577 162  
1579  162 1566  
1650  1580 1578  
1606  1579 1566  
1579  161 1578  
1580  1573 178  
1580  1577 1578  
1588  1581 232  
1581  310 51  
1582  1550 1559  
1582  1576 1577  
1655  1583 194  
1675  1583 195  
1649  1584 84  
1703  1649 85  
1585  200 525  
1585  523 611  
1598  1586 290  
1586  99 616  
1715  1667 1587  
1587  127 1485  
1592  1588 232  
1588  49 309  
1589  214 1331  
1589  1331 213  
1670  1590 193  
1590  1563 1573  
1666  1591 1627  
1591  84 1114  
1699  1643 1624  
1592  308 49  
1593  1331 1249  
1593  1249 197  
1595  1594 231  
1594  48 308  
1654  1646 230  
1595  307 48  
1597  1596 230  
1596  47 307  
1656  1652 229  
1597  306 47  
1598  290 15  
1668  1598 100  
1600  1599 229  
1599  46 306  
1660  1600 229  
1600  45 46  
1673  1601 1613  
1601  111 1461  
1602  45 1600  
1604  1602 228  
1608  1603 291  
1603  100 1598  
1604  44 305  
1662  1604 228  
1605  44 1604  
1678  1607 227  
1606  1566 1572  
1647  1606 145  
1610  1607 226  
1607  43 304  
1616  16 17  
1664  1608 101  
1609  113 1248  
1609  1204 1250  
1610  43 1607  
1685  1614 226  
1611  180 1396  
1611  1366 1400  
1648  1612 214  
1646  1612 230  
1613  1284 67  
1673  1613 67  
1615  1614 225  
1614  42 1610  
1615  303 1614  
1659  1617 1615  
1621  1616 17  
1686  1616 1621  
1617  41 1615  
1619  1617 224  
1618  212 1484  
1628  1618 196  
1671  1619 224  
1620  1619 223  
1684  1622 223  
1620  39 40  
1626  1621 292  
1686  1621 102  
1623  1622 222  
1622  39 1620  
1658  1623 222  
1623  38 301  
1643  231 1594  
1624  232 533  
1679  1629 221  
1625  37 38  
1626  292 18  
1669  1626 103  
1666  1627 99  
1627  98 1059  
1628  196 1481  
1653  1628 195  
1630  1629 220  
1629  37 1625  
1705  1630 220  
1630  36 300  
1657  1644 128  
1631  128 1435  
1676  1632 293  
1632  103 1626  
1644  1633 128  
1645  1633 1644  
1634  145 1572  
1634  1534 1546  
1635  218 34  
1677  1635 35  
1636  29 30  
1693  1636 201  
1637  298 31  
1637  217 201  
1692  1638 121  
1682  1638 105  
1681  1639 90  
1639  22 23  
1640  27 28  
1690  1640 169  
1663  212 1661  
1660  1641 228  
1642  218 217  
1642  217 33  
1643  1594 1592  
1643  232 1624  
1645  1644 144  
1657  128 1631  
1701  1647 145  
1645  1546 1633  
1654  230 1596  
1646  231 945  
1674  1647 161  
1701  145 1645  
1648  230 1612  
1648  214 1589  
1696  84 1591  
1753  1703 85  
1724  1712 161  
1650  177 1580  
1673  111 1601  
1715  126 1667  
1652  1551 229  
1652  230 1648  
1655  195 1583  
1661  1653 211  
1654  1596 1595  
1654  1595 231  
1710  1655 194  
1721  1653 1655  
1656  1599 1597  
1656  230 1652  
1731  1657 127  
1731  1694 1657  
1711  1658 222  
1789  1658 1758  
1707  225 1685  
1659  224 1617  
1706  1660 229  
1660  228 1602  
1663  1661 211  
1661  212 1618  
1663  1662 228  
1662  227 1605  
1702  1663 211  
1663  228 1641  
1720  1704 87  
1664  100 1603  
1665  193 1590  
1717  1665 177  
1697  1666 99  
1697  1696 1666  
1714  1667 126  
1667  127 1587  
1725  1697 99  
1668  99 1586  
1730  1669 103  
1763  1718 1669  
1700  1670 193  
1670  194 1563  
1716  1671 1709  
1671  223 1619  
1672  67 1284  
1672  1284 1327  
1722  1673 67  
1726  1673 1722  
1674  161 1579  
1674  1606 1647  
1675  195 1481  
1675  1513 1523  
1676  19 104  
1676  104 1632  
1677  219 1635  
1677  35 36  
1708  227 1702  
1713  1678 1708  
1789  1679 221  
1805  1679 1789  
1680  297 29  
1680  185 169  
1681  104 294  
1681  294 22  
1682  105 61  
1682  61 295  
1683  296 27  
1683  153 137  
1716  1684 223  
1747  1711 1684  
1713  1685 226  
1707  1695 225  
1718  1686 102  
1718  1704 1686  
1689  1687 202  
1732  1687 219  
1688  104 90  
1691  1688 90  
1689  201 217  
1689  218 1687  
1690  153 1640  
1727  1690 170  
1691  89 1688  
1691  90 1639  
1692  105 1638  
1729  1692 122  
1693  185 1636  
1733  1693 202  
1752  1694 143  
1694  144 1644  
1738  1723 1695  
1723  208 1709  
1696  85 1649  
1696  1649 84  
1697  85 1696  
1725  99 1668  
1748  1698 1720  
1725  1698 86  
1699  759 889  
1699  231 1643  
1760  193 1744  
1710  1700 210  
1701  1645 144  
1754  1724 1701  
1708  1702 211  
1702  227 1662  
1722  1703 66  
1703  1584 1649  
1748  1720 87  
1704  101 1686  
1741  1705 220  
1732  1705 204  
1706  229 1551  
1706  1531 1641  
1742  1685 1713  
1707  209 1695  
1739  1721 210  
1708  1678 227  
1723  1709 224  
1761  1716 1709  
1710  194 1700  
1739  210 1713  
1758  1711 206  
1711  222 1684  
1780  1759 1712  
1712  177 1650  
1742  1713 210  
1713  226 1678  
1757  1714 126  
1731  1714 143  
1715  1651 110  
1745  1715 110  
1747  1716 207  
1716  223 1671  
1717  177 1712  
1743  192 1719  
1718  102 1669  
1740  1718 88  
1771  1738 1744  
1719  193 1665  
1720  1698 1664  
1720  101 1704  
1721  211 1653  
1721  1655 1710  
1722  67 1703  
1726  1722 66  
1723  224 1659  
1738  1695 209  
1780  1724 160  
1724  161 1647  
1725  100 1698  
1746  1725 86  
1751  1726 66  
1726  110 1651  
1727  171 155  
1727  154 1690  
1728  89 1691  
1809  1792 1728  
1836  1830 107  
1729  106 1692  
1730  103 1688  
1763  1730 89  
1731  127 1714  
1731  143 1694  
1732  203 1687  
1732  219 1705  
1733  186 1693  
1756  1733 203  
1734  105 1692  
1750  1734 106  
1735  186 170  
1735  169 185  
1749  1736 138  
1736  121 137  
1737  137 153  
1755  1737 154  
1760  1744 209  
1738  208 1723  
1739  1713 1708  
1739  211 1721  
1792  88 1763  
1740  87 1704  
1741  204 1705  
1741  220 1679  
1742  210 1700  
1742  209 1707  
1743  1717 176  
1781  1743 176  
1744  193 1719  
1771  1719 192  
1790  1779 109  
1745  126 1715  
1778  1753 85  
1746  85 1697  
1747  1684 1716  
1766  1747 207  
1775  1774 87  
1748  86 1698  
1839  139 123  
1749  122 1736  
1827  1750 106  
1827  1811 1809  
1777  1751 66  
1794  1751 1777  
1784  1752 143  
1785  1754 1752  
1778  85 1746  
1793  1777 1778  
1754  144 1752  
1754  160 1724  
1755  155 139  
1755  138 1737  
1773  1756 1764  
1756  187 1733  
1782  1769 126  
1762  1757 142  
1783  1758 206  
1789  1758 205  
1797  160 1785  
1759  176 1717  
1760  209 1742  
1760  1700 193  
1776  208 1771  
1761  207 1716  
1787  1768 142  
1762  143 1714  
1763  89 1728  
1763  88 1718  
1764  203 1732  
1773  1764 204  
1765  170 186  
1765  187 171  
1770  1766 207  
1766  190 206  
1807  1767 1797  
1767  176 1759  
1798  1768 158  
1798  1784 1768  
1803  1769 1782  
1788  1787 142  
1791  1770 1776  
1770  191 1766  
1776  1771 192  
1771  208 1738  
1806  1772 63  
1806  1775 1772  
1805  1795 204  
1802  1773 188  
1796  1774 64  
1796  1793 1774  
1775  64 1774  
1775  1740 1772  
1791  1776 192  
1776  1770 1761  
1794  1777 65  
1777  66 1753  
1778  1746 86  
1793  1778 86  
1779  110 1751  
1790  1782 1745  
1780  1712 1724  
1780  160 1759  
1800  1781 1786  
1781  192 1743  
1803  1782 125  
1782  126 1745  
1783  206 190  
1783  189 205  
1784  143 1768  
1797  1785 159  
1785  160 1754  
1785  1752 1784  
1786  176 1767  
1800  1786 175  
1799  1788 141  
1787  158 1768  
1788  1769 141  
1819  1799 141  
1789  221 1658  
1805  1789 205  
1804  1790 109  
1790  125 1782  
1791  192 1781  
1791  191 1770  
1809  1728 62  
1792  63 1772  
1793  86 1774  
1793  65 1777  
1801  65 1796  
1794  109 1779  
1795  205 189  
1795  188 1773  
1817  1814 108  
1796  65 1793  
1807  1797 159  
1797  1767 160  
1808  1798 158  
1798  159 1784  
1818  1799 157  
1799  1787 1788  
1824  1812 175  
1800  191 1791  
1813  1801 108  
1801  109 1794  
1840  1802 188  
1838  187 1802  
1815  1810 125  
1803  141 1769  
1820  1804 1813  
1804  125 1790  
1805  205 1795  
1805  204 1741  
1806  64 1775  
1811  1806 63  
1808  159 1798  
1807  175 1767  
1816  1808 158  
1824  1808 1816  
1809  63 1792  
1809  62 1750  
1841  124 1837  
1810  141 1803  
1811  63 1809  
1826  1811 107  
1831  1812 1824  
1812  191 1800  
1813  109 1801  
1820  1813 108  
1817  108 1801  
1814  64 1806  
1815  125 1804  
1841  1815 124  
1818  1816 158  
1824  1816 174  
1817  1801 1796  
1817  64 1814  
1823  1818 157  
1825  1818 1823  
1843  1819 1842  
1819  157 1799  
1826  1820 108  
1820  124 1815  
1828  1821 156  
1829  1821 1828  
1822  191 1812  
1822  190 1766  
1825  1823 173  
1823  157 1821  
1831  1824 174  
1824  175 1807  
1832  1825 173  
1825  174 1816  
1826  108 1814  
1836  107 1827  
1827  106 1729  
1827  107 1811  
1834  156 155  
1829  1828 172  
1835  1829 172  
1829  173 1823  
1833  1830 123  
1830  1820 1826  
1832  174 1825  
1831  190 1822  
1832  173 189  
1832  190 1831  
1837  1833 123  
1833  124 1820  
1834  172 1828  
1834  155 171  
1835  189 173  
1840  1835 172  
1839  1729 122  
1836  123 1830  
1837  123 139  
1841  1837 140  
1838  172 1834  
1838  171 187  
1839  123 1836  
1839  122 1749  
1840  188 1835  
1840  172 1838  
1842  1841 140  
1841  1810 1815  
1843  1842 140  
1842  141 1810  
1844  1843 140  
1843  156 1821  
1844  139 155  
1844  156 1843  
