51 
1844 
5.4094E-04   -6.0007E-04   
1.0290E-03   -5.0773E-04   
1.4158E-03   -3.6641E-04   
1.6641E-03   -1.9133E-04   
1.6421E-36   -6.2905E-04   
1.7479E-03   -8.5063E-37   
1.7871E-03   -2.1707E-36   
1.8511E-03   -2.1536E-38   
1.9915E-03   9.0380E-37   
2.1186E-03   1.3250E-36   
2.2803E-03   2.6582E-36   
2.4775E-03   3.6720E-36   
2.6293E-03   4.4602E-36   
2.8875E-03   6.7384E-36   
3.0799E-03   8.2149E-36   
3.2880E-03   7.5653E-36   
3.3977E-03   1.1221E-35   
3.6281E-03   1.6315E-35   
3.8726E-03   2.3366E-35   
4.0000E-03   -9.3651E-32   
4.0000E-03   -5.1680E-35   
4.0000E-03   -5.1680E-35   
4.0000E-03   -5.1680E-35   
4.0000E-03   -5.1680E-35   
4.0000E-03   -5.1680E-35   
4.0000E-03   -5.1680E-35   
4.0000E-03   -5.1680E-35   
4.0000E-03   -5.1680E-35   
4.0000E-03   -5.1680E-35   
4.0000E-03   -5.1680E-35   
4.0000E-03   -5.1680E-35   
4.0000E-03   -5.1680E-35   
3.7580E-03   -1.7307E-04   
3.3635E-03   -3.9515E-04   
3.1972E-03   -4.7157E-04   
3.0384E-03   -5.3462E-04   
2.7327E-03   -6.3616E-04   
2.5836E-03   -6.7866E-04   
2.2907E-03   -7.5352E-04   
2.1468E-03   -7.8778E-04   
1.8636E-03   -8.5297E-04   
1.5882E-03   -9.1607E-04   
1.4540E-03   -9.4744E-04   
1.1942E-03   -1.0090E-03   
9.4735E-04   -1.0676E-03   
8.2920E-04   -1.0950E-03   
6.0373E-04   -1.1436E-03   
3.9183E-04   -1.1808E-03   
1.9152E-04   -1.2039E-03   
2.2792E-36   -1.2109E-03   
2.5916E-35   -1.1472E-03   
2.6859E-35   -1.0865E-03   
2.5227E-35   -1.0058E-03   
2.3892E-35   -9.5951E-04   
2.1054E-35   -8.8403E-04   
1.9217E-35   -8.4105E-04   
1.7305E-35   -7.9920E-04   
1.5725E-35   -7.6552E-04   
1.5386E-35   -7.3618E-04   
4.0972E-04   -6.4014E-04   
3.8433E-03   -1.5291E-05   
3.6791E-03   -3.1976E-05   
3.4415E-03   -5.5302E-05   
3.2468E-03   -7.5236E-05   
3.0583E-03   -1.0007E-04   
2.8458E-03   -1.1488E-04   
2.6718E-03   -1.2096E-04   
2.4568E-03   -1.3960E-04   
2.2435E-03   -1.5112E-04   
2.0312E-03   -1.6124E-04   
1.8207E-03   -1.7028E-04   
1.6014E-03   -1.8474E-04   
1.3758E-03   -2.2135E-04   
1.0675E-03   -3.1948E-04   
7.5330E-04   -4.7252E-04   
1.1185E-03   -3.7233E-04   
1.3336E-03   -1.8527E-04   
1.5421E-03   -1.1737E-04   
1.7394E-03   -9.9302E-05   
1.9289E-03   -9.6822E-05   
2.1092E-03   -9.7709E-05   
2.3151E-03   -8.9633E-05   
2.5066E-03   -8.3125E-05   
2.6849E-03   -7.4726E-05   
2.8689E-03   -7.5228E-05   
3.0692E-03   -5.9589E-05   
3.2618E-03   -4.6990E-05   
3.4503E-03   -3.7824E-05   
3.6498E-03   -2.1973E-05   
3.8231E-03   -9.2632E-06   
1.6370E-03   -8.2930E-05   
1.7376E-03   -3.9193E-05   
1.8522E-03   -3.6798E-05   
2.0110E-03   -3.7764E-05   
2.1631E-03   -3.8449E-05   
2.3504E-03   -4.0501E-05   
2.5178E-03   -4.1579E-05   
2.6842E-03   -4.0662E-05   
2.8983E-03   -3.2685E-05   
3.0774E-03   -2.6421E-05   
3.2800E-03   -2.2685E-05   
3.4791E-03   -1.6369E-05   
3.6737E-03   -1.0738E-05   
3.8524E-03   -3.5033E-06   
3.8139E-03   -2.3757E-05   
3.6362E-03   -5.0129E-05   
3.4184E-03   -8.4144E-05   
3.2174E-03   -1.0519E-04   
3.0435E-03   -1.3524E-04   
2.8250E-03   -1.5943E-04   
2.6096E-03   -1.8128E-04   
2.4053E-03   -1.9830E-04   
2.1930E-03   -2.1903E-04   
1.9938E-03   -2.3712E-04   
1.7385E-03   -2.6553E-04   
1.4657E-03   -3.0751E-04   
1.1980E-03   -3.6530E-04   
9.1753E-04   -4.4867E-04   
6.0394E-04   -5.7746E-04   
3.0032E-04   -7.0083E-04   
3.8026E-03   -3.5241E-05   
3.6516E-03   -6.4044E-05   
3.3928E-03   -1.1412E-04   
3.2231E-03   -1.4553E-04   
3.0205E-03   -1.7694E-04   
2.7769E-03   -2.1747E-04   
2.5614E-03   -2.3966E-04   
2.3522E-03   -2.6311E-04   
2.1063E-03   -2.9722E-04   
1.8760E-03   -3.3484E-04   
1.6319E-03   -3.7568E-04   
1.3755E-03   -4.1346E-04   
1.1000E-03   -4.8971E-04   
8.3172E-04   -5.6213E-04   
5.4052E-04   -6.6501E-04   
2.5757E-04   -7.5459E-04   
3.8578E-03   -3.0812E-05   
3.5841E-03   -9.6295E-05   
3.4282E-03   -1.3035E-04   
3.2381E-03   -1.7543E-04   
2.9543E-03   -2.3287E-04   
2.7524E-03   -2.7116E-04   
2.5424E-03   -3.0254E-04   
2.2941E-03   -3.4423E-04   
2.0677E-03   -3.8502E-04   
1.8235E-03   -4.1919E-04   
1.5933E-03   -4.5881E-04   
1.3049E-03   -5.1129E-04   
1.0253E-03   -5.9956E-04   
7.6435E-04   -6.6279E-04   
5.1938E-04   -7.4247E-04   
2.5538E-04   -8.0584E-04   
3.7702E-03   -6.3040E-05   
3.6097E-03   -1.1099E-04   
3.4155E-03   -1.6835E-04   
3.2198E-03   -2.2362E-04   
2.9359E-03   -2.8986E-04   
2.7079E-03   -3.3125E-04   
2.4763E-03   -3.8435E-04   
2.2544E-03   -4.3218E-04   
1.9895E-03   -4.6827E-04   
1.7741E-03   -4.9992E-04   
1.5550E-03   -5.5593E-04   
1.2643E-03   -6.2492E-04   
9.8046E-04   -6.9755E-04   
7.3233E-04   -7.5952E-04   
4.6839E-04   -8.2317E-04   
2.4463E-04   -8.6389E-04   
3.8187E-03   -6.6719E-05   
3.6006E-03   -1.4710E-04   
3.4219E-03   -2.0193E-04   
3.1421E-03   -2.8993E-04   
2.8957E-03   -3.6351E-04   
2.6758E-03   -4.0806E-04   
2.4030E-03   -4.6769E-04   
2.1984E-03   -5.1119E-04   
1.9330E-03   -5.5360E-04   
1.7017E-03   -5.9848E-04   
1.4396E-03   -6.5629E-04   
1.2258E-03   -7.1044E-04   
9.6851E-04   -7.7683E-04   
7.1345E-04   -8.3664E-04   
4.6602E-04   -8.9127E-04   
2.1909E-04   -9.3049E-04   
3.7879E-03   -8.9965E-05   
3.5487E-03   -1.8735E-04   
3.3817E-03   -2.4740E-04   
3.0570E-03   -3.6475E-04   
2.8603E-03   -4.2254E-04   
2.6367E-03   -4.8545E-04   
2.3917E-03   -5.3368E-04   
2.1441E-03   -5.8844E-04   
1.8696E-03   -6.5035E-04   
1.6402E-03   -6.9754E-04   
1.4151E-03   -7.4379E-04   
1.1806E-03   -8.0055E-04   
9.2283E-04   -8.7252E-04   
7.0339E-04   -9.1402E-04   
4.5499E-04   -9.6550E-04   
2.2583E-04   -9.9543E-04   
3.8061E-03   -1.0697E-04   
3.6014E-03   -2.0639E-04   
3.3265E-03   -3.1921E-04   
3.0861E-03   -4.1950E-04   
2.8259E-03   -4.8168E-04   
2.5747E-03   -5.4688E-04   
2.3355E-03   -6.0867E-04   
2.0960E-03   -6.6617E-04   
1.8566E-03   -7.2236E-04   
1.5934E-03   -7.7179E-04   
1.3606E-03   -8.4403E-04   
1.1165E-03   -8.9251E-04   
8.9706E-04   -9.3740E-04   
6.6885E-04   -9.9102E-04   
4.3383E-04   -1.0394E-03   
2.4108E-04   -1.0590E-03   
3.7497E-03   -1.6232E-04   
3.4995E-03   -3.0622E-04   
3.2913E-03   -3.8830E-04   
2.9663E-03   -5.0783E-04   
2.7699E-03   -5.6590E-04   
2.4972E-03   -6.3955E-04   
2.2605E-03   -7.0276E-04   
2.0498E-03   -7.4136E-04   
1.7960E-03   -7.9740E-04   
1.5565E-03   -8.6483E-04   
1.3555E-03   -9.0613E-04   
1.1123E-03   -9.6555E-04   
8.6193E-04   -1.0233E-03   
6.3873E-04   -1.0684E-03   
4.2543E-04   -1.1071E-03   
1.9032E-04   -1.1451E-03   
6.7927E-05   -6.3117E-04   
1.3670E-04   -6.2991E-04   
2.0515E-04   -6.2747E-04   
2.7337E-04   -6.2407E-04   
3.4117E-04   -6.1963E-04   
4.0845E-04   -6.1412E-04   
4.7508E-04   -6.0757E-04   
6.0594E-04   -5.9163E-04   
6.7000E-04   -5.8227E-04   
7.3301E-04   -5.7202E-04   
7.9487E-04   -5.6087E-04   
8.5550E-04   -5.4885E-04   
9.1480E-04   -5.3597E-04   
9.7268E-04   -5.2225E-04   
1.0838E-03   -4.9243E-04   
1.1368E-03   -4.7639E-04   
1.1880E-03   -4.5966E-04   
1.2375E-03   -4.4225E-04   
1.2851E-03   -4.2422E-04   
1.3308E-03   -4.0551E-04   
1.3744E-03   -3.8623E-04   
1.4551E-03   -3.4608E-04   
1.4921E-03   -3.2524E-04   
1.5268E-03   -3.0392E-04   
1.5592E-03   -2.8215E-04   
1.5891E-03   -2.5998E-04   
1.6166E-03   -2.3743E-04   
1.6417E-03   -2.1454E-04   
1.6840E-03   -1.6783E-04   
1.7013E-03   -1.4405E-04   
1.7160E-03   -1.1997E-04   
1.7269E-03   -9.5694E-05   
1.7379E-03   -7.1858E-05   
1.7430E-03   -4.8250E-05   
1.7482E-03   -2.3427E-05   
1.7594E-03   -1.0347E-35   
1.7658E-03   -9.4335E-36   
1.7709E-03   -7.0198E-36   
1.7757E-03   -3.9065E-36   
1.7808E-03   -2.9320E-36   
1.7950E-03   -1.5526E-36   
1.8051E-03   -1.0496E-36   
1.8176E-03   -6.3973E-37   
1.8329E-03   -3.0259E-37   
1.8724E-03   2.1375E-37   
1.8970E-03   4.1186E-37   
1.9250E-03   5.8408E-37   
1.9564E-03   7.4475E-37   
2.0301E-03   1.0464E-36   
2.0725E-03   1.1873E-36   
2.1686E-03   1.4793E-36   
2.2225E-03   1.6378E-36   
2.3420E-03   2.8166E-36   
2.4078E-03   2.2372E-36   
2.5513E-03   3.9830E-36   
2.7113E-03   5.1424E-36   
2.7974E-03   5.8037E-36   
2.9817E-03   7.0396E-36   
3.1820E-03   9.3610E-36   
3.5112E-03   1.3913E-35   
3.7486E-03   1.4859E-35   
4.0000E-03   -5.1680E-35   
4.0000E-03   -5.1680E-35   
4.0000E-03   -5.1680E-35   
4.0000E-03   -5.1680E-35   
4.0000E-03   -5.1680E-35   
3.5428E-03   -3.0355E-04   
2.8842E-03   -5.8877E-04   
2.4364E-03   -7.1739E-04   
2.0043E-03   -8.2081E-04   
1.7248E-03   -8.8469E-04   
1.3226E-03   -9.7839E-04   
1.0690E-03   -1.0389E-03   
7.1466E-04   -1.1204E-03   
4.9617E-04   -1.1637E-03   
2.9030E-04   -1.1942E-03   
9.5160E-05   -1.2100E-03   
2.0436E-35   -1.1791E-03   
2.6695E-35   -1.1162E-03   
2.6048E-35   -1.0581E-03   
3.5892E-35   -1.0312E-03   
3.5962E-35   -9.8191E-04   
2.3314E-35   -9.3854E-04   
2.2670E-35   -9.1899E-04   
2.1828E-35   -9.0085E-04   
2.0400E-35   -8.6849E-04   
1.9784E-35   -8.5418E-04   
1.8727E-35   -8.2905E-04   
1.8249E-35   -8.1812E-04   
1.7754E-35   -8.0820E-04   
1.6910E-35   -7.9107E-04   
1.6552E-35   -7.8372E-04   
1.6233E-35   -7.7707E-04   
1.5957E-35   -7.7104E-04   
1.5538E-35   -7.6040E-04   
1.5399E-35   -7.5556E-04   
1.5310E-35   -7.5088E-04   
1.5276E-35   -7.4620E-04   
1.5301E-35   -7.4136E-04   
1.5528E-35   -7.3046E-04   
1.5722E-35   -7.2397E-04   
1.5988E-35   -7.1646E-04   
1.6338E-35   -7.0769E-04   
1.6886E-35   -6.9742E-04   
2.5159E-35   -6.8493E-04   
2.5429E-35   -6.7033E-04   
2.1589E-35   -6.5099E-04   
7.3233E-04   -5.6568E-04   
1.1307E-03   -4.4928E-04   
1.2799E-03   -3.9053E-04   
8.5177E-04   -5.3620E-04   
1.6231E-03   -2.0172E-04   
5.4702E-04   -6.0270E-04   
2.2574E-04   -6.4197E-04   
1.5296E-03   -2.6570E-04   
1.7107E-03   -1.1584E-04   
1.4146E-03   -3.2901E-04   
9.6721E-04   -5.0341E-04   
1.6724E-03   -1.5888E-04   
1.0232E-03   -4.8599E-04   
4.8394E-04   -6.1292E-04   
1.3720E-03   -3.4982E-04   
1.5633E-03   -2.4442E-04   
1.7529E-03   -3.2400E-05   
8.6920E-05   -6.4933E-04   
4.2033E-04   -6.2201E-04   
1.1818E-03   -4.3009E-04   
1.2311E-03   -4.1045E-04   
1.6491E-03   -1.8032E-04   
2.9135E-04   -6.3654E-04   
1.7257E-03   -9.3961E-05   
1.5736E-04   -6.4661E-04   
3.5619E-04   -6.2990E-04   
1.5945E-03   -2.2309E-04   
1.6929E-03   -1.3738E-04   
6.0954E-04   -5.9138E-04   
1.4936E-03   -2.8692E-04   
1.4552E-03   -3.0805E-04   
9.1008E-04   -5.2019E-04   
6.7135E-04   -5.7903E-04   
7.9254E-04   -5.5139E-04   
1.0778E-03   -4.6794E-04   
1.3270E-03   -3.7034E-04   
5.0231E-05   -6.9052E-04   
4.7768E-05   -7.0182E-04   
4.6002E-05   -7.1135E-04   
4.4375E-05   -7.1946E-04   
4.3111E-05   -7.2639E-04   
4.2339E-05   -7.3242E-04   
4.1915E-05   -7.3779E-04   
4.1738E-05   -7.4274E-04   
4.1760E-05   -7.4745E-04   
1.7661E-03   -1.5626E-05   
4.1961E-05   -7.5209E-04   
1.7707E-03   -1.2337E-05   
4.2338E-05   -7.5682E-04   
1.7754E-03   -9.9589E-06   
4.2884E-05   -7.6178E-04   
1.7810E-03   -8.1866E-06   
4.3591E-05   -7.6708E-04   
1.7880E-03   -6.9568E-06   
4.4444E-05   -7.7285E-04   
1.7970E-03   -6.1513E-06   
4.5439E-05   -7.7919E-04   
1.8083E-03   -5.6994E-06   
4.6561E-05   -7.8619E-04   
1.8223E-03   -5.5343E-06   
4.7805E-05   -7.9393E-04   
1.8391E-03   -5.5900E-06   
4.9170E-05   -8.0250E-04   
1.8589E-03   -5.8148E-06   
5.0594E-05   -8.1196E-04   
1.8820E-03   -6.1885E-06   
5.2051E-05   -8.2236E-04   
1.9085E-03   -6.6808E-06   
5.3694E-05   -8.3382E-04   
1.9384E-03   -7.2532E-06   
5.5588E-05   -8.4640E-04   
1.9718E-03   -7.8753E-06   
5.7577E-05   -8.6014E-04   
2.0088E-03   -8.4729E-06   
5.9599E-05   -8.7506E-04   
2.0493E-03   -9.1594E-06   
6.1640E-05   -8.9121E-04   
2.0931E-03   -9.9035E-06   
6.3632E-05   -9.0854E-04   
2.1405E-03   -1.0770E-05   
6.6325E-05   -9.2702E-04   
2.1920E-03   -1.1555E-05   
6.9508E-05   -9.4695E-04   
2.2478E-03   -1.2122E-05   
7.1204E-05   -9.6844E-04   
2.3076E-03   -1.2657E-05   
7.2964E-05   -9.9126E-04   
2.3719E-03   -1.3189E-05   
7.8131E-05   -1.0158E-03   
2.4411E-03   -1.3430E-05   
8.1171E-05   -1.0425E-03   
2.5126E-03   -1.3139E-05   
8.1714E-05   -1.0708E-03   
2.5869E-03   -1.3596E-05   
8.4855E-05   -1.1003E-03   
2.6666E-03   -1.3761E-05   
8.9848E-05   -1.1321E-03   
9.0917E-04   -5.0275E-04   
1.4174E-03   -2.9451E-04   
1.5702E-03   -2.1081E-04   
6.7474E-04   -5.7275E-04   
1.7490E-03   -4.7501E-05   
1.8253E-04   -6.5866E-04   
1.1771E-03   -4.0109E-04   
1.7201E-03   -9.1938E-05   
3.0803E-04   -6.4539E-04   
4.9340E-04   -6.1464E-04   
4.3225E-04   -6.2616E-04   
1.3274E-03   -3.3723E-04   
1.0218E-03   -4.6353E-04   
1.6580E-03   -1.5060E-04   
1.6816E-03   -1.3094E-04   
1.0758E-03   -4.4322E-04   
1.2785E-03   -3.5836E-04   
1.6022E-03   -1.9051E-04   
1.5356E-03   -2.3138E-04   
7.3424E-04   -5.5659E-04   
5.5429E-04   -6.0184E-04   
1.1219E-04   -6.6541E-04   
7.9319E-04   -5.3946E-04   
1.1270E-03   -4.2230E-04   
1.2280E-03   -3.7957E-04   
1.6315E-03   -1.7044E-04   
1.7022E-03   -1.1141E-04   
8.5157E-04   -5.2149E-04   
1.4591E-03   -2.7326E-04   
3.7041E-04   -6.3644E-04   
6.1479E-04   -5.8785E-04   
1.4985E-03   -2.5221E-04   
1.7356E-03   -7.1806E-05   
2.4489E-04   -6.5282E-04   
1.3735E-03   -3.1593E-04   
9.6604E-04   -4.8341E-04   
5.2354E-05   -6.7695E-04   
1.0009E-04   -6.9271E-04   
9.5537E-05   -7.0372E-04   
9.1450E-05   -7.1250E-04   
8.7712E-05   -7.1999E-04   
8.5389E-05   -7.2636E-04   
8.4137E-05   -7.3192E-04   
8.3553E-05   -7.3695E-04   
1.7606E-03   -2.1246E-05   
8.3432E-05   -7.4167E-04   
8.3688E-05   -7.4627E-04   
1.7611E-03   -2.7053E-05   
8.4297E-05   -7.5089E-04   
1.7648E-03   -2.2198E-05   
8.5248E-05   -7.5568E-04   
1.7697E-03   -1.8030E-05   
8.6527E-05   -7.6077E-04   
1.7758E-03   -1.5116E-05   
8.8107E-05   -7.6628E-04   
1.7838E-03   -1.3174E-05   
8.9926E-05   -7.7230E-04   
1.7939E-03   -1.1965E-05   
9.2236E-05   -7.7891E-04   
1.8066E-03   -1.1388E-05   
9.4973E-05   -7.8623E-04   
1.8221E-03   -1.1318E-05   
9.7571E-05   -7.9440E-04   
1.8405E-03   -1.1631E-05   
9.9981E-05   -8.0343E-04   
1.8623E-03   -1.2229E-05   
1.0254E-04   -8.1331E-04   
1.8875E-03   -1.3113E-05   
1.0555E-04   -8.2417E-04   
1.9159E-03   -1.4223E-05   
1.0912E-04   -8.3614E-04   
1.9479E-03   -1.5482E-05   
1.1309E-04   -8.4928E-04   
1.9840E-03   -1.6611E-05   
1.1723E-04   -8.6363E-04   
2.0228E-03   -1.7512E-05   
1.2134E-04   -8.7920E-04   
2.0634E-03   -1.9131E-05   
1.2471E-04   -8.9596E-04   
2.1079E-03   -2.0595E-05   
1.2718E-04   -9.1348E-04   
2.1564E-03   -2.2681E-05   
1.3496E-04   -9.3159E-04   
2.2103E-03   -2.3955E-05   
1.4190E-04   -9.5218E-04   
2.2684E-03   -2.4791E-05   
1.4184E-04   -9.7462E-04   
2.3305E-03   -2.6019E-05   
1.4823E-04   -9.9687E-04   
2.3995E-03   -2.6873E-05   
1.6900E-04   -1.0220E-03   
2.4737E-03   -2.6827E-05   
1.6277E-04   -1.0522E-03   
2.5418E-03   -2.4897E-05   
1.6568E-04   -1.0805E-03   
2.6148E-03   -2.9840E-05   
1.7411E-04   -1.1101E-03   
2.7506E-03   -1.4503E-05   
1.1771E-03   -3.7334E-04   
1.2312E-03   -3.5003E-04   
1.0243E-03   -4.4130E-04   
1.2825E-03   -3.2816E-04   
9.6889E-04   -4.6275E-04   
4.4446E-04   -6.2710E-04   
5.0380E-04   -6.1321E-04   
5.6293E-04   -5.9801E-04   
6.2180E-04   -5.8156E-04   
6.8041E-04   -5.6394E-04   
3.8411E-04   -6.3982E-04   
7.3881E-04   -5.4525E-04   
9.1223E-04   -4.8418E-04   
1.3320E-03   -3.0651E-04   
7.9698E-04   -5.2562E-04   
8.5488E-04   -5.0521E-04   
3.2195E-04   -6.5144E-04   
1.3790E-03   -2.8460E-04   
1.6414E-03   -1.4315E-04   
1.6680E-03   -1.2484E-04   
1.6912E-03   -1.0707E-04   
1.6118E-03   -1.6191E-04   
2.5996E-04   -6.6127E-04   
1.4237E-03   -2.6290E-04   
1.5793E-03   -1.8108E-04   
1.5064E-03   -2.2089E-04   
1.4662E-03   -2.4165E-04   
1.5441E-03   -2.0075E-04   
2.0163E-04   -6.6745E-04   
1.5182E-04   -6.7205E-04   
1.7114E-03   -8.9425E-05   
1.7292E-03   -7.1489E-05   
1.7445E-03   -5.3142E-05   
1.0419E-04   -6.8145E-04   
1.4397E-04   -7.0244E-04   
1.3500E-04   -7.1113E-04   
1.2973E-04   -7.1806E-04   
1.2696E-04   -7.2387E-04   
1.2562E-04   -7.2897E-04   
1.2516E-04   -7.3367E-04   
1.7567E-03   -3.3746E-05   
1.2533E-04   -7.3818E-04   
1.2603E-04   -7.4266E-04   
1.7488E-03   -3.8454E-05   
1.2726E-04   -7.4728E-04   
1.7536E-03   -3.0196E-05   
1.2897E-04   -7.5214E-04   
1.7589E-03   -2.4974E-05   
1.3116E-04   -7.5739E-04   
1.7657E-03   -2.1479E-05   
1.3363E-04   -7.6312E-04   
1.7747E-03   -1.9259E-05   
1.3695E-04   -7.6926E-04   
1.7863E-03   -1.7927E-05   
1.4227E-04   -7.7584E-04   
1.8005E-03   -1.7515E-05   
1.4637E-04   -7.8363E-04   
1.8173E-03   -1.7802E-05   
1.4880E-04   -7.9248E-04   
1.8378E-03   -1.8499E-05   
1.5208E-04   -8.0196E-04   
1.8619E-03   -1.9559E-05   
1.5564E-04   -8.1234E-04   
1.8889E-03   -2.1142E-05   
1.6039E-04   -8.2359E-04   
1.9193E-03   -2.3061E-05   
1.6674E-04   -8.3592E-04   
1.9545E-03   -2.4884E-05   
1.7323E-04   -8.4965E-04   
1.9946E-03   -2.6215E-05   
1.7948E-04   -8.6477E-04   
2.0329E-03   -2.6220E-05   
1.8473E-04   -8.8132E-04   
2.0701E-03   -3.1203E-05   
1.8648E-04   -8.9920E-04   
1.8296E-04   -9.1600E-04   
2.1411E-04   -9.5741E-04   
2.2823E-03   -3.8503E-05   
2.3865E-04   -1.0338E-03   
2.4888E-04   -1.0854E-03   
2.4263E-03   -4.1444E-05   
2.8431E-03   -1.5552E-05   
1.7004E-03   -8.7248E-05   
1.7200E-03   -7.0912E-05   
1.7379E-03   -5.4305E-05   
1.0788E-03   -3.9964E-04   
1.0314E-03   -4.1864E-04   
3.9814E-04   -6.4038E-04   
3.3657E-04   -6.5469E-04   
6.3071E-04   -5.7300E-04   
4.5726E-04   -6.2529E-04   
6.8839E-04   -5.5308E-04   
5.1538E-04   -6.0909E-04   
9.7598E-04   -4.4162E-04   
1.2918E-03   -3.0117E-04   
5.7311E-04   -5.9169E-04   
1.6232E-03   -1.3669E-04   
1.5905E-03   -1.5482E-04   
7.4614E-04   -5.3211E-04   
8.0394E-04   -5.1026E-04   
1.4762E-03   -2.1302E-04   
1.5168E-03   -1.9290E-04   
1.6530E-03   -1.1905E-04   
2.7247E-04   -6.6765E-04   
1.6787E-03   -1.0292E-04   
9.1911E-04   -4.6476E-04   
1.4331E-03   -2.3403E-04   
8.6173E-04   -4.8775E-04   
1.5550E-03   -1.7354E-04   
1.3406E-03   -2.7824E-04   
1.3878E-03   -2.5583E-04   
1.8520E-04   -7.0021E-04   
1.7529E-04   -7.0782E-04   
1.7052E-04   -7.1384E-04   
1.6808E-04   -7.1897E-04   
1.6705E-04   -7.2360E-04   
1.6698E-04   -7.2797E-04   
1.6768E-04   -7.3228E-04   
1.6906E-04   -7.3668E-04   
1.7506E-03   -4.1013E-05   
1.7336E-03   -4.4911E-05   
1.7107E-04   -7.4131E-04   
1.7376E-03   -3.7148E-05   
1.7373E-04   -7.4628E-04   
1.7435E-03   -3.1481E-05   
1.7686E-04   -7.5168E-04   
1.7511E-03   -2.7899E-05   
1.8047E-04   -7.5748E-04   
1.7613E-03   -2.5790E-05   
1.8547E-04   -7.6351E-04   
1.7750E-03   -2.4398E-05   
1.9918E-04   -7.6921E-04   
1.7899E-03   -2.4588E-05   
1.9712E-04   -7.7923E-04   
1.8080E-03   -2.5423E-05   
2.0118E-04   -7.8834E-04   
1.8317E-03   -2.6532E-05   
2.0519E-04   -7.9858E-04   
1.8581E-03   -2.7981E-05   
2.1730E-04   -8.2045E-04   
2.4687E-04   -9.0381E-04   
1.9184E-03   -3.3579E-05   
2.2831E-04   -8.3290E-04   
2.3667E-04   -8.4769E-04   
2.5136E-04   -8.8231E-04   
2.1197E-03   -3.0796E-05   
2.2290E-03   -3.5378E-05   
2.2941E-03   -5.4149E-05   
1.9594E-03   -3.5942E-05   
3.2929E-04   -1.0595E-03   
2.3678E-03   -5.6061E-05   
2.4935E-04   -1.0122E-03   
2.0523E-03   -4.3967E-05   
2.9615E-04   -9.3795E-04   
1.7281E-03   -5.5724E-05   
1.7073E-03   -7.1740E-05   
1.6883E-03   -8.6190E-05   
1.2069E-03   -3.1951E-04   
1.1871E-03   -3.4505E-04   
1.2518E-03   -2.9812E-04   
9.8921E-04   -4.2003E-04   
1.6363E-03   -1.1435E-04   
4.1479E-04   -6.3773E-04   
1.6663E-03   -9.7558E-05   
3.5427E-04   -6.5436E-04   
2.9140E-04   -6.6975E-04   
4.7260E-04   -6.2051E-04   
6.4163E-04   -5.6254E-04   
5.8495E-04   -5.8331E-04   
9.3024E-04   -4.4470E-04   
5.2898E-04   -6.0253E-04   
6.9880E-04   -5.4054E-04   
1.3021E-03   -2.7500E-04   
1.4886E-03   -1.8733E-04   
1.6032E-03   -1.3171E-04   
7.5632E-04   -5.1753E-04   
1.5295E-03   -1.6797E-04   
1.5677E-03   -1.4949E-04   
1.4452E-03   -2.0780E-04   
8.1414E-04   -4.9373E-04   
8.7216E-04   -4.6938E-04   
1.3994E-03   -2.2933E-04   
1.3516E-03   -2.5184E-04   
1.8337E-04   -6.8587E-04   
2.2004E-04   -6.9640E-04   
2.1429E-04   -7.0222E-04   
2.1086E-04   -7.0722E-04   
2.0914E-04   -7.1168E-04   
2.0872E-04   -7.1585E-04   
2.0933E-04   -7.1991E-04   
2.1076E-04   -7.2405E-04   
2.1296E-04   -7.2840E-04   
1.7104E-03   -5.3284E-05   
2.1598E-04   -7.3306E-04   
1.7177E-03   -4.3554E-05   
2.1977E-04   -7.3809E-04   
2.2376E-04   -7.4368E-04   
1.7242E-03   -3.8142E-05   
1.7322E-03   -3.5002E-05   
2.2659E-04   -7.5007E-04   
1.7426E-03   -3.3750E-05   
2.3948E-04   -7.6612E-04   
1.7704E-03   -3.3953E-05   
2.4919E-04   -7.7250E-04   
1.8239E-03   -3.5935E-05   
1.7963E-03   -3.4590E-05   
2.5731E-04   -7.8217E-04   
2.8500E-04   -8.1195E-04   
2.0858E-04   -8.0961E-04   
2.9420E-04   -8.2775E-04   
3.0523E-04   -8.4335E-04   
3.0768E-04   -1.0163E-03   
3.0320E-04   -9.9277E-04   
3.1725E-04   -8.6059E-04   
1.9150E-03   -4.6256E-05   
2.1002E-03   -4.1495E-05   
2.0083E-03   -5.3378E-05   
2.2184E-03   -5.0738E-05   
1.9599E-03   -4.9179E-05   
1.8855E-03   -3.0725E-05   
3.3242E-04   -8.8135E-04   
2.8311E-04   -9.6832E-04   
3.1175E-04   -9.1026E-04   
2.4443E-03   -5.7521E-05   
3.1469E-04   -1.0877E-03   
2.9797E-04   -1.0389E-03   
2.3061E-03   -7.1055E-05   
1.1505E-03   -3.3567E-04   
1.7140E-03   -5.9461E-05   
1.6501E-03   -9.4646E-05   
4.3544E-04   -6.3158E-04   
1.6165E-03   -1.1164E-04   
3.7803E-04   -6.4978E-04   
2.6134E-04   -6.8066E-04   
9.4559E-04   -4.2348E-04   
5.9841E-04   -5.7319E-04   
5.4333E-04   -5.9428E-04   
4.8991E-04   -6.1345E-04   
1.2634E-03   -2.7616E-04   
6.5472E-04   -5.5051E-04   
1.5030E-03   -1.6441E-04   
7.1176E-04   -5.2663E-04   
1.5437E-03   -1.4595E-04   
1.5814E-03   -1.2847E-04   
1.4596E-03   -1.8415E-04   
7.6940E-04   -5.0179E-04   
8.8609E-04   -4.5014E-04   
1.3151E-03   -2.5114E-04   
1.4135E-03   -2.0521E-04   
8.2760E-04   -4.7623E-04   
1.3653E-03   -2.2759E-04   
2.6417E-04   -6.8393E-04   
2.5890E-04   -6.8902E-04   
1.0751E-03   -3.6783E-04   
2.5455E-04   -6.9380E-04   
1.0078E-03   -3.9591E-04   
2.5170E-04   -6.9811E-04   
2.5064E-04   -7.0203E-04   
2.5100E-04   -7.0577E-04   
2.5244E-04   -7.0957E-04   
2.5482E-04   -7.1356E-04   
2.5813E-04   -7.1785E-04   
2.9534E-04   -7.5321E-04   
1.6902E-03   -5.6867E-05   
2.6241E-04   -7.2248E-04   
2.6755E-04   -7.2764E-04   
1.6954E-03   -5.0005E-05   
2.7273E-04   -7.3383E-04   
1.7011E-03   -4.5667E-05   
1.7082E-03   -4.3566E-05   
2.2777E-04   -7.5633E-04   
1.7567E-03   -4.3965E-05   
3.0816E-04   -7.6262E-04   
3.0742E-04   -7.9239E-04   
2.0726E-03   -5.7356E-05   
1.9536E-03   -6.4522E-05   
1.8184E-03   -4.7861E-05   
3.6402E-04   -8.2021E-04   
1.7835E-03   -4.5479E-05   
3.8075E-04   -8.3547E-04   
2.5930E-04   -7.9424E-04   
3.7095E-04   -1.0247E-03   
3.9405E-04   -8.5285E-04   
2.1443E-03   -5.5918E-05   
3.8153E-04   -9.1578E-04   
3.6919E-04   -9.4332E-04   
1.8713E-03   -4.3493E-05   
3.8055E-04   -9.9456E-04   
3.5090E-04   -8.0596E-04   
1.9093E-03   -6.0705E-05   
2.3815E-03   -7.2882E-05   
2.2355E-03   -6.8212E-05   
1.6590E-03   -7.9877E-05   
1.6279E-03   -9.5293E-05   
1.6862E-03   -7.4643E-05   
3.5068E-04   -6.5946E-04   
4.5863E-04   -6.2311E-04   
1.2221E-03   -2.7977E-04   
5.5827E-04   -5.8471E-04   
1.5942E-03   -1.1092E-04   
5.0429E-04   -6.0606E-04   
6.1364E-04   -5.6168E-04   
2.1306E-04   -6.8685E-04   
6.7004E-04   -5.3722E-04   
9.0371E-04   -4.3013E-04   
1.4759E-03   -1.6297E-04   
1.5578E-03   -1.2723E-04   
1.5184E-03   -1.4446E-04   
1.2776E-03   -2.5335E-04   
7.2734E-04   -5.1160E-04   
1.4298E-03   -1.8333E-04   
7.8540E-04   -4.8510E-04   
8.4422E-04   -4.5791E-04   
1.3305E-03   -2.2856E-04   
1.3813E-03   -2.0526E-04   
9.6577E-04   -4.0131E-04   
3.0633E-04   -6.7395E-04   
3.0075E-04   -6.7847E-04   
2.9532E-04   -6.8300E-04   
3.1409E-04   -6.6841E-04   
2.9301E-04   -6.8674E-04   
1.0306E-03   -3.7159E-04   
1.0979E-03   -3.4065E-04   
2.9285E-04   -6.9011E-04   
1.6824E-03   -6.6257E-05   
1.1627E-03   -3.0940E-04   
2.9419E-04   -6.9346E-04   
2.9671E-04   -6.9700E-04   
3.0498E-04   -7.0501E-04   
1.6664E-03   -6.2969E-05   
3.1123E-04   -7.0953E-04   
3.1992E-04   -7.1441E-04   
1.6683E-03   -5.8068E-05   
1.6736E-03   -5.4657E-05   
3.1328E-04   -7.3716E-04   
3.2391E-04   -7.7341E-04   
1.7372E-03   -5.6003E-05   
1.8686E-03   -5.7431E-05   
4.3777E-04   -8.0840E-04   
2.7111E-04   -7.4270E-04   
2.0011E-03   -6.9396E-05   
3.5473E-04   -7.4180E-04   
1.8979E-03   -7.6900E-05   
3.4446E-04   -7.9363E-04   
4.5115E-04   -9.2055E-04   
4.1647E-04   -7.9584E-04   
4.1195E-04   -8.6632E-04   
1.8347E-03   -5.5830E-05   
2.1767E-03   -6.6137E-05   
1.7645E-03   -5.8917E-05   
3.9717E-04   -8.8830E-04   
3.7077E-04   -9.6885E-04   
2.2414E-03   -8.6383E-05   
2.4512E-03   -7.3251E-05   
3.8898E-04   -1.0767E-03   
4.7472E-04   -9.9719E-04   
2.1203E-03   -4.7902E-05   
1.6049E-03   -9.7122E-05   
4.6093E-04   -6.2097E-04   
9.2492E-04   -4.0952E-04   
5.2042E-04   -5.9708E-04   
5.7540E-04   -5.7369E-04   
1.5706E-03   -1.1227E-04   
6.3098E-04   -5.4897E-04   
1.2393E-03   -2.5850E-04   
1.4936E-03   -1.4440E-04   
1.5342E-03   -1.2773E-04   
6.8776E-04   -5.2286E-04   
1.4482E-03   -1.6368E-04   
8.6386E-04   -4.3896E-04   
7.4560E-04   -4.9565E-04   
1.2951E-03   -2.3229E-04   
8.0436E-04   -4.6762E-04   
1.3996E-03   -1.8488E-04   
1.3484E-03   -2.0782E-04   
3.5480E-04   -6.5980E-04   
3.3999E-04   -6.6669E-04   
1.6636E-03   -6.9797E-05   
3.3608E-04   -6.7019E-04   
1.1184E-03   -3.1682E-04   
9.8859E-04   -3.7904E-04   
1.1805E-03   -2.8677E-04   
3.3528E-04   -6.7307E-04   
3.3622E-04   -6.7593E-04   
1.0536E-03   -3.4797E-04   
3.3876E-04   -6.7891E-04   
3.4263E-04   -6.8217E-04   
3.4767E-04   -6.8582E-04   
1.6806E-03   -5.3420E-05   
3.5446E-04   -6.8971E-04   
3.3149E-04   -7.2071E-04   
3.6424E-04   -6.9350E-04   
1.6322E-03   -7.3424E-05   
1.8204E-03   -6.8765E-05   
1.6368E-03   -6.7865E-05   
3.7026E-04   -7.4954E-04   
3.7784E-04   -7.7288E-04   
1.7137E-03   -5.4402E-05   
3.4827E-04   -7.3368E-04   
1.7913E-03   -6.3912E-05   
4.7764E-04   -7.8420E-04   
4.8216E-04   -8.6110E-04   
4.0097E-04   -7.8324E-04   
4.5672E-04   -8.4669E-04   
1.7122E-03   -7.0813E-05   
2.1085E-03   -7.5258E-05   
5.3767E-04   -8.9481E-04   
2.1746E-03   -8.2282E-05   
4.3339E-04   -9.4589E-04   
2.2439E-03   -1.0640E-04   
4.8678E-04   -1.0600E-03   
2.4036E-03   -9.1991E-05   
2.5197E-03   -6.2060E-05   
5.4189E-04   -1.0180E-03   
2.0411E-03   -7.6778E-05   
1.6150E-03   -8.5734E-05   
4.0575E-04   -6.4151E-04   
4.8894E-04   -6.0825E-04   
5.4070E-04   -5.8584E-04   
8.8623E-04   -4.1968E-04   
5.9472E-04   -5.6140E-04   
1.5491E-03   -1.1495E-04   
1.5143E-03   -1.2761E-04   
6.5057E-04   -5.3522E-04   
3.7944E-04   -6.5191E-04   
1.4691E-03   -1.4574E-04   
1.2594E-03   -2.3838E-04   
7.0796E-04   -5.0760E-04   
8.2580E-04   -4.4965E-04   
1.4202E-03   -1.6628E-04   
7.6650E-04   -4.7897E-04   
1.3152E-03   -2.1260E-04   
1.3688E-03   -1.8859E-04   
3.7896E-04   -6.5305E-04   
9.4880E-04   -3.8876E-04   
1.1402E-03   -2.9518E-04   
1.2010E-03   -2.6598E-04   
3.7887E-04   -6.5473E-04   
1.0770E-03   -3.2588E-04   
3.7874E-04   -6.5720E-04   
3.8105E-04   -6.5956E-04   
1.0128E-03   -3.5730E-04   
1.6430E-03   -7.4455E-05   
3.9750E-04   -6.6843E-04   
3.8512E-04   -6.6212E-04   
1.6419E-03   -6.5430E-05   
3.9060E-04   -6.6506E-04   
1.7132E-03   -4.4097E-05   
3.7884E-04   -7.1463E-04   
3.7734E-04   -6.9725E-04   
4.0042E-04   -7.1956E-04   
4.0708E-04   -6.7168E-04   
1.5984E-03   -8.2960E-05   
1.7386E-03   -7.5106E-05   
1.6879E-03   -6.8077E-05   
4.0734E-04   -7.2892E-04   
4.6823E-04   -7.7046E-04   
5.2829E-04   -8.2845E-04   
2.1752E-03   -1.0217E-04   
1.7670E-03   -8.0349E-05   
4.4886E-04   -7.5837E-04   
1.9847E-03   -8.7440E-05   
5.5407E-04   -8.6393E-04   
2.0357E-03   -9.6153E-05   
5.2185E-04   -9.2927E-04   
3.8836E-04   -7.5582E-04   
2.3192E-03   -1.1013E-04   
1.8563E-03   -7.2807E-05   
2.5996E-03   -4.9633E-05   
5.9340E-04   -9.7617E-04   
4.1658E-04   -6.3760E-04   
1.5795E-03   -1.0097E-04   
5.1043E-04   -5.9750E-04   
5.6237E-04   -5.7369E-04   
6.1651E-04   -5.4799E-04   
8.4959E-04   -4.3143E-04   
1.5449E-03   -1.0928E-04   
4.4693E-04   -6.2544E-04   
1.4935E-03   -1.2883E-04   
9.1112E-04   -4.0025E-04   
6.7289E-04   -5.2041E-04   
1.4430E-03   -1.4930E-04   
7.3096E-04   -4.9144E-04   
7.8994E-04   -4.6169E-04   
1.2818E-03   -2.1949E-04   
1.3915E-03   -1.7086E-04   
1.3377E-03   -1.9420E-04   
4.2774E-04   -6.3354E-04   
1.1017E-03   -3.0526E-04   
1.2237E-03   -2.4656E-04   
1.1636E-03   -2.7520E-04   
1.6940E-03   -5.3159E-05   
4.2201E-04   -6.3748E-04   
9.7426E-04   -3.6844E-04   
4.2383E-04   -6.3916E-04   
1.0381E-03   -3.3658E-04   
1.6019E-03   -7.9324E-05   
4.4066E-04   -6.4582E-04   
4.2790E-04   -6.4092E-04   
4.4984E-04   -6.4871E-04   
4.3356E-04   -6.4310E-04   
4.7260E-04   -7.0016E-04   
1.5896E-03   -9.0668E-05   
1.6476E-03   -6.5327E-05   
4.1955E-04   -6.7480E-04   
1.7635E-03   -3.0765E-05   
4.9805E-04   -7.2878E-04   
1.6671E-03   -6.6740E-05   
1.8385E-03   -9.0584E-05   
1.7996E-03   -8.5549E-05   
1.7094E-03   -9.3288E-05   
1.6825E-03   -8.8187E-05   
1.9556E-03   -1.0743E-04   
1.6580E-03   -8.4315E-05   
4.3039E-04   -7.4981E-04   
5.4828E-04   -7.5612E-04   
3.9071E-04   -7.0057E-04   
4.4166E-04   -6.9586E-04   
5.6893E-04   -7.9567E-04   
2.0546E-03   -1.1364E-04   
5.6828E-04   -8.3759E-04   
4.4012E-04   -7.3127E-04   
2.2449E-03   -1.2806E-04   
5.4867E-04   -9.5620E-04   
2.6996E-03   -2.6124E-05   
6.2472E-04   -8.6494E-04   
2.5940E-03   -6.8306E-05   
2.1744E-03   -1.2372E-04   
1.9422E-03   -8.1074E-05   
6.1268E-04   -8.9481E-04   
4.6152E-04   -6.1893E-04   
5.3471E-04   -5.8526E-04   
5.8631E-04   -5.6058E-04   
8.7550E-04   -4.1319E-04   
1.5198E-03   -1.1266E-04   
6.4055E-04   -5.3370E-04   
8.1541E-04   -4.4423E-04   
1.4667E-03   -1.3422E-04   
6.9796E-04   -5.0465E-04   
7.5647E-04   -4.7465E-04   
1.4164E-03   -1.5466E-04   
1.1276E-03   -2.8610E-04   
1.3060E-03   -2.0202E-04   
1.3628E-03   -1.7705E-04   
1.2478E-03   -2.2880E-04   
4.6182E-04   -6.1920E-04   
1.1885E-03   -2.5674E-04   
1.5633E-03   -9.7429E-05   
9.3763E-04   -3.8123E-04   
1.0646E-03   -3.1705E-04   
4.6708E-04   -6.1808E-04   
1.0010E-03   -3.4897E-04   
4.7143E-04   -6.1870E-04   
4.9320E-04   -6.2443E-04   
4.8415E-04   -6.2203E-04   
1.5617E-03   -9.4760E-05   
4.7693E-04   -6.2010E-04   
1.6057E-03   -7.8242E-05   
1.7351E-03   -4.4347E-05   
4.6020E-04   -6.5210E-04   
1.6365E-03   -8.1796E-05   
1.6491E-03   -1.0791E-04   
4.2561E-04   -6.9213E-04   
1.6484E-03   -6.8375E-05   
1.6241E-03   -1.0313E-04   
1.6762E-03   -1.1407E-04   
5.6180E-04   -7.1701E-04   
1.8838E-03   -9.4810E-05   
1.7745E-03   -1.0538E-04   
4.3875E-04   -6.7718E-04   
1.8766E-03   -1.1644E-04   
6.2944E-04   -8.0262E-04   
5.1956E-04   -7.8806E-04   
5.9595E-04   -7.2153E-04   
5.1866E-04   -7.0169E-04   
2.1718E-03   -1.4697E-04   
2.3178E-03   -1.3230E-04   
6.4958E-04   -8.2902E-04   
6.1820E-04   -9.2146E-04   
2.6615E-03   -5.6834E-05   
6.8256E-04   -8.6668E-04   
4.8412E-04   -6.0875E-04   
5.6206E-04   -5.7168E-04   
8.4239E-04   -4.2702E-04   
6.0957E-04   -5.4790E-04   
1.4844E-03   -1.2409E-04   
9.0297E-04   -3.9535E-04   
6.6653E-04   -5.1881E-04   
7.8340E-04   -4.5794E-04   
1.4421E-03   -1.4064E-04   
1.1546E-03   -2.6854E-04   
7.2473E-04   -4.8861E-04   
1.0926E-03   -2.9880E-04   
5.1310E-04   -5.9540E-04   
1.3920E-03   -1.6113E-04   
1.2721E-03   -2.1327E-04   
1.2141E-03   -2.4017E-04   
5.1757E-04   -5.9482E-04   
1.0291E-03   -3.3053E-04   
9.6551E-04   -3.6295E-04   
1.5631E-03   -9.2869E-05   
1.6195E-03   -8.0533E-05   
5.3704E-04   -5.9904E-04   
5.2139E-04   -5.9603E-04   
4.7615E-04   -6.7233E-04   
5.2809E-04   -5.9731E-04   
1.6100E-03   -7.9373E-05   
5.0338E-04   -6.2760E-04   
6.2827E-04   -6.9212E-04   
1.5869E-03   -1.2442E-04   
4.6859E-04   -6.5647E-04   
1.6118E-03   -1.3031E-04   
1.6015E-03   -9.9690E-05   
1.7067E-03   -1.2138E-04   
5.7325E-04   -6.9655E-04   
7.6971E-04   -8.4718E-04   
6.4406E-04   -7.2482E-04   
1.9161E-03   -1.3041E-04   
1.8185E-03   -1.1125E-04   
2.3166E-03   -1.5487E-04   
5.4317E-04   -6.7811E-04   
6.9423E-04   -8.8723E-04   
2.1019E-03   -1.4212E-04   
2.3923E-03   -1.1520E-04   
7.0995E-04   -7.9188E-04   
6.1957E-04   -7.5717E-04   
6.5220E-04   -7.7084E-04   
2.1673E-03   -1.7219E-04   
1.5205E-03   -1.0909E-04   
8.7058E-04   -4.1041E-04   
8.1149E-04   -4.4167E-04   
5.7260E-04   -5.6656E-04   
1.3752E-03   -1.6647E-04   
1.5699E-03   -9.5406E-05   
6.3568E-04   -5.3433E-04   
1.1219E-03   -2.8197E-04   
1.4718E-03   -1.2709E-04   
1.1826E-03   -2.5271E-04   
1.4193E-03   -1.4814E-04   
6.9410E-04   -5.0376E-04   
1.0588E-03   -3.1322E-04   
9.3180E-04   -3.7827E-04   
9.9491E-04   -3.4561E-04   
5.6777E-04   -5.7090E-04   
1.2905E-03   -2.0314E-04   
1.2405E-03   -2.2570E-04   
5.8111E-04   -5.7297E-04   
5.7258E-04   -5.7203E-04   
5.1138E-04   -6.3329E-04   
5.4755E-04   -6.0154E-04   
1.5653E-03   -9.3285E-05   
5.9807E-04   -6.5007E-04   
1.5818E-03   -9.7523E-05   
1.5467E-03   -1.4822E-04   
5.9051E-04   -6.7134E-04   
1.5635E-03   -1.2013E-04   
1.6382E-03   -1.3792E-04   
2.0299E-03   -1.3660E-04   
1.7446E-03   -1.2883E-04   
6.7912E-04   -6.9256E-04   
5.1084E-04   -6.4601E-04   
4.9474E-04   -6.7624E-04   
1.9904E-03   -1.2098E-04   
1.8421E-03   -1.4424E-04   
6.9468E-04   -7.2365E-04   
7.8185E-04   -8.7581E-04   
8.0584E-04   -8.0676E-04   
6.4943E-04   -6.6360E-04   
2.1079E-03   -1.1882E-04   
2.2433E-03   -1.7450E-04   
2.3898E-03   -1.3639E-04   
2.4597E-03   -1.0208E-04   
7.1123E-04   -7.3821E-04   
7.9040E-04   -7.6602E-04   
1.3943E-03   -1.5816E-04   
7.8123E-04   -4.5785E-04   
8.3909E-04   -4.2698E-04   
1.5199E-03   -1.1110E-04   
1.2721E-03   -2.1107E-04   
1.2132E-03   -2.3801E-04   
1.4375E-03   -1.4069E-04   
8.9929E-04   -3.9507E-04   
1.1528E-03   -2.6657E-04   
1.0902E-03   -2.9712E-04   
7.2434E-04   -4.8827E-04   
1.0261E-03   -3.2931E-04   
9.6200E-04   -3.6225E-04   
6.1088E-04   -5.4794E-04   
6.1709E-04   -5.4685E-04   
6.2491E-04   -5.4691E-04   
5.9199E-04   -5.7453E-04   
5.5746E-04   -6.0606E-04   
6.6398E-04   -5.2048E-04   
1.5195E-03   -1.0899E-04   
1.5012E-03   -1.3946E-04   
1.3346E-03   -1.8326E-04   
1.5229E-03   -1.4312E-04   
5.9337E-04   -6.3665E-04   
5.4431E-04   -6.4691E-04   
7.6726E-04   -7.0228E-04   
1.5715E-03   -1.5490E-04   
5.6473E-04   -6.1381E-04   
1.5183E-03   -1.1734E-04   
7.1843E-04   -6.5590E-04   
1.6659E-03   -1.4811E-04   
6.6936E-04   -6.3240E-04   
1.8846E-03   -1.5205E-04   
1.9734E-03   -1.5891E-04   
1.7925E-03   -1.3592E-04   
2.5322E-03   -1.0172E-04   
8.3616E-04   -7.2864E-04   
7.9894E-04   -7.1547E-04   
8.7013E-04   -8.0990E-04   
2.1702E-03   -1.9744E-04   
8.0576E-04   -9.0397E-04   
2.3123E-03   -1.7777E-04   
2.4651E-03   -1.1963E-04   
1.4262E-03   -1.4647E-04   
8.0732E-04   -4.4558E-04   
7.5117E-04   -4.7556E-04   
1.2468E-03   -2.2399E-04   
1.4741E-03   -1.2685E-04   
1.1861E-03   -2.5225E-04   
8.6700E-04   -4.1380E-04   
1.1239E-03   -2.8212E-04   
9.2974E-04   -3.8069E-04   
1.0596E-03   -3.1400E-04   
6.6752E-04   -5.2167E-04   
9.9427E-04   -3.4720E-04   
6.3624E-04   -5.4706E-04   
1.3696E-03   -1.7000E-04   
1.4573E-03   -1.6429E-04   
7.0471E-04   -5.0030E-04   
6.1366E-04   -5.8372E-04   
6.4950E-04   -5.4843E-04   
6.2454E-04   -6.0876E-04   
1.3081E-03   -1.9643E-04   
1.4816E-03   -1.6787E-04   
1.8947E-03   -1.7240E-04   
1.4686E-03   -1.3215E-04   
1.5058E-03   -1.7321E-04   
6.6038E-04   -6.1257E-04   
1.5941E-03   -1.6421E-04   
1.7077E-03   -1.5701E-04   
1.4806E-03   -1.3792E-04   
8.8985E-04   -6.8960E-04   
7.2759E-04   -6.2795E-04   
8.0859E-04   -6.2791E-04   
1.9486E-03   -1.4477E-04   
2.5579E-03   -1.2394E-04   
8.5523E-04   -6.7489E-04   
1.7633E-03   -1.6395E-04   
1.9574E-03   -1.8186E-04   
2.0965E-03   -2.2666E-04   
8.8891E-04   -7.3825E-04   
9.0577E-04   -7.6746E-04   
2.0715E-03   -1.9899E-04   
2.5872E-03   -8.5079E-05   
2.3901E-03   -1.5814E-04   
6.9794E-04   -9.4646E-04   
7.2670E-04   -6.9564E-04   
7.7337E-04   -4.6703E-04   
7.1799E-04   -4.9604E-04   
1.2219E-03   -2.3897E-04   
1.4095E-03   -1.5713E-04   
1.1599E-03   -2.6831E-04   
8.9685E-04   -4.0160E-04   
6.7882E-04   -5.2038E-04   
1.0954E-03   -2.9981E-04   
6.6269E-04   -5.5238E-04   
9.6240E-04   -3.6730E-04   
6.2156E-04   -5.9306E-04   
1.0290E-03   -3.3314E-04   
1.2833E-03   -2.1089E-04   
6.9427E-04   -5.1917E-04   
1.4126E-03   -1.9151E-04   
1.4601E-03   -1.3999E-04   
1.3441E-03   -1.8419E-04   
1.4365E-03   -1.6145E-04   
1.4470E-03   -1.9043E-04   
1.5311E-03   -1.7979E-04   
9.5206E-04   -6.4750E-04   
7.5449E-04   -5.9684E-04   
8.3966E-04   -6.3654E-04   
7.8056E-04   -6.2031E-04   
1.8020E-03   -1.9854E-04   
2.3786E-03   -1.7982E-04   
9.2754E-04   -8.1699E-04   
7.0007E-04   -5.7848E-04   
8.1055E-04   -6.6688E-04   
1.7380E-03   -1.9332E-04   
2.0214E-03   -1.8413E-04   
2.6166E-03   -9.8307E-05   
2.4841E-03   -1.6165E-04   
2.1233E-03   -2.4931E-04   
1.0113E-03   -7.3607E-04   
7.8747E-04   -9.4611E-04   
1.6755E-03   -1.8847E-04   
6.3227E-04   -9.4318E-04   
1.1980E-03   -2.5573E-04   
1.4212E-03   -1.5905E-04   
1.2598E-03   -2.2688E-04   
1.1341E-03   -2.8658E-04   
9.2992E-04   -3.8990E-04   
7.3584E-04   -4.9163E-04   
5.7266E-04   -6.2184E-04   
6.7313E-04   -5.6035E-04   
1.3209E-03   -1.9934E-04   
7.1290E-04   -5.1918E-04   
1.3887E-03   -1.8840E-04   
8.3330E-04   -4.3527E-04   
9.9836E-04   -3.5452E-04   
9.1096E-04   -6.2859E-04   
8.4963E-04   -5.9364E-04   
1.4600E-03   -2.0002E-04   
8.0332E-04   -5.9375E-04   
6.8113E-04   -5.7154E-04   
7.2667E-04   -5.8026E-04   
7.1856E-04   -5.9741E-04   
9.0151E-04   -5.9735E-04   
9.7828E-04   -6.6914E-04   
1.8687E-03   -2.0553E-04   
2.2973E-03   -2.0582E-04   
1.7117E-03   -2.2446E-04   
1.3296E-03   -2.2156E-04   
1.5878E-03   -2.1794E-04   
1.9485E-03   -2.1358E-04   
1.0271E-03   -7.8536E-04   
8.4487E-04   -8.4168E-04   
1.6505E-03   -2.1990E-04   
2.0944E-03   -1.6731E-04   
1.0654E-03   -7.4512E-04   
9.6726E-04   -7.2717E-04   
2.2183E-03   -2.4118E-04   
2.0253E-03   -2.6020E-04   
1.2377E-03   -2.4407E-04   
1.1773E-03   -2.7319E-04   
1.3671E-03   -1.8611E-04   
7.2865E-04   -5.2432E-04   
1.3723E-03   -1.7663E-04   
1.2986E-03   -2.1600E-04   
1.1110E-03   -3.0611E-04   
7.5878E-04   -4.8730E-04   
9.6739E-04   -3.7825E-04   
1.0387E-03   -3.4206E-04   
9.2941E-04   -5.6014E-04   
8.8026E-04   -5.6018E-04   
7.9762E-04   -4.5960E-04   
7.3595E-04   -5.5058E-04   
7.3489E-04   -5.3681E-04   
7.7320E-04   -5.4655E-04   
8.6279E-04   -4.2526E-04   
1.4991E-03   -2.0662E-04   
1.2820E-03   -2.5505E-04   
1.5652E-03   -2.4858E-04   
7.8560E-04   -5.6274E-04   
1.5132E-03   -2.2684E-04   
1.0500E-03   -6.9647E-04   
1.7729E-03   -2.3115E-04   
1.0532E-03   -6.2421E-04   
8.2780E-04   -7.7621E-04   
1.1285E-03   -7.5038E-04   
1.4011E-03   -2.3370E-04   
1.6228E-03   -2.5198E-04   
9.9661E-04   -5.7699E-04   
1.1084E-03   -7.0489E-04   
9.8012E-04   -8.2825E-04   
2.0576E-03   -2.8207E-04   
2.3221E-03   -2.3342E-04   
1.2207E-03   -2.5937E-04   
1.2770E-03   -2.3388E-04   
8.9786E-04   -4.1453E-04   
7.9108E-04   -5.1895E-04   
1.0091E-03   -3.6703E-04   
8.6695E-04   -5.2692E-04   
7.9135E-04   -4.8234E-04   
1.3102E-03   -2.6172E-04   
8.2818E-04   -4.5139E-04   
8.0397E-04   -4.9394E-04   
1.5566E-03   -1.8384E-04   
1.0857E-03   -3.2956E-04   
1.3319E-03   -2.0861E-04   
9.1213E-04   -5.2538E-04   
1.5368E-03   -2.8105E-04   
9.6074E-04   -5.2465E-04   
1.5168E-03   -2.4705E-04   
7.4920E-04   -8.0142E-04   
1.2120E-03   -7.5013E-04   
1.6804E-03   -2.5784E-04   
8.7693E-04   -8.5692E-04   
1.1099E-03   -5.4535E-04   
1.0810E-03   -6.5229E-04   
1.4256E-03   -2.4750E-04   
1.8357E-03   -2.3997E-04   
1.0384E-03   -8.4114E-04   
1.1299E-03   -5.7602E-04   
1.1540E-03   -6.6144E-04   
1.0943E-03   -7.9296E-04   
1.9554E-03   -2.9615E-04   
9.7879E-04   -5.5857E-04   
2.4323E-03   -2.2290E-04   
9.3772E-04   -4.0338E-04   
9.4547E-04   -4.8895E-04   
1.1693E-03   -2.8858E-04   
8.6845E-04   -4.3989E-04   
1.2227E-03   -2.9161E-04   
1.0111E-03   -5.2561E-04   
8.3341E-04   -5.2702E-04   
1.6464E-03   -2.9302E-04   
1.0523E-03   -3.5785E-04   
9.9310E-04   -4.8795E-04   
8.5033E-04   -4.5988E-04   
1.3350E-03   -2.7358E-04   
1.5909E-03   -2.8626E-04   
1.2482E-03   -2.5590E-04   
8.4420E-04   -5.0550E-04   
1.4450E-03   -2.6459E-04   
9.1446E-04   -7.0477E-04   
1.0578E-03   -5.3222E-04   
1.1557E-03   -6.0059E-04   
1.2000E-03   -6.1643E-04   
1.2234E-03   -6.7375E-04   
1.3223E-03   -7.0373E-04   
1.9913E-03   -3.2241E-04   
9.7145E-04   -8.8826E-04   
1.7962E-03   -2.7568E-04   
2.5074E-03   -1.9006E-04   
9.7885E-04   -3.9387E-04   
9.1019E-04   -4.2870E-04   
1.1389E-03   -3.1891E-04   
1.0261E-03   -4.5093E-04   
1.2449E-03   -3.0271E-04   
1.4729E-03   -2.8107E-04   
1.3590E-03   -2.8787E-04   
1.0448E-03   -4.8755E-04   
1.5583E-03   -3.2205E-04   
1.5045E-03   -3.1573E-04   
1.8589E-03   -3.0676E-04   
1.7036E-03   -3.0196E-04   
1.3043E-03   -5.8146E-04   
1.2296E-03   -5.5548E-04   
8.9707E-04   -4.9373E-04   
1.8915E-03   -2.5334E-04   
2.1462E-03   -2.6831E-04   
1.8870E-03   -3.7041E-04   
1.3272E-03   -6.6738E-04   
1.3254E-03   -7.4093E-04   
1.3414E-03   -6.2949E-04   
1.1561E-03   -4.9630E-04   
1.0889E-03   -8.6009E-04   
2.5367E-03   -2.1282E-04   
9.4833E-04   -4.2214E-04   
1.2121E-03   -2.8150E-04   
9.1345E-04   -4.6631E-04   
1.0857E-03   -3.5501E-04   
1.4614E-03   -3.5919E-04   
1.1505E-03   -3.3609E-04   
1.0191E-03   -3.8758E-04   
1.2689E-03   -3.1637E-04   
1.0770E-03   -4.4901E-04   
1.3983E-03   -3.2222E-04   
1.1351E-03   -4.4782E-04   
1.4177E-03   -3.4186E-04   
1.9287E-03   -2.7251E-04   
1.6143E-03   -3.2871E-04   
1.7662E-03   -3.1348E-04   
2.2217E-03   -2.7295E-04   
1.2096E-03   -5.3000E-04   
1.8484E-03   -2.8406E-04   
1.2045E-03   -5.0399E-04   
1.7838E-03   -3.4200E-04   
9.8156E-04   -4.4880E-04   
1.2074E-03   -4.4651E-04   
1.3747E-03   -5.8771E-04   
1.7888E-03   -3.7272E-04   
1.9937E-03   -3.5217E-04   
1.2450E-03   -5.7812E-04   
1.4173E-03   -6.2921E-04   
1.4069E-03   -6.9597E-04   
1.0119E-03   -9.0412E-04   
9.8490E-04   -4.2174E-04   
1.1651E-03   -4.0793E-04   
1.0676E-03   -3.7829E-04   
1.1819E-03   -3.4508E-04   
1.2827E-03   -4.8777E-04   
1.1064E-03   -4.1255E-04   
1.3583E-03   -3.8401E-04   
1.5386E-03   -3.5273E-04   
1.5039E-03   -6.7056E-04   
1.7039E-03   -3.7712E-04   
8.8083E-04   -4.5556E-04   
1.2663E-03   -4.5985E-04   
1.6668E-03   -3.3860E-04   
1.2987E-03   -3.2881E-04   
1.3232E-03   -3.6589E-04   
1.4139E-03   -5.4453E-04   
9.8581E-04   -9.4076E-04   
1.4499E-03   -5.9254E-04   
1.7826E-03   -4.0245E-04   
2.0634E-03   -3.2693E-04   
1.3838E-03   -3.0292E-04   
8.5770E-04   -4.8137E-04   
1.0569E-03   -4.1968E-04   
1.2270E-03   -4.0652E-04   
1.1180E-03   -3.8524E-04   
1.5767E-03   -3.6563E-04   
1.2565E-03   -3.6824E-04   
1.2971E-03   -4.2149E-04   
1.1139E-03   -3.6922E-04   
1.7125E-03   -4.4050E-04   
1.0530E-03   -4.0353E-04   
2.1507E-03   -3.1359E-04   
1.6985E-03   -4.1065E-04   
1.3375E-03   -5.3642E-04   
1.2821E-03   -4.0478E-04   
1.5713E-03   -6.2574E-04   
8.7452E-04   -9.8169E-04   
1.3318E-03   -3.3724E-04   
1.4045E-03   -4.8653E-04   
1.4836E-03   -3.8842E-04   
1.5255E-03   -4.1089E-04   
1.4637E-03   -4.9791E-04   
1.7433E-03   -4.6714E-04   
1.3432E-03   -4.5229E-04   
1.5314E-03   -5.9947E-04   
1.6068E-03   -6.4556E-04   
1.5069E-03   -4.5287E-04   
1.3674E-03   -4.6978E-04   
1.7018E-03   -6.4237E-04   
1.5256E-03   -5.1050E-04   
1.7104E-03   -3.4918E-04   
1.8625E-03   -4.4417E-04   
1.6329E-03   -4.8568E-04   
1.4233E-03   -4.3066E-04   
1.6097E-03   -4.1404E-04   
1.4813E-03   -5.5251E-04   
1.6538E-03   -5.1385E-04   
1.9542E-03   -3.9178E-04   
1.8028E-03   -5.9175E-04   
1.5696E-03   -5.2363E-04   
1.4454E-03   -4.5004E-04   
1.6494E-03   -5.5053E-04   
1.7430E-03   -5.4907E-04   
1.8635E-03   -5.0795E-04   
1.9069E-03   -4.6469E-04   
1.8299E-03   -5.5251E-04   
8.9785E-05   -1.1667E-03   
1.6394E-03   -5.8458E-04   
1.5456E-03   -6.9284E-04   
2.6950E-03   -9.7399E-05   
2.0259E-04   -9.7897E-04   
2.9402E-03   -1.4519E-05   
2.6423E-03   -2.0238E-04   
1.6311E-04   -1.1801E-03   
7.8077E-04   -9.8406E-04   
1.8414E-03   -6.1394E-04   
2.7404E-03   -5.1863E-05   
2.4929E-04   -1.1699E-03   
8.7697E-04   -9.0999E-04   
3.5403E-04   -1.1553E-03   
4.6101E-04   -1.1393E-03   
5.6780E-04   -1.1202E-03   
6.7799E-04   -1.0982E-03   
3.0342E-03   -1.3284E-05   
7.9051E-04   -1.0741E-03   
9.0855E-04   -1.0463E-03   
2.5739E-03   -1.6507E-04   
1.0302E-03   -1.0176E-03   
3.1311E-03   -1.2802E-05   
1.1538E-03   -9.8745E-04   
1.2810E-03   -9.5609E-04   
1.9705E-03   -4.2517E-04   
1.4245E-03   -9.1860E-04   
3.2331E-03   -1.1871E-05   
2.2434E-03   -1.9474E-04   
1.5392E-03   -9.0106E-04   
1.1501E-03   -7.1708E-04   
5.9387E-04   -1.0398E-03   
2.5925E-03   -1.4388E-04   
1.6728E-03   -8.5771E-04   
1.8228E-03   -8.2697E-04   
3.3382E-03   -1.0509E-05   
1.9626E-03   -7.9547E-04   
1.2170E-03   -8.3130E-04   
2.1179E-03   -7.5727E-04   
2.2389E-03   -7.3955E-04   
3.4471E-03   -9.1281E-06   
2.3793E-03   -6.9518E-04   
2.5376E-03   -6.5770E-04   
2.6219E-04   -1.1117E-03   
2.6861E-03   -6.1746E-04   
3.5728E-03   -8.2499E-06   
2.7783E-03   -3.2347E-05   
1.3004E-03   -7.8278E-04   
2.8469E-03   -5.6672E-04   
3.0004E-03   -5.2112E-04   
2.4650E-03   -2.4191E-04   
3.7126E-03   -4.4725E-06   
2.2481E-03   -2.9802E-04   
2.0701E-03   -3.5106E-04   
3.3025E-03   -4.0832E-04   
3.8628E-03   -6.4760E-05   
3.8905E-03   -6.4550E-05   
3.8755E-03   -1.8366E-05   
3.8871E-03   -7.6700E-06   
3.8665E-03   -4.1140E-05   
1.0607E-03   -9.4689E-04   
3.6405E-03   -2.3629E-04   
3.0372E-04   -1.1333E-03   
2.3242E-03   -3.0344E-04   
2.1890E-03   -3.3949E-04   
5.3420E-04   -1.0763E-03   
2.0510E-03   -4.2358E-04   
6.8983E-04   -1.0218E-03   
2.7676E-03   -8.1983E-05   
1.9344E-03   -5.1454E-04   
2.7152E-03   -1.7051E-04   
7.6572E-04   -1.0236E-03   
1.3627E-03   -7.9768E-04   
5.2547E-04   -1.1030E-03   
1.5065E-03   -7.4287E-04   
7.4720E-04   -1.0580E-03   
2.4407E-03   -2.7144E-04   
2.6423E-03   -5.9354E-04   
1.9220E-03   -7.7104E-04   
9.8827E-04   -9.9673E-04   
1.2525E-03   -8.5425E-04   
1.2374E-03   -9.3529E-04   
1.2079E-03   -9.0462E-04   
3.1785E-03   -2.4951E-05   
1.9748E-03   -5.8701E-04   
2.8231E-03   -4.6382E-05   
2.6750E-03   -2.2108E-04   
2.9912E-03   -2.5856E-05   
3.5573E-03   -1.7808E-05   
1.7545E-03   -6.6282E-04   
2.1665E-03   -7.1046E-04   
2.6354E-03   -1.0985E-04   
2.6726E-03   -1.4938E-04   
1.9794E-03   -4.4525E-04   
1.4393E-03   -7.0875E-04   
3.7968E-03   -1.7894E-06   
3.1573E-03   -4.6505E-04   
1.4637E-03   -8.7427E-04   
2.8824E-03   -5.2071E-04   
3.8951E-03   -4.3751E-05   
3.9128E-03   -4.0205E-06   
3.9069E-03   -1.1283E-05   
3.8995E-03   -2.6432E-05   
2.3953E-03   -6.5024E-04   
1.6830E-03   -8.1112E-04   
3.3859E-03   -1.9708E-05   
3.4382E-03   -2.9678E-04   
3.7288E-03   -1.3044E-05   
3.6229E-03   -2.1582E-04   
3.7044E-03   -9.4732E-05   
3.7462E-03   -1.8216E-05   
3.7274E-03   -4.0763E-05   
3.6812E-03   -1.4746E-04   
2.4201E-03   -3.0695E-04   
1.8921E-03   -7.4505E-04   
2.7973E-03   -6.3631E-05   
2.8932E-03   -5.3324E-05   
3.1215E-03   -3.9763E-05   
3.3902E-04   -1.1037E-03   
1.7133E-03   -7.1174E-04   
2.1670E-03   -3.8546E-04   
1.3166E-03   -8.8992E-04   
2.7854E-03   -1.0070E-04   
3.3268E-03   -3.2474E-05   
3.1067E-03   -4.5227E-04   
9.5435E-04   -9.7823E-04   
1.7896E-03   -7.6677E-04   
1.4237E-03   -8.5887E-04   
2.1357E-03   -6.8929E-04   
1.5875E-03   -7.4176E-04   
2.5361E-03   -5.9654E-04   
2.0561E-03   -4.9131E-04   
1.5609E-03   -8.2218E-04   
2.6412E-03   -2.5464E-04   
2.7500E-03   -1.9133E-04   
2.2770E-03   -6.5812E-04   
2.0741E-03   -5.3062E-04   
3.4450E-03   -2.7615E-05   
2.0156E-03   -6.1611E-04   
3.2240E-03   -3.6007E-05   
1.4824E-03   -7.8582E-04   
2.7529E-03   -1.2515E-04   
2.0122E-03   -7.1782E-04   
2.1343E-03   -4.3511E-04   
3.0027E-03   -4.2666E-05   
2.7849E-03   -1.4135E-04   
3.5517E-03   -1.4437E-04   
3.6105E-03   -3.1336E-05   
3.5887E-03   -6.5735E-05   
3.6316E-03   -1.8214E-05   
2.5213E-03   -2.7488E-04   
3.2445E-03   -3.7464E-04   
3.4686E-03   -2.4598E-04   
3.7205E-03   -3.3788E-05   
3.6891E-03   -1.2630E-04   
3.6929E-03   -6.5517E-05   
3.6777E-03   -7.9195E-05   
1.9756E-03   -6.9373E-04   
1.4843E-03   -8.1656E-04   
3.3648E-03   -4.1885E-05   
2.9941E-03   -4.7561E-04   
1.7172E-03   -7.5831E-04   
2.1061E-03   -5.6197E-04   
1.9332E-03   -6.7091E-04   
2.8629E-03   -1.7863E-04   
2.9614E-03   -6.1727E-05   
2.4289E-03   -6.0272E-04   
3.1719E-03   -4.9479E-05   
3.5760E-03   -8.8410E-05   
3.6216E-03   -4.5397E-05   
2.8930E-03   -1.3051E-04   
2.4006E-03   -3.4534E-04   
2.8868E-03   -9.4053E-05   
2.2713E-03   -3.8770E-04   
3.5444E-03   -1.1628E-04   
3.2902E-03   -3.0957E-04   
2.7377E-03   -2.5112E-04   
2.6808E-03   -5.4117E-04   
2.1740E-03   -4.8085E-04   
1.8179E-03   -7.0280E-04   
2.2223E-03   -6.3718E-04   
2.6641E-03   -2.7805E-04   
3.5495E-03   -2.7943E-05   
3.2175E-03   -3.5812E-04   
3.4888E-03   -1.9486E-04   
2.4553E-03   -5.5252E-04   
2.3069E-03   -4.6146E-04   
2.6457E-03   -3.1042E-04   
2.8478E-03   -2.3354E-04   
2.3092E-03   -5.8487E-04   
2.0579E-03   -6.4161E-04   
3.4013E-03   -4.9885E-05   
3.1410E-03   -3.6520E-04   
3.1810E-03   -6.5371E-05   
3.3016E-03   -5.7362E-05   
2.1830E-03   -6.1354E-04   
2.9609E-03   -1.0243E-04   
2.9694E-03   -7.8934E-05   
2.9344E-03   -1.4765E-04   
2.1547E-03   -4.5963E-04   
2.2264E-03   -5.3935E-04   
2.9079E-03   -1.9574E-04   
2.7163E-03   -4.9553E-04   
2.5042E-03   -3.4646E-04   
2.3800E-03   -3.8532E-04   
2.2958E-03   -4.9872E-04   
2.7627E-03   -2.9184E-04   
2.8365E-03   -2.6242E-04   
2.7884E-03   -5.3040E-04   
2.9769E-03   -1.6345E-04   
2.2666E-03   -5.6238E-04   
3.4995E-03   -4.1569E-05   
3.0648E-03   -8.1960E-05   
3.0014E-03   -1.2078E-04   
2.9837E-03   -4.2221E-04   
3.1458E-03   -8.7261E-05   
2.3733E-03   -4.1724E-04   
2.5826E-03   -3.5087E-04   
2.8620E-03   -2.8327E-04   
2.3421E-03   -5.1415E-04   
3.1163E-03   -1.0922E-04   
3.2113E-03   -3.1227E-04   
2.9573E-03   -2.0600E-04   
3.0896E-03   -1.4742E-04   
2.9276E-03   -4.7578E-04   
3.3509E-03   -6.5165E-05   
2.4486E-03   -4.2320E-04   
2.5770E-03   -3.8154E-04   
3.5432E-03   -4.7890E-05   
3.0556E-03   -1.9149E-04   
3.4152E-03   -7.0400E-05   
2.4665E-03   -4.8316E-04   
3.1385E-03   -1.2455E-04   
3.2936E-03   -8.3695E-05   
3.1315E-03   -1.5904E-04   
2.6885E-03   -3.7384E-04   
3.2043E-03   -9.1992E-05   
2.8192E-03   -3.2788E-04   
3.0097E-03   -2.4964E-04   
3.2228E-03   -1.2584E-04   
3.0596E-03   -2.6758E-04   
2.5100E-03   -5.0187E-04   
2.9230E-03   -3.2070E-04   
2.5516E-03   -4.2733E-04   
2.7916E-03   -3.6851E-04   
3.3213E-03   -9.5175E-05   
3.5281E-03   -6.4089E-05   
3.1438E-03   -2.6528E-04   
3.0316E-03   -3.0837E-04   
3.3537E-03   -1.0563E-04   
2.5976E-03   -4.5405E-04   
2.7437E-03   -4.1701E-04   
3.2969E-03   -1.2724E-04   
3.2686E-03   -2.3563E-04   
3.0215E-03   -3.4390E-04   
3.4674E-03   -8.6851E-05   
3.2926E-03   -1.4399E-04   
3.2614E-03   -2.6712E-04   
3.5188E-03   -9.0617E-05   
3.1393E-03   -3.1562E-04   
3.1733E-03   -1.7010E-04   
3.0975E-03   -2.0603E-04   
3.1532E-03   -2.1735E-04   
3.2926E-03   -1.8239E-04   
