51 
1844 
1.3524E-03   -1.4994E-03   
2.5725E-03   -1.2688E-03   
3.5394E-03   -9.1569E-04   
4.1601E-03   -4.7817E-04   
1.4282E-36   -1.5718E-03   
4.3695E-03   -7.3902E-37   
4.4674E-03   -9.8467E-36   
4.6274E-03   -1.0214E-37   
4.9785E-03   4.0947E-36   
5.2964E-03   6.0183E-36   
5.7005E-03   1.2653E-35   
6.1937E-03   1.7451E-35   
6.5731E-03   2.1137E-35   
7.2188E-03   3.2108E-35   
7.6996E-03   3.8970E-35   
8.2199E-03   3.4446E-35   
8.4942E-03   5.2960E-35   
9.0703E-03   7.8215E-35   
9.6815E-03   1.1353E-34   
1.0000E-02   -5.1483E-31   
1.0000E-02   -1.2920E-34   
1.0000E-02   -1.2920E-34   
1.0000E-02   -1.2920E-34   
1.0000E-02   -1.2920E-34   
1.0000E-02   -1.2920E-34   
1.0000E-02   -1.2920E-34   
1.0000E-02   -1.2920E-34   
1.0000E-02   -1.2920E-34   
1.0000E-02   -1.2920E-34   
1.0000E-02   -1.2920E-34   
1.0000E-02   -1.2920E-34   
1.0000E-02   -1.2920E-34   
9.3951E-03   -4.3270E-04   
8.4090E-03   -9.8786E-04   
7.9931E-03   -1.1789E-03   
7.5962E-03   -1.3365E-03   
6.8319E-03   -1.5903E-03   
6.4593E-03   -1.6965E-03   
5.7270E-03   -1.8836E-03   
5.3672E-03   -1.9692E-03   
4.6591E-03   -2.1322E-03   
3.9707E-03   -2.2898E-03   
3.6353E-03   -2.3682E-03   
2.9857E-03   -2.5220E-03   
2.3686E-03   -2.6687E-03   
2.0732E-03   -2.7369E-03   
1.5095E-03   -2.8585E-03   
9.7965E-04   -2.9516E-03   
4.7885E-04   -3.0093E-03   
1.9824E-36   -3.0267E-03   
1.1586E-34   -2.8676E-03   
1.2157E-34   -2.7157E-03   
1.1449E-34   -2.5141E-03   
1.0852E-34   -2.3983E-03   
9.5559E-35   -2.2096E-03   
8.7180E-35   -2.1022E-03   
7.8523E-35   -1.9975E-03   
7.1355E-35   -1.9132E-03   
6.9811E-35   -1.8398E-03   
1.0245E-03   -1.5998E-03   
9.6083E-03   -3.8241E-05   
9.1977E-03   -7.9961E-05   
8.6038E-03   -1.3828E-04   
8.1171E-03   -1.8812E-04   
7.6457E-03   -2.5019E-04   
7.1145E-03   -2.8722E-04   
6.6795E-03   -3.0241E-04   
6.1420E-03   -3.4899E-04   
5.6087E-03   -3.7777E-04   
5.0780E-03   -4.0307E-04   
4.5516E-03   -4.2565E-04   
4.0034E-03   -4.6178E-04   
3.4396E-03   -5.5325E-04   
2.6689E-03   -7.9850E-04   
1.8834E-03   -1.1810E-03   
2.7962E-03   -9.3054E-04   
3.3339E-03   -4.6305E-04   
3.8552E-03   -2.9335E-04   
4.3483E-03   -2.4823E-04   
4.8222E-03   -2.4204E-04   
5.2729E-03   -2.4427E-04   
5.7876E-03   -2.2409E-04   
6.2664E-03   -2.0782E-04   
6.7121E-03   -1.8683E-04   
7.1722E-03   -1.8809E-04   
7.6729E-03   -1.4899E-04   
8.1545E-03   -1.1750E-04   
8.6257E-03   -9.4581E-05   
9.1246E-03   -5.4948E-05   
9.5578E-03   -2.3167E-05   
4.0923E-03   -2.0723E-04   
4.3437E-03   -9.7954E-05   
4.6303E-03   -9.1990E-05   
5.0274E-03   -9.4413E-05   
5.4075E-03   -9.6127E-05   
5.8760E-03   -1.0126E-04   
6.2945E-03   -1.0396E-04   
6.7104E-03   -1.0166E-04   
7.2456E-03   -8.1722E-05   
7.6933E-03   -6.6064E-05   
8.2000E-03   -5.6723E-05   
8.6978E-03   -4.0932E-05   
9.1842E-03   -2.6853E-05   
9.6309E-03   -8.7621E-06   
9.5347E-03   -5.9409E-05   
9.0904E-03   -1.2535E-04   
8.5460E-03   -2.1039E-04   
8.0435E-03   -2.6300E-04   
7.6086E-03   -3.3813E-04   
7.0625E-03   -3.9859E-04   
6.5239E-03   -4.5320E-04   
6.0133E-03   -4.9574E-04   
5.4824E-03   -5.4754E-04   
4.9846E-03   -5.9274E-04   
4.3463E-03   -6.6372E-04   
3.6644E-03   -7.6861E-04   
2.9951E-03   -9.1304E-04   
2.2940E-03   -1.1214E-03   
1.5100E-03   -1.4433E-03   
7.5092E-04   -1.7516E-03   
9.5065E-03   -8.8123E-05   
9.1289E-03   -1.6014E-04   
8.4820E-03   -2.8533E-04   
8.0578E-03   -3.6386E-04   
7.5511E-03   -4.4238E-04   
6.9421E-03   -5.4367E-04   
6.4034E-03   -5.9912E-04   
5.8805E-03   -6.5773E-04   
5.2657E-03   -7.4296E-04   
4.6899E-03   -8.3697E-04   
4.0797E-03   -9.3902E-04   
3.4389E-03   -1.0334E-03   
2.7501E-03   -1.2240E-03   
2.0794E-03   -1.4050E-03   
1.3514E-03   -1.6621E-03   
6.4400E-04   -1.8860E-03   
9.6445E-03   -7.7046E-05   
8.9602E-03   -2.4077E-04   
8.5705E-03   -3.2592E-04   
8.0953E-03   -4.3860E-04   
7.3859E-03   -5.8218E-04   
6.8809E-03   -6.7789E-04   
6.3560E-03   -7.5630E-04   
5.7353E-03   -8.6050E-04   
5.1694E-03   -9.6243E-04   
4.5589E-03   -1.0478E-03   
3.9834E-03   -1.1468E-03   
3.2623E-03   -1.2779E-03   
2.5633E-03   -1.4986E-03   
1.9110E-03   -1.6566E-03   
1.2985E-03   -1.8558E-03   
6.3848E-04   -2.0141E-03   
9.4255E-03   -1.5763E-04   
9.0242E-03   -2.7751E-04   
8.5387E-03   -4.2090E-04   
8.0494E-03   -5.5907E-04   
7.3399E-03   -7.2464E-04   
6.7697E-03   -8.2810E-04   
6.1907E-03   -9.6079E-04   
5.6359E-03   -1.0803E-03   
4.9739E-03   -1.1705E-03   
4.4354E-03   -1.2496E-03   
3.8875E-03   -1.3896E-03   
3.1607E-03   -1.5620E-03   
2.4512E-03   -1.7435E-03   
1.8309E-03   -1.8984E-03   
1.1710E-03   -2.0575E-03   
6.1160E-04   -2.1593E-03   
9.5467E-03   -1.6682E-04   
9.0015E-03   -3.6779E-04   
8.5547E-03   -5.0485E-04   
7.8552E-03   -7.2484E-04   
7.2393E-03   -9.0876E-04   
6.6895E-03   -1.0201E-03   
6.0075E-03   -1.1691E-03   
5.4962E-03   -1.2778E-03   
4.8326E-03   -1.3838E-03   
4.2543E-03   -1.4960E-03   
3.5991E-03   -1.6404E-03   
3.0647E-03   -1.7758E-03   
2.4214E-03   -1.9417E-03   
1.7837E-03   -2.0912E-03   
1.1651E-03   -2.2277E-03   
5.4775E-04   -2.3258E-03   
9.4698E-03   -2.2494E-04   
8.8718E-03   -4.6840E-04   
8.4542E-03   -6.1853E-04   
7.6424E-03   -9.1186E-04   
7.1509E-03   -1.0563E-03   
6.5919E-03   -1.2135E-03   
5.9794E-03   -1.3341E-03   
5.3605E-03   -1.4709E-03   
4.6742E-03   -1.6256E-03   
4.1005E-03   -1.7436E-03   
3.5378E-03   -1.8591E-03   
2.9517E-03   -2.0010E-03   
2.3072E-03   -2.1809E-03   
1.7585E-03   -2.2846E-03   
1.1375E-03   -2.4133E-03   
5.6461E-04   -2.4881E-03   
9.5154E-03   -2.6746E-04   
9.0035E-03   -5.1601E-04   
8.3163E-03   -7.9804E-04   
7.7154E-03   -1.0487E-03   
7.0648E-03   -1.2041E-03   
6.4368E-03   -1.3671E-03   
5.8390E-03   -1.5215E-03   
5.2403E-03   -1.6652E-03   
4.6416E-03   -1.8056E-03   
3.9835E-03   -1.9292E-03   
3.4017E-03   -2.1097E-03   
2.7915E-03   -2.2309E-03   
2.2428E-03   -2.3431E-03   
1.6722E-03   -2.4771E-03   
1.0846E-03   -2.5981E-03   
6.0272E-04   -2.6470E-03   
9.3742E-03   -4.0583E-04   
8.7487E-03   -7.6556E-04   
8.2283E-03   -9.7074E-04   
7.4160E-03   -1.2695E-03   
6.9250E-03   -1.4147E-03   
6.2431E-03   -1.5987E-03   
5.6514E-03   -1.7567E-03   
5.1246E-03   -1.8532E-03   
4.4902E-03   -1.9932E-03   
3.8914E-03   -2.1617E-03   
3.3890E-03   -2.2650E-03   
2.7810E-03   -2.4135E-03   
2.1550E-03   -2.5579E-03   
1.5969E-03   -2.6706E-03   
1.0636E-03   -2.7672E-03   
4.7582E-04   -2.8623E-03   
1.6982E-04   -1.5771E-03   
3.4177E-04   -1.5740E-03   
5.1288E-04   -1.5679E-03   
6.8344E-04   -1.5594E-03   
8.5293E-04   -1.5483E-03   
1.0211E-03   -1.5345E-03   
1.1877E-03   -1.5182E-03   
1.5149E-03   -1.4784E-03   
1.6750E-03   -1.4550E-03   
1.8325E-03   -1.4294E-03   
1.9872E-03   -1.4015E-03   
2.1387E-03   -1.3715E-03   
2.2870E-03   -1.3393E-03   
2.4316E-03   -1.3051E-03   
2.7093E-03   -1.2306E-03   
2.8419E-03   -1.1905E-03   
2.9700E-03   -1.1487E-03   
3.0937E-03   -1.1052E-03   
3.2127E-03   -1.0602E-03   
3.3268E-03   -1.0134E-03   
3.4358E-03   -9.6522E-04   
3.6375E-03   -8.6490E-04   
3.7301E-03   -8.1282E-04   
3.8169E-03   -7.5953E-04   
3.8978E-03   -7.0514E-04   
3.9727E-03   -6.4973E-04   
4.0414E-03   -5.9337E-04   
4.1039E-03   -5.3617E-04   
4.2098E-03   -4.1944E-04   
4.2531E-03   -3.6000E-04   
4.2897E-03   -2.9983E-04   
4.3171E-03   -2.3915E-04   
4.3446E-03   -1.7958E-04   
4.3573E-03   -1.2058E-04   
4.3702E-03   -5.8545E-05   
4.3983E-03   -4.8399E-35   
4.4142E-03   -4.4888E-35   
4.4270E-03   -3.3238E-35   
4.4389E-03   -1.7736E-35   
4.4518E-03   -1.3296E-35   
4.4873E-03   -7.0456E-36   
4.5125E-03   -4.7650E-36   
4.5437E-03   -2.9061E-36   
4.5819E-03   -1.3770E-36   
4.6807E-03   9.6499E-37   
4.7422E-03   1.8630E-36   
4.8122E-03   2.6439E-36   
4.8909E-03   3.3722E-36   
5.0751E-03   4.7459E-36   
5.1810E-03   5.3907E-36   
5.4214E-03   6.7165E-36   
5.5560E-03   7.4338E-36   
5.8549E-03   1.3338E-35   
6.0193E-03   1.0126E-35   
6.3782E-03   1.8883E-35   
6.7781E-03   2.4436E-35   
6.9934E-03   2.7586E-35   
7.4542E-03   3.3282E-35   
7.9549E-03   4.4447E-35   
8.7779E-03   6.6351E-35   
9.3715E-03   6.9702E-35   
1.0000E-02   -1.2920E-34   
1.0000E-02   -1.2920E-34   
1.0000E-02   -1.2920E-34   
1.0000E-02   -1.2920E-34   
1.0000E-02   -1.2920E-34   
8.8571E-03   -7.5888E-04   
7.2106E-03   -1.4718E-03   
6.0912E-03   -1.7933E-03   
5.0109E-03   -2.0518E-03   
4.3122E-03   -2.2114E-03   
3.3067E-03   -2.4456E-03   
2.6728E-03   -2.5967E-03   
1.7868E-03   -2.8005E-03   
1.2405E-03   -2.9088E-03   
7.2583E-04   -2.9850E-03   
2.3792E-04   -3.0244E-03   
8.6854E-35   -2.9472E-03   
1.2029E-34   -2.7901E-03   
1.1780E-34   -2.6448E-03   
1.6988E-34   -2.5776E-03   
1.7127E-34   -2.4543E-03   
1.0598E-34   -2.3459E-03   
1.0310E-34   -2.2970E-03   
9.9161E-35   -2.2516E-03   
9.2565E-35   -2.1707E-03   
8.9759E-35   -2.1350E-03   
8.4991E-35   -2.0722E-03   
8.2836E-35   -2.0448E-03   
8.0575E-35   -2.0200E-03   
7.6732E-35   -1.9772E-03   
7.5107E-35   -1.9588E-03   
7.3660E-35   -1.9421E-03   
7.2406E-35   -1.9271E-03   
7.0508E-35   -1.9004E-03   
6.9872E-35   -1.8883E-03   
6.9467E-35   -1.8766E-03   
6.9314E-35   -1.8649E-03   
6.9427E-35   -1.8527E-03   
7.0447E-35   -1.8254E-03   
7.1301E-35   -1.8092E-03   
7.2491E-35   -1.7904E-03   
7.4073E-35   -1.7684E-03   
7.6554E-35   -1.7427E-03   
1.1946E-34   -1.7115E-03   
1.2051E-34   -1.6750E-03   
9.9546E-35   -1.6266E-03   
1.8309E-03   -1.4136E-03   
2.8267E-03   -1.1228E-03   
3.1996E-03   -9.7600E-04   
2.1294E-03   -1.3399E-03   
4.0576E-03   -5.0410E-04   
1.3676E-03   -1.5061E-03   
5.6440E-04   -1.6041E-03   
3.8239E-03   -6.6402E-04   
4.2765E-03   -2.8947E-04   
3.5364E-03   -8.2225E-04   
2.4180E-03   -1.2581E-03   
4.1808E-03   -3.9705E-04   
2.5580E-03   -1.2145E-03   
1.2099E-03   -1.5316E-03   
3.4299E-03   -8.7425E-04   
3.9081E-03   -6.1083E-04   
4.3821E-03   -8.0965E-05   
2.1732E-04   -1.6225E-03   
1.0509E-03   -1.5543E-03   
2.9543E-03   -1.0748E-03   
3.0775E-03   -1.0258E-03   
4.1226E-03   -4.5063E-04   
7.2843E-04   -1.5906E-03   
4.3141E-03   -2.3481E-04   
3.9343E-04   -1.6157E-03   
8.9052E-04   -1.5740E-03   
3.9860E-03   -5.5753E-04   
4.2321E-03   -3.4332E-04   
1.5239E-03   -1.4778E-03   
3.7337E-03   -7.1706E-04   
3.6378E-03   -7.6986E-04   
2.2752E-03   -1.3000E-03   
1.6784E-03   -1.4469E-03   
1.9814E-03   -1.3779E-03   
2.6945E-03   -1.1694E-03   
3.3172E-03   -9.2552E-04   
1.2560E-04   -1.7255E-03   
1.1944E-04   -1.7537E-03   
1.1503E-04   -1.7776E-03   
1.1096E-04   -1.7979E-03   
1.0780E-04   -1.8153E-03   
1.0587E-04   -1.8303E-03   
1.0481E-04   -1.8438E-03   
1.0437E-04   -1.8562E-03   
1.0442E-04   -1.8680E-03   
4.4150E-03   -3.9043E-05   
1.0492E-04   -1.8796E-03   
4.4265E-03   -3.0822E-05   
1.0586E-04   -1.8915E-03   
4.4382E-03   -2.4880E-05   
1.0723E-04   -1.9039E-03   
4.4522E-03   -2.0453E-05   
1.0899E-04   -1.9172E-03   
4.4698E-03   -1.7381E-05   
1.1113E-04   -1.9316E-03   
4.4923E-03   -1.5370E-05   
1.1361E-04   -1.9474E-03   
4.5206E-03   -1.4242E-05   
1.1642E-04   -1.9650E-03   
4.5554E-03   -1.3831E-05   
1.1953E-04   -1.9843E-03   
4.5974E-03   -1.3972E-05   
1.2294E-04   -2.0058E-03   
4.6470E-03   -1.4535E-05   
1.2650E-04   -2.0294E-03   
4.7047E-03   -1.5470E-05   
1.3014E-04   -2.0554E-03   
4.7709E-03   -1.6702E-05   
1.3425E-04   -2.0841E-03   
4.8457E-03   -1.8134E-05   
1.3898E-04   -2.1155E-03   
4.9292E-03   -1.9689E-05   
1.4395E-04   -2.1499E-03   
5.0219E-03   -2.1184E-05   
1.4900E-04   -2.1872E-03   
5.1229E-03   -2.2900E-05   
1.5411E-04   -2.2276E-03   
5.2325E-03   -2.4761E-05   
1.5909E-04   -2.2709E-03   
5.3511E-03   -2.6928E-05   
1.6582E-04   -2.3171E-03   
5.4799E-03   -2.8889E-05   
1.7378E-04   -2.3669E-03   
5.6193E-03   -3.0307E-05   
1.7802E-04   -2.4206E-03   
5.7688E-03   -3.1646E-05   
1.8242E-04   -2.4777E-03   
5.9297E-03   -3.2976E-05   
1.9534E-04   -2.5389E-03   
6.1026E-03   -3.3577E-05   
2.0294E-04   -2.6059E-03   
6.2815E-03   -3.2851E-05   
2.0430E-04   -2.6766E-03   
6.4672E-03   -3.3994E-05   
2.1215E-04   -2.7504E-03   
6.6664E-03   -3.4406E-05   
2.2463E-04   -2.8297E-03   
2.2729E-03   -1.2564E-03   
3.5434E-03   -7.3602E-04   
3.9252E-03   -5.2682E-04   
1.6869E-03   -1.4313E-03   
4.3722E-03   -1.1870E-04   
4.5636E-04   -1.6458E-03   
2.9426E-03   -1.0024E-03   
4.3001E-03   -2.2974E-04   
7.7013E-04   -1.6127E-03   
1.2336E-03   -1.5359E-03   
1.0807E-03   -1.5647E-03   
3.3183E-03   -8.4279E-04   
2.5544E-03   -1.1584E-03   
4.1448E-03   -3.7633E-04   
4.2037E-03   -3.2722E-04   
2.6895E-03   -1.1077E-03   
3.1960E-03   -8.9561E-04   
4.0053E-03   -4.7609E-04   
3.8387E-03   -5.7823E-04   
1.8357E-03   -1.3909E-03   
1.3858E-03   -1.5039E-03   
2.8050E-04   -1.6627E-03   
1.9830E-03   -1.3481E-03   
2.8175E-03   -1.0554E-03   
3.0698E-03   -9.4860E-04   
4.0785E-03   -4.2594E-04   
4.2553E-03   -2.7840E-04   
2.1290E-03   -1.3032E-03   
3.6475E-03   -6.8291E-04   
9.2609E-04   -1.5904E-03   
1.5371E-03   -1.4690E-03   
3.7460E-03   -6.3029E-04   
4.3389E-03   -1.7943E-04   
6.1229E-04   -1.6313E-03   
3.4336E-03   -7.8956E-04   
2.4151E-03   -1.2081E-03   
1.3090E-04   -1.6915E-03   
2.5026E-04   -1.7310E-03   
2.3889E-04   -1.7585E-03   
2.2867E-04   -1.7805E-03   
2.1933E-04   -1.7993E-03   
2.1352E-04   -1.8152E-03   
2.1039E-04   -1.8291E-03   
2.0893E-04   -1.8417E-03   
4.4013E-03   -5.3088E-05   
2.0862E-04   -1.8536E-03   
2.0926E-04   -1.8651E-03   
4.4024E-03   -6.7592E-05   
2.1078E-04   -1.8766E-03   
4.4118E-03   -5.5459E-05   
2.1316E-04   -1.8886E-03   
4.4239E-03   -4.5046E-05   
2.1635E-04   -1.9014E-03   
4.4393E-03   -3.7766E-05   
2.2030E-04   -1.9152E-03   
4.4591E-03   -3.2916E-05   
2.2484E-04   -1.9302E-03   
4.4845E-03   -2.9899E-05   
2.3062E-04   -1.9468E-03   
4.5162E-03   -2.8460E-05   
2.3746E-04   -1.9651E-03   
4.5549E-03   -2.8288E-05   
2.4395E-04   -1.9855E-03   
4.6011E-03   -2.9071E-05   
2.4998E-04   -2.0081E-03   
4.6554E-03   -3.0569E-05   
2.5636E-04   -2.0328E-03   
4.7184E-03   -3.2782E-05   
2.6389E-04   -2.0600E-03   
4.7896E-03   -3.5558E-05   
2.7281E-04   -2.0899E-03   
4.8696E-03   -3.8707E-05   
2.8275E-04   -2.1227E-03   
4.9597E-03   -4.1531E-05   
2.9308E-04   -2.1586E-03   
5.0567E-03   -4.3784E-05   
3.0336E-04   -2.1975E-03   
5.1582E-03   -4.7830E-05   
3.1178E-04   -2.2394E-03   
5.2696E-03   -5.1492E-05   
3.1797E-04   -2.2832E-03   
5.3909E-03   -5.6706E-05   
3.3741E-04   -2.3285E-03   
5.5256E-03   -5.9891E-05   
3.5476E-04   -2.3800E-03   
5.6708E-03   -6.1983E-05   
3.5461E-04   -2.4361E-03   
5.8260E-03   -6.5052E-05   
3.7060E-04   -2.4917E-03   
5.9986E-03   -6.7187E-05   
4.2251E-04   -2.5546E-03   
6.1841E-03   -6.7072E-05   
4.0694E-04   -2.6299E-03   
6.3544E-03   -6.2248E-05   
4.1423E-04   -2.7007E-03   
6.5369E-03   -7.4606E-05   
4.3531E-04   -2.7748E-03   
6.8765E-03   -3.6261E-05   
2.9426E-03   -9.3304E-04   
3.0780E-03   -8.7480E-04   
2.5607E-03   -1.1029E-03   
3.2062E-03   -8.2013E-04   
2.4222E-03   -1.1565E-03   
1.1113E-03   -1.5671E-03   
1.2596E-03   -1.5324E-03   
1.4074E-03   -1.4944E-03   
1.5546E-03   -1.4533E-03   
1.7011E-03   -1.4093E-03   
9.6039E-04   -1.5988E-03   
1.8471E-03   -1.3626E-03   
2.2806E-03   -1.2100E-03   
3.3299E-03   -7.6603E-04   
1.9925E-03   -1.3136E-03   
2.1373E-03   -1.2626E-03   
8.0497E-04   -1.6279E-03   
3.4473E-03   -7.1126E-04   
4.1032E-03   -3.5772E-04   
4.1697E-03   -3.1197E-04   
4.2278E-03   -2.6754E-04   
4.0292E-03   -4.0460E-04   
6.5000E-04   -1.6524E-03   
3.5591E-03   -6.5702E-04   
3.9481E-03   -4.5252E-04   
3.7657E-03   -5.5203E-04   
3.6653E-03   -6.0391E-04   
3.8601E-03   -5.0168E-04   
5.0415E-04   -1.6678E-03   
3.7961E-04   -1.6793E-03   
4.2783E-03   -2.2346E-04   
4.3227E-03   -1.7863E-04   
4.3611E-03   -1.3279E-04   
2.6051E-04   -1.7028E-03   
3.6001E-04   -1.7553E-03   
3.3757E-04   -1.7771E-03   
3.2439E-04   -1.7944E-03   
3.1748E-04   -1.8090E-03   
3.1412E-04   -1.8218E-03   
3.1296E-04   -1.8335E-03   
4.3914E-03   -8.4318E-05   
3.1337E-04   -1.8448E-03   
3.1514E-04   -1.8561E-03   
4.3718E-03   -9.6076E-05   
3.1819E-04   -1.8676E-03   
4.3838E-03   -7.5442E-05   
3.2249E-04   -1.8798E-03   
4.3969E-03   -6.2396E-05   
3.2795E-04   -1.8929E-03   
4.4140E-03   -5.3666E-05   
3.3413E-04   -1.9073E-03   
4.4364E-03   -4.8124E-05   
3.4241E-04   -1.9226E-03   
4.4654E-03   -4.4799E-05   
3.5570E-04   -1.9391E-03   
4.5009E-03   -4.3774E-05   
3.6597E-04   -1.9586E-03   
4.5431E-03   -4.4497E-05   
3.7204E-04   -1.9807E-03   
4.5942E-03   -4.6241E-05   
3.8024E-04   -2.0044E-03   
4.6545E-03   -4.8895E-05   
3.8913E-04   -2.0304E-03   
4.7219E-03   -5.2854E-05   
4.0100E-04   -2.0585E-03   
4.7980E-03   -5.7654E-05   
4.1689E-04   -2.0893E-03   
4.8861E-03   -6.2212E-05   
4.3310E-04   -2.1237E-03   
4.9864E-03   -6.5542E-05   
4.4872E-04   -2.1615E-03   
5.0820E-03   -6.5554E-05   
4.6186E-04   -2.2028E-03   
5.1751E-03   -7.8012E-05   
4.6622E-04   -2.2475E-03   
4.5741E-04   -2.2895E-03   
5.3530E-04   -2.3931E-03   
5.7057E-03   -9.6264E-05   
5.9666E-04   -2.5840E-03   
6.2223E-04   -2.7131E-03   
6.0655E-03   -1.0362E-04   
7.1077E-03   -3.8885E-05   
4.2507E-03   -2.1801E-04   
4.2997E-03   -1.7719E-04   
4.3445E-03   -1.3569E-04   
2.6969E-03   -9.9879E-04   
2.5785E-03   -1.0463E-03   
9.9548E-04   -1.6003E-03   
8.4154E-04   -1.6360E-03   
1.5769E-03   -1.4319E-03   
1.1433E-03   -1.5626E-03   
1.7211E-03   -1.3822E-03   
1.2886E-03   -1.5221E-03   
2.4400E-03   -1.1037E-03   
3.2293E-03   -7.5268E-04   
1.4329E-03   -1.4786E-03   
4.0576E-03   -3.4159E-04   
3.9759E-03   -3.8689E-04   
1.8654E-03   -1.3298E-03   
2.0099E-03   -1.2752E-03   
3.6902E-03   -5.3236E-04   
3.7919E-03   -4.8207E-04   
4.1323E-03   -2.9749E-04   
6.8128E-04   -1.6684E-03   
4.1964E-03   -2.5719E-04   
2.2978E-03   -1.1615E-03   
3.5826E-03   -5.8487E-04   
2.1544E-03   -1.2190E-03   
3.8872E-03   -4.3367E-04   
3.3514E-03   -6.9539E-04   
3.4694E-03   -6.3937E-04   
4.6310E-04   -1.7498E-03   
4.3830E-04   -1.7689E-03   
4.2638E-04   -1.7839E-03   
4.2029E-04   -1.7968E-03   
4.1770E-04   -1.8084E-03   
4.1753E-04   -1.8193E-03   
4.1929E-04   -1.8301E-03   
4.2272E-04   -1.8411E-03   
4.3763E-03   -1.0248E-04   
4.3337E-03   -1.1221E-04   
4.2775E-04   -1.8527E-03   
4.3437E-03   -9.2813E-05   
4.3438E-04   -1.8652E-03   
4.3586E-03   -7.8656E-05   
4.4220E-04   -1.8787E-03   
4.3776E-03   -6.9710E-05   
4.5124E-04   -1.8932E-03   
4.4030E-03   -6.4447E-05   
4.6373E-04   -1.9083E-03   
4.4373E-03   -6.0973E-05   
4.9800E-04   -1.9225E-03   
4.4746E-03   -6.1454E-05   
4.9286E-04   -1.9476E-03   
4.5198E-03   -6.3548E-05   
5.0300E-04   -1.9704E-03   
4.5791E-03   -6.6324E-05   
5.1303E-04   -1.9960E-03   
4.6450E-03   -6.9949E-05   
5.4328E-04   -2.0507E-03   
6.1720E-04   -2.2591E-03   
4.7957E-03   -8.3947E-05   
5.7081E-04   -2.0818E-03   
5.9170E-04   -2.1188E-03   
6.2842E-04   -2.2053E-03   
5.2990E-03   -7.6995E-05   
5.5723E-03   -8.8451E-05   
5.7350E-03   -1.3538E-04   
4.8983E-03   -8.9857E-05   
8.2326E-04   -2.6482E-03   
5.9193E-03   -1.4016E-04   
6.2339E-04   -2.5301E-03   
5.1306E-03   -1.0992E-04   
7.4041E-04   -2.3444E-03   
4.3201E-03   -1.3923E-04   
4.2679E-03   -1.7925E-04   
4.2205E-03   -2.1536E-04   
3.0171E-03   -7.9853E-04   
2.9677E-03   -8.6236E-04   
3.1294E-03   -7.4508E-04   
2.4730E-03   -1.0498E-03   
4.0905E-03   -2.8574E-04   
1.0371E-03   -1.5937E-03   
4.1656E-03   -2.4377E-04   
8.8582E-04   -1.6352E-03   
7.2862E-04   -1.6737E-03   
1.1816E-03   -1.5507E-03   
1.6042E-03   -1.4058E-03   
1.4625E-03   -1.4577E-03   
2.3256E-03   -1.1114E-03   
1.3226E-03   -1.5057E-03   
1.7471E-03   -1.3509E-03   
3.2552E-03   -6.8730E-04   
3.7212E-03   -4.6816E-04   
4.0079E-03   -3.2913E-04   
1.8909E-03   -1.2934E-03   
3.8235E-03   -4.1975E-04   
3.9190E-03   -3.7357E-04   
3.6127E-03   -5.1931E-04   
2.0354E-03   -1.2339E-03   
2.1805E-03   -1.1731E-03   
3.4984E-03   -5.7314E-04   
3.3789E-03   -6.2941E-04   
4.5850E-04   -1.7139E-03   
5.5021E-04   -1.7403E-03   
5.3584E-04   -1.7549E-03   
5.2726E-04   -1.7674E-03   
5.2296E-04   -1.7786E-03   
5.2190E-04   -1.7890E-03   
5.2341E-04   -1.7992E-03   
5.2700E-04   -1.8096E-03   
5.3250E-04   -1.8204E-03   
4.2757E-03   -1.3314E-04   
5.4003E-04   -1.8321E-03   
4.2941E-03   -1.0882E-04   
5.4949E-04   -1.8447E-03   
5.5946E-04   -1.8587E-03   
4.3104E-03   -9.5306E-05   
4.3304E-03   -8.7466E-05   
5.6654E-04   -1.8747E-03   
4.3563E-03   -8.4346E-05   
5.9877E-04   -1.9148E-03   
4.4259E-03   -8.4864E-05   
6.2303E-04   -1.9308E-03   
4.5596E-03   -8.9831E-05   
4.4906E-03   -8.6462E-05   
6.4334E-04   -1.9550E-03   
7.1254E-04   -2.0294E-03   
5.2148E-04   -2.0236E-03   
7.3555E-04   -2.0689E-03   
7.6311E-04   -2.1079E-03   
7.6924E-04   -2.5403E-03   
7.5804E-04   -2.4815E-03   
7.9317E-04   -2.1510E-03   
4.7874E-03   -1.1564E-04   
5.2503E-03   -1.0374E-04   
5.0207E-03   -1.3345E-04   
5.5459E-03   -1.2685E-04   
4.8995E-03   -1.2295E-04   
4.7136E-03   -7.6811E-05   
8.3109E-04   -2.2029E-03   
7.0781E-04   -2.4203E-03   
7.7940E-04   -2.2752E-03   
6.1106E-03   -1.4381E-04   
7.8676E-04   -2.7187E-03   
7.4496E-04   -2.5968E-03   
5.7651E-03   -1.7764E-04   
2.8761E-03   -8.3893E-04   
4.2847E-03   -1.4857E-04   
4.1251E-03   -2.3650E-04   
1.0887E-03   -1.5783E-03   
4.0411E-03   -2.7898E-04   
9.4523E-04   -1.6238E-03   
6.5348E-04   -1.7010E-03   
2.3640E-03   -1.0584E-03   
1.4962E-03   -1.4325E-03   
1.3585E-03   -1.4852E-03   
1.2249E-03   -1.5330E-03   
3.1584E-03   -6.9020E-04   
1.6370E-03   -1.3758E-03   
3.7574E-03   -4.1087E-04   
1.7795E-03   -1.3161E-03   
3.8590E-03   -3.6472E-04   
3.9532E-03   -3.2103E-04   
3.6487E-03   -4.6021E-04   
1.9236E-03   -1.2541E-03   
2.2153E-03   -1.1250E-03   
3.2876E-03   -6.2765E-04   
3.5337E-03   -5.1284E-04   
2.0691E-03   -1.1902E-03   
3.4130E-03   -5.6879E-04   
6.6056E-04   -1.7091E-03   
6.4737E-04   -1.7219E-03   
2.6876E-03   -9.1931E-04   
6.3649E-04   -1.7339E-03   
2.5195E-03   -9.8947E-04   
6.2937E-04   -1.7447E-03   
6.2673E-04   -1.7545E-03   
6.2762E-04   -1.7639E-03   
6.3120E-04   -1.7734E-03   
6.3715E-04   -1.7834E-03   
6.4543E-04   -1.7941E-03   
7.3841E-04   -1.8825E-03   
4.2253E-03   -1.4209E-04   
6.5612E-04   -1.8057E-03   
6.6895E-04   -1.8186E-03   
4.2382E-03   -1.2495E-04   
6.8191E-04   -1.8341E-03   
4.2525E-03   -1.1411E-04   
4.2702E-03   -1.0887E-04   
5.6949E-04   -1.8903E-03   
4.3916E-03   -1.0989E-04   
7.7046E-04   -1.9061E-03   
7.6860E-04   -1.9805E-03   
5.1814E-03   -1.4339E-04   
4.8839E-03   -1.6130E-04   
4.5457E-03   -1.1964E-04   
9.1009E-04   -2.0501E-03   
4.4585E-03   -1.1368E-04   
9.5193E-04   -2.0882E-03   
6.4829E-04   -1.9851E-03   
9.2742E-04   -2.5613E-03   
9.8518E-04   -2.1317E-03   
5.3605E-03   -1.3980E-04   
9.5386E-04   -2.2890E-03   
9.2300E-04   -2.3578E-03   
4.6781E-03   -1.0873E-04   
9.5142E-04   -2.4859E-03   
8.7730E-04   -2.0144E-03   
4.7730E-03   -1.5176E-04   
5.9537E-03   -1.8221E-04   
5.5885E-03   -1.7054E-04   
4.1474E-03   -1.9959E-04   
4.0696E-03   -2.3812E-04   
4.2151E-03   -1.8651E-04   
8.7685E-04   -1.6480E-03   
1.1467E-03   -1.5572E-03   
3.0551E-03   -6.9922E-04   
1.3958E-03   -1.4613E-03   
3.9854E-03   -2.7718E-04   
1.2609E-03   -1.5146E-03   
1.5343E-03   -1.4037E-03   
5.3274E-04   -1.7164E-03   
1.6752E-03   -1.3426E-03   
2.2593E-03   -1.0750E-03   
3.6894E-03   -4.0727E-04   
3.8944E-03   -3.1793E-04   
3.7958E-03   -3.6101E-04   
3.1938E-03   -6.3320E-04   
1.8185E-03   -1.2786E-03   
3.5744E-03   -4.5818E-04   
1.9636E-03   -1.2124E-03   
2.1106E-03   -1.1444E-03   
3.3261E-03   -5.7122E-04   
3.4530E-03   -5.1298E-04   
2.4145E-03   -1.0030E-03   
7.6596E-04   -1.6842E-03   
7.5200E-04   -1.6955E-03   
7.3844E-04   -1.7069E-03   
7.8535E-04   -1.6703E-03   
7.3267E-04   -1.7163E-03   
2.5764E-03   -9.2870E-04   
2.7447E-03   -8.5139E-04   
7.3225E-04   -1.7247E-03   
4.2059E-03   -1.6556E-04   
2.9066E-03   -7.7328E-04   
7.3559E-04   -1.7331E-03   
7.4191E-04   -1.7419E-03   
7.6256E-04   -1.7620E-03   
4.1657E-03   -1.5735E-04   
7.7817E-04   -1.7733E-03   
7.9990E-04   -1.7855E-03   
4.1706E-03   -1.4511E-04   
4.1839E-03   -1.3659E-04   
7.8329E-04   -1.8424E-03   
8.0984E-04   -1.9331E-03   
4.3429E-03   -1.3998E-04   
4.6714E-03   -1.4357E-04   
1.0945E-03   -2.0205E-03   
6.7785E-04   -1.8563E-03   
5.0025E-03   -1.7349E-04   
8.8691E-04   -1.8540E-03   
4.7446E-03   -1.9224E-04   
8.6121E-04   -1.9836E-03   
1.1279E-03   -2.3009E-03   
1.0412E-03   -1.9892E-03   
1.0299E-03   -2.1654E-03   
4.5867E-03   -1.3957E-04   
5.4415E-03   -1.6535E-04   
4.4110E-03   -1.4728E-04   
9.9297E-04   -2.2203E-03   
9.2697E-04   -2.4217E-03   
5.6033E-03   -2.1596E-04   
6.1279E-03   -1.8314E-04   
9.7250E-04   -2.6912E-03   
1.1868E-03   -2.4925E-03   
5.3005E-03   -1.1976E-04   
4.0120E-03   -2.4270E-04   
1.1525E-03   -1.5519E-03   
2.3124E-03   -1.0235E-03   
1.3012E-03   -1.4922E-03   
1.4387E-03   -1.4337E-03   
3.9262E-03   -2.8055E-04   
1.5776E-03   -1.3720E-03   
3.0981E-03   -6.4608E-04   
3.7338E-03   -3.6087E-04   
3.8354E-03   -3.1921E-04   
1.7195E-03   -1.3067E-03   
3.6202E-03   -4.0905E-04   
2.1597E-03   -1.0971E-03   
1.8641E-03   -1.2387E-03   
3.2376E-03   -5.8056E-04   
2.0110E-03   -1.1687E-03   
3.4988E-03   -4.6206E-04   
3.3709E-03   -5.1939E-04   
8.8715E-04   -1.6489E-03   
8.5012E-04   -1.6661E-03   
4.1587E-03   -1.7441E-04   
8.4034E-04   -1.6749E-03   
2.7960E-03   -7.9184E-04   
2.4715E-03   -9.4733E-04   
2.9511E-03   -7.1672E-04   
8.3834E-04   -1.6821E-03   
8.4069E-04   -1.6893E-03   
2.6341E-03   -8.6968E-04   
8.4703E-04   -1.6968E-03   
8.5671E-04   -1.7049E-03   
8.6929E-04   -1.7140E-03   
4.2013E-03   -1.3350E-04   
8.8627E-04   -1.7238E-03   
8.2881E-04   -1.8013E-03   
9.1071E-04   -1.7333E-03   
4.0802E-03   -1.8348E-04   
4.5508E-03   -1.7190E-04   
4.0918E-03   -1.6959E-04   
9.2572E-04   -1.8734E-03   
9.4465E-04   -1.9318E-03   
4.2841E-03   -1.3598E-04   
8.7076E-04   -1.8337E-03   
4.4782E-03   -1.5976E-04   
1.1942E-03   -1.9601E-03   
1.2054E-03   -2.1523E-03   
1.0025E-03   -1.9576E-03   
1.1419E-03   -2.1163E-03   
4.2803E-03   -1.7700E-04   
5.2712E-03   -1.8814E-04   
1.3442E-03   -2.2366E-03   
5.4364E-03   -2.0571E-04   
1.0835E-03   -2.3643E-03   
5.6098E-03   -2.6599E-04   
1.2170E-03   -2.6494E-03   
6.0089E-03   -2.2998E-04   
6.2992E-03   -1.5516E-04   
1.3548E-03   -2.5445E-03   
5.1027E-03   -1.9194E-04   
4.0374E-03   -2.1424E-04   
1.0145E-03   -1.6032E-03   
1.2225E-03   -1.5201E-03   
1.3519E-03   -1.4641E-03   
2.2157E-03   -1.0489E-03   
1.4870E-03   -1.4030E-03   
3.8726E-03   -2.8726E-04   
3.7856E-03   -3.1890E-04   
1.6266E-03   -1.3376E-03   
9.4875E-04   -1.6292E-03   
3.6726E-03   -3.6423E-04   
3.1483E-03   -5.9579E-04   
1.7701E-03   -1.2686E-03   
2.0646E-03   -1.1238E-03   
3.5504E-03   -4.1558E-04   
1.9164E-03   -1.1971E-03   
3.2879E-03   -5.3135E-04   
3.4219E-03   -4.7133E-04   
9.4755E-04   -1.6321E-03   
2.3721E-03   -9.7164E-04   
2.8506E-03   -7.3774E-04   
3.0023E-03   -6.6478E-04   
9.4732E-04   -1.6363E-03   
2.6926E-03   -8.1449E-04   
9.4701E-04   -1.6425E-03   
9.5278E-04   -1.6484E-03   
2.5320E-03   -8.9301E-04   
4.1073E-03   -1.8605E-04   
9.9388E-04   -1.6706E-03   
9.6294E-04   -1.6548E-03   
4.1044E-03   -1.6352E-04   
9.7664E-04   -1.6622E-03   
4.2827E-03   -1.1021E-04   
9.4718E-04   -1.7861E-03   
9.4345E-04   -1.7426E-03   
1.0011E-03   -1.7984E-03   
1.0178E-03   -1.6787E-03   
3.9957E-03   -2.0732E-04   
4.3463E-03   -1.8774E-04   
4.2197E-03   -1.7016E-04   
1.0184E-03   -1.8219E-03   
1.1706E-03   -1.9257E-03   
1.3208E-03   -2.0707E-03   
5.4380E-03   -2.5543E-04   
4.4174E-03   -2.0085E-04   
1.1222E-03   -1.8955E-03   
4.9616E-03   -2.1859E-04   
1.3852E-03   -2.1594E-03   
5.0892E-03   -2.4038E-04   
1.3047E-03   -2.3227E-03   
9.7097E-04   -1.8891E-03   
5.7980E-03   -2.7533E-04   
4.6406E-03   -1.8201E-04   
6.4990E-03   -1.2409E-04   
1.4836E-03   -2.4400E-03   
1.0416E-03   -1.5934E-03   
3.9486E-03   -2.5231E-04   
1.2762E-03   -1.4932E-03   
1.4061E-03   -1.4338E-03   
1.5414E-03   -1.3695E-03   
2.1241E-03   -1.0783E-03   
3.8622E-03   -2.7310E-04   
1.1175E-03   -1.5631E-03   
3.7336E-03   -3.2197E-04   
2.2779E-03   -1.0004E-03   
1.6824E-03   -1.3006E-03   
3.6074E-03   -3.7314E-04   
1.8275E-03   -1.2282E-03   
1.9750E-03   -1.1539E-03   
3.2044E-03   -5.4858E-04   
3.4785E-03   -4.2703E-04   
3.3441E-03   -4.8536E-04   
1.0695E-03   -1.5833E-03   
2.7541E-03   -7.6295E-04   
3.0592E-03   -6.1624E-04   
2.9089E-03   -6.8781E-04   
4.2347E-03   -1.3286E-04   
1.0552E-03   -1.5932E-03   
2.4357E-03   -9.2086E-04   
1.0597E-03   -1.5974E-03   
2.5953E-03   -8.4122E-04   
4.0046E-03   -1.9824E-04   
1.1018E-03   -1.6141E-03   
1.0699E-03   -1.6018E-03   
1.1247E-03   -1.6213E-03   
1.0841E-03   -1.6073E-03   
1.1816E-03   -1.7500E-03   
3.9738E-03   -2.2658E-04   
4.1188E-03   -1.6327E-04   
1.0490E-03   -1.6865E-03   
4.4085E-03   -7.6891E-05   
1.2452E-03   -1.8215E-03   
4.1677E-03   -1.6681E-04   
4.5962E-03   -2.2644E-04   
4.4990E-03   -2.1385E-04   
4.2735E-03   -2.3319E-04   
4.2060E-03   -2.2043E-04   
4.8888E-03   -2.6856E-04   
4.1448E-03   -2.1075E-04   
1.0761E-03   -1.8741E-03   
1.3708E-03   -1.8899E-03   
9.7688E-04   -1.7510E-03   
1.1042E-03   -1.7392E-03   
1.4224E-03   -1.9887E-03   
5.1363E-03   -2.8409E-04   
1.4208E-03   -2.0935E-03   
1.1004E-03   -1.8277E-03   
5.6121E-03   -3.2014E-04   
1.3717E-03   -2.3900E-03   
6.7489E-03   -6.5317E-05   
1.5619E-03   -2.1619E-03   
6.4850E-03   -1.7078E-04   
5.4360E-03   -3.0930E-04   
4.8553E-03   -2.0268E-04   
1.5318E-03   -2.2366E-03   
1.1540E-03   -1.5468E-03   
1.3369E-03   -1.4627E-03   
1.4660E-03   -1.4010E-03   
2.1888E-03   -1.0327E-03   
3.7992E-03   -2.8156E-04   
1.6015E-03   -1.3338E-03   
2.0386E-03   -1.1102E-03   
3.6665E-03   -3.3544E-04   
1.7450E-03   -1.2612E-03   
1.8913E-03   -1.1863E-03   
3.5409E-03   -3.8652E-04   
2.8189E-03   -7.1507E-04   
3.2649E-03   -5.0490E-04   
3.4068E-03   -4.4249E-04   
3.1194E-03   -5.7184E-04   
1.1547E-03   -1.5475E-03   
2.9711E-03   -6.4167E-04   
3.9081E-03   -2.4348E-04   
2.3441E-03   -9.5281E-04   
2.6616E-03   -7.9241E-04   
1.1679E-03   -1.5447E-03   
2.5025E-03   -8.7219E-04   
1.1787E-03   -1.5463E-03   
1.2331E-03   -1.5606E-03   
1.2105E-03   -1.5546E-03   
3.9041E-03   -2.3682E-04   
1.1925E-03   -1.5498E-03   
4.0139E-03   -1.9555E-04   
4.3375E-03   -1.1084E-04   
1.1506E-03   -1.6298E-03   
4.0911E-03   -2.0445E-04   
4.1227E-03   -2.6972E-04   
1.0641E-03   -1.7299E-03   
4.1207E-03   -1.7089E-04   
4.0602E-03   -2.5777E-04   
4.1904E-03   -2.8512E-04   
1.4046E-03   -1.7921E-03   
4.7094E-03   -2.3701E-04   
4.4361E-03   -2.6341E-04   
1.0970E-03   -1.6925E-03   
4.6914E-03   -2.9107E-04   
1.5737E-03   -2.0061E-03   
1.2990E-03   -1.9697E-03   
1.4899E-03   -1.8034E-03   
1.2968E-03   -1.7538E-03   
5.4295E-03   -3.6741E-04   
5.7945E-03   -3.3074E-04   
1.6240E-03   -2.0721E-03   
1.5456E-03   -2.3032E-03   
6.6537E-03   -1.4210E-04   
1.7065E-03   -2.1663E-03   
1.2105E-03   -1.5214E-03   
1.4053E-03   -1.4287E-03   
2.1061E-03   -1.0673E-03   
1.5241E-03   -1.3693E-03   
3.7109E-03   -3.1014E-04   
2.2575E-03   -9.8810E-04   
1.6665E-03   -1.2966E-03   
1.9586E-03   -1.1445E-03   
3.6052E-03   -3.5151E-04   
2.8864E-03   -6.7118E-04   
1.8120E-03   -1.2212E-03   
2.7314E-03   -7.4680E-04   
1.2829E-03   -1.4880E-03   
3.4799E-03   -4.0270E-04   
3.1803E-03   -5.3304E-04   
3.0353E-03   -6.0027E-04   
1.2941E-03   -1.4866E-03   
2.5727E-03   -8.2610E-04   
2.4138E-03   -9.0713E-04   
3.9075E-03   -2.3210E-04   
4.0487E-03   -2.0129E-04   
1.3427E-03   -1.4972E-03   
1.3036E-03   -1.4896E-03   
1.1905E-03   -1.6804E-03   
1.3204E-03   -1.4928E-03   
4.0248E-03   -1.9838E-04   
1.2586E-03   -1.5686E-03   
1.5708E-03   -1.7299E-03   
3.9671E-03   -3.1100E-04   
1.1716E-03   -1.6407E-03   
4.0295E-03   -3.2572E-04   
4.0036E-03   -2.4917E-04   
4.2667E-03   -3.0340E-04   
1.4332E-03   -1.7410E-03   
1.9243E-03   -2.1175E-03   
1.6102E-03   -1.8116E-03   
4.7901E-03   -3.2599E-04   
4.5460E-03   -2.7809E-04   
5.7915E-03   -3.8717E-04   
1.3580E-03   -1.6948E-03   
1.7356E-03   -2.2176E-03   
5.2548E-03   -3.5528E-04   
5.9807E-03   -2.8800E-04   
1.7749E-03   -1.9793E-03   
1.5490E-03   -1.8925E-03   
1.6306E-03   -1.9267E-03   
5.4182E-03   -4.3045E-04   
3.8010E-03   -2.7263E-04   
2.1765E-03   -1.0258E-03   
2.0289E-03   -1.1039E-03   
1.4317E-03   -1.4160E-03   
3.4380E-03   -4.1605E-04   
3.9246E-03   -2.3846E-04   
1.5894E-03   -1.3354E-03   
2.8047E-03   -7.0475E-04   
3.6794E-03   -3.1764E-04   
2.9566E-03   -6.3162E-04   
3.5482E-03   -3.7026E-04   
1.7354E-03   -1.2590E-03   
2.6469E-03   -7.8286E-04   
2.3296E-03   -9.4543E-04   
2.4873E-03   -8.6380E-04   
1.4196E-03   -1.4268E-03   
3.2263E-03   -5.0771E-04   
3.1012E-03   -5.6411E-04   
1.4529E-03   -1.4320E-03   
1.4316E-03   -1.4296E-03   
1.2786E-03   -1.5828E-03   
1.3690E-03   -1.5034E-03   
3.9130E-03   -2.3315E-04   
1.4953E-03   -1.6248E-03   
3.9543E-03   -2.4375E-04   
3.8668E-03   -3.7047E-04   
1.4764E-03   -1.6779E-03   
3.9087E-03   -3.0025E-04   
4.0955E-03   -3.4474E-04   
5.0748E-03   -3.4147E-04   
4.3614E-03   -3.2204E-04   
1.6979E-03   -1.7310E-03   
1.2772E-03   -1.6146E-03   
1.2370E-03   -1.6902E-03   
4.9760E-03   -3.0242E-04   
4.6053E-03   -3.6056E-04   
1.7368E-03   -1.8087E-03   
1.9547E-03   -2.1891E-03   
2.0147E-03   -2.0165E-03   
1.6237E-03   -1.6586E-03   
5.2697E-03   -2.9704E-04   
5.6081E-03   -4.3623E-04   
5.9745E-03   -3.4097E-04   
6.1492E-03   -2.5521E-04   
1.7782E-03   -1.8451E-03   
1.9761E-03   -1.9146E-03   
3.4857E-03   -3.9530E-04   
1.9532E-03   -1.1443E-03   
2.0978E-03   -1.0671E-03   
3.7997E-03   -2.7768E-04   
3.1802E-03   -5.2755E-04   
3.0330E-03   -5.9487E-04   
3.5937E-03   -3.5163E-04   
2.2483E-03   -9.8740E-04   
2.8821E-03   -6.6624E-04   
2.7256E-03   -7.4261E-04   
1.8110E-03   -1.2203E-03   
2.5653E-03   -8.2307E-04   
2.4051E-03   -9.0538E-04   
1.5273E-03   -1.3694E-03   
1.5429E-03   -1.3667E-03   
1.5624E-03   -1.3669E-03   
1.4801E-03   -1.4359E-03   
1.3938E-03   -1.5147E-03   
1.6601E-03   -1.3008E-03   
3.7985E-03   -2.7241E-04   
3.7530E-03   -3.4857E-04   
3.3364E-03   -4.5803E-04   
3.8071E-03   -3.5774E-04   
1.4835E-03   -1.5912E-03   
1.3609E-03   -1.6169E-03   
1.9182E-03   -1.7553E-03   
3.9286E-03   -3.8719E-04   
1.4120E-03   -1.5341E-03   
3.7955E-03   -2.9327E-04   
1.7962E-03   -1.6394E-03   
4.1646E-03   -3.7021E-04   
1.6735E-03   -1.5806E-03   
4.7116E-03   -3.8009E-04   
4.9335E-03   -3.9723E-04   
4.4812E-03   -3.3975E-04   
6.3303E-03   -2.5431E-04   
2.0905E-03   -1.8212E-03   
1.9974E-03   -1.7883E-03   
2.1754E-03   -2.0243E-03   
5.4254E-03   -4.9357E-04   
2.0145E-03   -2.2595E-03   
5.7808E-03   -4.4441E-04   
6.1627E-03   -2.9908E-04   
3.5655E-03   -3.6609E-04   
2.0184E-03   -1.1137E-03   
1.8781E-03   -1.1886E-03   
3.1169E-03   -5.5984E-04   
3.6850E-03   -3.1703E-04   
2.9652E-03   -6.3046E-04   
2.1676E-03   -1.0342E-03   
2.8099E-03   -7.0511E-04   
2.3245E-03   -9.5148E-04   
2.6490E-03   -7.8478E-04   
1.6690E-03   -1.3038E-03   
2.4857E-03   -8.6777E-04   
1.5908E-03   -1.3673E-03   
3.4240E-03   -4.2489E-04   
3.6433E-03   -4.1064E-04   
1.7619E-03   -1.2504E-03   
1.5343E-03   -1.4589E-03   
1.6239E-03   -1.3707E-03   
1.5615E-03   -1.5215E-03   
3.2701E-03   -4.9095E-04   
3.7039E-03   -4.1958E-04   
4.7368E-03   -4.3095E-04   
3.6714E-03   -3.3029E-04   
3.7645E-03   -4.3294E-04   
1.6511E-03   -1.5310E-03   
3.9853E-03   -4.1047E-04   
4.2693E-03   -3.9248E-04   
3.7015E-03   -3.4471E-04   
2.2247E-03   -1.7236E-03   
1.8191E-03   -1.5695E-03   
2.0216E-03   -1.5694E-03   
4.8715E-03   -3.6189E-04   
6.3946E-03   -3.0985E-04   
2.1382E-03   -1.6869E-03   
4.4081E-03   -4.0983E-04   
4.8934E-03   -4.5462E-04   
5.2413E-03   -5.6660E-04   
2.2224E-03   -1.8452E-03   
2.2645E-03   -1.9183E-03   
5.1787E-03   -4.9744E-04   
6.4678E-03   -2.1271E-04   
5.9753E-03   -3.9534E-04   
1.7449E-03   -2.3657E-03   
1.8168E-03   -1.7387E-03   
1.9336E-03   -1.1672E-03   
1.7951E-03   -1.2397E-03   
3.0547E-03   -5.9727E-04   
3.5236E-03   -3.9273E-04   
2.8999E-03   -6.7060E-04   
2.2422E-03   -1.0037E-03   
1.6972E-03   -1.3006E-03   
2.7386E-03   -7.4934E-04   
1.6569E-03   -1.3806E-03   
2.4061E-03   -9.1801E-04   
1.5540E-03   -1.4823E-03   
2.5725E-03   -8.3262E-04   
3.2083E-03   -5.2708E-04   
1.7358E-03   -1.2976E-03   
3.5314E-03   -4.7867E-04   
3.6502E-03   -3.4988E-04   
3.3601E-03   -4.6035E-04   
3.5912E-03   -4.0354E-04   
3.6175E-03   -4.7598E-04   
3.8278E-03   -4.4939E-04   
2.3802E-03   -1.6184E-03   
1.8863E-03   -1.4917E-03   
2.0993E-03   -1.5910E-03   
1.9515E-03   -1.5504E-03   
4.5050E-03   -4.9629E-04   
5.9464E-03   -4.4955E-04   
2.3189E-03   -2.0421E-03   
1.7503E-03   -1.4458E-03   
2.0265E-03   -1.6668E-03   
4.3451E-03   -4.8323E-04   
5.0535E-03   -4.6029E-04   
6.5415E-03   -2.4578E-04   
6.2101E-03   -4.0411E-04   
5.3082E-03   -6.2321E-04   
2.5284E-03   -1.8398E-03   
1.9688E-03   -2.3648E-03   
4.1886E-03   -4.7110E-04   
1.5807E-03   -2.3575E-03   
2.9951E-03   -6.3916E-04   
3.5529E-03   -3.9754E-04   
3.1495E-03   -5.6706E-04   
2.8353E-03   -7.1628E-04   
2.3249E-03   -9.7450E-04   
1.8397E-03   -1.2287E-03   
1.4318E-03   -1.5542E-03   
1.6830E-03   -1.4005E-03   
3.3022E-03   -4.9824E-04   
1.7824E-03   -1.2976E-03   
3.4716E-03   -4.7089E-04   
2.0834E-03   -1.0879E-03   
2.4960E-03   -8.8606E-04   
2.2775E-03   -1.5711E-03   
2.1242E-03   -1.4837E-03   
3.6500E-03   -4.9995E-04   
2.0084E-03   -1.4840E-03   
1.7029E-03   -1.4285E-03   
1.8168E-03   -1.4503E-03   
1.7965E-03   -1.4931E-03   
2.2539E-03   -1.4930E-03   
2.4458E-03   -1.6725E-03   
4.6718E-03   -5.1377E-04   
5.7431E-03   -5.1451E-04   
4.2793E-03   -5.6107E-04   
3.3240E-03   -5.5378E-04   
3.9694E-03   -5.4475E-04   
4.8711E-03   -5.3390E-04   
2.5677E-03   -1.9630E-03   
2.1123E-03   -2.1038E-03   
4.1263E-03   -5.4966E-04   
5.2359E-03   -4.1826E-04   
2.6636E-03   -1.8624E-03   
2.4182E-03   -1.8175E-03   
5.5457E-03   -6.0290E-04   
5.0634E-03   -6.5043E-04   
3.0942E-03   -6.1003E-04   
2.9433E-03   -6.8280E-04   
3.4177E-03   -4.6517E-04   
1.8218E-03   -1.3105E-03   
3.4307E-03   -4.4147E-04   
3.2466E-03   -5.3987E-04   
2.7775E-03   -7.6508E-04   
1.8971E-03   -1.2179E-03   
2.4186E-03   -9.4538E-04   
2.5969E-03   -8.5492E-04   
2.3236E-03   -1.4000E-03   
2.2007E-03   -1.4001E-03   
1.9942E-03   -1.1487E-03   
1.8400E-03   -1.3761E-03   
1.8374E-03   -1.3417E-03   
1.9331E-03   -1.3660E-03   
2.1571E-03   -1.0629E-03   
3.7477E-03   -5.1645E-04   
3.2050E-03   -6.3747E-04   
3.9130E-03   -6.2133E-04   
1.9641E-03   -1.4065E-03   
3.7830E-03   -5.6700E-04   
2.6252E-03   -1.7408E-03   
4.4323E-03   -5.7779E-04   
2.6332E-03   -1.5602E-03   
2.0696E-03   -1.9401E-03   
2.8212E-03   -1.8756E-03   
3.5028E-03   -5.8412E-04   
4.0571E-03   -6.2983E-04   
2.4916E-03   -1.4422E-03   
2.7711E-03   -1.7619E-03   
2.4504E-03   -2.0702E-03   
5.1439E-03   -7.0509E-04   
5.8053E-03   -5.8352E-04   
3.0519E-03   -6.4826E-04   
3.1925E-03   -5.8456E-04   
2.2448E-03   -1.0361E-03   
1.9778E-03   -1.2970E-03   
2.5229E-03   -9.1735E-04   
2.1675E-03   -1.3170E-03   
1.9785E-03   -1.2055E-03   
3.2755E-03   -6.5415E-04   
2.0706E-03   -1.1282E-03   
2.0101E-03   -1.2345E-03   
3.8916E-03   -4.5951E-04   
2.7143E-03   -8.2370E-04   
3.3297E-03   -5.2140E-04   
2.2804E-03   -1.3131E-03   
3.8422E-03   -7.0250E-04   
2.4020E-03   -1.3113E-03   
3.7920E-03   -6.1752E-04   
1.8731E-03   -2.0031E-03   
3.0301E-03   -1.8750E-03   
4.2011E-03   -6.4448E-04   
2.1924E-03   -2.1419E-03   
2.7747E-03   -1.3631E-03   
2.7026E-03   -1.6304E-03   
3.5640E-03   -6.1863E-04   
4.5894E-03   -5.9985E-04   
2.5960E-03   -2.1025E-03   
2.8247E-03   -1.4397E-03   
2.8851E-03   -1.6533E-03   
2.7358E-03   -1.9820E-03   
4.8885E-03   -7.4027E-04   
2.4471E-03   -1.3961E-03   
6.0807E-03   -5.5723E-04   
2.3444E-03   -1.0082E-03   
2.3638E-03   -1.2221E-03   
2.9234E-03   -7.2128E-04   
2.1712E-03   -1.0994E-03   
3.0567E-03   -7.2886E-04   
2.5278E-03   -1.3137E-03   
2.0837E-03   -1.3172E-03   
4.1160E-03   -7.3241E-04   
2.6309E-03   -8.9440E-04   
2.4829E-03   -1.2196E-03   
2.1260E-03   -1.1494E-03   
3.3376E-03   -6.8380E-04   
3.9772E-03   -7.1552E-04   
3.1206E-03   -6.3960E-04   
2.1106E-03   -1.2634E-03   
3.6125E-03   -6.6133E-04   
2.2862E-03   -1.7615E-03   
2.6446E-03   -1.3303E-03   
2.8894E-03   -1.5012E-03   
3.0001E-03   -1.5408E-03   
3.0585E-03   -1.6841E-03   
3.3057E-03   -1.7590E-03   
4.9783E-03   -8.0593E-04   
2.4287E-03   -2.2202E-03   
4.4906E-03   -6.8910E-04   
6.2686E-03   -4.7514E-04   
2.4472E-03   -9.8442E-04   
2.2756E-03   -1.0715E-03   
2.8474E-03   -7.9708E-04   
2.5655E-03   -1.1270E-03   
3.1123E-03   -7.5658E-04   
3.6822E-03   -7.0252E-04   
3.3977E-03   -7.1953E-04   
2.6121E-03   -1.2186E-03   
3.8958E-03   -8.0497E-04   
3.7613E-03   -7.8918E-04   
4.6473E-03   -7.6678E-04   
4.2590E-03   -7.5478E-04   
3.2607E-03   -1.4534E-03   
3.0740E-03   -1.3884E-03   
2.2428E-03   -1.2340E-03   
4.7287E-03   -6.3327E-04   
5.3654E-03   -6.7070E-04   
4.7176E-03   -9.2588E-04   
3.3181E-03   -1.6681E-03   
3.3137E-03   -1.8520E-03   
3.3535E-03   -1.5734E-03   
2.8903E-03   -1.2405E-03   
2.7223E-03   -2.1498E-03   
6.3418E-03   -5.3204E-04   
2.3709E-03   -1.0551E-03   
3.0302E-03   -7.0357E-04   
2.2837E-03   -1.1655E-03   
2.7143E-03   -8.8730E-04   
3.6535E-03   -8.9780E-04   
2.8764E-03   -8.4002E-04   
2.5478E-03   -9.6871E-04   
3.1724E-03   -7.9073E-04   
2.6925E-03   -1.1223E-03   
3.4957E-03   -8.0539E-04   
2.8379E-03   -1.1193E-03   
3.5444E-03   -8.5447E-04   
4.8219E-03   -6.8119E-04   
4.0358E-03   -8.2162E-04   
4.4154E-03   -7.8357E-04   
5.5543E-03   -6.8231E-04   
3.0242E-03   -1.3247E-03   
4.6210E-03   -7.1003E-04   
3.0114E-03   -1.2597E-03   
4.4595E-03   -8.5486E-04   
2.4540E-03   -1.1217E-03   
3.0187E-03   -1.1160E-03   
3.4369E-03   -1.4690E-03   
4.4720E-03   -9.3165E-04   
4.9842E-03   -8.8030E-04   
3.1125E-03   -1.4450E-03   
3.5433E-03   -1.5727E-03   
3.5174E-03   -1.7396E-03   
2.5297E-03   -2.2599E-03   
2.4624E-03   -1.0541E-03   
2.9128E-03   -1.0196E-03   
2.6692E-03   -9.4548E-04   
2.9550E-03   -8.6249E-04   
3.2069E-03   -1.2192E-03   
2.7662E-03   -1.0311E-03   
3.3957E-03   -9.5981E-04   
3.8466E-03   -8.8166E-04   
3.7599E-03   -1.6761E-03   
4.2598E-03   -9.4263E-04   
2.2022E-03   -1.1386E-03   
3.1659E-03   -1.1494E-03   
4.1671E-03   -8.4636E-04   
3.2469E-03   -8.2184E-04   
3.3081E-03   -9.1452E-04   
3.5348E-03   -1.3610E-03   
2.4646E-03   -2.3515E-03   
3.6247E-03   -1.4811E-03   
4.4565E-03   -1.0060E-03   
5.1585E-03   -8.1722E-04   
3.4596E-03   -7.5713E-04   
2.1444E-03   -1.2031E-03   
2.6423E-03   -1.0489E-03   
3.0675E-03   -1.0161E-03   
2.7951E-03   -9.6288E-04   
3.9417E-03   -9.1391E-04   
3.1413E-03   -9.2039E-04   
3.2429E-03   -1.0535E-03   
2.7848E-03   -9.2282E-04   
4.2813E-03   -1.1011E-03   
2.6327E-03   -1.0086E-03   
5.3769E-03   -7.8390E-04   
4.2464E-03   -1.0265E-03   
3.3440E-03   -1.3408E-03   
3.2055E-03   -1.0117E-03   
3.9283E-03   -1.5641E-03   
2.1864E-03   -2.4538E-03   
3.3296E-03   -8.4292E-04   
3.5113E-03   -1.2161E-03   
3.7090E-03   -9.7085E-04   
3.8138E-03   -1.0270E-03   
3.6592E-03   -1.2445E-03   
4.3582E-03   -1.1676E-03   
3.3581E-03   -1.1305E-03   
3.8287E-03   -1.4984E-03   
4.0172E-03   -1.6136E-03   
3.7674E-03   -1.1320E-03   
3.4186E-03   -1.1742E-03   
4.2547E-03   -1.6057E-03   
3.8141E-03   -1.2760E-03   
4.2762E-03   -8.7280E-04   
4.6562E-03   -1.1103E-03   
4.0824E-03   -1.2140E-03   
3.5583E-03   -1.0764E-03   
4.0244E-03   -1.0349E-03   
3.7033E-03   -1.3810E-03   
4.1346E-03   -1.2844E-03   
4.8855E-03   -9.7932E-04   
4.5072E-03   -1.4791E-03   
3.9242E-03   -1.3088E-03   
3.6135E-03   -1.1249E-03   
4.1237E-03   -1.3761E-03   
4.3577E-03   -1.3724E-03   
4.6588E-03   -1.2697E-03   
4.7672E-03   -1.1616E-03   
4.5750E-03   -1.3811E-03   
2.2448E-04   -2.9163E-03   
4.0985E-03   -1.4612E-03   
3.8641E-03   -1.7318E-03   
6.7373E-03   -2.4351E-04   
5.0649E-04   -2.4469E-03   
7.3503E-03   -3.6303E-05   
6.6059E-03   -5.0594E-04   
4.0782E-04   -2.9498E-03   
1.9520E-03   -2.4597E-03   
4.6035E-03   -1.5346E-03   
6.8509E-03   -1.2967E-04   
6.2328E-04   -2.9243E-03   
2.1925E-03   -2.2745E-03   
8.8514E-04   -2.8877E-03   
1.1526E-03   -2.8478E-03   
1.4196E-03   -2.7999E-03   
1.6951E-03   -2.7451E-03   
7.5855E-03   -3.3215E-05   
1.9764E-03   -2.6848E-03   
2.2715E-03   -2.6154E-03   
6.4347E-03   -4.1267E-04   
2.5758E-03   -2.5436E-03   
7.8277E-03   -3.2011E-05   
2.8848E-03   -2.4682E-03   
3.2027E-03   -2.3898E-03   
4.9262E-03   -1.0628E-03   
3.5615E-03   -2.2961E-03   
8.0826E-03   -2.9684E-05   
5.6085E-03   -4.8681E-04   
3.8481E-03   -2.2523E-03   
2.8754E-03   -1.7923E-03   
1.4848E-03   -2.5991E-03   
6.4813E-03   -3.5971E-04   
4.1821E-03   -2.1440E-03   
4.5571E-03   -2.0672E-03   
8.3455E-03   -2.6278E-05   
4.9067E-03   -1.9884E-03   
3.0425E-03   -2.0779E-03   
5.2950E-03   -1.8930E-03   
5.5975E-03   -1.8487E-03   
8.6178E-03   -2.2826E-05   
5.9484E-03   -1.7378E-03   
6.3442E-03   -1.6441E-03   
6.5551E-04   -2.7787E-03   
6.7154E-03   -1.5435E-03   
8.9321E-03   -2.0631E-05   
6.9455E-03   -8.0876E-05   
3.2510E-03   -1.9566E-03   
7.1174E-03   -1.4167E-03   
7.5012E-03   -1.3027E-03   
6.1625E-03   -6.0475E-04   
9.2815E-03   -1.1185E-05   
5.6203E-03   -7.4498E-04   
5.1753E-03   -8.7754E-04   
8.2564E-03   -1.0208E-03   
9.6570E-03   -1.6192E-04   
9.7263E-03   -1.6139E-04   
9.6887E-03   -4.5929E-05   
9.7178E-03   -1.9183E-05   
9.6664E-03   -1.0287E-04   
2.6519E-03   -2.3668E-03   
9.1012E-03   -5.9076E-04   
7.5935E-04   -2.8328E-03   
5.8106E-03   -7.5853E-04   
5.4726E-03   -8.4864E-04   
1.3356E-03   -2.6902E-03   
5.1275E-03   -1.0588E-03   
1.7247E-03   -2.5540E-03   
6.9190E-03   -2.0497E-04   
4.8361E-03   -1.2862E-03   
6.7879E-03   -4.2629E-04   
1.9144E-03   -2.5586E-03   
3.4068E-03   -1.9938E-03   
1.3138E-03   -2.7571E-03   
3.7665E-03   -1.8569E-03   
1.8681E-03   -2.6447E-03   
6.1019E-03   -6.7855E-04   
6.6060E-03   -1.4837E-03   
4.8053E-03   -1.9274E-03   
2.4708E-03   -2.4914E-03   
3.1314E-03   -2.1352E-03   
3.0936E-03   -2.3378E-03   
3.0198E-03   -2.2612E-03   
7.9462E-03   -6.2389E-05   
4.9372E-03   -1.4673E-03   
7.0576E-03   -1.1597E-04   
6.6876E-03   -5.5270E-04   
7.4780E-03   -6.4648E-05   
8.8933E-03   -4.4532E-05   
4.3864E-03   -1.6568E-03   
5.4164E-03   -1.7759E-03   
6.5884E-03   -2.7463E-04   
6.6813E-03   -3.7345E-04   
4.9486E-03   -1.1130E-03   
3.5984E-03   -1.7716E-03   
9.4921E-03   -4.4753E-06   
7.8934E-03   -1.1626E-03   
3.6595E-03   -2.1853E-03   
7.2062E-03   -1.3017E-03   
9.7378E-03   -1.0939E-04   
9.7819E-03   -1.0056E-05   
9.7674E-03   -2.8215E-05   
9.7486E-03   -6.6094E-05   
5.9885E-03   -1.6255E-03   
4.2077E-03   -2.0275E-03   
8.4646E-03   -4.9281E-05   
8.5955E-03   -7.4197E-04   
9.3221E-03   -3.2622E-05   
9.0573E-03   -5.3958E-04   
9.2611E-03   -2.3686E-04   
9.3655E-03   -4.5556E-05   
9.3186E-03   -1.0193E-04   
9.2030E-03   -3.6867E-04   
6.0504E-03   -7.6732E-04   
4.7304E-03   -1.8624E-03   
6.9931E-03   -1.5909E-04   
7.2328E-03   -1.3333E-04   
7.8037E-03   -9.9422E-05   
8.4761E-04   -2.7588E-03   
4.2834E-03   -1.7791E-03   
5.4176E-03   -9.6354E-04   
3.2915E-03   -2.2244E-03   
6.9635E-03   -2.5177E-04   
8.3171E-03   -8.1200E-05   
7.7669E-03   -1.1306E-03   
2.3860E-03   -2.4452E-03   
4.4743E-03   -1.9167E-03   
3.5594E-03   -2.1468E-03   
5.3393E-03   -1.7230E-03   
3.9688E-03   -1.8541E-03   
6.3403E-03   -1.4912E-03   
5.1403E-03   -1.2281E-03   
3.9024E-03   -2.0551E-03   
6.6029E-03   -6.3658E-04   
6.8751E-03   -4.7833E-04   
5.6926E-03   -1.6451E-03   
5.1854E-03   -1.3264E-03   
8.6124E-03   -6.9054E-05   
5.0392E-03   -1.5401E-03   
8.0599E-03   -9.0033E-05   
3.7062E-03   -1.9642E-03   
6.8822E-03   -3.1288E-04   
5.0307E-03   -1.7943E-03   
5.3359E-03   -1.0876E-03   
7.5067E-03   -1.0668E-04   
6.9622E-03   -3.5338E-04   
8.8792E-03   -3.6095E-04   
9.0263E-03   -7.8360E-05   
8.9718E-03   -1.6437E-04   
9.0790E-03   -4.5547E-05   
6.3033E-03   -6.8716E-04   
8.1113E-03   -9.3659E-04   
8.6715E-03   -6.1497E-04   
9.3013E-03   -8.4493E-05   
9.2228E-03   -3.1578E-04   
9.2323E-03   -1.6382E-04   
9.1943E-03   -1.9802E-04   
4.9392E-03   -1.7341E-03   
3.7109E-03   -2.0411E-03   
8.4121E-03   -1.0473E-04   
7.4852E-03   -1.1890E-03   
4.2932E-03   -1.8955E-03   
5.2652E-03   -1.4048E-03   
4.8331E-03   -1.6771E-03   
7.1573E-03   -4.4657E-04   
7.4034E-03   -1.5433E-04   
6.0724E-03   -1.5066E-03   
7.9297E-03   -1.2372E-04   
8.9400E-03   -2.2106E-04   
9.0540E-03   -1.1352E-04   
7.2325E-03   -3.2628E-04   
6.0016E-03   -8.6328E-04   
7.2170E-03   -2.3515E-04   
5.6784E-03   -9.6915E-04   
8.8611E-03   -2.9074E-04   
8.2256E-03   -7.7393E-04   
6.8443E-03   -6.2780E-04   
6.7021E-03   -1.3528E-03   
5.4351E-03   -1.2020E-03   
4.5450E-03   -1.7567E-03   
5.5558E-03   -1.5928E-03   
6.6604E-03   -6.9510E-04   
8.8738E-03   -6.9875E-05   
8.0438E-03   -8.9530E-04   
8.7221E-03   -4.8718E-04   
6.1383E-03   -1.3812E-03   
5.7674E-03   -1.1535E-03   
6.6144E-03   -7.7601E-04   
7.1196E-03   -5.8386E-04   
5.7730E-03   -1.4620E-03   
5.1448E-03   -1.6038E-03   
8.5032E-03   -1.2474E-04   
7.8525E-03   -9.1299E-04   
7.9525E-03   -1.6345E-04   
8.2541E-03   -1.4343E-04   
5.4576E-03   -1.5337E-03   
7.4023E-03   -2.5611E-04   
7.4235E-03   -1.9736E-04   
7.3360E-03   -3.6914E-04   
5.3869E-03   -1.1489E-03   
5.5660E-03   -1.3482E-03   
7.2698E-03   -4.8937E-04   
6.7908E-03   -1.2387E-03   
6.2605E-03   -8.6609E-04   
5.9500E-03   -9.6321E-04   
5.7396E-03   -1.2467E-03   
6.9067E-03   -7.2959E-04   
7.0913E-03   -6.5605E-04   
6.9712E-03   -1.3259E-03   
7.4422E-03   -4.0864E-04   
5.6666E-03   -1.4058E-03   
8.7488E-03   -1.0395E-04   
7.6620E-03   -2.0492E-04   
7.5034E-03   -3.0197E-04   
7.4594E-03   -1.0555E-03   
7.8645E-03   -2.1818E-04   
5.9334E-03   -1.0430E-03   
6.4566E-03   -8.7712E-04   
7.1551E-03   -7.0817E-04   
5.8554E-03   -1.2853E-03   
7.7907E-03   -2.7308E-04   
8.0283E-03   -7.8067E-04   
7.3932E-03   -5.1502E-04   
7.7239E-03   -3.6857E-04   
7.3190E-03   -1.1894E-03   
8.3772E-03   -1.6294E-04   
6.1216E-03   -1.0579E-03   
6.4424E-03   -9.5379E-04   
8.8579E-03   -1.1975E-04   
7.6390E-03   -4.7875E-04   
8.5380E-03   -1.7603E-04   
6.1664E-03   -1.2078E-03   
7.8463E-03   -3.1140E-04   
8.2339E-03   -2.0927E-04   
7.8287E-03   -3.9762E-04   
6.7213E-03   -9.3454E-04   
8.0106E-03   -2.3001E-04   
7.0479E-03   -8.1967E-04   
7.5242E-03   -6.2411E-04   
8.0570E-03   -3.1462E-04   
7.6490E-03   -6.6897E-04   
6.2751E-03   -1.2546E-03   
7.3076E-03   -8.0175E-04   
6.3790E-03   -1.0682E-03   
6.9791E-03   -9.2124E-04   
8.3033E-03   -2.3797E-04   
8.8203E-03   -1.6025E-04   
7.8597E-03   -6.6322E-04   
7.5790E-03   -7.7092E-04   
8.3843E-03   -2.6410E-04   
6.4941E-03   -1.1350E-03   
6.8594E-03   -1.0425E-03   
8.2422E-03   -3.1814E-04   
8.1715E-03   -5.8910E-04   
7.5539E-03   -8.5973E-04   
8.6685E-03   -2.1716E-04   
8.2314E-03   -3.6001E-04   
8.1536E-03   -6.6781E-04   
8.7970E-03   -2.2658E-04   
7.8482E-03   -7.8906E-04   
7.9333E-03   -4.2529E-04   
7.7439E-03   -5.1510E-04   
7.8831E-03   -5.4340E-04   
8.2314E-03   -4.5600E-04   
