51 
1844 
3.2457E-03   -3.5946E-03   
6.1737E-03   -3.0423E-03   
8.4936E-03   -2.1958E-03   
9.9830E-03   -1.1467E-03   
9.2884E-37   -3.7678E-03   
1.0486E-02   -4.7905E-37   
1.0720E-02   -4.4431E-35   
1.1104E-02   -4.4686E-37   
1.1947E-02   1.8494E-35   
1.2710E-02   2.7191E-35   
1.3680E-02   5.7691E-35   
1.4864E-02   7.9541E-35   
1.5775E-02   9.6293E-35   
1.7325E-02   1.4643E-34   
1.8479E-02   1.7758E-34   
1.9727E-02   1.5571E-34   
2.0386E-02   2.4111E-34   
2.1769E-02   3.5716E-34   
2.3236E-02   5.1979E-34   
2.4000E-02   -2.8066E-30   
2.4000E-02   -3.1012E-34   
2.4000E-02   -3.1012E-34   
2.4000E-02   -3.1012E-34   
2.4000E-02   -3.1012E-34   
2.4000E-02   -3.1012E-34   
2.4000E-02   -3.1012E-34   
2.4000E-02   -3.1012E-34   
2.4000E-02   -3.1012E-34   
2.4000E-02   -3.1012E-34   
2.4000E-02   -3.1012E-34   
2.4000E-02   -3.1012E-34   
2.4000E-02   -3.1012E-34   
2.2548E-02   -1.0387E-03   
2.0182E-02   -2.3708E-03   
1.9184E-02   -2.8291E-03   
1.8232E-02   -3.2072E-03   
1.6398E-02   -3.8160E-03   
1.5504E-02   -4.0709E-03   
1.3746E-02   -4.5196E-03   
1.2883E-02   -4.7249E-03   
1.1183E-02   -5.1157E-03   
9.5310E-03   -5.4938E-03   
8.7262E-03   -5.6818E-03   
7.1668E-03   -6.0507E-03   
5.6856E-03   -6.4024E-03   
4.9766E-03   -6.5661E-03   
3.6235E-03   -6.8577E-03   
2.3517E-03   -7.0809E-03   
1.1495E-03   -7.2195E-03   
1.2895E-36   -7.2612E-03   
5.2175E-34   -6.8793E-03   
5.4887E-34   -6.5148E-03   
5.1713E-34   -6.0311E-03   
4.9025E-34   -5.7533E-03   
4.3164E-34   -5.3004E-03   
3.9376E-34   -5.0425E-03   
3.5468E-34   -4.7912E-03   
3.2230E-34   -4.5886E-03   
3.1530E-34   -4.4116E-03   
2.4596E-03   -3.8362E-03   
2.3060E-02   -9.1851E-05   
2.2074E-02   -1.9203E-04   
2.0649E-02   -3.3203E-04   
1.9481E-02   -4.5163E-04   
1.8349E-02   -6.0060E-04   
1.7075E-02   -6.8944E-04   
1.6030E-02   -7.2583E-04   
1.4740E-02   -8.3757E-04   
1.3461E-02   -9.0658E-04   
1.2187E-02   -9.6719E-04   
1.0924E-02   -1.0213E-03   
9.6081E-03   -1.1078E-03   
8.2551E-03   -1.3271E-03   
6.4057E-03   -1.9153E-03   
4.5209E-03   -2.8324E-03   
6.7107E-03   -2.2317E-03   
8.0008E-03   -1.1106E-03   
9.2519E-03   -7.0368E-04   
1.0435E-02   -5.9558E-04   
1.1573E-02   -5.8083E-04   
1.2654E-02   -5.8622E-04   
1.3890E-02   -5.3783E-04   
1.5039E-02   -4.9882E-04   
1.6108E-02   -4.4846E-04   
1.7213E-02   -4.5150E-04   
1.8415E-02   -3.5769E-04   
1.9571E-02   -2.8210E-04   
2.0702E-02   -2.2711E-04   
2.1899E-02   -1.3197E-04   
2.2939E-02   -5.5650E-05   
9.8202E-03   -4.9680E-04   
1.0424E-02   -2.3494E-04   
1.1112E-02   -2.2075E-04   
1.2065E-02   -2.2661E-04   
1.2977E-02   -2.3073E-04   
1.4102E-02   -2.4306E-04   
1.5106E-02   -2.4954E-04   
1.6104E-02   -2.4405E-04   
1.7389E-02   -1.9619E-04   
1.8464E-02   -1.5861E-04   
1.9680E-02   -1.3620E-04   
2.0875E-02   -9.8295E-05   
2.2042E-02   -6.4497E-05   
2.3114E-02   -2.1051E-05   
2.2883E-02   -1.4268E-04   
2.1817E-02   -3.0099E-04   
2.0510E-02   -5.0512E-04   
1.9304E-02   -6.3137E-04   
1.8261E-02   -8.1164E-04   
1.6950E-02   -9.5669E-04   
1.5657E-02   -1.0877E-03   
1.4432E-02   -1.1897E-03   
1.3158E-02   -1.3139E-03   
1.1963E-02   -1.4222E-03   
1.0431E-02   -1.5923E-03   
8.7949E-03   -1.8438E-03   
7.1887E-03   -2.1901E-03   
5.5062E-03   -2.6897E-03   
3.6248E-03   -3.4616E-03   
1.8029E-03   -4.2008E-03   
2.2816E-02   -2.1161E-04   
2.1909E-02   -3.8450E-04   
2.0357E-02   -6.8499E-04   
1.9339E-02   -8.7343E-04   
1.8123E-02   -1.0618E-03   
1.6661E-02   -1.3048E-03   
1.5368E-02   -1.4378E-03   
1.4113E-02   -1.5783E-03   
1.2638E-02   -1.7826E-03   
1.1256E-02   -2.0080E-03   
9.7918E-03   -2.2527E-03   
8.2538E-03   -2.4790E-03   
6.6008E-03   -2.9360E-03   
4.9913E-03   -3.3700E-03   
3.2440E-03   -3.9867E-03   
1.5460E-03   -4.5237E-03   
2.3147E-02   -1.8500E-04   
2.1505E-02   -5.7804E-04   
2.0569E-02   -7.8241E-04   
1.9429E-02   -1.0528E-03   
1.7726E-02   -1.3973E-03   
1.6514E-02   -1.6268E-03   
1.5254E-02   -1.8149E-03   
1.3765E-02   -2.0647E-03   
1.2407E-02   -2.3091E-03   
1.0942E-02   -2.5138E-03   
9.5605E-03   -2.7512E-03   
7.8301E-03   -3.0656E-03   
6.1525E-03   -3.5947E-03   
4.5869E-03   -3.9737E-03   
3.1169E-03   -4.4514E-03   
1.5326E-03   -4.8313E-03   
2.2621E-02   -3.7844E-04   
2.1658E-02   -6.6622E-04   
2.0493E-02   -1.0103E-03   
1.9319E-02   -1.3419E-03   
1.7616E-02   -1.7391E-03   
1.6248E-02   -1.9872E-03   
1.4858E-02   -2.3055E-03   
1.3527E-02   -2.5921E-03   
1.1938E-02   -2.8083E-03   
1.0645E-02   -2.9979E-03   
9.3306E-03   -3.3336E-03   
7.5863E-03   -3.7470E-03   
5.8835E-03   -4.1824E-03   
4.3946E-03   -4.5539E-03   
2.8108E-03   -4.9355E-03   
1.4680E-03   -5.1797E-03   
2.2912E-02   -4.0051E-04   
2.1604E-02   -8.8290E-04   
2.0531E-02   -1.2118E-03   
1.8853E-02   -1.7397E-03   
1.7375E-02   -2.1809E-03   
1.6055E-02   -2.4479E-03   
1.4418E-02   -2.8053E-03   
1.3191E-02   -3.0660E-03   
1.1599E-02   -3.3200E-03   
1.0211E-02   -3.5889E-03   
8.6384E-03   -3.9353E-03   
7.3558E-03   -4.2599E-03   
5.8117E-03   -4.6579E-03   
4.2812E-03   -5.0164E-03   
2.7965E-03   -5.3440E-03   
1.3147E-03   -5.5792E-03   
2.2728E-02   -5.4001E-04   
2.1292E-02   -1.1243E-03   
2.0290E-02   -1.4846E-03   
1.8342E-02   -2.1884E-03   
1.7162E-02   -2.5349E-03   
1.5821E-02   -2.9120E-03   
1.4351E-02   -3.2010E-03   
1.2866E-02   -3.5292E-03   
1.1219E-02   -3.9002E-03   
9.8419E-03   -4.1830E-03   
8.4913E-03   -4.4601E-03   
7.0846E-03   -4.8003E-03   
5.5377E-03   -5.2318E-03   
4.2209E-03   -5.4806E-03   
2.7303E-03   -5.7893E-03   
1.3552E-03   -5.9687E-03   
2.2837E-02   -6.4208E-04   
2.1608E-02   -1.2386E-03   
1.9959E-02   -1.9154E-03   
1.8517E-02   -2.5168E-03   
1.6956E-02   -2.8895E-03   
1.5449E-02   -3.2804E-03   
1.4014E-02   -3.6508E-03   
1.2577E-02   -3.9954E-03   
1.1141E-02   -4.3321E-03   
9.5613E-03   -4.6283E-03   
8.1649E-03   -5.0613E-03   
6.7002E-03   -5.3519E-03   
5.3832E-03   -5.6209E-03   
4.0137E-03   -5.9425E-03   
2.6034E-03   -6.2328E-03   
1.4467E-03   -6.3500E-03   
2.2498E-02   -9.7419E-04   
2.0997E-02   -1.8374E-03   
1.9748E-02   -2.3297E-03   
1.7799E-02   -3.0465E-03   
1.6621E-02   -3.3947E-03   
1.4984E-02   -3.8362E-03   
1.3565E-02   -4.2151E-03   
1.2300E-02   -4.4464E-03   
1.0777E-02   -4.7822E-03   
9.3404E-03   -5.1864E-03   
8.1347E-03   -5.4339E-03   
6.6752E-03   -5.7900E-03   
5.1726E-03   -6.1365E-03   
3.8332E-03   -6.4067E-03   
2.5531E-03   -6.6384E-03   
1.1422E-03   -6.8668E-03   
4.0760E-04   -3.7805E-03   
8.2030E-04   -3.7729E-03   
1.2310E-03   -3.7584E-03   
1.6403E-03   -3.7381E-03   
2.0471E-03   -3.7115E-03   
2.4508E-03   -3.6786E-03   
2.8506E-03   -3.6395E-03   
3.6357E-03   -3.5442E-03   
4.0200E-03   -3.4882E-03   
4.3980E-03   -3.4269E-03   
4.7691E-03   -3.3602E-03   
5.1328E-03   -3.2883E-03   
5.4885E-03   -3.2112E-03   
5.8357E-03   -3.1292E-03   
6.5020E-03   -2.9507E-03   
6.8200E-03   -2.8546E-03   
7.1273E-03   -2.7544E-03   
7.4242E-03   -2.6502E-03   
7.7097E-03   -2.5422E-03   
7.9835E-03   -2.4301E-03   
8.2450E-03   -2.3146E-03   
8.7291E-03   -2.0740E-03   
8.9511E-03   -1.9492E-03   
9.1594E-03   -1.8214E-03   
9.3535E-03   -1.6910E-03   
9.5332E-03   -1.5581E-03   
9.6982E-03   -1.4229E-03   
9.8482E-03   -1.2858E-03   
1.0102E-02   -1.0058E-03   
1.0206E-02   -8.6331E-04   
1.0294E-02   -7.1899E-04   
1.0360E-02   -5.7349E-04   
1.0426E-02   -4.3063E-04   
1.0456E-02   -2.8915E-04   
1.0487E-02   -1.4039E-04   
1.0555E-02   -2.1993E-34   
1.0593E-02   -2.0461E-34   
1.0623E-02   -1.5134E-34   
1.0652E-02   -8.0070E-35   
1.0683E-02   -6.0001E-35   
1.0768E-02   -3.1787E-35   
1.0828E-02   -2.1493E-35   
1.0904E-02   -1.3102E-35   
1.0995E-02   -6.2007E-36   
1.1232E-02   4.3691E-36   
1.1380E-02   8.4213E-36   
1.1548E-02   1.1945E-35   
1.1737E-02   1.5232E-35   
1.2179E-02   2.1438E-35   
1.2433E-02   2.4354E-35   
1.3010E-02   3.0342E-35   
1.3334E-02   3.3579E-35   
1.4051E-02   6.0758E-35   
1.4445E-02   4.5711E-35   
1.5307E-02   8.6034E-35   
1.6267E-02   1.1139E-34   
1.6784E-02   1.2575E-34   
1.7890E-02   1.5156E-34   
1.9091E-02   2.0258E-34   
2.1067E-02   3.0269E-34   
2.2492E-02   3.1698E-34   
2.4000E-02   -3.1012E-34   
2.4000E-02   -3.1012E-34   
2.4000E-02   -3.1012E-34   
2.4000E-02   -3.1012E-34   
2.4000E-02   -3.1012E-34   
2.1257E-02   -1.8213E-03   
1.7307E-02   -3.5319E-03   
1.4620E-02   -4.3030E-03   
1.2028E-02   -4.9229E-03   
1.0351E-02   -5.3058E-03   
7.9375E-03   -5.8673E-03   
6.4159E-03   -6.2298E-03   
4.2892E-03   -6.7187E-03   
2.9779E-03   -6.9784E-03   
1.7424E-03   -7.1612E-03   
5.7114E-04   -7.2557E-03   
3.8695E-34   -7.0704E-03   
5.4258E-34   -6.6934E-03   
5.3172E-34   -6.3448E-03   
7.7376E-34   -6.1836E-03   
7.8099E-34   -5.8877E-03   
4.7887E-34   -5.6275E-03   
4.6588E-34   -5.5102E-03   
4.4799E-34   -5.4013E-03   
4.1809E-34   -5.2072E-03   
4.0541E-34   -5.1213E-03   
3.8390E-34   -4.9705E-03   
3.7418E-34   -4.9049E-03   
3.6395E-34   -4.8453E-03   
3.4659E-34   -4.7424E-03   
3.3925E-34   -4.6982E-03   
3.3272E-34   -4.6582E-03   
3.2705E-34   -4.6219E-03   
3.1848E-34   -4.5578E-03   
3.1560E-34   -4.5286E-03   
3.1377E-34   -4.5003E-03   
3.1307E-34   -4.4721E-03   
3.1358E-34   -4.4429E-03   
3.1816E-34   -4.3771E-03   
3.2198E-34   -4.3380E-03   
3.2732E-34   -4.2927E-03   
3.3444E-34   -4.2399E-03   
3.4561E-34   -4.1781E-03   
5.4423E-34   -4.1030E-03   
5.4873E-34   -4.0154E-03   
4.5075E-34   -3.8993E-03   
4.3942E-03   -3.3893E-03   
6.7837E-03   -2.6924E-03   
7.6782E-03   -2.3405E-03   
5.1107E-03   -3.2128E-03   
9.7370E-03   -1.2088E-03   
3.2826E-03   -3.6106E-03   
1.3548E-03   -3.8454E-03   
9.1761E-03   -1.5923E-03   
1.0262E-02   -6.9409E-04   
8.4865E-03   -1.9718E-03   
5.8031E-03   -3.0166E-03   
1.0033E-02   -9.5207E-04   
6.1390E-03   -2.9123E-03   
2.9041E-03   -3.6717E-03   
8.2307E-03   -2.0965E-03   
9.3781E-03   -1.4648E-03   
1.0516E-02   -1.9413E-04   
5.2164E-04   -3.8894E-03   
2.5224E-03   -3.7260E-03   
7.0897E-03   -2.5775E-03   
7.3855E-03   -2.4598E-03   
9.8929E-03   -1.0805E-03   
1.7485E-03   -3.8129E-03   
1.0353E-02   -5.6301E-04   
9.4438E-04   -3.8731E-03   
2.1375E-03   -3.7732E-03   
9.5652E-03   -1.3369E-03   
1.0156E-02   -8.2321E-04   
3.6576E-03   -3.5430E-03   
8.9598E-03   -1.7195E-03   
8.7297E-03   -1.8462E-03   
5.4604E-03   -3.1170E-03   
4.0284E-03   -3.4691E-03   
4.7554E-03   -3.3037E-03   
6.4664E-03   -2.8042E-03   
7.9605E-03   -2.2195E-03   
3.0155E-04   -4.1366E-03   
2.8680E-04   -4.2046E-03   
2.7621E-04   -4.2620E-03   
2.6644E-04   -4.3108E-03   
2.5886E-04   -4.3526E-03   
2.5422E-04   -4.3890E-03   
2.5167E-04   -4.4214E-03   
2.5060E-04   -4.4513E-03   
2.5073E-04   -4.4797E-03   
1.0594E-02   -9.3577E-05   
2.5193E-04   -4.5077E-03   
1.0622E-02   -7.3863E-05   
2.5417E-04   -4.5363E-03   
1.0650E-02   -5.9620E-05   
2.5744E-04   -4.5662E-03   
1.0684E-02   -4.9010E-05   
2.6167E-04   -4.5981E-03   
1.0726E-02   -4.1653E-05   
2.6679E-04   -4.6328E-03   
1.0780E-02   -3.6840E-05   
2.7275E-04   -4.6709E-03   
1.0848E-02   -3.4146E-05   
2.7947E-04   -4.7130E-03   
1.0932E-02   -3.3169E-05   
2.8693E-04   -4.7596E-03   
1.1032E-02   -3.3516E-05   
2.9511E-04   -4.8111E-03   
1.1152E-02   -3.4874E-05   
3.0365E-04   -4.8679E-03   
1.1290E-02   -3.7124E-05   
3.1239E-04   -4.9303E-03   
1.1449E-02   -4.0085E-05   
3.2224E-04   -4.9991E-03   
1.1628E-02   -4.3524E-05   
3.3360E-04   -5.0747E-03   
1.1829E-02   -4.7261E-05   
3.4553E-04   -5.1571E-03   
1.2051E-02   -5.0849E-05   
3.5766E-04   -5.2466E-03   
1.2294E-02   -5.4970E-05   
3.6990E-04   -5.3436E-03   
1.2557E-02   -5.9436E-05   
3.8185E-04   -5.4475E-03   
1.2842E-02   -6.4639E-05   
3.9801E-04   -5.5584E-03   
1.3151E-02   -6.9347E-05   
4.1711E-04   -5.6779E-03   
1.3485E-02   -7.2749E-05   
4.2729E-04   -5.8069E-03   
1.3844E-02   -7.5963E-05   
4.3785E-04   -5.9437E-03   
1.4230E-02   -7.9156E-05   
4.6886E-04   -6.0907E-03   
1.4645E-02   -8.0600E-05   
4.8710E-04   -6.2514E-03   
1.5075E-02   -7.8858E-05   
4.9037E-04   -6.4211E-03   
1.5521E-02   -8.1601E-05   
5.0922E-04   -6.5981E-03   
1.5999E-02   -8.2594E-05   
5.3920E-04   -6.7885E-03   
5.4551E-03   -3.0128E-03   
8.5030E-03   -1.7650E-03   
9.4192E-03   -1.2633E-03   
4.0490E-03   -3.4317E-03   
1.0492E-02   -2.8456E-04   
1.0955E-03   -3.9455E-03   
7.0618E-03   -2.4039E-03   
1.0319E-02   -5.5081E-04   
1.8487E-03   -3.8662E-03   
2.9611E-03   -3.6823E-03   
2.5942E-03   -3.7512E-03   
7.9630E-03   -2.0211E-03   
6.1303E-03   -2.7779E-03   
9.9461E-03   -9.0233E-04   
1.0087E-02   -7.8455E-04   
6.4545E-03   -2.6563E-03   
7.6696E-03   -2.1478E-03   
9.6113E-03   -1.1416E-03   
9.2116E-03   -1.3866E-03   
4.4060E-03   -3.3350E-03   
3.3265E-03   -3.6057E-03   
6.7337E-04   -3.9859E-03   
4.7595E-03   -3.2326E-03   
6.7616E-03   -2.5309E-03   
7.3669E-03   -2.2749E-03   
9.7871E-03   -1.0213E-03   
1.0211E-02   -6.6748E-04   
5.1097E-03   -3.1250E-03   
8.7528E-03   -1.6376E-03   
2.2231E-03   -3.8126E-03   
3.6894E-03   -3.5220E-03   
8.9892E-03   -1.5114E-03   
1.0412E-02   -4.3018E-04   
1.4698E-03   -3.9106E-03   
8.2398E-03   -1.8935E-03   
5.7962E-03   -2.8970E-03   
3.1427E-04   -4.0551E-03   
6.0088E-04   -4.1499E-03   
5.7361E-04   -4.2161E-03   
5.4909E-04   -4.2690E-03   
5.2665E-04   -4.3142E-03   
5.1271E-04   -4.3526E-03   
5.0519E-04   -4.3861E-03   
5.0167E-04   -4.4165E-03   
1.0562E-02   -1.2726E-04   
5.0092E-04   -4.4450E-03   
5.0245E-04   -4.4727E-03   
1.0564E-02   -1.6199E-04   
5.0608E-04   -4.5006E-03   
1.0587E-02   -1.3290E-04   
5.1177E-04   -4.5295E-03   
1.0616E-02   -1.0794E-04   
5.1943E-04   -4.5602E-03   
1.0653E-02   -9.0503E-05   
5.2889E-04   -4.5933E-03   
1.0700E-02   -7.8893E-05   
5.3979E-04   -4.6296E-03   
1.0761E-02   -7.1676E-05   
5.5364E-04   -4.6694E-03   
1.0838E-02   -6.8243E-05   
5.7005E-04   -4.7133E-03   
1.0930E-02   -6.7849E-05   
5.8562E-04   -4.7624E-03   
1.1041E-02   -6.9744E-05   
6.0007E-04   -4.8167E-03   
1.1172E-02   -7.3349E-05   
6.1539E-04   -4.8760E-03   
1.1323E-02   -7.8671E-05   
6.3345E-04   -4.9413E-03   
1.1494E-02   -8.5342E-05   
6.5485E-04   -5.0131E-03   
1.1686E-02   -9.2905E-05   
6.7869E-04   -5.0919E-03   
1.1902E-02   -9.9686E-05   
7.0349E-04   -5.1781E-03   
1.2135E-02   -1.0510E-04   
7.2814E-04   -5.2715E-03   
1.2379E-02   -1.1481E-04   
7.4837E-04   -5.3720E-03   
1.2646E-02   -1.2360E-04   
7.6321E-04   -5.4772E-03   
1.2937E-02   -1.3612E-04   
8.0987E-04   -5.5858E-03   
1.3261E-02   -1.4376E-04   
8.5152E-04   -5.7093E-03   
1.3609E-02   -1.4878E-04   
8.5115E-04   -5.8439E-03   
1.3982E-02   -1.5615E-04   
8.8953E-04   -5.9774E-03   
1.4396E-02   -1.6128E-04   
1.0141E-03   -6.1282E-03   
1.4841E-02   -1.6100E-04   
9.7677E-04   -6.3091E-03   
1.5250E-02   -1.4943E-04   
9.9428E-04   -6.4790E-03   
1.5688E-02   -1.7909E-04   
1.0449E-03   -6.6567E-03   
1.6503E-02   -8.7047E-05   
7.0619E-03   -2.2377E-03   
7.3865E-03   -2.0980E-03   
6.1455E-03   -2.6449E-03   
7.6940E-03   -1.9669E-03   
5.8134E-03   -2.7734E-03   
2.6676E-03   -3.7571E-03   
3.0237E-03   -3.6740E-03   
3.3785E-03   -3.5830E-03   
3.7316E-03   -3.4846E-03   
4.0833E-03   -3.3792E-03   
2.3055E-03   -3.8331E-03   
4.4335E-03   -3.2673E-03   
5.4736E-03   -2.9017E-03   
7.9909E-03   -1.8371E-03   
4.7824E-03   -3.1498E-03   
5.1297E-03   -3.0277E-03   
1.9325E-03   -3.9026E-03   
8.2726E-03   -1.7057E-03   
9.8463E-03   -8.5767E-04   
1.0006E-02   -7.4794E-04   
1.0145E-02   -6.4141E-04   
9.6686E-03   -9.7011E-04   
1.5605E-03   -3.9614E-03   
8.5407E-03   -1.5756E-03   
9.4740E-03   -1.0850E-03   
9.0365E-03   -1.3237E-03   
8.7955E-03   -1.4482E-03   
9.2630E-03   -1.2030E-03   
1.2103E-03   -3.9984E-03   
9.1135E-04   -4.0259E-03   
1.0266E-02   -5.3569E-04   
1.0373E-02   -4.2822E-04   
1.0465E-02   -3.1830E-04   
6.2544E-04   -4.0822E-03   
8.6443E-04   -4.2086E-03   
8.1058E-04   -4.2610E-03   
7.7892E-04   -4.3028E-03   
7.6233E-04   -4.3378E-03   
7.5426E-04   -4.3686E-03   
7.5145E-04   -4.3970E-03   
1.0538E-02   -2.0210E-04   
7.5244E-04   -4.4242E-03   
7.5666E-04   -4.4513E-03   
1.0491E-02   -2.3026E-04   
7.6397E-04   -4.4791E-03   
1.0520E-02   -1.8079E-04   
7.7425E-04   -4.5084E-03   
1.0551E-02   -1.4953E-04   
7.8734E-04   -4.5400E-03   
1.0592E-02   -1.2862E-04   
8.0216E-04   -4.5745E-03   
1.0646E-02   -1.1536E-04   
8.2202E-04   -4.6114E-03   
1.0716E-02   -1.0741E-04   
8.5391E-04   -4.6510E-03   
1.0801E-02   -1.0498E-04   
8.7854E-04   -4.6978E-03   
1.0902E-02   -1.0674E-04   
8.9308E-04   -4.7510E-03   
1.1025E-02   -1.1094E-04   
9.1274E-04   -4.8079E-03   
1.1170E-02   -1.1733E-04   
9.3407E-04   -4.8702E-03   
1.1331E-02   -1.2684E-04   
9.6256E-04   -4.9378E-03   
1.1514E-02   -1.3837E-04   
1.0007E-03   -5.0118E-03   
1.1726E-02   -1.4932E-04   
1.0396E-03   -5.0942E-03   
1.1966E-02   -1.5732E-04   
1.0771E-03   -5.1849E-03   
1.2196E-02   -1.5735E-04   
1.1086E-03   -5.2842E-03   
1.2419E-02   -1.8725E-04   
1.1191E-03   -5.3915E-03   
1.0979E-03   -5.4923E-03   
1.2848E-03   -5.7407E-03   
1.3693E-02   -2.3107E-04   
1.4321E-03   -6.1988E-03   
1.4935E-03   -6.5087E-03   
1.4557E-02   -2.4872E-04   
1.7058E-02   -9.3349E-05   
1.0200E-02   -5.2262E-04   
1.0318E-02   -4.2473E-04   
1.0425E-02   -3.2523E-04   
6.4724E-03   -2.3954E-03   
6.1883E-03   -2.5092E-03   
2.3899E-03   -3.8367E-03   
2.0203E-03   -3.9224E-03   
3.7853E-03   -3.4336E-03   
2.7446E-03   -3.7465E-03   
4.1313E-03   -3.3143E-03   
3.0934E-03   -3.6496E-03   
5.8560E-03   -2.6469E-03   
7.7497E-03   -1.8051E-03   
3.4397E-03   -3.5454E-03   
9.7370E-03   -8.1897E-04   
9.5408E-03   -9.2765E-04   
4.4776E-03   -3.1888E-03   
4.8243E-03   -3.0580E-03   
8.8553E-03   -1.2766E-03   
9.0993E-03   -1.1560E-03   
9.9162E-03   -7.1322E-04   
1.6357E-03   -3.9999E-03   
1.0070E-02   -6.1656E-04   
5.5150E-03   -2.7855E-03   
8.5971E-03   -1.4026E-03   
5.1709E-03   -2.9232E-03   
9.3281E-03   -1.0399E-03   
8.0424E-03   -1.6677E-03   
8.3257E-03   -1.5333E-03   
1.1120E-03   -4.1955E-03   
1.0524E-03   -4.2413E-03   
1.0238E-03   -4.2776E-03   
1.0092E-03   -4.3086E-03   
1.0030E-03   -4.3365E-03   
1.0025E-03   -4.3629E-03   
1.0067E-03   -4.3890E-03   
1.0149E-03   -4.4155E-03   
1.0502E-02   -2.4562E-04   
1.0400E-02   -2.6893E-04   
1.0270E-03   -4.4434E-03   
1.0424E-02   -2.2244E-04   
1.0429E-03   -4.4733E-03   
1.0459E-02   -1.8852E-04   
1.0616E-03   -4.5059E-03   
1.0505E-02   -1.6710E-04   
1.0833E-03   -4.5408E-03   
1.0566E-02   -1.5451E-04   
1.1133E-03   -4.5770E-03   
1.0648E-02   -1.4622E-04   
1.1955E-03   -4.6113E-03   
1.0738E-02   -1.4740E-04   
1.1831E-03   -4.6715E-03   
1.0846E-02   -1.5245E-04   
1.2074E-03   -4.7262E-03   
1.0989E-02   -1.5914E-04   
1.2315E-03   -4.7877E-03   
1.1147E-02   -1.6786E-04   
1.3041E-03   -4.9190E-03   
1.4814E-03   -5.4192E-03   
1.1509E-02   -2.0147E-04   
1.3701E-03   -4.9937E-03   
1.4203E-03   -5.0825E-03   
1.5084E-03   -5.2902E-03   
1.2717E-02   -1.8481E-04   
1.3373E-02   -2.1231E-04   
1.3763E-02   -3.2495E-04   
1.1755E-02   -2.1567E-04   
1.9761E-03   -6.3530E-03   
1.4206E-02   -3.3643E-04   
1.4963E-03   -6.0696E-03   
1.2313E-02   -2.6383E-04   
1.7771E-03   -5.6240E-03   
1.0367E-02   -3.3371E-04   
1.0242E-02   -4.2967E-04   
1.0128E-02   -5.1626E-04   
7.2406E-03   -1.9152E-03   
7.1221E-03   -2.0682E-03   
7.5099E-03   -1.7870E-03   
5.9353E-03   -2.5176E-03   
9.8159E-03   -6.8503E-04   
2.4899E-03   -3.8211E-03   
9.9960E-03   -5.8439E-04   
2.1267E-03   -3.9206E-03   
1.7494E-03   -4.0127E-03   
2.8368E-03   -3.7181E-03   
3.8509E-03   -3.3711E-03   
3.5109E-03   -3.4954E-03   
5.5817E-03   -2.6654E-03   
3.1751E-03   -3.6105E-03   
4.1938E-03   -3.2394E-03   
7.8117E-03   -1.6483E-03   
8.9298E-03   -1.1226E-03   
9.6175E-03   -7.8910E-04   
4.5388E-03   -3.1016E-03   
9.1750E-03   -1.0065E-03   
9.4043E-03   -8.9570E-04   
8.6695E-03   -1.2453E-03   
4.8855E-03   -2.9591E-03   
5.2335E-03   -2.8133E-03   
8.3952E-03   -1.3745E-03   
8.1085E-03   -1.5095E-03   
1.1008E-03   -4.1090E-03   
1.3211E-03   -4.1728E-03   
1.2866E-03   -4.2079E-03   
1.2660E-03   -4.2381E-03   
1.2557E-03   -4.2651E-03   
1.2531E-03   -4.2902E-03   
1.2567E-03   -4.3148E-03   
1.2653E-03   -4.3397E-03   
1.2785E-03   -4.3660E-03   
1.0260E-02   -3.1910E-04   
1.2965E-03   -4.3940E-03   
1.0304E-02   -2.6084E-04   
1.3192E-03   -4.4243E-03   
1.3431E-03   -4.4580E-03   
1.0343E-02   -2.2846E-04   
1.0391E-02   -2.0970E-04   
1.3601E-03   -4.4964E-03   
1.0454E-02   -2.0226E-04   
1.4374E-03   -4.5929E-03   
1.0621E-02   -2.0357E-04   
1.4956E-03   -4.6312E-03   
1.0942E-02   -2.1555E-04   
1.0776E-02   -2.0744E-04   
1.5443E-03   -4.6893E-03   
1.7103E-03   -4.8680E-03   
1.2518E-03   -4.8539E-03   
1.7656E-03   -4.9628E-03   
1.8317E-03   -5.0564E-03   
1.8464E-03   -6.0939E-03   
1.8195E-03   -5.9528E-03   
1.9038E-03   -5.1599E-03   
1.1489E-02   -2.7753E-04   
1.2600E-02   -2.4901E-04   
1.2049E-02   -3.2028E-04   
1.3309E-02   -3.0447E-04   
1.1758E-02   -2.9508E-04   
1.1311E-02   -1.8434E-04   
1.9948E-03   -5.2844E-03   
1.6989E-03   -5.8061E-03   
1.8708E-03   -5.4579E-03   
1.4665E-02   -3.4519E-04   
1.8885E-03   -6.5222E-03   
1.7881E-03   -6.2296E-03   
1.3836E-02   -4.2638E-04   
6.9023E-03   -2.0121E-03   
1.0282E-02   -3.5610E-04   
9.8989E-03   -5.6695E-04   
2.6139E-03   -3.7845E-03   
9.6973E-03   -6.6885E-04   
2.2694E-03   -3.8935E-03   
1.5690E-03   -4.0783E-03   
5.6739E-03   -2.5383E-03   
3.5917E-03   -3.4350E-03   
3.2612E-03   -3.5613E-03   
2.9407E-03   -3.6760E-03   
7.5795E-03   -1.6553E-03   
3.9295E-03   -3.2992E-03   
9.0165E-03   -9.8524E-04   
4.2716E-03   -3.1562E-03   
9.2603E-03   -8.7452E-04   
9.4863E-03   -7.6971E-04   
8.7557E-03   -1.1036E-03   
4.6173E-03   -3.0074E-03   
5.3171E-03   -2.6981E-03   
7.8895E-03   -1.5053E-03   
8.4798E-03   -1.2299E-03   
4.9663E-03   -2.8544E-03   
8.1903E-03   -1.3641E-03   
1.5860E-03   -4.0981E-03   
1.5544E-03   -4.1288E-03   
6.4501E-03   -2.2049E-03   
1.5283E-03   -4.1576E-03   
6.0469E-03   -2.3731E-03   
1.5112E-03   -4.1837E-03   
1.5048E-03   -4.2074E-03   
1.5069E-03   -4.2300E-03   
1.5155E-03   -4.2529E-03   
1.5297E-03   -4.2770E-03   
1.5496E-03   -4.3028E-03   
1.7726E-03   -4.5155E-03   
1.0139E-02   -3.4060E-04   
1.5752E-03   -4.3307E-03   
1.6060E-03   -4.3618E-03   
1.0170E-02   -2.9953E-04   
1.6370E-03   -4.3990E-03   
1.0205E-02   -2.7359E-04   
1.0247E-02   -2.6106E-04   
1.3671E-03   -4.5340E-03   
1.0539E-02   -2.6363E-04   
1.8495E-03   -4.5720E-03   
1.8449E-03   -4.7507E-03   
1.2435E-02   -3.4416E-04   
1.1721E-02   -3.8711E-04   
1.0909E-02   -2.8709E-04   
2.1845E-03   -4.9177E-03   
1.0699E-02   -2.7276E-04   
2.2849E-03   -5.0092E-03   
1.5562E-03   -4.7617E-03   
2.2260E-03   -6.1445E-03   
2.3647E-03   -5.1135E-03   
1.2865E-02   -3.3554E-04   
2.2895E-03   -5.4910E-03   
2.2154E-03   -5.6562E-03   
1.1226E-02   -2.6093E-04   
2.2836E-03   -5.9636E-03   
2.1058E-03   -4.8321E-03   
1.1454E-02   -3.6420E-04   
1.4288E-02   -4.3735E-04   
1.3412E-02   -4.0931E-04   
9.9523E-03   -4.7846E-04   
9.7656E-03   -5.7087E-04   
1.0115E-02   -4.4707E-04   
2.1053E-03   -3.9516E-03   
2.7531E-03   -3.7340E-03   
7.3317E-03   -1.6770E-03   
3.3509E-03   -3.5041E-03   
9.5636E-03   -6.6456E-04   
3.0270E-03   -3.6319E-03   
3.6831E-03   -3.3662E-03   
1.2791E-03   -4.1152E-03   
4.0214E-03   -3.2197E-03   
5.4228E-03   -2.5782E-03   
8.8535E-03   -9.7664E-04   
9.3452E-03   -7.6232E-04   
9.1088E-03   -8.6567E-04   
7.6645E-03   -1.5186E-03   
4.3651E-03   -3.0663E-03   
8.5776E-03   -1.0988E-03   
4.7133E-03   -2.9076E-03   
5.0660E-03   -2.7447E-03   
7.9819E-03   -1.3700E-03   
8.2863E-03   -1.2302E-03   
5.7949E-03   -2.4056E-03   
1.8391E-03   -4.0384E-03   
1.8056E-03   -4.0657E-03   
1.7730E-03   -4.0931E-03   
1.8856E-03   -4.0050E-03   
1.7591E-03   -4.1157E-03   
6.1833E-03   -2.2274E-03   
6.5871E-03   -2.0420E-03   
1.7581E-03   -4.1361E-03   
1.0093E-02   -3.9685E-04   
6.9755E-03   -1.8547E-03   
1.7661E-03   -4.1563E-03   
1.7812E-03   -4.1776E-03   
1.8307E-03   -4.2260E-03   
9.9962E-03   -3.7721E-04   
1.8682E-03   -4.2531E-03   
1.9203E-03   -4.2825E-03   
1.0008E-02   -3.4789E-04   
1.0040E-02   -3.2751E-04   
1.8803E-03   -4.4191E-03   
1.9440E-03   -4.6368E-03   
1.0422E-02   -3.3584E-04   
1.1210E-02   -3.4454E-04   
2.6271E-03   -4.8468E-03   
1.6273E-03   -4.4523E-03   
1.2005E-02   -4.1637E-04   
2.1290E-03   -4.4471E-03   
1.1386E-02   -4.6133E-04   
2.0672E-03   -4.7581E-03   
2.7073E-03   -5.5196E-03   
2.4993E-03   -4.7715E-03   
2.4721E-03   -5.1943E-03   
1.1007E-02   -3.3491E-04   
1.3059E-02   -3.9686E-04   
1.0585E-02   -3.5336E-04   
2.3834E-03   -5.3262E-03   
2.2249E-03   -5.8093E-03   
1.3447E-02   -5.1832E-04   
1.4707E-02   -4.3957E-04   
2.3343E-03   -6.4562E-03   
2.8487E-03   -5.9794E-03   
1.2720E-02   -2.8745E-04   
9.6276E-03   -5.8187E-04   
2.7669E-03   -3.7213E-03   
5.5500E-03   -2.4548E-03   
3.1239E-03   -3.5782E-03   
3.4537E-03   -3.4382E-03   
9.4216E-03   -6.7268E-04   
3.7871E-03   -3.2902E-03   
7.4350E-03   -1.5496E-03   
8.9599E-03   -8.6536E-04   
9.2038E-03   -7.6541E-04   
4.1277E-03   -3.1338E-03   
8.6875E-03   -9.8096E-04   
5.1838E-03   -2.6312E-03   
4.4746E-03   -2.9708E-03   
7.7695E-03   -1.3924E-03   
4.8270E-03   -2.8029E-03   
8.3962E-03   -1.1081E-03   
8.0894E-03   -1.2457E-03   
2.1300E-03   -3.9539E-03   
2.0411E-03   -3.9953E-03   
9.9794E-03   -4.1809E-04   
2.0177E-03   -4.0165E-03   
6.7103E-03   -1.8992E-03   
5.9318E-03   -2.2721E-03   
7.0822E-03   -1.7190E-03   
2.0128E-03   -4.0339E-03   
2.0184E-03   -4.0512E-03   
6.3218E-03   -2.0859E-03   
2.0336E-03   -4.0692E-03   
2.0568E-03   -4.0889E-03   
2.0870E-03   -4.1109E-03   
1.0082E-02   -3.2016E-04   
2.1277E-03   -4.1343E-03   
1.9897E-03   -4.3204E-03   
2.1863E-03   -4.1571E-03   
9.7911E-03   -4.3991E-04   
1.0921E-02   -4.1249E-04   
9.8190E-03   -4.0665E-04   
2.2221E-03   -4.4936E-03   
2.2675E-03   -4.6337E-03   
1.0281E-02   -3.2619E-04   
2.0903E-03   -4.3984E-03   
1.0747E-02   -3.8335E-04   
2.8664E-03   -4.7017E-03   
2.8934E-03   -5.1630E-03   
2.4063E-03   -4.6959E-03   
2.7407E-03   -5.0766E-03   
1.0272E-02   -4.2466E-04   
1.2650E-02   -4.5155E-04   
3.2264E-03   -5.3652E-03   
1.3047E-02   -4.9371E-04   
2.6007E-03   -5.6716E-03   
1.3463E-02   -6.3836E-04   
2.9212E-03   -6.3559E-03   
1.4421E-02   -5.5199E-04   
1.5117E-02   -3.7243E-04   
3.2519E-03   -6.1041E-03   
1.2246E-02   -4.6065E-04   
9.6884E-03   -5.1365E-04   
2.4358E-03   -3.8442E-03   
2.9350E-03   -3.6453E-03   
3.2455E-03   -3.5111E-03   
5.3180E-03   -2.5157E-03   
3.5696E-03   -3.3647E-03   
9.2929E-03   -6.8879E-04   
9.0844E-03   -7.6471E-04   
3.9047E-03   -3.2079E-03   
2.2779E-03   -3.9068E-03   
8.8133E-03   -8.7346E-04   
7.5554E-03   -1.4290E-03   
4.2489E-03   -3.0425E-03   
4.9556E-03   -2.6953E-03   
8.5200E-03   -9.9664E-04   
4.6000E-03   -2.8709E-03   
7.8903E-03   -1.2744E-03   
8.2117E-03   -1.1304E-03   
2.2750E-03   -3.9137E-03   
5.6932E-03   -2.3304E-03   
6.8411E-03   -1.7695E-03   
7.2052E-03   -1.5945E-03   
2.2744E-03   -3.9240E-03   
6.4622E-03   -1.9536E-03   
2.2737E-03   -3.9389E-03   
2.2875E-03   -3.9532E-03   
6.0770E-03   -2.1419E-03   
9.8561E-03   -4.4604E-04   
2.3860E-03   -4.0067E-03   
2.3118E-03   -3.9687E-03   
9.8495E-03   -3.9212E-04   
2.3447E-03   -3.9864E-03   
1.0277E-02   -2.6429E-04   
2.2738E-03   -4.2841E-03   
2.2649E-03   -4.1797E-03   
2.4032E-03   -4.3137E-03   
2.4435E-03   -4.0263E-03   
9.5885E-03   -4.9712E-04   
1.0430E-02   -4.5045E-04   
1.0126E-02   -4.0821E-04   
2.4447E-03   -4.3699E-03   
2.8099E-03   -4.6192E-03   
3.1702E-03   -4.9672E-03   
1.3051E-02   -6.1302E-04   
1.0601E-02   -4.8193E-04   
2.6937E-03   -4.5467E-03   
1.1907E-02   -5.2459E-04   
3.3249E-03   -5.1800E-03   
1.2214E-02   -5.7686E-04   
3.1315E-03   -5.5720E-03   
2.3307E-03   -4.5313E-03   
1.3915E-02   -6.6078E-04   
1.1137E-02   -4.3676E-04   
1.5597E-02   -2.9787E-04   
3.5609E-03   -5.8534E-03   
2.5008E-03   -3.8211E-03   
9.4753E-03   -6.0497E-04   
3.0639E-03   -3.5810E-03   
3.3755E-03   -3.4384E-03   
3.7004E-03   -3.2844E-03   
5.0983E-03   -2.5861E-03   
9.2680E-03   -6.5486E-04   
2.6829E-03   -3.7482E-03   
8.9596E-03   -7.7211E-04   
5.4673E-03   -2.3993E-03   
4.0386E-03   -3.1192E-03   
8.6569E-03   -8.9487E-04   
4.3869E-03   -2.9457E-03   
4.7406E-03   -2.7675E-03   
7.6900E-03   -1.3157E-03   
8.3476E-03   -1.0242E-03   
8.0251E-03   -1.1641E-03   
2.5678E-03   -3.7970E-03   
6.6099E-03   -1.8300E-03   
7.3416E-03   -1.4781E-03   
6.9812E-03   -1.6497E-03   
1.0162E-02   -3.1867E-04   
2.5333E-03   -3.8207E-03   
5.8459E-03   -2.2087E-03   
2.5442E-03   -3.8309E-03   
6.2287E-03   -2.0177E-03   
9.6100E-03   -4.7539E-04   
2.6450E-03   -3.8712E-03   
2.5686E-03   -3.8416E-03   
2.7001E-03   -3.8886E-03   
2.6025E-03   -3.8548E-03   
2.8364E-03   -4.1974E-03   
9.5359E-03   -5.4328E-04   
9.8841E-03   -3.9157E-04   
2.5182E-03   -4.0451E-03   
1.0579E-02   -1.8441E-04   
2.9890E-03   -4.3692E-03   
1.0001E-02   -4.0013E-04   
1.1030E-02   -5.4337E-04   
1.0797E-02   -5.1314E-04   
1.0256E-02   -5.5948E-04   
1.0094E-02   -5.2885E-04   
1.1733E-02   -6.4445E-04   
9.9466E-03   -5.0559E-04   
2.5829E-03   -4.4953E-03   
3.2903E-03   -4.5333E-03   
2.3451E-03   -4.1997E-03   
2.6507E-03   -4.1716E-03   
3.4141E-03   -4.7706E-03   
1.2327E-02   -6.8174E-04   
3.4102E-03   -5.0221E-03   
2.6414E-03   -4.3841E-03   
1.3469E-02   -7.6831E-04   
3.2925E-03   -5.7335E-03   
1.6197E-02   -1.5680E-04   
3.7488E-03   -5.1861E-03   
1.5563E-02   -4.0992E-04   
1.3046E-02   -7.4227E-04   
1.1652E-02   -4.8639E-04   
3.6766E-03   -5.3653E-03   
2.7705E-03   -3.7093E-03   
3.2096E-03   -3.5078E-03   
3.5192E-03   -3.3599E-03   
5.2537E-03   -2.4768E-03   
9.1172E-03   -6.7522E-04   
3.8446E-03   -3.1989E-03   
4.8934E-03   -2.6628E-03   
8.7986E-03   -8.0446E-04   
4.1889E-03   -3.0249E-03   
4.5399E-03   -2.8451E-03   
8.4973E-03   -9.2701E-04   
6.7652E-03   -1.7151E-03   
7.8353E-03   -1.2110E-03   
8.1756E-03   -1.0613E-03   
7.4861E-03   -1.3716E-03   
2.7723E-03   -3.7112E-03   
7.1305E-03   -1.5391E-03   
9.3783E-03   -5.8385E-04   
5.6263E-03   -2.2853E-03   
6.3879E-03   -1.9006E-03   
2.8038E-03   -3.7046E-03   
6.0062E-03   -2.0920E-03   
2.8298E-03   -3.7084E-03   
2.9603E-03   -3.7430E-03   
2.9061E-03   -3.7286E-03   
9.3688E-03   -5.6791E-04   
2.8628E-03   -3.7169E-03   
9.6324E-03   -4.6897E-04   
1.0409E-02   -2.6588E-04   
2.7622E-03   -3.9090E-03   
9.8179E-03   -4.9043E-04   
9.8940E-03   -6.4710E-04   
2.5545E-03   -4.1491E-03   
9.8887E-03   -4.0989E-04   
9.7438E-03   -6.1838E-04   
1.0056E-02   -6.8406E-04   
3.3715E-03   -4.2987E-03   
1.1302E-02   -5.6874E-04   
1.0646E-02   -6.3203E-04   
2.6334E-03   -4.0595E-03   
1.1259E-02   -6.9845E-04   
3.7772E-03   -4.8123E-03   
3.1179E-03   -4.7249E-03   
3.5763E-03   -4.3258E-03   
3.1127E-03   -4.2067E-03   
1.3030E-02   -8.8169E-04   
1.3907E-02   -7.9375E-04   
3.8980E-03   -4.9707E-03   
3.7097E-03   -5.5252E-03   
1.5968E-02   -3.4109E-04   
4.0959E-03   -5.1966E-03   
2.9061E-03   -3.6485E-03   
3.3737E-03   -3.4265E-03   
5.0552E-03   -2.5598E-03   
3.6587E-03   -3.2840E-03   
8.9052E-03   -7.4379E-04   
5.4185E-03   -2.3699E-03   
4.0004E-03   -3.1097E-03   
4.7014E-03   -2.7450E-03   
8.6516E-03   -8.4303E-04   
6.9273E-03   -1.6098E-03   
4.3495E-03   -2.9288E-03   
6.5555E-03   -1.7912E-03   
3.0799E-03   -3.5686E-03   
8.3510E-03   -9.6585E-04   
7.6324E-03   -1.2785E-03   
7.2845E-03   -1.4398E-03   
3.1067E-03   -3.5652E-03   
6.1747E-03   -1.9814E-03   
5.7936E-03   -2.1758E-03   
9.3771E-03   -5.5663E-04   
9.7160E-03   -4.8281E-04   
3.2234E-03   -3.5908E-03   
3.1296E-03   -3.5726E-03   
2.8578E-03   -4.0305E-03   
3.1698E-03   -3.5804E-03   
9.6585E-03   -4.7580E-04   
3.0213E-03   -3.7621E-03   
3.7703E-03   -4.1494E-03   
9.5206E-03   -7.4609E-04   
2.8125E-03   -3.9352E-03   
9.6704E-03   -7.8142E-04   
9.6079E-03   -5.9774E-04   
1.0240E-02   -7.2794E-04   
3.4402E-03   -4.1760E-03   
4.6189E-03   -5.0797E-03   
3.8650E-03   -4.3456E-03   
1.1496E-02   -7.8222E-04   
1.0910E-02   -6.6727E-04   
1.3899E-02   -9.2914E-04   
3.2598E-03   -4.0653E-03   
4.1659E-03   -5.3199E-03   
1.2611E-02   -8.5256E-04   
1.4353E-02   -6.9121E-04   
4.2603E-03   -4.7479E-03   
3.7180E-03   -4.5397E-03   
3.9138E-03   -4.6217E-03   
1.3003E-02   -1.0329E-03   
9.1214E-03   -6.5383E-04   
5.2243E-03   -2.4602E-03   
4.8699E-03   -2.6476E-03   
3.4369E-03   -3.3959E-03   
8.2505E-03   -9.9788E-04   
9.4183E-03   -5.7195E-04   
3.8154E-03   -3.2028E-03   
6.7314E-03   -1.6904E-03   
8.8298E-03   -7.6183E-04   
7.0957E-03   -1.5150E-03   
8.5151E-03   -8.8803E-04   
4.1658E-03   -3.0196E-03   
6.3528E-03   -1.8777E-03   
5.5914E-03   -2.2676E-03   
5.9699E-03   -2.0719E-03   
3.4079E-03   -3.4220E-03   
7.7427E-03   -1.2178E-03   
7.4426E-03   -1.3530E-03   
3.4879E-03   -3.4345E-03   
3.4368E-03   -3.4288E-03   
3.0693E-03   -3.7963E-03   
3.2865E-03   -3.6059E-03   
9.3903E-03   -5.5918E-04   
3.5893E-03   -3.8972E-03   
9.4896E-03   -5.8469E-04   
9.2800E-03   -8.8873E-04   
3.5439E-03   -4.0247E-03   
9.3805E-03   -7.2027E-04   
9.8288E-03   -8.2707E-04   
1.2179E-02   -8.1941E-04   
1.0467E-02   -7.7267E-04   
4.0755E-03   -4.1521E-03   
3.0660E-03   -3.8726E-03   
2.9693E-03   -4.0540E-03   
1.1942E-02   -7.2571E-04   
1.1052E-02   -8.6513E-04   
4.1687E-03   -4.3387E-03   
4.6917E-03   -5.2514E-03   
4.8357E-03   -4.8373E-03   
3.8974E-03   -3.9784E-03   
1.2647E-02   -7.1283E-04   
1.3459E-02   -1.0468E-03   
1.4338E-02   -8.1830E-04   
1.4758E-02   -6.1253E-04   
4.2680E-03   -4.4260E-03   
4.7430E-03   -4.5929E-03   
8.3652E-03   -9.4813E-04   
4.6885E-03   -2.7445E-03   
5.0354E-03   -2.5595E-03   
9.1186E-03   -6.6603E-04   
7.6322E-03   -1.2654E-03   
7.2791E-03   -1.4268E-03   
8.6243E-03   -8.4336E-04   
5.3965E-03   -2.3683E-03   
6.9170E-03   -1.5980E-03   
6.5416E-03   -1.7812E-03   
4.3472E-03   -2.9268E-03   
6.1569E-03   -1.9742E-03   
5.7726E-03   -2.1716E-03   
3.6665E-03   -3.2844E-03   
3.7038E-03   -3.2779E-03   
3.7507E-03   -3.2783E-03   
3.5531E-03   -3.4439E-03   
3.3458E-03   -3.6330E-03   
3.9851E-03   -3.1199E-03   
9.1156E-03   -6.5334E-04   
9.0068E-03   -8.3614E-04   
8.0070E-03   -1.0986E-03   
9.1368E-03   -8.5816E-04   
3.5611E-03   -3.8167E-03   
3.2668E-03   -3.8781E-03   
4.6043E-03   -4.2106E-03   
9.4284E-03   -9.2887E-04   
3.3894E-03   -3.6795E-03   
9.1086E-03   -7.0346E-04   
4.3114E-03   -3.9323E-03   
9.9948E-03   -8.8819E-04   
4.0170E-03   -3.7913E-03   
1.1307E-02   -9.1200E-04   
1.1840E-02   -9.5317E-04   
1.0755E-02   -8.1519E-04   
1.5192E-02   -6.1040E-04   
5.0177E-03   -4.3687E-03   
4.7943E-03   -4.2897E-03   
5.2214E-03   -4.8561E-03   
1.3021E-02   -1.1844E-03   
4.8352E-03   -5.4204E-03   
1.3874E-02   -1.0665E-03   
1.4790E-02   -7.1781E-04   
8.5565E-03   -8.7807E-04   
4.8449E-03   -2.6710E-03   
4.5081E-03   -2.8507E-03   
7.4805E-03   -1.3428E-03   
8.8434E-03   -7.6040E-04   
7.1164E-03   -1.5122E-03   
5.2029E-03   -2.4805E-03   
6.7438E-03   -1.6913E-03   
5.5792E-03   -2.2821E-03   
6.3579E-03   -1.8823E-03   
4.0063E-03   -3.1270E-03   
5.9662E-03   -2.0814E-03   
3.8186E-03   -3.2793E-03   
8.2171E-03   -1.0191E-03   
8.7437E-03   -9.8503E-04   
4.2294E-03   -2.9990E-03   
3.6831E-03   -3.4992E-03   
3.8981E-03   -3.2876E-03   
3.7482E-03   -3.6494E-03   
7.8480E-03   -1.1776E-03   
8.8891E-03   -1.0065E-03   
1.1368E-02   -1.0340E-03   
8.8108E-03   -7.9223E-04   
9.0346E-03   -1.0386E-03   
3.9632E-03   -3.6723E-03   
9.5645E-03   -9.8472E-04   
1.0246E-02   -9.4164E-04   
8.8831E-03   -8.2687E-04   
5.3398E-03   -4.1346E-03   
4.3664E-03   -3.7646E-03   
4.8523E-03   -3.7645E-03   
1.1691E-02   -8.6838E-04   
1.5347E-02   -7.4368E-04   
5.1322E-03   -4.0463E-03   
1.0579E-02   -9.8329E-04   
1.1744E-02   -1.0908E-03   
1.2579E-02   -1.3595E-03   
5.3341E-03   -4.4264E-03   
5.4353E-03   -4.6016E-03   
1.2429E-02   -1.1936E-03   
1.5522E-02   -5.1056E-04   
1.4340E-02   -9.4877E-04   
4.1882E-03   -5.6751E-03   
4.3609E-03   -4.1707E-03   
4.6413E-03   -2.7996E-03   
4.3091E-03   -2.9734E-03   
7.3313E-03   -1.4326E-03   
8.4563E-03   -9.4202E-04   
6.9598E-03   -1.6085E-03   
5.3819E-03   -2.4074E-03   
4.0741E-03   -3.1194E-03   
6.5730E-03   -1.7973E-03   
3.9773E-03   -3.3113E-03   
5.7751E-03   -2.2019E-03   
3.7304E-03   -3.5552E-03   
6.1744E-03   -1.9971E-03   
7.6998E-03   -1.2643E-03   
4.1668E-03   -3.1121E-03   
8.4752E-03   -1.1482E-03   
8.7600E-03   -8.3924E-04   
8.0639E-03   -1.1042E-03   
8.6186E-03   -9.6798E-04   
8.6820E-03   -1.1418E-03   
9.1867E-03   -1.0781E-03   
5.7131E-03   -3.8821E-03   
4.5278E-03   -3.5781E-03   
5.0388E-03   -3.8163E-03   
4.6842E-03   -3.7189E-03   
1.0812E-02   -1.1907E-03   
1.4271E-02   -1.0788E-03   
5.5659E-03   -4.8987E-03   
4.2014E-03   -3.4679E-03   
4.8641E-03   -3.9982E-03   
1.0428E-02   -1.1594E-03   
1.2128E-02   -1.1045E-03   
1.5699E-02   -5.8993E-04   
1.4904E-02   -9.6983E-04   
1.2740E-02   -1.4954E-03   
6.0686E-03   -4.4134E-03   
4.7255E-03   -5.6731E-03   
1.0053E-02   -1.1302E-03   
3.7942E-03   -5.6554E-03   
7.1884E-03   -1.5331E-03   
8.5267E-03   -9.5356E-04   
7.5588E-03   -1.3602E-03   
6.8051E-03   -1.7181E-03   
5.5804E-03   -2.3374E-03   
4.4161E-03   -2.9470E-03   
3.4369E-03   -3.7277E-03   
4.0398E-03   -3.3591E-03   
7.9251E-03   -1.1951E-03   
4.2785E-03   -3.1122E-03   
8.3318E-03   -1.1295E-03   
5.0008E-03   -2.6093E-03   
5.9908E-03   -2.1253E-03   
5.4666E-03   -3.7687E-03   
5.0986E-03   -3.5590E-03   
8.7600E-03   -1.1993E-03   
4.8208E-03   -3.5596E-03   
4.0878E-03   -3.4262E-03   
4.3610E-03   -3.4786E-03   
4.3123E-03   -3.5814E-03   
5.4099E-03   -3.5813E-03   
5.8704E-03   -4.0119E-03   
1.1212E-02   -1.2327E-03   
1.3783E-02   -1.2347E-03   
1.0270E-02   -1.3461E-03   
7.9776E-03   -1.3284E-03   
9.5267E-03   -1.3069E-03   
1.1691E-02   -1.2810E-03   
6.1631E-03   -4.7091E-03   
5.0699E-03   -5.0468E-03   
9.9032E-03   -1.3187E-03   
1.2566E-02   -1.0037E-03   
6.3932E-03   -4.4678E-03   
5.8043E-03   -4.3600E-03   
1.3310E-02   -1.4467E-03   
1.2152E-02   -1.5606E-03   
7.4261E-03   -1.4632E-03   
7.0642E-03   -1.6378E-03   
8.2023E-03   -1.1158E-03   
4.3730E-03   -3.1431E-03   
8.2335E-03   -1.0589E-03   
7.7918E-03   -1.2950E-03   
6.6663E-03   -1.8351E-03   
4.5538E-03   -2.9211E-03   
5.8051E-03   -2.2675E-03   
6.2330E-03   -2.0506E-03   
5.5773E-03   -3.3582E-03   
5.2824E-03   -3.3584E-03   
4.7868E-03   -2.7551E-03   
4.4167E-03   -3.3006E-03   
4.4104E-03   -3.2180E-03   
4.6402E-03   -3.2765E-03   
5.1777E-03   -2.5492E-03   
8.9945E-03   -1.2389E-03   
7.6923E-03   -1.5291E-03   
9.3913E-03   -1.4905E-03   
4.7145E-03   -3.3736E-03   
9.0792E-03   -1.3602E-03   
6.3009E-03   -4.1759E-03   
1.0638E-02   -1.3862E-03   
6.3201E-03   -3.7425E-03   
4.9674E-03   -4.6540E-03   
6.7715E-03   -4.4994E-03   
8.4068E-03   -1.4012E-03   
9.7371E-03   -1.5110E-03   
5.9805E-03   -3.4593E-03   
6.6511E-03   -4.2265E-03   
5.8815E-03   -4.9663E-03   
1.2345E-02   -1.6918E-03   
1.3933E-02   -1.4002E-03   
7.3247E-03   -1.5549E-03   
7.6621E-03   -1.4021E-03   
5.3881E-03   -2.4850E-03   
4.7475E-03   -3.1110E-03   
6.0554E-03   -2.2003E-03   
5.2027E-03   -3.1589E-03   
4.7491E-03   -2.8915E-03   
7.8614E-03   -1.5691E-03   
4.9701E-03   -2.7059E-03   
4.8249E-03   -2.9610E-03   
9.3397E-03   -1.1023E-03   
6.5147E-03   -1.9757E-03   
7.9913E-03   -1.2507E-03   
5.4737E-03   -3.1497E-03   
9.2214E-03   -1.6852E-03   
5.7653E-03   -3.1454E-03   
9.1010E-03   -1.4814E-03   
4.4958E-03   -4.8052E-03   
7.2728E-03   -4.4979E-03   
1.0083E-02   -1.5462E-03   
5.2622E-03   -5.1382E-03   
6.6600E-03   -3.2696E-03   
6.4869E-03   -3.9110E-03   
8.5537E-03   -1.4840E-03   
1.1015E-02   -1.4392E-03   
6.2309E-03   -5.0437E-03   
6.7799E-03   -3.4536E-03   
6.9247E-03   -3.9659E-03   
6.5664E-03   -4.7547E-03   
1.1733E-02   -1.7761E-03   
5.8736E-03   -3.3488E-03   
1.4594E-02   -1.3372E-03   
5.6272E-03   -2.4182E-03   
5.6737E-03   -2.9312E-03   
7.0164E-03   -1.7301E-03   
5.2117E-03   -2.6370E-03   
7.3365E-03   -1.7483E-03   
6.0672E-03   -3.1512E-03   
5.0014E-03   -3.1594E-03   
9.8786E-03   -1.7571E-03   
6.3147E-03   -2.1453E-03   
5.9595E-03   -2.9253E-03   
5.1030E-03   -2.7569E-03   
8.0105E-03   -1.6403E-03   
9.5455E-03   -1.7165E-03   
7.4897E-03   -1.5342E-03   
5.0662E-03   -3.0304E-03   
8.6703E-03   -1.5864E-03   
5.4875E-03   -4.2256E-03   
6.3477E-03   -3.1909E-03   
6.9351E-03   -3.6010E-03   
7.2007E-03   -3.6960E-03   
7.3410E-03   -4.0398E-03   
7.9343E-03   -4.2197E-03   
1.1948E-02   -1.9336E-03   
5.8295E-03   -5.3262E-03   
1.0778E-02   -1.6533E-03   
1.5045E-02   -1.1403E-03   
5.8740E-03   -2.3612E-03   
5.4621E-03   -2.5700E-03   
6.8343E-03   -1.9119E-03   
6.1577E-03   -2.7034E-03   
7.4698E-03   -1.8148E-03   
8.8375E-03   -1.6853E-03   
8.1547E-03   -1.7260E-03   
6.2698E-03   -2.9230E-03   
9.3502E-03   -1.9311E-03   
9.0275E-03   -1.8931E-03   
1.1154E-02   -1.8396E-03   
1.0222E-02   -1.8108E-03   
7.8263E-03   -3.4864E-03   
7.3782E-03   -3.3305E-03   
5.3834E-03   -2.9599E-03   
1.1349E-02   -1.5194E-03   
1.2877E-02   -1.6093E-03   
1.1323E-02   -2.2213E-03   
7.9639E-03   -4.0017E-03   
7.9535E-03   -4.4429E-03   
8.0490E-03   -3.7745E-03   
6.9373E-03   -2.9755E-03   
6.5341E-03   -5.1574E-03   
1.5220E-02   -1.2768E-03   
5.6909E-03   -2.5307E-03   
7.2727E-03   -1.6876E-03   
5.4817E-03   -2.7955E-03   
6.5147E-03   -2.1283E-03   
8.7688E-03   -2.1537E-03   
6.9037E-03   -2.0149E-03   
6.1153E-03   -2.3235E-03   
7.6141E-03   -1.8967E-03   
6.4627E-03   -2.6919E-03   
8.3901E-03   -1.9320E-03   
6.8115E-03   -2.6848E-03   
8.5070E-03   -2.0497E-03   
1.1573E-02   -1.6343E-03   
9.6861E-03   -1.9710E-03   
1.0597E-02   -1.8799E-03   
1.3330E-02   -1.6372E-03   
7.2586E-03   -3.1777E-03   
1.1091E-02   -1.7035E-03   
7.2279E-03   -3.0217E-03   
1.0703E-02   -2.0509E-03   
5.8903E-03   -2.6905E-03   
7.2454E-03   -2.6770E-03   
8.2490E-03   -3.5239E-03   
1.0733E-02   -2.2351E-03   
1.1962E-02   -2.1121E-03   
7.4705E-03   -3.4663E-03   
8.5045E-03   -3.7729E-03   
8.4424E-03   -4.1733E-03   
6.0720E-03   -5.4214E-03   
5.9103E-03   -2.5283E-03   
6.9914E-03   -2.4456E-03   
6.4067E-03   -2.2678E-03   
7.0924E-03   -2.0688E-03   
7.6970E-03   -2.9245E-03   
6.6395E-03   -2.4733E-03   
8.1502E-03   -2.3024E-03   
9.2323E-03   -2.1150E-03   
9.0243E-03   -4.0210E-03   
1.0224E-02   -2.2614E-03   
5.2860E-03   -2.7310E-03   
7.5988E-03   -2.7571E-03   
1.0001E-02   -2.0304E-03   
7.7929E-03   -1.9714E-03   
7.9399E-03   -2.1937E-03   
8.4839E-03   -3.2650E-03   
5.9158E-03   -5.6412E-03   
8.6999E-03   -3.5530E-03   
1.0696E-02   -2.4134E-03   
1.2381E-02   -1.9608E-03   
8.3035E-03   -1.8162E-03   
5.1472E-03   -2.8857E-03   
6.3422E-03   -2.5160E-03   
7.3625E-03   -2.4373E-03   
6.7087E-03   -2.3096E-03   
9.4606E-03   -2.1924E-03   
7.5396E-03   -2.2077E-03   
7.7835E-03   -2.5271E-03   
6.6840E-03   -2.2135E-03   
1.0276E-02   -2.6415E-03   
6.3190E-03   -2.4191E-03   
1.2905E-02   -1.8809E-03   
1.0192E-02   -2.4625E-03   
8.0260E-03   -3.2163E-03   
7.6936E-03   -2.4269E-03   
9.4284E-03   -3.7522E-03   
5.2480E-03   -5.8866E-03   
7.9913E-03   -2.0220E-03   
8.4276E-03   -2.9172E-03   
8.9020E-03   -2.3289E-03   
9.1535E-03   -2.4637E-03   
8.7826E-03   -2.9855E-03   
1.0460E-02   -2.8013E-03   
8.0599E-03   -2.7118E-03   
9.1894E-03   -3.5947E-03   
9.6417E-03   -3.8712E-03   
9.0422E-03   -2.7155E-03   
8.2052E-03   -2.8167E-03   
1.0212E-02   -3.8522E-03   
9.1544E-03   -3.0611E-03   
1.0263E-02   -2.0939E-03   
1.1175E-02   -2.6637E-03   
9.7982E-03   -2.9124E-03   
8.5403E-03   -2.5822E-03   
9.6590E-03   -2.4827E-03   
8.8884E-03   -3.3130E-03   
9.9234E-03   -3.0813E-03   
1.1726E-02   -2.3496E-03   
1.0818E-02   -3.5487E-03   
9.4185E-03   -3.1398E-03   
8.6730E-03   -2.6984E-03   
9.8973E-03   -3.3013E-03   
1.0459E-02   -3.2926E-03   
1.1181E-02   -3.0462E-03   
1.1442E-02   -2.7868E-03   
1.0980E-02   -3.3134E-03   
5.3884E-04   -6.9963E-03   
9.8369E-03   -3.5055E-03   
9.2745E-03   -4.1547E-03   
1.6169E-02   -5.8450E-04   
1.2157E-03   -5.8700E-03   
1.7640E-02   -8.7153E-05   
1.5854E-02   -1.2142E-03   
9.7894E-04   -7.0767E-03   
4.6854E-03   -5.9008E-03   
1.1049E-02   -3.6818E-03   
1.6442E-02   -3.1127E-04   
1.4962E-03   -7.0154E-03   
5.2625E-03   -5.4565E-03   
2.1247E-03   -6.9276E-03   
2.7668E-03   -6.8319E-03   
3.4077E-03   -6.7170E-03   
4.0689E-03   -6.5856E-03   
1.8205E-02   -7.9744E-05   
4.7442E-03   -6.4410E-03   
5.4526E-03   -6.2745E-03   
1.5443E-02   -9.9040E-04   
6.1828E-03   -6.1022E-03   
1.8786E-02   -7.6857E-05   
6.9245E-03   -5.9215E-03   
7.6875E-03   -5.7335E-03   
1.1823E-02   -2.5498E-03   
8.5488E-03   -5.5088E-03   
1.9398E-02   -7.1273E-05   
1.3460E-02   -1.1682E-03   
9.2368E-03   -5.4037E-03   
6.9014E-03   -4.2996E-03   
3.5638E-03   -6.2351E-03   
1.5555E-02   -8.6332E-04   
1.0038E-02   -5.1438E-03   
1.0938E-02   -4.9596E-03   
2.0029E-02   -6.3099E-05   
1.1777E-02   -4.7709E-03   
7.3026E-03   -4.9848E-03   
1.2709E-02   -4.5419E-03   
1.3435E-02   -4.4357E-03   
2.0683E-02   -5.4813E-05   
1.4277E-02   -4.1698E-03   
1.5227E-02   -3.9451E-03   
1.5734E-03   -6.6661E-03   
1.6118E-02   -3.7038E-03   
2.1437E-02   -4.9547E-05   
1.6669E-02   -1.9415E-04   
7.8031E-03   -4.6938E-03   
1.7083E-02   -3.3996E-03   
1.8004E-02   -3.1262E-03   
1.4790E-02   -1.4512E-03   
2.2275E-02   -2.6867E-05   
1.3489E-02   -1.7876E-03   
1.2421E-02   -2.1055E-03   
1.9816E-02   -2.4498E-03   
2.3177E-02   -3.8873E-04   
2.3343E-02   -3.8745E-04   
2.3253E-02   -1.1030E-04   
2.3323E-02   -4.6081E-05   
2.3199E-02   -2.4698E-04   
6.3654E-03   -5.6780E-03   
2.1843E-02   -1.4180E-03   
1.8227E-03   -6.7959E-03   
1.3946E-02   -1.8201E-03   
1.3134E-02   -2.0362E-03   
3.2059E-03   -6.4539E-03   
1.2306E-02   -2.5404E-03   
4.1397E-03   -6.1270E-03   
1.6605E-02   -4.9202E-04   
1.1607E-02   -3.0857E-03   
1.6291E-02   -1.0231E-03   
4.5952E-03   -6.1380E-03   
8.1770E-03   -4.7833E-03   
3.1535E-03   -6.6142E-03   
9.0402E-03   -4.4547E-03   
4.4842E-03   -6.3446E-03   
1.4645E-02   -1.6283E-03   
1.5855E-02   -3.5604E-03   
1.1534E-02   -4.6243E-03   
5.9308E-03   -5.9770E-03   
7.5160E-03   -5.1225E-03   
7.4256E-03   -5.6087E-03   
7.2483E-03   -5.4246E-03   
1.9071E-02   -1.4979E-04   
1.1850E-02   -3.5204E-03   
1.6938E-02   -2.7839E-04   
1.6050E-02   -1.3264E-03   
1.7947E-02   -1.5520E-04   
2.1344E-02   -1.0694E-04   
1.0528E-02   -3.9749E-03   
1.3000E-02   -4.2612E-03   
1.5812E-02   -6.5918E-04   
1.6035E-02   -8.9630E-04   
1.1877E-02   -2.6702E-03   
8.6368E-03   -4.2500E-03   
2.2781E-02   -1.0751E-05   
1.8945E-02   -2.7900E-03   
8.7839E-03   -5.2429E-03   
1.7296E-02   -3.1237E-03   
2.3371E-02   -2.6263E-04   
2.3477E-02   -2.4158E-05   
2.3442E-02   -6.7768E-05   
2.3397E-02   -1.5870E-04   
1.4373E-02   -3.9002E-03   
1.0100E-02   -4.8644E-03   
2.0315E-02   -1.1834E-04   
2.0629E-02   -1.7808E-03   
2.2373E-02   -7.8355E-05   
2.1738E-02   -1.2952E-03   
2.2227E-02   -5.6864E-04   
2.2477E-02   -1.0942E-04   
2.2365E-02   -2.4477E-04   
2.2087E-02   -8.8501E-04   
1.4521E-02   -1.8413E-03   
1.1354E-02   -4.4683E-03   
1.6783E-02   -3.8190E-04   
1.7358E-02   -3.2006E-04   
1.8729E-02   -2.3870E-04   
2.0346E-03   -6.6183E-03   
1.0281E-02   -4.2682E-03   
1.3003E-02   -2.3119E-03   
7.9006E-03   -5.3366E-03   
1.6712E-02   -6.0434E-04   
1.9961E-02   -1.9497E-04   
1.8641E-02   -2.7133E-03   
5.7271E-03   -5.8660E-03   
1.0739E-02   -4.5985E-03   
8.5435E-03   -5.1504E-03   
1.2815E-02   -4.1341E-03   
9.5259E-03   -4.4482E-03   
1.5218E-02   -3.5782E-03   
1.2337E-02   -2.9466E-03   
9.3666E-03   -4.9305E-03   
1.5847E-02   -1.5277E-03   
1.6500E-02   -1.1480E-03   
1.3663E-02   -3.9473E-03   
1.2445E-02   -3.1823E-03   
2.0670E-02   -1.6582E-04   
1.2095E-02   -3.6951E-03   
1.9343E-02   -2.1617E-04   
8.8957E-03   -4.7123E-03   
1.6517E-02   -7.5100E-04   
1.2075E-02   -4.3051E-03   
1.2806E-02   -2.6096E-03   
1.8016E-02   -2.5611E-04   
1.6709E-02   -8.4819E-04   
2.1310E-02   -8.6648E-04   
2.1663E-02   -1.8818E-04   
2.1532E-02   -3.9466E-04   
2.1789E-02   -1.0939E-04   
1.5128E-02   -1.6490E-03   
1.9468E-02   -2.2478E-03   
2.0812E-02   -1.4761E-03   
2.2323E-02   -2.0291E-04   
2.2135E-02   -7.5805E-04   
2.2157E-02   -3.9333E-04   
2.2066E-02   -4.7541E-04   
1.1855E-02   -4.1605E-03   
8.9069E-03   -4.8967E-03   
2.0189E-02   -2.5148E-04   
1.7965E-02   -2.8533E-03   
1.0304E-02   -4.5476E-03   
1.2637E-02   -3.3704E-03   
1.1600E-02   -4.0237E-03   
1.7177E-02   -1.0718E-03   
1.7768E-02   -3.7050E-04   
1.4575E-02   -3.6152E-03   
1.9031E-02   -2.9702E-04   
2.1456E-02   -5.3073E-04   
2.1730E-02   -2.7259E-04   
1.7358E-02   -7.8318E-04   
1.4404E-02   -2.0715E-03   
1.7320E-02   -5.6447E-04   
1.3628E-02   -2.3254E-03   
2.1267E-02   -6.9797E-04   
1.9742E-02   -1.8575E-03   
1.6426E-02   -1.5066E-03   
1.6086E-02   -3.2462E-03   
1.3045E-02   -2.8840E-03   
1.0909E-02   -4.2148E-03   
1.3335E-02   -3.8217E-03   
1.5985E-02   -1.6681E-03   
2.1297E-02   -1.6780E-04   
1.9306E-02   -2.1487E-03   
2.0933E-02   -1.1694E-03   
1.4732E-02   -3.3141E-03   
1.3842E-02   -2.7678E-03   
1.5875E-02   -1.8622E-03   
1.7087E-02   -1.4013E-03   
1.3856E-02   -3.5080E-03   
1.2348E-02   -3.8480E-03   
2.0408E-02   -2.9950E-04   
1.8846E-02   -2.1911E-03   
1.9086E-02   -3.9241E-04   
1.9810E-02   -3.4436E-04   
1.3099E-02   -3.6798E-03   
1.7765E-02   -6.1478E-04   
1.7816E-02   -4.7377E-04   
1.7606E-02   -8.8604E-04   
1.2929E-02   -2.7567E-03   
1.3359E-02   -3.2349E-03   
1.7447E-02   -1.1746E-03   
1.6298E-02   -2.9726E-03   
1.5025E-02   -2.0783E-03   
1.4280E-02   -2.3112E-03   
1.3776E-02   -2.9913E-03   
1.6576E-02   -1.7509E-03   
1.7019E-02   -1.5745E-03   
1.6731E-02   -3.1817E-03   
1.7861E-02   -9.8085E-04   
1.3600E-02   -3.3730E-03   
2.0997E-02   -2.4960E-04   
1.8388E-02   -4.9195E-04   
1.8008E-02   -7.2487E-04   
1.7903E-02   -2.5330E-03   
1.8875E-02   -5.2377E-04   
1.4241E-02   -2.5026E-03   
1.5496E-02   -2.1048E-03   
1.7172E-02   -1.6996E-03   
1.4053E-02   -3.0839E-03   
1.8698E-02   -6.5554E-04   
1.9268E-02   -1.8736E-03   
1.7744E-02   -1.2361E-03   
1.8537E-02   -8.8470E-04   
1.7566E-02   -2.8543E-03   
2.0105E-02   -3.9121E-04   
1.4692E-02   -2.5385E-03   
1.5462E-02   -2.2888E-03   
2.1259E-02   -2.8755E-04   
1.8334E-02   -1.1491E-03   
2.0491E-02   -4.2264E-04   
1.4800E-02   -2.8981E-03   
1.8831E-02   -7.4751E-04   
1.9761E-02   -5.0241E-04   
1.8789E-02   -9.5444E-04   
1.6131E-02   -2.2426E-03   
1.9225E-02   -5.5217E-04   
1.6915E-02   -1.9671E-03   
1.8058E-02   -1.4979E-03   
1.9337E-02   -7.5527E-04   
1.8358E-02   -1.6056E-03   
1.5061E-02   -3.0104E-03   
1.7539E-02   -1.9241E-03   
1.5310E-02   -2.5633E-03   
1.6750E-02   -2.2108E-03   
1.9928E-02   -5.7130E-04   
2.1169E-02   -3.8478E-04   
1.8863E-02   -1.5918E-03   
1.8190E-02   -1.8502E-03   
2.0122E-02   -6.3403E-04   
1.5586E-02   -2.7237E-03   
1.6463E-02   -2.5016E-03   
1.9781E-02   -7.6371E-04   
1.9612E-02   -1.4140E-03   
1.8130E-02   -2.0633E-03   
2.0804E-02   -5.2137E-04   
1.9755E-02   -8.6420E-04   
1.9569E-02   -1.6028E-03   
2.1113E-02   -5.4397E-04   
1.8836E-02   -1.8938E-03   
1.9040E-02   -1.0208E-03   
1.8585E-02   -1.2364E-03   
1.8920E-02   -1.3043E-03   
1.9756E-02   -1.0946E-03   
