51 
1844 
6.7618E-04   -7.5002E-04   
1.2863E-03   -6.3462E-04   
1.7698E-03   -4.5798E-04   
2.0801E-03   -2.3915E-04   
1.6065E-36   -7.8624E-04   
2.1849E-03   -8.3202E-37   
2.2338E-03   -3.0534E-36   
2.3138E-03   -3.0929E-38   
2.4893E-03   1.2706E-36   
2.6483E-03   1.8646E-36   
2.8503E-03   3.8084E-36   
3.0969E-03   5.2576E-36   
3.2866E-03   6.3792E-36   
3.6094E-03   9.6579E-36   
3.8498E-03   1.1754E-35   
4.1100E-03   1.0656E-35   
4.2471E-03   1.6023E-35   
4.5351E-03   2.3439E-35   
4.8408E-03   3.3745E-35   
5.0000E-03   -1.4046E-31   
5.0000E-03   -6.4600E-35   
5.0000E-03   -6.4600E-35   
5.0000E-03   -6.4600E-35   
5.0000E-03   -6.4600E-35   
5.0000E-03   -6.4600E-35   
5.0000E-03   -6.4600E-35   
5.0000E-03   -6.4600E-35   
5.0000E-03   -6.4600E-35   
5.0000E-03   -6.4600E-35   
5.0000E-03   -6.4600E-35   
5.0000E-03   -6.4600E-35   
5.0000E-03   -6.4600E-35   
4.6975E-03   -2.1634E-04   
4.2044E-03   -4.9394E-04   
3.9965E-03   -5.8946E-04   
3.7980E-03   -6.6827E-04   
3.4158E-03   -7.9519E-04   
3.2296E-03   -8.4832E-04   
2.8634E-03   -9.4189E-04   
2.6835E-03   -9.8470E-04   
2.3295E-03   -1.0662E-03   
1.9852E-03   -1.1451E-03   
1.8176E-03   -1.1843E-03   
1.4927E-03   -1.2612E-03   
1.1842E-03   -1.3345E-03   
1.0365E-03   -1.3686E-03   
7.5468E-04   -1.4294E-03   
4.8979E-04   -1.4760E-03   
2.3941E-04   -1.5049E-03   
2.2298E-36   -1.5136E-03   
3.6253E-35   -1.4340E-03   
3.7748E-35   -1.3580E-03   
3.5489E-35   -1.2572E-03   
3.3622E-35   -1.1993E-03   
2.9620E-35   -1.1050E-03   
2.7030E-35   -1.0513E-03   
2.4343E-35   -9.9896E-04   
2.2121E-35   -9.5685E-04   
2.1643E-35   -9.2017E-04   
5.1216E-04   -8.0012E-04   
4.8042E-03   -1.9115E-05   
4.5988E-03   -3.9971E-05   
4.3019E-03   -6.9130E-05   
4.0585E-03   -9.4048E-05   
3.8229E-03   -1.2509E-04   
3.5573E-03   -1.4360E-04   
3.3397E-03   -1.5120E-04   
3.0710E-03   -1.7449E-04   
2.8044E-03   -1.8889E-04   
2.5390E-03   -2.0155E-04   
2.2758E-03   -2.1285E-04   
2.0017E-03   -2.3092E-04   
1.7198E-03   -2.7668E-04   
1.3344E-03   -3.9934E-04   
9.4164E-04   -5.9062E-04   
1.3981E-03   -4.6539E-04   
1.6670E-03   -2.3158E-04   
1.9276E-03   -1.4670E-04   
2.1742E-03   -1.2413E-04   
2.4111E-03   -1.2103E-04   
2.6365E-03   -1.2214E-04   
2.8939E-03   -1.1204E-04   
3.1332E-03   -1.0391E-04   
3.3561E-03   -9.3409E-05   
3.5861E-03   -9.4036E-05   
3.8365E-03   -7.4488E-05   
4.0773E-03   -5.8739E-05   
4.3128E-03   -4.7282E-05   
4.5623E-03   -2.7467E-05   
4.7789E-03   -1.1580E-05   
2.0463E-03   -1.0365E-04   
2.1720E-03   -4.8988E-05   
2.3152E-03   -4.5997E-05   
2.5138E-03   -4.7205E-05   
2.7038E-03   -4.8061E-05   
2.9380E-03   -5.0627E-05   
3.1473E-03   -5.1975E-05   
3.3552E-03   -5.0828E-05   
3.6228E-03   -4.0857E-05   
3.8467E-03   -3.3028E-05   
4.1000E-03   -2.8357E-05   
4.3489E-03   -2.0462E-05   
4.5921E-03   -1.3423E-05   
4.8155E-03   -4.3794E-06   
4.7674E-03   -2.9697E-05   
4.5452E-03   -6.2663E-05   
4.2730E-03   -1.0518E-04   
4.0217E-03   -1.3149E-04   
3.8043E-03   -1.6905E-04   
3.5313E-03   -1.9929E-04   
3.2620E-03   -2.2660E-04   
3.0067E-03   -2.4788E-04   
2.7412E-03   -2.7379E-04   
2.4923E-03   -2.9640E-04   
2.1731E-03   -3.3190E-04   
1.8322E-03   -3.8437E-04   
1.4975E-03   -4.5661E-04   
1.1469E-03   -5.6082E-04   
7.5494E-04   -7.2180E-04   
3.7541E-04   -8.7600E-04   
4.7532E-03   -4.4053E-05   
4.5645E-03   -8.0057E-05   
4.2410E-03   -1.4265E-04   
4.0289E-03   -1.8192E-04   
3.7756E-03   -2.2118E-04   
3.4711E-03   -2.7184E-04   
3.2017E-03   -2.9957E-04   
2.9402E-03   -3.2888E-04   
2.6328E-03   -3.7151E-04   
2.3449E-03   -4.1854E-04   
2.0398E-03   -4.6958E-04   
1.7194E-03   -5.1680E-04   
1.3750E-03   -6.1211E-04   
1.0397E-03   -7.0263E-04   
6.7566E-04   -8.3123E-04   
3.2197E-04   -9.4320E-04   
4.8223E-03   -3.8516E-05   
4.4801E-03   -1.2037E-04   
4.2852E-03   -1.6295E-04   
4.0476E-03   -2.1929E-04   
3.6929E-03   -2.9109E-04   
3.4405E-03   -3.3895E-04   
3.1780E-03   -3.7817E-04   
2.8676E-03   -4.3028E-04   
2.5847E-03   -4.8126E-04   
2.2794E-03   -5.2398E-04   
1.9917E-03   -5.7350E-04   
1.6311E-03   -6.3909E-04   
1.2816E-03   -7.4942E-04   
9.5544E-04   -8.2845E-04   
6.4923E-04   -9.2806E-04   
3.1922E-04   -1.0073E-03   
4.7127E-03   -7.8802E-05   
4.5121E-03   -1.3874E-04   
4.2694E-03   -2.1044E-04   
4.0247E-03   -2.7953E-04   
3.6699E-03   -3.6232E-04   
3.3849E-03   -4.1406E-04   
3.0953E-03   -4.8043E-04   
2.8179E-03   -5.4021E-04   
2.4869E-03   -5.8533E-04   
2.2177E-03   -6.2488E-04   
1.9437E-03   -6.9489E-04   
1.5803E-03   -7.8113E-04   
1.2256E-03   -8.7191E-04   
9.1542E-04   -9.4937E-04   
5.8550E-04   -1.0289E-03   
3.0579E-04   -1.0798E-03   
4.7734E-03   -8.3400E-05   
4.5007E-03   -1.8388E-04   
4.2774E-03   -2.5241E-04   
3.9276E-03   -3.6242E-04   
3.6196E-03   -4.5439E-04   
3.3447E-03   -5.1007E-04   
3.0037E-03   -5.8460E-04   
2.7481E-03   -6.3898E-04   
2.4163E-03   -6.9198E-04   
2.1271E-03   -7.4808E-04   
1.7995E-03   -8.2034E-04   
1.5323E-03   -8.8803E-04   
1.2106E-03   -9.7100E-04   
8.9181E-04   -1.0458E-03   
5.8253E-04   -1.1141E-03   
2.7386E-04   -1.1631E-03   
4.7349E-03   -1.1246E-04   
4.4359E-03   -2.3419E-04   
4.2271E-03   -3.0926E-04   
3.8212E-03   -4.5594E-04   
3.5754E-03   -5.2817E-04   
3.2959E-03   -6.0680E-04   
2.9896E-03   -6.6709E-04   
2.6802E-03   -7.3553E-04   
2.3370E-03   -8.1292E-04   
2.0502E-03   -8.7190E-04   
1.7688E-03   -9.2970E-04   
1.4758E-03   -1.0007E-03   
1.1535E-03   -1.0906E-03   
8.7924E-04   -1.1425E-03   
5.6874E-04   -1.2068E-03   
2.8229E-04   -1.2442E-03   
4.7577E-03   -1.3372E-04   
4.5017E-03   -2.5799E-04   
4.1581E-03   -3.9902E-04   
3.8577E-03   -5.2437E-04   
3.5324E-03   -6.0209E-04   
3.2183E-03   -6.8359E-04   
2.9194E-03   -7.6083E-04   
2.6201E-03   -8.3270E-04   
2.3208E-03   -9.0293E-04   
1.9917E-03   -9.6471E-04   
1.7008E-03   -1.0550E-03   
1.3957E-03   -1.1156E-03   
1.1213E-03   -1.1717E-03   
8.3607E-04   -1.2387E-03   
5.4230E-04   -1.2993E-03   
3.0135E-04   -1.3237E-03   
4.6871E-03   -2.0290E-04   
4.3743E-03   -3.8277E-04   
4.1141E-03   -4.8538E-04   
3.7079E-03   -6.3478E-04   
3.4624E-03   -7.0737E-04   
3.1215E-03   -7.9942E-04   
2.8256E-03   -8.7843E-04   
2.5622E-03   -9.2668E-04   
2.2450E-03   -9.9672E-04   
1.9456E-03   -1.0810E-03   
1.6944E-03   -1.1326E-03   
1.3904E-03   -1.2069E-03   
1.0774E-03   -1.2791E-03   
7.9842E-04   -1.3355E-03   
5.3179E-04   -1.3838E-03   
2.3790E-04   -1.4314E-03   
8.4909E-05   -7.8890E-04   
1.7088E-04   -7.8732E-04   
2.5643E-04   -7.8427E-04   
3.4172E-04   -7.8002E-04   
4.2646E-04   -7.7447E-04   
5.1056E-04   -7.6759E-04   
5.9385E-04   -7.5941E-04   
7.5743E-04   -7.3948E-04   
8.3750E-04   -7.2778E-04   
9.1626E-04   -7.1497E-04   
9.9359E-04   -7.0103E-04   
1.0694E-03   -6.8601E-04   
1.1435E-03   -6.6991E-04   
1.2158E-03   -6.5277E-04   
1.3547E-03   -6.1550E-04   
1.4210E-03   -5.9545E-04   
1.4850E-03   -5.7454E-04   
1.5469E-03   -5.5277E-04   
1.6064E-03   -5.3024E-04   
1.6635E-03   -5.0686E-04   
1.7180E-03   -4.8276E-04   
1.8188E-03   -4.3257E-04   
1.8651E-03   -4.0653E-04   
1.9085E-03   -3.7988E-04   
1.9490E-03   -3.5267E-04   
1.9864E-03   -3.2496E-04   
2.0208E-03   -2.9677E-04   
2.0520E-03   -2.6816E-04   
2.1050E-03   -2.0978E-04   
2.1266E-03   -1.8005E-04   
2.1449E-03   -1.4996E-04   
2.1586E-03   -1.1961E-04   
2.1724E-03   -8.9817E-05   
2.1788E-03   -6.0309E-05   
2.1852E-03   -2.9281E-05   
2.1993E-03   -1.4724E-35   
2.2072E-03   -1.3514E-35   
2.2136E-03   -1.0037E-35   
2.2195E-03   -5.4967E-36   
2.2260E-03   -4.1238E-36   
2.2438E-03   -2.1844E-36   
2.2563E-03   -1.4770E-36   
2.2720E-03   -9.0047E-37   
2.2911E-03   -4.2627E-37   
2.3405E-03   3.0002E-37   
2.3712E-03   5.7861E-37   
2.4062E-03   8.2082E-37   
2.4455E-03   1.0468E-36   
2.5376E-03   1.4717E-36   
2.5906E-03   1.6705E-36   
2.7108E-03   2.0814E-36   
2.7781E-03   2.3042E-36   
2.9275E-03   4.0273E-36   
3.0097E-03   3.1441E-36   
3.1892E-03   5.6976E-36   
3.3891E-03   7.3626E-36   
3.4967E-03   8.3102E-36   
3.7271E-03   1.0059E-35   
3.9775E-03   1.3398E-35   
4.3890E-03   1.9947E-35   
4.6858E-03   2.1168E-35   
5.0000E-03   -6.4600E-35   
5.0000E-03   -6.4600E-35   
5.0000E-03   -6.4600E-35   
5.0000E-03   -6.4600E-35   
5.0000E-03   -6.4600E-35   
4.4285E-03   -3.7944E-04   
3.6052E-03   -7.3595E-04   
3.0455E-03   -8.9672E-04   
2.5054E-03   -1.0260E-03   
2.1560E-03   -1.1058E-03   
1.6533E-03   -1.2230E-03   
1.3363E-03   -1.2985E-03   
8.9333E-04   -1.4005E-03   
6.2022E-04   -1.4546E-03   
3.6289E-04   -1.4927E-03   
1.1895E-04   -1.5124E-03   
2.8061E-35   -1.4738E-03   
3.7454E-35   -1.3952E-03   
3.6596E-35   -1.3226E-03   
5.1310E-35   -1.2890E-03   
5.1533E-35   -1.2274E-03   
3.2818E-35   -1.1731E-03   
3.1917E-35   -1.1487E-03   
3.0719E-35   -1.1260E-03   
2.8696E-35   -1.0856E-03   
2.7829E-35   -1.0677E-03   
2.6345E-35   -1.0363E-03   
2.5674E-35   -1.0226E-03   
2.4977E-35   -1.0102E-03   
2.3788E-35   -9.8879E-04   
2.3284E-35   -9.7960E-04   
2.2836E-35   -9.7129E-04   
2.2447E-35   -9.6375E-04   
2.1858E-35   -9.5045E-04   
2.1661E-35   -9.4440E-04   
2.1536E-35   -9.3854E-04   
2.1489E-35   -9.3269E-04   
2.1524E-35   -9.2664E-04   
2.1843E-35   -9.1302E-04   
2.2112E-35   -9.0490E-04   
2.2484E-35   -8.9551E-04   
2.2977E-35   -8.8454E-04   
2.3747E-35   -8.7171E-04   
3.6012E-35   -8.5609E-04   
3.6372E-35   -8.3785E-04   
3.0557E-35   -8.1367E-04   
9.1541E-04   -7.0706E-04   
1.4134E-03   -5.6156E-04   
1.5998E-03   -4.8814E-04   
1.0647E-03   -6.7020E-04   
2.0289E-03   -2.5213E-04   
6.8378E-04   -7.5332E-04   
2.8218E-04   -8.0240E-04   
1.9120E-03   -3.3211E-04   
2.1383E-03   -1.4479E-04   
1.7683E-03   -4.1124E-04   
1.2090E-03   -6.2923E-04   
2.0905E-03   -1.9859E-04   
1.2790E-03   -6.0744E-04   
6.0493E-04   -7.6609E-04   
1.7150E-03   -4.3725E-04   
1.9541E-03   -3.0551E-04   
2.1912E-03   -4.0497E-05   
1.0865E-04   -8.1159E-04   
5.2541E-04   -7.7744E-04   
1.4772E-03   -5.3758E-04   
1.5388E-03   -5.1303E-04   
2.0614E-03   -2.2538E-04   
3.6420E-04   -7.9561E-04   
2.1572E-03   -1.1744E-04   
1.9670E-04   -8.0819E-04   
4.4524E-04   -7.8731E-04   
1.9931E-03   -2.7885E-04   
2.1161E-03   -1.7171E-04   
7.6193E-04   -7.3918E-04   
1.8669E-03   -3.5863E-04   
1.8190E-03   -3.8504E-04   
1.1376E-03   -6.5019E-04   
8.3919E-04   -7.2374E-04   
9.9067E-04   -6.8919E-04   
1.3473E-03   -5.8489E-04   
1.6587E-03   -4.6290E-04   
6.2790E-05   -8.6308E-04   
5.9712E-05   -8.7720E-04   
5.7505E-05   -8.8913E-04   
5.5470E-05   -8.9927E-04   
5.3891E-05   -9.0793E-04   
5.2925E-05   -9.1546E-04   
5.2396E-05   -9.2218E-04   
5.2175E-05   -9.2837E-04   
5.2202E-05   -9.3426E-04   
2.2076E-03   -1.9531E-05   
5.2453E-05   -9.4007E-04   
2.2134E-03   -1.5419E-05   
5.2923E-05   -9.4598E-04   
2.2192E-03   -1.2447E-05   
5.3607E-05   -9.5218E-04   
2.2262E-03   -1.0232E-05   
5.4490E-05   -9.5881E-04   
2.2350E-03   -8.6951E-06   
5.5556E-05   -9.6602E-04   
2.2463E-03   -7.6884E-06   
5.6800E-05   -9.7394E-04   
2.2604E-03   -7.1238E-06   
5.8202E-05   -9.8269E-04   
2.2778E-03   -6.9174E-06   
5.9758E-05   -9.9237E-04   
2.2988E-03   -6.9873E-06   
6.1463E-05   -1.0031E-03   
2.3236E-03   -7.2683E-06   
6.3243E-05   -1.0149E-03   
2.3525E-03   -7.7355E-06   
6.5064E-05   -1.0279E-03   
2.3855E-03   -8.3510E-06   
6.7119E-05   -1.0422E-03   
2.4229E-03   -9.0665E-06   
6.9485E-05   -1.0580E-03   
2.4647E-03   -9.8442E-06   
7.1972E-05   -1.0751E-03   
2.5110E-03   -1.0591E-05   
7.4499E-05   -1.0938E-03   
2.5616E-03   -1.1449E-05   
7.7050E-05   -1.1140E-03   
2.6163E-03   -1.2380E-05   
7.9541E-05   -1.1356E-03   
2.6756E-03   -1.3463E-05   
8.2907E-05   -1.1587E-03   
2.7400E-03   -1.4444E-05   
8.6886E-05   -1.1836E-03   
2.8097E-03   -1.5152E-05   
8.9006E-05   -1.2105E-03   
2.8845E-03   -1.5822E-05   
9.1206E-05   -1.2390E-03   
2.9649E-03   -1.6487E-05   
9.7665E-05   -1.2697E-03   
3.0513E-03   -1.6787E-05   
1.0146E-04   -1.3031E-03   
3.1408E-03   -1.6424E-05   
1.0214E-04   -1.3385E-03   
3.2336E-03   -1.6996E-05   
1.0607E-04   -1.3754E-03   
3.3332E-03   -1.7202E-05   
1.1231E-04   -1.4151E-03   
1.1365E-03   -6.2840E-04   
1.7718E-03   -3.6811E-04   
1.9627E-03   -2.6349E-04   
8.4343E-04   -7.1588E-04   
2.1862E-03   -5.9371E-05   
2.2816E-04   -8.2326E-04   
1.4714E-03   -5.0134E-04   
2.1502E-03   -1.1491E-04   
3.8504E-04   -8.0668E-04   
6.1676E-04   -7.6824E-04   
5.4031E-04   -7.8264E-04   
1.6592E-03   -4.2151E-04   
1.2772E-03   -5.7937E-04   
2.0725E-03   -1.8823E-04   
2.1019E-03   -1.6367E-04   
1.3448E-03   -5.5400E-04   
1.5981E-03   -4.4793E-04   
2.0027E-03   -2.3812E-04   
1.9194E-03   -2.8920E-04   
9.1781E-04   -6.9569E-04   
6.9287E-04   -7.5224E-04   
1.4024E-04   -8.3169E-04   
9.9149E-04   -6.7429E-04   
1.4088E-03   -5.2784E-04   
1.5349E-03   -4.7443E-04   
2.0394E-03   -2.1304E-04   
2.1278E-03   -1.3925E-04   
1.0645E-03   -6.5182E-04   
1.8238E-03   -3.4155E-04   
4.6301E-04   -7.9549E-04   
7.6849E-04   -7.3476E-04   
1.8731E-03   -3.1524E-04   
2.1695E-03   -8.9751E-05   
3.0612E-04   -8.1596E-04   
1.7169E-03   -3.9489E-04   
1.2076E-03   -6.0423E-04   
6.5444E-05   -8.4611E-04   
1.2511E-04   -8.6582E-04   
1.1943E-04   -8.7958E-04   
1.1432E-04   -8.9056E-04   
1.0964E-04   -8.9993E-04   
1.0674E-04   -9.0789E-04   
1.0518E-04   -9.1485E-04   
1.0444E-04   -9.2114E-04   
2.2007E-03   -2.6555E-05   
1.0429E-04   -9.2704E-04   
1.0461E-04   -9.3278E-04   
2.2013E-03   -3.3813E-05   
1.0537E-04   -9.3856E-04   
2.2060E-03   -2.7745E-05   
1.0656E-04   -9.4455E-04   
2.2121E-03   -2.2535E-05   
1.0816E-04   -9.5091E-04   
2.2198E-03   -1.8893E-05   
1.1014E-04   -9.5780E-04   
2.2297E-03   -1.6466E-05   
1.1241E-04   -9.6534E-04   
2.2424E-03   -1.4955E-05   
1.1530E-04   -9.7360E-04   
2.2582E-03   -1.4234E-05   
1.1872E-04   -9.8274E-04   
2.2776E-03   -1.4147E-05   
1.2197E-04   -9.9296E-04   
2.3006E-03   -1.4538E-05   
1.2498E-04   -1.0043E-03   
2.3278E-03   -1.5285E-05   
1.2817E-04   -1.0166E-03   
2.3593E-03   -1.6391E-05   
1.3194E-04   -1.0302E-03   
2.3949E-03   -1.7779E-05   
1.3640E-04   -1.0451E-03   
2.4349E-03   -1.9353E-05   
1.4137E-04   -1.0616E-03   
2.4799E-03   -2.0764E-05   
1.4653E-04   -1.0795E-03   
2.5285E-03   -2.1891E-05   
1.5167E-04   -1.0990E-03   
2.5792E-03   -2.3914E-05   
1.5589E-04   -1.1199E-03   
2.6349E-03   -2.5744E-05   
1.5898E-04   -1.1418E-03   
2.6955E-03   -2.8351E-05   
1.6870E-04   -1.1644E-03   
2.7629E-03   -2.9944E-05   
1.7738E-04   -1.1902E-03   
2.8355E-03   -3.0990E-05   
1.7730E-04   -1.2182E-03   
2.9131E-03   -3.2524E-05   
1.8529E-04   -1.2460E-03   
2.9994E-03   -3.3591E-05   
2.1125E-04   -1.2775E-03   
3.0921E-03   -3.3534E-05   
2.0346E-04   -1.3152E-03   
3.1773E-03   -3.1122E-05   
2.0711E-04   -1.3506E-03   
3.2685E-03   -3.7300E-05   
2.1764E-04   -1.3876E-03   
3.4383E-03   -1.8129E-05   
1.4714E-03   -4.6664E-04   
1.5390E-03   -4.3751E-04   
1.2803E-03   -5.5159E-04   
1.6031E-03   -4.1018E-04   
1.2111E-03   -5.7840E-04   
5.5558E-04   -7.8382E-04   
6.2976E-04   -7.6646E-04   
7.0367E-04   -7.4745E-04   
7.7725E-04   -7.2690E-04   
8.5052E-04   -7.0488E-04   
4.8015E-04   -7.9971E-04   
9.2352E-04   -6.8152E-04   
1.1403E-03   -6.0518E-04   
1.6650E-03   -3.8312E-04   
9.9623E-04   -6.5698E-04   
1.0686E-03   -6.3148E-04   
4.0244E-04   -8.1424E-04   
1.7237E-03   -3.5573E-04   
2.0517E-03   -1.7892E-04   
2.0850E-03   -1.5604E-04   
2.1140E-03   -1.3382E-04   
2.0147E-03   -2.0237E-04   
3.2496E-04   -8.2652E-04   
1.7796E-03   -3.2860E-04   
1.9741E-03   -2.2633E-04   
1.8830E-03   -2.7610E-04   
1.8327E-03   -3.0204E-04   
1.9302E-03   -2.5092E-04   
2.5205E-04   -8.3425E-04   
1.8978E-04   -8.4000E-04   
2.1392E-03   -1.1177E-04   
2.1614E-03   -8.9354E-05   
2.1807E-03   -6.6422E-05   
1.3024E-04   -8.5175E-04   
1.7997E-04   -8.7798E-04   
1.6876E-04   -8.8886E-04   
1.6216E-04   -8.9752E-04   
1.5871E-04   -9.0478E-04   
1.5703E-04   -9.1116E-04   
1.5645E-04   -9.1703E-04   
2.1958E-03   -4.2178E-05   
1.5666E-04   -9.2267E-04   
1.5755E-04   -9.2828E-04   
2.1860E-03   -4.8062E-05   
1.5907E-04   -9.3405E-04   
2.1920E-03   -3.7741E-05   
1.6122E-04   -9.4013E-04   
2.1986E-03   -3.1214E-05   
1.6395E-04   -9.4669E-04   
2.2071E-03   -2.6846E-05   
1.6705E-04   -9.5385E-04   
2.2183E-03   -2.4072E-05   
1.7119E-04   -9.6153E-04   
2.2328E-03   -2.2407E-05   
1.7784E-04   -9.6976E-04   
2.2506E-03   -2.1893E-05   
1.8297E-04   -9.7950E-04   
2.2717E-03   -2.2252E-05   
1.8600E-04   -9.9056E-04   
2.2972E-03   -2.3123E-05   
1.9010E-04   -1.0024E-03   
2.3274E-03   -2.4449E-05   
1.9455E-04   -1.0154E-03   
2.3611E-03   -2.6427E-05   
2.0049E-04   -1.0294E-03   
2.3991E-03   -2.8827E-05   
2.0843E-04   -1.0449E-03   
2.4431E-03   -3.1105E-05   
2.1654E-04   -1.0620E-03   
2.4933E-03   -3.2769E-05   
2.2435E-04   -1.0809E-03   
2.5411E-03   -3.2775E-05   
2.3092E-04   -1.1016E-03   
2.5876E-03   -3.9004E-05   
2.3310E-04   -1.1240E-03   
2.2870E-04   -1.1450E-03   
2.6764E-04   -1.1967E-03   
2.8529E-03   -4.8130E-05   
2.9832E-04   -1.2922E-03   
3.1110E-04   -1.3568E-03   
3.0328E-03   -5.1805E-05   
3.5539E-03   -1.9440E-05   
2.1255E-03   -1.0905E-04   
2.1500E-03   -8.8632E-05   
2.1723E-03   -6.7875E-05   
1.3485E-03   -4.9952E-04   
1.2893E-03   -5.2327E-04   
4.9769E-04   -8.0042E-04   
4.2072E-04   -8.1831E-04   
7.8840E-04   -7.1620E-04   
5.7158E-04   -7.8156E-04   
8.6050E-04   -6.9130E-04   
6.4424E-04   -7.6132E-04   
1.2200E-03   -5.5199E-04   
1.6147E-03   -3.7644E-04   
7.1640E-04   -7.3957E-04   
2.0289E-03   -1.7086E-04   
1.9880E-03   -1.9351E-04   
9.3268E-04   -6.6510E-04   
1.0049E-03   -6.3779E-04   
1.8452E-03   -2.6626E-04   
1.8960E-03   -2.4111E-04   
2.0663E-03   -1.4880E-04   
3.4060E-04   -8.3450E-04   
2.0983E-03   -1.2865E-04   
1.1489E-03   -5.8092E-04   
1.7914E-03   -2.9252E-04   
1.0772E-03   -6.0965E-04   
1.9437E-03   -2.1691E-04   
1.6757E-03   -3.4779E-04   
1.7348E-03   -3.1977E-04   
2.3151E-04   -8.7520E-04   
2.1911E-04   -8.8472E-04   
2.1315E-04   -8.9224E-04   
2.1011E-04   -8.9866E-04   
2.0882E-04   -9.0444E-04   
2.0873E-04   -9.0991E-04   
2.0961E-04   -9.1530E-04   
2.1133E-04   -9.2081E-04   
2.1883E-03   -5.1262E-05   
2.1670E-03   -5.6133E-05   
2.1384E-04   -9.2659E-04   
2.1720E-03   -4.6430E-05   
2.1716E-04   -9.3280E-04   
2.1794E-03   -3.9347E-05   
2.2107E-04   -9.3955E-04   
2.1889E-03   -3.4870E-05   
2.2560E-04   -9.4681E-04   
2.2016E-03   -3.2235E-05   
2.3184E-04   -9.5434E-04   
2.2188E-03   -3.0495E-05   
2.4898E-04   -9.6147E-04   
2.2374E-03   -3.0733E-05   
2.4641E-04   -9.7400E-04   
2.2600E-03   -3.1778E-05   
2.5148E-04   -9.8538E-04   
2.2897E-03   -3.3165E-05   
2.5650E-04   -9.9818E-04   
2.3226E-03   -3.4976E-05   
2.7163E-04   -1.0255E-03   
3.0859E-04   -1.1297E-03   
2.3979E-03   -4.1973E-05   
2.8539E-04   -1.0411E-03   
2.9583E-04   -1.0596E-03   
3.1420E-04   -1.1028E-03   
2.6496E-03   -3.8495E-05   
2.7862E-03   -4.4223E-05   
2.8676E-03   -6.7687E-05   
2.4492E-03   -4.4928E-05   
4.1161E-04   -1.3243E-03   
2.9597E-03   -7.0077E-05   
3.1168E-04   -1.2653E-03   
2.5654E-03   -5.4959E-05   
3.7019E-04   -1.1724E-03   
2.1602E-03   -6.9648E-05   
2.1341E-03   -8.9667E-05   
2.1104E-03   -1.0773E-04   
1.5086E-03   -3.9937E-04   
1.4839E-03   -4.3129E-04   
1.5647E-03   -3.7263E-04   
1.2365E-03   -5.2501E-04   
2.0454E-03   -1.4292E-04   
5.1850E-04   -7.9711E-04   
2.0829E-03   -1.2194E-04   
4.4285E-04   -8.1789E-04   
3.6426E-04   -8.3712E-04   
5.9076E-04   -7.7559E-04   
8.0205E-04   -7.0313E-04   
7.3120E-04   -7.2909E-04   
1.1628E-03   -5.5584E-04   
6.6124E-04   -7.5311E-04   
8.7351E-04   -6.7563E-04   
1.6277E-03   -3.4374E-04   
1.8607E-03   -2.3415E-04   
2.0040E-03   -1.6462E-04   
9.4540E-04   -6.4687E-04   
1.9118E-03   -2.0994E-04   
1.9596E-03   -1.8685E-04   
1.8065E-03   -2.5973E-04   
1.0177E-03   -6.1713E-04   
1.0902E-03   -5.8670E-04   
1.7493E-03   -2.8665E-04   
1.6895E-03   -3.1479E-04   
2.2922E-04   -8.5727E-04   
2.7506E-04   -8.7044E-04   
2.6787E-04   -8.7772E-04   
2.6358E-04   -8.8397E-04   
2.6144E-04   -8.8955E-04   
2.6091E-04   -8.9476E-04   
2.6166E-04   -8.9984E-04   
2.6346E-04   -9.0502E-04   
2.6621E-04   -9.1045E-04   
2.1380E-03   -6.6599E-05   
2.6998E-04   -9.1627E-04   
2.1471E-03   -5.4438E-05   
2.7471E-04   -9.2256E-04   
2.7970E-04   -9.2956E-04   
2.1553E-03   -4.7673E-05   
2.1653E-03   -4.3749E-05   
2.8324E-04   -9.3755E-04   
2.1782E-03   -4.2185E-05   
2.9936E-04   -9.5761E-04   
2.2130E-03   -4.2440E-05   
3.1149E-04   -9.6559E-04   
2.2799E-03   -4.4919E-05   
2.2454E-03   -4.3236E-05   
3.2165E-04   -9.7767E-04   
3.5625E-04   -1.0149E-03   
2.6072E-04   -1.0120E-03   
3.6776E-04   -1.0346E-03   
3.8154E-04   -1.0541E-03   
3.8461E-04   -1.2703E-03   
3.7901E-04   -1.2409E-03   
3.9657E-04   -1.0757E-03   
2.3938E-03   -5.7820E-05   
2.6252E-03   -5.1870E-05   
2.5104E-03   -6.6723E-05   
2.7730E-03   -6.3423E-05   
2.4498E-03   -6.1473E-05   
2.3569E-03   -3.8406E-05   
4.1553E-04   -1.1016E-03   
3.5389E-04   -1.2104E-03   
3.8969E-04   -1.1378E-03   
3.0554E-03   -7.1902E-05   
3.9336E-04   -1.3596E-03   
3.7246E-04   -1.2986E-03   
2.8826E-03   -8.8820E-05   
1.4381E-03   -4.1956E-04   
2.1425E-03   -7.4319E-05   
2.0627E-03   -1.1830E-04   
5.4431E-04   -7.8942E-04   
2.0207E-03   -1.3955E-04   
4.7255E-04   -8.1217E-04   
3.2669E-04   -8.5077E-04   
1.1820E-03   -5.2932E-04   
7.4802E-04   -7.1645E-04   
6.7918E-04   -7.4281E-04   
6.1240E-04   -7.6677E-04   
1.5792E-03   -3.4518E-04   
8.1842E-04   -6.8810E-04   
1.8788E-03   -2.0550E-04   
8.8971E-04   -6.5825E-04   
1.9296E-03   -1.8242E-04   
1.9767E-03   -1.6057E-04   
1.8244E-03   -2.3017E-04   
9.6176E-04   -6.2720E-04   
1.1076E-03   -5.6265E-04   
1.6439E-03   -3.1391E-04   
1.7669E-03   -2.5649E-04   
1.0345E-03   -5.9526E-04   
1.7066E-03   -2.8447E-04   
3.3023E-04   -8.5486E-04   
3.2363E-04   -8.6122E-04   
1.3438E-03   -4.5977E-04   
3.1819E-04   -8.6720E-04   
1.2598E-03   -4.9486E-04   
3.1463E-04   -8.7259E-04   
3.1331E-04   -8.7749E-04   
3.1376E-04   -8.8217E-04   
3.1556E-04   -8.8691E-04   
3.1853E-04   -8.9190E-04   
3.2267E-04   -8.9726E-04   
3.6918E-04   -9.4147E-04   
2.1128E-03   -7.1077E-05   
3.2802E-04   -9.0306E-04   
3.3444E-04   -9.0951E-04   
2.1192E-03   -6.2501E-05   
3.4092E-04   -9.1724E-04   
2.1264E-03   -5.7079E-05   
2.1352E-03   -5.4454E-05   
2.8472E-04   -9.4537E-04   
2.1959E-03   -5.4954E-05   
3.8520E-04   -9.5323E-04   
3.8428E-04   -9.9045E-04   
2.5908E-03   -7.1695E-05   
2.4420E-03   -8.0652E-05   
2.2729E-03   -5.9826E-05   
4.5503E-04   -1.0252E-03   
2.2293E-03   -5.6847E-05   
4.7594E-04   -1.0443E-03   
3.2413E-04   -9.9276E-04   
4.6369E-04   -1.2809E-03   
4.9257E-04   -1.0660E-03   
2.6803E-03   -6.9897E-05   
4.7691E-04   -1.1447E-03   
4.6149E-04   -1.1791E-03   
2.3391E-03   -5.4366E-05   
4.7569E-04   -1.2432E-03   
4.3863E-04   -1.0074E-03   
2.3866E-03   -7.5881E-05   
2.9769E-03   -9.1103E-05   
2.7943E-03   -8.5266E-05   
2.0738E-03   -9.9838E-05   
2.0349E-03   -1.1911E-04   
2.1077E-03   -9.3296E-05   
4.3836E-04   -8.2427E-04   
5.7330E-04   -7.7884E-04   
1.5276E-03   -3.4969E-04   
6.9786E-04   -7.3085E-04   
1.9928E-03   -1.3864E-04   
6.3037E-04   -7.5753E-04   
7.6707E-04   -7.0206E-04   
2.6633E-04   -8.5851E-04   
8.3756E-04   -6.7149E-04   
1.1296E-03   -5.3763E-04   
1.8448E-03   -2.0370E-04   
1.9473E-03   -1.5902E-04   
1.8980E-03   -1.8056E-04   
1.5970E-03   -3.1667E-04   
9.0919E-04   -6.3946E-04   
1.7873E-03   -2.2915E-04   
9.8176E-04   -6.0634E-04   
1.0553E-03   -5.7236E-04   
1.6631E-03   -2.8568E-04   
1.7266E-03   -2.5656E-04   
1.2072E-03   -5.0161E-04   
3.8292E-04   -8.4238E-04   
3.7594E-04   -8.4803E-04   
3.6916E-04   -8.5370E-04   
3.9262E-04   -8.3545E-04   
3.6628E-04   -8.5838E-04   
1.2882E-03   -4.6446E-04   
1.3724E-03   -4.2579E-04   
3.6607E-04   -8.6259E-04   
2.1030E-03   -8.2814E-05   
1.4533E-03   -3.8673E-04   
3.6774E-04   -8.6678E-04   
3.7090E-04   -8.7120E-04   
3.8123E-04   -8.8122E-04   
2.0829E-03   -7.8705E-05   
3.8904E-04   -8.8686E-04   
3.9991E-04   -8.9297E-04   
2.0854E-03   -7.2580E-05   
2.0920E-03   -6.8316E-05   
3.9161E-04   -9.2141E-04   
4.0490E-04   -9.6672E-04   
2.1715E-03   -7.0002E-05   
2.3358E-03   -7.1788E-05   
5.4722E-04   -1.0105E-03   
3.3889E-04   -9.2834E-04   
2.5013E-03   -8.6745E-05   
4.4342E-04   -9.2721E-04   
2.3723E-03   -9.6124E-05   
4.3058E-04   -9.9199E-04   
5.6395E-04   -1.1506E-03   
5.2060E-04   -9.9477E-04   
5.1494E-04   -1.0829E-03   
2.2934E-03   -6.9787E-05   
2.7208E-03   -8.2672E-05   
2.2056E-03   -7.3645E-05   
4.9647E-04   -1.1103E-03   
4.6347E-04   -1.2110E-03   
2.8017E-03   -1.0798E-04   
3.0640E-03   -9.1564E-05   
4.8623E-04   -1.3458E-03   
5.9340E-04   -1.2464E-03   
2.6503E-03   -5.9878E-05   
2.0061E-03   -1.2139E-04   
5.7618E-04   -7.7616E-04   
1.1562E-03   -5.1187E-04   
6.5054E-04   -7.4630E-04   
7.1927E-04   -7.1707E-04   
1.9632E-03   -1.4032E-04   
7.8874E-04   -6.8617E-04   
1.5491E-03   -3.2311E-04   
1.8670E-03   -1.8049E-04   
1.9178E-03   -1.5966E-04   
8.5971E-04   -6.5354E-04   
1.8102E-03   -2.0458E-04   
1.0798E-03   -5.4867E-04   
9.3201E-04   -6.1953E-04   
1.6188E-03   -2.9035E-04   
1.0055E-03   -5.8450E-04   
1.7495E-03   -2.3109E-04   
1.6855E-03   -2.5976E-04   
4.4351E-04   -8.2470E-04   
4.2500E-04   -8.3331E-04   
2.0794E-03   -8.7239E-05   
4.2011E-04   -8.3769E-04   
1.3980E-03   -3.9601E-04   
1.2357E-03   -4.7378E-04   
1.4756E-03   -3.5844E-04   
4.1911E-04   -8.4129E-04   
4.2029E-04   -8.4487E-04   
1.3171E-03   -4.3494E-04   
4.2346E-04   -8.4860E-04   
4.2830E-04   -8.5267E-04   
4.3459E-04   -8.5723E-04   
2.1008E-03   -6.6771E-05   
4.4309E-04   -8.6210E-04   
4.1437E-04   -9.0085E-04   
4.5531E-04   -8.6683E-04   
2.0402E-03   -9.1773E-05   
2.2755E-03   -8.5955E-05   
2.0460E-03   -8.4825E-05   
4.6283E-04   -9.3689E-04   
4.7230E-04   -9.6606E-04   
2.1421E-03   -6.8000E-05   
4.3534E-04   -9.1707E-04   
2.2392E-03   -7.9888E-05   
5.9706E-04   -9.8022E-04   
6.0270E-04   -1.0763E-03   
5.0122E-04   -9.7901E-04   
5.7090E-04   -1.0583E-03   
2.1402E-03   -8.8514E-05   
2.6356E-03   -9.4072E-05   
6.7209E-04   -1.1185E-03   
2.7183E-03   -1.0285E-04   
5.4174E-04   -1.1823E-03   
2.8049E-03   -1.3299E-04   
6.0849E-04   -1.3249E-03   
3.0045E-03   -1.1499E-04   
3.1496E-03   -7.7575E-05   
6.7737E-04   -1.2724E-03   
2.5514E-03   -9.5972E-05   
2.0188E-03   -1.0716E-04   
5.0721E-04   -8.0184E-04   
6.1119E-04   -7.6027E-04   
6.7588E-04   -7.3226E-04   
1.1078E-03   -5.2457E-04   
7.4341E-04   -7.0171E-04   
1.9364E-03   -1.4367E-04   
1.8929E-03   -1.5950E-04   
8.1323E-04   -6.6898E-04   
4.7431E-04   -8.1484E-04   
1.8364E-03   -1.8217E-04   
1.5742E-03   -2.9796E-04   
8.8497E-04   -6.3447E-04   
1.0323E-03   -5.6203E-04   
1.7753E-03   -2.0784E-04   
9.5814E-04   -5.9868E-04   
1.6440E-03   -2.6574E-04   
1.7110E-03   -2.3572E-04   
4.7371E-04   -8.1626E-04   
1.1860E-03   -4.8593E-04   
1.4253E-03   -3.6895E-04   
1.5012E-03   -3.3247E-04   
4.7360E-04   -8.1836E-04   
1.3463E-03   -4.0734E-04   
4.7344E-04   -8.2145E-04   
4.7633E-04   -8.2441E-04   
1.2660E-03   -4.4660E-04   
2.0537E-03   -9.3062E-05   
4.9689E-04   -8.3550E-04   
4.8141E-04   -8.2761E-04   
2.0523E-03   -8.1782E-05   
4.8826E-04   -8.3128E-04   
2.1414E-03   -5.5118E-05   
4.7355E-04   -8.9325E-04   
4.7168E-04   -8.7152E-04   
5.0053E-04   -8.9941E-04   
5.0886E-04   -8.3956E-04   
1.9979E-03   -1.0369E-04   
2.1732E-03   -9.3881E-05   
2.1099E-03   -8.5094E-05   
5.0919E-04   -9.1112E-04   
5.8529E-04   -9.6303E-04   
6.6037E-04   -1.0355E-03   
2.7190E-03   -1.2772E-04   
2.2087E-03   -1.0043E-04   
5.6108E-04   -9.4793E-04   
2.4809E-03   -1.0930E-04   
6.9259E-04   -1.0799E-03   
2.5447E-03   -1.2019E-04   
6.5231E-04   -1.1615E-03   
4.8546E-04   -9.4474E-04   
2.8990E-03   -1.3766E-04   
2.3204E-03   -9.1008E-05   
3.2495E-03   -6.2042E-05   
7.4176E-04   -1.2202E-03   
5.2074E-04   -7.9695E-04   
1.9744E-03   -1.2620E-04   
6.3805E-04   -7.4683E-04   
7.0297E-04   -7.1708E-04   
7.7065E-04   -6.8495E-04   
1.0620E-03   -5.3926E-04   
1.9312E-03   -1.3659E-04   
5.5868E-04   -7.8176E-04   
1.8669E-03   -1.6103E-04   
1.1389E-03   -5.0029E-04   
8.4112E-04   -6.5048E-04   
1.8038E-03   -1.8662E-04   
9.1372E-04   -6.1427E-04   
9.8743E-04   -5.7709E-04   
1.6022E-03   -2.7435E-04   
1.7393E-03   -2.1357E-04   
1.6721E-03   -2.4274E-04   
5.3469E-04   -7.9189E-04   
1.3771E-03   -3.8156E-04   
1.5296E-03   -3.0819E-04   
1.4545E-03   -3.4398E-04   
2.1174E-03   -6.6446E-05   
5.2752E-04   -7.9681E-04   
1.2178E-03   -4.6053E-04   
5.2980E-04   -7.9891E-04   
1.2976E-03   -4.2070E-04   
2.0024E-03   -9.9149E-05   
5.5083E-04   -8.0724E-04   
5.3489E-04   -8.0111E-04   
5.6231E-04   -8.1085E-04   
5.4197E-04   -8.0384E-04   
5.9076E-04   -8.7516E-04   
1.9870E-03   -1.1333E-04   
2.0595E-03   -8.1655E-05   
5.2445E-04   -8.4346E-04   
2.2044E-03   -3.8455E-05   
6.2257E-04   -9.1093E-04   
2.0839E-03   -8.3422E-05   
2.2982E-03   -1.1323E-04   
2.2495E-03   -1.0693E-04   
2.1368E-03   -1.1661E-04   
2.1031E-03   -1.1023E-04   
2.4444E-03   -1.3428E-04   
2.0724E-03   -1.0539E-04   
5.3800E-04   -9.3723E-04   
6.8536E-04   -9.4511E-04   
4.8840E-04   -8.7567E-04   
5.5208E-04   -8.6979E-04   
7.1116E-04   -9.9455E-04   
2.5682E-03   -1.4205E-04   
7.1035E-04   -1.0470E-03   
5.5016E-04   -9.1406E-04   
2.8061E-03   -1.6008E-04   
6.8584E-04   -1.1952E-03   
3.3745E-03   -3.2656E-05   
7.8090E-04   -1.0811E-03   
3.2425E-03   -8.5383E-05   
2.7180E-03   -1.5465E-04   
2.4277E-03   -1.0134E-04   
7.6585E-04   -1.1185E-03   
5.7691E-04   -7.7362E-04   
6.6840E-04   -7.3154E-04   
7.3291E-04   -7.0069E-04   
1.0944E-03   -5.1646E-04   
1.8997E-03   -1.4082E-04   
8.0070E-04   -6.6709E-04   
1.0193E-03   -5.5526E-04   
1.8333E-03   -1.6776E-04   
8.7246E-04   -6.3078E-04   
9.4559E-04   -5.9328E-04   
1.7705E-03   -1.9331E-04   
1.4094E-03   -3.5761E-04   
1.6325E-03   -2.5251E-04   
1.7034E-03   -2.2130E-04   
1.5597E-03   -2.8598E-04   
5.7729E-04   -7.7396E-04   
1.4856E-03   -3.2091E-04   
1.9541E-03   -1.2178E-04   
1.1720E-03   -4.7651E-04   
1.3308E-03   -3.9629E-04   
5.8386E-04   -7.7256E-04   
1.2512E-03   -4.3619E-04   
5.8930E-04   -7.7334E-04   
6.1651E-04   -7.8050E-04   
6.0519E-04   -7.7751E-04   
1.9521E-03   -1.1844E-04   
5.9618E-04   -7.7508E-04   
2.0070E-03   -9.7798E-05   
2.1689E-03   -5.5431E-05   
5.7526E-04   -8.1508E-04   
2.0456E-03   -1.0224E-04   
2.0614E-03   -1.3488E-04   
5.3202E-04   -8.6512E-04   
2.0604E-03   -8.5464E-05   
2.0301E-03   -1.2890E-04   
2.0952E-03   -1.4258E-04   
7.0225E-04   -8.9622E-04   
2.3548E-03   -1.1851E-04   
2.2181E-03   -1.3172E-04   
5.4845E-04   -8.4644E-04   
2.3457E-03   -1.4555E-04   
7.8680E-04   -1.0032E-03   
6.4945E-04   -9.8504E-04   
7.4494E-04   -9.0187E-04   
6.4834E-04   -8.7708E-04   
2.7148E-03   -1.8371E-04   
2.8973E-03   -1.6537E-04   
8.1198E-04   -1.0362E-03   
7.7276E-04   -1.1518E-03   
3.3269E-03   -7.1043E-05   
8.5320E-04   -1.0833E-03   
6.0516E-04   -7.6089E-04   
7.0259E-04   -7.1456E-04   
1.0530E-03   -5.3375E-04   
7.6197E-04   -6.8484E-04   
1.8555E-03   -1.5511E-04   
1.1287E-03   -4.9416E-04   
8.3318E-04   -6.4848E-04   
9.7926E-04   -5.7240E-04   
1.8026E-03   -1.7580E-04   
1.4432E-03   -3.3566E-04   
9.0592E-04   -6.1073E-04   
1.3657E-03   -3.7348E-04   
6.4138E-04   -7.4421E-04   
1.7400E-03   -2.0140E-04   
1.5902E-03   -2.6658E-04   
1.5177E-03   -3.0020E-04   
6.4698E-04   -7.4348E-04   
1.2863E-03   -4.1314E-04   
1.2069E-03   -4.5367E-04   
1.9538E-03   -1.1608E-04   
2.0244E-03   -1.0066E-04   
6.7131E-04   -7.4876E-04   
6.5175E-04   -7.4500E-04   
5.9520E-04   -8.4037E-04   
6.6012E-04   -7.4660E-04   
2.0125E-03   -9.9212E-05   
6.2923E-04   -7.8446E-04   
7.8534E-04   -8.6511E-04   
1.9836E-03   -1.5553E-04   
5.8575E-04   -8.2055E-04   
2.0148E-03   -1.6288E-04   
2.0018E-03   -1.2461E-04   
2.1334E-03   -1.5172E-04   
7.1657E-04   -8.7065E-04   
9.6214E-04   -1.0589E-03   
8.0508E-04   -9.0599E-04   
2.3951E-03   -1.6300E-04   
2.2731E-03   -1.3906E-04   
2.8958E-03   -1.9359E-04   
6.7897E-04   -8.4760E-04   
8.6779E-04   -1.1090E-03   
2.6274E-03   -1.7765E-04   
2.9904E-03   -1.4400E-04   
8.8744E-04   -9.8982E-04   
7.7447E-04   -9.4643E-04   
8.1525E-04   -9.6352E-04   
2.7091E-03   -2.1524E-04   
1.9006E-03   -1.3635E-04   
1.0882E-03   -5.1299E-04   
1.0144E-03   -5.5206E-04   
7.1577E-04   -7.0816E-04   
1.7190E-03   -2.0807E-04   
1.9624E-03   -1.1925E-04   
7.9462E-04   -6.6787E-04   
1.4024E-03   -3.5245E-04   
1.8398E-03   -1.5886E-04   
1.4783E-03   -3.1588E-04   
1.7742E-03   -1.8517E-04   
8.6763E-04   -6.2967E-04   
1.3234E-03   -3.9151E-04   
1.1648E-03   -4.7282E-04   
1.2436E-03   -4.3200E-04   
7.0972E-04   -7.1359E-04   
1.6132E-03   -2.5391E-04   
1.5506E-03   -2.8212E-04   
7.2640E-04   -7.1618E-04   
7.1574E-04   -7.1500E-04   
6.3924E-04   -7.9157E-04   
6.8445E-04   -7.5189E-04   
1.9566E-03   -1.1660E-04   
7.4760E-04   -8.1255E-04   
1.9772E-03   -1.2190E-04   
1.9334E-03   -1.8526E-04   
7.3815E-04   -8.3913E-04   
1.9544E-03   -1.5015E-04   
2.0478E-03   -1.7239E-04   
2.5374E-03   -1.7074E-04   
2.1807E-03   -1.6104E-04   
8.4891E-04   -8.6566E-04   
6.3857E-04   -8.0748E-04   
6.1844E-04   -8.4526E-04   
2.4880E-03   -1.5122E-04   
2.3027E-03   -1.8030E-04   
8.6835E-04   -9.0453E-04   
9.7732E-04   -1.0947E-03   
1.0073E-03   -1.0084E-03   
8.1180E-04   -8.2947E-04   
2.6349E-03   -1.4852E-04   
2.8041E-03   -2.1813E-04   
2.9873E-03   -1.7049E-04   
3.0746E-03   -1.2760E-04   
8.8904E-04   -9.2273E-04   
9.8800E-04   -9.5749E-04   
1.7429E-03   -1.9769E-04   
9.7655E-04   -5.7228E-04   
1.0489E-03   -5.3369E-04   
1.8999E-03   -1.3887E-04   
1.5901E-03   -2.6383E-04   
1.5165E-03   -2.9750E-04   
1.7969E-03   -1.7585E-04   
1.1241E-03   -4.9381E-04   
1.4410E-03   -3.3319E-04   
1.3628E-03   -3.7138E-04   
9.0544E-04   -6.1031E-04   
1.2826E-03   -4.1162E-04   
1.2025E-03   -4.5279E-04   
7.6361E-04   -6.8489E-04   
7.7138E-04   -6.8353E-04   
7.8115E-04   -6.8360E-04   
7.4000E-04   -7.1813E-04   
6.9683E-04   -7.5753E-04   
8.2998E-04   -6.5057E-04   
1.8993E-03   -1.3624E-04   
1.8765E-03   -1.7432E-04   
1.6683E-03   -2.2907E-04   
1.9036E-03   -1.7890E-04   
7.4172E-04   -7.9578E-04   
6.8040E-04   -8.0860E-04   
9.5908E-04   -8.7782E-04   
1.9643E-03   -1.9363E-04   
7.0592E-04   -7.6723E-04   
1.8978E-03   -1.4667E-04   
8.9805E-04   -8.1984E-04   
2.0823E-03   -1.8513E-04   
8.3671E-04   -7.9047E-04   
2.3558E-03   -1.9006E-04   
2.4668E-03   -1.9863E-04   
2.2406E-03   -1.6989E-04   
3.1652E-03   -1.2715E-04   
1.0452E-03   -9.1077E-04   
9.9868E-04   -8.9430E-04   
1.0877E-03   -1.0123E-03   
2.7127E-03   -2.4680E-04   
1.0072E-03   -1.1299E-03   
2.8904E-03   -2.2221E-04   
3.0814E-03   -1.4954E-04   
1.7828E-03   -1.8308E-04   
1.0092E-03   -5.5695E-04   
9.3898E-04   -5.9442E-04   
1.5585E-03   -2.7998E-04   
1.8426E-03   -1.5855E-04   
1.4826E-03   -3.1530E-04   
1.0838E-03   -5.1722E-04   
1.4049E-03   -3.5263E-04   
1.1622E-03   -4.7584E-04   
1.3245E-03   -3.9248E-04   
8.3441E-04   -6.5205E-04   
1.2428E-03   -4.3398E-04   
7.9532E-04   -6.8380E-04   
1.7120E-03   -2.1249E-04   
1.8217E-03   -2.0536E-04   
8.8090E-04   -6.2535E-04   
7.6709E-04   -7.2962E-04   
8.1189E-04   -6.8551E-04   
7.8068E-04   -7.6092E-04   
1.6351E-03   -2.4552E-04   
1.8520E-03   -2.0983E-04   
2.3684E-03   -2.1550E-04   
1.8358E-03   -1.6518E-04   
1.8822E-03   -2.1651E-04   
8.2548E-04   -7.6568E-04   
1.9927E-03   -2.0526E-04   
2.1347E-03   -1.9626E-04   
1.8508E-03   -1.7239E-04   
1.1123E-03   -8.6196E-04   
9.0949E-04   -7.8490E-04   
1.0107E-03   -7.8486E-04   
2.4358E-03   -1.8096E-04   
3.1973E-03   -1.5492E-04   
1.0691E-03   -8.4358E-04   
2.2041E-03   -2.0494E-04   
2.4467E-03   -2.2733E-04   
2.6206E-03   -2.8332E-04   
1.1111E-03   -9.2278E-04   
1.1322E-03   -9.5929E-04   
2.5893E-03   -2.4874E-04   
3.2340E-03   -1.0635E-04   
2.9877E-03   -1.9767E-04   
8.7243E-04   -1.1830E-03   
9.0838E-04   -8.6951E-04   
9.6672E-04   -5.8376E-04   
8.9750E-04   -6.2002E-04   
1.5274E-03   -2.9870E-04   
1.7618E-03   -1.9641E-04   
1.4499E-03   -3.3537E-04   
1.1211E-03   -5.0198E-04   
8.4853E-04   -6.5045E-04   
1.3693E-03   -3.7475E-04   
8.2838E-04   -6.9045E-04   
1.2030E-03   -4.5910E-04   
7.7697E-04   -7.4130E-04   
1.2862E-03   -4.1640E-04   
1.6042E-03   -2.6360E-04   
8.6785E-04   -6.4893E-04   
1.7657E-03   -2.3938E-04   
1.8251E-03   -1.7498E-04   
1.6801E-03   -2.3023E-04   
1.7956E-03   -2.0181E-04   
1.8088E-03   -2.3803E-04   
1.9139E-03   -2.2473E-04   
1.1901E-03   -8.0935E-04   
9.4312E-04   -7.4602E-04   
1.0496E-03   -7.9564E-04   
9.7571E-04   -7.7536E-04   
2.2525E-03   -2.4817E-04   
2.9732E-03   -2.2478E-04   
1.1594E-03   -1.0212E-03   
8.7509E-04   -7.2307E-04   
1.0132E-03   -8.3357E-04   
2.1725E-03   -2.4164E-04   
2.5268E-03   -2.3016E-04   
3.2708E-03   -1.2288E-04   
3.1051E-03   -2.0206E-04   
2.6541E-03   -3.1163E-04   
1.2642E-03   -9.2006E-04   
9.8435E-04   -1.1826E-03   
2.0943E-03   -2.3558E-04   
7.9035E-04   -1.1789E-03   
1.4976E-03   -3.1965E-04   
1.7765E-03   -1.9881E-04   
1.5748E-03   -2.8359E-04   
1.4177E-03   -3.5822E-04   
1.1624E-03   -4.8736E-04   
9.1981E-04   -6.1451E-04   
7.1583E-04   -7.7726E-04   
8.4142E-04   -7.0040E-04   
1.6511E-03   -2.4917E-04   
8.9114E-04   -6.4894E-04   
1.7358E-03   -2.3549E-04   
1.0416E-03   -5.4407E-04   
1.2480E-03   -4.4313E-04   
1.1387E-03   -7.8571E-04   
1.0620E-03   -7.4202E-04   
1.8250E-03   -2.5002E-04   
1.0042E-03   -7.4216E-04   
8.5142E-04   -7.1439E-04   
9.0835E-04   -7.2529E-04   
8.9821E-04   -7.4673E-04   
1.1269E-03   -7.4665E-04   
1.2229E-03   -8.3639E-04   
2.3359E-03   -2.5691E-04   
2.8716E-03   -2.5727E-04   
2.1397E-03   -2.8057E-04   
1.6620E-03   -2.7695E-04   
1.9847E-03   -2.7242E-04   
2.4356E-03   -2.6697E-04   
1.2838E-03   -9.8167E-04   
1.0561E-03   -1.0521E-03   
2.0632E-03   -2.7487E-04   
2.6180E-03   -2.0914E-04   
1.3318E-03   -9.3137E-04   
1.2091E-03   -9.0893E-04   
2.7728E-03   -3.0147E-04   
2.5317E-03   -3.2525E-04   
1.5471E-03   -3.0508E-04   
1.4716E-03   -3.4147E-04   
1.7089E-03   -2.3263E-04   
9.1083E-04   -6.5537E-04   
1.7154E-03   -2.2078E-04   
1.6233E-03   -2.6999E-04   
1.3887E-03   -3.8262E-04   
9.4848E-04   -6.0909E-04   
1.2092E-03   -4.7279E-04   
1.2984E-03   -4.2755E-04   
1.1618E-03   -7.0015E-04   
1.1003E-03   -7.0020E-04   
9.9703E-04   -5.7447E-04   
9.1995E-04   -6.8819E-04   
9.1863E-04   -6.7099E-04   
9.6651E-04   -6.8315E-04   
1.0785E-03   -5.3155E-04   
1.8738E-03   -2.5827E-04   
1.6025E-03   -3.1880E-04   
1.9565E-03   -3.1071E-04   
9.8201E-04   -7.0340E-04   
1.8915E-03   -2.8354E-04   
1.3126E-03   -8.7056E-04   
2.2161E-03   -2.8893E-04   
1.3165E-03   -7.8023E-04   
1.0348E-03   -9.7023E-04   
1.4106E-03   -9.3795E-04   
1.7514E-03   -2.9211E-04   
2.0285E-03   -3.1496E-04   
1.2458E-03   -7.2121E-04   
1.3855E-03   -8.8108E-04   
1.2252E-03   -1.0353E-03   
2.5719E-03   -3.5258E-04   
2.9027E-03   -2.9178E-04   
1.5259E-03   -3.2419E-04   
1.5962E-03   -2.9234E-04   
1.1223E-03   -5.1814E-04   
9.8886E-04   -6.4866E-04   
1.2614E-03   -4.5877E-04   
1.0837E-03   -6.5862E-04   
9.8920E-04   -6.0290E-04   
1.6377E-03   -3.2714E-04   
1.0352E-03   -5.6421E-04   
1.0050E-03   -6.1740E-04   
1.9458E-03   -2.2979E-04   
1.3571E-03   -4.1194E-04   
1.6649E-03   -2.6075E-04   
1.1402E-03   -6.5670E-04   
1.9211E-03   -3.5131E-04   
1.2009E-03   -6.5579E-04   
1.8960E-03   -3.0881E-04   
9.3651E-04   -1.0017E-03   
1.5150E-03   -9.3763E-04   
2.1005E-03   -3.2229E-04   
1.0962E-03   -1.0711E-03   
1.3873E-03   -6.8166E-04   
1.3513E-03   -8.1533E-04   
1.7820E-03   -3.0937E-04   
2.2947E-03   -2.9996E-04   
1.2980E-03   -1.0514E-03   
1.4123E-03   -7.2000E-04   
1.4425E-03   -8.2678E-04   
1.3679E-03   -9.9116E-04   
2.4442E-03   -3.7017E-04   
1.2235E-03   -6.9819E-04   
3.0403E-03   -2.7863E-04   
1.1722E-03   -5.0420E-04   
1.1818E-03   -6.1116E-04   
1.4617E-03   -3.6071E-04   
1.0856E-03   -5.4984E-04   
1.5284E-03   -3.6450E-04   
1.2638E-03   -6.5699E-04   
1.0418E-03   -6.5874E-04   
2.0580E-03   -3.6626E-04   
1.3154E-03   -4.4730E-04   
1.2414E-03   -6.0991E-04   
1.0629E-03   -5.7483E-04   
1.6688E-03   -3.4197E-04   
1.9886E-03   -3.5782E-04   
1.5603E-03   -3.1986E-04   
1.0553E-03   -6.3184E-04   
1.8062E-03   -3.3072E-04   
1.1431E-03   -8.8093E-04   
1.3223E-03   -6.6525E-04   
1.4446E-03   -7.5072E-04   
1.5000E-03   -7.7051E-04   
1.5292E-03   -8.4217E-04   
1.6528E-03   -8.7963E-04   
2.4892E-03   -4.0301E-04   
1.2143E-03   -1.1103E-03   
2.2453E-03   -3.4459E-04   
3.1343E-03   -2.3757E-04   
1.2236E-03   -4.9232E-04   
1.1378E-03   -5.3585E-04   
1.4237E-03   -3.9862E-04   
1.2827E-03   -5.6364E-04   
1.5561E-03   -3.7837E-04   
1.8411E-03   -3.5132E-04   
1.6988E-03   -3.5983E-04   
1.3060E-03   -6.0941E-04   
1.9479E-03   -4.0255E-04   
1.8806E-03   -3.9465E-04   
2.3236E-03   -3.8344E-04   
2.1295E-03   -3.7744E-04   
1.6303E-03   -7.2681E-04   
1.5370E-03   -6.9432E-04   
1.1214E-03   -6.1714E-04   
2.3643E-03   -3.1667E-04   
2.6827E-03   -3.3538E-04   
2.3588E-03   -4.6300E-04   
1.6590E-03   -8.3420E-04   
1.6568E-03   -9.2613E-04   
1.6767E-03   -7.8684E-04   
1.4451E-03   -6.2035E-04   
1.3611E-03   -1.0751E-03   
3.1709E-03   -2.6603E-04   
1.1854E-03   -5.2766E-04   
1.5151E-03   -3.5186E-04   
1.1418E-03   -5.8287E-04   
1.3571E-03   -4.4374E-04   
1.8267E-03   -4.4898E-04   
1.4381E-03   -4.2010E-04   
1.2739E-03   -4.8446E-04   
1.5862E-03   -3.9544E-04   
1.3462E-03   -5.6124E-04   
1.7478E-03   -4.0277E-04   
1.4189E-03   -5.5976E-04   
1.7722E-03   -4.2731E-04   
2.4109E-03   -3.4063E-04   
2.0179E-03   -4.1087E-04   
2.2077E-03   -3.9184E-04   
2.7772E-03   -3.4118E-04   
1.5121E-03   -6.6247E-04   
2.3105E-03   -3.5506E-04   
1.5057E-03   -6.2997E-04   
2.2297E-03   -4.2749E-04   
1.2270E-03   -5.6098E-04   
1.5093E-03   -5.5812E-04   
1.7184E-03   -7.3461E-04   
2.2360E-03   -4.6589E-04   
2.4921E-03   -4.4020E-04   
1.5562E-03   -7.2263E-04   
1.7716E-03   -7.8649E-04   
1.7587E-03   -8.6993E-04   
1.2648E-03   -1.1301E-03   
1.2311E-03   -5.2715E-04   
1.4564E-03   -5.0989E-04   
1.3346E-03   -4.7284E-04   
1.4774E-03   -4.3133E-04   
1.6034E-03   -6.0969E-04   
1.3831E-03   -5.1567E-04   
1.6978E-03   -4.7999E-04   
1.9233E-03   -4.4090E-04   
1.8799E-03   -8.3818E-04   
2.1299E-03   -4.7138E-04   
1.1011E-03   -5.6943E-04   
1.5829E-03   -5.7480E-04   
2.0835E-03   -4.2324E-04   
1.6234E-03   -4.1100E-04   
1.6540E-03   -4.5734E-04   
1.7673E-03   -6.8063E-04   
1.2323E-03   -1.1759E-03   
1.8123E-03   -7.4065E-04   
2.2282E-03   -5.0305E-04   
2.5793E-03   -4.0865E-04   
1.7298E-03   -3.7863E-04   
1.0721E-03   -6.0168E-04   
1.3211E-03   -5.2458E-04   
1.5337E-03   -5.0813E-04   
1.3975E-03   -4.8154E-04   
1.9708E-03   -4.5703E-04   
1.5706E-03   -4.6028E-04   
1.6214E-03   -5.2684E-04   
1.3923E-03   -4.6150E-04   
2.1406E-03   -5.5061E-04   
1.3163E-03   -5.0439E-04   
2.6884E-03   -3.9199E-04   
2.1232E-03   -5.1330E-04   
1.6719E-03   -6.7050E-04   
1.6027E-03   -5.0596E-04   
1.9641E-03   -7.8215E-04   
1.0932E-03   -1.2271E-03   
1.6647E-03   -4.2154E-04   
1.7556E-03   -6.0814E-04   
1.8545E-03   -4.8550E-04   
1.9069E-03   -5.1360E-04   
1.8296E-03   -6.2237E-04   
2.1791E-03   -5.8391E-04   
1.6790E-03   -5.6534E-04   
1.9143E-03   -7.4932E-04   
2.0085E-03   -8.0693E-04   
1.8837E-03   -5.6607E-04   
1.7093E-03   -5.8721E-04   
2.1273E-03   -8.0295E-04   
1.9070E-03   -6.3811E-04   
2.1381E-03   -4.3646E-04   
2.3281E-03   -5.5520E-04   
2.0412E-03   -6.0709E-04   
1.7791E-03   -5.3830E-04   
2.0122E-03   -5.1753E-04   
1.8516E-03   -6.9061E-04   
2.0672E-03   -6.4230E-04   
2.4427E-03   -4.8972E-04   
2.2535E-03   -7.3967E-04   
1.9620E-03   -6.5451E-04   
1.8067E-03   -5.6253E-04   
2.0618E-03   -6.8815E-04   
2.1788E-03   -6.8632E-04   
2.3294E-03   -6.3493E-04   
2.3836E-03   -5.8085E-04   
2.2874E-03   -6.9062E-04   
1.1223E-04   -1.4584E-03   
2.0492E-03   -7.3070E-04   
1.9320E-03   -8.6603E-04   
3.3687E-03   -1.2175E-04   
2.5324E-04   -1.2237E-03   
3.6752E-03   -1.8149E-05   
3.3029E-03   -2.5297E-04   
2.0389E-04   -1.4751E-03   
9.7598E-04   -1.2300E-03   
2.3017E-03   -7.6741E-04   
3.4255E-03   -6.4829E-05   
3.1162E-04   -1.4623E-03   
1.0962E-03   -1.1375E-03   
4.4254E-04   -1.4441E-03   
5.7627E-04   -1.4241E-03   
7.0976E-04   -1.4001E-03   
8.4750E-04   -1.3728E-03   
3.7928E-03   -1.6606E-05   
9.8815E-04   -1.3426E-03   
1.1357E-03   -1.3079E-03   
3.2174E-03   -2.0634E-04   
1.2878E-03   -1.2720E-03   
3.9139E-03   -1.6003E-05   
1.4423E-03   -1.2343E-03   
1.6012E-03   -1.1951E-03   
2.4631E-03   -5.3145E-04   
1.7807E-03   -1.1482E-03   
4.0413E-03   -1.4840E-05   
2.8042E-03   -2.4342E-04   
1.9240E-03   -1.1263E-03   
1.4376E-03   -8.9632E-04   
7.4234E-04   -1.2997E-03   
3.2407E-03   -1.7985E-04   
2.0910E-03   -1.0721E-03   
2.2785E-03   -1.0337E-03   
4.1728E-03   -1.3137E-05   
2.4532E-03   -9.9432E-04   
1.5212E-03   -1.0391E-03   
2.6474E-03   -9.4657E-04   
2.7987E-03   -9.2442E-04   
4.3089E-03   -1.1411E-05   
2.9741E-03   -8.6896E-04   
3.1720E-03   -8.2211E-04   
3.2774E-04   -1.3896E-03   
3.3576E-03   -7.7181E-04   
4.4660E-03   -1.0313E-05   
3.4728E-03   -4.0434E-05   
1.6255E-03   -9.7844E-04   
3.5586E-03   -7.0840E-04   
3.7505E-03   -6.5140E-04   
3.0812E-03   -3.0239E-04   
4.6407E-03   -5.5910E-06   
2.8101E-03   -3.7252E-04   
2.5877E-03   -4.3882E-04   
4.1282E-03   -5.1040E-04   
4.8285E-03   -8.0952E-05   
4.8631E-03   -8.0689E-05   
4.8444E-03   -2.2959E-05   
4.8589E-03   -9.5881E-06   
4.8332E-03   -5.1426E-05   
1.3259E-03   -1.1836E-03   
4.5506E-03   -2.9537E-04   
3.7965E-04   -1.4166E-03   
2.9053E-03   -3.7929E-04   
2.7363E-03   -4.2436E-04   
6.6776E-04   -1.3453E-03   
2.5637E-03   -5.2947E-04   
8.6230E-04   -1.2772E-03   
3.4595E-03   -1.0248E-04   
2.4180E-03   -6.4316E-04   
3.3940E-03   -2.1314E-04   
9.5716E-04   -1.2795E-03   
1.7034E-03   -9.9707E-04   
6.5685E-04   -1.3787E-03   
1.8832E-03   -9.2856E-04   
9.3401E-04   -1.3225E-03   
3.0509E-03   -3.3929E-04   
3.3029E-03   -7.4192E-04   
2.4026E-03   -9.6378E-04   
1.2353E-03   -1.2459E-03   
1.5656E-03   -1.0678E-03   
1.5467E-03   -1.1691E-03   
1.5098E-03   -1.1307E-03   
3.9731E-03   -3.1190E-05   
2.4686E-03   -7.3374E-04   
3.5288E-03   -5.7978E-05   
3.3438E-03   -2.7635E-04   
3.7390E-03   -3.2321E-05   
4.4467E-03   -2.2261E-05   
2.1931E-03   -8.2851E-04   
2.7081E-03   -8.8806E-04   
3.2942E-03   -1.3731E-04   
3.3407E-03   -1.8672E-04   
2.4743E-03   -5.5655E-04   
1.7992E-03   -8.8591E-04   
4.7460E-03   -2.2369E-06   
3.9466E-03   -5.8131E-04   
1.8297E-03   -1.0928E-03   
3.6031E-03   -6.5089E-04   
4.8689E-03   -5.4690E-05   
4.8910E-03   -5.0260E-06   
4.8837E-03   -1.4104E-05   
4.8743E-03   -3.3041E-05   
2.9942E-03   -8.1279E-04   
2.1038E-03   -1.0139E-03   
4.2323E-03   -2.4636E-05   
4.2977E-03   -3.7098E-04   
4.6610E-03   -1.6306E-05   
4.5286E-03   -2.6978E-04   
4.6306E-03   -1.1842E-04   
4.6828E-03   -2.2772E-05   
4.6593E-03   -5.0955E-05   
4.6015E-03   -1.8432E-04   
3.0252E-03   -3.8368E-04   
2.3651E-03   -9.3129E-04   
3.4966E-03   -7.9540E-05   
3.6164E-03   -6.6657E-05   
3.9019E-03   -4.9705E-05   
4.2378E-04   -1.3796E-03   
2.1416E-03   -8.8965E-04   
2.7088E-03   -4.8182E-04   
1.6457E-03   -1.1124E-03   
3.4818E-03   -1.2588E-04   
4.1585E-03   -4.0593E-05   
3.8834E-03   -5.6533E-04   
1.1930E-03   -1.2228E-03   
2.2371E-03   -9.5844E-04   
1.7797E-03   -1.0736E-03   
2.6696E-03   -8.6160E-04   
1.9844E-03   -9.2718E-04   
3.1701E-03   -7.4566E-04   
2.5701E-03   -6.1413E-04   
1.9511E-03   -1.0277E-03   
3.3014E-03   -3.1830E-04   
3.4375E-03   -2.3916E-04   
2.8462E-03   -8.2264E-04   
2.5926E-03   -6.6326E-04   
4.3062E-03   -3.4520E-05   
2.5195E-03   -7.7013E-04   
4.0300E-03   -4.5010E-05   
1.8531E-03   -9.8224E-04   
3.4411E-03   -1.5644E-04   
2.5153E-03   -8.9726E-04   
2.6679E-03   -5.4388E-04   
3.7534E-03   -5.3334E-05   
3.4811E-03   -1.7669E-04   
4.4396E-03   -1.8046E-04   
4.5132E-03   -3.9171E-05   
4.4859E-03   -8.2171E-05   
4.5395E-03   -2.2768E-05   
3.1516E-03   -3.4359E-04   
4.0556E-03   -4.6830E-04   
4.3358E-03   -3.0748E-04   
4.6507E-03   -4.2237E-05   
4.6114E-03   -1.5788E-04   
4.6161E-03   -8.1898E-05   
4.5971E-03   -9.8996E-05   
2.4695E-03   -8.6714E-04   
1.8554E-03   -1.0207E-03   
4.2060E-03   -5.2358E-05   
3.7426E-03   -5.9451E-04   
2.1465E-03   -9.4786E-04   
2.6326E-03   -7.0245E-04   
2.4165E-03   -8.3862E-04   
3.5787E-03   -2.2328E-04   
3.7017E-03   -7.7160E-05   
3.0361E-03   -7.5338E-04   
3.9649E-03   -6.1850E-05   
4.4700E-03   -1.1052E-04   
4.5270E-03   -5.6748E-05   
3.6162E-03   -1.6313E-04   
3.0008E-03   -4.3167E-04   
3.6085E-03   -1.1757E-04   
2.8392E-03   -4.8462E-04   
4.4305E-03   -1.4536E-04   
4.1128E-03   -3.8696E-04   
3.4221E-03   -3.1390E-04   
3.3510E-03   -6.7645E-04   
2.7175E-03   -6.0105E-04   
2.2724E-03   -8.7848E-04   
2.7778E-03   -7.9647E-04   
3.3302E-03   -3.4756E-04   
4.4369E-03   -3.4930E-05   
4.0219E-03   -4.4765E-04   
4.3610E-03   -2.4358E-04   
3.0691E-03   -6.9064E-04   
2.8837E-03   -5.7681E-04   
3.3072E-03   -3.8802E-04   
3.5598E-03   -2.9193E-04   
2.8865E-03   -7.3107E-04   
2.5724E-03   -8.0199E-04   
4.2516E-03   -6.2358E-05   
3.9262E-03   -4.5650E-04   
3.9763E-03   -8.1716E-05   
4.1270E-03   -7.1704E-05   
2.7287E-03   -7.6691E-04   
3.7012E-03   -1.2805E-04   
3.7118E-03   -9.8669E-05   
3.6680E-03   -1.8456E-04   
2.6934E-03   -5.7452E-04   
2.7830E-03   -6.7418E-04   
3.6349E-03   -2.4468E-04   
3.3954E-03   -6.1940E-04   
3.1302E-03   -4.3307E-04   
2.9750E-03   -4.8164E-04   
2.8698E-03   -6.2339E-04   
3.4533E-03   -3.6480E-04   
3.5456E-03   -3.2803E-04   
3.4855E-03   -6.6299E-04   
3.7211E-03   -2.0431E-04   
2.8333E-03   -7.0296E-04   
4.3744E-03   -5.1963E-05   
3.8310E-03   -1.0245E-04   
3.7517E-03   -1.5098E-04   
3.7297E-03   -5.2776E-04   
3.9323E-03   -1.0908E-04   
2.9667E-03   -5.2154E-04   
3.2283E-03   -4.3858E-04   
3.5775E-03   -3.5409E-04   
2.9277E-03   -6.4268E-04   
3.8954E-03   -1.3653E-04   
4.0141E-03   -3.9033E-04   
3.6966E-03   -2.5750E-04   
3.8620E-03   -1.8427E-04   
3.6594E-03   -5.9472E-04   
4.1886E-03   -8.1459E-05   
3.0608E-03   -5.2899E-04   
3.2212E-03   -4.7692E-04   
4.4289E-03   -5.9864E-05   
3.8195E-03   -2.3937E-04   
4.2690E-03   -8.8002E-05   
3.0832E-03   -6.0394E-04   
3.9232E-03   -1.5569E-04   
4.1169E-03   -1.0462E-04   
3.9143E-03   -1.9880E-04   
3.3606E-03   -4.6729E-04   
4.0053E-03   -1.1499E-04   
3.5240E-03   -4.0985E-04   
3.7621E-03   -3.1205E-04   
4.0285E-03   -1.5730E-04   
3.8245E-03   -3.3448E-04   
3.1375E-03   -6.2733E-04   
3.6538E-03   -4.0088E-04   
3.1895E-03   -5.3415E-04   
3.4895E-03   -4.6064E-04   
4.1517E-03   -1.1897E-04   
4.4102E-03   -8.0114E-05   
3.9298E-03   -3.3161E-04   
3.7895E-03   -3.8546E-04   
4.1922E-03   -1.3204E-04   
3.2470E-03   -5.6755E-04   
3.4297E-03   -5.2126E-04   
4.1211E-03   -1.5905E-04   
4.0857E-03   -2.9454E-04   
3.7769E-03   -4.2987E-04   
4.3343E-03   -1.0857E-04   
4.1157E-03   -1.7999E-04   
4.0768E-03   -3.3390E-04   
4.3985E-03   -1.1327E-04   
3.9241E-03   -3.9453E-04   
3.9666E-03   -2.1263E-04   
3.8719E-03   -2.5754E-04   
3.9415E-03   -2.7169E-04   
4.1157E-03   -2.2799E-04   
