51 
1844 
5.9506E-03   -6.5795E-03   
1.1317E-02   -5.5699E-03   
1.5569E-02   -4.0210E-03   
1.8299E-02   -2.0998E-03   
2.1476E-37   -6.8957E-03   
1.9220E-02   -1.0949E-37   
1.9650E-02   -7.3169E-35   
2.0354E-02   -6.8020E-37   
2.1900E-02   3.0526E-35   
2.3300E-02   4.4865E-35   
2.5078E-02   9.5298E-35   
2.7249E-02   1.3139E-34   
2.8919E-02   1.5905E-34   
3.1761E-02   2.4191E-34   
3.3877E-02   2.9336E-34   
3.6166E-02   2.5695E-34   
3.7374E-02   3.9829E-34   
3.9909E-02   5.9031E-34   
4.2599E-02   8.5950E-34   
4.4000E-02   -9.2560E-30   
4.4000E-02   -5.6861E-34   
4.4000E-02   -5.6861E-34   
4.4000E-02   -5.6861E-34   
4.4000E-02   -5.6861E-34   
4.4000E-02   -5.6861E-34   
4.4000E-02   -5.6861E-34   
4.4000E-02   -5.6861E-34   
4.4000E-02   -5.6861E-34   
4.4000E-02   -5.6861E-34   
4.4000E-02   -5.6861E-34   
4.4000E-02   -5.6861E-34   
4.4000E-02   -5.6861E-34   
4.1339E-02   -1.9047E-03   
3.7003E-02   -4.3462E-03   
3.5174E-02   -5.1860E-03   
3.3428E-02   -5.8789E-03   
3.0066E-02   -6.9944E-03   
2.8427E-02   -7.4612E-03   
2.5205E-02   -8.2832E-03   
2.3622E-02   -8.6592E-03   
2.0507E-02   -9.3748E-03   
1.7477E-02   -1.0067E-02   
1.6002E-02   -1.0412E-02   
1.3142E-02   -1.1087E-02   
1.0426E-02   -1.1731E-02   
9.1263E-03   -1.2031E-02   
6.6450E-03   -1.2565E-02   
4.3127E-03   -1.2974E-02   
2.1081E-03   -1.3228E-02   
2.9835E-37   -1.3305E-02   
8.6050E-34   -1.2605E-02   
9.0550E-34   -1.1937E-02   
8.5316E-34   -1.1050E-02   
8.0882E-34   -1.0541E-02   
7.1210E-34   -9.7106E-03   
6.4960E-34   -9.2378E-03   
5.8515E-34   -8.7767E-03   
5.3175E-34   -8.4043E-03   
5.2014E-34   -8.0780E-03   
4.5117E-03   -7.0245E-03   
4.2277E-02   -1.6858E-04   
4.0470E-02   -3.5236E-04   
3.7856E-02   -6.0910E-04   
3.5714E-02   -8.2839E-04   
3.3640E-02   -1.1014E-03   
3.1303E-02   -1.2642E-03   
2.9388E-02   -1.3308E-03   
2.7023E-02   -1.5355E-03   
2.4677E-02   -1.6618E-03   
2.2342E-02   -1.7727E-03   
2.0026E-02   -1.8716E-03   
1.7615E-02   -2.0298E-03   
1.5135E-02   -2.4312E-03   
1.1745E-02   -3.5083E-03   
8.2903E-03   -5.1878E-03   
1.2302E-02   -4.0874E-03   
1.4667E-02   -2.0343E-03   
1.6960E-02   -1.2891E-03   
1.9130E-02   -1.0915E-03   
2.1215E-02   -1.0647E-03   
2.3198E-02   -1.0747E-03   
2.5463E-02   -9.8608E-04   
2.7570E-02   -9.1463E-04   
2.9531E-02   -8.2236E-04   
3.1556E-02   -8.2800E-04   
3.3760E-02   -6.5605E-04   
3.5879E-02   -5.1748E-04   
3.7952E-02   -4.1667E-04   
4.0148E-02   -2.4217E-04   
4.2054E-02   -1.0215E-04   
1.8000E-02   -9.0937E-04   
1.9107E-02   -4.3031E-04   
2.0369E-02   -4.0464E-04   
2.2116E-02   -4.1550E-04   
2.3789E-02   -4.2309E-04   
2.5851E-02   -4.4570E-04   
2.7693E-02   -4.5759E-04   
2.9523E-02   -4.4755E-04   
3.1879E-02   -3.5982E-04   
3.3849E-02   -2.9093E-04   
3.6079E-02   -2.4985E-04   
3.8270E-02   -1.8036E-04   
4.0410E-02   -1.1837E-04   
4.2376E-02   -3.8652E-05   
4.1953E-02   -2.6182E-04   
3.9998E-02   -5.5222E-04   
3.7602E-02   -9.2653E-04   
3.5391E-02   -1.1580E-03   
3.3478E-02   -1.4883E-03   
3.1075E-02   -1.7541E-03   
2.8705E-02   -1.9940E-03   
2.6458E-02   -2.1807E-03   
2.4122E-02   -2.4081E-03   
2.1932E-02   -2.6064E-03   
1.9124E-02   -2.9177E-03   
1.6125E-02   -3.3780E-03   
1.3181E-02   -4.0120E-03   
1.0096E-02   -4.9269E-03   
6.6475E-03   -6.3404E-03   
3.3069E-03   -7.6937E-03   
4.1828E-02   -3.8826E-04   
4.0167E-02   -7.0536E-04   
3.7321E-02   -1.2563E-03   
3.5454E-02   -1.6017E-03   
3.3225E-02   -1.9470E-03   
3.0545E-02   -2.3921E-03   
2.8175E-02   -2.6356E-03   
2.5874E-02   -2.8929E-03   
2.3170E-02   -3.2670E-03   
2.0637E-02   -3.6796E-03   
1.7953E-02   -4.1274E-03   
1.5133E-02   -4.5416E-03   
1.2103E-02   -5.3784E-03   
9.1523E-03   -6.1732E-03   
5.9488E-03   -7.3028E-03   
2.8352E-03   -8.2863E-03   
4.2436E-02   -3.3942E-04   
3.9425E-02   -1.0602E-03   
3.7710E-02   -1.4349E-03   
3.5620E-02   -1.9306E-03   
3.2498E-02   -2.5618E-03   
3.0277E-02   -2.9823E-03   
2.7967E-02   -3.3267E-03   
2.5236E-02   -3.7842E-03   
2.2747E-02   -4.2316E-03   
2.0061E-02   -4.6063E-03   
1.7529E-02   -5.0407E-03   
1.4357E-02   -5.6163E-03   
1.1281E-02   -6.5853E-03   
8.4107E-03   -7.2794E-03   
5.7154E-03   -8.1547E-03   
2.8104E-03   -8.8506E-03   
4.1472E-02   -6.9418E-04   
3.9707E-02   -1.2219E-03   
3.7571E-02   -1.8528E-03   
3.5418E-02   -2.4605E-03   
3.2296E-02   -3.1883E-03   
2.9788E-02   -3.6428E-03   
2.7240E-02   -4.2256E-03   
2.4800E-02   -4.7505E-03   
2.1887E-02   -5.1462E-03   
1.9518E-02   -5.4931E-03   
1.7107E-02   -6.1078E-03   
1.3910E-02   -6.8649E-03   
1.0788E-02   -7.6623E-03   
8.0579E-03   -8.3427E-03   
5.1540E-03   -9.0419E-03   
2.6918E-03   -9.4894E-03   
4.2006E-02   -7.3462E-04   
3.9607E-02   -1.6192E-03   
3.7641E-02   -2.2221E-03   
3.4564E-02   -3.1895E-03   
3.1854E-02   -3.9979E-03   
2.9435E-02   -4.4869E-03   
2.6435E-02   -5.1414E-03   
2.4185E-02   -5.6188E-03   
2.1266E-02   -6.0837E-03   
1.8721E-02   -6.5760E-03   
1.5839E-02   -7.2104E-03   
1.3487E-02   -7.8048E-03   
1.0656E-02   -8.5337E-03   
7.8500E-03   -9.1905E-03   
5.1277E-03   -9.7908E-03   
2.4107E-03   -1.0222E-02   
4.1667E-02   -9.9041E-04   
3.9036E-02   -2.0618E-03   
3.7199E-02   -2.7222E-03   
3.3628E-02   -4.0118E-03   
3.1466E-02   -4.6467E-03   
2.9007E-02   -5.3375E-03   
2.6312E-02   -5.8667E-03   
2.3589E-02   -6.4676E-03   
2.0569E-02   -7.1469E-03   
1.8045E-02   -7.6647E-03   
1.5569E-02   -8.1720E-03   
1.2990E-02   -8.7951E-03   
1.0154E-02   -9.5855E-03   
7.7394E-03   -1.0041E-02   
5.0063E-03   -1.0607E-02   
2.4849E-03   -1.0936E-02   
4.1868E-02   -1.1776E-03   
3.9616E-02   -2.2712E-03   
3.6593E-02   -3.5116E-03   
3.3950E-02   -4.6137E-03   
3.1088E-02   -5.2966E-03   
2.8325E-02   -6.0125E-03   
2.5695E-02   -6.6909E-03   
2.3061E-02   -7.3219E-03   
2.0427E-02   -7.9386E-03   
1.7531E-02   -8.4807E-03   
1.4971E-02   -9.2739E-03   
1.2286E-02   -9.8060E-03   
9.8706E-03   -1.0299E-02   
7.3596E-03   -1.0888E-02   
4.7737E-03   -1.1420E-02   
2.6527E-03   -1.1635E-02   
4.1247E-02   -1.7865E-03   
3.8496E-02   -3.3688E-03   
3.6206E-02   -4.2710E-03   
3.2633E-02   -5.5843E-03   
3.0474E-02   -6.2222E-03   
2.7474E-02   -7.0309E-03   
2.4871E-02   -7.7249E-03   
2.2553E-02   -8.1484E-03   
1.9761E-02   -8.7633E-03   
1.7127E-02   -9.5036E-03   
1.4916E-02   -9.9568E-03   
1.2240E-02   -1.0609E-02   
9.4850E-03   -1.1244E-02   
7.0289E-03   -1.1739E-02   
4.6817E-03   -1.2163E-02   
2.0944E-03   -1.2582E-02   
7.4734E-04   -6.9190E-03   
1.5040E-03   -6.9051E-03   
2.2569E-03   -6.8786E-03   
3.0075E-03   -6.8415E-03   
3.7532E-03   -6.7930E-03   
4.4933E-03   -6.7329E-03   
5.2262E-03   -6.6615E-03   
6.6655E-03   -6.4874E-03   
7.3699E-03   -6.3852E-03   
8.0628E-03   -6.2731E-03   
8.7430E-03   -6.1513E-03   
9.4097E-03   -6.0198E-03   
1.0062E-02   -5.8789E-03   
1.0698E-02   -5.7289E-03   
1.1919E-02   -5.4024E-03   
1.2502E-02   -5.2267E-03   
1.3065E-02   -5.0434E-03   
1.3609E-02   -4.8526E-03   
1.4132E-02   -4.6550E-03   
1.4634E-02   -4.4499E-03   
1.5113E-02   -4.2384E-03   
1.6001E-02   -3.7980E-03   
1.6408E-02   -3.5693E-03   
1.6789E-02   -3.3354E-03   
1.7145E-02   -3.0965E-03   
1.7474E-02   -2.8532E-03   
1.7777E-02   -2.6057E-03   
1.8052E-02   -2.3545E-03   
1.8518E-02   -1.8419E-03   
1.8708E-02   -1.5809E-03   
1.8869E-02   -1.3166E-03   
1.8989E-02   -1.0502E-03   
1.9110E-02   -7.8854E-04   
1.9166E-02   -5.2947E-04   
1.9223E-02   -2.5706E-04   
1.9346E-02   -3.6313E-34   
1.9416E-02   -3.3785E-34   
1.9472E-02   -2.4978E-34   
1.9524E-02   -1.3195E-34   
1.9581E-02   -9.8844E-35   
1.9737E-02   -5.2324E-35   
1.9848E-02   -3.5358E-35   
1.9986E-02   -2.1532E-35   
2.0154E-02   -1.0160E-35   
2.0589E-02   7.2537E-36   
2.0860E-02   1.3929E-35   
2.1168E-02   1.9734E-35   
2.1514E-02   2.5150E-35   
2.2325E-02   3.5379E-35   
2.2792E-02   4.0188E-35   
2.3850E-02   5.0061E-35   
2.4442E-02   5.5399E-35   
2.5758E-02   1.0036E-34   
2.6481E-02   7.5406E-35   
2.8061E-02   1.4212E-34   
2.9821E-02   1.8401E-34   
3.0769E-02   2.0774E-34   
3.2797E-02   2.5036E-34   
3.5000E-02   3.3469E-34   
3.8622E-02   5.0019E-34   
4.1234E-02   5.2362E-34   
4.4000E-02   -5.6861E-34   
4.4000E-02   -5.6861E-34   
4.4000E-02   -5.6861E-34   
4.4000E-02   -5.6861E-34   
4.4000E-02   -5.6861E-34   
3.8973E-02   -3.3392E-03   
3.1732E-02   -6.4738E-03   
2.6808E-02   -7.8864E-03   
2.2055E-02   -9.0217E-03   
1.8980E-02   -9.7229E-03   
1.4556E-02   -1.0751E-02   
1.1766E-02   -1.1415E-02   
7.8658E-03   -1.2311E-02   
5.4612E-03   -1.2786E-02   
3.1953E-03   -1.3121E-02   
1.0474E-03   -1.3295E-02   
6.3721E-34   -1.2955E-02   
8.9504E-34   -1.2264E-02   
8.7716E-34   -1.1625E-02   
1.2781E-33   -1.1329E-02   
1.2902E-33   -1.0787E-02   
7.9007E-34   -1.0310E-02   
7.6863E-34   -1.0095E-02   
7.3910E-34   -9.8956E-03   
6.8975E-34   -9.5397E-03   
6.6882E-34   -9.3822E-03   
6.3335E-34   -9.1056E-03   
6.1733E-34   -8.9852E-03   
6.0045E-34   -8.8759E-03   
5.7180E-34   -8.6869E-03   
5.5970E-34   -8.6057E-03   
5.4893E-34   -8.5323E-03   
5.3958E-34   -8.4655E-03   
5.2543E-34   -8.3475E-03   
5.2069E-34   -8.2938E-03   
5.1766E-34   -8.2417E-03   
5.1650E-34   -8.1895E-03   
5.1731E-34   -8.1357E-03   
5.2482E-34   -8.0144E-03   
5.3108E-34   -7.9423E-03   
5.3983E-34   -7.8589E-03   
5.5150E-34   -7.7617E-03   
5.6982E-34   -7.6482E-03   
8.9832E-34   -7.5102E-03   
9.0546E-34   -7.3494E-03   
7.4296E-34   -7.1367E-03   
8.0566E-03   -6.2047E-03   
1.2436E-02   -4.9301E-03   
1.4075E-02   -4.2859E-03   
9.3697E-03   -5.8822E-03   
1.7848E-02   -2.2134E-03   
6.0188E-03   -6.6093E-03   
2.4843E-03   -7.0381E-03   
1.6820E-02   -2.9158E-03   
1.8810E-02   -1.2708E-03   
1.5556E-02   -3.6108E-03   
1.0639E-02   -5.5233E-03   
1.8390E-02   -1.7432E-03   
1.1254E-02   -5.3324E-03   
5.3249E-03   -6.7209E-03   
1.5087E-02   -3.8392E-03   
1.7190E-02   -2.6822E-03   
1.9275E-02   -3.5540E-04   
9.5656E-04   -7.1184E-03   
4.6251E-03   -6.8201E-03   
1.2996E-02   -4.7198E-03   
1.3538E-02   -4.5044E-03   
1.8134E-02   -1.9785E-03   
3.2062E-03   -6.9788E-03   
1.8976E-02   -1.0308E-03   
1.7318E-03   -7.0887E-03   
3.9195E-03   -6.9063E-03   
1.7533E-02   -2.4481E-03   
1.8615E-02   -1.5072E-03   
6.7064E-03   -6.4857E-03   
1.6423E-02   -3.1488E-03   
1.6002E-02   -3.3807E-03   
1.0011E-02   -5.7070E-03   
7.3861E-03   -6.3507E-03   
8.7186E-03   -6.0484E-03   
1.1854E-02   -5.1347E-03   
1.4592E-02   -4.0643E-03   
5.5316E-04   -7.5720E-03   
5.2614E-04   -7.6969E-03   
5.0673E-04   -7.8024E-03   
4.8883E-04   -7.8924E-03   
4.7493E-04   -7.9693E-03   
4.6641E-04   -8.0363E-03   
4.6173E-04   -8.0961E-03   
4.5976E-04   -8.1512E-03   
4.5997E-04   -8.2037E-03   
1.9419E-02   -1.7122E-04   
4.6215E-04   -8.2554E-03   
1.9470E-02   -1.3513E-04   
4.6625E-04   -8.3080E-03   
1.9521E-02   -1.0906E-04   
4.7224E-04   -8.3630E-03   
1.9583E-02   -8.9652E-05   
4.7997E-04   -8.4218E-03   
1.9660E-02   -7.6205E-05   
4.8933E-04   -8.4857E-03   
1.9759E-02   -6.7416E-05   
5.0025E-04   -8.5557E-03   
1.9884E-02   -6.2508E-05   
5.1256E-04   -8.6331E-03   
2.0037E-02   -6.0743E-05   
5.2622E-04   -8.7186E-03   
2.0222E-02   -6.1401E-05   
5.4121E-04   -8.8131E-03   
2.0441E-02   -6.3909E-05   
5.5685E-04   -8.9173E-03   
2.0695E-02   -6.8049E-05   
5.7285E-04   -9.0320E-03   
2.0986E-02   -7.3488E-05   
5.9092E-04   -9.1581E-03   
2.1315E-02   -7.9802E-05   
6.1173E-04   -9.2967E-03   
2.1683E-02   -8.6660E-05   
6.3360E-04   -9.4478E-03   
2.2091E-02   -9.3245E-05   
6.5582E-04   -9.6120E-03   
2.2536E-02   -1.0080E-04   
6.7827E-04   -9.7897E-03   
2.3018E-02   -1.0899E-04   
7.0017E-04   -9.9803E-03   
2.3540E-02   -1.1854E-04   
7.2980E-04   -1.0184E-02   
2.4108E-02   -1.2717E-04   
7.6481E-04   -1.0403E-02   
2.4721E-02   -1.3341E-04   
7.8347E-04   -1.0639E-02   
2.5379E-02   -1.3930E-04   
8.0284E-04   -1.0890E-02   
2.6087E-02   -1.4516E-04   
8.5969E-04   -1.1159E-02   
2.6848E-02   -1.4781E-04   
8.9316E-04   -1.1454E-02   
2.7635E-02   -1.4461E-04   
8.9915E-04   -1.1765E-02   
2.8453E-02   -1.4965E-04   
9.3374E-04   -1.2089E-02   
2.9329E-02   -1.5147E-04   
9.8873E-04   -1.2438E-02   
1.0001E-02   -5.5166E-03   
1.5586E-02   -3.2322E-03   
1.7265E-02   -2.3131E-03   
7.4243E-03   -6.2827E-03   
1.9232E-02   -5.2087E-04   
2.0092E-03   -7.2215E-03   
1.2945E-02   -4.4022E-03   
1.8914E-02   -1.0083E-03   
3.3904E-03   -7.0766E-03   
5.4300E-03   -6.7407E-03   
4.7572E-03   -6.8665E-03   
1.4597E-02   -3.7013E-03   
1.1239E-02   -5.0868E-03   
1.8231E-02   -1.6520E-03   
1.8490E-02   -1.4363E-03   
1.1832E-02   -4.8643E-03   
1.4059E-02   -3.9333E-03   
1.7617E-02   -2.0902E-03   
1.6885E-02   -2.5389E-03   
8.0785E-03   -6.1060E-03   
6.0998E-03   -6.6008E-03   
1.2350E-03   -7.2954E-03   
8.7266E-03   -5.9186E-03   
1.2395E-02   -4.6348E-03   
1.3504E-02   -4.1660E-03   
1.7940E-02   -1.8699E-03   
1.8717E-02   -1.2219E-03   
9.3683E-03   -5.7218E-03   
1.6044E-02   -2.9989E-03   
4.0768E-03   -6.9789E-03   
6.7651E-03   -6.4479E-03   
1.6477E-02   -2.7677E-03   
1.9085E-02   -7.8747E-04   
2.6956E-03   -7.1577E-03   
1.5104E-02   -3.4675E-03   
1.0626E-02   -5.3048E-03   
5.7644E-04   -7.4223E-03   
1.1023E-03   -7.5966E-03   
1.0523E-03   -7.7183E-03   
1.0074E-03   -7.8156E-03   
9.6623E-04   -7.8987E-03   
9.4065E-04   -7.9695E-03   
9.2684E-04   -8.0314E-03   
9.2036E-04   -8.0874E-03   
1.9359E-02   -2.3291E-04   
9.1898E-04   -8.1400E-03   
9.2174E-04   -8.1911E-03   
1.9364E-02   -2.9639E-04   
9.2837E-04   -8.2425E-03   
1.9405E-02   -2.4313E-04   
9.3877E-04   -8.2957E-03   
1.9459E-02   -1.9746E-04   
9.5278E-04   -8.3522E-03   
1.9526E-02   -1.6557E-04   
9.7010E-04   -8.4133E-03   
1.9613E-02   -1.4436E-04   
9.9004E-04   -8.4800E-03   
1.9725E-02   -1.3119E-04   
1.0154E-03   -8.5530E-03   
1.9865E-02   -1.2496E-04   
1.0455E-03   -8.6337E-03   
2.0035E-02   -1.2428E-04   
1.0740E-03   -8.7239E-03   
2.0239E-02   -1.2779E-04   
1.1004E-03   -8.8235E-03   
2.0478E-02   -1.3443E-04   
1.1285E-03   -8.9324E-03   
2.0755E-02   -1.4422E-04   
1.1616E-03   -9.0520E-03   
2.1069E-02   -1.5646E-04   
1.2008E-03   -9.1838E-03   
2.1421E-02   -1.7035E-04   
1.2445E-03   -9.3283E-03   
2.1818E-02   -1.8279E-04   
1.2900E-03   -9.4863E-03   
2.2245E-02   -1.9272E-04   
1.3352E-03   -9.6575E-03   
2.2691E-02   -2.1053E-04   
1.3722E-03   -9.8419E-03   
2.3182E-02   -2.2666E-04   
1.3994E-03   -1.0035E-02   
2.3716E-02   -2.4960E-04   
1.4850E-03   -1.0234E-02   
2.4309E-02   -2.6363E-04   
1.5613E-03   -1.0460E-02   
2.4948E-02   -2.7283E-04   
1.5607E-03   -1.0707E-02   
2.5631E-02   -2.8635E-04   
1.6310E-03   -1.0952E-02   
2.6391E-02   -2.9575E-04   
1.8595E-03   -1.1228E-02   
2.7207E-02   -2.9525E-04   
1.7910E-03   -1.1559E-02   
2.7957E-02   -2.7402E-04   
1.8232E-03   -1.1871E-02   
2.8760E-02   -3.2843E-04   
1.9160E-03   -1.2197E-02   
3.0254E-02   -1.5964E-04   
1.2946E-02   -4.0981E-03   
1.3540E-02   -3.8422E-03   
1.1267E-02   -4.8436E-03   
1.4104E-02   -3.6021E-03   
1.0658E-02   -5.0787E-03   
4.8923E-03   -6.8778E-03   
5.5452E-03   -6.7260E-03   
6.1955E-03   -6.5597E-03   
6.8429E-03   -6.3799E-03   
7.4874E-03   -6.1871E-03   
4.2284E-03   -7.0168E-03   
8.1294E-03   -5.9825E-03   
1.0035E-02   -5.3136E-03   
1.4648E-02   -3.3644E-03   
8.7688E-03   -5.7676E-03   
9.4052E-03   -5.5441E-03   
3.5443E-03   -7.1439E-03   
1.5164E-02   -3.1237E-03   
1.8048E-02   -1.5702E-03   
1.8341E-02   -1.3692E-03   
1.8596E-02   -1.1741E-03   
1.7722E-02   -1.7761E-03   
2.8621E-03   -7.2513E-03   
1.5655E-02   -2.8853E-03   
1.7366E-02   -1.9866E-03   
1.6564E-02   -2.4239E-03   
1.6122E-02   -2.6519E-03   
1.6979E-02   -2.2027E-03   
2.2199E-03   -7.3187E-03   
1.6715E-03   -7.3690E-03   
1.8818E-02   -9.8054E-04   
1.9013E-02   -7.8378E-04   
1.9183E-02   -5.8255E-04   
1.1472E-03   -7.4722E-03   
1.5858E-03   -7.7049E-03   
1.4871E-03   -7.8012E-03   
1.4290E-03   -7.8781E-03   
1.3986E-03   -7.9427E-03   
1.3838E-03   -7.9995E-03   
1.3786E-03   -8.0519E-03   
1.9316E-02   -3.6985E-04   
1.3803E-03   -8.1021E-03   
1.3881E-03   -8.1520E-03   
1.9229E-02   -4.2129E-04   
1.4014E-03   -8.2033E-03   
1.9282E-02   -3.3076E-04   
1.4202E-03   -8.2573E-03   
1.9340E-02   -2.7357E-04   
1.4442E-03   -8.3154E-03   
1.9415E-02   -2.3535E-04   
1.4713E-03   -8.3788E-03   
1.9514E-02   -2.1114E-04   
1.5077E-03   -8.4468E-03   
1.9642E-02   -1.9666E-04   
1.5661E-03   -8.5195E-03   
1.9798E-02   -1.9227E-04   
1.6112E-03   -8.6055E-03   
1.9984E-02   -1.9555E-04   
1.6378E-03   -8.7031E-03   
2.0208E-02   -2.0331E-04   
1.6738E-03   -8.8075E-03   
2.0474E-02   -2.1506E-04   
1.7129E-03   -8.9218E-03   
2.0771E-02   -2.3253E-04   
1.7651E-03   -9.0457E-03   
2.1106E-02   -2.5369E-04   
1.8350E-03   -9.1815E-03   
2.1494E-02   -2.7378E-04   
1.9063E-03   -9.3326E-03   
2.1935E-02   -2.8846E-04   
1.9750E-03   -9.4989E-03   
2.2356E-02   -2.8853E-04   
2.0328E-03   -9.6810E-03   
2.2766E-02   -3.4336E-04   
2.0519E-03   -9.8776E-03   
2.0131E-03   -1.0062E-02   
2.3559E-03   -1.0518E-02   
2.5101E-02   -4.2371E-04   
2.6260E-03   -1.1357E-02   
2.7386E-03   -1.1925E-02   
2.6685E-02   -4.5608E-04   
3.1272E-02   -1.7121E-04   
1.8697E-02   -9.5654E-04   
1.8912E-02   -7.7731E-04   
1.9109E-02   -5.9516E-04   
1.1866E-02   -4.3870E-03   
1.1345E-02   -4.5954E-03   
4.3833E-03   -7.0239E-03   
3.7057E-03   -7.1805E-03   
6.9415E-03   -6.2868E-03   
5.0337E-03   -6.8589E-03   
7.5756E-03   -6.0687E-03   
5.6731E-03   -6.6817E-03   
1.0736E-02   -4.8474E-03   
1.4206E-02   -3.3060E-03   
6.3081E-03   -6.4914E-03   
1.7848E-02   -1.4993E-03   
1.7488E-02   -1.6983E-03   
8.2104E-03   -5.8391E-03   
8.8458E-03   -5.5999E-03   
1.6232E-02   -2.3377E-03   
1.6679E-02   -2.1166E-03   
1.8176E-02   -1.3056E-03   
3.0002E-03   -7.3222E-03   
1.8458E-02   -1.1286E-03   
1.0111E-02   -5.1012E-03   
1.5759E-02   -2.5685E-03   
9.4808E-03   -5.3532E-03   
1.7098E-02   -1.9039E-03   
1.4742E-02   -3.0542E-03   
1.5261E-02   -2.8080E-03   
2.0400E-03   -7.6811E-03   
1.9308E-03   -7.7655E-03   
1.8783E-03   -7.8324E-03   
1.8514E-03   -7.8895E-03   
1.8400E-03   -7.9411E-03   
1.8392E-03   -7.9898E-03   
1.8468E-03   -8.0378E-03   
1.8618E-03   -8.0868E-03   
1.9249E-02   -4.4945E-04   
1.9062E-02   -4.9206E-04   
1.8838E-03   -8.1381E-03   
1.9106E-02   -4.0699E-04   
1.9129E-03   -8.1932E-03   
1.9171E-02   -3.4496E-04   
1.9472E-03   -8.2530E-03   
1.9255E-02   -3.0583E-04   
1.9869E-03   -8.3172E-03   
1.9367E-02   -2.8287E-04   
2.0418E-03   -8.3838E-03   
1.9518E-02   -2.6776E-04   
2.1925E-03   -8.4468E-03   
1.9682E-02   -2.7001E-04   
2.1697E-03   -8.5574E-03   
1.9882E-02   -2.7933E-04   
2.2143E-03   -8.6577E-03   
2.0143E-02   -2.9165E-04   
2.2583E-03   -8.7705E-03   
2.0433E-02   -3.0768E-04   
2.3913E-03   -9.0114E-03   
2.7164E-03   -9.9284E-03   
2.1096E-02   -3.6937E-04   
2.5124E-03   -9.1483E-03   
2.6043E-03   -9.3111E-03   
2.7658E-03   -9.6919E-03   
2.3311E-02   -3.3889E-04   
2.4514E-02   -3.8931E-04   
2.5231E-02   -5.9583E-04   
2.1548E-02   -3.9542E-04   
3.6234E-03   -1.1640E-02   
2.6042E-02   -6.1689E-04   
2.7436E-03   -1.1121E-02   
2.2571E-02   -4.8375E-04   
3.2586E-03   -1.0304E-02   
1.9002E-02   -6.1065E-04   
1.8772E-02   -7.8633E-04   
1.8564E-02   -9.4488E-04   
1.3273E-02   -3.5077E-03   
1.3056E-02   -3.7879E-03   
1.3766E-02   -3.2728E-03   
1.0882E-02   -4.6109E-03   
1.7992E-02   -1.2540E-03   
4.5669E-03   -6.9958E-03   
1.8322E-02   -1.0696E-03   
3.9010E-03   -7.1778E-03   
3.2089E-03   -7.3462E-03   
5.2029E-03   -6.8073E-03   
7.0619E-03   -6.1728E-03   
6.4387E-03   -6.4002E-03   
1.0234E-02   -4.8815E-03   
5.8231E-03   -6.6106E-03   
7.6904E-03   -5.9319E-03   
1.4319E-02   -3.0189E-03   
1.6368E-02   -2.0557E-03   
1.7628E-02   -1.4446E-03   
8.3226E-03   -5.6798E-03   
1.6818E-02   -1.8429E-03   
1.7238E-02   -1.6399E-03   
1.5891E-02   -2.2805E-03   
8.9581E-03   -5.4191E-03   
9.5957E-03   -5.1522E-03   
1.5389E-02   -2.5171E-03   
1.4863E-02   -2.7644E-03   
2.0194E-03   -7.5219E-03   
2.4237E-03   -7.6401E-03   
2.3604E-03   -7.7047E-03   
2.3226E-03   -7.7604E-03   
2.3036E-03   -7.8101E-03   
2.2988E-03   -7.8565E-03   
2.3054E-03   -7.9018E-03   
2.3211E-03   -7.9478E-03   
2.3451E-03   -7.9962E-03   
1.8807E-02   -5.8392E-04   
2.3782E-03   -8.0478E-03   
1.8888E-02   -4.7733E-04   
2.4197E-03   -8.1036E-03   
2.4634E-03   -8.1655E-03   
1.8959E-02   -4.1813E-04   
1.9047E-02   -3.8388E-04   
2.4945E-03   -8.2360E-03   
1.9162E-02   -3.7037E-04   
2.6361E-03   -8.4132E-03   
1.9468E-02   -3.7294E-04   
2.7427E-03   -8.4836E-03   
2.0057E-02   -3.9506E-04   
1.9754E-02   -3.8013E-04   
2.8320E-03   -8.5901E-03   
3.1363E-03   -8.9180E-03   
2.2955E-03   -8.8920E-03   
3.2375E-03   -9.0919E-03   
3.3587E-03   -9.2635E-03   
3.3855E-03   -1.1165E-02   
3.3362E-03   -1.0907E-02   
3.4909E-03   -9.4532E-03   
2.1060E-02   -5.0879E-04   
2.3097E-02   -4.5659E-04   
2.2087E-02   -5.8721E-04   
2.4399E-02   -5.5828E-04   
2.1554E-02   -5.4099E-04   
2.0735E-02   -3.3793E-04   
3.6577E-03   -9.6815E-03   
3.1151E-03   -1.0638E-02   
3.4302E-03   -9.9993E-03   
2.6884E-02   -6.3297E-04   
3.4628E-03   -1.1950E-02   
3.2787E-03   -1.1414E-02   
2.5364E-02   -7.8178E-04   
1.2653E-02   -3.6852E-03   
1.8846E-02   -6.5162E-04   
1.8144E-02   -1.0377E-03   
4.7944E-03   -6.9291E-03   
1.7775E-02   -1.2244E-03   
4.1627E-03   -7.1285E-03   
2.8783E-03   -7.4665E-03   
1.0403E-02   -4.6490E-03   
6.5869E-03   -6.2899E-03   
5.9812E-03   -6.5209E-03   
5.3937E-03   -6.7307E-03   
1.3894E-02   -3.0318E-03   
7.2061E-03   -6.0415E-03   
1.6527E-02   -1.8040E-03   
7.8331E-03   -5.7799E-03   
1.6974E-02   -1.6012E-03   
1.7388E-02   -1.4092E-03   
1.6049E-02   -2.0209E-03   
8.4667E-03   -5.5076E-03   
9.7489E-03   -4.9415E-03   
1.4462E-02   -2.7569E-03   
1.5544E-02   -2.2523E-03   
9.1062E-03   -5.2275E-03   
1.5013E-02   -2.4982E-03   
2.9096E-03   -7.5032E-03   
2.8516E-03   -7.5598E-03   
1.1825E-02   -4.0384E-03   
2.8037E-03   -7.6129E-03   
1.1086E-02   -4.3465E-03   
2.7723E-03   -7.6610E-03   
2.7605E-03   -7.7047E-03   
2.7644E-03   -7.7464E-03   
2.7800E-03   -7.7887E-03   
2.8060E-03   -7.8331E-03   
2.8423E-03   -7.8806E-03   
3.2507E-03   -8.2714E-03   
1.8585E-02   -6.2334E-04   
2.8892E-03   -7.9320E-03   
2.9456E-03   -7.9892E-03   
1.8642E-02   -5.4823E-04   
3.0025E-03   -8.0575E-03   
1.8705E-02   -5.0082E-04   
1.8783E-02   -4.7800E-04   
2.5073E-03   -8.3051E-03   
1.9318E-02   -4.8304E-04   
3.3916E-03   -8.3751E-03   
3.3832E-03   -8.7029E-03   
2.2795E-02   -6.3100E-04   
2.1486E-02   -7.0968E-04   
1.9997E-02   -5.2620E-04   
4.0057E-03   -9.0092E-03   
1.9613E-02   -4.9986E-04   
4.1897E-03   -9.1770E-03   
2.8537E-03   -8.7230E-03   
4.0817E-03   -1.1258E-02   
4.3359E-03   -9.3682E-03   
2.3583E-02   -6.1522E-04   
4.1980E-03   -1.0060E-02   
4.0622E-03   -1.0363E-02   
2.0579E-02   -4.7832E-04   
4.1873E-03   -1.0926E-02   
3.8614E-03   -8.8523E-03   
2.0998E-02   -6.6764E-04   
2.6194E-02   -8.0191E-04   
2.4586E-02   -7.5048E-04   
1.8242E-02   -8.7572E-04   
1.7900E-02   -1.0450E-03   
1.8540E-02   -8.1819E-04   
3.8619E-03   -7.2352E-03   
5.0497E-03   -6.8370E-03   
1.3440E-02   -3.0716E-03   
6.1458E-03   -6.4165E-03   
1.7530E-02   -1.2166E-03   
5.5520E-03   -6.6503E-03   
6.7546E-03   -6.1642E-03   
2.3465E-03   -7.5336E-03   
7.3746E-03   -5.8963E-03   
9.9426E-03   -4.7221E-03   
1.6229E-02   -1.7884E-03   
1.7130E-02   -1.3957E-03   
1.6696E-02   -1.5850E-03   
1.4050E-02   -2.7815E-03   
8.0045E-03   -5.6155E-03   
1.5723E-02   -2.0122E-03   
8.6427E-03   -5.3250E-03   
9.2890E-03   -5.0268E-03   
1.4631E-02   -2.5091E-03   
1.5189E-02   -2.2531E-03   
1.0624E-02   -4.4060E-03   
3.3737E-03   -7.3942E-03   
3.3123E-03   -7.4446E-03   
3.2526E-03   -7.4950E-03   
3.4590E-03   -7.3326E-03   
3.2271E-03   -7.5367E-03   
1.1336E-02   -4.0798E-03   
1.2076E-02   -3.7402E-03   
3.2252E-03   -7.5744E-03   
1.8499E-02   -7.2628E-04   
1.2788E-02   -3.3970E-03   
3.2397E-03   -7.6118E-03   
3.2674E-03   -7.6511E-03   
3.3579E-03   -7.7401E-03   
1.8323E-02   -6.9044E-04   
3.4265E-03   -7.7901E-03   
3.5220E-03   -7.8442E-03   
1.8345E-02   -6.3686E-04   
1.8403E-02   -5.9964E-04   
3.4485E-03   -8.0948E-03   
3.5648E-03   -8.4940E-03   
1.9104E-02   -6.1538E-04   
2.0550E-02   -6.3157E-04   
4.8172E-03   -8.8794E-03   
2.9844E-03   -8.1554E-03   
2.2008E-02   -7.6332E-04   
3.9043E-03   -8.1463E-03   
2.0873E-02   -8.4565E-04   
3.7907E-03   -8.7166E-03   
4.9641E-03   -1.0113E-02   
4.5829E-03   -8.7413E-03   
4.5328E-03   -9.5164E-03   
2.0177E-02   -6.1388E-04   
2.3939E-02   -7.2763E-04   
1.9404E-02   -6.4758E-04   
4.3702E-03   -9.7580E-03   
4.0796E-03   -1.0644E-02   
2.4652E-02   -9.5028E-04   
2.6960E-02   -8.0600E-04   
4.2803E-03   -1.1829E-02   
5.2234E-03   -1.0955E-02   
2.3319E-02   -5.2707E-04   
1.7647E-02   -1.0652E-03   
5.0752E-03   -6.8141E-03   
1.0176E-02   -4.4962E-03   
5.7296E-03   -6.5524E-03   
6.3343E-03   -6.2962E-03   
1.7270E-02   -1.2315E-03   
6.9454E-03   -6.0253E-03   
1.3629E-02   -2.8382E-03   
1.6424E-02   -1.5846E-03   
1.6870E-02   -1.4014E-03   
7.5696E-03   -5.7391E-03   
1.5924E-02   -1.7964E-03   
9.5050E-03   -4.8192E-03   
8.2054E-03   -5.4409E-03   
1.4242E-02   -2.5503E-03   
8.8511E-03   -5.1335E-03   
1.5391E-02   -2.0294E-03   
1.4828E-02   -2.2814E-03   
3.9073E-03   -7.2398E-03   
3.7443E-03   -7.3160E-03   
1.8292E-02   -7.6522E-04   
3.7012E-03   -7.3551E-03   
1.2302E-02   -3.4787E-03   
1.0875E-02   -4.1617E-03   
1.2983E-02   -3.1487E-03   
3.6923E-03   -7.3872E-03   
3.7025E-03   -7.4192E-03   
1.1590E-02   -3.8206E-03   
3.7302E-03   -7.4525E-03   
3.7727E-03   -7.4887E-03   
3.8279E-03   -7.5292E-03   
1.8481E-02   -5.8630E-04   
3.9025E-03   -7.5724E-03   
3.6490E-03   -7.9138E-03   
4.0099E-03   -7.6144E-03   
1.7947E-02   -8.0533E-04   
2.0020E-02   -7.5605E-04   
1.7998E-02   -7.4456E-04   
4.0750E-03   -8.2316E-03   
4.1581E-03   -8.4885E-03   
1.8845E-02   -5.9760E-04   
3.8334E-03   -8.0569E-03   
1.9700E-02   -7.0260E-04   
5.2560E-03   -8.6134E-03   
5.3053E-03   -9.4591E-03   
4.4125E-03   -8.6025E-03   
5.0255E-03   -9.3005E-03   
1.8829E-02   -7.7815E-04   
2.3190E-02   -8.2787E-04   
5.9160E-03   -9.8297E-03   
2.3917E-02   -9.0515E-04   
4.7686E-03   -1.0391E-02   
2.4681E-02   -1.1703E-03   
5.3565E-03   -1.1645E-02   
2.6437E-02   -1.0121E-03   
2.7714E-02   -6.8292E-04   
5.9627E-03   -1.1184E-02   
2.2449E-02   -8.4451E-04   
1.7759E-02   -9.4031E-04   
4.4680E-03   -7.0387E-03   
5.3834E-03   -6.6753E-03   
5.9526E-03   -6.4297E-03   
9.7509E-03   -4.6077E-03   
6.5467E-03   -6.1618E-03   
1.7034E-02   -1.2611E-03   
1.6652E-02   -1.4003E-03   
7.1609E-03   -5.8748E-03   
4.1785E-03   -7.1539E-03   
1.6155E-02   -1.5995E-03   
1.3850E-02   -2.6174E-03   
7.7918E-03   -5.5721E-03   
9.0869E-03   -4.9365E-03   
1.5618E-02   -1.8252E-03   
8.4352E-03   -5.2581E-03   
1.4464E-02   -2.3341E-03   
1.5053E-02   -2.0703E-03   
4.1732E-03   -7.1668E-03   
1.0438E-02   -4.2685E-03   
1.2542E-02   -3.2411E-03   
1.3209E-02   -2.9205E-03   
4.1721E-03   -7.1859E-03   
1.1847E-02   -3.5783E-03   
4.1706E-03   -7.2135E-03   
4.1959E-03   -7.2400E-03   
1.1142E-02   -3.9232E-03   
1.8066E-02   -8.1647E-04   
4.3763E-03   -7.3386E-03   
4.2404E-03   -7.2685E-03   
1.8054E-02   -7.1806E-04   
4.3006E-03   -7.3012E-03   
1.8838E-02   -4.8401E-04   
4.1699E-03   -7.8474E-03   
4.1538E-03   -7.6559E-03   
4.4072E-03   -7.9018E-03   
4.4815E-03   -7.3746E-03   
1.7576E-02   -9.1023E-04   
1.9120E-02   -8.2548E-04   
1.8562E-02   -7.4792E-04   
4.4832E-03   -8.0050E-03   
5.1526E-03   -8.4622E-03   
5.8130E-03   -9.1001E-03   
2.3925E-02   -1.1238E-03   
1.9433E-02   -8.8322E-04   
4.9395E-03   -8.3292E-03   
2.1828E-02   -9.6164E-04   
6.0965E-03   -9.4903E-03   
2.2390E-02   -1.0575E-03   
5.7419E-03   -1.0209E-02   
4.2740E-03   -8.3008E-03   
2.5509E-02   -1.2114E-03   
2.0415E-02   -8.0057E-04   
2.8593E-02   -5.4623E-04   
6.5293E-03   -1.0724E-02   
4.5873E-03   -6.9972E-03   
1.7368E-02   -1.1076E-03   
5.6197E-03   -6.5578E-03   
6.1910E-03   -6.2969E-03   
6.7864E-03   -6.0151E-03   
9.3484E-03   -4.7367E-03   
1.6988E-02   -1.1991E-03   
4.9212E-03   -6.8637E-03   
1.6423E-02   -1.4139E-03   
1.0025E-02   -4.3947E-03   
7.4062E-03   -5.7127E-03   
1.5869E-02   -1.6389E-03   
8.0446E-03   -5.3950E-03   
8.6928E-03   -5.0687E-03   
1.4097E-02   -2.4100E-03   
1.5302E-02   -1.8757E-03   
1.4711E-02   -2.1321E-03   
4.7100E-03   -6.9533E-03   
1.2118E-02   -3.3520E-03   
1.3459E-02   -2.7073E-03   
1.2798E-02   -3.0218E-03   
1.8628E-02   -5.8370E-04   
4.6468E-03   -6.9971E-03   
1.0718E-02   -4.0456E-03   
4.6667E-03   -7.0160E-03   
1.1420E-02   -3.6958E-03   
1.7615E-02   -8.7053E-04   
4.8513E-03   -7.0903E-03   
4.7114E-03   -7.0357E-03   
4.9521E-03   -7.1224E-03   
4.7734E-03   -7.0601E-03   
5.2014E-03   -7.6889E-03   
1.7479E-02   -9.9468E-04   
1.8118E-02   -7.1716E-04   
4.6185E-03   -7.4092E-03   
1.9392E-02   -3.3777E-04   
5.4810E-03   -8.0039E-03   
1.8333E-02   -7.3302E-04   
2.0220E-02   -9.9593E-04   
1.9792E-02   -9.4049E-04   
1.8800E-02   -1.0252E-03   
1.8503E-02   -9.6906E-04   
2.1508E-02   -1.1813E-03   
1.8234E-02   -9.2636E-04   
4.7365E-03   -8.2350E-03   
6.0333E-03   -8.3048E-03   
4.3008E-03   -7.6927E-03   
4.8612E-03   -7.6414E-03   
6.2602E-03   -8.7398E-03   
2.2598E-02   -1.2497E-03   
6.2529E-03   -9.2007E-03   
4.8437E-03   -8.0311E-03   
2.4691E-02   -1.4085E-03   
6.0371E-03   -1.0505E-02   
2.9693E-02   -2.8755E-04   
6.8738E-03   -9.5015E-03   
2.8532E-02   -7.5168E-04   
2.3917E-02   -1.3607E-03   
2.1360E-02   -8.9161E-04   
6.7413E-03   -9.8299E-03   
5.0817E-03   -6.7927E-03   
5.8868E-03   -6.4240E-03   
6.4543E-03   -6.1534E-03   
9.6332E-03   -4.5367E-03   
1.6712E-02   -1.2365E-03   
7.0507E-03   -5.8587E-03   
8.9729E-03   -4.8772E-03   
1.6128E-02   -1.4733E-03   
7.6819E-03   -5.5401E-03   
8.3250E-03   -5.2110E-03   
1.5576E-02   -1.6978E-03   
1.2403E-02   -3.1416E-03   
1.4363E-02   -2.2181E-03   
1.4987E-02   -1.9438E-03   
1.3724E-02   -2.5123E-03   
5.0849E-03   -6.7964E-03   
1.3072E-02   -2.8191E-03   
1.7191E-02   -1.0691E-03   
1.0316E-02   -4.1859E-03   
1.1711E-02   -3.4814E-03   
5.1427E-03   -6.7845E-03   
1.1012E-02   -3.8318E-03   
5.1904E-03   -6.7918E-03   
5.4294E-03   -6.8557E-03   
5.3299E-03   -6.8291E-03   
1.7173E-02   -1.0400E-03   
5.2507E-03   -6.8074E-03   
1.7657E-02   -8.5888E-04   
1.9080E-02   -4.8707E-04   
5.0659E-03   -7.1598E-03   
1.7997E-02   -8.9850E-04   
1.8138E-02   -1.1857E-03   
4.6847E-03   -7.6001E-03   
1.8127E-02   -7.5081E-04   
1.7862E-02   -1.1330E-03   
1.8436E-02   -1.2535E-03   
6.1823E-03   -7.8747E-03   
2.0719E-02   -1.0425E-03   
1.9516E-02   -1.1583E-03   
4.8295E-03   -7.4357E-03   
2.0640E-02   -1.2801E-03   
6.9258E-03   -8.8163E-03   
5.7171E-03   -8.6560E-03   
6.5579E-03   -7.9246E-03   
5.7080E-03   -7.7061E-03   
2.3888E-02   -1.6162E-03   
2.5494E-02   -1.4551E-03   
7.1474E-03   -9.1066E-03   
6.8021E-03   -1.0123E-02   
2.9274E-02   -6.2549E-04   
7.5101E-03   -9.5207E-03   
5.3303E-03   -6.6815E-03   
6.1876E-03   -6.2753E-03   
9.2695E-03   -4.6885E-03   
6.7100E-03   -6.0146E-03   
1.6324E-02   -1.3622E-03   
9.9353E-03   -4.3410E-03   
7.3364E-03   -5.6955E-03   
8.6211E-03   -5.0278E-03   
1.5859E-02   -1.5440E-03   
1.2700E-02   -2.9488E-03   
7.9762E-03   -5.3642E-03   
1.2019E-02   -3.2811E-03   
5.6490E-03   -6.5356E-03   
1.5308E-02   -1.7691E-03   
1.3992E-02   -2.3418E-03   
1.3354E-02   -2.6373E-03   
5.6981E-03   -6.5296E-03   
1.1321E-02   -3.6294E-03   
1.0622E-02   -3.9854E-03   
1.7189E-02   -1.0194E-03   
1.7810E-02   -8.8444E-04   
5.9118E-03   -6.5769E-03   
5.7399E-03   -6.5432E-03   
5.2409E-03   -7.3827E-03   
5.8135E-03   -6.5576E-03   
1.7705E-02   -8.7151E-04   
5.5411E-03   -6.8908E-03   
6.9136E-03   -7.6013E-03   
1.7453E-02   -1.3670E-03   
5.1581E-03   -7.2081E-03   
1.7728E-02   -1.4318E-03   
1.7613E-02   -1.0951E-03   
1.8772E-02   -1.3340E-03   
6.3084E-03   -7.6498E-03   
8.4690E-03   -9.3066E-03   
7.0871E-03   -7.9610E-03   
2.1075E-02   -1.4337E-03   
2.0000E-02   -1.2230E-03   
2.5482E-02   -1.7032E-03   
5.9778E-03   -7.4469E-03   
7.6385E-03   -9.7467E-03   
2.3119E-02   -1.5628E-03   
2.6313E-02   -1.2672E-03   
7.8116E-03   -8.6985E-03   
6.8175E-03   -8.3166E-03   
7.1763E-03   -8.4670E-03   
2.3839E-02   -1.8933E-03   
1.6720E-02   -1.1974E-03   
9.5793E-03   -4.5064E-03   
8.9300E-03   -4.8494E-03   
6.3035E-03   -6.2194E-03   
1.5125E-02   -1.8278E-03   
1.7265E-02   -1.0477E-03   
6.9972E-03   -5.8659E-03   
1.2341E-02   -3.0964E-03   
1.6186E-02   -1.3953E-03   
1.3009E-02   -2.7751E-03   
1.5609E-02   -1.6265E-03   
7.6394E-03   -5.5306E-03   
1.1647E-02   -3.4395E-03   
1.0252E-02   -4.1536E-03   
1.0946E-02   -3.7951E-03   
6.2501E-03   -6.2674E-03   
1.4194E-02   -2.2306E-03   
1.3644E-02   -2.4784E-03   
6.3967E-03   -6.2906E-03   
6.3030E-03   -6.2800E-03   
5.6290E-03   -6.9535E-03   
6.0273E-03   -6.6046E-03   
1.7213E-02   -1.0242E-03   
6.5820E-03   -7.1388E-03   
1.7396E-02   -1.0711E-03   
1.7013E-02   -1.6283E-03   
6.4986E-03   -7.3726E-03   
1.7196E-02   -1.3196E-03   
1.8019E-02   -1.5155E-03   
2.2327E-02   -1.5019E-03   
1.9188E-02   -1.4160E-03   
7.4730E-03   -7.6064E-03   
5.6228E-03   -7.0935E-03   
5.4453E-03   -7.4259E-03   
2.1892E-02   -1.3302E-03   
2.0262E-02   -1.5855E-03   
7.6439E-03   -7.9483E-03   
8.6026E-03   -9.6213E-03   
8.8666E-03   -8.8623E-03   
7.1467E-03   -7.2879E-03   
2.3185E-02   -1.3067E-03   
2.4675E-02   -1.9189E-03   
2.6286E-02   -1.5002E-03   
2.7055E-02   -1.1231E-03   
7.8259E-03   -8.1084E-03   
8.6967E-03   -8.4144E-03   
1.5335E-02   -1.7367E-03   
8.5974E-03   -5.0269E-03   
9.2333E-03   -4.6882E-03   
1.6715E-02   -1.2200E-03   
1.3992E-02   -2.3178E-03   
1.3345E-02   -2.6136E-03   
1.5809E-02   -1.5448E-03   
9.8950E-03   -4.3380E-03   
1.2681E-02   -2.9272E-03   
1.1993E-02   -3.2627E-03   
7.9720E-03   -5.3608E-03   
1.1289E-02   -3.6162E-03   
1.0584E-02   -3.9777E-03   
6.7243E-03   -6.0154E-03   
6.7926E-03   -6.0036E-03   
6.8785E-03   -6.0045E-03   
6.5162E-03   -6.3079E-03   
6.1360E-03   -6.6544E-03   
7.3082E-03   -5.7142E-03   
1.6710E-02   -1.1966E-03   
1.6511E-02   -1.5318E-03   
1.4678E-02   -2.0124E-03   
1.6750E-02   -1.5722E-03   
6.5304E-03   -6.9913E-03   
5.9908E-03   -7.1037E-03   
8.4424E-03   -7.7136E-03   
1.7285E-02   -1.7019E-03   
6.2159E-03   -6.7398E-03   
1.6698E-02   -1.2886E-03   
7.9057E-03   -7.2035E-03   
1.8323E-02   -1.6275E-03   
7.3661E-03   -6.9450E-03   
2.0730E-02   -1.6714E-03   
2.1706E-02   -1.7470E-03   
1.9716E-02   -1.4940E-03   
2.7852E-02   -1.1192E-03   
9.2003E-03   -8.0035E-03   
8.7909E-03   -7.8587E-03   
9.5738E-03   -8.8969E-03   
2.3871E-02   -2.1708E-03   
8.8658E-03   -9.9310E-03   
2.5435E-02   -1.9549E-03   
2.7114E-02   -1.3160E-03   
1.5686E-02   -1.6084E-03   
8.8842E-03   -4.8924E-03   
8.2669E-03   -5.2214E-03   
1.3714E-02   -2.4598E-03   
1.6211E-02   -1.3928E-03   
1.3047E-02   -2.7700E-03   
9.5403E-03   -4.5436E-03   
1.2364E-02   -3.0980E-03   
1.0230E-02   -4.1802E-03   
1.1657E-02   -3.4480E-03   
7.3472E-03   -5.7274E-03   
1.0939E-02   -3.8125E-03   
7.0030E-03   -6.0064E-03   
1.5064E-02   -1.8668E-03   
1.6030E-02   -1.8046E-03   
7.7561E-03   -5.4929E-03   
6.7543E-03   -6.4094E-03   
7.1487E-03   -6.0216E-03   
6.8735E-03   -6.6848E-03   
1.4387E-02   -2.1571E-03   
1.6296E-02   -1.8440E-03   
2.0841E-02   -1.8950E-03   
1.6152E-02   -1.4512E-03   
1.6563E-02   -1.9028E-03   
7.2675E-03   -6.7269E-03   
1.7534E-02   -1.8043E-03   
1.8784E-02   -1.7255E-03   
1.6285E-02   -1.5148E-03   
9.7910E-03   -7.5745E-03   
8.0066E-03   -6.8963E-03   
8.8975E-03   -6.8962E-03   
2.1433E-02   -1.5916E-03   
2.8135E-02   -1.3635E-03   
9.4103E-03   -7.4128E-03   
1.9395E-02   -1.8019E-03   
2.1530E-02   -1.9992E-03   
2.3062E-02   -2.4917E-03   
9.7805E-03   -8.1093E-03   
9.9660E-03   -8.4305E-03   
2.2786E-02   -2.1877E-03   
2.8457E-02   -9.3618E-04   
2.6290E-02   -1.7393E-03   
7.6795E-03   -1.0398E-02   
7.9963E-03   -7.6404E-03   
8.5110E-03   -5.1278E-03   
7.9021E-03   -5.4462E-03   
1.3441E-02   -2.6242E-03   
1.5502E-02   -1.7256E-03   
1.2760E-02   -2.9464E-03   
9.8685E-03   -4.4097E-03   
7.4713E-03   -5.7135E-03   
1.2051E-02   -3.2923E-03   
7.2937E-03   -6.0652E-03   
1.0589E-02   -4.0332E-03   
6.8410E-03   -6.5121E-03   
1.1321E-02   -3.6582E-03   
1.4116E-02   -2.3159E-03   
7.6412E-03   -5.7003E-03   
1.5538E-02   -2.1035E-03   
1.6059E-02   -1.5374E-03   
1.4783E-02   -2.0227E-03   
1.5800E-02   -1.7733E-03   
1.5917E-02   -2.0918E-03   
1.6842E-02   -1.9752E-03   
1.0475E-02   -7.1120E-03   
8.3027E-03   -6.5544E-03   
9.2392E-03   -6.9911E-03   
8.5893E-03   -6.8126E-03   
1.9822E-02   -2.1820E-03   
2.6163E-02   -1.9776E-03   
1.0205E-02   -8.9751E-03   
7.7044E-03   -6.3523E-03   
8.9189E-03   -7.3245E-03   
1.9118E-02   -2.1245E-03   
2.2235E-02   -2.0242E-03   
2.8781E-02   -1.0817E-03   
2.7324E-02   -1.7779E-03   
2.3356E-02   -2.7406E-03   
1.1127E-02   -8.0858E-03   
8.6647E-03   -1.0394E-02   
1.8430E-02   -2.0710E-03   
6.9569E-03   -1.0362E-02   
1.3179E-02   -2.8083E-03   
1.5631E-02   -1.7468E-03   
1.3858E-02   -2.4916E-03   
1.2477E-02   -3.1471E-03   
1.0232E-02   -4.2814E-03   
8.0983E-03   -5.3979E-03   
6.3029E-03   -6.8282E-03   
7.4083E-03   -6.1529E-03   
1.4529E-02   -2.1892E-03   
7.8460E-03   -5.7006E-03   
1.5275E-02   -2.0692E-03   
9.1699E-03   -4.7793E-03   
1.0984E-02   -3.8929E-03   
1.0024E-02   -6.9040E-03   
9.3491E-03   -6.5196E-03   
1.6060E-02   -2.1972E-03   
8.8397E-03   -6.5207E-03   
7.4962E-03   -6.2759E-03   
7.9969E-03   -6.3721E-03   
7.9075E-03   -6.5605E-03   
9.9197E-03   -6.5606E-03   
1.0764E-02   -7.3499E-03   
2.0556E-02   -2.2590E-03   
2.5269E-02   -2.2631E-03   
1.8829E-02   -2.4665E-03   
1.4626E-02   -2.4334E-03   
1.7466E-02   -2.3945E-03   
2.1433E-02   -2.3476E-03   
1.1300E-02   -8.6276E-03   
9.2960E-03   -9.2463E-03   
1.8156E-02   -2.4162E-03   
2.3037E-02   -1.8396E-03   
1.1722E-02   -8.1854E-03   
1.0642E-02   -7.9878E-03   
2.4401E-02   -2.6515E-03   
2.2279E-02   -2.8600E-03   
1.3615E-02   -2.6804E-03   
1.2952E-02   -3.0001E-03   
1.5037E-02   -2.0440E-03   
8.0192E-03   -5.7572E-03   
1.5094E-02   -1.9398E-03   
1.4285E-02   -2.3722E-03   
1.2222E-02   -3.3615E-03   
8.3506E-03   -5.3505E-03   
1.0644E-02   -4.1535E-03   
1.1428E-02   -3.7561E-03   
1.0227E-02   -6.1518E-03   
9.6861E-03   -6.1520E-03   
8.7776E-03   -5.0464E-03   
8.0992E-03   -6.0458E-03   
8.0877E-03   -5.8946E-03   
8.5088E-03   -6.0017E-03   
9.4942E-03   -4.6694E-03   
1.6490E-02   -2.2698E-03   
1.4103E-02   -2.8011E-03   
1.7218E-02   -2.7309E-03   
8.6450E-03   -6.1798E-03   
1.6646E-02   -2.4920E-03   
1.1553E-02   -7.6506E-03   
1.9502E-02   -2.5401E-03   
1.1588E-02   -6.8563E-03   
9.1082E-03   -8.5265E-03   
1.2416E-02   -8.2435E-03   
1.5413E-02   -2.5670E-03   
1.7852E-02   -2.7685E-03   
1.0966E-02   -6.3372E-03   
1.2195E-02   -7.7433E-03   
1.0784E-02   -9.0990E-03   
2.2634E-02   -3.1004E-03   
2.5543E-02   -2.5665E-03   
1.3429E-02   -2.8484E-03   
1.4047E-02   -2.5685E-03   
9.8798E-03   -4.5518E-03   
8.7056E-03   -5.6986E-03   
1.1103E-02   -4.0304E-03   
9.5399E-03   -5.7864E-03   
8.7087E-03   -5.2963E-03   
1.4413E-02   -2.8745E-03   
9.1137E-03   -4.9564E-03   
8.8475E-03   -5.4238E-03   
1.7122E-02   -2.0197E-03   
1.1945E-02   -3.6191E-03   
1.4651E-02   -2.2911E-03   
1.0037E-02   -5.7697E-03   
1.6907E-02   -3.0876E-03   
1.0571E-02   -5.7619E-03   
1.6686E-02   -2.7141E-03   
8.2434E-03   -8.8034E-03   
1.3335E-02   -8.2409E-03   
1.8486E-02   -2.8330E-03   
9.6487E-03   -9.4138E-03   
1.2211E-02   -5.9898E-03   
1.1894E-02   -7.1651E-03   
1.5682E-02   -2.7187E-03   
2.0193E-02   -2.6373E-03   
1.1425E-02   -9.2409E-03   
1.2431E-02   -6.3270E-03   
1.2697E-02   -7.2659E-03   
1.2040E-02   -8.7113E-03   
2.1510E-02   -3.2547E-03   
1.0770E-02   -6.1347E-03   
2.6755E-02   -2.4511E-03   
1.0318E-02   -4.4294E-03   
1.0404E-02   -5.3695E-03   
1.2864E-02   -3.1691E-03   
9.5565E-03   -4.8303E-03   
1.3451E-02   -3.2026E-03   
1.1125E-02   -5.7726E-03   
9.1711E-03   -5.7874E-03   
1.8111E-02   -3.2194E-03   
1.1578E-02   -3.9297E-03   
1.0927E-02   -5.3587E-03   
9.3573E-03   -5.0498E-03   
1.4687E-02   -3.0049E-03   
1.7501E-02   -3.1450E-03   
1.3732E-02   -2.8104E-03   
9.2898E-03   -5.5510E-03   
1.5896E-02   -2.9064E-03   
1.0062E-02   -7.7414E-03   
1.1639E-02   -5.8454E-03   
1.2716E-02   -6.5971E-03   
1.3203E-02   -6.7714E-03   
1.3460E-02   -7.4015E-03   
1.4548E-02   -7.7313E-03   
2.1906E-02   -3.5435E-03   
1.0689E-02   -9.7587E-03   
1.9759E-02   -3.0294E-03   
2.7581E-02   -2.0903E-03   
1.0770E-02   -4.3251E-03   
1.0016E-02   -4.7075E-03   
1.2531E-02   -3.5022E-03   
1.1291E-02   -4.9521E-03   
1.3696E-02   -3.3245E-03   
1.6203E-02   -3.0875E-03   
1.4951E-02   -3.1619E-03   
1.1496E-02   -5.3545E-03   
1.7143E-02   -3.5380E-03   
1.6551E-02   -3.4685E-03   
2.0449E-02   -3.3710E-03   
1.8741E-02   -3.3179E-03   
1.4350E-02   -6.3875E-03   
1.3528E-02   -6.1016E-03   
9.8713E-03   -5.4219E-03   
2.0807E-02   -2.7843E-03   
2.3608E-02   -2.9494E-03   
2.0759E-02   -4.0704E-03   
1.4602E-02   -7.3318E-03   
1.4583E-02   -8.1403E-03   
1.4758E-02   -6.9154E-03   
1.2720E-02   -5.4510E-03   
1.1981E-02   -9.4494E-03   
2.7904E-02   -2.3406E-03   
1.0435E-02   -4.6356E-03   
1.3334E-02   -3.0914E-03   
1.0051E-02   -5.1207E-03   
1.1945E-02   -3.8986E-03   
1.6077E-02   -3.9458E-03   
1.2658E-02   -3.6909E-03   
1.1213E-02   -4.2561E-03   
1.3960E-02   -3.4746E-03   
1.1850E-02   -4.9311E-03   
1.5383E-02   -3.5394E-03   
1.2489E-02   -4.9183E-03   
1.5597E-02   -3.7552E-03   
2.1217E-02   -2.9950E-03   
1.7759E-02   -3.6114E-03   
1.9429E-02   -3.4446E-03   
2.4439E-02   -3.0006E-03   
1.3309E-02   -5.8215E-03   
2.0333E-02   -3.1216E-03   
1.3253E-02   -5.5357E-03   
1.9623E-02   -3.7580E-03   
1.0801E-02   -4.9285E-03   
1.3285E-02   -4.9041E-03   
1.5124E-02   -6.4563E-03   
1.9678E-02   -4.0955E-03   
2.1932E-02   -3.8704E-03   
1.3697E-02   -6.3505E-03   
1.5593E-02   -6.9126E-03   
1.5479E-02   -7.6463E-03   
1.1134E-02   -9.9332E-03   
1.0837E-02   -4.6312E-03   
1.2819E-02   -4.4801E-03   
1.1747E-02   -4.1542E-03   
1.3004E-02   -3.7898E-03   
1.4113E-02   -5.3578E-03   
1.2174E-02   -4.5307E-03   
1.4943E-02   -4.2180E-03   
1.6927E-02   -3.8750E-03   
1.6546E-02   -7.3675E-03   
1.8745E-02   -4.1435E-03   
9.6927E-03   -5.0025E-03   
1.3932E-02   -5.0510E-03   
1.8337E-02   -3.7203E-03   
1.4288E-02   -3.6114E-03   
1.4558E-02   -4.0188E-03   
1.5555E-02   -5.9819E-03   
1.0847E-02   -1.0336E-02   
1.5951E-02   -6.5097E-03   
1.9610E-02   -4.4221E-03   
2.2698E-02   -3.5933E-03   
1.5224E-02   -3.3273E-03   
9.4384E-03   -5.2859E-03   
1.1629E-02   -4.6088E-03   
1.3499E-02   -4.4649E-03   
1.2301E-02   -4.2308E-03   
1.7345E-02   -4.0169E-03   
1.3824E-02   -4.0444E-03   
1.4271E-02   -4.6296E-03   
1.2255E-02   -4.0547E-03   
1.8840E-02   -4.8399E-03   
1.1586E-02   -4.4314E-03   
2.3659E-02   -3.4470E-03   
1.8686E-02   -4.5120E-03   
1.4716E-02   -5.8925E-03   
1.4106E-02   -4.4460E-03   
1.7287E-02   -6.8751E-03   
9.6230E-03   -1.0786E-02   
1.4652E-02   -3.7042E-03   
1.5452E-02   -5.3445E-03   
1.6321E-02   -4.2669E-03   
1.6783E-02   -4.5139E-03   
1.6103E-02   -5.4699E-03   
1.9178E-02   -5.1328E-03   
1.4778E-02   -4.9681E-03   
1.6849E-02   -6.5863E-03   
1.7678E-02   -7.0932E-03   
1.6579E-02   -4.9751E-03   
1.5044E-02   -5.1604E-03   
1.8723E-02   -7.0585E-03   
1.6784E-02   -5.6085E-03   
1.8817E-02   -3.8366E-03   
2.0489E-02   -4.8809E-03   
1.7965E-02   -5.3361E-03   
1.5658E-02   -4.7307E-03   
1.7709E-02   -4.5488E-03   
1.6297E-02   -6.0699E-03   
1.8194E-02   -5.6458E-03   
2.1498E-02   -4.3055E-03   
1.9834E-02   -6.5025E-03   
1.7268E-02   -5.7529E-03   
1.5902E-02   -4.9438E-03   
1.8146E-02   -6.0489E-03   
1.9176E-02   -6.0331E-03   
2.0501E-02   -5.5818E-03   
2.0978E-02   -5.1066E-03   
2.0132E-02   -6.0714E-03   
9.8812E-04   -1.2819E-02   
1.8036E-02   -6.4230E-03   
1.7005E-02   -7.6126E-03   
2.9643E-02   -1.0718E-03   
2.2291E-03   -1.0755E-02   
3.2339E-02   -1.5985E-04   
2.9066E-02   -2.2260E-03   
1.7952E-03   -1.2966E-02   
8.5913E-03   -1.0812E-02   
2.0258E-02   -6.7466E-03   
3.0142E-02   -5.7083E-04   
2.7437E-03   -1.2854E-02   
9.6493E-03   -9.9973E-03   
3.8963E-03   -1.2693E-02   
5.0737E-03   -1.2518E-02   
6.2489E-03   -1.2307E-02   
7.4615E-03   -1.2067E-02   
3.3375E-02   -1.4627E-04   
8.6997E-03   -1.1802E-02   
9.9987E-03   -1.1497E-02   
2.8312E-02   -1.8157E-03   
1.1338E-02   -1.1181E-02   
3.4441E-02   -1.4098E-04   
1.2698E-02   -1.0850E-02   
1.4097E-02   -1.0506E-02   
2.1677E-02   -4.6725E-03   
1.5676E-02   -1.0094E-02   
3.5562E-02   -1.3075E-04   
2.4677E-02   -2.1412E-03   
1.6937E-02   -9.9020E-03   
1.2654E-02   -7.8774E-03   
6.5349E-03   -1.1424E-02   
2.8517E-02   -1.5828E-03   
1.8407E-02   -9.4259E-03   
2.0057E-02   -9.0887E-03   
3.6719E-02   -1.1576E-04   
2.1595E-02   -8.7430E-03   
1.3390E-02   -9.1333E-03   
2.3304E-02   -8.3236E-03   
2.4635E-02   -8.1293E-03   
3.7918E-02   -1.0057E-04   
2.6178E-02   -7.6421E-03   
2.7920E-02   -7.2306E-03   
2.8852E-03   -1.2214E-02   
2.9552E-02   -6.7887E-03   
3.9301E-02   -9.0922E-05   
3.0558E-02   -3.5606E-04   
1.4307E-02   -8.6002E-03   
3.1321E-02   -6.2314E-03   
3.3009E-02   -5.7304E-03   
2.7115E-02   -2.6602E-03   
4.0838E-02   -4.9313E-05   
2.4730E-02   -3.2762E-03   
2.2773E-02   -3.8585E-03   
3.6331E-02   -4.4909E-03   
4.2491E-02   -7.1300E-04   
4.2796E-02   -7.1061E-04   
4.2631E-02   -2.0241E-04   
4.2758E-02   -8.4593E-05   
4.2532E-02   -4.5305E-04   
1.1672E-02   -1.0404E-02   
4.0046E-02   -2.6000E-03   
3.3424E-03   -1.2452E-02   
2.5567E-02   -3.3360E-03   
2.4080E-02   -3.7318E-03   
5.8786E-03   -1.1825E-02   
2.2562E-02   -4.6553E-03   
7.5908E-03   -1.1226E-02   
3.0442E-02   -9.0225E-04   
2.1281E-02   -5.6545E-03   
2.9866E-02   -1.8758E-03   
8.4260E-03   -1.1246E-02   
1.4993E-02   -8.7643E-03   
5.7828E-03   -1.2119E-02   
1.6575E-02   -8.1623E-03   
8.2227E-03   -1.1625E-02   
2.6849E-02   -2.9846E-03   
2.9070E-02   -6.5257E-03   
2.1148E-02   -8.4742E-03   
1.0875E-02   -1.0952E-02   
1.3781E-02   -9.3858E-03   
1.3616E-02   -1.0277E-02   
1.3291E-02   -9.9395E-03   
3.4962E-02   -2.7477E-04   
2.1726E-02   -6.4512E-03   
3.1051E-02   -5.1055E-04   
2.9425E-02   -2.4317E-03   
3.2902E-02   -2.8467E-04   
3.9130E-02   -1.9624E-04   
1.9303E-02   -7.2835E-03   
2.3837E-02   -7.8092E-03   
2.8988E-02   -1.2086E-03   
2.9397E-02   -1.6433E-03   
2.1776E-02   -4.8931E-03   
1.5836E-02   -7.7870E-03   
4.1765E-02   -1.9736E-05   
3.4734E-02   -5.1143E-03   
1.6106E-02   -9.6070E-03   
3.1711E-02   -5.7258E-03   
4.2846E-02   -4.8172E-04   
4.3040E-02   -4.4352E-05   
4.2976E-02   -1.2437E-04   
4.2894E-02   -2.9113E-04   
2.6354E-02   -7.1481E-03   
1.8518E-02   -8.9137E-03   
3.7243E-02   -2.1711E-04   
3.7821E-02   -3.2650E-03   
4.1017E-02   -1.4381E-04   
3.9853E-02   -2.3749E-03   
4.0749E-02   -1.0430E-03   
4.1208E-02   -2.0082E-04   
4.1002E-02   -4.4910E-04   
4.0494E-02   -1.6230E-03   
2.6622E-02   -3.3748E-03   
2.0818E-02   -8.1882E-03   
3.0768E-02   -7.0036E-04   
3.1823E-02   -5.8699E-04   
3.4335E-02   -4.3783E-04   
3.7308E-03   -1.2126E-02   
1.8850E-02   -7.8211E-03   
2.3839E-02   -4.2368E-03   
1.4487E-02   -9.7784E-03   
3.0638E-02   -1.1082E-03   
3.6594E-02   -3.5768E-04   
3.4177E-02   -4.9738E-03   
1.0502E-02   -1.0748E-02   
1.9691E-02   -8.4266E-03   
1.5666E-02   -9.4374E-03   
2.3497E-02   -7.5763E-03   
1.7466E-02   -8.1506E-03   
2.7901E-02   -6.5582E-03   
2.2619E-02   -5.3997E-03   
1.7174E-02   -9.0346E-03   
2.9053E-02   -2.8005E-03   
3.0250E-02   -2.1047E-03   
2.5051E-02   -7.2343E-03   
2.2818E-02   -5.8318E-03   
3.7894E-02   -3.0423E-04   
2.2175E-02   -6.7713E-03   
3.5462E-02   -3.9653E-04   
1.6311E-02   -8.6344E-03   
3.0281E-02   -1.3770E-03   
2.2139E-02   -7.8894E-03   
2.3479E-02   -4.7823E-03   
3.3028E-02   -4.6973E-04   
3.0633E-02   -1.5552E-03   
3.9069E-02   -1.5890E-03   
3.9716E-02   -3.4529E-04   
3.9476E-02   -7.2398E-04   
3.9947E-02   -2.0074E-04   
2.7735E-02   -3.0226E-03   
3.5691E-02   -4.1208E-03   
3.8156E-02   -2.7065E-03   
4.0926E-02   -3.7232E-04   
4.0581E-02   -1.3902E-03   
4.0622E-02   -7.2153E-04   
4.0455E-02   -8.7204E-04   
2.1736E-02   -7.6243E-03   
1.6331E-02   -8.9725E-03   
3.7012E-02   -4.6134E-04   
3.2938E-02   -5.2303E-03   
1.8894E-02   -8.3331E-03   
2.3170E-02   -6.1766E-03   
2.1269E-02   -7.3733E-03   
3.1492E-02   -1.9652E-03   
3.2574E-02   -6.7950E-04   
2.6722E-02   -6.6258E-03   
3.4890E-02   -5.4482E-04   
3.9336E-02   -9.7348E-04   
3.9837E-02   -5.0012E-04   
3.1822E-02   -1.4361E-03   
2.6408E-02   -3.7967E-03   
3.1753E-02   -1.0351E-03   
2.4986E-02   -4.2618E-03   
3.8989E-02   -1.2801E-03   
3.6194E-02   -3.4056E-03   
3.0115E-02   -2.7620E-03   
2.9492E-02   -5.9501E-03   
2.3916E-02   -5.2852E-03   
2.0001E-02   -7.7233E-03   
2.4449E-02   -7.0039E-03   
2.9306E-02   -3.0578E-03   
3.9044E-02   -3.0790E-04   
3.5394E-02   -3.9392E-03   
3.8378E-02   -2.1444E-03   
2.7011E-02   -6.0741E-03   
2.5378E-02   -5.0726E-03   
2.9104E-02   -3.4136E-03   
3.1327E-02   -2.5690E-03   
2.5404E-02   -6.4291E-03   
2.2640E-02   -7.0517E-03   
3.7414E-02   -5.4944E-04   
3.4552E-02   -4.0169E-03   
3.4990E-02   -7.1976E-04   
3.6317E-02   -6.3169E-04   
2.4016E-02   -6.7438E-03   
3.2569E-02   -1.1274E-03   
3.2662E-02   -8.6886E-04   
3.2278E-02   -1.6247E-03   
2.3704E-02   -5.0519E-03   
2.4493E-02   -5.9284E-03   
3.1987E-02   -2.1535E-03   
2.9882E-02   -5.4485E-03   
2.7547E-02   -3.8093E-03   
2.6181E-02   -4.2360E-03   
2.5256E-02   -5.4821E-03   
3.0390E-02   -3.2097E-03   
3.1202E-02   -2.8865E-03   
3.0676E-02   -5.8320E-03   
3.2745E-02   -1.7985E-03   
2.4936E-02   -6.1817E-03   
3.8494E-02   -4.5793E-04   
3.3712E-02   -9.0224E-04   
3.3014E-02   -1.3293E-03   
3.2823E-02   -4.6433E-03   
3.4603E-02   -9.6063E-04   
2.6109E-02   -4.5868E-03   
2.8410E-02   -3.8580E-03   
3.1483E-02   -3.1157E-03   
2.5766E-02   -5.6519E-03   
3.4279E-02   -1.2022E-03   
3.5325E-02   -3.4351E-03   
3.2530E-02   -2.2664E-03   
3.3985E-02   -1.6223E-03   
3.2206E-02   -5.2320E-03   
3.6859E-02   -7.1762E-04   
2.6936E-02   -4.6526E-03   
2.8348E-02   -4.1951E-03   
3.8974E-02   -5.2756E-04   
3.3612E-02   -2.1070E-03   
3.7567E-02   -7.7528E-04   
2.7134E-02   -5.3117E-03   
3.4523E-02   -1.3708E-03   
3.6229E-02   -9.2151E-04   
3.4446E-02   -1.7502E-03   
2.9575E-02   -4.1108E-03   
3.5246E-02   -1.0127E-03   
3.1012E-02   -3.6060E-03   
3.3107E-02   -2.7463E-03   
3.5451E-02   -1.3851E-03   
3.3656E-02   -2.9436E-03   
2.7613E-02   -5.5175E-03   
3.2155E-02   -3.5273E-03   
2.8069E-02   -4.6983E-03   
3.0709E-02   -4.0526E-03   
3.6534E-02   -1.0479E-03   
3.8809E-02   -7.0587E-04   
3.4583E-02   -2.9185E-03   
3.3348E-02   -3.3920E-03   
3.6891E-02   -1.1629E-03   
2.8576E-02   -4.9922E-03   
3.0183E-02   -4.5855E-03   
3.6266E-02   -1.4006E-03   
3.5955E-02   -2.5926E-03   
3.3238E-02   -3.7825E-03   
3.8141E-02   -9.5633E-04   
3.6218E-02   -1.5848E-03   
3.5876E-02   -2.9388E-03   
3.8707E-02   -9.9777E-04   
3.4533E-02   -3.4719E-03   
3.4907E-02   -1.8719E-03   
3.4073E-02   -2.2669E-03   
3.4686E-02   -2.3914E-03   
3.6219E-02   -2.0071E-03   
