51 
1844 
1.4876E-03   -1.6493E-03   
2.8297E-03   -1.3956E-03   
3.8933E-03   -1.0072E-03   
4.5761E-03   -5.2595E-04   
1.3925E-36   -1.7288E-03   
4.8065E-03   -7.2043E-37   
4.9141E-03   -1.1645E-35   
5.0901E-03   -1.2074E-37   
5.4763E-03   4.8425E-36   
5.8260E-03   7.1181E-36   
6.2705E-03   1.4994E-35   
6.8130E-03   2.0677E-35   
7.2304E-03   2.5043E-35   
7.9406E-03   3.8049E-35   
8.4696E-03   4.6173E-35   
9.0419E-03   4.0745E-35   
9.3436E-03   6.2736E-35   
9.9773E-03   9.2710E-35   
1.0650E-02   1.3464E-34   
1.1000E-02   -6.1777E-31   
1.1000E-02   -1.4213E-34   
1.1000E-02   -1.4213E-34   
1.1000E-02   -1.4213E-34   
1.1000E-02   -1.4213E-34   
1.1000E-02   -1.4213E-34   
1.1000E-02   -1.4213E-34   
1.1000E-02   -1.4213E-34   
1.1000E-02   -1.4213E-34   
1.1000E-02   -1.4213E-34   
1.1000E-02   -1.4213E-34   
1.1000E-02   -1.4213E-34   
1.1000E-02   -1.4213E-34   
1.0335E-02   -4.7598E-04   
9.2499E-03   -1.0866E-03   
8.7925E-03   -1.2968E-03   
8.3559E-03   -1.4701E-03   
7.5151E-03   -1.7493E-03   
7.1053E-03   -1.8661E-03   
6.2997E-03   -2.0719E-03   
5.9039E-03   -2.1661E-03   
5.1251E-03   -2.3453E-03   
4.3678E-03   -2.5188E-03   
3.9989E-03   -2.6050E-03   
3.2843E-03   -2.7742E-03   
2.6055E-03   -2.9355E-03   
2.2805E-03   -3.0105E-03   
1.6604E-03   -3.1442E-03   
1.0776E-03   -3.2466E-03   
5.2675E-04   -3.3102E-03   
1.9329E-36   -3.3293E-03   
1.3694E-34   -3.1542E-03   
1.4377E-34   -2.9871E-03   
1.3540E-34   -2.7654E-03   
1.2835E-34   -2.6380E-03   
1.1302E-34   -2.4305E-03   
1.0311E-34   -2.3123E-03   
9.2868E-35   -2.1972E-03   
8.4390E-35   -2.1045E-03   
8.2563E-35   -2.0236E-03   
1.1269E-03   -1.7596E-03   
1.0569E-02   -4.2067E-05   
1.0117E-02   -8.7961E-05   
9.4642E-03   -1.5211E-04   
8.9288E-03   -2.0693E-04   
8.4103E-03   -2.7522E-04   
7.8260E-03   -3.1595E-04   
7.3474E-03   -3.3265E-04   
6.7561E-03   -3.8389E-04   
6.1696E-03   -4.1555E-04   
5.5858E-03   -4.4337E-04   
5.0068E-03   -4.6820E-04   
4.4038E-03   -5.0794E-04   
3.7836E-03   -6.0855E-04   
2.9358E-03   -8.7831E-04   
2.0718E-03   -1.2990E-03   
3.0759E-03   -1.0235E-03   
3.6673E-03   -5.0933E-04   
4.2407E-03   -3.2267E-04   
4.7831E-03   -2.7304E-04   
5.3044E-03   -2.6624E-04   
5.8001E-03   -2.6870E-04   
6.3664E-03   -2.4650E-04   
6.8930E-03   -2.2860E-04   
7.3832E-03   -2.0551E-04   
7.8894E-03   -2.0690E-04   
8.4402E-03   -1.6389E-04   
8.9699E-03   -1.2925E-04   
9.4882E-03   -1.0404E-04   
1.0037E-02   -6.0446E-05   
1.0514E-02   -2.5485E-05   
4.5015E-03   -2.2793E-04   
4.7781E-03   -1.0774E-04   
5.0933E-03   -1.0119E-04   
5.5302E-03   -1.0385E-04   
5.9482E-03   -1.0574E-04   
6.4635E-03   -1.1139E-04   
6.9239E-03   -1.1435E-04   
7.3814E-03   -1.1183E-04   
7.9702E-03   -8.9896E-05   
8.4627E-03   -7.2672E-05   
9.0200E-03   -6.2397E-05   
9.5675E-03   -4.5028E-05   
1.0103E-02   -2.9540E-05   
1.0594E-02   -9.6390E-06   
1.0488E-02   -6.5353E-05   
9.9994E-03   -1.3789E-04   
9.4006E-03   -2.3144E-04   
8.8478E-03   -2.8931E-04   
8.3695E-03   -3.7194E-04   
7.7688E-03   -4.3845E-04   
7.1763E-03   -4.9852E-04   
6.6147E-03   -5.4531E-04   
6.0306E-03   -6.0229E-04   
5.4830E-03   -6.5200E-04   
4.7809E-03   -7.3007E-04   
4.0309E-03   -8.4544E-04   
3.2946E-03   -1.0043E-03   
2.5234E-03   -1.2335E-03   
1.6610E-03   -1.5875E-03   
8.2604E-04   -1.9266E-03   
1.0457E-02   -9.6939E-05   
1.0042E-02   -1.7616E-04   
9.3302E-03   -3.1387E-04   
8.8636E-03   -4.0025E-04   
8.3063E-03   -4.8662E-04   
7.6363E-03   -5.9804E-04   
7.0437E-03   -6.5903E-04   
6.4685E-03   -7.2350E-04   
5.7922E-03   -8.1724E-04   
5.1589E-03   -9.2065E-04   
4.4877E-03   -1.0329E-03   
3.7828E-03   -1.1367E-03   
3.0251E-03   -1.3463E-03   
2.2874E-03   -1.5454E-03   
1.4866E-03   -1.8283E-03   
7.0841E-04   -2.0745E-03   
1.0609E-02   -8.4754E-05   
9.8562E-03   -2.6485E-04   
9.4275E-03   -3.5852E-04   
8.9048E-03   -4.8247E-04   
8.1245E-03   -6.4040E-04   
7.5690E-03   -7.4567E-04   
6.9916E-03   -8.3192E-04   
6.3088E-03   -9.4653E-04   
5.6864E-03   -1.0586E-03   
5.0148E-03   -1.1526E-03   
4.3817E-03   -1.2615E-03   
3.5886E-03   -1.4057E-03   
2.8197E-03   -1.6484E-03   
2.1021E-03   -1.8222E-03   
1.4284E-03   -2.0413E-03   
7.0234E-04   -2.2155E-03   
1.0368E-02   -1.7339E-04   
9.9266E-03   -3.0527E-04   
9.3926E-03   -4.6299E-04   
8.8544E-03   -6.1498E-04   
8.0739E-03   -7.9710E-04   
7.4467E-03   -9.1090E-04   
6.8098E-03   -1.0569E-03   
6.1995E-03   -1.1883E-03   
5.4713E-03   -1.2875E-03   
4.8790E-03   -1.3745E-03   
4.2763E-03   -1.5285E-03   
3.4768E-03   -1.7181E-03   
2.6964E-03   -1.9178E-03   
2.0140E-03   -2.0882E-03   
1.2882E-03   -2.2631E-03   
6.7277E-04   -2.3751E-03   
1.0501E-02   -1.8351E-04   
9.9016E-03   -4.0458E-04   
9.4102E-03   -5.5534E-04   
8.6407E-03   -7.9733E-04   
7.9632E-03   -9.9963E-04   
7.3585E-03   -1.1221E-03   
6.6083E-03   -1.2860E-03   
6.0458E-03   -1.4056E-03   
5.3159E-03   -1.5221E-03   
4.6797E-03   -1.6455E-03   
3.9590E-03   -1.8044E-03   
3.3712E-03   -1.9533E-03   
2.6635E-03   -2.1358E-03   
1.9621E-03   -2.3002E-03   
1.2816E-03   -2.4504E-03   
6.0253E-04   -2.5583E-03   
1.0417E-02   -2.4744E-04   
9.7590E-03   -5.1525E-04   
9.2996E-03   -6.8039E-04   
8.4067E-03   -1.0030E-03   
7.8660E-03   -1.1619E-03   
7.2511E-03   -1.3349E-03   
6.5773E-03   -1.4674E-03   
5.8965E-03   -1.6180E-03   
5.1416E-03   -1.7882E-03   
4.5106E-03   -1.9179E-03   
3.8916E-03   -2.0450E-03   
3.2469E-03   -2.2010E-03   
2.5379E-03   -2.3989E-03   
1.9344E-03   -2.5130E-03   
1.2513E-03   -2.6545E-03   
6.2107E-04   -2.7368E-03   
1.0467E-02   -2.9421E-04   
9.9038E-03   -5.6762E-04   
9.1479E-03   -8.7785E-04   
8.4869E-03   -1.1536E-03   
7.7713E-03   -1.3245E-03   
7.0805E-03   -1.5038E-03   
6.4229E-03   -1.6736E-03   
5.7643E-03   -1.8317E-03   
5.1058E-03   -1.9862E-03   
4.3819E-03   -2.1220E-03   
3.7419E-03   -2.3206E-03   
3.0707E-03   -2.4539E-03   
2.4671E-03   -2.5773E-03   
1.8394E-03   -2.7247E-03   
1.1931E-03   -2.8578E-03   
6.6300E-04   -2.9116E-03   
1.0312E-02   -4.4642E-04   
9.6236E-03   -8.4212E-04   
9.0511E-03   -1.0678E-03   
8.1576E-03   -1.3965E-03   
7.6175E-03   -1.5561E-03   
6.8675E-03   -1.7586E-03   
6.2166E-03   -1.9324E-03   
5.6371E-03   -2.0385E-03   
4.9392E-03   -2.1925E-03   
4.2806E-03   -2.3779E-03   
3.7280E-03   -2.4914E-03   
3.0591E-03   -2.6547E-03   
2.3705E-03   -2.8136E-03   
1.7566E-03   -2.9375E-03   
1.1700E-03   -3.0438E-03   
5.2341E-04   -3.1485E-03   
1.8681E-04   -1.7347E-03   
3.7595E-04   -1.7312E-03   
5.6417E-04   -1.7245E-03   
7.5179E-04   -1.7152E-03   
9.3823E-04   -1.7030E-03   
1.1232E-03   -1.6878E-03   
1.3065E-03   -1.6699E-03   
1.6663E-03   -1.6261E-03   
1.8425E-03   -1.6004E-03   
2.0158E-03   -1.5722E-03   
2.1859E-03   -1.5416E-03   
2.3526E-03   -1.5086E-03   
2.5157E-03   -1.4732E-03   
2.6748E-03   -1.4355E-03   
2.9803E-03   -1.3536E-03   
3.1261E-03   -1.3095E-03   
3.2669E-03   -1.2635E-03   
3.4031E-03   -1.2156E-03   
3.5339E-03   -1.1661E-03   
3.6595E-03   -1.1147E-03   
3.7793E-03   -1.0617E-03   
4.0012E-03   -9.5133E-04   
4.1030E-03   -8.9405E-04   
4.1985E-03   -8.3544E-04   
4.2875E-03   -7.7561E-04   
4.3699E-03   -7.1466E-04   
4.4455E-03   -6.5267E-04   
4.5143E-03   -5.8975E-04   
4.6308E-03   -4.6135E-04   
4.6784E-03   -3.9598E-04   
4.7186E-03   -3.2979E-04   
4.7487E-03   -2.6305E-04   
4.7790E-03   -1.9753E-04   
4.7930E-03   -1.3263E-04   
4.8071E-03   -6.4395E-05   
4.8381E-03   -5.7312E-35   
4.8556E-03   -5.3190E-35   
4.8696E-03   -3.9377E-35   
4.8827E-03   -2.0975E-35   
4.8969E-03   -1.5724E-35   
4.9360E-03   -8.3322E-36   
4.9636E-03   -5.6351E-36   
4.9981E-03   -3.4368E-36   
5.0400E-03   -1.6284E-36   
5.1487E-03   1.1413E-36   
5.2164E-03   2.2032E-36   
5.2933E-03   3.1267E-36   
5.3799E-03   3.9880E-36   
5.5825E-03   5.6129E-36   
5.6991E-03   6.3757E-36   
5.9635E-03   7.9438E-36   
6.1116E-03   8.7919E-36   
6.4404E-03   1.5802E-35   
6.6212E-03   1.1974E-35   
7.0160E-03   2.2373E-35   
7.4558E-03   2.8955E-35   
7.6927E-03   3.2687E-35   
8.1996E-03   3.9428E-35   
8.7504E-03   5.2664E-35   
9.6557E-03   7.8631E-35   
1.0309E-02   8.2549E-35   
1.1000E-02   -1.4213E-34   
1.1000E-02   -1.4213E-34   
1.1000E-02   -1.4213E-34   
1.1000E-02   -1.4213E-34   
1.1000E-02   -1.4213E-34   
9.7428E-03   -8.3477E-04   
7.9317E-03   -1.6190E-03   
6.7004E-03   -1.9726E-03   
5.5121E-03   -2.2569E-03   
4.7435E-03   -2.4325E-03   
3.6375E-03   -2.6901E-03   
2.9401E-03   -2.8563E-03   
1.9655E-03   -3.0805E-03   
1.3646E-03   -3.1996E-03   
7.9842E-04   -3.2834E-03   
2.6172E-04   -3.3267E-03   
1.0243E-34   -3.2418E-03   
1.4222E-34   -3.0690E-03   
1.3930E-34   -2.9092E-03   
2.0126E-34   -2.8353E-03   
2.0295E-34   -2.6996E-03   
1.2535E-34   -2.5804E-03   
1.2194E-34   -2.5266E-03   
1.1728E-34   -2.4767E-03   
1.0947E-34   -2.3877E-03   
1.0616E-34   -2.3484E-03   
1.0052E-34   -2.2793E-03   
9.7971E-35   -2.2492E-03   
9.5295E-35   -2.2219E-03   
9.0749E-35   -2.1748E-03   
8.8828E-35   -2.1546E-03   
8.7117E-35   -2.1363E-03   
8.5633E-35   -2.1197E-03   
8.3388E-35   -2.0904E-03   
8.2637E-35   -2.0770E-03   
8.2158E-35   -2.0641E-03   
8.1976E-35   -2.0512E-03   
8.2109E-35   -2.0379E-03   
8.3316E-35   -2.0079E-03   
8.4325E-35   -1.9900E-03   
8.5730E-35   -1.9693E-03   
8.7601E-35   -1.9451E-03   
9.0534E-35   -1.9169E-03   
1.4154E-34   -1.8825E-03   
1.4278E-34   -1.8424E-03   
1.1780E-34   -1.7892E-03   
2.0139E-03   -1.5549E-03   
3.1094E-03   -1.2350E-03   
3.5195E-03   -1.0735E-03   
2.3424E-03   -1.4738E-03   
4.4633E-03   -5.5448E-04   
1.5044E-03   -1.6565E-03   
6.2084E-04   -1.7644E-03   
4.2062E-03   -7.3037E-04   
4.7041E-03   -3.1840E-04   
3.8901E-03   -9.0442E-04   
2.6598E-03   -1.3838E-03   
4.5988E-03   -4.3673E-04   
2.8138E-03   -1.3359E-03   
1.3309E-03   -1.6846E-03   
3.7728E-03   -9.6163E-04   
4.2988E-03   -6.7188E-04   
4.8203E-03   -8.9056E-05   
2.3905E-04   -1.7846E-03   
1.1560E-03   -1.7096E-03   
3.2497E-03   -1.1823E-03   
3.3853E-03   -1.1283E-03   
4.5348E-03   -4.9566E-04   
8.0128E-04   -1.7495E-03   
4.7455E-03   -2.5827E-04   
4.3278E-04   -1.7771E-03   
9.7958E-04   -1.7312E-03   
4.3846E-03   -6.1325E-04   
4.6552E-03   -3.7762E-04   
1.6763E-03   -1.6255E-03   
4.1070E-03   -7.8872E-04   
4.0016E-03   -8.4679E-04   
2.5027E-03   -1.4299E-03   
1.8463E-03   -1.5915E-03   
2.1795E-03   -1.5156E-03   
2.9639E-03   -1.2863E-03   
3.6489E-03   -1.0180E-03   
1.3816E-04   -1.8979E-03   
1.3139E-04   -1.9290E-03   
1.2654E-04   -1.9552E-03   
1.2206E-04   -1.9776E-03   
1.1859E-04   -1.9967E-03   
1.1646E-04   -2.0133E-03   
1.1530E-04   -2.0281E-03   
1.1481E-04   -2.0417E-03   
1.1487E-04   -2.0547E-03   
4.8564E-03   -4.2943E-05   
1.1542E-04   -2.0675E-03   
4.8691E-03   -3.3901E-05   
1.1645E-04   -2.0805E-03   
4.8820E-03   -2.7365E-05   
1.1795E-04   -2.0942E-03   
4.8973E-03   -2.2496E-05   
1.1990E-04   -2.1088E-03   
4.9167E-03   -1.9117E-05   
1.2224E-04   -2.1247E-03   
4.9415E-03   -1.6905E-05   
1.2498E-04   -2.1421E-03   
4.9726E-03   -1.5665E-05   
1.2806E-04   -2.1614E-03   
5.0109E-03   -1.5213E-05   
1.3148E-04   -2.1827E-03   
5.0571E-03   -1.5369E-05   
1.3523E-04   -2.2062E-03   
5.1117E-03   -1.5988E-05   
1.3915E-04   -2.2323E-03   
5.1751E-03   -1.7017E-05   
1.4315E-04   -2.2609E-03   
5.2479E-03   -1.8372E-05   
1.4767E-04   -2.2924E-03   
5.3302E-03   -1.9947E-05   
1.5288E-04   -2.3270E-03   
5.4221E-03   -2.1659E-05   
1.5835E-04   -2.3648E-03   
5.5240E-03   -2.3302E-05   
1.6391E-04   -2.4058E-03   
5.6352E-03   -2.5190E-05   
1.6952E-04   -2.4502E-03   
5.7557E-03   -2.7237E-05   
1.7500E-04   -2.4979E-03   
5.8861E-03   -2.9621E-05   
1.8240E-04   -2.5487E-03   
6.0279E-03   -3.1779E-05   
1.9116E-04   -2.6035E-03   
6.1812E-03   -3.3338E-05   
1.9582E-04   -2.6626E-03   
6.3457E-03   -3.4811E-05   
2.0066E-04   -2.7253E-03   
6.5227E-03   -3.6274E-05   
2.1487E-04   -2.7927E-03   
6.7128E-03   -3.6935E-05   
2.2323E-04   -2.8664E-03   
6.9096E-03   -3.6136E-05   
2.2473E-04   -2.9442E-03   
7.1139E-03   -3.7394E-05   
2.3337E-04   -3.0253E-03   
7.3330E-03   -3.7848E-05   
2.4710E-04   -3.1126E-03   
2.5002E-03   -1.3820E-03   
3.8977E-03   -8.0957E-04   
4.3177E-03   -5.7947E-04   
1.8556E-03   -1.5743E-03   
4.8094E-03   -1.3055E-04   
5.0201E-04   -1.8103E-03   
3.2369E-03   -1.1026E-03   
4.7301E-03   -2.5270E-04   
8.4716E-04   -1.7738E-03   
1.3570E-03   -1.6894E-03   
1.1888E-03   -1.7210E-03   
3.6501E-03   -9.2701E-04   
2.8098E-03   -1.2742E-03   
4.5592E-03   -4.1394E-04   
4.6240E-03   -3.5992E-04   
2.9584E-03   -1.2184E-03   
3.5156E-03   -9.8512E-04   
4.4057E-03   -5.2366E-04   
4.2225E-03   -6.3601E-04   
2.0192E-03   -1.5299E-03   
1.5244E-03   -1.6542E-03   
3.0856E-04   -1.8288E-03   
2.1813E-03   -1.4828E-03   
3.0992E-03   -1.1609E-03   
3.3767E-03   -1.0434E-03   
4.4863E-03   -4.6850E-04   
4.6808E-03   -3.0622E-04   
2.3419E-03   -1.4335E-03   
4.0122E-03   -7.5115E-04   
1.0187E-03   -1.7493E-03   
1.6908E-03   -1.6158E-03   
4.1206E-03   -6.9328E-04   
4.7727E-03   -1.9736E-04   
6.7353E-04   -1.7942E-03   
3.7770E-03   -8.6847E-04   
2.6566E-03   -1.3288E-03   
1.4400E-04   -1.8605E-03   
2.7530E-04   -1.9039E-03   
2.6279E-04   -1.9342E-03   
2.5155E-04   -1.9584E-03   
2.4127E-04   -1.9790E-03   
2.3488E-04   -1.9966E-03   
2.3144E-04   -2.0119E-03   
2.2983E-04   -2.0258E-03   
4.8413E-03   -5.8392E-05   
2.2949E-04   -2.0388E-03   
2.3019E-04   -2.0515E-03   
4.8426E-03   -7.4344E-05   
2.3186E-04   -2.0642E-03   
4.8529E-03   -6.0999E-05   
2.3448E-04   -2.0774E-03   
4.8663E-03   -4.9545E-05   
2.3799E-04   -2.0914E-03   
4.8832E-03   -4.1538E-05   
2.4234E-04   -2.1066E-03   
4.9050E-03   -3.6204E-05   
2.4733E-04   -2.1232E-03   
4.9329E-03   -3.2886E-05   
2.5368E-04   -2.1413E-03   
4.9678E-03   -3.1304E-05   
2.6121E-04   -2.1615E-03   
5.0104E-03   -3.1116E-05   
2.6835E-04   -2.1840E-03   
5.0611E-03   -3.1978E-05   
2.7498E-04   -2.2088E-03   
5.1209E-03   -3.3625E-05   
2.8200E-04   -2.2360E-03   
5.1902E-03   -3.6060E-05   
2.9028E-04   -2.2659E-03   
5.2685E-03   -3.9114E-05   
3.0009E-04   -2.2988E-03   
5.3565E-03   -4.2578E-05   
3.1102E-04   -2.3349E-03   
5.4556E-03   -4.5684E-05   
3.2239E-04   -2.3744E-03   
5.5624E-03   -4.8163E-05   
3.3369E-04   -2.4172E-03   
5.6740E-03   -5.2614E-05   
3.4297E-04   -2.4633E-03   
5.7965E-03   -5.6642E-05   
3.4977E-04   -2.5115E-03   
5.9300E-03   -6.2377E-05   
3.7115E-04   -2.5613E-03   
6.0782E-03   -6.5881E-05   
3.9024E-04   -2.6179E-03   
6.2378E-03   -6.8182E-05   
3.9008E-04   -2.6796E-03   
6.4086E-03   -7.1558E-05   
4.0766E-04   -2.7408E-03   
6.5985E-03   -7.3906E-05   
4.6477E-04   -2.8099E-03   
6.8025E-03   -7.3780E-05   
4.4764E-04   -2.8928E-03   
6.9898E-03   -6.8474E-05   
4.5566E-04   -2.9707E-03   
7.1906E-03   -8.2067E-05   
4.7884E-04   -3.0522E-03   
7.5641E-03   -3.9888E-05   
3.2369E-03   -1.0263E-03   
3.3857E-03   -9.6223E-04   
2.8167E-03   -1.2131E-03   
3.5267E-03   -9.0210E-04   
2.6645E-03   -1.2721E-03   
1.2224E-03   -1.7236E-03   
1.3856E-03   -1.6855E-03   
1.5482E-03   -1.6437E-03   
1.7101E-03   -1.5985E-03   
1.8713E-03   -1.5501E-03   
1.0564E-03   -1.7586E-03   
2.0318E-03   -1.4988E-03   
2.5087E-03   -1.3309E-03   
3.6628E-03   -8.4259E-04   
2.1918E-03   -1.4448E-03   
2.3510E-03   -1.3888E-03   
8.8548E-04   -1.7905E-03   
3.7920E-03   -7.8234E-04   
4.5135E-03   -3.9346E-04   
4.5866E-03   -3.4314E-04   
4.6505E-03   -2.9427E-04   
4.4320E-03   -4.4503E-04   
7.1501E-04   -1.8175E-03   
3.9149E-03   -7.2268E-04   
4.3428E-03   -4.9774E-04   
4.1423E-03   -6.0719E-04   
4.0318E-03   -6.6426E-04   
4.2461E-03   -5.5181E-04   
5.5458E-04   -1.8345E-03   
4.1758E-04   -1.8471E-03   
4.7060E-03   -2.4578E-04   
4.7549E-03   -1.9648E-04   
4.7972E-03   -1.4605E-04   
2.8656E-04   -1.8729E-03   
3.9602E-04   -1.9307E-03   
3.7134E-04   -1.9547E-03   
3.5684E-04   -1.9738E-03   
3.4924E-04   -1.9898E-03   
3.4555E-04   -2.0038E-03   
3.4426E-04   -2.0168E-03   
4.8305E-03   -9.2741E-05   
3.4472E-04   -2.0292E-03   
3.4667E-04   -2.0416E-03   
4.8090E-03   -1.0567E-04   
3.5002E-04   -2.0543E-03   
4.8221E-03   -8.2977E-05   
3.5474E-04   -2.0677E-03   
4.8366E-03   -6.8628E-05   
3.6075E-04   -2.0821E-03   
4.8554E-03   -5.9027E-05   
3.6755E-04   -2.0979E-03   
4.8800E-03   -5.2932E-05   
3.7666E-04   -2.1148E-03   
4.9119E-03   -4.9276E-05   
3.9128E-04   -2.1329E-03   
4.9510E-03   -4.8149E-05   
4.0257E-04   -2.1544E-03   
4.9974E-03   -4.8944E-05   
4.0925E-04   -2.1787E-03   
5.0535E-03   -5.0864E-05   
4.1826E-04   -2.2048E-03   
5.1200E-03   -5.3784E-05   
4.2804E-04   -2.2333E-03   
5.1941E-03   -5.8139E-05   
4.4111E-04   -2.2643E-03   
5.2777E-03   -6.3419E-05   
4.5858E-04   -2.2982E-03   
5.3747E-03   -6.8433E-05   
4.7642E-04   -2.3360E-03   
5.4850E-03   -7.2096E-05   
4.9359E-04   -2.3775E-03   
5.5902E-03   -7.2110E-05   
5.0805E-04   -2.4230E-03   
5.6925E-03   -8.5815E-05   
5.1285E-04   -2.4722E-03   
5.0316E-04   -2.5184E-03   
5.8883E-04   -2.6323E-03   
6.2762E-03   -1.0589E-04   
6.5634E-04   -2.8423E-03   
6.8446E-04   -2.9843E-03   
6.6720E-03   -1.1398E-04   
7.8185E-03   -4.2774E-05   
4.6757E-03   -2.3979E-04   
4.7296E-03   -1.9489E-04   
4.7789E-03   -1.4924E-04   
2.9666E-03   -1.0986E-03   
2.8363E-03   -1.1508E-03   
1.0951E-03   -1.7602E-03   
9.2571E-04   -1.7995E-03   
1.7346E-03   -1.5750E-03   
1.2576E-03   -1.7187E-03   
1.8932E-03   -1.5203E-03   
1.4175E-03   -1.6742E-03   
2.6840E-03   -1.2140E-03   
3.5523E-03   -8.2791E-04   
1.5762E-03   -1.6264E-03   
4.4634E-03   -3.7572E-04   
4.3734E-03   -4.2555E-04   
2.0520E-03   -1.4627E-03   
2.2110E-03   -1.4027E-03   
4.0592E-03   -5.8556E-04   
4.1710E-03   -5.3025E-04   
4.5455E-03   -3.2722E-04   
7.4943E-04   -1.8351E-03   
4.6160E-03   -2.8288E-04   
2.5276E-03   -1.2776E-03   
3.9408E-03   -6.4332E-04   
2.3698E-03   -1.3408E-03   
4.2759E-03   -4.7701E-04   
3.6865E-03   -7.6489E-04   
3.8164E-03   -7.0327E-04   
5.0943E-04   -1.9246E-03   
4.8215E-04   -1.9456E-03   
4.6904E-04   -1.9622E-03   
4.6233E-04   -1.9763E-03   
4.5949E-04   -1.9891E-03   
4.5930E-04   -2.0011E-03   
4.6123E-04   -2.0130E-03   
4.6501E-04   -2.0251E-03   
4.8139E-03   -1.1271E-04   
4.7671E-03   -1.2342E-04   
4.7053E-04   -2.0379E-03   
4.7781E-03   -1.0208E-04   
4.7783E-04   -2.0516E-03   
4.7944E-03   -8.6513E-05   
4.8643E-04   -2.0664E-03   
4.8153E-03   -7.6675E-05   
4.9638E-04   -2.0824E-03   
4.8432E-03   -7.0886E-05   
5.1012E-04   -2.0990E-03   
4.8810E-03   -6.7067E-05   
5.4781E-04   -2.1147E-03   
4.9220E-03   -6.7596E-05   
5.4215E-04   -2.1423E-03   
4.9718E-03   -6.9900E-05   
5.5330E-04   -2.1673E-03   
5.0370E-03   -7.2955E-05   
5.6434E-04   -2.1955E-03   
5.1094E-03   -7.6944E-05   
5.9762E-04   -2.2557E-03   
6.7893E-04   -2.4849E-03   
5.2753E-03   -9.2342E-05   
6.2790E-04   -2.2899E-03   
6.5087E-04   -2.3306E-03   
6.9127E-04   -2.4258E-03   
5.8289E-03   -8.4695E-05   
6.1295E-03   -9.7297E-05   
6.3085E-03   -1.4892E-04   
5.3881E-03   -9.8844E-05   
9.0559E-04   -2.9130E-03   
6.5112E-03   -1.5418E-04   
6.8574E-04   -2.7830E-03   
5.6436E-03   -1.2091E-04   
8.1445E-04   -2.5788E-03   
4.7520E-03   -1.5314E-04   
4.6947E-03   -1.9716E-04   
4.6426E-03   -2.3688E-04   
3.3188E-03   -8.7834E-04   
3.2645E-03   -9.4855E-04   
3.4423E-03   -8.1955E-04   
2.7203E-03   -1.1547E-03   
4.4995E-03   -3.1429E-04   
1.1409E-03   -1.7529E-03   
4.5821E-03   -2.6813E-04   
9.7443E-04   -1.7986E-03   
8.0150E-04   -1.8409E-03   
1.2998E-03   -1.7056E-03   
1.7647E-03   -1.5463E-03   
1.6088E-03   -1.6034E-03   
2.5582E-03   -1.2225E-03   
1.4549E-03   -1.6562E-03   
1.9219E-03   -1.4859E-03   
3.5807E-03   -7.5599E-04   
4.0933E-03   -5.1495E-04   
4.4086E-03   -3.6201E-04   
2.0800E-03   -1.4226E-03   
4.2058E-03   -4.6170E-04   
4.3109E-03   -4.1089E-04   
3.9740E-03   -5.7121E-04   
2.2390E-03   -1.3572E-03   
2.3985E-03   -1.2903E-03   
3.8482E-03   -6.3041E-04   
3.7168E-03   -6.9231E-04   
5.0436E-04   -1.8851E-03   
6.0525E-04   -1.9142E-03   
5.8944E-04   -1.9302E-03   
5.8000E-04   -1.9440E-03   
5.7527E-04   -1.9563E-03   
5.7410E-04   -1.9678E-03   
5.7577E-04   -1.9790E-03   
5.7971E-04   -1.9904E-03   
5.8576E-04   -2.0024E-03   
4.7032E-03   -1.4643E-04   
5.9405E-04   -2.0152E-03   
4.7234E-03   -1.1970E-04   
6.0445E-04   -2.0291E-03   
6.1542E-04   -2.0445E-03   
4.7414E-03   -1.0483E-04   
4.7634E-03   -9.6205E-05   
6.2321E-04   -2.0620E-03   
4.7919E-03   -9.2775E-05   
6.5866E-04   -2.1062E-03   
4.8684E-03   -9.3348E-05   
6.8534E-04   -2.1238E-03   
5.0155E-03   -9.8812E-05   
4.9397E-03   -9.5106E-05   
7.0768E-04   -2.1504E-03   
7.8380E-04   -2.2323E-03   
5.7364E-04   -2.2258E-03   
8.0911E-04   -2.2757E-03   
8.3943E-04   -2.3186E-03   
8.4617E-04   -2.7942E-03   
8.3385E-04   -2.7295E-03   
8.7249E-04   -2.3660E-03   
5.2662E-03   -1.2720E-04   
5.7753E-03   -1.1412E-04   
5.5227E-03   -1.4679E-04   
6.1005E-03   -1.3954E-04   
5.3894E-03   -1.3524E-04   
5.1849E-03   -8.4491E-05   
9.1420E-04   -2.4231E-03   
7.7860E-04   -2.6623E-03   
8.5735E-04   -2.5026E-03   
6.7217E-03   -1.5819E-04   
8.6544E-04   -2.9905E-03   
8.1946E-04   -2.8564E-03   
6.3416E-03   -1.9541E-04   
3.1637E-03   -9.2278E-04   
4.7131E-03   -1.6341E-04   
4.5376E-03   -2.6013E-04   
1.1976E-03   -1.7360E-03   
4.4452E-03   -3.0686E-04   
1.0398E-03   -1.7861E-03   
7.1885E-04   -1.8709E-03   
2.6004E-03   -1.1642E-03   
1.6458E-03   -1.5756E-03   
1.4944E-03   -1.6336E-03   
1.3475E-03   -1.6862E-03   
3.4742E-03   -7.5918E-04   
1.8007E-03   -1.5133E-03   
4.1331E-03   -4.5193E-04   
1.9575E-03   -1.4477E-03   
4.2448E-03   -4.0117E-04   
4.3484E-03   -3.5311E-04   
4.0135E-03   -5.0620E-04   
2.1160E-03   -1.3794E-03   
2.4368E-03   -1.2374E-03   
3.6164E-03   -6.9038E-04   
3.8870E-03   -5.6410E-04   
2.2760E-03   -1.3091E-03   
3.7543E-03   -6.2563E-04   
7.2664E-04   -1.8799E-03   
7.1213E-04   -1.8940E-03   
2.9564E-03   -1.0112E-03   
7.0016E-04   -1.9071E-03   
2.7715E-03   -1.0884E-03   
6.9233E-04   -1.9190E-03   
6.8942E-04   -1.9298E-03   
6.9040E-04   -1.9401E-03   
6.9434E-04   -1.9506E-03   
7.0089E-04   -1.9616E-03   
7.0999E-04   -1.9734E-03   
8.1227E-04   -2.0707E-03   
4.6478E-03   -1.5629E-04   
7.2174E-04   -1.9862E-03   
7.3586E-04   -2.0004E-03   
4.6619E-03   -1.3743E-04   
7.5012E-04   -2.0174E-03   
4.6777E-03   -1.2552E-04   
4.6972E-03   -1.1975E-04   
6.2645E-04   -2.0793E-03   
4.8308E-03   -1.2088E-04   
8.4752E-04   -2.0966E-03   
8.4547E-04   -2.1785E-03   
5.6995E-03   -1.5773E-04   
5.3723E-03   -1.7743E-04   
5.0002E-03   -1.3161E-04   
1.0011E-03   -2.2550E-03   
4.9043E-03   -1.2505E-04   
1.0471E-03   -2.2970E-03   
7.1313E-04   -2.1836E-03   
1.0202E-03   -2.8174E-03   
1.0837E-03   -2.3448E-03   
5.8966E-03   -1.5378E-04   
1.0493E-03   -2.5178E-03   
1.0153E-03   -2.5935E-03   
5.1459E-03   -1.1960E-04   
1.0466E-03   -2.7344E-03   
9.6504E-04   -2.2158E-03   
5.2503E-03   -1.6693E-04   
6.5490E-03   -2.0043E-04   
6.1474E-03   -1.8759E-04   
4.5621E-03   -2.1953E-04   
4.4765E-03   -2.6191E-04   
4.6366E-03   -2.0514E-04   
9.6456E-04   -1.8127E-03   
1.2614E-03   -1.7128E-03   
3.3606E-03   -7.6911E-04   
1.5355E-03   -1.6073E-03   
4.3839E-03   -3.0488E-04   
1.3870E-03   -1.6660E-03   
1.6877E-03   -1.5440E-03   
5.8604E-04   -1.8879E-03   
1.8428E-03   -1.4768E-03   
2.4853E-03   -1.1824E-03   
4.0583E-03   -4.4797E-04   
4.2838E-03   -3.4970E-04   
4.1754E-03   -3.9709E-04   
3.5132E-03   -6.9648E-04   
2.0004E-03   -1.4064E-03   
3.9318E-03   -5.0397E-04   
2.1600E-03   -1.3335E-03   
2.3217E-03   -1.2588E-03   
3.6587E-03   -6.2831E-04   
3.7983E-03   -5.6425E-04   
2.6559E-03   -1.1032E-03   
8.4258E-04   -1.8525E-03   
8.2723E-04   -1.8650E-03   
8.1231E-04   -1.8775E-03   
8.6392E-04   -1.8372E-03   
8.0596E-04   -1.8878E-03   
2.8340E-03   -1.0215E-03   
3.0192E-03   -9.3649E-04   
8.0550E-04   -1.8971E-03   
4.6264E-03   -1.8210E-04   
3.1973E-03   -8.5056E-04   
8.0917E-04   -1.9063E-03   
8.1612E-04   -1.9160E-03   
8.3883E-04   -1.9381E-03   
4.5822E-03   -1.7307E-04   
8.5601E-04   -1.9506E-03   
8.7991E-04   -1.9640E-03   
4.5876E-03   -1.5960E-04   
4.6022E-03   -1.5024E-04   
8.6163E-04   -2.0266E-03   
8.9084E-04   -2.1263E-03   
4.7771E-03   -1.5398E-04   
5.1385E-03   -1.5793E-04   
1.2039E-03   -2.2225E-03   
7.4565E-04   -2.0418E-03   
5.5028E-03   -1.9084E-04   
9.7561E-04   -2.0394E-03   
5.2190E-03   -2.1146E-04   
9.4734E-04   -2.1819E-03   
1.2407E-03   -2.5309E-03   
1.1454E-03   -2.1880E-03   
1.1329E-03   -2.3818E-03   
5.0453E-03   -1.5352E-04   
5.9856E-03   -1.8188E-04   
4.8521E-03   -1.6200E-04   
1.0923E-03   -2.4422E-03   
1.0197E-03   -2.6637E-03   
6.1636E-03   -2.3756E-04   
6.7407E-03   -2.0145E-04   
1.0698E-03   -2.9602E-03   
1.3055E-03   -2.7417E-03   
5.8305E-03   -1.3174E-04   
4.4132E-03   -2.6695E-04   
1.2678E-03   -1.7069E-03   
2.5436E-03   -1.1258E-03   
1.4314E-03   -1.6413E-03   
1.5826E-03   -1.5770E-03   
4.3188E-03   -3.0859E-04   
1.7354E-03   -1.5091E-03   
3.4079E-03   -7.1065E-04   
4.1071E-03   -3.9693E-04   
4.2189E-03   -3.5111E-04   
1.8915E-03   -1.4373E-03   
3.9822E-03   -4.4993E-04   
2.3757E-03   -1.2067E-03   
2.0506E-03   -1.3625E-03   
3.5613E-03   -6.3858E-04   
2.2121E-03   -1.2855E-03   
3.8486E-03   -5.0824E-04   
3.7080E-03   -5.7130E-04   
9.7589E-04   -1.8137E-03   
9.3516E-04   -1.8326E-03   
4.5745E-03   -1.9183E-04   
9.2441E-04   -1.8423E-03   
3.0756E-03   -8.7099E-04   
2.7187E-03   -1.0420E-03   
3.2462E-03   -7.8835E-04   
9.2220E-04   -1.8502E-03   
9.2478E-04   -1.8581E-03   
2.8975E-03   -9.5660E-04   
9.3175E-04   -1.8663E-03   
9.4241E-04   -1.8753E-03   
9.5624E-04   -1.8854E-03   
4.6214E-03   -1.4685E-04   
9.7492E-04   -1.8961E-03   
9.1171E-04   -1.9813E-03   
1.0018E-03   -1.9065E-03   
4.4882E-03   -2.0181E-04   
5.0058E-03   -1.8909E-04   
4.5009E-03   -1.8654E-04   
1.0183E-03   -2.0607E-03   
1.0391E-03   -2.1248E-03   
4.7124E-03   -1.4957E-04   
9.5785E-04   -2.0170E-03   
4.9260E-03   -1.7574E-04   
1.3136E-03   -2.1560E-03   
1.3260E-03   -2.3675E-03   
1.1028E-03   -2.1533E-03   
1.2560E-03   -2.3278E-03   
4.7083E-03   -1.9470E-04   
5.7983E-03   -2.0696E-04   
1.4787E-03   -2.4601E-03   
5.9800E-03   -2.2628E-04   
1.1919E-03   -2.6006E-03   
6.1707E-03   -2.9258E-04   
1.3387E-03   -2.9143E-03   
6.6098E-03   -2.5298E-04   
6.9291E-03   -1.7068E-04   
1.4903E-03   -2.7988E-03   
5.6129E-03   -2.1114E-04   
4.4411E-03   -2.3565E-04   
1.1160E-03   -1.7634E-03   
1.3448E-03   -1.6720E-03   
1.4871E-03   -1.6104E-03   
2.4372E-03   -1.1537E-03   
1.6357E-03   -1.5432E-03   
4.2598E-03   -3.1596E-04   
4.1642E-03   -3.5077E-04   
1.7893E-03   -1.4713E-03   
1.0437E-03   -1.7920E-03   
4.0399E-03   -4.0063E-04   
3.4631E-03   -6.5534E-04   
1.9471E-03   -1.3954E-03   
2.2711E-03   -1.2361E-03   
3.9054E-03   -4.5711E-04   
2.1080E-03   -1.3167E-03   
3.6167E-03   -5.8446E-04   
3.7640E-03   -5.1844E-04   
1.0423E-03   -1.7952E-03   
2.6093E-03   -1.0688E-03   
3.1356E-03   -8.1148E-04   
3.3025E-03   -7.3123E-04   
1.0421E-03   -1.7998E-03   
2.9619E-03   -8.9590E-04   
1.0417E-03   -1.8066E-03   
1.0481E-03   -1.8131E-03   
2.7853E-03   -9.8226E-04   
4.5180E-03   -2.0464E-04   
1.0933E-03   -1.8376E-03   
1.0593E-03   -1.8202E-03   
4.5148E-03   -1.7986E-04   
1.0743E-03   -1.8283E-03   
4.7109E-03   -1.2122E-04   
1.0419E-03   -1.9646E-03   
1.0378E-03   -1.9168E-03   
1.1013E-03   -1.9782E-03   
1.1196E-03   -1.8465E-03   
4.3952E-03   -2.2804E-04   
4.7810E-03   -2.0651E-04   
4.6416E-03   -1.8717E-04   
1.1203E-03   -2.0040E-03   
1.2877E-03   -2.1182E-03   
1.4529E-03   -2.2777E-03   
5.9817E-03   -2.8097E-04   
4.8591E-03   -2.2093E-04   
1.2344E-03   -2.0850E-03   
5.4578E-03   -2.4045E-04   
1.5238E-03   -2.3752E-03   
5.5981E-03   -2.6441E-04   
1.4351E-03   -2.5549E-03   
1.0681E-03   -2.0779E-03   
6.3777E-03   -3.0286E-04   
5.1047E-03   -2.0021E-04   
7.1488E-03   -1.3650E-04   
1.6319E-03   -2.6839E-03   
1.1458E-03   -1.7527E-03   
4.3434E-03   -2.7753E-04   
1.4039E-03   -1.6425E-03   
1.5467E-03   -1.5770E-03   
1.6956E-03   -1.5064E-03   
2.3365E-03   -1.1860E-03   
4.2483E-03   -3.0039E-04   
1.2293E-03   -1.7193E-03   
4.1069E-03   -3.5415E-04   
2.5057E-03   -1.1003E-03   
1.8506E-03   -1.4306E-03   
3.9681E-03   -4.1043E-04   
2.0103E-03   -1.3510E-03   
2.1725E-03   -1.2692E-03   
3.5248E-03   -6.0341E-04   
3.8263E-03   -4.6971E-04   
3.6784E-03   -5.3387E-04   
1.1765E-03   -1.7416E-03   
3.0295E-03   -8.3921E-04   
3.3651E-03   -6.7784E-04   
3.1998E-03   -7.5656E-04   
4.6582E-03   -1.4614E-04   
1.1607E-03   -1.7524E-03   
2.6793E-03   -1.0129E-03   
1.1657E-03   -1.7570E-03   
2.8548E-03   -9.2530E-04   
4.4050E-03   -2.1805E-04   
1.2120E-03   -1.7754E-03   
1.1769E-03   -1.7619E-03   
1.2372E-03   -1.7834E-03   
1.1925E-03   -1.7679E-03   
1.2998E-03   -1.9249E-03   
4.3711E-03   -2.4922E-04   
4.5307E-03   -1.7959E-04   
1.1539E-03   -1.8551E-03   
4.8493E-03   -8.4576E-05   
1.3698E-03   -2.0036E-03   
4.5844E-03   -1.8349E-04   
5.0558E-03   -2.4908E-04   
4.9488E-03   -2.3524E-04   
4.7008E-03   -2.5650E-04   
4.6266E-03   -2.4247E-04   
5.3777E-03   -2.9541E-04   
4.5592E-03   -2.3182E-04   
1.1837E-03   -2.0614E-03   
1.5079E-03   -2.0788E-03   
1.0746E-03   -1.9260E-03   
1.2147E-03   -1.9130E-03   
1.5646E-03   -2.1875E-03   
5.6500E-03   -3.1249E-04   
1.5628E-03   -2.3028E-03   
1.2104E-03   -2.0104E-03   
6.1733E-03   -3.5216E-04   
1.5089E-03   -2.6289E-03   
7.4238E-03   -7.1850E-05   
1.7181E-03   -2.3780E-03   
7.1335E-03   -1.8786E-04   
5.9796E-03   -3.4023E-04   
5.3408E-03   -2.2294E-04   
1.6849E-03   -2.4602E-03   
1.2694E-03   -1.7014E-03   
1.4707E-03   -1.6089E-03   
1.6126E-03   -1.5410E-03   
2.4077E-03   -1.1359E-03   
4.1791E-03   -3.0970E-04   
1.7617E-03   -1.4672E-03   
2.2425E-03   -1.2212E-03   
4.0331E-03   -3.6896E-04   
1.9196E-03   -1.3873E-03   
2.0804E-03   -1.3048E-03   
3.8949E-03   -4.2515E-04   
3.1008E-03   -7.8654E-04   
3.5914E-03   -5.5537E-04   
3.7474E-03   -4.8672E-04   
3.4313E-03   -6.2899E-04   
1.2702E-03   -1.7022E-03   
3.2682E-03   -7.0581E-04   
4.2989E-03   -2.6781E-04   
2.5786E-03   -1.0480E-03   
2.9278E-03   -8.7161E-04   
1.2847E-03   -1.6991E-03   
2.7527E-03   -9.5936E-04   
1.2966E-03   -1.7008E-03   
1.3565E-03   -1.7166E-03   
1.3316E-03   -1.7100E-03   
4.2945E-03   -2.6049E-04   
1.3118E-03   -1.7047E-03   
4.4153E-03   -2.1509E-04   
4.7713E-03   -1.2192E-04   
1.2657E-03   -1.7927E-03   
4.5002E-03   -2.2488E-04   
4.5350E-03   -2.9669E-04   
1.1705E-03   -1.9028E-03   
4.5328E-03   -1.8797E-04   
4.4662E-03   -2.8354E-04   
4.6094E-03   -3.1363E-04   
1.5451E-03   -1.9712E-03   
5.1804E-03   -2.6071E-04   
4.8797E-03   -2.8975E-04   
1.2067E-03   -1.8617E-03   
5.1605E-03   -3.2018E-04   
1.7310E-03   -2.2067E-03   
1.4289E-03   -2.1666E-03   
1.6390E-03   -1.9837E-03   
1.4264E-03   -1.9291E-03   
5.9724E-03   -4.0415E-04   
6.3740E-03   -3.6381E-04   
1.7864E-03   -2.2792E-03   
1.7001E-03   -2.5334E-03   
7.3190E-03   -1.5631E-04   
1.8771E-03   -2.3828E-03   
1.3315E-03   -1.6734E-03   
1.5459E-03   -1.5715E-03   
2.3167E-03   -1.1739E-03   
1.6765E-03   -1.5062E-03   
4.0819E-03   -3.4113E-04   
2.4833E-03   -1.0869E-03   
1.8332E-03   -1.4262E-03   
2.1545E-03   -1.2589E-03   
3.9657E-03   -3.8664E-04   
3.1751E-03   -7.3826E-04   
1.9932E-03   -1.3432E-03   
3.0046E-03   -8.2144E-04   
1.4112E-03   -1.6367E-03   
3.8278E-03   -4.4295E-04   
3.4983E-03   -5.8631E-04   
3.3389E-03   -6.6026E-04   
1.4235E-03   -1.6352E-03   
2.8300E-03   -9.0867E-04   
2.6552E-03   -9.9780E-04   
4.2983E-03   -2.5530E-04   
4.4535E-03   -2.2140E-04   
1.4770E-03   -1.6468E-03   
1.4340E-03   -1.6385E-03   
1.3096E-03   -1.8483E-03   
1.4524E-03   -1.6420E-03   
4.4272E-03   -2.1821E-04   
1.3845E-03   -1.7253E-03   
1.7279E-03   -1.9028E-03   
4.3638E-03   -3.4209E-04   
1.2888E-03   -1.8047E-03   
4.4324E-03   -3.5828E-04   
4.4039E-03   -2.7408E-04   
4.6934E-03   -3.3373E-04   
1.5765E-03   -1.9150E-03   
2.1168E-03   -2.3292E-03   
1.7713E-03   -1.9927E-03   
5.2691E-03   -3.5858E-04   
5.0006E-03   -3.0590E-04   
6.3707E-03   -4.2588E-04   
1.4938E-03   -1.8643E-03   
1.9092E-03   -2.4393E-03   
5.7802E-03   -3.9080E-04   
6.5788E-03   -3.1680E-04   
1.9524E-03   -2.1771E-03   
1.7039E-03   -2.0817E-03   
1.7936E-03   -2.1193E-03   
5.9600E-03   -4.7349E-04   
4.1810E-03   -2.9988E-04   
2.3942E-03   -1.1283E-03   
2.2318E-03   -1.2142E-03   
1.5749E-03   -1.5575E-03   
3.7817E-03   -4.5763E-04   
4.3171E-03   -2.6229E-04   
1.7483E-03   -1.4689E-03   
3.0852E-03   -7.7519E-04   
4.0473E-03   -3.4939E-04   
3.2523E-03   -6.9476E-04   
3.9030E-03   -4.0726E-04   
1.9090E-03   -1.3849E-03   
2.9116E-03   -8.6110E-04   
2.5626E-03   -1.0399E-03   
2.7361E-03   -9.5014E-04   
1.5616E-03   -1.5694E-03   
3.5489E-03   -5.5846E-04   
3.4113E-03   -6.2050E-04   
1.5983E-03   -1.5751E-03   
1.5748E-03   -1.5725E-03   
1.4065E-03   -1.7410E-03   
1.5060E-03   -1.6537E-03   
4.3043E-03   -2.5645E-04   
1.6448E-03   -1.7872E-03   
4.3497E-03   -2.6812E-04   
4.2535E-03   -4.0750E-04   
1.6240E-03   -1.8456E-03   
4.2996E-03   -3.3027E-04   
4.5050E-03   -3.7921E-04   
5.5822E-03   -3.7561E-04   
4.7975E-03   -3.5424E-04   
1.8677E-03   -1.9040E-03   
1.4050E-03   -1.7760E-03   
1.3607E-03   -1.8591E-03   
5.4736E-03   -3.3266E-04   
5.0658E-03   -3.9661E-04   
1.9105E-03   -1.9895E-03   
2.1502E-03   -2.4079E-03   
2.2162E-03   -2.2181E-03   
1.7861E-03   -1.8244E-03   
5.7967E-03   -3.2674E-04   
6.1689E-03   -4.7985E-04   
6.5719E-03   -3.7506E-04   
6.7641E-03   -2.8073E-04   
1.9560E-03   -2.0296E-03   
2.1737E-03   -2.1060E-03   
3.8343E-03   -4.3481E-04   
2.1486E-03   -1.2587E-03   
2.3076E-03   -1.1738E-03   
4.1797E-03   -3.0544E-04   
3.4982E-03   -5.8028E-04   
3.3363E-03   -6.5433E-04   
3.9531E-03   -3.8677E-04   
2.4732E-03   -1.0861E-03   
3.1703E-03   -7.3284E-04   
2.9982E-03   -8.1683E-04   
1.9921E-03   -1.3423E-03   
2.8218E-03   -9.0533E-04   
2.6456E-03   -9.9587E-04   
1.6801E-03   -1.5063E-03   
1.6972E-03   -1.5033E-03   
1.7187E-03   -1.5035E-03   
1.6282E-03   -1.5794E-03   
1.5332E-03   -1.6661E-03   
1.8261E-03   -1.4308E-03   
4.1783E-03   -2.9963E-04   
4.1283E-03   -3.8341E-04   
3.6701E-03   -5.0381E-04   
4.1878E-03   -3.9350E-04   
1.6319E-03   -1.7503E-03   
1.4970E-03   -1.7785E-03   
2.1101E-03   -1.9308E-03   
4.3215E-03   -4.2590E-04   
1.5532E-03   -1.6874E-03   
4.1751E-03   -3.2259E-04   
1.9758E-03   -1.8032E-03   
4.5811E-03   -4.0722E-04   
1.8409E-03   -1.7386E-03   
5.1827E-03   -4.1809E-04   
5.4269E-03   -4.3695E-04   
4.9293E-03   -3.7372E-04   
6.9633E-03   -2.7975E-04   
2.2996E-03   -2.0033E-03   
2.1972E-03   -1.9670E-03   
2.3930E-03   -2.2267E-03   
5.9679E-03   -5.4293E-04   
2.2160E-03   -2.4854E-03   
6.3589E-03   -4.8884E-04   
6.7790E-03   -3.2899E-04   
3.9220E-03   -4.0268E-04   
2.2203E-03   -1.2250E-03   
2.0659E-03   -1.3074E-03   
3.4286E-03   -6.1580E-04   
4.0535E-03   -3.4872E-04   
3.2617E-03   -6.9347E-04   
2.3844E-03   -1.1376E-03   
3.0909E-03   -7.7559E-04   
2.5569E-03   -1.0466E-03   
2.9139E-03   -8.6323E-04   
1.8359E-03   -1.4341E-03   
2.7343E-03   -9.5450E-04   
1.7499E-03   -1.5039E-03   
3.7663E-03   -4.6736E-04   
4.0077E-03   -4.5168E-04   
1.9381E-03   -1.3754E-03   
1.6877E-03   -1.6047E-03   
1.7863E-03   -1.5077E-03   
1.7176E-03   -1.6736E-03   
3.5971E-03   -5.4002E-04   
4.0743E-03   -4.6152E-04   
5.2105E-03   -4.7404E-04   
4.0385E-03   -3.6330E-04   
4.1409E-03   -4.7622E-04   
1.8162E-03   -1.6841E-03   
4.3838E-03   -4.5150E-04   
4.6962E-03   -4.3172E-04   
4.0716E-03   -3.7917E-04   
2.4472E-03   -1.8959E-03   
2.0010E-03   -1.7264E-03   
2.2237E-03   -1.7263E-03   
5.3586E-03   -3.9808E-04   
7.0341E-03   -3.4084E-04   
2.3520E-03   -1.8555E-03   
4.8489E-03   -4.5080E-04   
5.3828E-03   -5.0007E-04   
5.7654E-03   -6.2324E-04   
2.4446E-03   -2.0297E-03   
2.4910E-03   -2.1100E-03   
5.6965E-03   -5.4718E-04   
7.1146E-03   -2.3398E-04   
6.5728E-03   -4.3487E-04   
1.9194E-03   -2.6022E-03   
1.9985E-03   -1.9125E-03   
2.1269E-03   -1.2839E-03   
1.9747E-03   -1.3637E-03   
3.3602E-03   -6.5697E-04   
3.8760E-03   -4.3199E-04   
3.1898E-03   -7.3763E-04   
2.4665E-03   -1.1041E-03   
1.8669E-03   -1.4306E-03   
3.0125E-03   -8.2424E-04   
1.8226E-03   -1.5186E-03   
2.6467E-03   -1.0098E-03   
1.7095E-03   -1.6304E-03   
2.8298E-03   -9.1585E-04   
3.5291E-03   -5.7977E-04   
1.9094E-03   -1.4272E-03   
3.8845E-03   -5.2651E-04   
4.0152E-03   -3.8485E-04   
3.6961E-03   -5.0637E-04   
3.9503E-03   -4.4388E-04   
3.9793E-03   -5.2356E-04   
4.2106E-03   -4.9431E-04   
2.6183E-03   -1.7802E-03   
2.0750E-03   -1.6408E-03   
2.3092E-03   -1.7500E-03   
2.1467E-03   -1.7054E-03   
4.9555E-03   -5.4591E-04   
6.5410E-03   -4.9450E-04   
2.5508E-03   -2.2462E-03   
1.9253E-03   -1.5903E-03   
2.2291E-03   -1.8334E-03   
4.7796E-03   -5.3154E-04   
5.5589E-03   -5.0631E-04   
7.1957E-03   -2.7036E-04   
6.8311E-03   -4.4452E-04   
5.8390E-03   -6.8552E-04   
2.7813E-03   -2.0237E-03   
2.1657E-03   -2.6012E-03   
4.6075E-03   -5.1819E-04   
1.7388E-03   -2.5932E-03   
3.2946E-03   -7.0305E-04   
3.9082E-03   -4.3727E-04   
3.4645E-03   -6.2374E-04   
3.1189E-03   -7.8788E-04   
2.5574E-03   -1.0719E-03   
2.0237E-03   -1.3515E-03   
1.5750E-03   -1.7095E-03   
1.8513E-03   -1.5405E-03   
3.6324E-03   -5.4804E-04   
1.9607E-03   -1.4273E-03   
3.8188E-03   -5.1796E-04   
2.2917E-03   -1.1966E-03   
2.7456E-03   -9.7462E-04   
2.5053E-03   -1.7282E-03   
2.3366E-03   -1.6321E-03   
4.0150E-03   -5.4993E-04   
2.2093E-03   -1.6324E-03   
1.8733E-03   -1.5713E-03   
1.9985E-03   -1.5952E-03   
1.9762E-03   -1.6424E-03   
2.4793E-03   -1.6423E-03   
2.6904E-03   -1.8397E-03   
5.1390E-03   -5.6513E-04   
6.3174E-03   -5.6596E-04   
4.7073E-03   -6.1716E-04   
3.6564E-03   -6.0914E-04   
4.3664E-03   -5.9921E-04   
5.3583E-03   -5.8728E-04   
2.8245E-03   -2.1592E-03   
2.3235E-03   -2.3141E-03   
4.5389E-03   -6.0461E-04   
5.7595E-03   -4.6008E-04   
2.9300E-03   -2.0486E-03   
2.6601E-03   -1.9992E-03   
6.1003E-03   -6.6318E-04   
5.5697E-03   -7.1546E-04   
3.4036E-03   -6.7101E-04   
3.2377E-03   -7.5104E-04   
3.7595E-03   -5.1167E-04   
2.0040E-03   -1.4414E-03   
3.7738E-03   -4.8559E-04   
3.5712E-03   -5.9383E-04   
3.0552E-03   -8.4155E-04   
2.0868E-03   -1.3396E-03   
2.6605E-03   -1.0399E-03   
2.8566E-03   -9.4037E-04   
2.5560E-03   -1.5400E-03   
2.4208E-03   -1.5401E-03   
2.1936E-03   -1.2635E-03   
2.0240E-03   -1.5136E-03   
2.0211E-03   -1.4758E-03   
2.1264E-03   -1.5026E-03   
2.3728E-03   -1.1691E-03   
4.1225E-03   -5.6808E-04   
3.5255E-03   -7.0119E-04   
4.3043E-03   -6.8344E-04   
2.1605E-03   -1.5471E-03   
4.1613E-03   -6.2368E-04   
2.8877E-03   -1.9148E-03   
4.8755E-03   -6.3555E-04   
2.8965E-03   -1.7161E-03   
2.2766E-03   -2.1341E-03   
3.1034E-03   -2.0631E-03   
3.8531E-03   -6.4251E-04   
4.4628E-03   -6.9279E-04   
2.7408E-03   -1.5863E-03   
3.0482E-03   -1.9380E-03   
2.6955E-03   -2.2772E-03   
5.6583E-03   -7.7558E-04   
6.3859E-03   -6.4187E-04   
3.3571E-03   -7.1305E-04   
3.5117E-03   -6.4299E-04   
2.4693E-03   -1.1396E-03   
2.1756E-03   -1.4267E-03   
2.7752E-03   -1.0090E-03   
2.3843E-03   -1.4486E-03   
2.1764E-03   -1.3260E-03   
3.6030E-03   -7.1954E-04   
2.2777E-03   -1.2409E-03   
2.2111E-03   -1.3579E-03   
4.2807E-03   -5.0544E-04   
2.9857E-03   -9.0603E-04   
3.6627E-03   -5.7351E-04   
2.5085E-03   -1.4444E-03   
4.2264E-03   -7.7272E-04   
2.6422E-03   -1.4424E-03   
4.1712E-03   -6.7924E-04   
2.0604E-03   -2.2034E-03   
3.3332E-03   -2.0624E-03   
4.6212E-03   -7.0891E-04   
2.4117E-03   -2.3560E-03   
3.0522E-03   -1.4993E-03   
2.9729E-03   -1.7934E-03   
3.9204E-03   -6.8047E-04   
5.0483E-03   -6.5982E-04   
2.8556E-03   -2.3126E-03   
3.1072E-03   -1.5836E-03   
3.1736E-03   -1.8185E-03   
3.0094E-03   -2.1801E-03   
5.3774E-03   -8.1427E-04   
2.6918E-03   -1.5357E-03   
6.6887E-03   -6.1295E-04   
2.5789E-03   -1.1090E-03   
2.6002E-03   -1.3442E-03   
3.2157E-03   -7.9337E-04   
2.3884E-03   -1.2093E-03   
3.3624E-03   -8.0171E-04   
2.7806E-03   -1.4450E-03   
2.2920E-03   -1.4489E-03   
4.5276E-03   -8.0563E-04   
2.8940E-03   -9.8380E-04   
2.7312E-03   -1.3415E-03   
2.3386E-03   -1.2643E-03   
3.6714E-03   -7.5216E-04   
4.3749E-03   -7.8705E-04   
3.4327E-03   -7.0353E-04   
2.3217E-03   -1.3897E-03   
3.9738E-03   -7.2744E-04   
2.5149E-03   -1.9376E-03   
2.9091E-03   -1.4632E-03   
3.1783E-03   -1.6512E-03   
3.3001E-03   -1.6948E-03   
3.3644E-03   -1.8524E-03   
3.6363E-03   -1.9348E-03   
5.4762E-03   -8.8650E-04   
2.6716E-03   -2.4422E-03   
4.9397E-03   -7.5799E-04   
6.8955E-03   -5.2265E-04   
2.6920E-03   -1.0828E-03   
2.5032E-03   -1.1786E-03   
3.1322E-03   -8.7675E-04   
2.8220E-03   -1.2397E-03   
3.4235E-03   -8.3221E-04   
4.0504E-03   -7.7275E-04   
3.7374E-03   -7.9145E-04   
2.8734E-03   -1.3404E-03   
4.2854E-03   -8.8543E-04   
4.1375E-03   -8.6807E-04   
5.1120E-03   -8.4344E-04   
4.6849E-03   -8.3023E-04   
3.5868E-03   -1.5986E-03   
3.3814E-03   -1.5272E-03   
2.4671E-03   -1.3574E-03   
5.2016E-03   -6.9658E-04   
5.9020E-03   -7.3776E-04   
5.1894E-03   -1.0184E-03   
3.6499E-03   -1.8349E-03   
3.6451E-03   -2.0371E-03   
3.6889E-03   -1.7307E-03   
3.1794E-03   -1.3645E-03   
2.9945E-03   -2.3647E-03   
6.9760E-03   -5.8525E-04   
2.6080E-03   -1.1605E-03   
3.3332E-03   -7.7390E-04   
2.5121E-03   -1.2820E-03   
2.9857E-03   -9.7599E-04   
4.0189E-03   -9.8755E-04   
3.1640E-03   -9.2399E-04   
2.8026E-03   -1.0655E-03   
3.4896E-03   -8.6977E-04   
2.9618E-03   -1.2344E-03   
3.8453E-03   -8.8590E-04   
3.1217E-03   -1.2312E-03   
3.8989E-03   -9.3988E-04   
5.3041E-03   -7.4929E-04   
4.4393E-03   -9.0375E-04   
4.8570E-03   -8.6190E-04   
6.1098E-03   -7.5053E-04   
3.3266E-03   -1.4571E-03   
5.0831E-03   -7.8102E-04   
3.3126E-03   -1.3856E-03   
4.9055E-03   -9.4032E-04   
2.6994E-03   -1.2338E-03   
3.3206E-03   -1.2276E-03   
3.7806E-03   -1.6158E-03   
4.9192E-03   -1.0248E-03   
5.4826E-03   -9.6831E-04   
3.4238E-03   -1.5894E-03   
3.8977E-03   -1.7300E-03   
3.8692E-03   -1.9135E-03   
2.7827E-03   -2.4858E-03   
2.7086E-03   -1.1594E-03   
3.2041E-03   -1.1215E-03   
2.9362E-03   -1.0400E-03   
3.2505E-03   -9.4870E-04   
3.5276E-03   -1.3410E-03   
3.0429E-03   -1.1342E-03   
3.7353E-03   -1.0558E-03   
4.2313E-03   -9.6979E-04   
4.1359E-03   -1.8437E-03   
4.6858E-03   -1.0369E-03   
2.4224E-03   -1.2524E-03   
3.4825E-03   -1.2643E-03   
4.5838E-03   -9.3097E-04   
3.5716E-03   -9.0399E-04   
3.6389E-03   -1.0059E-03   
3.8883E-03   -1.4971E-03   
2.7111E-03   -2.5866E-03   
3.9872E-03   -1.6291E-03   
4.9022E-03   -1.1065E-03   
5.6744E-03   -8.9892E-04   
3.8056E-03   -8.3281E-04   
2.3588E-03   -1.3234E-03   
2.9066E-03   -1.1538E-03   
3.3743E-03   -1.1176E-03   
3.0746E-03   -1.0591E-03   
4.3359E-03   -1.0053E-03   
3.4555E-03   -1.0124E-03   
3.5672E-03   -1.1588E-03   
3.0633E-03   -1.0151E-03   
4.7095E-03   -1.2111E-03   
2.8959E-03   -1.1094E-03   
5.9146E-03   -8.6227E-04   
4.6711E-03   -1.1291E-03   
3.6784E-03   -1.4748E-03   
3.5260E-03   -1.1129E-03   
4.3211E-03   -1.7204E-03   
2.4051E-03   -2.6991E-03   
3.6625E-03   -9.2718E-04   
3.8625E-03   -1.3376E-03   
4.0799E-03   -1.0679E-03   
4.1952E-03   -1.1297E-03   
4.0252E-03   -1.3689E-03   
4.7941E-03   -1.2844E-03   
3.6939E-03   -1.2435E-03   
4.2116E-03   -1.6482E-03   
4.4189E-03   -1.7749E-03   
4.1441E-03   -1.2451E-03   
3.7605E-03   -1.2916E-03   
4.6801E-03   -1.7662E-03   
4.1956E-03   -1.4036E-03   
4.7038E-03   -9.6006E-04   
5.1218E-03   -1.2213E-03   
4.4907E-03   -1.3353E-03   
3.9141E-03   -1.1840E-03   
4.4268E-03   -1.1384E-03   
4.0736E-03   -1.5191E-03   
4.5480E-03   -1.4128E-03   
5.3741E-03   -1.0772E-03   
4.9579E-03   -1.6270E-03   
4.3166E-03   -1.4397E-03   
3.9749E-03   -1.2373E-03   
4.5360E-03   -1.5137E-03   
4.7935E-03   -1.5096E-03   
5.1247E-03   -1.3966E-03   
5.2440E-03   -1.2777E-03   
5.0325E-03   -1.5191E-03   
2.4693E-04   -3.2078E-03   
4.5083E-03   -1.6073E-03   
4.2505E-03   -1.9049E-03   
7.4111E-03   -2.6786E-04   
5.5714E-04   -2.6915E-03   
8.0853E-03   -3.9934E-05   
7.2664E-03   -5.5654E-04   
4.4860E-04   -3.2447E-03   
2.1473E-03   -2.7056E-03   
5.0639E-03   -1.6881E-03   
7.5360E-03   -1.4264E-04   
6.8562E-04   -3.2166E-03   
2.4118E-03   -2.5019E-03   
9.7367E-04   -3.1764E-03   
1.2679E-03   -3.1324E-03   
1.5616E-03   -3.0798E-03   
1.8646E-03   -3.0195E-03   
8.3440E-03   -3.6538E-05   
2.1741E-03   -2.9532E-03   
2.4987E-03   -2.8768E-03   
7.0782E-03   -4.5394E-04   
2.8334E-03   -2.7979E-03   
8.6105E-03   -3.5213E-05   
3.1733E-03   -2.7150E-03   
3.5230E-03   -2.6287E-03   
5.4188E-03   -1.1690E-03   
3.9177E-03   -2.5257E-03   
8.8908E-03   -3.2653E-05   
6.1693E-03   -5.3549E-04   
4.2330E-03   -2.4775E-03   
3.1629E-03   -1.9715E-03   
1.6332E-03   -2.8589E-03   
7.1294E-03   -3.9568E-04   
4.6004E-03   -2.3583E-03   
5.0129E-03   -2.2738E-03   
9.1800E-03   -2.8907E-05   
5.3974E-03   -2.1872E-03   
3.3468E-03   -2.2856E-03   
5.8246E-03   -2.0822E-03   
6.1573E-03   -2.0335E-03   
9.4796E-03   -2.5109E-05   
6.5433E-03   -1.9115E-03   
6.9787E-03   -1.8085E-03   
7.2106E-04   -3.0565E-03   
7.3869E-03   -1.6979E-03   
9.8253E-03   -2.2695E-05   
7.6401E-03   -8.8965E-05   
3.5762E-03   -2.1522E-03   
7.8292E-03   -1.5584E-03   
8.2513E-03   -1.4330E-03   
6.7787E-03   -6.6522E-04   
1.0210E-02   -1.2305E-05   
6.1823E-03   -8.1946E-04   
5.6929E-03   -9.6528E-04   
9.0821E-03   -1.1229E-03   
1.0623E-02   -1.7812E-04   
1.0699E-02   -1.7754E-04   
1.0658E-02   -5.0524E-05   
1.0690E-02   -2.1102E-05   
1.0633E-02   -1.1316E-04   
2.9171E-03   -2.6034E-03   
1.0011E-02   -6.4984E-04   
8.3529E-04   -3.1160E-03   
6.3917E-03   -8.3437E-04   
6.0198E-03   -9.3349E-04   
1.4692E-03   -2.9592E-03   
5.6402E-03   -1.1647E-03   
1.8971E-03   -2.8093E-03   
7.6109E-03   -2.2547E-04   
5.3197E-03   -1.4147E-03   
7.4667E-03   -4.6892E-04   
2.1059E-03   -2.8144E-03   
3.7475E-03   -2.1932E-03   
1.4452E-03   -3.0327E-03   
4.1431E-03   -2.0425E-03   
2.0550E-03   -2.9090E-03   
6.7121E-03   -7.4639E-04   
7.2666E-03   -1.6321E-03   
5.2859E-03   -2.1200E-03   
2.7179E-03   -2.7405E-03   
3.4445E-03   -2.3487E-03   
3.4030E-03   -2.5716E-03   
3.3218E-03   -2.4872E-03   
8.7408E-03   -6.8630E-05   
5.4310E-03   -1.6140E-03   
7.7633E-03   -1.2756E-04   
7.3564E-03   -6.0797E-04   
8.2258E-03   -7.1115E-05   
9.7826E-03   -4.8987E-05   
4.8250E-03   -1.8224E-03   
5.9581E-03   -1.9535E-03   
7.2472E-03   -3.0210E-04   
7.3495E-03   -4.1079E-04   
5.4435E-03   -1.2242E-03   
3.9583E-03   -1.9487E-03   
1.0441E-02   -4.9231E-06   
8.6828E-03   -1.2788E-03   
4.0255E-03   -2.4038E-03   
7.9269E-03   -1.4319E-03   
1.0712E-02   -1.2033E-04   
1.0760E-02   -1.1062E-05   
1.0744E-02   -3.1039E-05   
1.0723E-02   -7.2705E-05   
6.5874E-03   -1.7880E-03   
4.6285E-03   -2.2302E-03   
9.3111E-03   -5.4212E-05   
9.4550E-03   -8.1617E-04   
1.0254E-02   -3.5886E-05   
9.9631E-03   -5.9354E-04   
1.0187E-02   -2.6055E-04   
1.0302E-02   -5.0114E-05   
1.0250E-02   -1.1213E-04   
1.0123E-02   -4.0555E-04   
6.6554E-03   -8.4404E-04   
5.2035E-03   -2.0486E-03   
7.6924E-03   -1.7500E-04   
7.9561E-03   -1.4666E-04   
8.5840E-03   -1.0937E-04   
9.3238E-04   -3.0346E-03   
4.7118E-03   -1.9569E-03   
5.9594E-03   -1.0599E-03   
3.6207E-03   -2.4468E-03   
7.6599E-03   -2.7695E-04   
9.1487E-03   -8.9323E-05   
8.5436E-03   -1.2437E-03   
2.6246E-03   -2.6896E-03   
4.9217E-03   -2.1083E-03   
3.9154E-03   -2.3614E-03   
5.8733E-03   -1.8953E-03   
4.3657E-03   -2.0395E-03   
6.9744E-03   -1.6403E-03   
5.6544E-03   -1.3509E-03   
4.2926E-03   -2.2606E-03   
7.2632E-03   -7.0024E-04   
7.5626E-03   -5.2616E-04   
6.2619E-03   -1.8096E-03   
5.7039E-03   -1.4590E-03   
9.4736E-03   -7.5962E-05   
5.5431E-03   -1.6941E-03   
8.8659E-03   -9.9040E-05   
4.0769E-03   -2.1606E-03   
7.5704E-03   -3.4418E-04   
5.5337E-03   -1.9737E-03   
5.8695E-03   -1.1964E-03   
8.2573E-03   -1.1735E-04   
7.6584E-03   -3.8872E-04   
9.7671E-03   -3.9705E-04   
9.9289E-03   -8.6200E-05   
9.8690E-03   -1.8081E-04   
9.9869E-03   -5.0105E-05   
6.9336E-03   -7.5587E-04   
8.9225E-03   -1.0302E-03   
9.5387E-03   -6.7648E-04   
1.0231E-02   -9.2946E-05   
1.0145E-02   -3.4736E-04   
1.0155E-02   -1.8021E-04   
1.0114E-02   -2.1782E-04   
5.4331E-03   -1.9075E-03   
4.0820E-03   -2.2451E-03   
9.2533E-03   -1.1521E-04   
8.2338E-03   -1.3079E-03   
4.7225E-03   -2.0850E-03   
5.7918E-03   -1.5452E-03   
5.3164E-03   -1.8447E-03   
7.8730E-03   -4.9123E-04   
8.1438E-03   -1.6977E-04   
6.6797E-03   -1.6573E-03   
8.7226E-03   -1.3609E-04   
9.8340E-03   -2.4317E-04   
9.9594E-03   -1.2487E-04   
7.9557E-03   -3.5892E-04   
6.6018E-03   -9.4960E-04   
7.9386E-03   -2.5867E-04   
6.2462E-03   -1.0660E-03   
9.7472E-03   -3.1982E-04   
9.0481E-03   -8.5133E-04   
7.5287E-03   -6.9057E-04   
7.3723E-03   -1.4881E-03   
5.9786E-03   -1.3222E-03   
4.9995E-03   -1.9324E-03   
6.1114E-03   -1.7520E-03   
7.3264E-03   -7.6460E-04   
9.7612E-03   -7.6866E-05   
8.8482E-03   -9.8483E-04   
9.5943E-03   -5.3591E-04   
6.7521E-03   -1.5193E-03   
6.3442E-03   -1.2689E-03   
7.2758E-03   -8.5361E-04   
7.8316E-03   -6.4225E-04   
6.3503E-03   -1.6082E-03   
5.6593E-03   -1.7642E-03   
9.3536E-03   -1.3721E-04   
8.6378E-03   -1.0043E-03   
8.7478E-03   -1.7980E-04   
9.0795E-03   -1.5778E-04   
6.0033E-03   -1.6870E-03   
8.1425E-03   -2.8172E-04   
8.1659E-03   -2.1709E-04   
8.0696E-03   -4.0606E-04   
5.9256E-03   -1.2638E-03   
6.1226E-03   -1.4830E-03   
7.9968E-03   -5.3831E-04   
7.4699E-03   -1.3626E-03   
6.8865E-03   -9.5269E-04   
6.5450E-03   -1.0595E-03   
6.3136E-03   -1.3713E-03   
7.5974E-03   -8.0254E-04   
7.8004E-03   -7.2166E-04   
7.6683E-03   -1.4585E-03   
8.1864E-03   -4.4951E-04   
6.2333E-03   -1.5463E-03   
9.6237E-03   -1.1434E-04   
8.4281E-03   -2.2542E-04   
8.2537E-03   -3.3218E-04   
8.2054E-03   -1.1610E-03   
8.6510E-03   -2.4000E-04   
6.5268E-03   -1.1473E-03   
7.1023E-03   -9.6482E-04   
7.8706E-03   -7.7899E-04   
6.4409E-03   -1.4138E-03   
8.5698E-03   -3.0039E-04   
8.8311E-03   -8.5874E-04   
8.1325E-03   -5.6652E-04   
8.4963E-03   -4.0543E-04   
8.0509E-03   -1.3083E-03   
9.2149E-03   -1.7924E-04   
6.7337E-03   -1.1637E-03   
7.0867E-03   -1.0492E-03   
9.7437E-03   -1.3173E-04   
8.4029E-03   -5.2663E-04   
9.3918E-03   -1.9364E-04   
6.7831E-03   -1.3286E-03   
8.6309E-03   -3.4255E-04   
9.0572E-03   -2.3020E-04   
8.6115E-03   -4.3739E-04   
7.3935E-03   -1.0280E-03   
8.8117E-03   -2.5301E-04   
7.7527E-03   -9.0163E-04   
8.2766E-03   -6.8652E-04   
8.8627E-03   -3.4609E-04   
8.4139E-03   -7.3587E-04   
6.9026E-03   -1.3800E-03   
8.0384E-03   -8.8192E-04   
7.0169E-03   -1.1751E-03   
7.6770E-03   -1.0134E-03   
9.1337E-03   -2.6177E-04   
9.7024E-03   -1.7628E-04   
8.6456E-03   -7.2955E-04   
8.3369E-03   -8.4802E-04   
9.2227E-03   -2.9052E-04   
7.1436E-03   -1.2485E-03   
7.5453E-03   -1.1467E-03   
9.0664E-03   -3.4995E-04   
8.9886E-03   -6.4802E-04   
8.3093E-03   -9.4570E-04   
9.5354E-03   -2.3888E-04   
9.0545E-03   -3.9601E-04   
8.9689E-03   -7.3460E-04   
9.6767E-03   -2.4924E-04   
8.6331E-03   -8.6797E-04   
8.7266E-03   -4.6782E-04   
8.5183E-03   -5.6662E-04   
8.6714E-03   -5.9774E-04   
9.0546E-03   -5.0160E-04   
