51 
1844 
6.7621E-03   -7.4731E-03   
1.2860E-02   -6.3269E-03   
1.7691E-02   -4.5676E-03   
2.0793E-02   -2.3853E-03   
0.0000E+00   -7.8320E-03   
2.1840E-02   0.0000E+00   
2.2328E-02   -9.2427E-36   
2.3129E-02   -7.9810E-38   
2.4885E-02   3.8637E-36   
2.6476E-02   5.6766E-36   
2.8497E-02   1.2058E-35   
3.0964E-02   1.6624E-35   
3.2862E-02   2.0125E-35   
3.6091E-02   3.0613E-35   
3.8496E-02   3.7124E-35   
4.1098E-02   3.2513E-35   
4.2470E-02   5.0407E-35   
4.5351E-02   7.4718E-35   
4.8407E-02   1.0881E-34   
5.0000E-02   -1.1918E-29   
5.0000E-02   -6.4617E-34   
5.0000E-02   -6.4617E-34   
5.0000E-02   -6.4617E-34   
5.0000E-02   -6.4617E-34   
5.0000E-02   -6.4617E-34   
5.0000E-02   -6.4617E-34   
5.0000E-02   -6.4617E-34   
5.0000E-02   -6.4617E-34   
5.0000E-02   -6.4617E-34   
5.0000E-02   -6.4617E-34   
5.0000E-02   -6.4617E-34   
5.0000E-02   -6.4617E-34   
4.6976E-02   -2.1646E-03   
4.2049E-02   -4.9388E-03   
3.9971E-02   -5.8930E-03   
3.7987E-02   -6.6802E-03   
3.4167E-02   -7.9476E-03   
3.2304E-02   -8.4779E-03   
2.8643E-02   -9.4117E-03   
2.6844E-02   -9.8389E-03   
2.3304E-02   -1.0652E-02   
1.9862E-02   -1.1439E-02   
1.8185E-02   -1.1830E-02   
1.4936E-02   -1.2597E-02   
1.1849E-02   -1.3329E-02   
1.0372E-02   -1.3670E-02   
7.5518E-03   -1.4276E-02   
4.9013E-03   -1.4741E-02   
2.3958E-03   -1.5030E-02   
0.0000E+00   -1.5116E-02   
1.0887E-34   -1.4321E-02   
1.1456E-34   -1.3562E-02   
1.0794E-34   -1.2554E-02   
1.0233E-34   -1.1976E-02   
9.0089E-35   -1.1032E-02   
8.2183E-35   -1.0495E-02   
7.4030E-35   -9.9710E-03   
6.7276E-35   -9.5476E-03   
6.5800E-35   -9.1761E-03   
5.1278E-03   -7.9794E-03   
4.8042E-02   -1.9164E-04   
4.5988E-02   -4.0052E-04   
4.3018E-02   -6.9229E-04   
4.0584E-02   -9.4149E-04   
3.8227E-02   -1.2518E-03   
3.5571E-02   -1.4367E-03   
3.3396E-02   -1.5124E-03   
3.0708E-02   -1.7449E-03   
2.8042E-02   -1.8884E-03   
2.5389E-02   -2.0143E-03   
2.2757E-02   -2.1265E-03   
2.0017E-02   -2.3062E-03   
1.7198E-02   -2.7621E-03   
1.3347E-02   -3.9857E-03   
9.4215E-03   -5.8936E-03   
1.3979E-02   -4.6434E-03   
1.6666E-02   -2.3111E-03   
1.9273E-02   -1.4646E-03   
2.1738E-02   -1.2402E-03   
2.4107E-02   -1.2098E-03   
2.6361E-02   -1.2212E-03   
2.8935E-02   -1.1206E-03   
3.1329E-02   -1.0394E-03   
3.3558E-02   -9.3457E-04   
3.5859E-02   -9.4100E-04   
3.8363E-02   -7.4560E-04   
4.0771E-02   -5.8815E-04   
4.3128E-02   -4.7359E-04   
4.5623E-02   -2.7527E-04   
4.7789E-02   -1.1613E-04   
2.0454E-02   -1.0329E-03   
2.1711E-02   -4.8886E-04   
2.3145E-02   -4.5979E-04   
2.5131E-02   -4.7217E-04   
2.7032E-02   -4.8081E-04   
2.9375E-02   -5.0650E-04   
3.1469E-02   -5.2003E-04   
3.3549E-02   -5.0862E-04   
3.6225E-02   -4.0893E-04   
3.8465E-02   -3.3065E-04   
4.0999E-02   -2.8398E-04   
4.3488E-02   -2.0500E-04   
4.5921E-02   -1.3456E-04   
4.8154E-02   -4.3942E-05   
4.7674E-02   -2.9760E-04   
4.5452E-02   -6.2765E-04   
4.2730E-02   -1.0530E-03   
4.0217E-02   -1.3160E-03   
3.8043E-02   -1.6914E-03   
3.5312E-02   -1.9934E-03   
3.2619E-02   -2.2659E-03   
3.0066E-02   -2.4780E-03   
2.7412E-02   -2.7363E-03   
2.4923E-02   -2.9615E-03   
2.1732E-02   -3.3151E-03   
1.8324E-02   -3.8378E-03   
1.4978E-02   -4.5580E-03   
1.1474E-02   -5.5973E-03   
7.5547E-03   -7.2030E-03   
3.7584E-03   -8.7402E-03   
4.7532E-02   -4.4131E-04   
4.5645E-02   -8.0169E-04   
4.2410E-02   -1.4278E-03   
4.0289E-02   -1.8203E-03   
3.7756E-02   -2.2125E-03   
3.4711E-02   -2.7183E-03   
3.2017E-02   -2.9949E-03   
2.9403E-02   -3.2871E-03   
2.6329E-02   -3.7121E-03   
2.3451E-02   -4.1807E-03   
2.0401E-02   -4.6894E-03   
1.7197E-02   -5.1598E-03   
1.3754E-02   -6.1104E-03   
1.0401E-02   -7.0133E-03   
6.7606E-03   -8.2966E-03   
3.2222E-03   -9.4138E-03   
4.8223E-02   -3.8578E-04   
4.4801E-02   -1.2050E-03   
4.2853E-02   -1.6308E-03   
4.0477E-02   -2.1940E-03   
3.6930E-02   -2.9111E-03   
3.4405E-02   -3.3889E-03   
3.1781E-02   -3.7801E-03   
2.8678E-02   -4.2998E-03   
2.5849E-02   -4.8081E-03   
2.2797E-02   -5.2336E-03   
1.9920E-02   -5.7271E-03   
1.6315E-02   -6.3808E-03   
1.2820E-02   -7.4816E-03   
9.5581E-03   -8.2701E-03   
6.4952E-03   -9.2645E-03   
3.1939E-03   -1.0055E-02   
4.7128E-02   -7.8897E-04   
4.5122E-02   -1.3887E-03   
4.2694E-02   -2.1056E-03   
4.0248E-02   -2.7961E-03   
3.6700E-02   -3.6230E-03   
3.3850E-02   -4.1393E-03   
3.0955E-02   -4.8015E-03   
2.8182E-02   -5.3978E-03   
2.4872E-02   -5.8472E-03   
2.2180E-02   -6.2412E-03   
1.9441E-02   -6.9394E-03   
1.5807E-02   -7.7995E-03   
1.2259E-02   -8.7053E-03   
9.1571E-03   -9.4784E-03   
5.8571E-03   -1.0273E-02   
3.0591E-03   -1.0781E-02   
4.7734E-02   -8.3492E-04   
4.5008E-02   -1.8401E-03   
4.2774E-02   -2.5253E-03   
3.9277E-02   -3.6245E-03   
3.6198E-02   -4.5429E-03   
3.3450E-02   -5.0985E-03   
3.0040E-02   -5.8420E-03   
2.7484E-02   -6.3843E-03   
2.4166E-02   -6.9123E-03   
2.1274E-02   -7.4715E-03   
1.7999E-02   -8.1921E-03   
1.5327E-02   -8.8673E-03   
1.2110E-02   -9.6954E-03   
8.9208E-03   -1.0442E-02   
5.8271E-03   -1.1124E-02   
2.7395E-03   -1.1613E-02   
4.7349E-02   -1.1256E-03   
4.4360E-02   -2.3431E-03   
4.2272E-02   -3.0935E-03   
3.8214E-02   -4.5588E-03   
3.5757E-02   -5.2801E-03   
3.2963E-02   -6.0649E-03   
2.9900E-02   -6.6661E-03   
2.6806E-02   -7.3487E-03   
2.3375E-02   -8.1204E-03   
2.0506E-02   -8.7084E-03   
1.7693E-02   -9.2848E-03   
1.4762E-02   -9.9926E-03   
1.1539E-02   -1.0891E-02   
8.7951E-03   -1.1408E-02   
5.6892E-03   -1.2051E-02   
2.8238E-03   -1.2425E-02   
4.7577E-02   -1.3383E-03   
4.5018E-02   -2.5811E-03   
4.1583E-02   -3.9905E-03   
3.8579E-02   -5.2427E-03   
3.5327E-02   -6.0185E-03   
3.2188E-02   -6.8319E-03   
2.9199E-02   -7.6025E-03   
2.6206E-02   -8.3194E-03   
2.3213E-02   -9.0198E-03   
1.9922E-02   -9.6357E-03   
1.7013E-02   -1.0537E-02   
1.3961E-02   -1.1141E-02   
1.1217E-02   -1.1701E-02   
8.3636E-03   -1.2370E-02   
5.4250E-03   -1.2975E-02   
3.0146E-03   -1.3219E-02   
4.6872E-02   -2.0303E-03   
4.3745E-02   -3.8282E-03   
4.1144E-02   -4.8533E-03   
3.7084E-02   -6.3455E-03   
3.4630E-02   -7.0702E-03   
3.1221E-02   -7.9890E-03   
2.8264E-02   -8.7774E-03   
2.5629E-02   -9.2585E-03   
2.2457E-02   -9.9569E-03   
1.9463E-02   -1.0798E-02   
1.6951E-02   -1.1313E-02   
1.3910E-02   -1.2054E-02   
1.0779E-02   -1.2775E-02   
7.9879E-03   -1.3337E-02   
5.3204E-03   -1.3819E-02   
2.3802E-03   -1.4295E-02   
8.4928E-04   -7.8584E-03   
1.7091E-03   -7.8427E-03   
2.5648E-03   -7.8125E-03   
3.4177E-03   -7.7704E-03   
4.2651E-03   -7.7154E-03   
5.1061E-03   -7.6472E-03   
5.9389E-03   -7.5661E-03   
7.5744E-03   -7.3685E-03   
8.3749E-03   -7.2525E-03   
9.1622E-03   -7.1253E-03   
9.9352E-03   -6.9870E-03   
1.0693E-02   -6.8377E-03   
1.1434E-02   -6.6777E-03   
1.2157E-02   -6.5074E-03   
1.3544E-02   -6.1366E-03   
1.4206E-02   -5.9371E-03   
1.4846E-02   -5.7290E-03   
1.5465E-02   -5.5122E-03   
1.6059E-02   -5.2878E-03   
1.6629E-02   -5.0548E-03   
1.7174E-02   -4.8146E-03   
1.8182E-02   -4.3144E-03   
1.8644E-02   -4.0546E-03   
1.9078E-02   -3.7889E-03   
1.9482E-02   -3.5176E-03   
1.9856E-02   -3.2412E-03   
2.0200E-02   -2.9600E-03   
2.0512E-02   -2.6747E-03   
2.1042E-02   -2.0923E-03   
2.1258E-02   -1.7958E-03   
2.1441E-02   -1.4956E-03   
2.1578E-02   -1.1930E-03   
2.1715E-02   -8.9575E-04   
2.1779E-02   -6.0146E-04   
2.1843E-02   -2.9201E-04   
2.1983E-02   -4.5944E-35   
2.2063E-02   -4.2736E-35   
2.2126E-02   -3.1585E-35   
2.2185E-02   -1.6678E-35   
2.2250E-02   -1.2490E-35   
2.2427E-02   -6.6071E-36   
2.2553E-02   -4.4623E-36   
2.2710E-02   -2.7148E-36   
2.2901E-02   -1.2777E-36   
2.3395E-02   9.2273E-37   
2.3703E-02   1.7662E-36   
2.4053E-02   2.4997E-36   
2.4447E-02   3.1842E-36   
2.5369E-02   4.4772E-36   
2.5899E-02   5.0852E-36   
2.7101E-02   6.3337E-36   
2.7775E-02   7.0088E-36   
2.9270E-02   1.2700E-35   
3.0092E-02   9.5395E-36   
3.1887E-02   1.7984E-35   
3.3887E-02   2.3286E-35   
3.4964E-02   2.6290E-35   
3.7269E-02   3.1683E-35   
3.9773E-02   4.2358E-35   
4.3889E-02   6.3309E-35   
4.6857E-02   6.6276E-35   
5.0000E-02   -6.4617E-34   
5.0000E-02   -6.4617E-34   
5.0000E-02   -6.4617E-34   
5.0000E-02   -6.4617E-34   
5.0000E-02   -6.4617E-34   
4.4288E-02   -3.7946E-03   
3.6060E-02   -7.3561E-03   
3.0464E-02   -8.9610E-03   
2.5063E-02   -1.0251E-02   
2.1570E-02   -1.1047E-02   
1.6542E-02   -1.2216E-02   
1.3371E-02   -1.2970E-02   
8.9391E-03   -1.3987E-02   
6.2064E-03   -1.4528E-02   
3.6314E-03   -1.4908E-02   
1.1903E-03   -1.5105E-02   
8.0601E-35   -1.4719E-02   
1.1324E-34   -1.3934E-02   
1.1098E-34   -1.3208E-02   
1.6173E-34   -1.2872E-02   
1.6327E-34   -1.2256E-02   
9.9954E-35   -1.1714E-02   
9.7242E-35   -1.1469E-02   
9.3506E-35   -1.1243E-02   
8.7262E-35   -1.0838E-02   
8.4614E-35   -1.0659E-02   
8.0128E-35   -1.0345E-02   
7.8101E-35   -1.0208E-02   
7.5966E-35   -1.0084E-02   
7.2342E-35   -9.8690E-03   
7.0812E-35   -9.7767E-03   
6.9449E-35   -9.6931E-03   
6.8266E-35   -9.6172E-03   
6.6477E-35   -9.4829E-03   
6.5877E-35   -9.4218E-03   
6.5492E-35   -9.3625E-03   
6.5344E-35   -9.3031E-03   
6.5446E-35   -9.2418E-03   
6.6389E-35   -9.1037E-03   
6.7177E-35   -9.0217E-03   
6.8277E-35   -8.9268E-03   
6.9747E-35   -8.8162E-03   
7.2053E-35   -8.6871E-03   
1.1360E-34   -8.5303E-03   
1.1447E-34   -8.3474E-03   
9.3892E-35   -8.1057E-03   
9.1554E-03   -7.0478E-03   
1.4131E-02   -5.6004E-03   
1.5993E-02   -4.8687E-03   
1.0647E-02   -6.6816E-03   
2.0280E-02   -2.5143E-03   
6.8398E-03   -7.5071E-03   
2.8232E-03   -7.9938E-03   
1.9112E-02   -3.3122E-03   
2.1374E-02   -1.4435E-03   
1.7676E-02   -4.1018E-03   
1.2089E-02   -6.2741E-03   
2.0896E-02   -1.9802E-03   
1.2789E-02   -6.0573E-03   
6.0513E-03   -7.6338E-03   
1.7144E-02   -4.3612E-03   
1.9533E-02   -3.0469E-03   
2.1903E-02   -4.0370E-04   
1.0871E-03   -8.0850E-03   
5.2561E-03   -7.7464E-03   
1.4768E-02   -5.3615E-03   
1.5384E-02   -5.1168E-03   
2.0605E-02   -2.2475E-03   
3.6436E-03   -7.9265E-03   
2.1563E-02   -1.1709E-03   
1.9681E-03   -8.0513E-03   
4.4542E-03   -7.8443E-03   
1.9923E-02   -2.7809E-03   
2.1152E-02   -1.7121E-03   
7.6211E-03   -7.3668E-03   
1.8662E-02   -3.5769E-03   
1.8183E-02   -3.8404E-03   
1.1376E-02   -6.4826E-03   
8.3935E-03   -7.2135E-03   
9.9076E-03   -6.8703E-03   
1.3470E-02   -5.8327E-03   
1.6581E-02   -4.6170E-03   
6.2869E-04   -8.6006E-03   
5.9800E-04   -8.7425E-03   
5.7595E-04   -8.8626E-03   
5.5561E-04   -8.9649E-03   
5.3981E-04   -9.0525E-03   
5.3013E-04   -9.1287E-03   
5.2480E-04   -9.1968E-03   
5.2256E-04   -9.2595E-03   
5.2279E-04   -9.3193E-03   
2.2066E-02   -1.9446E-04   
5.2527E-04   -9.3781E-03   
2.2124E-02   -1.5346E-04   
5.2993E-04   -9.4380E-03   
2.2182E-02   -1.2385E-04   
5.3672E-04   -9.5006E-03   
2.2252E-02   -1.0181E-04   
5.4551E-04   -9.5675E-03   
2.2340E-02   -8.6542E-05   
5.5614E-04   -9.6402E-03   
2.2452E-02   -7.6567E-05   
5.6853E-04   -9.7198E-03   
2.2594E-02   -7.1000E-05   
5.8252E-04   -9.8078E-03   
2.2768E-02   -6.9004E-05   
5.9804E-04   -9.9050E-03   
2.2979E-02   -6.9759E-05   
6.1506E-04   -1.0012E-02   
2.3227E-02   -7.2615E-05   
6.3284E-04   -1.0131E-02   
2.3516E-02   -7.7325E-05   
6.5102E-04   -1.0261E-02   
2.3847E-02   -8.3509E-05   
6.7154E-04   -1.0405E-02   
2.4221E-02   -9.0687E-05   
6.9519E-04   -1.0562E-02   
2.4639E-02   -9.8483E-05   
7.2004E-04   -1.0734E-02   
2.5102E-02   -1.0597E-04   
7.4530E-04   -1.0920E-02   
2.5608E-02   -1.1456E-04   
7.7080E-04   -1.1122E-02   
2.6156E-02   -1.2387E-04   
7.9569E-04   -1.1339E-02   
2.6749E-02   -1.3471E-04   
8.2935E-04   -1.1570E-02   
2.7394E-02   -1.4452E-04   
8.6915E-04   -1.1819E-02   
2.8091E-02   -1.5161E-04   
8.9035E-04   -1.2087E-02   
2.8839E-02   -1.5831E-04   
9.1235E-04   -1.2372E-02   
2.9644E-02   -1.6497E-04   
9.7697E-04   -1.2678E-02   
3.0508E-02   -1.6798E-04   
1.0150E-03   -1.3013E-02   
3.1403E-02   -1.6435E-04   
1.0218E-03   -1.3367E-02   
3.2332E-02   -1.7007E-04   
1.0611E-03   -1.3735E-02   
3.3328E-02   -1.7214E-04   
1.1236E-03   -1.4132E-02   
1.1365E-02   -6.2666E-03   
1.7711E-02   -3.6717E-03   
1.9618E-02   -2.6275E-03   
8.4371E-03   -7.1365E-03   
2.1853E-02   -5.9161E-04   
2.2834E-03   -8.2023E-03   
1.4710E-02   -5.0008E-03   
2.1492E-02   -1.1453E-03   
3.8531E-03   -8.0378E-03   
6.1709E-03   -7.6564E-03   
5.4064E-03   -7.7993E-03   
1.6586E-02   -4.2046E-03   
1.2771E-02   -5.7785E-03   
2.0716E-02   -1.8765E-03   
2.1010E-02   -1.6315E-03   
1.3446E-02   -5.5257E-03   
1.5976E-02   -4.4682E-03   
2.0018E-02   -2.3743E-03   
1.9186E-02   -2.8841E-03   
9.1805E-03   -6.9358E-03   
6.9320E-03   -7.4976E-03   
1.4035E-03   -8.2862E-03   
9.9168E-03   -6.7230E-03   
1.4085E-02   -5.2650E-03   
1.5345E-02   -4.7326E-03   
2.0385E-02   -2.1240E-03   
2.1268E-02   -1.3880E-03   
1.0646E-02   -6.4996E-03   
1.8231E-02   -3.4066E-03   
4.6331E-03   -7.9268E-03   
7.6880E-03   -7.3240E-03   
1.8723E-02   -3.1440E-03   
2.1686E-02   -8.9444E-04   
3.0635E-03   -8.1298E-03   
1.7162E-02   -3.9390E-03   
1.2075E-02   -6.0260E-03   
6.5513E-04   -8.4304E-03   
1.2528E-03   -8.6286E-03   
1.1960E-03   -8.7669E-03   
1.1450E-03   -8.8776E-03   
1.0982E-03   -8.9722E-03   
1.0692E-03   -9.0527E-03   
1.0535E-03   -9.1232E-03   
1.0461E-03   -9.1870E-03   
2.1998E-02   -2.6454E-04   
1.0445E-03   -9.2469E-03   
1.0476E-03   -9.3051E-03   
2.2003E-02   -3.3661E-04   
1.0552E-03   -9.3636E-03   
2.2050E-02   -2.7611E-04   
1.0670E-03   -9.4241E-03   
2.2111E-02   -2.2424E-04   
1.0829E-03   -9.4884E-03   
2.2187E-02   -1.8803E-04   
1.1025E-03   -9.5578E-03   
2.2287E-02   -1.6395E-04   
1.1252E-03   -9.6337E-03   
2.2414E-02   -1.4901E-04   
1.1540E-03   -9.7167E-03   
2.2573E-02   -1.4194E-04   
1.1882E-03   -9.8086E-03   
2.2766E-02   -1.4119E-04   
1.2206E-03   -9.9111E-03   
2.2997E-02   -1.4519E-04   
1.2506E-03   -1.0024E-02   
2.3269E-02   -1.5275E-04   
1.2825E-03   -1.0148E-02   
2.3584E-02   -1.6388E-04   
1.3201E-03   -1.0284E-02   
2.3940E-02   -1.7780E-04   
1.3647E-03   -1.0434E-02   
2.4341E-02   -1.9358E-04   
1.4143E-03   -1.0598E-02   
2.4792E-02   -2.0773E-04   
1.4660E-03   -1.0778E-02   
2.5277E-02   -2.1901E-04   
1.5173E-03   -1.0972E-02   
2.5785E-02   -2.3926E-04   
1.5594E-03   -1.1182E-02   
2.6342E-02   -2.5758E-04   
1.5903E-03   -1.1401E-02   
2.6949E-02   -2.8366E-04   
1.6875E-03   -1.1627E-02   
2.7623E-02   -2.9960E-04   
1.7743E-03   -1.1884E-02   
2.8349E-02   -3.1006E-04   
1.7736E-03   -1.2165E-02   
2.9125E-02   -3.2542E-04   
1.8535E-03   -1.2443E-02   
2.9989E-02   -3.3610E-04   
2.1132E-03   -1.2757E-02   
3.0917E-02   -3.3553E-04   
2.0354E-03   -1.3133E-02   
3.1768E-02   -3.1141E-04   
2.0719E-03   -1.3487E-02   
3.2681E-02   -3.7324E-04   
2.1774E-03   -1.3857E-02   
3.4379E-02   -1.8143E-04   
1.4710E-02   -4.6554E-03   
1.5386E-02   -4.3648E-03   
1.2803E-02   -5.5022E-03   
1.6026E-02   -4.0920E-03   
1.2111E-02   -5.7694E-03   
5.5600E-03   -7.8122E-03   
6.3019E-03   -7.6398E-03   
7.0409E-03   -7.4511E-03   
7.7766E-03   -7.2469E-03   
8.5089E-03   -7.0280E-03   
4.8055E-03   -7.9700E-03   
9.2384E-03   -6.7957E-03   
1.1404E-02   -6.0361E-03   
1.6644E-02   -3.8219E-03   
9.9649E-03   -6.5516E-03   
1.0688E-02   -6.2978E-03   
4.0281E-03   -8.1143E-03   
1.7231E-02   -3.5485E-03   
2.0508E-02   -1.7835E-03   
2.0840E-02   -1.5552E-03   
2.1131E-02   -1.3336E-03   
2.0138E-02   -2.0175E-03   
3.2528E-03   -8.2362E-03   
1.7789E-02   -3.2777E-03   
1.9732E-02   -2.2567E-03   
1.8821E-02   -2.7535E-03   
1.8320E-02   -3.0125E-03   
1.9293E-02   -2.5021E-03   
2.5230E-03   -8.3128E-03   
1.8997E-03   -8.3698E-03   
2.1383E-02   -1.1137E-03   
2.1605E-02   -8.9022E-04   
2.1797E-02   -6.6165E-04   
1.3039E-03   -8.4871E-03   
1.8025E-03   -8.7518E-03   
1.6902E-03   -8.8614E-03   
1.6243E-03   -8.9489E-03   
1.5897E-03   -9.0224E-03   
1.5728E-03   -9.0871E-03   
1.5669E-03   -9.1467E-03   
2.1949E-02   -4.2006E-04   
1.5689E-03   -9.2038E-03   
1.5776E-03   -9.2607E-03   
2.1850E-02   -4.7846E-04   
1.5928E-03   -9.3190E-03   
2.1910E-02   -3.7563E-04   
1.6141E-03   -9.3805E-03   
2.1976E-02   -3.1068E-04   
1.6413E-03   -9.4467E-03   
2.2061E-02   -2.6729E-04   
1.6721E-03   -9.5188E-03   
2.2173E-02   -2.3980E-04   
1.7135E-03   -9.5960E-03   
2.2319E-02   -2.2338E-04   
1.7798E-03   -9.6788E-03   
2.2496E-02   -2.1842E-04   
1.8311E-03   -9.7765E-03   
2.2707E-02   -2.2217E-04   
1.8613E-03   -9.8874E-03   
2.2963E-02   -2.3100E-04   
1.9022E-03   -1.0006E-02   
2.3265E-02   -2.4437E-04   
1.9466E-03   -1.0136E-02   
2.3602E-02   -2.6423E-04   
2.0059E-03   -1.0277E-02   
2.3983E-02   -2.8829E-04   
2.0853E-03   -1.0431E-02   
2.4424E-02   -3.1112E-04   
2.1664E-03   -1.0603E-02   
2.4926E-02   -3.2781E-04   
2.2444E-03   -1.0792E-02   
2.5404E-02   -3.2789E-04   
2.3101E-03   -1.0999E-02   
2.5869E-02   -3.9021E-04   
2.3318E-03   -1.1222E-02   
2.2878E-03   -1.1432E-02   
2.6772E-03   -1.1950E-02   
2.8524E-02   -4.8152E-04   
2.9842E-03   -1.2904E-02   
3.1123E-03   -1.3549E-02   
3.0323E-02   -5.1831E-04   
3.5536E-02   -1.9458E-04   
2.1245E-02   -1.0864E-03   
2.1490E-02   -8.8284E-04   
2.1714E-02   -6.7595E-04   
1.3483E-02   -4.9837E-03   
1.2892E-02   -5.2204E-03   
4.9816E-03   -7.9783E-03   
4.2116E-03   -8.1560E-03   
7.8887E-03   -7.1413E-03   
5.7208E-03   -7.7909E-03   
8.6093E-03   -6.8937E-03   
6.4474E-03   -7.5897E-03   
1.2200E-02   -5.5067E-03   
1.6142E-02   -3.7556E-03   
7.1689E-03   -7.3736E-03   
2.0280E-02   -1.7030E-03   
1.9871E-02   -1.9291E-03   
9.3305E-03   -6.6330E-03   
1.0052E-02   -6.3613E-03   
1.8444E-02   -2.6555E-03   
1.8952E-02   -2.4044E-03   
2.0653E-02   -1.4829E-03   
3.4098E-03   -8.3170E-03   
2.0974E-02   -1.2818E-03   
1.1490E-02   -5.7949E-03   
1.7906E-02   -2.9177E-03   
1.0774E-02   -6.0811E-03   
1.9428E-02   -2.1627E-03   
1.6751E-02   -3.4696E-03   
1.7341E-02   -3.1899E-03   
2.3186E-03   -8.7250E-03   
2.1946E-03   -8.8210E-03   
2.1349E-03   -8.8971E-03   
2.1044E-03   -8.9621E-03   
2.0913E-03   -9.0208E-03   
2.0904E-03   -9.0763E-03   
2.0990E-03   -9.1309E-03   
2.1160E-03   -9.1866E-03   
2.1873E-02   -5.1045E-04   
2.1660E-02   -5.5883E-04   
2.1410E-03   -9.2451E-03   
2.1710E-02   -4.6221E-04   
2.1741E-03   -9.3078E-03   
2.1784E-02   -3.9178E-04   
2.2130E-03   -9.3758E-03   
2.1879E-02   -3.4735E-04   
2.2581E-03   -9.4488E-03   
2.2006E-02   -3.2130E-04   
2.3205E-03   -9.5245E-03   
2.2178E-02   -3.0417E-04   
2.4918E-03   -9.5962E-03   
2.2365E-02   -3.0675E-04   
2.4659E-03   -9.7218E-03   
2.2592E-02   -3.1737E-04   
2.5165E-03   -9.8359E-03   
2.2888E-02   -3.3139E-04   
2.5665E-03   -9.9641E-03   
2.3218E-02   -3.4962E-04   
2.7176E-03   -1.0238E-02   
3.0869E-03   -1.1280E-02   
2.3972E-02   -4.1975E-04   
2.8552E-03   -1.0394E-02   
2.9596E-03   -1.0579E-02   
3.1431E-03   -1.1011E-02   
2.6489E-02   -3.8513E-04   
2.7856E-02   -4.4242E-04   
2.8671E-02   -6.7711E-04   
2.4485E-02   -4.4935E-04   
4.1177E-03   -1.3225E-02   
2.9592E-02   -7.0104E-04   
3.1179E-03   -1.2635E-02   
2.5648E-02   -5.4974E-04   
3.7031E-03   -1.1707E-02   
2.1592E-02   -6.9353E-04   
2.1331E-02   -8.9308E-04   
2.1094E-02   -1.0732E-03   
1.5082E-02   -3.9848E-03   
1.4836E-02   -4.3031E-03   
1.5643E-02   -3.7180E-03   
1.2366E-02   -5.2381E-03   
2.0444E-02   -1.4243E-03   
5.1904E-03   -7.9465E-03   
2.0820E-02   -1.2149E-03   
4.4336E-03   -8.1531E-03   
3.6471E-03   -8.3444E-03   
5.9131E-03   -7.7325E-03   
8.0256E-03   -7.0120E-03   
7.3174E-03   -7.2702E-03   
1.1629E-02   -5.5454E-03   
6.6179E-03   -7.5091E-03   
8.7397E-03   -6.7384E-03   
1.6271E-02   -3.4295E-03   
1.8599E-02   -2.3351E-03   
2.0031E-02   -1.6409E-03   
9.4581E-03   -6.4522E-03   
1.9110E-02   -2.0934E-03   
1.9587E-02   -1.8627E-03   
1.8057E-02   -2.5906E-03   
1.0180E-02   -6.1560E-03   
1.0904E-02   -5.8529E-03   
1.7486E-02   -2.8594E-03   
1.6889E-02   -3.1404E-03   
2.2952E-03   -8.5438E-03   
2.7547E-03   -8.6784E-03   
2.6828E-03   -8.7520E-03   
2.6398E-03   -8.8154E-03   
2.6182E-03   -8.8720E-03   
2.6128E-03   -8.9248E-03   
2.6202E-03   -8.9764E-03   
2.6380E-03   -9.0288E-03   
2.6654E-03   -9.0838E-03   
2.1370E-02   -6.6317E-04   
2.7029E-03   -9.1426E-03   
2.1462E-02   -5.4212E-04   
2.7500E-03   -9.2060E-03   
2.7997E-03   -9.2764E-03   
2.1543E-02   -4.7491E-04   
2.1644E-02   -4.3603E-04   
2.8350E-03   -9.3566E-03   
2.1774E-02   -4.2072E-04   
2.9958E-03   -9.5580E-03   
2.2122E-02   -4.2371E-04   
3.1170E-03   -9.6380E-03   
2.2791E-02   -4.4889E-04   
2.2446E-02   -4.3190E-04   
3.2185E-03   -9.7591E-03   
3.5642E-03   -1.0132E-02   
2.6087E-03   -1.0102E-02   
3.6792E-03   -1.0329E-02   
3.8169E-03   -1.0524E-02   
3.8473E-03   -1.2685E-02   
3.7913E-03   -1.2391E-02   
3.9671E-03   -1.0740E-02   
2.3931E-02   -5.7816E-04   
2.6246E-02   -5.1887E-04   
2.5098E-02   -6.6729E-04   
2.7725E-02   -6.3444E-04   
2.4492E-02   -6.1476E-04   
2.3561E-02   -3.8400E-04   
4.1567E-03   -1.0999E-02   
3.5401E-03   -1.2086E-02   
3.8982E-03   -1.1361E-02   
3.0549E-02   -7.1933E-04   
3.9352E-03   -1.3577E-02   
3.7259E-03   -1.2968E-02   
2.8822E-02   -8.8841E-04   
1.4378E-02   -4.1866E-03   
2.1415E-02   -7.4007E-04   
2.0617E-02   -1.1787E-03   
5.4489E-03   -7.8709E-03   
2.0197E-02   -1.3907E-03   
4.7311E-03   -8.0973E-03   
3.2714E-03   -8.4812E-03   
1.1821E-02   -5.2814E-03   
7.4859E-03   -7.1451E-03   
6.7976E-03   -7.4073E-03   
6.1299E-03   -7.6456E-03   
1.5788E-02   -3.4442E-03   
8.1895E-03   -6.8630E-03   
1.8780E-02   -2.0493E-03   
8.9019E-03   -6.5658E-03   
1.9287E-02   -1.8188E-03   
1.9758E-02   -1.6006E-03   
1.8237E-02   -2.2957E-03   
9.6218E-03   -6.2566E-03   
1.1079E-02   -5.6136E-03   
1.6433E-02   -3.1319E-03   
1.7662E-02   -2.5586E-03   
1.0348E-02   -5.9385E-03   
1.7060E-02   -2.8380E-03   
3.3069E-03   -8.5229E-03   
3.2411E-03   -8.5873E-03   
1.3437E-02   -4.5877E-03   
3.1866E-03   -8.6479E-03   
1.2598E-02   -4.9377E-03   
3.1509E-03   -8.7026E-03   
3.1376E-03   -8.7523E-03   
3.1419E-03   -8.7999E-03   
3.1596E-03   -8.8480E-03   
3.1892E-03   -8.8985E-03   
3.2304E-03   -8.9526E-03   
3.6944E-03   -9.3970E-03   
2.1118E-02   -7.0797E-04   
3.2837E-03   -9.0111E-03   
3.3477E-03   -9.0761E-03   
2.1183E-02   -6.2267E-04   
3.4123E-03   -9.1538E-03   
2.1255E-02   -5.6886E-04   
2.1344E-02   -5.4297E-04   
2.8495E-03   -9.4351E-03   
2.1952E-02   -5.4882E-04   
3.8545E-03   -9.5149E-03   
3.8448E-03   -9.8874E-03   
2.5902E-02   -7.1707E-04   
2.4415E-02   -8.0644E-04   
2.2722E-02   -5.9791E-04   
4.5521E-03   -1.0235E-02   
2.2286E-02   -5.6795E-04   
4.7613E-03   -1.0426E-02   
3.2431E-03   -9.9101E-03   
4.6385E-03   -1.2791E-02   
4.9274E-03   -1.0643E-02   
2.6798E-02   -6.9914E-04   
4.7706E-03   -1.1430E-02   
4.6163E-03   -1.1774E-02   
2.3385E-02   -5.4353E-04   
4.7585E-03   -1.2414E-02   
4.3883E-03   -1.0057E-02   
2.3860E-02   -7.5867E-04   
2.9765E-02   -9.1129E-04   
2.7939E-02   -8.5284E-04   
2.0729E-02   -9.9464E-04   
2.0340E-02   -1.1869E-03   
2.1067E-02   -9.2927E-04   
4.3893E-03   -8.2186E-03   
5.7391E-03   -7.7664E-03   
1.5272E-02   -3.4895E-03   
6.9846E-03   -7.2889E-03   
1.9919E-02   -1.3819E-03   
6.3099E-03   -7.5544E-03   
7.6765E-03   -7.0024E-03   
2.6670E-03   -8.5572E-03   
8.3810E-03   -6.6980E-03   
1.1299E-02   -5.3645E-03   
1.8441E-02   -2.0315E-03   
1.9464E-02   -1.5854E-03   
1.8972E-02   -1.8005E-03   
1.5965E-02   -3.1599E-03   
9.0967E-03   -6.3791E-03   
1.7866E-02   -2.2858E-03   
9.8218E-03   -6.0492E-03   
1.0556E-02   -5.7106E-03   
1.6626E-02   -2.8504E-03   
1.7260E-02   -2.5595E-03   
1.2073E-02   -5.0053E-03   
3.8345E-03   -8.3993E-03   
3.7647E-03   -8.4566E-03   
3.6968E-03   -8.5140E-03   
3.9313E-03   -8.3291E-03   
3.6678E-03   -8.5615E-03   
1.2882E-02   -4.6348E-03   
1.3723E-02   -4.2490E-03   
3.6656E-03   -8.6044E-03   
2.1021E-02   -8.2489E-04   
1.4531E-02   -3.8592E-03   
3.6821E-03   -8.6470E-03   
3.7135E-03   -8.6917E-03   
3.8164E-03   -8.7930E-03   
2.0820E-02   -7.8421E-04   
3.8943E-03   -8.8499E-03   
4.0027E-03   -8.9114E-03   
2.0845E-02   -7.2338E-04   
2.0912E-02   -6.8114E-04   
3.9191E-03   -9.1962E-03   
4.0513E-03   -9.6500E-03   
2.1709E-02   -6.9919E-04   
2.3352E-02   -7.1766E-04   
5.4744E-03   -1.0088E-02   
3.3918E-03   -9.2651E-03   
2.5008E-02   -8.6740E-04   
4.4371E-03   -9.2549E-03   
2.3718E-02   -9.6093E-04   
4.3079E-03   -9.9030E-03   
5.6412E-03   -1.1489E-02   
5.2082E-03   -9.9311E-03   
5.1511E-03   -1.0812E-02   
2.2928E-02   -6.9755E-04   
2.7203E-02   -8.2687E-04   
2.2049E-02   -7.3579E-04   
4.9663E-03   -1.1086E-02   
4.6361E-03   -1.2093E-02   
2.8013E-02   -1.0799E-03   
3.0636E-02   -9.1595E-04   
4.8643E-03   -1.3440E-02   
5.9360E-03   -1.2447E-02   
2.6498E-02   -5.9897E-04   
2.0052E-02   -1.2099E-03   
5.7681E-03   -7.7405E-03   
1.1564E-02   -5.1078E-03   
6.5117E-03   -7.4433E-03   
7.1989E-03   -7.1523E-03   
1.9624E-02   -1.3989E-03   
7.8933E-03   -6.8446E-03   
1.5488E-02   -3.2244E-03   
1.8662E-02   -1.8000E-03   
1.9170E-02   -1.5919E-03   
8.6026E-03   -6.5196E-03   
1.8095E-02   -2.0407E-03   
1.0802E-02   -5.4747E-03   
9.3249E-03   -6.1809E-03   
1.6184E-02   -2.8972E-03   
1.0059E-02   -5.8318E-03   
1.7489E-02   -2.3054E-03   
1.6850E-02   -2.5918E-03   
4.4409E-03   -8.2239E-03   
4.2556E-03   -8.3107E-03   
2.0785E-02   -8.6914E-04   
4.2067E-03   -8.3551E-03   
1.3979E-02   -3.9520E-03   
1.2359E-02   -4.7279E-03   
1.4753E-02   -3.5770E-03   
4.1965E-03   -8.3918E-03   
4.2081E-03   -8.4282E-03   
1.3170E-02   -4.3405E-03   
4.2396E-03   -8.4661E-03   
4.2878E-03   -8.5073E-03   
4.3505E-03   -8.5534E-03   
2.1000E-02   -6.6603E-04   
4.4352E-03   -8.6025E-03   
4.1471E-03   -8.9906E-03   
4.5572E-03   -8.6503E-03   
2.0393E-02   -9.1476E-04   
2.2749E-02   -8.5908E-04   
2.0452E-02   -8.4576E-04   
4.6310E-03   -9.3518E-03   
4.7254E-03   -9.6438E-03   
2.1414E-02   -6.7895E-04   
4.3565E-03   -9.1532E-03   
2.2386E-02   -7.9833E-04   
5.9730E-03   -9.7858E-03   
6.0290E-03   -1.0747E-02   
5.0145E-03   -9.7734E-03   
5.7110E-03   -1.0567E-02   
2.1396E-02   -8.8413E-04   
2.6352E-02   -9.4076E-04   
6.7230E-03   -1.1168E-02   
2.7178E-02   -1.0286E-03   
5.4191E-03   -1.1806E-02   
2.8046E-02   -1.3299E-03   
6.0873E-03   -1.3231E-02   
3.0041E-02   -1.1501E-03   
3.1492E-02   -7.7609E-04   
6.7762E-03   -1.2707E-02   
2.5509E-02   -9.5966E-04   
2.0179E-02   -1.0681E-03   
5.0781E-03   -7.9955E-03   
6.1183E-03   -7.5829E-03   
6.7652E-03   -7.3040E-03   
1.1081E-02   -5.2346E-03   
7.4403E-03   -6.9997E-03   
1.9356E-02   -1.4326E-03   
1.8922E-02   -1.5906E-03   
8.1381E-03   -6.6738E-03   
4.7491E-03   -8.1265E-03   
1.8357E-02   -1.8170E-03   
1.5738E-02   -2.9735E-03   
8.8550E-03   -6.3300E-03   
1.0327E-02   -5.6080E-03   
1.7746E-02   -2.0735E-03   
9.5861E-03   -5.9733E-03   
1.6436E-02   -2.6517E-03   
1.7105E-02   -2.3519E-03   
4.7430E-03   -8.1413E-03   
1.1862E-02   -4.8492E-03   
1.4252E-02   -3.6821E-03   
1.5009E-02   -3.3179E-03   
4.7418E-03   -8.1630E-03   
1.3463E-02   -4.0652E-03   
4.7401E-03   -8.1945E-03   
4.7688E-03   -8.2246E-03   
1.2661E-02   -4.4570E-03   
2.0528E-02   -9.2737E-04   
4.9737E-03   -8.3370E-03   
4.8194E-03   -8.2572E-03   
2.0515E-02   -8.1569E-04   
4.8877E-03   -8.2943E-03   
2.1406E-02   -5.4983E-04   
4.7390E-03   -8.9152E-03   
4.7207E-03   -8.6975E-03   
5.0087E-03   -8.9771E-03   
5.0932E-03   -8.3779E-03   
1.9972E-02   -1.0340E-03   
2.1727E-02   -9.3793E-04   
2.1093E-02   -8.4975E-04   
5.0950E-03   -9.0943E-03   
5.8555E-03   -9.6140E-03   
6.6059E-03   -1.0339E-02   
2.7187E-02   -1.2771E-03   
2.2082E-02   -1.0036E-03   
5.6135E-03   -9.4629E-03   
2.4804E-02   -1.0927E-03   
6.9281E-03   -1.0782E-02   
2.5443E-02   -1.2017E-03   
6.5251E-03   -1.1598E-02   
4.8572E-03   -9.4305E-03   
2.8987E-02   -1.3766E-03   
2.3199E-02   -9.0969E-04   
3.2491E-02   -6.2076E-04   
7.4200E-03   -1.2185E-02   
5.2137E-03   -7.9486E-03   
1.9735E-02   -1.2581E-03   
6.3869E-03   -7.4495E-03   
7.0361E-03   -7.1532E-03   
7.7126E-03   -6.8332E-03   
1.0624E-02   -5.3811E-03   
1.9304E-02   -1.3621E-03   
5.5931E-03   -7.7969E-03   
1.8662E-02   -1.6062E-03   
1.1392E-02   -4.9926E-03   
8.4170E-03   -6.4897E-03   
1.8032E-02   -1.8617E-03   
9.1423E-03   -6.1289E-03   
9.8788E-03   -5.7583E-03   
1.6019E-02   -2.7378E-03   
1.7388E-02   -2.1309E-03   
1.6716E-02   -2.4222E-03   
5.3531E-03   -7.8988E-03   
1.3770E-02   -3.8081E-03   
1.5294E-02   -3.0757E-03   
1.4543E-02   -3.4330E-03   
2.1167E-02   -6.6312E-04   
5.2812E-03   -7.9486E-03   
1.2180E-02   -4.5960E-03   
5.3038E-03   -7.9702E-03   
1.2977E-02   -4.1986E-03   
2.0017E-02   -9.8889E-04   
5.5135E-03   -8.0548E-03   
5.3546E-03   -7.9927E-03   
5.6280E-03   -8.0913E-03   
5.4251E-03   -8.0204E-03   
5.9112E-03   -8.7352E-03   
1.9862E-02   -1.1299E-03   
2.0588E-02   -8.1471E-04   
5.2489E-03   -8.4173E-03   
2.2035E-02   -3.8371E-04   
6.2288E-03   -9.0932E-03   
2.0833E-02   -8.3279E-04   
2.2977E-02   -1.1316E-03   
2.2491E-02   -1.0686E-03   
2.1363E-02   -1.1649E-03   
2.1026E-02   -1.1010E-03   
2.4441E-02   -1.3423E-03   
2.0719E-02   -1.0525E-03   
5.3827E-03   -9.3557E-03   
6.8564E-03   -9.4351E-03   
4.8878E-03   -8.7394E-03   
5.5245E-03   -8.6811E-03   
7.1141E-03   -9.9294E-03   
2.5679E-02   -1.4201E-03   
7.1058E-03   -1.0453E-02   
5.5046E-03   -9.1240E-03   
2.8058E-02   -1.6005E-03   
6.8606E-03   -1.1935E-02   
3.3741E-02   -3.2679E-04   
7.8114E-03   -1.0795E-02   
3.2422E-02   -8.5423E-04   
2.7178E-02   -1.5462E-03   
2.4272E-02   -1.0132E-03   
7.6608E-03   -1.1168E-02   
5.7755E-03   -7.7163E-03   
6.6904E-03   -7.2977E-03   
7.3353E-03   -6.9903E-03   
1.0947E-02   -5.1539E-03   
1.8990E-02   -1.4046E-03   
8.0130E-03   -6.6555E-03   
1.0197E-02   -5.5408E-03   
1.8327E-02   -1.6737E-03   
8.7301E-03   -6.2937E-03   
9.4609E-03   -5.9199E-03   
1.7700E-02   -1.9288E-03   
1.4094E-02   -3.5691E-03   
1.6322E-02   -2.5199E-03   
1.7030E-02   -2.2083E-03   
1.5595E-02   -2.8541E-03   
5.7791E-03   -7.7207E-03   
1.4854E-02   -3.2027E-03   
1.9534E-02   -1.2144E-03   
1.1723E-02   -4.7555E-03   
1.3308E-02   -3.9551E-03   
5.8448E-03   -7.7072E-03   
1.2514E-02   -4.3532E-03   
5.8989E-03   -7.7156E-03   
6.1704E-03   -7.7884E-03   
6.0575E-03   -7.7580E-03   
1.9514E-02   -1.1814E-03   
5.9675E-03   -7.7334E-03   
2.0064E-02   -9.7570E-04   
2.1681E-02   -5.5336E-04   
5.7574E-03   -8.1339E-03   
2.0451E-02   -1.0208E-03   
2.0610E-02   -1.3472E-03   
5.3240E-03   -8.6342E-03   
2.0598E-02   -8.5297E-04   
2.0297E-02   -1.2873E-03   
2.0949E-02   -1.4242E-03   
7.0258E-03   -8.9465E-03   
2.3544E-02   -1.1845E-03   
2.2177E-02   -1.3161E-03   
5.4887E-03   -8.4474E-03   
2.3454E-02   -1.4546E-03   
7.8706E-03   -1.0016E-02   
6.4970E-03   -9.8342E-03   
7.4526E-03   -9.0031E-03   
6.4868E-03   -8.7548E-03   
2.7146E-02   -1.8365E-03   
2.8971E-02   -1.6535E-03   
8.1224E-03   -1.0346E-02   
7.7300E-03   -1.1501E-02   
3.3265E-02   -7.1084E-04   
8.5346E-03   -1.0817E-02   
6.0580E-03   -7.5901E-03   
7.0322E-03   -7.1288E-03   
1.0534E-02   -5.3264E-03   
7.6259E-03   -6.8326E-03   
1.8549E-02   -1.5475E-03   
1.1291E-02   -4.9316E-03   
8.3376E-03   -6.4703E-03   
9.7974E-03   -5.7118E-03   
1.8021E-02   -1.7541E-03   
1.4432E-02   -3.3501E-03   
9.0645E-03   -6.0940E-03   
1.3657E-02   -3.7275E-03   
6.4201E-03   -7.4244E-03   
1.7395E-02   -2.0097E-03   
1.5899E-02   -2.6605E-03   
1.5175E-02   -2.9961E-03   
6.4759E-03   -7.4177E-03   
1.2865E-02   -4.1233E-03   
1.2071E-02   -4.5276E-03   
1.9532E-02   -1.1581E-03   
2.0238E-02   -1.0048E-03   
6.7187E-03   -7.4716E-03   
6.5235E-03   -7.4333E-03   
5.9561E-03   -8.3873E-03   
6.6070E-03   -7.4497E-03   
2.0118E-02   -9.9008E-04   
6.2974E-03   -7.8282E-03   
7.8569E-03   -8.6358E-03   
1.9833E-02   -1.5531E-03   
5.8621E-03   -8.1888E-03   
2.0145E-02   -1.6268E-03   
2.0014E-02   -1.2442E-03   
2.1331E-02   -1.5156E-03   
7.1691E-03   -8.6909E-03   
9.6242E-03   -1.0574E-02   
8.0539E-03   -9.0445E-03   
2.3948E-02   -1.6291E-03   
2.2727E-02   -1.3896E-03   
2.8956E-02   -1.9354E-03   
6.7935E-03   -8.4602E-03   
8.6805E-03   -1.1074E-02   
2.6272E-02   -1.7758E-03   
2.9901E-02   -1.4400E-03   
8.8772E-03   -9.8825E-03   
7.7476E-03   -9.4486E-03   
8.1553E-03   -9.6195E-03   
2.7090E-02   -2.1514E-03   
1.8999E-02   -1.3603E-03   
1.0886E-02   -5.1195E-03   
1.0148E-02   -5.5091E-03   
7.1638E-03   -7.0654E-03   
1.7186E-02   -2.0765E-03   
1.9618E-02   -1.1903E-03   
7.9521E-03   -6.6638E-03   
1.4024E-02   -3.5177E-03   
1.8392E-02   -1.5852E-03   
1.4782E-02   -3.1527E-03   
1.7737E-02   -1.8478E-03   
8.6819E-03   -6.2829E-03   
1.3236E-02   -3.9075E-03   
1.1651E-02   -4.7187E-03   
1.2439E-02   -4.3114E-03   
7.1032E-03   -7.1199E-03   
1.6129E-02   -2.5341E-03   
1.5505E-02   -2.8157E-03   
7.2697E-03   -7.1464E-03   
7.1633E-03   -7.1343E-03   
6.3972E-03   -7.8995E-03   
6.8499E-03   -7.5031E-03   
1.9560E-02   -1.1635E-03   
7.4800E-03   -8.1103E-03   
1.9767E-02   -1.2169E-03   
1.9332E-02   -1.8500E-03   
7.3853E-03   -8.3759E-03   
1.9541E-02   -1.4993E-03   
2.0475E-02   -1.7219E-03   
2.5372E-02   -1.7066E-03   
2.1805E-02   -1.6089E-03   
8.4925E-03   -8.6416E-03   
6.3902E-03   -8.0587E-03   
6.1883E-03   -8.4364E-03   
2.4877E-02   -1.5115E-03   
2.3025E-02   -1.8015E-03   
8.6867E-03   -9.0302E-03   
9.7761E-03   -1.0931E-02   
1.0076E-02   -1.0069E-02   
8.1218E-03   -8.2797E-03   
2.6346E-02   -1.4848E-03   
2.8039E-02   -2.1804E-03   
2.9870E-02   -1.7047E-03   
3.0743E-02   -1.2762E-03   
8.8935E-03   -9.2121E-03   
9.8830E-03   -9.5597E-03   
1.7425E-02   -1.9730E-03   
9.7704E-03   -5.7108E-03   
1.0493E-02   -5.3260E-03   
1.8994E-02   -1.3860E-03   
1.5900E-02   -2.6332E-03   
1.5164E-02   -2.9693E-03   
1.7965E-02   -1.7549E-03   
1.1245E-02   -4.9282E-03   
1.4410E-02   -3.3255E-03   
1.3629E-02   -3.7067E-03   
9.0598E-03   -6.0901E-03   
1.2828E-02   -4.1082E-03   
1.2028E-02   -4.5189E-03   
7.6421E-03   -6.8336E-03   
7.7197E-03   -6.8203E-03   
7.8172E-03   -6.8213E-03   
7.4055E-03   -7.1661E-03   
6.9735E-03   -7.5597E-03   
8.3056E-03   -6.4916E-03   
1.8988E-02   -1.3594E-03   
1.8763E-02   -1.7403E-03   
1.6680E-02   -2.2862E-03   
1.9034E-02   -1.7863E-03   
7.4215E-03   -7.9426E-03   
6.8083E-03   -8.0703E-03   
9.5941E-03   -8.7635E-03   
1.9642E-02   -1.9336E-03   
7.0641E-03   -7.6568E-03   
1.8974E-02   -1.4640E-03   
8.9842E-03   -8.1839E-03   
2.0821E-02   -1.8492E-03   
8.3712E-03   -7.8901E-03   
2.3556E-02   -1.8992E-03   
2.4666E-02   -1.9850E-03   
2.2404E-02   -1.6975E-03   
3.1649E-02   -1.2718E-03   
1.0455E-02   -9.0930E-03   
9.9901E-03   -8.9283E-03   
1.0880E-02   -1.0108E-02   
2.7126E-02   -2.4667E-03   
1.0075E-02   -1.1283E-02   
2.8903E-02   -2.2214E-03   
3.0811E-02   -1.4955E-03   
1.7824E-02   -1.8273E-03   
1.0096E-02   -5.5581E-03   
9.3950E-03   -5.9318E-03   
1.5584E-02   -2.7945E-03   
1.8421E-02   -1.5823E-03   
1.4826E-02   -3.1470E-03   
1.0842E-02   -5.1618E-03   
1.4050E-02   -3.5196E-03   
1.1625E-02   -4.7490E-03   
1.3247E-02   -3.9172E-03   
8.3498E-03   -6.5066E-03   
1.2431E-02   -4.3313E-03   
7.9587E-03   -6.8235E-03   
1.7117E-02   -2.1208E-03   
1.8215E-02   -2.0502E-03   
8.8145E-03   -6.2401E-03   
7.6760E-03   -7.2814E-03   
8.1243E-03   -6.8409E-03   
7.8114E-03   -7.5944E-03   
1.6349E-02   -2.4506E-03   
1.8518E-02   -2.0950E-03   
2.3683E-02   -2.1532E-03   
1.8354E-02   -1.6487E-03   
1.8821E-02   -2.1618E-03   
8.2592E-03   -7.6423E-03   
1.9925E-02   -2.0499E-03   
2.1345E-02   -1.9606E-03   
1.8505E-02   -1.7209E-03   
1.1127E-02   -8.6055E-03   
9.0989E-03   -7.8348E-03   
1.0111E-02   -7.8347E-03   
2.4355E-02   -1.8085E-03   
3.1971E-02   -1.5495E-03   
1.0694E-02   -8.4217E-03   
2.2039E-02   -2.0474E-03   
2.4466E-02   -2.2716E-03   
2.6206E-02   -2.8312E-03   
1.1115E-02   -9.2132E-03   
1.1325E-02   -9.5781E-03   
2.5893E-02   -2.4858E-03   
3.2337E-02   -1.0639E-03   
2.9875E-02   -1.9764E-03   
8.7271E-03   -1.1813E-02   
9.0872E-03   -8.6803E-03   
9.6722E-03   -5.8255E-03   
8.9804E-03   -6.1871E-03   
1.5274E-02   -2.9813E-03   
1.7616E-02   -1.9604E-03   
1.4500E-02   -3.3474E-03   
1.1215E-02   -5.0097E-03   
8.4909E-03   -6.4907E-03   
1.3695E-02   -3.7403E-03   
8.2890E-03   -6.8904E-03   
1.2033E-02   -4.5820E-03   
7.7745E-03   -7.3982E-03   
1.2865E-02   -4.1559E-03   
1.6041E-02   -2.6310E-03   
8.6839E-03   -6.4758E-03   
1.7656E-02   -2.3898E-03   
1.8248E-02   -1.7466E-03   
1.6799E-02   -2.2980E-03   
1.7954E-02   -2.0146E-03   
1.8087E-02   -2.3765E-03   
1.9139E-02   -2.2441E-03   
1.1904E-02   -8.0800E-03   
9.4354E-03   -7.4463E-03   
1.0500E-02   -7.9426E-03   
9.7611E-03   -7.7397E-03   
2.2525E-02   -2.4792E-03   
2.9731E-02   -2.2472E-03   
1.1597E-02   -1.0197E-02   
8.7556E-03   -7.2167E-03   
1.0136E-02   -8.3214E-03   
2.1725E-02   -2.4138E-03   
2.5267E-02   -2.3001E-03   
3.2705E-02   -1.2292E-03   
3.1049E-02   -2.0204E-03   
2.6541E-02   -3.1140E-03   
1.2645E-02   -9.1865E-03   
9.8467E-03   -1.1809E-02   
2.0943E-02   -2.3530E-03   
7.9059E-03   -1.1772E-02   
1.4976E-02   -3.1905E-03   
1.7763E-02   -1.9845E-03   
1.5747E-02   -2.8306E-03   
1.4178E-02   -3.5754E-03   
1.1628E-02   -4.8639E-03   
9.2034E-03   -6.1323E-03   
7.1630E-03   -7.7573E-03   
8.4192E-03   -6.9900E-03   
1.6510E-02   -2.4871E-03   
8.9166E-03   -6.4762E-03   
1.7357E-02   -2.3509E-03   
1.0421E-02   -5.4296E-03   
1.2483E-02   -4.4226E-03   
1.1391E-02   -7.8437E-03   
1.0625E-02   -7.4069E-03   
1.8250E-02   -2.4963E-03   
1.0046E-02   -7.4081E-03   
8.5190E-03   -7.1299E-03   
9.0880E-03   -7.2391E-03   
8.9864E-03   -7.4532E-03   
1.1273E-02   -7.4535E-03   
1.2232E-02   -8.3504E-03   
2.3359E-02   -2.5667E-03   
2.8715E-02   -2.5716E-03   
2.1397E-02   -2.8024E-03   
1.6620E-02   -2.7646E-03   
1.9848E-02   -2.7205E-03   
2.4355E-02   -2.6675E-03   
1.2842E-02   -9.8022E-03   
1.0564E-02   -1.0505E-02   
2.0632E-02   -2.7452E-03   
2.6178E-02   -2.0903E-03   
1.3321E-02   -9.2998E-03   
1.2094E-02   -9.0751E-03   
2.7728E-02   -3.0128E-03   
2.5317E-02   -3.2497E-03   
1.5471E-02   -3.0452E-03   
1.4718E-02   -3.4083E-03   
1.7087E-02   -2.3222E-03   
9.1134E-03   -6.5406E-03   
1.7152E-02   -2.2038E-03   
1.6233E-02   -2.6950E-03   
1.3889E-02   -3.8189E-03   
9.4900E-03   -6.0785E-03   
1.2096E-02   -4.7187E-03   
1.2987E-02   -4.2673E-03   
1.1622E-02   -6.9890E-03   
1.1007E-02   -6.9893E-03   
9.9752E-03   -5.7330E-03   
9.2043E-03   -6.8685E-03   
9.1912E-03   -6.6966E-03   
9.6697E-03   -6.8184E-03   
1.0789E-02   -5.3048E-03   
1.8739E-02   -2.5788E-03   
1.6026E-02   -3.1823E-03   
1.9566E-02   -3.1028E-03   
9.8245E-03   -7.0207E-03   
1.8915E-02   -2.8313E-03   
1.3129E-02   -8.6921E-03   
2.2162E-02   -2.8861E-03   
1.3169E-02   -7.7896E-03   
1.0351E-02   -9.6872E-03   
1.4109E-02   -9.3657E-03   
1.7515E-02   -2.9164E-03   
2.0286E-02   -3.1454E-03   
1.2462E-02   -7.1997E-03   
1.3858E-02   -8.7975E-03   
1.2255E-02   -1.0338E-02   
2.5720E-02   -3.5227E-03   
2.9027E-02   -2.9163E-03   
1.5260E-02   -3.2360E-03   
1.5963E-02   -2.9181E-03   
1.1228E-02   -5.1711E-03   
9.8933E-03   -6.4740E-03   
1.2618E-02   -4.5788E-03   
1.0841E-02   -6.5739E-03   
9.8969E-03   -6.0169E-03   
1.6379E-02   -3.2657E-03   
1.0357E-02   -5.6308E-03   
1.0055E-02   -6.1617E-03   
1.9457E-02   -2.2947E-03   
1.3574E-02   -4.1115E-03   
1.6648E-02   -2.6029E-03   
1.1406E-02   -6.5548E-03   
1.9212E-02   -3.5080E-03   
1.2014E-02   -6.5460E-03   
1.8961E-02   -3.0836E-03   
9.3679E-03   -1.0002E-02   
1.5154E-02   -9.3629E-03   
2.1006E-02   -3.2188E-03   
1.0965E-02   -1.0695E-02   
1.3877E-02   -6.8051E-03   
1.3516E-02   -8.1404E-03   
1.7821E-02   -3.0888E-03   
2.2947E-02   -2.9965E-03   
1.2983E-02   -1.0499E-02   
1.4127E-02   -7.1882E-03   
1.4428E-02   -8.2550E-03   
1.3682E-02   -9.8974E-03   
2.4444E-02   -3.6981E-03   
1.2239E-02   -6.9697E-03   
3.0403E-02   -2.7853E-03   
1.1726E-02   -5.0321E-03   
1.1823E-02   -6.1002E-03   
1.4619E-02   -3.6004E-03   
1.0860E-02   -5.4875E-03   
1.5286E-02   -3.6384E-03   
1.2642E-02   -6.5582E-03   
1.0422E-02   -6.5749E-03   
2.0581E-02   -3.6577E-03   
1.3158E-02   -4.4644E-03   
1.2418E-02   -6.0879E-03   
1.0634E-02   -5.7369E-03   
1.6690E-02   -3.4139E-03   
1.9887E-02   -3.5732E-03   
1.5604E-02   -3.1928E-03   
1.0557E-02   -6.3063E-03   
1.8064E-02   -3.3021E-03   
1.1434E-02   -8.7951E-03   
1.3227E-02   -6.6410E-03   
1.4450E-02   -7.4952E-03   
1.5003E-02   -7.6931E-03   
1.5296E-02   -8.4091E-03   
1.6532E-02   -8.7840E-03   
2.4893E-02   -4.0261E-03   
1.2147E-02   -1.1087E-02   
2.2454E-02   -3.4420E-03   
3.1342E-02   -2.3753E-03   
1.2240E-02   -4.9136E-03   
1.1382E-02   -5.3480E-03   
1.4240E-02   -3.9788E-03   
1.2831E-02   -5.6260E-03   
1.5564E-02   -3.7769E-03   
1.8413E-02   -3.5079E-03   
1.6990E-02   -3.5923E-03   
1.3064E-02   -6.0832E-03   
1.9481E-02   -4.0197E-03   
1.8809E-02   -3.9407E-03   
2.3238E-02   -3.8301E-03   
2.1297E-02   -3.7697E-03   
1.6307E-02   -7.2570E-03   
1.5373E-02   -6.9322E-03   
1.1218E-02   -6.1596E-03   
2.3644E-02   -3.1635E-03   
2.6828E-02   -3.3513E-03   
2.3590E-02   -4.6248E-03   
1.6594E-02   -8.3300E-03   
1.6572E-02   -9.2486E-03   
1.6771E-02   -7.8569E-03   
1.4455E-02   -6.1929E-03   
1.3615E-02   -1.0736E-02   
3.1709E-02   -2.6597E-03   
1.1858E-02   -5.2663E-03   
1.5153E-02   -3.5121E-03   
1.1423E-02   -5.8175E-03   
1.3574E-02   -4.4291E-03   
1.8270E-02   -4.4829E-03   
1.4385E-02   -4.1932E-03   
1.2743E-02   -4.8353E-03   
1.5864E-02   -3.9475E-03   
1.3466E-02   -5.6022E-03   
1.7481E-02   -4.0212E-03   
1.4193E-02   -5.5877E-03   
1.7724E-02   -4.2663E-03   
2.4110E-02   -3.4030E-03   
2.0181E-02   -4.1031E-03   
2.2079E-02   -3.9137E-03   
2.7772E-02   -3.4095E-03   
1.5124E-02   -6.6139E-03   
2.3106E-02   -3.5467E-03   
1.5060E-02   -6.2892E-03   
2.2299E-02   -4.2697E-03   
1.2274E-02   -5.5992E-03   
1.5097E-02   -5.5716E-03   
1.7187E-02   -7.3353E-03   
2.2362E-02   -4.6532E-03   
2.4922E-02   -4.3976E-03   
1.5566E-02   -7.2150E-03   
1.7720E-02   -7.8538E-03   
1.7591E-02   -8.6874E-03   
1.2652E-02   -1.1286E-02   
1.2316E-02   -5.2614E-03   
1.4567E-02   -5.0898E-03   
1.3349E-02   -4.7195E-03   
1.4778E-02   -4.3055E-03   
1.6038E-02   -6.0871E-03   
1.3834E-02   -5.1473E-03   
1.6981E-02   -4.7921E-03   
1.9235E-02   -4.4026E-03   
1.8803E-02   -8.3707E-03   
2.1301E-02   -4.7077E-03   
1.1015E-02   -5.6831E-03   
1.5833E-02   -5.7385E-03   
2.0837E-02   -4.2268E-03   
1.6237E-02   -4.1029E-03   
1.6543E-02   -4.5658E-03   
1.7677E-02   -6.7963E-03   
1.2327E-02   -1.1743E-02   
1.8127E-02   -7.3960E-03   
2.2285E-02   -5.0243E-03   
2.5794E-02   -4.0828E-03   
1.7300E-02   -3.7802E-03   
1.0726E-02   -6.0051E-03   
1.3215E-02   -5.2360E-03   
1.5341E-02   -5.0725E-03   
1.3978E-02   -4.8065E-03   
1.9711E-02   -4.5638E-03   
1.5709E-02   -4.5949E-03   
1.6218E-02   -5.2597E-03   
1.3927E-02   -4.6065E-03   
2.1409E-02   -5.4990E-03   
1.3167E-02   -5.0344E-03   
2.6885E-02   -3.9167E-03   
2.1234E-02   -5.1264E-03   
1.6723E-02   -6.6947E-03   
1.6030E-02   -5.0511E-03   
1.9645E-02   -7.8112E-03   
1.0936E-02   -1.2254E-02   
1.6650E-02   -4.2083E-03   
1.7560E-02   -6.0721E-03   
1.8547E-02   -4.8478E-03   
1.9071E-02   -5.1285E-03   
1.8299E-02   -6.2145E-03   
2.1794E-02   -5.8317E-03   
1.6793E-02   -5.6444E-03   
1.9147E-02   -7.4830E-03   
2.0089E-02   -8.0590E-03   
1.8840E-02   -5.6524E-03   
1.7096E-02   -5.8629E-03   
2.1277E-02   -8.0198E-03   
1.9074E-02   -6.3721E-03   
2.1383E-02   -4.3590E-03   
2.3283E-02   -5.5456E-03   
2.0415E-02   -6.0627E-03   
1.7794E-02   -5.3747E-03   
2.0124E-02   -5.1681E-03   
1.8519E-02   -6.8963E-03   
2.0676E-02   -6.4145E-03   
2.4429E-02   -4.8920E-03   
2.2539E-02   -7.3881E-03   
1.9624E-02   -6.5361E-03   
1.8071E-02   -5.6168E-03   
2.0621E-02   -6.8725E-03   
2.1791E-02   -6.8547E-03   
2.3297E-02   -6.3420E-03   
2.3839E-02   -5.8020E-03   
2.2878E-02   -6.8982E-03   
1.1229E-03   -1.4565E-02   
2.0495E-02   -7.2976E-03   
1.9324E-02   -8.6492E-03   
3.3685E-02   -1.2180E-03   
2.5332E-03   -1.2219E-02   
3.6749E-02   -1.8167E-04   
3.3029E-02   -2.5295E-03   
2.0402E-03   -1.4732E-02   
9.7633E-03   -1.2284E-02   
2.3021E-02   -7.6655E-03   
3.4252E-02   -6.4873E-04   
3.1180E-03   -1.4604E-02   
1.0966E-02   -1.1358E-02   
4.4280E-03   -1.4422E-02   
5.7660E-03   -1.4222E-02   
7.1016E-03   -1.3983E-02   
8.4796E-03   -1.3710E-02   
3.7925E-02   -1.6624E-04   
9.8868E-03   -1.3409E-02   
1.1363E-02   -1.3062E-02   
3.2172E-02   -2.0633E-03   
1.2885E-02   -1.2704E-02   
3.9137E-02   -1.6023E-04   
1.4430E-02   -1.2328E-02   
1.6020E-02   -1.1937E-02   
2.4633E-02   -5.3089E-03   
1.7814E-02   -1.1469E-02   
4.0411E-02   -1.4860E-04   
2.8042E-02   -2.4331E-03   
1.9248E-02   -1.1251E-02   
1.4380E-02   -8.9499E-03   
7.4264E-03   -1.2980E-02   
3.2405E-02   -1.7987E-03   
2.0918E-02   -1.0710E-02   
2.2793E-02   -1.0327E-02   
4.1726E-02   -1.3158E-04   
2.4541E-02   -9.9340E-03   
1.5216E-02   -1.0377E-02   
2.6482E-02   -9.4576E-03   
2.7995E-02   -9.2369E-03   
4.3088E-02   -1.1432E-04   
2.9749E-02   -8.6834E-03   
3.1728E-02   -8.2158E-03   
3.2788E-03   -1.3877E-02   
3.3583E-02   -7.7138E-03   
4.4660E-02   -1.0335E-04   
3.4725E-02   -4.0466E-04   
1.6259E-02   -9.7712E-03   
3.5592E-02   -7.0807E-03   
3.7511E-02   -6.5115E-03   
3.0813E-02   -3.0228E-03   
4.6407E-02   -5.6056E-05   
2.8102E-02   -3.7226E-03   
2.5878E-02   -4.3841E-03   
4.1286E-02   -5.1032E-03   
4.8286E-02   -8.1033E-04   
4.8632E-02   -8.0761E-04   
4.8444E-02   -2.3008E-04   
4.8589E-02   -9.6166E-05   
4.8332E-02   -5.1492E-04   
1.3264E-02   -1.1820E-02   
4.5508E-02   -2.9547E-03   
3.7984E-03   -1.4147E-02   
2.9054E-02   -3.7905E-03   
2.7364E-02   -4.2402E-03   
6.6806E-03   -1.3435E-02   
2.5639E-02   -5.2895E-03   
8.6263E-03   -1.2754E-02   
3.4593E-02   -1.0254E-03   
2.4183E-02   -6.4246E-03   
3.3939E-02   -2.1316E-03   
9.5756E-03   -1.2778E-02   
1.7038E-02   -9.9577E-03   
6.5718E-03   -1.3769E-02   
1.8836E-02   -9.2738E-03   
9.3446E-03   -1.3208E-02   
3.0510E-02   -3.3914E-03   
3.3035E-02   -7.4150E-03   
2.4033E-02   -9.6285E-03   
1.2359E-02   -1.2443E-02   
1.5661E-02   -1.0664E-02   
1.5474E-02   -1.1676E-02   
1.5104E-02   -1.1293E-02   
3.9729E-02   -3.1230E-04   
2.4689E-02   -7.3298E-03   
3.5285E-02   -5.8023E-04   
3.3438E-02   -2.7632E-03   
3.7388E-02   -3.2353E-04   
4.4466E-02   -2.2306E-04   
2.1936E-02   -8.2755E-03   
2.7088E-02   -8.8731E-03   
3.2940E-02   -1.3735E-03   
3.3406E-02   -1.8674E-03   
2.4745E-02   -5.5596E-03   
1.7996E-02   -8.8473E-03   
4.7460E-02   -2.2436E-05   
3.9471E-02   -5.8115E-03   
1.8304E-02   -1.0915E-02   
3.6035E-02   -6.5062E-03   
4.8689E-02   -5.4749E-04   
4.8910E-02   -5.0422E-05   
4.8837E-02   -1.4138E-04   
4.8743E-02   -3.3089E-04   
2.9948E-02   -8.1221E-03   
2.1045E-02   -1.0128E-02   
4.2322E-02   -2.4677E-04   
4.2979E-02   -3.7104E-03   
4.6610E-02   -1.6348E-04   
4.5288E-02   -2.6989E-03   
4.6306E-02   -1.1853E-03   
4.6827E-02   -2.2827E-04   
4.6593E-02   -5.1046E-04   
4.6016E-02   -1.8445E-03   
3.0253E-02   -3.8347E-03   
2.3658E-02   -9.3035E-03   
3.4963E-02   -7.9593E-04   
3.6162E-02   -6.6710E-04   
3.9017E-02   -4.9761E-04   
4.2397E-03   -1.3777E-02   
2.1421E-02   -8.8862E-03   
2.7090E-02   -4.8140E-03   
1.6463E-02   -1.1110E-02   
3.4816E-02   -1.2594E-03   
4.1584E-02   -4.0654E-04   
3.8838E-02   -5.6519E-03   
1.1934E-02   -1.2211E-02   
2.2377E-02   -9.5743E-03   
1.7803E-02   -1.0723E-02   
2.6702E-02   -8.6085E-03   
1.9848E-02   -9.2605E-03   
3.1707E-02   -7.4519E-03   
2.5704E-02   -6.1352E-03   
1.9517E-02   -1.0265E-02   
3.3015E-02   -3.1822E-03   
3.4375E-02   -2.3917E-03   
2.8468E-02   -8.2199E-03   
2.5930E-02   -6.6262E-03   
4.3061E-02   -3.4580E-04   
2.5200E-02   -7.6936E-03   
4.0298E-02   -4.5068E-04   
1.8536E-02   -9.8102E-03   
3.4410E-02   -1.5649E-03   
2.5159E-02   -8.9641E-03   
2.6682E-02   -5.4338E-03   
3.7531E-02   -5.3386E-04   
3.4810E-02   -1.7673E-03   
4.4396E-02   -1.8059E-03   
4.5131E-02   -3.9248E-04   
4.4859E-02   -8.2286E-04   
4.5394E-02   -2.2818E-04   
3.1517E-02   -3.4346E-03   
4.0559E-02   -4.6827E-03   
4.3359E-02   -3.0758E-03   
4.6507E-02   -4.2320E-04   
4.6114E-02   -1.5800E-03   
4.6161E-02   -8.2007E-04   
4.5972E-02   -9.9111E-04   
2.4701E-02   -8.6629E-03   
1.8559E-02   -1.0194E-02   
4.2059E-02   -5.2435E-04   
3.7430E-02   -5.9433E-03   
2.1471E-02   -9.4680E-03   
2.6329E-02   -7.0179E-03   
2.4170E-02   -8.3776E-03   
3.5786E-02   -2.2332E-03   
3.7015E-02   -7.7225E-04   
3.0367E-02   -7.5286E-03   
3.9647E-02   -6.1921E-04   
4.4700E-02   -1.1064E-03   
4.5270E-02   -5.6845E-04   
3.6161E-02   -1.6320E-03   
3.0009E-02   -4.3141E-03   
3.6083E-02   -1.1764E-03   
2.8393E-02   -4.8425E-03   
4.4306E-02   -1.4549E-03   
4.1129E-02   -3.8700E-03   
3.4222E-02   -3.1386E-03   
3.3514E-02   -6.7610E-03   
2.7178E-02   -6.0052E-03   
2.2729E-02   -8.7753E-03   
2.7784E-02   -7.9580E-03   
3.3302E-02   -3.4747E-03   
4.4369E-02   -3.4997E-04   
4.0221E-02   -4.4764E-03   
4.3611E-02   -2.4370E-03   
3.0695E-02   -6.9017E-03   
2.8839E-02   -5.7637E-03   
3.3073E-02   -3.8789E-03   
3.5598E-02   -2.9193E-03   
2.8869E-02   -7.3050E-03   
2.5728E-02   -8.0123E-03   
4.2516E-02   -6.2449E-04   
3.9264E-02   -4.5646E-03   
3.9761E-02   -8.1803E-04   
4.1269E-02   -7.1795E-04   
2.7292E-02   -7.6625E-03   
3.7010E-02   -1.2813E-03   
3.7116E-02   -9.8744E-04   
3.6679E-02   -1.8463E-03   
2.6937E-02   -5.7401E-03   
2.7833E-02   -6.7361E-03   
3.6349E-02   -2.4472E-03   
3.3957E-02   -6.1911E-03   
3.1304E-02   -4.3285E-03   
2.9751E-02   -4.8132E-03   
2.8701E-02   -6.2290E-03   
3.4534E-02   -3.6473E-03   
3.5457E-02   -3.2800E-03   
3.4860E-02   -6.6269E-03   
3.7211E-02   -2.0438E-03   
2.8337E-02   -7.0239E-03   
4.3743E-02   -5.2049E-04   
3.8308E-02   -1.0254E-03   
3.7516E-02   -1.5106E-03   
3.7300E-02   -5.2763E-03   
3.9322E-02   -1.0918E-03   
2.9669E-02   -5.2118E-03   
3.2284E-02   -4.3839E-03   
3.5776E-02   -3.5405E-03   
2.9280E-02   -6.4220E-03   
3.8953E-02   -1.3663E-03   
4.0143E-02   -3.9036E-03   
3.6966E-02   -2.5755E-03   
3.8619E-02   -1.8437E-03   
3.6598E-02   -5.9452E-03   
4.1885E-02   -8.1562E-04   
3.0610E-02   -5.2866E-03   
3.2214E-02   -4.7669E-03   
4.4289E-02   -5.9963E-04   
3.8195E-02   -2.3944E-03   
4.2690E-02   -8.8115E-04   
3.0835E-02   -6.0356E-03   
3.9231E-02   -1.5579E-03   
4.1169E-02   -1.0473E-03   
3.9143E-02   -1.9890E-03   
3.3608E-02   -4.6711E-03   
4.0052E-02   -1.1510E-03   
3.5241E-02   -4.0976E-03   
3.7622E-02   -3.1208E-03   
4.0285E-02   -1.5741E-03   
3.8246E-02   -3.3451E-03   
3.1378E-02   -6.2694E-03   
3.6539E-02   -4.0083E-03   
3.1897E-02   -5.3386E-03   
3.4897E-02   -4.6050E-03   
4.1516E-02   -1.1909E-03   
4.4101E-02   -8.0227E-04   
3.9299E-02   -3.3165E-03   
3.7896E-02   -3.8545E-03   
4.1921E-02   -1.3216E-03   
3.2473E-02   -5.6725E-03   
3.4299E-02   -5.2106E-03   
4.1211E-02   -1.5917E-03   
4.0858E-02   -2.9463E-03   
3.7771E-02   -4.2983E-03   
4.3343E-02   -1.0869E-03   
4.1157E-02   -1.8011E-03   
4.0769E-02   -3.3396E-03   
4.3985E-02   -1.1340E-03   
3.9243E-02   -3.9454E-03   
3.9667E-02   -2.1273E-03   
3.8720E-02   -2.5762E-03   
3.9416E-02   -2.7176E-03   
4.1158E-02   -2.2810E-03   
