51 
1844 
3.6514E-03   -4.0430E-03   
6.9453E-03   -3.4218E-03   
9.5551E-03   -2.4699E-03   
1.1231E-02   -1.2898E-03   
8.2179E-37   -4.2377E-03   
1.1796E-02   -4.2344E-37   
1.2060E-02   -5.3199E-35   
1.2492E-02   -5.2994E-37   
1.3440E-02   2.2150E-35   
1.4299E-02   3.2564E-35   
1.5390E-02   6.9119E-35   
1.6722E-02   9.5296E-35   
1.7747E-02   1.1536E-34   
1.9490E-02   1.7544E-34   
2.0789E-02   2.1276E-34   
2.2193E-02   1.8649E-34   
2.2934E-02   2.8886E-34   
2.4490E-02   4.2796E-34   
2.6140E-02   6.2290E-34   
2.7000E-02   -3.5360E-30   
2.7000E-02   -3.4889E-34   
2.7000E-02   -3.4889E-34   
2.7000E-02   -3.4889E-34   
2.7000E-02   -3.4889E-34   
2.7000E-02   -3.4889E-34   
2.7000E-02   -3.4889E-34   
2.7000E-02   -3.4889E-34   
2.7000E-02   -3.4889E-34   
2.7000E-02   -3.4889E-34   
2.7000E-02   -3.4889E-34   
2.7000E-02   -3.4889E-34   
2.7000E-02   -3.4889E-34   
2.5367E-02   -1.1686E-03   
2.2705E-02   -2.6671E-03   
2.1583E-02   -3.1827E-03   
2.0511E-02   -3.6080E-03   
1.8448E-02   -4.2929E-03   
1.7442E-02   -4.5795E-03   
1.5465E-02   -5.0843E-03   
1.4493E-02   -5.3152E-03   
1.2582E-02   -5.7548E-03   
1.0723E-02   -6.1801E-03   
9.8173E-03   -6.3916E-03   
8.0630E-03   -6.8065E-03   
6.3966E-03   -7.2021E-03   
5.5989E-03   -7.3862E-03   
4.0766E-03   -7.7142E-03   
2.6457E-03   -7.9654E-03   
1.2932E-03   -8.1213E-03   
1.1410E-36   -8.1681E-03   
6.2478E-34   -7.7386E-03   
6.5732E-34   -7.3285E-03   
6.1932E-34   -6.7843E-03   
5.8713E-34   -6.4718E-03   
5.1693E-34   -5.9624E-03   
4.7157E-34   -5.6722E-03   
4.2476E-34   -5.3895E-03   
3.8599E-34   -5.1615E-03   
3.7760E-34   -4.9622E-03   
2.7673E-03   -4.3149E-03   
2.5942E-02   -1.0335E-04   
2.4834E-02   -2.1606E-04   
2.3230E-02   -3.7356E-04   
2.1916E-02   -5.0812E-04   
2.0643E-02   -6.7570E-04   
1.9209E-02   -7.7564E-04   
1.8034E-02   -8.1657E-04   
1.6583E-02   -9.4226E-04   
1.5143E-02   -1.0199E-03   
1.3710E-02   -1.0880E-03   
1.2289E-02   -1.1489E-03   
1.0809E-02   -1.2462E-03   
9.2870E-03   -1.4928E-03   
7.2065E-03   -2.1544E-03   
5.0862E-03   -3.1860E-03   
7.5494E-03   -2.5103E-03   
9.0008E-03   -1.2493E-03   
1.0408E-02   -7.9155E-04   
1.1740E-02   -6.6999E-04   
1.3019E-02   -6.5342E-04   
1.4236E-02   -6.5949E-04   
1.5626E-02   -6.0507E-04   
1.6919E-02   -5.6118E-04   
1.8122E-02   -5.0453E-04   
1.9364E-02   -5.0796E-04   
2.0716E-02   -4.0243E-04   
2.2017E-02   -3.1739E-04   
2.3289E-02   -2.5553E-04   
2.4636E-02   -1.4848E-04   
2.5806E-02   -6.2618E-05   
1.1047E-02   -5.5877E-04   
1.1726E-02   -2.6427E-04   
1.2500E-02   -2.4834E-04   
1.3573E-02   -2.5494E-04   
1.4599E-02   -2.5958E-04   
1.5864E-02   -2.7345E-04   
1.6994E-02   -2.8074E-04   
1.8117E-02   -2.7456E-04   
1.9563E-02   -2.2072E-04   
2.0772E-02   -1.7845E-04   
2.2140E-02   -1.5324E-04   
2.3484E-02   -1.1060E-04   
2.4797E-02   -7.2571E-05   
2.6003E-02   -2.3688E-05   
2.5744E-02   -1.6053E-04   
2.4544E-02   -3.3865E-04   
2.3074E-02   -5.6831E-04   
2.1717E-02   -7.1034E-04   
2.0543E-02   -9.1312E-04   
1.9069E-02   -1.0763E-03   
1.7614E-02   -1.2236E-03   
1.6236E-02   -1.3383E-03   
1.4802E-02   -1.4780E-03   
1.3458E-02   -1.5999E-03   
1.1735E-02   -1.7912E-03   
9.8944E-03   -2.0740E-03   
8.0874E-03   -2.4635E-03   
6.1946E-03   -3.0255E-03   
4.0781E-03   -3.8938E-03   
2.0284E-03   -4.7252E-03   
2.5667E-02   -2.3809E-04   
2.4648E-02   -4.3260E-04   
2.2901E-02   -7.7066E-04   
2.1756E-02   -9.8265E-04   
2.0388E-02   -1.1946E-03   
1.8744E-02   -1.4679E-03   
1.7289E-02   -1.6175E-03   
1.5877E-02   -1.7755E-03   
1.4217E-02   -2.0054E-03   
1.2663E-02   -2.2589E-03   
1.1016E-02   -2.5341E-03   
9.2856E-03   -2.7886E-03   
7.4261E-03   -3.3026E-03   
5.6153E-03   -3.7908E-03   
3.6496E-03   -4.4845E-03   
1.7393E-03   -5.0885E-03   
2.6040E-02   -2.0815E-04   
2.4193E-02   -6.5034E-04   
2.3140E-02   -8.8026E-04   
2.1857E-02   -1.1844E-03   
1.9942E-02   -1.5719E-03   
1.8579E-02   -1.8302E-03   
1.7161E-02   -2.0417E-03   
1.5486E-02   -2.3227E-03   
1.3958E-02   -2.5976E-03   
1.2309E-02   -2.8278E-03   
1.0756E-02   -3.0948E-03   
8.8090E-03   -3.4484E-03   
6.9217E-03   -4.0435E-03   
5.1603E-03   -4.4698E-03   
3.5066E-03   -5.0073E-03   
1.7242E-03   -5.4346E-03   
2.5449E-02   -4.2578E-04   
2.4365E-02   -7.4955E-04   
2.3055E-02   -1.1367E-03   
2.1734E-02   -1.5097E-03   
1.9818E-02   -1.9565E-03   
1.8279E-02   -2.2356E-03   
1.6715E-02   -2.5936E-03   
1.5217E-02   -2.9160E-03   
1.3430E-02   -3.1592E-03   
1.1976E-02   -3.3723E-03   
1.0497E-02   -3.7499E-03   
8.5347E-03   -4.2150E-03   
6.6191E-03   -4.7047E-03   
4.9440E-03   -5.1225E-03   
3.1623E-03   -5.5518E-03   
1.6516E-03   -5.8265E-03   
2.5776E-02   -4.5060E-04   
2.4304E-02   -9.9331E-04   
2.3098E-02   -1.3633E-03   
2.1209E-02   -1.9571E-03   
1.9546E-02   -2.4535E-03   
1.8062E-02   -2.7538E-03   
1.6221E-02   -3.1558E-03   
1.4840E-02   -3.4490E-03   
1.3049E-02   -3.7347E-03   
1.1487E-02   -4.0372E-03   
9.7184E-03   -4.4269E-03   
8.2755E-03   -4.7919E-03   
6.5383E-03   -5.2396E-03   
4.8165E-03   -5.6429E-03   
3.1461E-03   -6.0114E-03   
1.4791E-03   -6.2760E-03   
2.5569E-02   -6.0754E-04   
2.3954E-02   -1.2649E-03   
2.2827E-02   -1.6702E-03   
2.0635E-02   -2.4619E-03   
1.9308E-02   -2.8517E-03   
1.7799E-02   -3.2759E-03   
1.6145E-02   -3.6010E-03   
1.4474E-02   -3.9701E-03   
1.2621E-02   -4.3874E-03   
1.1072E-02   -4.7055E-03   
9.5528E-03   -5.0172E-03   
7.9703E-03   -5.3998E-03   
6.2300E-03   -5.8852E-03   
4.7486E-03   -6.1651E-03   
3.0717E-03   -6.5123E-03   
1.5246E-03   -6.7142E-03   
2.5692E-02   -7.2238E-04   
2.4310E-02   -1.3935E-03   
2.2454E-02   -2.1548E-03   
2.0832E-02   -2.8313E-03   
1.9076E-02   -3.2506E-03   
1.7380E-02   -3.6903E-03   
1.5766E-02   -4.1069E-03   
1.4150E-02   -4.4946E-03   
1.2534E-02   -4.8733E-03   
1.0757E-02   -5.2064E-03   
9.1857E-03   -5.6935E-03   
7.5379E-03   -6.0204E-03   
6.0562E-03   -6.3230E-03   
4.5156E-03   -6.6847E-03   
2.9289E-03   -7.0112E-03   
1.6276E-03   -7.1431E-03   
2.5310E-02   -1.0960E-03   
2.3622E-02   -2.0671E-03   
2.2217E-02   -2.6209E-03   
2.0024E-02   -3.4272E-03   
1.8699E-02   -3.8189E-03   
1.6858E-02   -4.3155E-03   
1.5260E-02   -4.7417E-03   
1.3838E-02   -5.0019E-03   
1.2125E-02   -5.3796E-03   
1.0508E-02   -5.8342E-03   
9.1517E-03   -6.1126E-03   
7.5099E-03   -6.5132E-03   
5.8194E-03   -6.9030E-03   
4.3124E-03   -7.2069E-03   
2.8723E-03   -7.4676E-03   
1.2850E-03   -7.7244E-03   
4.5856E-04   -4.2520E-03   
9.2285E-04   -4.2434E-03   
1.3849E-03   -4.2271E-03   
1.8454E-03   -4.2042E-03   
2.3030E-03   -4.1744E-03   
2.7572E-03   -4.1374E-03   
3.2069E-03   -4.0934E-03   
4.0901E-03   -3.9862E-03   
4.5225E-03   -3.9233E-03   
4.9477E-03   -3.8544E-03   
5.3652E-03   -3.7794E-03   
5.7744E-03   -3.6985E-03   
6.1745E-03   -3.6119E-03   
6.5650E-03   -3.5196E-03   
7.3146E-03   -3.3188E-03   
7.6724E-03   -3.2108E-03   
8.0181E-03   -3.0982E-03   
8.3521E-03   -2.9809E-03   
8.6732E-03   -2.8594E-03   
8.9813E-03   -2.7334E-03   
9.2754E-03   -2.6035E-03   
9.8199E-03   -2.3329E-03   
1.0070E-02   -2.1924E-03   
1.0304E-02   -2.0487E-03   
1.0522E-02   -1.9020E-03   
1.0725E-02   -1.7525E-03   
1.0910E-02   -1.6005E-03   
1.1079E-02   -1.4462E-03   
1.1365E-02   -1.1314E-03   
1.1482E-02   -9.7105E-04   
1.1580E-02   -8.0873E-04   
1.1654E-02   -6.4506E-04   
1.1729E-02   -4.8437E-04   
1.1763E-02   -3.2524E-04   
1.1798E-02   -1.5791E-04   
1.1874E-02   -2.6346E-34   
1.1917E-02   -2.4512E-34   
1.1951E-02   -1.8129E-34   
1.1983E-02   -9.5879E-35   
1.2018E-02   -7.1844E-35   
1.2114E-02   -3.8057E-35   
1.2182E-02   -2.5730E-35   
1.2266E-02   -1.5684E-35   
1.2369E-02   -7.4196E-36   
1.2636E-02   5.2366E-36   
1.2802E-02   1.0089E-35   
1.2991E-02   1.4308E-35   
1.3204E-02   1.8244E-35   
1.3701E-02   2.5675E-35   
1.3987E-02   2.9168E-35   
1.4636E-02   3.6338E-35   
1.5000E-02   4.0214E-35   
1.5807E-02   7.2792E-35   
1.6251E-02   5.4743E-35   
1.7220E-02   1.0307E-34   
1.8300E-02   1.3345E-34   
1.8881E-02   1.5066E-34   
2.0126E-02   1.8158E-34   
2.1478E-02   2.4271E-34   
2.3700E-02   3.6267E-34   
2.5303E-02   3.7974E-34   
2.7000E-02   -3.4889E-34   
2.7000E-02   -3.4889E-34   
2.7000E-02   -3.4889E-34   
2.7000E-02   -3.4889E-34   
2.7000E-02   -3.4889E-34   
2.3915E-02   -2.0490E-03   
1.9470E-02   -3.9732E-03   
1.6448E-02   -4.8407E-03   
1.3532E-02   -5.5379E-03   
1.1645E-02   -5.9686E-03   
8.9300E-03   -6.6003E-03   
7.2182E-03   -7.0080E-03   
4.8255E-03   -7.5579E-03   
3.3503E-03   -7.8500E-03   
1.9603E-03   -8.0557E-03   
6.4256E-04   -8.1619E-03   
4.6314E-34   -7.9535E-03   
6.4977E-34   -7.5294E-03   
6.3677E-34   -7.1372E-03   
9.2701E-34   -6.9558E-03   
9.3571E-34   -6.6230E-03   
5.7351E-34   -6.3303E-03   
5.5795E-34   -6.1984E-03   
5.3652E-34   -6.0759E-03   
5.0071E-34   -5.8575E-03   
4.8552E-34   -5.7609E-03   
4.5976E-34   -5.5912E-03   
4.4813E-34   -5.5173E-03   
4.3587E-34   -5.4503E-03   
4.1508E-34   -5.3345E-03   
4.0629E-34   -5.2847E-03   
3.9846E-34   -5.2397E-03   
3.9168E-34   -5.1989E-03   
3.8141E-34   -5.1267E-03   
3.7797E-34   -5.0939E-03   
3.7578E-34   -5.0621E-03   
3.7494E-34   -5.0303E-03   
3.7554E-34   -4.9974E-03   
3.8102E-34   -4.9233E-03   
3.8560E-34   -4.8792E-03   
3.9198E-34   -4.8283E-03   
4.0050E-34   -4.7688E-03   
4.1387E-34   -4.6993E-03   
6.5196E-34   -4.6148E-03   
6.5732E-34   -4.5162E-03   
5.3980E-34   -4.3856E-03   
4.9436E-03   -3.8121E-03   
7.6316E-03   -3.0284E-03   
8.6378E-03   -2.6326E-03   
5.7495E-03   -3.6137E-03   
1.0954E-02   -1.3596E-03   
3.6929E-03   -4.0610E-03   
1.5241E-03   -4.3250E-03   
1.0323E-02   -1.7910E-03   
1.1545E-02   -7.8070E-04   
9.5470E-03   -2.2179E-03   
6.5284E-03   -3.3930E-03   
1.1286E-02   -1.0709E-03   
6.9063E-03   -3.2757E-03   
3.2672E-03   -4.1297E-03   
9.2593E-03   -2.3582E-03   
1.0550E-02   -1.6476E-03   
1.1830E-02   -2.1835E-04   
5.8687E-04   -4.3744E-03   
2.8377E-03   -4.1908E-03   
7.9758E-03   -2.8992E-03   
8.3085E-03   -2.7668E-03   
1.1129E-02   -1.2154E-03   
1.9671E-03   -4.2885E-03   
1.1646E-02   -6.3325E-04   
1.0625E-03   -4.3561E-03   
2.4048E-03   -4.2439E-03   
1.0761E-02   -1.5038E-03   
1.1425E-02   -9.2593E-04   
4.1149E-03   -3.9849E-03   
1.0079E-02   -1.9341E-03   
9.8207E-03   -2.0766E-03   
6.1429E-03   -3.5059E-03   
4.5320E-03   -3.9019E-03   
5.3498E-03   -3.7159E-03   
7.2747E-03   -3.1541E-03   
8.9554E-03   -2.4965E-03   
3.3928E-04   -4.6526E-03   
3.2268E-04   -4.7291E-03   
3.1076E-04   -4.7937E-03   
2.9978E-04   -4.8487E-03   
2.9125E-04   -4.8957E-03   
2.8603E-04   -4.9366E-03   
2.8316E-04   -4.9732E-03   
2.8196E-04   -5.0068E-03   
2.8209E-04   -5.0388E-03   
1.1918E-02   -1.0524E-04   
2.8344E-04   -5.0704E-03   
1.1949E-02   -8.3070E-05   
2.8597E-04   -5.1025E-03   
1.1981E-02   -6.7050E-05   
2.8965E-04   -5.1362E-03   
1.2019E-02   -5.5118E-05   
2.9441E-04   -5.1721E-03   
1.2066E-02   -4.6845E-05   
3.0016E-04   -5.2112E-03   
1.2127E-02   -4.1434E-05   
3.0686E-04   -5.2541E-03   
1.2204E-02   -3.8405E-05   
3.1442E-04   -5.3015E-03   
1.2298E-02   -3.7309E-05   
3.2281E-04   -5.3539E-03   
1.2411E-02   -3.7701E-05   
3.3202E-04   -5.4118E-03   
1.2545E-02   -3.9231E-05   
3.4162E-04   -5.4757E-03   
1.2701E-02   -4.1764E-05   
3.5145E-04   -5.5460E-03   
1.2880E-02   -4.5095E-05   
3.6253E-04   -5.6234E-03   
1.3082E-02   -4.8965E-05   
3.7531E-04   -5.7084E-03   
1.3307E-02   -5.3170E-05   
3.8873E-04   -5.8011E-03   
1.3557E-02   -5.7207E-05   
4.0238E-04   -5.9018E-03   
1.3830E-02   -6.1843E-05   
4.1615E-04   -6.0109E-03   
1.4126E-02   -6.6868E-05   
4.2959E-04   -6.1278E-03   
1.4446E-02   -7.2722E-05   
4.4777E-04   -6.2525E-03   
1.4795E-02   -7.8018E-05   
4.6926E-04   -6.3870E-03   
1.5171E-02   -8.1846E-05   
4.8071E-04   -6.5321E-03   
1.5575E-02   -8.5462E-05   
4.9259E-04   -6.6860E-03   
1.6009E-02   -8.9054E-05   
5.2747E-04   -6.8514E-03   
1.6476E-02   -9.0679E-05   
5.4800E-04   -7.0321E-03   
1.6959E-02   -8.8719E-05   
5.5167E-04   -7.2231E-03   
1.7460E-02   -9.1806E-05   
5.7289E-04   -7.4221E-03   
1.7998E-02   -9.2923E-05   
6.0662E-04   -7.6364E-03   
6.1370E-03   -3.3887E-03   
9.5657E-03   -1.9853E-03   
1.0596E-02   -1.4209E-03   
4.5552E-03   -3.8599E-03   
1.1803E-02   -3.2005E-04   
1.2325E-03   -4.4376E-03   
7.9444E-03   -2.7039E-03   
1.1608E-02   -6.1952E-04   
2.0799E-03   -4.3484E-03   
3.3314E-03   -4.1416E-03   
2.9185E-03   -4.2191E-03   
8.9581E-03   -2.2734E-03   
6.8966E-03   -3.1246E-03   
1.1189E-02   -1.0149E-03   
1.1348E-02   -8.8243E-04   
7.2612E-03   -2.9878E-03   
8.6282E-03   -2.4159E-03   
1.0812E-02   -1.2840E-03   
1.0363E-02   -1.5596E-03   
4.9568E-03   -3.7511E-03   
3.7424E-03   -4.0555E-03   
7.5759E-04   -4.4830E-03   
5.3546E-03   -3.6359E-03   
7.6067E-03   -2.8468E-03   
8.2876E-03   -2.5588E-03   
1.1010E-02   -1.1487E-03   
1.1487E-02   -7.5075E-04   
5.7485E-03   -3.5149E-03   
9.8466E-03   -1.8420E-03   
2.5011E-03   -4.2882E-03   
4.1507E-03   -3.9615E-03   
1.0113E-02   -1.7001E-03   
1.1713E-02   -4.8384E-04   
1.6536E-03   -4.3983E-03   
9.2695E-03   -2.1298E-03   
6.5207E-03   -3.2585E-03   
3.5358E-04   -4.5609E-03   
6.7605E-04   -4.6676E-03   
6.4537E-04   -4.7421E-03   
6.1779E-04   -4.8016E-03   
5.9255E-04   -4.8525E-03   
5.7686E-04   -4.8957E-03   
5.6840E-04   -4.9335E-03   
5.6443E-04   -4.9677E-03   
1.1881E-02   -1.4313E-04   
5.6360E-04   -4.9998E-03   
5.6531E-04   -5.0310E-03   
1.1884E-02   -1.8219E-04   
5.6939E-04   -5.0624E-03   
1.1910E-02   -1.4947E-04   
5.7579E-04   -5.0949E-03   
1.1943E-02   -1.2140E-04   
5.8440E-04   -5.1295E-03   
1.1984E-02   -1.0178E-04   
5.9505E-04   -5.1668E-03   
1.2038E-02   -8.8729E-05   
6.0730E-04   -5.2076E-03   
1.2106E-02   -8.0615E-05   
6.2288E-04   -5.2523E-03   
1.2192E-02   -7.6759E-05   
6.4134E-04   -5.3018E-03   
1.2296E-02   -7.6320E-05   
6.5885E-04   -5.3571E-03   
1.2421E-02   -7.8455E-05   
6.7510E-04   -5.4181E-03   
1.2568E-02   -8.2514E-05   
6.9234E-04   -5.4849E-03   
1.2738E-02   -8.8503E-05   
7.1265E-04   -5.5583E-03   
1.2930E-02   -9.6010E-05   
7.3673E-04   -5.6391E-03   
1.3146E-02   -1.0452E-04   
7.6355E-04   -5.7278E-03   
1.3390E-02   -1.1215E-04   
7.9144E-04   -5.8247E-03   
1.3652E-02   -1.1824E-04   
8.1918E-04   -5.9298E-03   
1.3926E-02   -1.2917E-04   
8.4193E-04   -6.0429E-03   
1.4226E-02   -1.3906E-04   
8.5863E-04   -6.1612E-03   
1.4554E-02   -1.5313E-04   
9.1112E-04   -6.2834E-03   
1.4918E-02   -1.6174E-04   
9.5798E-04   -6.4223E-03   
1.5310E-02   -1.6739E-04   
9.5757E-04   -6.5738E-03   
1.5729E-02   -1.7568E-04   
1.0007E-03   -6.7239E-03   
1.6195E-02   -1.8144E-04   
1.1409E-03   -6.8936E-03   
1.6696E-02   -1.8113E-04   
1.0989E-03   -7.0970E-03   
1.7156E-02   -1.6811E-04   
1.1186E-03   -7.2882E-03   
1.7649E-02   -2.0148E-04   
1.1755E-03   -7.4881E-03   
1.8566E-02   -9.7933E-05   
7.9445E-03   -2.5170E-03   
8.3097E-03   -2.3598E-03   
6.9137E-03   -2.9750E-03   
8.6556E-03   -2.2124E-03   
6.5401E-03   -3.1195E-03   
3.0012E-03   -4.2258E-03   
3.4018E-03   -4.1323E-03   
3.8009E-03   -4.0300E-03   
4.1982E-03   -3.9194E-03   
4.5938E-03   -3.8008E-03   
2.5939E-03   -4.3113E-03   
4.9878E-03   -3.6750E-03   
6.1579E-03   -3.2638E-03   
8.9895E-03   -2.0664E-03   
5.3803E-03   -3.5429E-03   
5.7710E-03   -3.4055E-03   
2.1742E-03   -4.3895E-03   
9.3064E-03   -1.9186E-03   
1.1077E-02   -9.6467E-04   
1.1256E-02   -8.4125E-04   
1.1413E-02   -7.2142E-04   
1.0877E-02   -1.0911E-03   
1.7556E-03   -4.4555E-03   
9.6080E-03   -1.7722E-03   
1.0658E-02   -1.2204E-03   
1.0166E-02   -1.4889E-03   
9.8947E-03   -1.6289E-03   
1.0421E-02   -1.3531E-03   
1.3617E-03   -4.4971E-03   
1.0253E-03   -4.5280E-03   
1.1549E-02   -6.0251E-04   
1.1669E-02   -4.8163E-04   
1.1773E-02   -3.5800E-04   
7.0367E-04   -4.5914E-03   
9.7258E-04   -4.7337E-03   
9.1200E-04   -4.7927E-03   
8.7638E-04   -4.8397E-03   
8.5772E-04   -4.8791E-03   
8.4863E-04   -4.9138E-03   
8.4547E-04   -4.9457E-03   
1.1855E-02   -2.2731E-04   
8.4657E-04   -4.9764E-03   
8.5132E-04   -5.0069E-03   
1.1802E-02   -2.5896E-04   
8.5954E-04   -5.0382E-03   
1.1834E-02   -2.0333E-04   
8.7110E-04   -5.0712E-03   
1.1870E-02   -1.6817E-04   
8.8582E-04   -5.1068E-03   
1.1916E-02   -1.4466E-04   
9.0249E-04   -5.1456E-03   
1.1976E-02   -1.2975E-04   
9.2483E-04   -5.1872E-03   
1.2055E-02   -1.2082E-04   
9.6070E-04   -5.2317E-03   
1.2151E-02   -1.1809E-04   
9.8841E-04   -5.2844E-03   
1.2265E-02   -1.2007E-04   
1.0048E-03   -5.3442E-03   
1.2402E-02   -1.2480E-04   
1.0269E-03   -5.4082E-03   
1.2566E-02   -1.3199E-04   
1.0509E-03   -5.4784E-03   
1.2748E-02   -1.4270E-04   
1.0829E-03   -5.5543E-03   
1.2953E-02   -1.5567E-04   
1.1258E-03   -5.6376E-03   
1.3191E-02   -1.6799E-04   
1.1696E-03   -5.7304E-03   
1.3462E-02   -1.7699E-04   
1.2117E-03   -5.8324E-03   
1.3720E-02   -1.7702E-04   
1.2472E-03   -5.9441E-03   
1.3971E-02   -2.1067E-04   
1.2590E-03   -6.0648E-03   
1.2352E-03   -6.1782E-03   
1.4455E-03   -6.4576E-03   
1.5404E-02   -2.5996E-04   
1.6112E-03   -6.9730E-03   
1.6803E-03   -7.3216E-03   
1.6376E-02   -2.7982E-04   
1.9190E-02   -1.0502E-04   
1.1475E-02   -5.8780E-04   
1.1607E-02   -4.7769E-04   
1.1728E-02   -3.6578E-04   
7.2814E-03   -2.6944E-03   
6.9618E-03   -2.8224E-03   
2.6888E-03   -4.3154E-03   
2.2730E-03   -4.4117E-03   
4.2586E-03   -3.8620E-03   
3.0879E-03   -4.2139E-03   
4.6478E-03   -3.7279E-03   
3.4802E-03   -4.1049E-03   
6.5880E-03   -2.9773E-03   
8.7182E-03   -2.0305E-03   
3.8699E-03   -3.9878E-03   
1.0954E-02   -9.2114E-04   
1.0733E-02   -1.0434E-03   
5.0374E-03   -3.5868E-03   
5.4275E-03   -3.4397E-03   
9.9620E-03   -1.4359E-03   
1.0236E-02   -1.3002E-03   
1.1155E-02   -8.0219E-04   
1.8402E-03   -4.4989E-03   
1.1328E-02   -6.9347E-04   
6.2044E-03   -3.1332E-03   
9.6715E-03   -1.5776E-03   
5.8173E-03   -3.2880E-03   
1.0494E-02   -1.1696E-03   
9.0474E-03   -1.8759E-03   
9.3661E-03   -1.7247E-03   
1.2511E-03   -4.7189E-03   
1.1841E-03   -4.7705E-03   
1.1519E-03   -4.8114E-03   
1.1354E-03   -4.8463E-03   
1.1284E-03   -4.8777E-03   
1.1280E-03   -4.9075E-03   
1.1327E-03   -4.9368E-03   
1.1419E-03   -4.9667E-03   
1.1814E-02   -2.7624E-04   
1.1699E-02   -3.0246E-04   
1.1554E-03   -4.9981E-03   
1.1726E-02   -2.5017E-04   
1.1733E-03   -5.0318E-03   
1.1766E-02   -2.1203E-04   
1.1944E-03   -5.0684E-03   
1.1818E-02   -1.8794E-04   
1.2188E-03   -5.1077E-03   
1.1886E-02   -1.7379E-04   
1.2525E-03   -5.1485E-03   
1.1979E-02   -1.6447E-04   
1.3450E-03   -5.1870E-03   
1.2080E-02   -1.6581E-04   
1.3311E-03   -5.2548E-03   
1.2202E-02   -1.7149E-04   
1.3584E-03   -5.3163E-03   
1.2362E-02   -1.7902E-04   
1.3855E-03   -5.3855E-03   
1.2540E-02   -1.8883E-04   
1.4671E-03   -5.5333E-03   
1.6667E-03   -6.0959E-03   
1.2947E-02   -2.2666E-04   
1.5415E-03   -5.6173E-03   
1.5978E-03   -5.7172E-03   
1.6970E-03   -5.9508E-03   
1.4306E-02   -2.0792E-04   
1.5044E-02   -2.3886E-04   
1.5484E-02   -3.6557E-04   
1.3224E-02   -2.4263E-04   
2.2231E-03   -7.1465E-03   
1.5981E-02   -3.7849E-04   
1.6834E-03   -6.8276E-03   
1.3851E-02   -2.9682E-04   
1.9993E-03   -6.3264E-03   
1.1662E-02   -3.7532E-04   
1.1521E-02   -4.8325E-04   
1.1394E-02   -5.8065E-04   
8.1455E-03   -2.1542E-03   
8.0122E-03   -2.3264E-03   
8.4485E-03   -2.0100E-03   
6.6773E-03   -2.8319E-03   
1.1043E-02   -7.7048E-04   
2.8013E-03   -4.2979E-03   
1.1245E-02   -6.5728E-04   
2.3927E-03   -4.4098E-03   
1.9682E-03   -4.5134E-03   
3.1916E-03   -4.1820E-03   
4.3324E-03   -3.7918E-03   
3.9499E-03   -3.9316E-03   
6.2795E-03   -2.9981E-03   
3.5721E-03   -4.0610E-03   
4.7182E-03   -3.6437E-03   
8.7879E-03   -1.8541E-03   
1.0046E-02   -1.2627E-03   
1.0819E-02   -8.8755E-04   
5.1062E-03   -3.4887E-03   
1.0322E-02   -1.1321E-03   
1.0579E-02   -1.0075E-03   
9.7529E-03   -1.4008E-03   
5.4963E-03   -3.3285E-03   
5.8877E-03   -3.1644E-03   
9.4444E-03   -1.5460E-03   
9.1219E-03   -1.6979E-03   
1.2386E-03   -4.6216E-03   
1.4864E-03   -4.6935E-03   
1.4476E-03   -4.7330E-03   
1.4244E-03   -4.7670E-03   
1.4128E-03   -4.7973E-03   
1.4099E-03   -4.8257E-03   
1.4139E-03   -4.8533E-03   
1.4236E-03   -4.8814E-03   
1.4384E-03   -4.9110E-03   
1.1542E-02   -3.5889E-04   
1.4587E-03   -4.9425E-03   
1.1592E-02   -2.9337E-04   
1.4842E-03   -4.9766E-03   
1.5111E-03   -5.0145E-03   
1.1636E-02   -2.5695E-04   
1.1690E-02   -2.3586E-04   
1.5302E-03   -5.0578E-03   
1.1760E-02   -2.2750E-04   
1.6171E-03   -5.1663E-03   
1.1948E-02   -2.2899E-04   
1.6826E-03   -5.2095E-03   
1.2309E-02   -2.4248E-04   
1.2123E-02   -2.3335E-04   
1.7374E-03   -5.2748E-03   
1.9242E-03   -5.4759E-03   
1.4083E-03   -5.4600E-03   
1.9863E-03   -5.5826E-03   
2.0607E-03   -5.6879E-03   
2.0772E-03   -6.8550E-03   
2.0470E-03   -6.6963E-03   
2.1419E-03   -5.8043E-03   
1.2925E-02   -3.1222E-04   
1.4175E-02   -2.8014E-04   
1.3555E-02   -3.6032E-04   
1.4973E-02   -3.4254E-04   
1.3227E-02   -3.3196E-04   
1.2725E-02   -2.0738E-04   
2.2442E-03   -5.9444E-03   
1.9113E-03   -6.5313E-03   
2.1046E-03   -6.1395E-03   
1.6498E-02   -3.8835E-04   
2.1246E-03   -7.3368E-03   
2.0117E-03   -7.0077E-03   
1.5565E-02   -4.7968E-04   
7.7650E-03   -2.2633E-03   
1.1567E-02   -4.0050E-04   
1.1136E-02   -6.3767E-04   
2.9408E-03   -4.2567E-03   
1.0909E-02   -7.5229E-04   
2.5533E-03   -4.3793E-03   
1.7653E-03   -4.5871E-03   
6.3832E-03   -2.8552E-03   
4.0408E-03   -3.8637E-03   
3.6691E-03   -4.0057E-03   
3.3085E-03   -4.1347E-03   
8.5268E-03   -1.8620E-03   
4.4209E-03   -3.7110E-03   
1.0143E-02   -1.1082E-03   
4.8057E-03   -3.5501E-03   
1.0418E-02   -9.8364E-04   
1.0672E-02   -8.6574E-04   
9.8499E-03   -1.2413E-03   
5.1946E-03   -3.3828E-03   
5.9818E-03   -3.0349E-03   
8.8755E-03   -1.6932E-03   
9.5395E-03   -1.3834E-03   
5.5872E-03   -3.2107E-03   
9.2139E-03   -1.5344E-03   
1.7845E-03   -4.6094E-03   
1.7489E-03   -4.6440E-03   
7.2564E-03   -2.4801E-03   
1.7195E-03   -4.6765E-03   
6.8028E-03   -2.6694E-03   
1.7002E-03   -4.7058E-03   
1.6931E-03   -4.7325E-03   
1.6954E-03   -4.7579E-03   
1.7051E-03   -4.7837E-03   
1.7211E-03   -4.8109E-03   
1.7434E-03   -4.8399E-03   
1.9942E-03   -5.0792E-03   
1.1406E-02   -3.8307E-04   
1.7722E-03   -4.8714E-03   
1.8068E-03   -4.9063E-03   
1.1441E-02   -3.3689E-04   
1.8418E-03   -4.9482E-03   
1.1480E-02   -3.0772E-04   
1.1528E-02   -2.9364E-04   
1.5381E-03   -5.1001E-03   
1.1856E-02   -2.9656E-04   
2.0807E-03   -5.1428E-03   
2.0756E-03   -5.3439E-03   
1.3989E-02   -3.8718E-04   
1.3185E-02   -4.3550E-04   
1.2272E-02   -3.2297E-04   
2.4576E-03   -5.5318E-03   
1.2037E-02   -3.0684E-04   
2.5706E-03   -5.6348E-03   
1.7508E-03   -5.3563E-03   
2.5044E-03   -6.9119E-03   
2.6603E-03   -5.7521E-03   
1.4472E-02   -3.7749E-04   
2.5757E-03   -6.1767E-03   
2.4924E-03   -6.3626E-03   
1.2630E-02   -2.9354E-04   
2.5691E-03   -6.7084E-03   
2.3691E-03   -5.4356E-03   
1.2886E-02   -4.0972E-04   
1.6074E-02   -4.9203E-04   
1.5088E-02   -4.6049E-04   
1.1196E-02   -5.3814E-04   
1.0986E-02   -6.4207E-04   
1.1379E-02   -5.0282E-04   
2.3686E-03   -4.4447E-03   
3.0974E-03   -4.1999E-03   
8.2480E-03   -1.8864E-03   
3.7700E-03   -3.9414E-03   
1.0759E-02   -7.4747E-04   
3.4056E-03   -4.0851E-03   
4.1437E-03   -3.7863E-03   
1.4392E-03   -4.6286E-03   
4.5242E-03   -3.6216E-03   
6.1007E-03   -2.9001E-03   
9.9599E-03   -1.0985E-03   
1.0513E-02   -8.5743E-04   
1.0247E-02   -9.7369E-04   
8.6224E-03   -1.7082E-03   
4.9109E-03   -3.4490E-03   
9.6496E-03   -1.2359E-03   
5.3026E-03   -3.2705E-03   
5.6994E-03   -3.0873E-03   
8.9794E-03   -1.5410E-03   
9.3219E-03   -1.3838E-03   
6.5193E-03   -2.7059E-03   
2.0692E-03   -4.5424E-03   
2.0315E-03   -4.5731E-03   
1.9948E-03   -4.6039E-03   
2.1215E-03   -4.5047E-03   
1.9792E-03   -4.6294E-03   
6.9563E-03   -2.5055E-03   
7.4105E-03   -2.2969E-03   
1.9781E-03   -4.6523E-03   
1.1354E-02   -4.4634E-04   
7.8474E-03   -2.0862E-03   
1.9870E-03   -4.6751E-03   
2.0041E-03   -4.6991E-03   
2.0597E-03   -4.7535E-03   
1.1245E-02   -4.2425E-04   
2.1018E-03   -4.7841E-03   
2.1605E-03   -4.8172E-03   
1.1259E-02   -3.9129E-04   
1.1295E-02   -3.6837E-04   
2.1155E-03   -4.9709E-03   
2.1870E-03   -5.2157E-03   
1.1724E-02   -3.7779E-04   
1.2612E-02   -3.8760E-04   
2.9556E-03   -5.4521E-03   
1.8308E-03   -5.0082E-03   
1.3506E-02   -4.6841E-04   
2.3952E-03   -5.0024E-03   
1.2809E-02   -5.1899E-04   
2.3257E-03   -5.3523E-03   
3.0458E-03   -6.2090E-03   
2.8118E-03   -5.3674E-03   
2.7811E-03   -5.8430E-03   
1.2383E-02   -3.7677E-04   
1.4691E-02   -4.4647E-04   
1.1908E-02   -3.9751E-04   
2.6814E-03   -5.9913E-03   
2.5031E-03   -6.5349E-03   
1.5128E-02   -5.8311E-04   
1.6545E-02   -4.9453E-04   
2.6262E-03   -7.2625E-03   
3.2049E-03   -6.7262E-03   
1.4310E-02   -3.2339E-04   
1.0831E-02   -6.5446E-04   
3.1130E-03   -4.1857E-03   
6.2438E-03   -2.7612E-03   
3.5146E-03   -4.0248E-03   
3.8857E-03   -3.8673E-03   
1.0599E-02   -7.5660E-04   
4.2607E-03   -3.7008E-03   
8.3643E-03   -1.7430E-03   
1.0080E-02   -9.7335E-04   
1.0354E-02   -8.6092E-04   
4.6439E-03   -3.5249E-03   
9.7732E-03   -1.1034E-03   
5.8319E-03   -2.9597E-03   
5.0341E-03   -3.3417E-03   
8.7405E-03   -1.5662E-03   
5.4305E-03   -3.1528E-03   
9.4455E-03   -1.2464E-03   
9.1004E-03   -1.4012E-03   
2.3965E-03   -4.4473E-03   
2.2965E-03   -4.4939E-03   
1.1227E-02   -4.7023E-04   
2.2701E-03   -4.5178E-03   
7.5491E-03   -2.1363E-03   
6.6733E-03   -2.5558E-03   
7.9674E-03   -1.9336E-03   
2.2646E-03   -4.5374E-03   
2.2709E-03   -4.5569E-03   
7.1120E-03   -2.3463E-03   
2.2880E-03   -4.5772E-03   
2.3141E-03   -4.5993E-03   
2.3480E-03   -4.6240E-03   
1.1342E-02   -3.6012E-04   
2.3938E-03   -4.6504E-03   
2.2385E-03   -4.8598E-03   
2.4598E-03   -4.6761E-03   
1.1015E-02   -4.9479E-04   
1.2286E-02   -4.6403E-04   
1.1046E-02   -4.5740E-04   
2.5000E-03   -5.0547E-03   
2.5511E-03   -5.2123E-03   
1.1566E-02   -3.6692E-04   
2.3517E-03   -4.9476E-03   
1.2090E-02   -4.3125E-04   
3.2248E-03   -5.2888E-03   
3.2551E-03   -5.8078E-03   
2.7072E-03   -5.2822E-03   
3.0834E-03   -5.7105E-03   
1.1556E-02   -4.7771E-04   
1.4231E-02   -5.0800E-04   
3.6298E-03   -6.0353E-03   
1.4677E-02   -5.5542E-04   
2.9259E-03   -6.3800E-03   
1.5146E-02   -7.1815E-04   
3.2865E-03   -7.1498E-03   
1.6223E-02   -6.2100E-04   
1.7007E-02   -4.1900E-04   
3.6585E-03   -6.8664E-03   
1.3776E-02   -5.1823E-04   
1.0899E-02   -5.7773E-04   
2.7405E-03   -4.3239E-03   
3.3021E-03   -4.1002E-03   
3.6515E-03   -3.9493E-03   
5.9829E-03   -2.8297E-03   
4.0161E-03   -3.7846E-03   
1.0454E-02   -7.7473E-04   
1.0220E-02   -8.6015E-04   
4.3930E-03   -3.6083E-03   
2.5629E-03   -4.3944E-03   
9.9147E-03   -9.8248E-04   
8.4997E-03   -1.6074E-03   
4.7802E-03   -3.4222E-03   
5.5752E-03   -3.0317E-03   
9.5847E-03   -1.1210E-03   
5.1752E-03   -3.2293E-03   
8.8764E-03   -1.4335E-03   
9.2380E-03   -1.2715E-03   
2.5596E-03   -4.4022E-03   
6.4050E-03   -2.6214E-03   
7.6962E-03   -1.9904E-03   
8.1058E-03   -1.7935E-03   
2.5590E-03   -4.4137E-03   
7.2700E-03   -2.1975E-03   
2.5581E-03   -4.4306E-03   
2.5736E-03   -4.4467E-03   
6.8367E-03   -2.4093E-03   
1.1088E-02   -5.0167E-04   
2.6845E-03   -4.5069E-03   
2.6010E-03   -4.4641E-03   
1.1080E-02   -4.4106E-04   
2.6380E-03   -4.4840E-03   
1.1562E-02   -2.9728E-04   
2.5581E-03   -4.8190E-03   
2.5481E-03   -4.7015E-03   
2.7038E-03   -4.8523E-03   
2.7491E-03   -4.5290E-03   
1.0787E-02   -5.5916E-04   
1.1734E-02   -5.0672E-04   
1.1392E-02   -4.5919E-04   
2.7504E-03   -4.9156E-03   
3.1613E-03   -5.1961E-03   
3.5666E-03   -5.5875E-03   
1.4682E-02   -6.8964E-04   
1.1926E-02   -5.4214E-04   
3.0305E-03   -5.1145E-03   
1.3395E-02   -5.9015E-04   
3.7406E-03   -5.8270E-03   
1.3740E-02   -6.4896E-04   
3.5230E-03   -6.2678E-03   
2.6222E-03   -5.0971E-03   
1.5654E-02   -7.4338E-04   
1.2529E-02   -4.9134E-04   
1.7546E-02   -3.3512E-04   
4.0061E-03   -6.5844E-03   
2.8137E-03   -4.2980E-03   
1.0659E-02   -6.8046E-04   
3.4472E-03   -4.0279E-03   
3.7977E-03   -3.8676E-03   
4.1631E-03   -3.6944E-03   
5.7357E-03   -2.9090E-03   
1.0426E-02   -7.3658E-04   
3.0185E-03   -4.2160E-03   
1.0079E-02   -8.6848E-04   
6.1508E-03   -2.6988E-03   
4.5436E-03   -3.5086E-03   
9.7388E-03   -1.0066E-03   
4.9354E-03   -3.3134E-03   
5.3333E-03   -3.1129E-03   
8.6511E-03   -1.4800E-03   
9.3909E-03   -1.1520E-03   
9.0280E-03   -1.3094E-03   
2.8890E-03   -4.2709E-03   
7.4361E-03   -2.0584E-03   
8.2592E-03   -1.6626E-03   
7.8538E-03   -1.8557E-03   
1.1432E-02   -3.5845E-04   
2.8502E-03   -4.2976E-03   
6.5767E-03   -2.4844E-03   
2.8625E-03   -4.3091E-03   
7.0073E-03   -2.2696E-03   
1.0811E-02   -5.3472E-04   
2.9759E-03   -4.3544E-03   
2.8899E-03   -4.3211E-03   
3.0378E-03   -4.3741E-03   
2.9280E-03   -4.3360E-03   
3.1911E-03   -4.7215E-03   
1.0728E-02   -6.1107E-04   
1.1119E-02   -4.4045E-04   
2.8332E-03   -4.5501E-03   
1.1901E-02   -2.0744E-04   
3.3627E-03   -4.9148E-03   
1.1251E-02   -4.5010E-04   
1.2409E-02   -6.1127E-04   
1.2146E-02   -5.7726E-04   
1.1537E-02   -6.2937E-04   
1.1355E-02   -5.9491E-04   
1.3199E-02   -7.2499E-04   
1.1190E-02   -5.6874E-04   
2.9059E-03   -5.0567E-03   
3.7017E-03   -5.0994E-03   
2.6384E-03   -4.7240E-03   
2.9822E-03   -4.6924E-03   
3.8409E-03   -5.3663E-03   
1.3867E-02   -7.6695E-04   
3.8365E-03   -5.6492E-03   
2.9717E-03   -4.9315E-03   
1.5152E-02   -8.6433E-04   
3.7041E-03   -6.4496E-03   
1.8221E-02   -1.7640E-04   
4.2175E-03   -5.8338E-03   
1.7509E-02   -4.6118E-04   
1.4677E-02   -8.3504E-04   
1.3108E-02   -5.4718E-04   
4.1362E-03   -6.0354E-03   
3.1170E-03   -4.1723E-03   
3.6110E-03   -3.9456E-03   
3.9593E-03   -3.7793E-03   
5.9106E-03   -2.7860E-03   
1.0257E-02   -7.5949E-04   
4.3254E-03   -3.5982E-03   
5.5052E-03   -2.9953E-03   
9.8982E-03   -9.0487E-04   
4.7127E-03   -3.4025E-03   
5.1075E-03   -3.2003E-03   
9.5593E-03   -1.0427E-03   
7.6109E-03   -1.9293E-03   
8.8146E-03   -1.3622E-03   
9.1974E-03   -1.1938E-03   
8.4218E-03   -1.5428E-03   
3.1190E-03   -4.1744E-03   
8.0217E-03   -1.7312E-03   
1.0550E-02   -6.5671E-04   
6.3297E-03   -2.5706E-03   
7.1864E-03   -2.1379E-03   
3.1545E-03   -4.1670E-03   
6.7570E-03   -2.3531E-03   
3.1838E-03   -4.1713E-03   
3.3306E-03   -4.2103E-03   
3.2695E-03   -4.1940E-03   
1.0540E-02   -6.3878E-04   
3.2209E-03   -4.1808E-03   
1.0836E-02   -5.2751E-04   
1.1710E-02   -2.9908E-04   
3.1077E-03   -4.3970E-03   
1.1045E-02   -5.5168E-04   
1.1131E-02   -7.2792E-04   
2.8739E-03   -4.6672E-03   
1.1125E-02   -4.6106E-04   
1.0962E-02   -6.9562E-04   
1.1313E-02   -7.6951E-04   
3.7930E-03   -4.8354E-03   
1.2715E-02   -6.3981E-04   
1.1977E-02   -7.1100E-04   
2.9627E-03   -4.5663E-03   
1.2666E-02   -7.8572E-04   
4.2494E-03   -5.4133E-03   
3.5077E-03   -5.3149E-03   
4.0235E-03   -4.8660E-03   
3.5019E-03   -4.7320E-03   
1.4659E-02   -9.9187E-04   
1.5645E-02   -8.9296E-04   
4.3854E-03   -5.5914E-03   
4.1735E-03   -6.2152E-03   
1.7964E-02   -3.8374E-04   
4.6080E-03   -5.8456E-03   
3.2696E-03   -4.1039E-03   
3.7956E-03   -3.8542E-03   
5.6873E-03   -2.8793E-03   
4.1163E-03   -3.6940E-03   
1.0018E-02   -8.3663E-04   
6.0960E-03   -2.6658E-03   
4.5007E-03   -3.4979E-03   
5.2893E-03   -3.0877E-03   
9.7329E-03   -9.4827E-04   
7.7932E-03   -1.8108E-03   
4.8934E-03   -3.2944E-03   
7.3749E-03   -2.0149E-03   
3.4651E-03   -4.0141E-03   
9.3947E-03   -1.0864E-03   
8.5863E-03   -1.4381E-03   
8.1951E-03   -1.6195E-03   
3.4953E-03   -4.0103E-03   
6.9466E-03   -2.2288E-03   
6.5179E-03   -2.4474E-03   
1.0549E-02   -6.2611E-04   
1.0930E-02   -5.4310E-04   
3.6265E-03   -4.0391E-03   
3.5210E-03   -4.0186E-03   
3.2152E-03   -4.5337E-03   
3.5662E-03   -4.0273E-03   
1.0866E-02   -5.3521E-04   
3.3992E-03   -4.2318E-03   
4.2418E-03   -4.6676E-03   
1.0711E-02   -8.3927E-04   
3.1643E-03   -4.4266E-03   
1.0879E-02   -8.7902E-04   
1.0809E-02   -6.7239E-04   
1.1520E-02   -8.1887E-04   
3.8704E-03   -4.6974E-03   
5.1963E-03   -5.7141E-03   
4.3482E-03   -4.8883E-03   
1.2933E-02   -8.7997E-04   
1.2274E-02   -7.5065E-04   
1.5637E-02   -1.0453E-03   
3.6674E-03   -4.5729E-03   
4.6868E-03   -5.9843E-03   
1.4187E-02   -9.5911E-04   
1.6147E-02   -7.7761E-04   
4.7929E-03   -5.3409E-03   
4.1829E-03   -5.1066E-03   
4.4031E-03   -5.1988E-03   
1.4629E-02   -1.1620E-03   
1.0261E-02   -7.3544E-04   
5.8774E-03   -2.7674E-03   
5.4788E-03   -2.9781E-03   
3.8668E-03   -3.8198E-03   
9.2817E-03   -1.1225E-03   
1.0595E-02   -6.4337E-04   
4.2925E-03   -3.6026E-03   
7.5728E-03   -1.9014E-03   
9.9333E-03   -8.5693E-04   
7.9827E-03   -1.7041E-03   
9.5793E-03   -9.9890E-04   
4.6867E-03   -3.3966E-03   
7.1469E-03   -2.1122E-03   
6.2905E-03   -2.5507E-03   
6.7162E-03   -2.3305E-03   
3.8341E-03   -3.8492E-03   
8.7105E-03   -1.3698E-03   
8.3729E-03   -1.5220E-03   
3.9241E-03   -3.8633E-03   
3.8666E-03   -3.8568E-03   
3.4532E-03   -4.2702E-03   
3.6975E-03   -4.0560E-03   
1.0564E-02   -6.2899E-04   
4.0381E-03   -4.3838E-03   
1.0676E-02   -6.5771E-04   
1.0440E-02   -9.9972E-04   
3.9870E-03   -4.5273E-03   
1.0553E-02   -8.1023E-04   
1.1057E-02   -9.3038E-04   
1.3701E-02   -9.2180E-04   
1.1775E-02   -8.6920E-04   
4.5850E-03   -4.6706E-03   
3.4495E-03   -4.3561E-03   
3.3406E-03   -4.5601E-03   
1.3435E-02   -8.1640E-04   
1.2434E-02   -9.7322E-04   
4.6899E-03   -4.8805E-03   
5.2783E-03   -5.9073E-03   
5.4402E-03   -5.4414E-03   
4.3847E-03   -4.4752E-03   
1.4228E-02   -8.0192E-04   
1.5142E-02   -1.1777E-03   
1.6131E-02   -9.2059E-04   
1.6602E-02   -6.8911E-04   
4.8016E-03   -4.9787E-03   
5.3360E-03   -5.1664E-03   
9.4107E-03   -1.0665E-03   
5.2747E-03   -3.0872E-03   
5.6650E-03   -2.8791E-03   
1.0258E-02   -7.4918E-04   
8.5862E-03   -1.4233E-03   
8.1889E-03   -1.6050E-03   
9.7021E-03   -9.4865E-04   
6.0712E-03   -2.6640E-03   
7.7816E-03   -1.7976E-03   
7.3593E-03   -2.0036E-03   
4.8908E-03   -3.2922E-03   
6.9266E-03   -2.2206E-03   
6.4943E-03   -2.4427E-03   
4.1251E-03   -3.6944E-03   
4.1670E-03   -3.6871E-03   
4.2197E-03   -3.6876E-03   
3.9975E-03   -3.8739E-03   
3.7643E-03   -4.0866E-03   
4.4834E-03   -3.5093E-03   
1.0255E-02   -7.3490E-04   
1.0133E-02   -9.4056E-04   
9.0078E-03   -1.2358E-03   
1.0279E-02   -9.6534E-04   
4.0064E-03   -4.2932E-03   
3.6753E-03   -4.3623E-03   
5.1799E-03   -4.7363E-03   
1.0607E-02   -1.0449E-03   
3.8133E-03   -4.1389E-03   
1.0247E-02   -7.9130E-04   
4.8504E-03   -4.4233E-03   
1.1244E-02   -9.9914E-04   
4.5193E-03   -4.2647E-03   
1.2721E-02   -1.0259E-03   
1.3320E-02   -1.0723E-03   
1.2099E-02   -9.1704E-04   
1.7091E-02   -6.8671E-04   
5.6450E-03   -4.9143E-03   
5.3937E-03   -4.8254E-03   
5.8742E-03   -5.4626E-03   
1.4648E-02   -1.3324E-03   
5.4397E-03   -6.0973E-03   
1.5608E-02   -1.1998E-03   
1.6639E-02   -8.0754E-04   
9.6260E-03   -9.8770E-04   
5.4507E-03   -3.0045E-03   
5.0718E-03   -3.2066E-03   
8.4155E-03   -1.5105E-03   
9.9486E-03   -8.5533E-04   
8.0060E-03   -1.7010E-03   
5.8534E-03   -2.7902E-03   
7.5869E-03   -1.9024E-03   
6.2767E-03   -2.5671E-03   
7.1527E-03   -2.1174E-03   
4.5073E-03   -3.5174E-03   
6.7120E-03   -2.3412E-03   
4.2962E-03   -3.6887E-03   
9.2441E-03   -1.1464E-03   
9.8367E-03   -1.1080E-03   
4.7583E-03   -3.3733E-03   
4.1436E-03   -3.9360E-03   
4.3856E-03   -3.6980E-03   
4.2169E-03   -4.1050E-03   
8.8289E-03   -1.3246E-03   
1.0000E-02   -1.1322E-03   
1.2789E-02   -1.1632E-03   
9.9120E-03   -8.9114E-04   
1.0164E-02   -1.1683E-03   
4.4587E-03   -4.1308E-03   
1.0760E-02   -1.1077E-03   
1.1527E-02   -1.0593E-03   
9.9934E-03   -9.3012E-04   
6.0074E-03   -4.6509E-03   
4.9123E-03   -4.2347E-03   
5.4590E-03   -4.2346E-03   
1.3153E-02   -9.7688E-04   
1.7265E-02   -8.3664E-04   
5.7738E-03   -4.5516E-03   
1.1902E-02   -1.1061E-03   
1.3212E-02   -1.2271E-03   
1.4151E-02   -1.5294E-03   
6.0010E-03   -4.9792E-03   
6.1148E-03   -5.1763E-03   
1.3982E-02   -1.3428E-03   
1.7463E-02   -5.7439E-04   
1.6133E-02   -1.0673E-03   
4.7119E-03   -6.3839E-03   
4.9062E-03   -4.6915E-03   
5.2216E-03   -3.1491E-03   
4.8479E-03   -3.3446E-03   
8.2477E-03   -1.6115E-03   
9.5132E-03   -1.0596E-03   
7.8298E-03   -1.8093E-03   
6.0548E-03   -2.7080E-03   
4.5835E-03   -3.5088E-03   
7.3947E-03   -2.0218E-03   
4.4746E-03   -3.7247E-03   
6.4971E-03   -2.4768E-03   
4.1969E-03   -3.9991E-03   
6.9463E-03   -2.2464E-03   
8.6622E-03   -1.4221E-03   
4.6878E-03   -3.5006E-03   
9.5346E-03   -1.2916E-03   
9.8549E-03   -9.4403E-04   
9.0719E-03   -1.2421E-03   
9.6959E-03   -1.0889E-03   
9.7673E-03   -1.2844E-03   
1.0335E-02   -1.2127E-03   
6.4274E-03   -4.3669E-03   
5.0939E-03   -4.0248E-03   
5.6688E-03   -4.2928E-03   
5.2699E-03   -4.1833E-03   
1.2164E-02   -1.3395E-03   
1.6055E-02   -1.2136E-03   
6.2618E-03   -5.5105E-03   
4.7267E-03   -3.9009E-03   
5.4722E-03   -4.4975E-03   
1.1732E-02   -1.3042E-03   
1.3644E-02   -1.2425E-03   
1.7662E-02   -6.6369E-04   
1.6767E-02   -1.0911E-03   
1.4332E-02   -1.6822E-03   
6.8274E-03   -4.9646E-03   
5.3163E-03   -6.3817E-03   
1.1309E-02   -1.2714E-03   
4.2685E-03   -6.3617E-03   
8.0870E-03   -1.7245E-03   
9.5924E-03   -1.0726E-03   
8.5037E-03   -1.5300E-03   
7.6557E-03   -1.9326E-03   
6.2781E-03   -2.6292E-03   
4.9684E-03   -3.3150E-03   
3.8667E-03   -4.1932E-03   
4.5450E-03   -3.7785E-03   
8.9157E-03   -1.3443E-03   
4.8135E-03   -3.5008E-03   
9.3732E-03   -1.2706E-03   
5.6260E-03   -2.9350E-03   
6.7398E-03   -2.3906E-03   
6.1500E-03   -4.2393E-03   
5.7361E-03   -4.0034E-03   
9.8550E-03   -1.3491E-03   
5.4235E-03   -4.0041E-03   
4.5989E-03   -3.8540E-03   
4.9063E-03   -3.9129E-03   
4.8515E-03   -4.0286E-03   
6.0863E-03   -4.0285E-03   
6.6043E-03   -4.5129E-03   
1.2614E-02   -1.3867E-03   
1.5506E-02   -1.3890E-03   
1.1554E-02   -1.5142E-03   
8.9749E-03   -1.4942E-03   
1.0718E-02   -1.4701E-03   
1.3152E-02   -1.4411E-03   
6.9336E-03   -5.2972E-03   
5.7037E-03   -5.6771E-03   
1.1141E-02   -1.4834E-03   
1.4137E-02   -1.1291E-03   
7.1925E-03   -5.0257E-03   
6.5299E-03   -4.9045E-03   
1.4973E-02   -1.6274E-03   
1.3671E-02   -1.7556E-03   
8.3544E-03   -1.6459E-03   
7.9473E-03   -1.8422E-03   
9.2276E-03   -1.2551E-03   
4.9198E-03   -3.5355E-03   
9.2626E-03   -1.1911E-03   
8.7657E-03   -1.4567E-03   
7.4996E-03   -2.0642E-03   
5.1232E-03   -3.2858E-03   
6.5309E-03   -2.5506E-03   
7.0122E-03   -2.3066E-03   
6.2746E-03   -3.7775E-03   
5.9429E-03   -3.7777E-03   
5.3853E-03   -3.0991E-03   
4.9690E-03   -3.7127E-03   
4.9619E-03   -3.6198E-03   
5.2203E-03   -3.6856E-03   
5.8251E-03   -2.8675E-03   
1.0119E-02   -1.3936E-03   
8.6538E-03   -1.7200E-03   
1.0565E-02   -1.6767E-03   
5.3040E-03   -3.7948E-03   
1.0214E-02   -1.5300E-03   
7.0887E-03   -4.6974E-03   
1.1967E-02   -1.5594E-03   
7.1103E-03   -4.2099E-03   
5.5885E-03   -5.2353E-03   
7.6180E-03   -5.0613E-03   
9.4577E-03   -1.5761E-03   
1.0954E-02   -1.6997E-03   
6.7282E-03   -3.8913E-03   
7.4826E-03   -4.7543E-03   
6.6168E-03   -5.5865E-03   
1.3889E-02   -1.9031E-03   
1.5674E-02   -1.5752E-03   
8.2403E-03   -1.7491E-03   
8.6198E-03   -1.5772E-03   
6.0617E-03   -2.7952E-03   
5.3411E-03   -3.4994E-03   
6.8125E-03   -2.4750E-03   
5.8531E-03   -3.5533E-03   
5.3430E-03   -3.2525E-03   
8.8441E-03   -1.7650E-03   
5.5916E-03   -3.0437E-03   
5.4282E-03   -3.3307E-03   
1.0507E-02   -1.2400E-03   
7.3291E-03   -2.2224E-03   
8.9902E-03   -1.4068E-03   
6.1581E-03   -3.5430E-03   
1.0374E-02   -1.8957E-03   
6.4862E-03   -3.5381E-03   
1.0239E-02   -1.6664E-03   
5.0579E-03   -5.4052E-03   
8.1821E-03   -5.0597E-03   
1.1343E-02   -1.7393E-03   
5.9201E-03   -5.7799E-03   
7.4926E-03   -3.6779E-03   
7.2979E-03   -4.3994E-03   
9.6229E-03   -1.6693E-03   
1.2391E-02   -1.6190E-03   
7.0099E-03   -5.6736E-03   
7.6275E-03   -3.8849E-03   
7.7904E-03   -4.4612E-03   
7.3873E-03   -5.3485E-03   
1.3199E-02   -1.9980E-03   
6.6079E-03   -3.7670E-03   
1.6418E-02   -1.5043E-03   
6.3307E-03   -2.7201E-03   
6.3831E-03   -3.2972E-03   
7.8935E-03   -1.9461E-03   
5.8633E-03   -2.9663E-03   
8.2537E-03   -1.9666E-03   
6.8258E-03   -3.5447E-03   
5.6268E-03   -3.5539E-03   
1.1113E-02   -1.9765E-03   
7.1041E-03   -2.4131E-03   
6.7046E-03   -3.2905E-03   
5.7410E-03   -3.1010E-03   
9.0119E-03   -1.8451E-03   
1.0739E-02   -1.9309E-03   
8.4259E-03   -1.7257E-03   
5.6996E-03   -3.4087E-03   
9.7541E-03   -1.7845E-03   
6.1735E-03   -4.7533E-03   
7.1413E-03   -3.5893E-03   
7.8021E-03   -4.0507E-03   
8.1009E-03   -4.1576E-03   
8.2587E-03   -4.5444E-03   
8.9262E-03   -4.7468E-03   
1.3442E-02   -2.1752E-03   
6.5583E-03   -5.9915E-03   
1.2125E-02   -1.8598E-03   
1.6925E-02   -1.2828E-03   
6.6084E-03   -2.6560E-03   
6.1450E-03   -2.8908E-03   
7.6886E-03   -2.1506E-03   
6.9276E-03   -3.0409E-03   
8.4036E-03   -2.0414E-03   
9.9423E-03   -1.8957E-03   
9.1741E-03   -1.9415E-03   
7.0536E-03   -3.2879E-03   
1.0519E-02   -2.1722E-03   
1.0156E-02   -2.1296E-03   
1.2548E-02   -2.0694E-03   
1.1500E-02   -2.0369E-03   
8.8047E-03   -3.9218E-03   
8.3006E-03   -3.7464E-03   
6.0565E-03   -3.3294E-03   
1.2768E-02   -1.7092E-03   
1.4487E-02   -1.8104E-03   
1.2738E-02   -2.4988E-03   
8.9596E-03   -4.5015E-03   
8.9478E-03   -4.9978E-03   
9.0552E-03   -4.2459E-03   
7.8046E-03   -3.3471E-03   
7.3510E-03   -5.8015E-03   
1.7123E-02   -1.4364E-03   
6.4024E-03   -2.8466E-03   
8.1819E-03   -1.8983E-03   
6.1670E-03   -3.1445E-03   
7.3292E-03   -2.3940E-03   
9.8650E-03   -2.4227E-03   
7.7668E-03   -2.2665E-03   
6.8799E-03   -2.6136E-03   
8.5660E-03   -2.1336E-03   
7.2707E-03   -3.0280E-03   
9.4390E-03   -2.1732E-03   
7.6630E-03   -3.0201E-03   
9.5705E-03   -2.3057E-03   
1.3019E-02   -1.8385E-03   
1.0897E-02   -2.2172E-03   
1.1922E-02   -2.1147E-03   
1.4997E-02   -1.8418E-03   
8.1661E-03   -3.5745E-03   
1.2477E-02   -1.9163E-03   
8.1316E-03   -3.3991E-03   
1.2041E-02   -2.3071E-03   
6.6267E-03   -3.0265E-03   
8.1512E-03   -3.0113E-03   
9.2802E-03   -3.9641E-03   
1.2075E-02   -2.5143E-03   
1.3458E-02   -2.3759E-03   
8.4045E-03   -3.8992E-03   
9.5677E-03   -4.2441E-03   
9.4979E-03   -4.6945E-03   
6.8311E-03   -6.0985E-03   
6.6492E-03   -2.8440E-03   
7.8654E-03   -2.7510E-03   
7.2076E-03   -2.5510E-03   
7.9790E-03   -2.3271E-03   
8.6593E-03   -3.2897E-03   
7.4695E-03   -2.7821E-03   
9.1691E-03   -2.5899E-03   
1.0386E-02   -2.3792E-03   
1.0152E-02   -4.5232E-03   
1.1502E-02   -2.5438E-03   
5.9469E-03   -3.0720E-03   
8.5487E-03   -3.1014E-03   
1.1252E-02   -2.2840E-03   
8.7672E-03   -2.2175E-03   
8.9325E-03   -2.4676E-03   
9.5446E-03   -3.6728E-03   
6.6554E-03   -6.3458E-03   
9.7875E-03   -3.9967E-03   
1.2033E-02   -2.7148E-03   
1.3928E-02   -2.2057E-03   
9.3415E-03   -2.0430E-03   
5.7908E-03   -3.2460E-03   
7.1351E-03   -2.8301E-03   
8.2830E-03   -2.7416E-03   
7.5474E-03   -2.5980E-03   
1.0643E-02   -2.4662E-03   
8.4822E-03   -2.4834E-03   
8.7566E-03   -2.8427E-03   
7.5196E-03   -2.4899E-03   
1.1560E-02   -2.9714E-03   
7.1090E-03   -2.7212E-03   
1.4518E-02   -2.1159E-03   
1.1466E-02   -2.7701E-03   
9.0294E-03   -3.6180E-03   
8.6554E-03   -2.7299E-03   
1.0607E-02   -4.2209E-03   
5.9042E-03   -6.6218E-03   
8.9904E-03   -2.2745E-03   
9.4812E-03   -3.2815E-03   
1.0015E-02   -2.6198E-03   
1.0298E-02   -2.7714E-03   
9.8806E-03   -3.3584E-03   
1.1768E-02   -3.1512E-03   
9.0675E-03   -3.0505E-03   
1.0338E-02   -4.0436E-03   
1.0847E-02   -4.3547E-03   
1.0173E-02   -3.0546E-03   
9.2309E-03   -3.1685E-03   
1.1488E-02   -4.3333E-03   
1.0299E-02   -3.4434E-03   
1.1546E-02   -2.3554E-03   
1.2572E-02   -2.9964E-03   
1.1023E-02   -3.2761E-03   
9.6079E-03   -2.9046E-03   
1.0866E-02   -2.7928E-03   
9.9995E-03   -3.7267E-03   
1.1164E-02   -3.4662E-03   
1.3191E-02   -2.6431E-03   
1.2170E-02   -3.9919E-03   
1.0596E-02   -3.5320E-03   
9.7572E-03   -3.0354E-03   
1.1135E-02   -3.7136E-03   
1.1766E-02   -3.7039E-03   
1.2579E-02   -3.4267E-03   
1.2872E-02   -3.1349E-03   
1.2353E-02   -3.7273E-03   
6.0622E-04   -7.8701E-03   
1.1067E-02   -3.9433E-03   
1.0434E-02   -4.6736E-03   
1.8190E-02   -6.5758E-04   
1.3677E-03   -6.6031E-03   
1.9845E-02   -9.8053E-05   
1.7836E-02   -1.3660E-03   
1.1014E-03   -7.9606E-03   
5.2712E-03   -6.6378E-03   
1.2430E-02   -4.1417E-03   
1.8497E-02   -3.5019E-04   
1.6832E-03   -7.8916E-03   
5.9205E-03   -6.1380E-03   
2.3904E-03   -7.7929E-03   
3.1127E-03   -7.6852E-03   
3.8338E-03   -7.5560E-03   
4.5777E-03   -7.4082E-03   
2.0480E-02   -8.9718E-05   
5.3374E-03   -7.2455E-03   
6.1344E-03   -7.0582E-03   
1.7373E-02   -1.1142E-03   
6.9559E-03   -6.8644E-03   
2.1134E-02   -8.6471E-05   
7.7903E-03   -6.6612E-03   
8.6487E-03   -6.4497E-03   
1.3301E-02   -2.8683E-03   
9.6176E-03   -6.1969E-03   
2.1823E-02   -8.0189E-05   
1.5143E-02   -1.3142E-03   
1.0392E-02   -6.0787E-03   
7.7642E-03   -4.8366E-03   
4.0094E-03   -7.0139E-03   
1.7499E-02   -9.7124E-04   
1.1293E-02   -5.7864E-03   
1.2306E-02   -5.5792E-03   
2.2532E-02   -7.0993E-05   
1.3250E-02   -5.3669E-03   
8.2156E-03   -5.6074E-03   
1.4298E-02   -5.1093E-03   
1.5115E-02   -4.9899E-03   
2.3268E-02   -6.1672E-05   
1.6062E-02   -4.6908E-03   
1.7131E-02   -4.4380E-03   
1.7702E-03   -7.4987E-03   
1.8133E-02   -4.1666E-03   
2.4116E-02   -5.5748E-05   
1.8752E-02   -2.1843E-04   
8.7787E-03   -5.2801E-03   
1.9218E-02   -3.8245E-03   
2.0254E-02   -3.5169E-03   
1.6639E-02   -1.6326E-03   
2.5060E-02   -3.0230E-05   
1.5175E-02   -2.0109E-03   
1.3974E-02   -2.3685E-03   
2.2293E-02   -2.7559E-03   
2.6074E-02   -4.3735E-04   
2.6261E-02   -4.3591E-04   
2.6160E-02   -1.2411E-04   
2.6238E-02   -5.1851E-05   
2.6099E-02   -2.7787E-04   
7.1612E-03   -6.3872E-03   
2.4574E-02   -1.5952E-03   
2.0506E-03   -7.6448E-03   
1.5689E-02   -2.0475E-03   
1.4776E-02   -2.2906E-03   
3.6067E-03   -7.2600E-03   
1.3845E-02   -2.8577E-03   
4.6573E-03   -6.8922E-03   
1.8681E-02   -5.5354E-04   
1.3058E-02   -3.4712E-03   
1.8327E-02   -1.1510E-03   
5.1697E-03   -6.9047E-03   
9.1993E-03   -5.3807E-03   
3.5478E-03   -7.4403E-03   
1.0170E-02   -5.0111E-03   
5.0449E-03   -7.1370E-03   
1.6475E-02   -1.8318E-03   
1.7837E-02   -4.0053E-03   
1.2976E-02   -5.2020E-03   
6.6723E-03   -6.7235E-03   
8.4557E-03   -5.7623E-03   
8.3540E-03   -6.3092E-03   
8.1545E-03   -6.1022E-03   
2.1454E-02   -1.6853E-04   
1.3331E-02   -3.9602E-03   
1.9055E-02   -3.1320E-04   
1.8057E-02   -1.4922E-03   
2.0190E-02   -1.7462E-04   
2.4012E-02   -1.2033E-04   
1.1844E-02   -4.4714E-03   
1.4626E-02   -4.7935E-03   
1.7788E-02   -7.4159E-04   
1.8039E-02   -1.0084E-03   
1.3362E-02   -3.0038E-03   
9.7166E-03   -4.7808E-03   
2.5629E-02   -1.2097E-05   
2.1313E-02   -3.1386E-03   
9.8822E-03   -5.8978E-03   
1.9458E-02   -3.5141E-03   
2.6292E-02   -2.9548E-04   
2.6411E-02   -2.7183E-05   
2.6372E-02   -7.6251E-05   
2.6321E-02   -1.7855E-04   
1.6170E-02   -4.3875E-03   
1.1362E-02   -5.4720E-03   
2.2854E-02   -1.3314E-04   
2.3208E-02   -2.0034E-03   
2.5170E-02   -8.8164E-05   
2.4455E-02   -1.4571E-03   
2.5005E-02   -6.3976E-04   
2.5287E-02   -1.2311E-04   
2.5160E-02   -2.7540E-04   
2.4848E-02   -9.9568E-04   
1.6336E-02   -2.0713E-03   
1.2773E-02   -5.0265E-03   
1.8881E-02   -4.2966E-04   
1.9528E-02   -3.6009E-04   
2.1070E-02   -2.6856E-04   
2.2889E-03   -7.4449E-03   
1.1566E-02   -4.8014E-03   
1.4628E-02   -2.6007E-03   
8.8884E-03   -6.0032E-03   
1.8801E-02   -6.7991E-04   
2.2456E-02   -2.1936E-04   
2.0972E-02   -3.0524E-03   
6.4432E-03   -6.5986E-03   
1.2082E-02   -5.1729E-03   
9.6117E-03   -5.7938E-03   
1.4417E-02   -4.6506E-03   
1.0717E-02   -5.0038E-03   
1.7120E-02   -4.0253E-03   
1.3879E-02   -3.3147E-03   
1.0538E-02   -5.5464E-03   
1.7828E-02   -1.7186E-03   
1.8563E-02   -1.2915E-03   
1.5371E-02   -4.4405E-03   
1.4001E-02   -3.5799E-03   
2.3253E-02   -1.8657E-04   
1.3607E-02   -4.1567E-03   
2.1761E-02   -2.4321E-04   
1.0008E-02   -5.3009E-03   
1.8582E-02   -8.4489E-04   
1.3584E-02   -4.8429E-03   
1.4407E-02   -2.9356E-03   
2.0268E-02   -2.8814E-04   
1.8798E-02   -9.5423E-04   
2.3974E-02   -9.7483E-04   
2.4371E-02   -2.1173E-04   
2.4224E-02   -4.4403E-04   
2.4513E-02   -1.2308E-04   
1.7019E-02   -1.8551E-03   
2.1901E-02   -2.5287E-03   
2.3413E-02   -1.6606E-03   
2.5114E-02   -2.2830E-04   
2.4902E-02   -8.5285E-04   
2.4927E-02   -4.4254E-04   
2.4825E-02   -5.3488E-04   
1.3337E-02   -4.6803E-03   
1.0020E-02   -5.5084E-03   
2.2712E-02   -2.8294E-04   
2.0211E-02   -3.2099E-03   
1.1593E-02   -5.1156E-03   
1.4217E-02   -3.7915E-03   
1.3050E-02   -4.5263E-03   
1.9325E-02   -1.2058E-03   
1.9989E-02   -4.1684E-04   
1.6397E-02   -4.0669E-03   
2.1410E-02   -3.3418E-04   
2.4138E-02   -5.9711E-04   
2.4446E-02   -3.0670E-04   
1.9527E-02   -8.8111E-04   
1.6205E-02   -2.3303E-03   
1.9485E-02   -6.3505E-04   
1.5332E-02   -2.6160E-03   
2.3925E-02   -7.8526E-04   
2.2209E-02   -2.0897E-03   
1.8480E-02   -1.6950E-03   
1.8096E-02   -3.6519E-03   
1.4675E-02   -3.2443E-03   
1.2273E-02   -4.7413E-03   
1.5002E-02   -4.2992E-03   
1.7983E-02   -1.8766E-03   
2.3959E-02   -1.8880E-04   
2.1719E-02   -2.4173E-03   
2.3550E-02   -1.3156E-03   
1.6574E-02   -3.7282E-03   
1.5573E-02   -3.1136E-03   
1.7859E-02   -2.0950E-03   
1.9223E-02   -1.5764E-03   
1.5588E-02   -3.9463E-03   
1.3892E-02   -4.3288E-03   
2.2959E-02   -3.3697E-04   
2.1202E-02   -2.4650E-03   
2.1472E-02   -4.4150E-04   
2.2286E-02   -3.8744E-04   
1.4736E-02   -4.1396E-03   
1.9986E-02   -6.9166E-04   
2.0043E-02   -5.3301E-04   
1.9807E-02   -9.9682E-04   
1.4545E-02   -3.1011E-03   
1.5029E-02   -3.6391E-03   
1.9628E-02   -1.3214E-03   
1.8336E-02   -3.3440E-03   
1.6904E-02   -2.3380E-03   
1.6065E-02   -2.6000E-03   
1.5498E-02   -3.3650E-03   
1.8648E-02   -1.9697E-03   
1.9147E-02   -1.7713E-03   
1.8823E-02   -3.5794E-03   
2.0094E-02   -1.1035E-03   
1.5301E-02   -3.7945E-03   
2.3622E-02   -2.8083E-04   
2.0687E-02   -5.5347E-04   
2.0259E-02   -8.1550E-04   
2.0141E-02   -2.8496E-03   
2.1234E-02   -5.8928E-04   
1.6021E-02   -2.8154E-03   
1.7433E-02   -2.3678E-03   
1.9319E-02   -1.9120E-03   
1.5810E-02   -3.4692E-03   
2.1035E-02   -7.3752E-04   
2.1677E-02   -2.1079E-03   
1.9962E-02   -1.3906E-03   
2.0855E-02   -9.9533E-04   
1.9762E-02   -3.2110E-03   
2.2618E-02   -4.4015E-04   
1.6529E-02   -2.8557E-03   
1.7395E-02   -2.5748E-03   
2.3916E-02   -3.2353E-04   
2.0625E-02   -1.2928E-03   
2.3053E-02   -4.7551E-04   
1.6650E-02   -3.2603E-03   
2.1185E-02   -8.4099E-04   
2.2231E-02   -5.6525E-04   
2.1137E-02   -1.0738E-03   
1.8148E-02   -2.5229E-03   
2.1629E-02   -6.2123E-04   
1.9030E-02   -2.2129E-03   
2.0316E-02   -1.6851E-03   
2.1754E-02   -8.4972E-04   
2.0652E-02   -1.8063E-03   
1.6943E-02   -3.3865E-03   
1.9731E-02   -2.1646E-03   
1.7224E-02   -2.8837E-03   
1.8844E-02   -2.4871E-03   
2.2419E-02   -6.4276E-04   
2.3815E-02   -4.3291E-04   
2.1221E-02   -1.7908E-03   
2.0464E-02   -2.0815E-03   
2.2638E-02   -7.1333E-04   
1.7535E-02   -3.0640E-03   
1.8521E-02   -2.8143E-03   
2.2254E-02   -8.5921E-04   
2.2063E-02   -1.5907E-03   
2.0396E-02   -2.3212E-03   
2.3405E-02   -5.8659E-04   
2.2225E-02   -9.7226E-04   
2.2015E-02   -1.8032E-03   
2.3752E-02   -6.1201E-04   
2.1191E-02   -2.1305E-03   
2.1420E-02   -1.1485E-03   
2.0909E-02   -1.3909E-03   
2.1284E-02   -1.4673E-03   
2.2225E-02   -1.2314E-03   
