51 
1844 
4.3276E-03   -4.7897E-03   
8.2313E-03   -4.0541E-03   
1.1324E-02   -2.9264E-03   
1.3310E-02   -1.5282E-03   
6.4334E-37   -5.0203E-03   
1.3980E-02   -3.3087E-37   
1.4293E-02   -6.6867E-35   
1.4805E-02   -6.5468E-37   
1.5929E-02   2.7855E-35   
1.6946E-02   4.0950E-35   
1.8240E-02   8.6950E-35   
1.9818E-02   1.1988E-34   
2.1033E-02   1.4512E-34   
2.3099E-02   2.2070E-34   
2.4638E-02   2.6764E-34   
2.6303E-02   2.3452E-34   
2.7181E-02   3.6337E-34   
2.9025E-02   5.3844E-34   
3.0981E-02   7.8381E-34   
3.2000E-02   -4.9384E-30   
3.2000E-02   -4.1351E-34   
3.2000E-02   -4.1351E-34   
3.2000E-02   -4.1351E-34   
3.2000E-02   -4.1351E-34   
3.2000E-02   -4.1351E-34   
3.2000E-02   -4.1351E-34   
3.2000E-02   -4.1351E-34   
3.2000E-02   -4.1351E-34   
3.2000E-02   -4.1351E-34   
3.2000E-02   -4.1351E-34   
3.2000E-02   -4.1351E-34   
3.2000E-02   -4.1351E-34   
3.0065E-02   -1.3850E-03   
2.6910E-02   -3.1610E-03   
2.5580E-02   -3.7719E-03   
2.4310E-02   -4.2760E-03   
2.1864E-02   -5.0875E-03   
2.0673E-02   -5.4272E-03   
1.8329E-02   -6.0253E-03   
1.7178E-02   -6.2990E-03   
1.4912E-02   -6.8198E-03   
1.2709E-02   -7.3237E-03   
1.1636E-02   -7.5743E-03   
9.5567E-03   -8.0659E-03   
7.5817E-03   -8.5346E-03   
6.6362E-03   -8.7528E-03   
4.8318E-03   -9.1415E-03   
3.1359E-03   -9.4391E-03   
1.5329E-03   -9.6239E-03   
8.9332E-37   -9.6794E-03   
7.8554E-34   -9.1703E-03   
8.2653E-34   -8.6843E-03   
7.7877E-34   -8.0394E-03   
7.3829E-34   -7.6690E-03   
6.5002E-34   -7.0653E-03   
5.9297E-34   -6.7214E-03   
5.3412E-34   -6.3862E-03   
4.8537E-34   -6.1158E-03   
4.7481E-34   -5.8793E-03   
3.2802E-03   -5.1124E-03   
3.0747E-02   -1.2252E-04   
2.9432E-02   -2.5613E-04   
2.7532E-02   -4.4281E-04   
2.5974E-02   -6.0229E-04   
2.4466E-02   -8.0090E-04   
2.2766E-02   -9.1932E-04   
2.1374E-02   -9.6782E-04   
1.9654E-02   -1.1168E-03   
1.7947E-02   -1.2087E-03   
1.6249E-02   -1.2895E-03   
1.4565E-02   -1.3615E-03   
1.2811E-02   -1.4767E-03   
1.1007E-02   -1.7689E-03   
8.5412E-03   -2.5528E-03   
6.0285E-03   -3.7751E-03   
8.9473E-03   -2.9745E-03   
1.0667E-02   -1.4803E-03   
1.2335E-02   -9.3797E-04   
1.3913E-02   -7.9398E-04   
1.5430E-02   -7.7438E-04   
1.6872E-02   -7.8161E-04   
1.8519E-02   -7.1712E-04   
2.0051E-02   -6.6513E-04   
2.1478E-02   -5.9800E-04   
2.2950E-02   -6.0208E-04   
2.4553E-02   -4.7700E-04   
2.6094E-02   -3.7622E-04   
2.7602E-02   -3.0290E-04   
2.9199E-02   -1.7602E-04   
3.0585E-02   -7.4237E-05   
1.3093E-02   -6.6198E-04   
1.3897E-02   -3.1313E-04   
1.4815E-02   -2.9431E-04   
1.6086E-02   -3.0216E-04   
1.7302E-02   -3.0767E-04   
1.8801E-02   -3.2410E-04   
2.0141E-02   -3.3275E-04   
2.1472E-02   -3.2543E-04   
2.3185E-02   -2.6162E-04   
2.4618E-02   -2.1152E-04   
2.6239E-02   -1.8164E-04   
2.7833E-02   -1.3110E-04   
2.9389E-02   -8.6033E-05   
3.0819E-02   -2.8085E-05   
3.0511E-02   -1.9031E-04   
2.9089E-02   -4.0144E-04   
2.7347E-02   -6.7363E-04   
2.5739E-02   -8.4196E-04   
2.4347E-02   -1.0823E-03   
2.2600E-02   -1.2756E-03   
2.0876E-02   -1.4502E-03   
1.9242E-02   -1.5861E-03   
1.7544E-02   -1.7516E-03   
1.5951E-02   -1.8960E-03   
1.3908E-02   -2.1227E-03   
1.1727E-02   -2.4577E-03   
9.5853E-03   -2.9192E-03   
7.3420E-03   -3.5850E-03   
4.8336E-03   -4.6138E-03   
2.4043E-03   -5.5988E-03   
3.0421E-02   -2.8224E-04   
2.9213E-02   -5.1280E-04   
2.7142E-02   -9.1347E-04   
2.5785E-02   -1.1647E-03   
2.4164E-02   -1.4158E-03   
2.2215E-02   -1.7397E-03   
2.0491E-02   -1.9169E-03   
1.8818E-02   -2.1042E-03   
1.6850E-02   -2.3765E-03   
1.5008E-02   -2.6769E-03   
1.3056E-02   -3.0029E-03   
1.1005E-02   -3.3044E-03   
8.8016E-03   -3.9134E-03   
6.6555E-03   -4.4918E-03   
4.3257E-03   -5.3138E-03   
2.0616E-03   -6.0295E-03   
3.0863E-02   -2.4674E-04   
2.8673E-02   -7.7086E-04   
2.7426E-02   -1.0434E-03   
2.5905E-02   -1.4039E-03   
2.3635E-02   -1.8631E-03   
2.2019E-02   -2.1690E-03   
2.0339E-02   -2.4197E-03   
1.8353E-02   -2.7526E-03   
1.6543E-02   -3.0783E-03   
1.4589E-02   -3.3511E-03   
1.2748E-02   -3.6673E-03   
1.0441E-02   -4.0863E-03   
8.2038E-03   -4.7915E-03   
6.1162E-03   -5.2966E-03   
4.1562E-03   -5.9334E-03   
2.0437E-03   -6.4398E-03   
3.0162E-02   -5.0470E-04   
2.8878E-02   -8.8844E-04   
2.7324E-02   -1.3473E-03   
2.5758E-02   -1.7893E-03   
2.3488E-02   -2.3188E-03   
2.1664E-02   -2.6495E-03   
1.9811E-02   -3.0737E-03   
1.8036E-02   -3.4557E-03   
1.5917E-02   -3.7438E-03   
1.4194E-02   -3.9963E-03   
1.2441E-02   -4.4437E-03   
1.0115E-02   -4.9947E-03   
7.8451E-03   -5.5749E-03   
5.8598E-03   -6.0701E-03   
3.7480E-03   -6.5788E-03   
1.9575E-03   -6.9043E-03   
3.0550E-02   -5.3411E-04   
2.8805E-02   -1.1773E-03   
2.7375E-02   -1.6159E-03   
2.5137E-02   -2.3196E-03   
2.3166E-02   -2.9077E-03   
2.1407E-02   -3.2636E-03   
1.9225E-02   -3.7399E-03   
1.7589E-02   -4.0873E-03   
1.5466E-02   -4.4258E-03   
1.3615E-02   -4.7842E-03   
1.1518E-02   -5.2458E-03   
9.8082E-03   -5.6784E-03   
7.7494E-03   -6.2088E-03   
5.7086E-03   -6.6868E-03   
3.7289E-03   -7.1235E-03   
1.7531E-03   -7.4370E-03   
3.0303E-02   -7.2012E-04   
2.8390E-02   -1.4993E-03   
2.7054E-02   -1.9796E-03   
2.4456E-02   -2.9178E-03   
2.2884E-02   -3.3797E-03   
2.1095E-02   -3.8823E-03   
1.9135E-02   -4.2675E-03   
1.7155E-02   -4.7049E-03   
1.4959E-02   -5.1993E-03   
1.3123E-02   -5.5761E-03   
1.1322E-02   -5.9454E-03   
9.4466E-03   -6.3988E-03   
7.3840E-03   -6.9740E-03   
5.6282E-03   -7.3056E-03   
3.6406E-03   -7.7171E-03   
1.8070E-03   -7.9563E-03   
3.0449E-02   -8.5623E-04   
2.8811E-02   -1.6516E-03   
2.6613E-02   -2.5538E-03   
2.4690E-02   -3.3556E-03   
2.2609E-02   -3.8525E-03   
2.0599E-02   -4.3734E-03   
1.8686E-02   -4.8671E-03   
1.6771E-02   -5.3263E-03   
1.4855E-02   -5.7751E-03   
1.2749E-02   -6.1698E-03   
1.0887E-02   -6.7469E-03   
8.9342E-03   -7.1342E-03   
7.1780E-03   -7.4928E-03   
5.3520E-03   -7.9213E-03   
3.4715E-03   -8.3083E-03   
1.9291E-03   -8.4646E-03   
2.9998E-02   -1.2991E-03   
2.7997E-02   -2.4499E-03   
2.6331E-02   -3.1062E-03   
2.3733E-02   -4.0617E-03   
2.2162E-02   -4.5258E-03   
1.9980E-02   -5.1143E-03   
1.8087E-02   -5.6193E-03   
1.6401E-02   -5.9276E-03   
1.4371E-02   -6.3751E-03   
1.2455E-02   -6.9138E-03   
1.0847E-02   -7.2436E-03   
8.9010E-03   -7.7183E-03   
6.8974E-03   -8.1801E-03   
5.1113E-03   -8.5402E-03   
3.4044E-03   -8.8491E-03   
1.5230E-03   -9.1535E-03   
5.4349E-04   -5.0372E-03   
1.0938E-03   -5.0271E-03   
1.6413E-03   -5.0077E-03   
2.1872E-03   -4.9807E-03   
2.7295E-03   -4.9453E-03   
3.2678E-03   -4.9015E-03   
3.8008E-03   -4.8495E-03   
4.8476E-03   -4.7226E-03   
5.3599E-03   -4.6481E-03   
5.8639E-03   -4.5664E-03   
6.3587E-03   -4.4776E-03   
6.8436E-03   -4.3818E-03   
7.3178E-03   -4.2792E-03   
7.7807E-03   -4.1699E-03   
8.6690E-03   -3.9321E-03   
9.0930E-03   -3.8042E-03   
9.5026E-03   -3.6707E-03   
9.8985E-03   -3.5318E-03   
1.0279E-02   -3.3879E-03   
1.0644E-02   -3.2386E-03   
1.0993E-02   -3.0847E-03   
1.1638E-02   -2.7641E-03   
1.1934E-02   -2.5977E-03   
1.2212E-02   -2.4274E-03   
1.2470E-02   -2.2536E-03   
1.2710E-02   -2.0765E-03   
1.2930E-02   -1.8964E-03   
1.3130E-02   -1.7136E-03   
1.3469E-02   -1.3405E-03   
1.3607E-02   -1.1505E-03   
1.3724E-02   -9.5821E-04   
1.3812E-02   -7.6430E-04   
1.3900E-02   -5.7390E-04   
1.3941E-02   -3.8535E-04   
1.3982E-02   -1.8709E-04   
1.4072E-02   -3.3137E-34   
1.4123E-02   -3.0833E-34   
1.4163E-02   -2.2801E-34   
1.4201E-02   -1.2053E-34   
1.4242E-02   -9.0310E-35   
1.4356E-02   -4.7831E-35   
1.4437E-02   -3.2334E-35   
1.4537E-02   -1.9704E-35   
1.4659E-02   -9.3154E-36   
1.4975E-02   6.5941E-36   
1.5172E-02   1.2693E-35   
1.5396E-02   1.7997E-35   
1.5648E-02   2.2945E-35   
1.6238E-02   3.2288E-35   
1.6577E-02   3.6679E-35   
1.7346E-02   4.5694E-35   
1.7777E-02   5.0568E-35   
1.8734E-02   9.1569E-35   
1.9260E-02   6.8834E-35   
2.0409E-02   1.2966E-34   
2.1689E-02   1.6788E-34   
2.2378E-02   1.8953E-34   
2.3853E-02   2.2842E-34   
2.5455E-02   3.0534E-34   
2.8089E-02   4.5627E-34   
2.9989E-02   4.7769E-34   
3.2000E-02   -4.1351E-34   
3.2000E-02   -4.1351E-34   
3.2000E-02   -4.1351E-34   
3.2000E-02   -4.1351E-34   
3.2000E-02   -4.1351E-34   
2.8344E-02   -2.4285E-03   
2.3076E-02   -4.7088E-03   
1.9495E-02   -5.7366E-03   
1.6038E-02   -6.5628E-03   
1.3802E-02   -7.0731E-03   
1.0584E-02   -7.8215E-03   
8.5555E-03   -8.3046E-03   
5.7196E-03   -8.9563E-03   
3.9710E-03   -9.3024E-03   
2.3234E-03   -9.5461E-03   
7.6161E-04   -9.6721E-03   
5.8202E-34   -9.4250E-03   
8.1701E-34   -8.9223E-03   
8.0069E-34   -8.4576E-03   
1.1661E-33   -8.2427E-03   
1.1771E-33   -7.8482E-03   
7.2117E-34   -7.5013E-03   
7.0160E-34   -7.3450E-03   
6.7465E-34   -7.1998E-03   
6.2962E-34   -6.9409E-03   
6.1051E-34   -6.8264E-03   
5.7813E-34   -6.6253E-03   
5.6350E-34   -6.5378E-03   
5.4809E-34   -6.4583E-03   
5.2194E-34   -6.3210E-03   
5.1089E-34   -6.2620E-03   
5.0105E-34   -6.2087E-03   
4.9252E-34   -6.1602E-03   
4.7961E-34   -6.0746E-03   
4.7528E-34   -6.0356E-03   
4.7252E-34   -5.9979E-03   
4.7146E-34   -5.9601E-03   
4.7222E-34   -5.9210E-03   
4.7910E-34   -5.8331E-03   
4.8484E-34   -5.7809E-03   
4.9286E-34   -5.7204E-03   
5.0356E-34   -5.6498E-03   
5.2034E-34   -5.5674E-03   
8.2001E-34   -5.4672E-03   
8.2669E-34   -5.3503E-03   
6.7867E-34   -5.1956E-03   
5.8591E-03   -4.5164E-03   
9.0446E-03   -3.5881E-03   
1.0237E-02   -3.1192E-03   
6.8143E-03   -4.2814E-03   
1.2982E-02   -1.6109E-03   
4.3770E-03   -4.8112E-03   
1.8065E-03   -5.1238E-03   
1.2234E-02   -2.1221E-03   
1.3682E-02   -9.2497E-04   
1.1315E-02   -2.6279E-03   
7.7373E-03   -4.0201E-03   
1.3376E-02   -1.2688E-03   
8.1851E-03   -3.8810E-03   
3.8723E-03   -4.8926E-03   
1.0974E-02   -2.7941E-03   
1.2503E-02   -1.9521E-03   
1.4020E-02   -2.5869E-04   
6.9559E-04   -5.1823E-03   
3.3634E-03   -4.9649E-03   
9.4526E-03   -3.4350E-03   
9.8468E-03   -3.2782E-03   
1.3190E-02   -1.4400E-03   
2.3315E-03   -5.0806E-03   
1.3802E-02   -7.5027E-04   
1.2593E-03   -5.1607E-03   
2.8502E-03   -5.0277E-03   
1.2753E-02   -1.7817E-03   
1.3540E-02   -1.0970E-03   
4.8771E-03   -4.7211E-03   
1.1946E-02   -2.2916E-03   
1.1639E-02   -2.4604E-03   
7.2805E-03   -4.1538E-03   
5.3714E-03   -4.6227E-03   
6.3406E-03   -4.4025E-03   
8.6217E-03   -3.7371E-03   
1.0613E-02   -2.9579E-03   
4.0216E-04   -5.5121E-03   
3.8249E-04   -5.6028E-03   
3.6838E-04   -5.6794E-03   
3.5536E-04   -5.7446E-03   
3.4525E-04   -5.8004E-03   
3.3906E-04   -5.8490E-03   
3.3566E-04   -5.8924E-03   
3.3423E-04   -5.9323E-03   
3.3439E-04   -5.9703E-03   
1.4125E-02   -1.2467E-04   
3.3598E-04   -6.0078E-03   
1.4162E-02   -9.8401E-05   
3.3898E-04   -6.0459E-03   
1.4199E-02   -7.9422E-05   
3.4333E-04   -6.0858E-03   
1.4244E-02   -6.5289E-05   
3.4897E-04   -6.1285E-03   
1.4300E-02   -5.5491E-05   
3.5578E-04   -6.1748E-03   
1.4372E-02   -4.9084E-05   
3.6372E-04   -6.2257E-03   
1.4463E-02   -4.5501E-05   
3.7269E-04   -6.2819E-03   
1.4574E-02   -4.4206E-05   
3.8263E-04   -6.3440E-03   
1.4709E-02   -4.4675E-05   
3.9353E-04   -6.4127E-03   
1.4868E-02   -4.6491E-05   
4.0491E-04   -6.4884E-03   
1.5052E-02   -4.9496E-05   
4.1656E-04   -6.5718E-03   
1.5264E-02   -5.3446E-05   
4.2970E-04   -6.6635E-03   
1.5504E-02   -5.8034E-05   
4.4483E-04   -6.7642E-03   
1.5771E-02   -6.3019E-05   
4.6074E-04   -6.8741E-03   
1.6068E-02   -6.7805E-05   
4.7691E-04   -6.9935E-03   
1.6391E-02   -7.3300E-05   
4.9323E-04   -7.1228E-03   
1.6742E-02   -7.9256E-05   
5.0917E-04   -7.2614E-03   
1.7121E-02   -8.6195E-05   
5.3071E-04   -7.4092E-03   
1.7534E-02   -9.2472E-05   
5.5618E-04   -7.5685E-03   
1.7980E-02   -9.7009E-05   
5.6975E-04   -7.7405E-03   
1.8458E-02   -1.0129E-04   
5.8383E-04   -7.9229E-03   
1.8973E-02   -1.0555E-04   
6.2518E-04   -8.1188E-03   
1.9527E-02   -1.0748E-04   
6.4951E-04   -8.3331E-03   
2.0099E-02   -1.0516E-04   
6.5386E-04   -8.5594E-03   
2.0694E-02   -1.0881E-04   
6.7901E-04   -8.7953E-03   
2.1331E-02   -1.1014E-04   
7.1899E-04   -9.0492E-03   
7.2736E-03   -4.0150E-03   
1.1337E-02   -2.3523E-03   
1.2558E-02   -1.6835E-03   
5.3990E-03   -4.5731E-03   
1.3988E-02   -3.7917E-04   
1.4609E-03   -5.2572E-03   
9.4154E-03   -3.2037E-03   
1.3757E-02   -7.3397E-04   
2.4653E-03   -5.1516E-03   
3.9485E-03   -4.9067E-03   
3.4592E-03   -4.9985E-03   
1.0617E-02   -2.6936E-03   
8.1737E-03   -3.7021E-03   
1.3260E-02   -1.2024E-03   
1.3449E-02   -1.0455E-03   
8.6057E-03   -3.5401E-03   
1.0226E-02   -2.8625E-03   
1.2814E-02   -1.5213E-03   
1.2281E-02   -1.8478E-03   
5.8749E-03   -4.4443E-03   
4.4356E-03   -4.8048E-03   
8.9796E-04   -5.3110E-03   
6.3463E-03   -4.3078E-03   
9.0152E-03   -3.3730E-03   
9.8220E-03   -3.0319E-03   
1.3048E-02   -1.3610E-03   
1.3614E-02   -8.8946E-04   
6.8131E-03   -4.1645E-03   
1.1670E-02   -2.1825E-03   
2.9644E-03   -5.0803E-03   
4.9195E-03   -4.6934E-03   
1.1985E-02   -2.0143E-03   
1.3881E-02   -5.7323E-04   
1.9600E-03   -5.2107E-03   
1.0986E-02   -2.5235E-03   
7.7283E-03   -3.8608E-03   
4.1911E-04   -5.4033E-03   
8.0136E-04   -5.5299E-03   
7.6501E-04   -5.6182E-03   
7.3232E-04   -5.6888E-03   
7.0241E-04   -5.7491E-03   
6.8381E-04   -5.8004E-03   
6.7377E-04   -5.8453E-03   
6.6908E-04   -5.8859E-03   
1.4081E-02   -1.6956E-04   
6.6808E-04   -5.9240E-03   
6.7010E-04   -5.9611E-03   
1.4085E-02   -2.1582E-04   
6.7494E-04   -5.9983E-03   
1.4115E-02   -1.7705E-04   
6.8252E-04   -6.0369E-03   
1.4153E-02   -1.4380E-04   
6.9272E-04   -6.0779E-03   
1.4203E-02   -1.2057E-04   
7.0533E-04   -6.1222E-03   
1.4266E-02   -1.0511E-04   
7.1984E-04   -6.1706E-03   
1.4347E-02   -9.5506E-05   
7.3830E-04   -6.2236E-03   
1.4449E-02   -9.0945E-05   
7.6017E-04   -6.2823E-03   
1.4573E-02   -9.0434E-05   
7.8093E-04   -6.3478E-03   
1.4721E-02   -9.2971E-05   
8.0018E-04   -6.4202E-03   
1.4895E-02   -9.7787E-05   
8.2061E-04   -6.4993E-03   
1.5096E-02   -1.0489E-04   
8.4468E-04   -6.5863E-03   
1.5324E-02   -1.1379E-04   
8.7321E-04   -6.6821E-03   
1.5580E-02   -1.2388E-04   
9.0499E-04   -6.7872E-03   
1.5869E-02   -1.3292E-04   
9.3805E-04   -6.9021E-03   
1.6179E-02   -1.4014E-04   
9.7092E-04   -7.0266E-03   
1.6504E-02   -1.5309E-04   
9.9789E-04   -7.1607E-03   
1.6861E-02   -1.6482E-04   
1.0177E-03   -7.3009E-03   
1.7249E-02   -1.8150E-04   
1.0799E-03   -7.4457E-03   
1.7680E-02   -1.9170E-04   
1.1354E-03   -7.6104E-03   
1.8145E-02   -1.9839E-04   
1.1349E-03   -7.7899E-03   
1.8642E-02   -2.0822E-04   
1.1861E-03   -7.9678E-03   
1.9194E-02   -2.1506E-04   
1.3523E-03   -8.1689E-03   
1.9788E-02   -2.1469E-04   
1.3024E-03   -8.4100E-03   
2.0333E-02   -1.9926E-04   
1.3258E-03   -8.6365E-03   
2.0917E-02   -2.3881E-04   
1.3933E-03   -8.8735E-03   
2.2004E-02   -1.1608E-04   
9.4155E-03   -2.9823E-03   
9.8482E-03   -2.7961E-03   
8.1939E-03   -3.5249E-03   
1.0258E-02   -2.6214E-03   
7.7512E-03   -3.6961E-03   
3.5573E-03   -5.0065E-03   
4.0321E-03   -4.8958E-03   
4.5051E-03   -4.7747E-03   
4.9760E-03   -4.6437E-03   
5.4448E-03   -4.5032E-03   
3.0745E-03   -5.1077E-03   
5.9118E-03   -4.3542E-03   
7.2983E-03   -3.8671E-03   
1.0654E-02   -2.4484E-03   
6.3768E-03   -4.1977E-03   
6.8398E-03   -4.0349E-03   
2.5770E-03   -5.2003E-03   
1.1029E-02   -2.2733E-03   
1.3127E-02   -1.1429E-03   
1.3340E-02   -9.9667E-04   
1.3526E-02   -8.5469E-04   
1.2890E-02   -1.2928E-03   
2.0810E-03   -5.2786E-03   
1.1387E-02   -2.0998E-03   
1.2631E-02   -1.4460E-03   
1.2048E-02   -1.7641E-03   
1.1727E-02   -1.9300E-03   
1.2350E-02   -1.6031E-03   
1.6141E-03   -5.3278E-03   
1.2153E-03   -5.3644E-03   
1.3687E-02   -7.1380E-04   
1.3830E-02   -5.7059E-04   
1.3953E-02   -4.2411E-04   
8.3409E-04   -5.4395E-03   
1.1529E-03   -5.6083E-03   
1.0811E-03   -5.6783E-03   
1.0389E-03   -5.7340E-03   
1.0167E-03   -5.7808E-03   
1.0060E-03   -5.8220E-03   
1.0022E-03   -5.8599E-03   
1.4050E-02   -2.6928E-04   
1.0035E-03   -5.8963E-03   
1.0091E-03   -5.9325E-03   
1.3987E-02   -3.0677E-04   
1.0189E-03   -5.9697E-03   
1.4025E-02   -2.4086E-04   
1.0326E-03   -6.0089E-03   
1.4067E-02   -1.9921E-04   
1.0500E-03   -6.0510E-03   
1.4122E-02   -1.7136E-04   
1.0697E-03   -6.0971E-03   
1.4193E-02   -1.5371E-04   
1.0962E-03   -6.1464E-03   
1.4286E-02   -1.4314E-04   
1.1387E-03   -6.1992E-03   
1.4400E-02   -1.3992E-04   
1.1715E-03   -6.2617E-03   
1.4535E-02   -1.4228E-04   
1.1909E-03   -6.3326E-03   
1.4699E-02   -1.4790E-04   
1.2171E-03   -6.4085E-03   
1.4892E-02   -1.5643E-04   
1.2456E-03   -6.4916E-03   
1.5108E-02   -1.6912E-04   
1.2835E-03   -6.5817E-03   
1.5351E-02   -1.8450E-04   
1.3344E-03   -6.6804E-03   
1.5633E-02   -1.9910E-04   
1.3862E-03   -6.7903E-03   
1.5954E-02   -2.0977E-04   
1.4362E-03   -6.9112E-03   
1.6260E-02   -2.0981E-04   
1.4782E-03   -7.0437E-03   
1.6558E-02   -2.4969E-04   
1.4922E-03   -7.1866E-03   
1.4640E-03   -7.3210E-03   
1.7132E-03   -7.6522E-03   
1.8257E-02   -3.0812E-04   
1.9096E-03   -8.2630E-03   
1.9915E-03   -8.6761E-03   
1.9408E-02   -3.3165E-04   
2.2744E-02   -1.2449E-04   
1.3599E-02   -6.9636E-04   
1.3756E-02   -5.6591E-04   
1.3899E-02   -4.3332E-04   
8.6297E-03   -3.1925E-03   
8.2510E-03   -3.3442E-03   
3.1870E-03   -5.1127E-03   
2.6943E-03   -5.2268E-03   
5.0475E-03   -4.5757E-03   
3.6600E-03   -4.9925E-03   
5.5088E-03   -4.4169E-03   
4.1250E-03   -4.8634E-03   
7.8080E-03   -3.5277E-03   
1.0332E-02   -2.4058E-03   
4.5869E-03   -4.7247E-03   
1.2982E-02   -1.0913E-03   
1.2720E-02   -1.2362E-03   
5.9706E-03   -4.2497E-03   
6.4328E-03   -4.0755E-03   
1.1806E-02   -1.7013E-03   
1.2131E-02   -1.5405E-03   
1.3220E-02   -9.5038E-04   
2.1813E-03   -5.3300E-03   
1.3425E-02   -8.2156E-04   
7.3535E-03   -3.7124E-03   
1.1462E-02   -1.8692E-03   
6.8948E-03   -3.8958E-03   
1.2436E-02   -1.3857E-03   
1.0722E-02   -2.2226E-03   
1.1100E-02   -2.0435E-03   
1.4830E-03   -5.5909E-03   
1.4036E-03   -5.6521E-03   
1.3655E-03   -5.7006E-03   
1.3459E-03   -5.7420E-03   
1.3376E-03   -5.7793E-03   
1.3371E-03   -5.8147E-03   
1.3426E-03   -5.8494E-03   
1.3536E-03   -5.8849E-03   
1.4001E-02   -3.2724E-04   
1.3865E-02   -3.5829E-04   
1.3696E-03   -5.9222E-03   
1.3897E-02   -2.9635E-04   
1.3908E-03   -5.9622E-03   
1.3944E-02   -2.5117E-04   
1.4158E-03   -6.0056E-03   
1.4005E-02   -2.2265E-04   
1.4446E-03   -6.0522E-03   
1.4087E-02   -2.0590E-04   
1.4846E-03   -6.1005E-03   
1.4197E-02   -1.9487E-04   
1.5942E-03   -6.1463E-03   
1.4316E-02   -1.9647E-04   
1.5777E-03   -6.2266E-03   
1.4461E-02   -2.0322E-04   
1.6101E-03   -6.2995E-03   
1.4651E-02   -2.1216E-04   
1.6422E-03   -6.3816E-03   
1.4861E-02   -2.2379E-04   
1.7389E-03   -6.5567E-03   
1.9754E-03   -7.2236E-03   
1.5344E-02   -2.6863E-04   
1.8270E-03   -6.6563E-03   
1.8938E-03   -6.7747E-03   
2.0113E-03   -7.0516E-03   
1.6955E-02   -2.4644E-04   
1.7830E-02   -2.8310E-04   
1.8350E-02   -4.3329E-04   
1.5672E-02   -2.8757E-04   
2.6349E-03   -8.4686E-03   
1.8940E-02   -4.4860E-04   
1.9952E-03   -8.0907E-03   
1.6416E-02   -3.5180E-04   
2.3697E-03   -7.4967E-03   
1.3821E-02   -4.4462E-04   
1.3654E-02   -5.7249E-04   
1.3503E-02   -6.8788E-04   
9.6537E-03   -2.5525E-03   
9.4957E-03   -2.7565E-03   
1.0013E-02   -2.3817E-03   
7.9138E-03   -3.3554E-03   
1.3087E-02   -9.1282E-04   
3.3205E-03   -5.0920E-03   
1.3327E-02   -7.7868E-04   
2.8362E-03   -5.2246E-03   
2.3330E-03   -5.3473E-03   
3.7830E-03   -4.9548E-03   
5.1351E-03   -4.4926E-03   
4.6818E-03   -4.6582E-03   
7.4425E-03   -3.5524E-03   
4.2340E-03   -4.8114E-03   
5.5922E-03   -4.3172E-03   
1.0415E-02   -2.1969E-03   
1.1905E-02   -1.4961E-03   
1.2822E-02   -1.0515E-03   
6.0521E-03   -4.1336E-03   
1.2232E-02   -1.3413E-03   
1.2538E-02   -1.1936E-03   
1.1558E-02   -1.6597E-03   
6.5144E-03   -3.9437E-03   
6.9782E-03   -3.7494E-03   
1.1193E-02   -1.8318E-03   
1.0811E-02   -2.0118E-03   
1.4681E-03   -5.4754E-03   
1.7620E-03   -5.5608E-03   
1.7160E-03   -5.6077E-03   
1.6885E-03   -5.6481E-03   
1.6747E-03   -5.6841E-03   
1.6712E-03   -5.7177E-03   
1.6760E-03   -5.7505E-03   
1.6875E-03   -5.7839E-03   
1.7050E-03   -5.8189E-03   
1.3679E-02   -4.2515E-04   
1.7291E-03   -5.8564E-03   
1.3738E-02   -3.4753E-04   
1.7593E-03   -5.8969E-03   
1.7911E-03   -5.9418E-03   
1.3790E-02   -3.0441E-04   
1.3854E-02   -2.7943E-04   
1.8137E-03   -5.9931E-03   
1.3937E-02   -2.6955E-04   
1.9168E-03   -6.1218E-03   
1.4160E-02   -2.7135E-04   
1.9944E-03   -6.1729E-03   
1.4588E-02   -2.8737E-04   
1.4368E-02   -2.7654E-04   
2.0593E-03   -6.2503E-03   
2.2806E-03   -6.4888E-03   
1.6692E-03   -6.4699E-03   
2.3543E-03   -6.6152E-03   
2.4424E-03   -6.7400E-03   
2.4620E-03   -8.1232E-03   
2.4261E-03   -7.9351E-03   
2.5386E-03   -6.8779E-03   
1.5318E-02   -3.7004E-04   
1.6799E-02   -3.3203E-04   
1.6064E-02   -4.2705E-04   
1.7745E-02   -4.0599E-04   
1.5677E-02   -3.9344E-04   
1.5081E-02   -2.4578E-04   
2.6599E-03   -7.0440E-03   
2.2653E-03   -7.7395E-03   
2.4945E-03   -7.2752E-03   
1.9553E-02   -4.6029E-04   
2.5181E-03   -8.6942E-03   
2.3843E-03   -8.3041E-03   
1.8447E-02   -5.6853E-04   
9.2028E-03   -2.6817E-03   
1.3708E-02   -4.7444E-04   
1.3197E-02   -7.5545E-04   
3.4858E-03   -5.0433E-03   
1.2929E-02   -8.9127E-04   
3.0265E-03   -5.1885E-03   
2.0925E-03   -5.4347E-03   
7.5653E-03   -3.3831E-03   
4.7895E-03   -4.5778E-03   
4.3490E-03   -4.7460E-03   
3.9217E-03   -4.8988E-03   
1.0105E-02   -2.2063E-03   
5.2399E-03   -4.3969E-03   
1.2021E-02   -1.3130E-03   
5.6960E-03   -4.2064E-03   
1.2346E-02   -1.1654E-03   
1.2647E-02   -1.0257E-03   
1.1673E-02   -1.4708E-03   
6.1569E-03   -4.0082E-03   
7.0897E-03   -3.5960E-03   
1.0519E-02   -2.0063E-03   
1.1306E-02   -1.6391E-03   
6.6221E-03   -3.8042E-03   
1.0920E-02   -1.8180E-03   
2.1152E-03   -5.4612E-03   
2.0731E-03   -5.5022E-03   
8.6001E-03   -2.9387E-03   
2.0382E-03   -5.5408E-03   
8.0626E-03   -3.1629E-03   
2.0154E-03   -5.5756E-03   
2.0069E-03   -5.6072E-03   
2.0097E-03   -5.6375E-03   
2.0211E-03   -5.6681E-03   
2.0401E-03   -5.7003E-03   
2.0665E-03   -5.7348E-03   
2.3637E-03   -6.0186E-03   
1.3518E-02   -4.5382E-04   
2.1007E-03   -5.7721E-03   
2.1417E-03   -5.8136E-03   
1.3559E-02   -3.9911E-04   
2.1831E-03   -5.8632E-03   
1.3605E-02   -3.6456E-04   
1.3662E-02   -3.4790E-04   
1.8231E-03   -6.0432E-03   
1.4051E-02   -3.5143E-04   
2.4662E-03   -6.0940E-03   
2.4602E-03   -6.3323E-03   
1.6579E-02   -4.5889E-04   
1.5627E-02   -5.1614E-04   
1.4544E-02   -3.8275E-04   
2.9129E-03   -6.5550E-03   
1.4265E-02   -3.6362E-04   
3.0467E-03   -6.6770E-03   
2.0751E-03   -6.3469E-03   
2.9682E-03   -8.1906E-03   
3.1531E-03   -6.8161E-03   
1.7152E-02   -4.4741E-04   
3.0528E-03   -7.3194E-03   
2.9541E-03   -7.5396E-03   
1.4968E-02   -3.4789E-04   
3.0450E-03   -7.9494E-03   
2.8080E-03   -6.4409E-03   
1.5272E-02   -4.8558E-04   
1.9051E-02   -5.8316E-04   
1.7882E-02   -5.4577E-04   
1.3269E-02   -6.3753E-04   
1.3020E-02   -7.6068E-04   
1.3485E-02   -5.9567E-04   
2.8077E-03   -5.2661E-03   
3.6715E-03   -4.9761E-03   
9.7752E-03   -2.2352E-03   
4.4686E-03   -4.6699E-03   
1.2750E-02   -8.8557E-04   
4.0368E-03   -4.8402E-03   
4.9115E-03   -4.4862E-03   
1.7059E-03   -5.4837E-03   
5.3624E-03   -4.2911E-03   
7.2306E-03   -3.4363E-03   
1.1804E-02   -1.3016E-03   
1.2459E-02   -1.0159E-03   
1.2144E-02   -1.1536E-03   
1.0219E-02   -2.0241E-03   
5.8207E-03   -4.0866E-03   
1.1436E-02   -1.4644E-03   
6.2849E-03   -3.8751E-03   
6.7550E-03   -3.6581E-03   
1.0642E-02   -1.8259E-03   
1.1048E-02   -1.6396E-03   
7.7267E-03   -3.2062E-03   
2.4527E-03   -5.3818E-03   
2.4081E-03   -5.4183E-03   
2.3646E-03   -5.4549E-03   
2.5147E-03   -5.3371E-03   
2.3461E-03   -5.4851E-03   
8.2445E-03   -2.9688E-03   
8.7827E-03   -2.7217E-03   
2.3447E-03   -5.5123E-03   
1.3456E-02   -5.2876E-04   
9.3004E-03   -2.4720E-03   
2.3553E-03   -5.5394E-03   
2.3755E-03   -5.5679E-03   
2.4414E-03   -5.6324E-03   
1.3327E-02   -5.0262E-04   
2.4913E-03   -5.6687E-03   
2.5608E-03   -5.7080E-03   
1.3343E-02   -4.6358E-04   
1.3386E-02   -4.3645E-04   
2.5075E-03   -5.8902E-03   
2.5922E-03   -6.1804E-03   
1.3895E-02   -4.4769E-04   
1.4947E-02   -4.5936E-04   
3.5030E-03   -6.4606E-03   
2.1700E-03   -5.9343E-03   
1.6006E-02   -5.5515E-04   
2.8390E-03   -5.9275E-03   
1.5181E-02   -6.1507E-04   
2.7565E-03   -6.3422E-03   
3.6099E-03   -7.3576E-03   
3.3327E-03   -6.3601E-03   
3.2963E-03   -6.9239E-03   
1.4675E-02   -4.4651E-04   
1.7411E-02   -5.2916E-04   
1.4113E-02   -4.7108E-04   
3.1780E-03   -7.0996E-03   
2.9668E-03   -7.7438E-03   
1.7929E-02   -6.9110E-04   
1.9608E-02   -5.8613E-04   
3.1126E-03   -8.6062E-03   
3.7985E-03   -7.9705E-03   
1.6960E-02   -3.8329E-04   
1.2836E-02   -7.7538E-04   
3.6900E-03   -4.9593E-03   
7.4003E-03   -3.2718E-03   
4.1659E-03   -4.7687E-03   
4.6057E-03   -4.5822E-03   
1.2561E-02   -8.9641E-04   
5.0502E-03   -4.3849E-03   
9.9129E-03   -2.0653E-03   
1.1946E-02   -1.1533E-03   
1.2271E-02   -1.0200E-03   
5.5042E-03   -4.1766E-03   
1.1583E-02   -1.3074E-03   
6.9121E-03   -3.5069E-03   
5.9667E-03   -3.9595E-03   
1.0359E-02   -1.8558E-03   
6.4365E-03   -3.7357E-03   
1.1194E-02   -1.4769E-03   
1.0785E-02   -1.6602E-03   
2.8407E-03   -5.2692E-03   
2.7221E-03   -5.3246E-03   
1.3305E-02   -5.5708E-04   
2.6908E-03   -5.3529E-03   
8.9469E-03   -2.5314E-03   
7.9092E-03   -3.0284E-03   
9.4426E-03   -2.2912E-03   
2.6844E-03   -5.3761E-03   
2.6918E-03   -5.3993E-03   
8.4291E-03   -2.7802E-03   
2.7120E-03   -5.4234E-03   
2.7430E-03   -5.4496E-03   
2.7832E-03   -5.4790E-03   
1.3442E-02   -4.2669E-04   
2.8374E-03   -5.5103E-03   
2.6533E-03   -5.7585E-03   
2.9156E-03   -5.5408E-03   
1.3054E-02   -5.8620E-04   
1.4561E-02   -5.4993E-04   
1.3091E-02   -5.4192E-04   
2.9632E-03   -5.9895E-03   
3.0236E-03   -6.1763E-03   
1.3707E-02   -4.3480E-04   
2.7874E-03   -5.8625E-03   
1.4328E-02   -5.1107E-04   
3.8221E-03   -6.2671E-03   
3.8580E-03   -6.8822E-03   
3.2087E-03   -6.2592E-03   
3.6545E-03   -6.7669E-03   
1.3695E-02   -5.6610E-04   
1.6866E-02   -6.0208E-04   
4.3022E-03   -7.1518E-03   
1.7395E-02   -6.5828E-04   
3.4678E-03   -7.5602E-03   
1.7950E-02   -8.5114E-04   
3.8952E-03   -8.4725E-03   
1.9227E-02   -7.3601E-04   
2.0156E-02   -4.9661E-04   
4.3361E-03   -8.1367E-03   
1.6327E-02   -6.1420E-04   
1.2917E-02   -6.8446E-04   
3.2484E-03   -5.1230E-03   
3.9141E-03   -4.8581E-03   
4.3281E-03   -4.6793E-03   
7.0910E-03   -3.3530E-03   
4.7602E-03   -4.4843E-03   
1.2390E-02   -9.1790E-04   
1.2112E-02   -1.0191E-03   
5.2069E-03   -4.2753E-03   
3.0379E-03   -5.2066E-03   
1.1750E-02   -1.1641E-03   
1.0073E-02   -1.9046E-03   
5.6658E-03   -4.0549E-03   
6.6080E-03   -3.5923E-03   
1.1359E-02   -1.3283E-03   
6.1339E-03   -3.8264E-03   
1.0520E-02   -1.6985E-03   
1.0948E-02   -1.5066E-03   
3.0340E-03   -5.2159E-03   
7.5912E-03   -3.1061E-03   
9.1214E-03   -2.3585E-03   
9.6067E-03   -2.1252E-03   
3.0333E-03   -5.2296E-03   
8.6163E-03   -2.6038E-03   
3.0322E-03   -5.2496E-03   
3.0506E-03   -5.2687E-03   
8.1028E-03   -2.8548E-03   
1.3141E-02   -5.9435E-04   
3.1819E-03   -5.3403E-03   
3.0830E-03   -5.2894E-03   
1.3132E-02   -5.2259E-04   
3.1268E-03   -5.3131E-03   
1.3702E-02   -3.5224E-04   
3.0321E-03   -5.7102E-03   
3.0203E-03   -5.5709E-03   
3.2047E-03   -5.7497E-03   
3.2585E-03   -5.3664E-03   
1.2784E-02   -6.6249E-04   
1.3907E-02   -6.0050E-04   
1.3501E-02   -5.4414E-04   
3.2600E-03   -5.8247E-03   
3.7469E-03   -6.1571E-03   
4.2272E-03   -6.6210E-03   
1.7400E-02   -8.1734E-04   
1.4134E-02   -6.4248E-04   
3.5919E-03   -6.0604E-03   
1.5876E-02   -6.9942E-04   
4.4334E-03   -6.9048E-03   
1.6284E-02   -7.6912E-04   
4.1756E-03   -7.4273E-03   
3.1079E-03   -6.0398E-03   
1.8552E-02   -8.8105E-04   
1.4848E-02   -5.8230E-04   
2.0796E-02   -3.9720E-04   
4.7482E-03   -7.8025E-03   
3.3351E-03   -5.0924E-03   
1.2633E-02   -8.0619E-04   
4.0860E-03   -4.7725E-03   
4.5014E-03   -4.5825E-03   
4.9345E-03   -4.3774E-03   
6.7982E-03   -3.4468E-03   
1.2356E-02   -8.7271E-04   
3.5780E-03   -4.9953E-03   
1.1945E-02   -1.0290E-03   
7.2901E-03   -3.1979E-03   
5.3854E-03   -4.1573E-03   
1.1542E-02   -1.1927E-03   
5.8498E-03   -3.9260E-03   
6.3213E-03   -3.6885E-03   
1.0253E-02   -1.7537E-03   
1.1130E-02   -1.3650E-03   
1.0700E-02   -1.5515E-03   
3.4244E-03   -5.0604E-03   
8.8131E-03   -2.4391E-03   
9.7886E-03   -1.9700E-03   
9.3082E-03   -2.1989E-03   
1.3549E-02   -4.2474E-04   
3.3785E-03   -5.0921E-03   
7.7948E-03   -2.9438E-03   
3.3930E-03   -5.1058E-03   
8.3050E-03   -2.6893E-03   
1.2812E-02   -6.3355E-04   
3.5273E-03   -5.1596E-03   
3.4255E-03   -5.1200E-03   
3.6007E-03   -5.1828E-03   
3.4707E-03   -5.1376E-03   
3.7822E-03   -5.5947E-03   
1.2714E-02   -7.2399E-04   
1.3178E-02   -5.2188E-04   
3.3581E-03   -5.3915E-03   
1.4105E-02   -2.4579E-04   
3.9857E-03   -5.8238E-03   
1.3334E-02   -5.3335E-04   
1.4707E-02   -7.2442E-04   
1.4395E-02   -6.8411E-04   
1.3674E-02   -7.4584E-04   
1.3458E-02   -7.0499E-04   
1.5643E-02   -8.5921E-04   
1.3262E-02   -6.7396E-04   
3.4442E-03   -5.9919E-03   
4.3874E-03   -6.0426E-03   
3.1272E-03   -5.5976E-03   
3.5347E-03   -5.5602E-03   
4.5524E-03   -6.3589E-03   
1.6435E-02   -9.0894E-04   
4.5471E-03   -6.6942E-03   
3.5222E-03   -5.8436E-03   
1.7958E-02   -1.0244E-03   
4.3902E-03   -7.6427E-03   
2.1595E-02   -2.0909E-04   
4.9987E-03   -6.9130E-03   
2.0751E-02   -5.4661E-04   
1.7394E-02   -9.8965E-04   
1.5535E-02   -6.4849E-04   
4.9023E-03   -7.1518E-03   
3.6947E-03   -4.9435E-03   
4.2802E-03   -4.6750E-03   
4.6930E-03   -4.4780E-03   
7.0054E-03   -3.3012E-03   
1.2155E-02   -8.9988E-04   
5.1268E-03   -4.2635E-03   
6.5250E-03   -3.5491E-03   
1.1731E-02   -1.0722E-03   
5.5859E-03   -4.0316E-03   
6.0537E-03   -3.7920E-03   
1.1329E-02   -1.2355E-03   
9.0203E-03   -2.2860E-03   
1.0447E-02   -1.6141E-03   
1.0900E-02   -1.4145E-03   
9.9812E-03   -1.8281E-03   
3.6971E-03   -4.9461E-03   
9.5071E-03   -2.0514E-03   
1.2504E-02   -7.7809E-04   
7.5020E-03   -3.0460E-03   
8.5173E-03   -2.5333E-03   
3.7391E-03   -4.9373E-03   
8.0084E-03   -2.7883E-03   
3.7738E-03   -4.9425E-03   
3.9477E-03   -4.9888E-03   
3.8754E-03   -4.9695E-03   
1.2491E-02   -7.5686E-04   
3.8177E-03   -4.9538E-03   
1.2842E-02   -6.2503E-04   
1.3878E-02   -3.5440E-04   
3.6835E-03   -5.2100E-03   
1.3090E-02   -6.5373E-04   
1.3192E-02   -8.6261E-04   
3.4064E-03   -5.5302E-03   
1.3184E-02   -5.4633E-04   
1.2991E-02   -8.2431E-04   
1.3408E-02   -9.1190E-04   
4.4957E-03   -5.7298E-03   
1.5069E-02   -7.5826E-04   
1.4194E-02   -8.4259E-04   
3.5117E-03   -5.4107E-03   
1.5011E-02   -9.3116E-04   
5.0365E-03   -6.4146E-03   
4.1574E-03   -6.2980E-03   
4.7688E-03   -5.7660E-03   
4.1507E-03   -5.6072E-03   
1.7374E-02   -1.1755E-03   
1.8542E-02   -1.0583E-03   
5.1977E-03   -6.6257E-03   
4.9466E-03   -7.3650E-03   
2.1291E-02   -4.5483E-04   
5.4615E-03   -6.9269E-03   
3.8755E-03   -4.8625E-03   
4.4990E-03   -4.5667E-03   
6.7408E-03   -3.4117E-03   
4.8790E-03   -4.3769E-03   
1.1873E-02   -9.9131E-04   
7.2251E-03   -3.1588E-03   
5.3346E-03   -4.1447E-03   
6.2691E-03   -3.6587E-03   
1.1535E-02   -1.1236E-03   
9.2363E-03   -2.1457E-03   
5.7999E-03   -3.9035E-03   
8.7407E-03   -2.3875E-03   
4.1073E-03   -4.7562E-03   
1.1134E-02   -1.2873E-03   
1.0176E-02   -1.7041E-03   
9.7126E-03   -1.9190E-03   
4.1430E-03   -4.7517E-03   
8.2331E-03   -2.6410E-03   
7.7250E-03   -2.9000E-03   
1.2502E-02   -7.4186E-04   
1.2954E-02   -6.4354E-04   
4.2985E-03   -4.7859E-03   
4.1735E-03   -4.7616E-03   
3.8109E-03   -5.3721E-03   
4.2270E-03   -4.7720E-03   
1.2877E-02   -6.3417E-04   
4.0290E-03   -5.0143E-03   
5.0275E-03   -5.5308E-03   
1.2694E-02   -9.9454E-04   
3.7506E-03   -5.2451E-03   
1.2894E-02   -1.0417E-03   
1.2810E-02   -7.9677E-04   
1.3653E-02   -9.7041E-04   
4.5874E-03   -5.5662E-03   
6.1588E-03   -6.7711E-03   
5.1537E-03   -5.7924E-03   
1.5328E-02   -1.0429E-03   
1.4546E-02   -8.8959E-04   
1.8532E-02   -1.2388E-03   
4.3469E-03   -5.4186E-03   
5.5549E-03   -7.0913E-03   
1.6815E-02   -1.1367E-03   
1.9137E-02   -9.2162E-04   
5.6807E-03   -6.3288E-03   
4.9577E-03   -6.0511E-03   
5.2187E-03   -6.1605E-03   
1.7338E-02   -1.3771E-03   
1.2161E-02   -8.7141E-04   
6.9661E-03   -3.2791E-03   
6.4938E-03   -3.5288E-03   
4.5833E-03   -4.5260E-03   
1.1000E-02   -1.3300E-03   
1.2557E-02   -7.6235E-04   
5.0878E-03   -4.2687E-03   
8.9752E-03   -2.2531E-03   
1.1772E-02   -1.0154E-03   
9.4609E-03   -2.0193E-03   
1.1353E-02   -1.1836E-03   
5.5550E-03   -4.0246E-03   
8.4705E-03   -2.5028E-03   
7.4556E-03   -3.0224E-03   
7.9601E-03   -2.7615E-03   
4.5445E-03   -4.5608E-03   
1.0323E-02   -1.6231E-03   
9.9233E-03   -1.8034E-03   
4.6512E-03   -4.5776E-03   
4.5830E-03   -4.5700E-03   
4.0930E-03   -5.0598E-03   
4.3825E-03   -4.8060E-03   
1.2520E-02   -7.4529E-04   
4.7862E-03   -5.1945E-03   
1.2652E-02   -7.7936E-04   
1.2373E-02   -1.1847E-03   
4.7256E-03   -5.3645E-03   
1.2507E-02   -9.6011E-04   
1.3105E-02   -1.1025E-03   
1.6238E-02   -1.0925E-03   
1.3956E-02   -1.0301E-03   
5.4343E-03   -5.5345E-03   
4.0886E-03   -5.1617E-03   
3.9595E-03   -5.4034E-03   
1.5922E-02   -9.6754E-04   
1.4736E-02   -1.1533E-03   
5.5587E-03   -5.7832E-03   
6.2560E-03   -7.0001E-03   
6.4479E-03   -6.4479E-03   
5.1970E-03   -5.3028E-03   
1.6862E-02   -9.5040E-04   
1.7946E-02   -1.3957E-03   
1.9118E-02   -1.0911E-03   
1.9677E-02   -8.1673E-04   
5.6910E-03   -5.8996E-03   
6.3244E-03   -6.1221E-03   
1.1153E-02   -1.2637E-03   
6.2518E-03   -3.6580E-03   
6.7144E-03   -3.4114E-03   
1.2158E-02   -8.8772E-04   
1.0176E-02   -1.6866E-03   
9.7053E-03   -1.9018E-03   
1.1499E-02   -1.1241E-03   
7.1958E-03   -3.1566E-03   
9.2227E-03   -2.1300E-03   
8.7222E-03   -2.3741E-03   
5.7969E-03   -3.9010E-03   
8.2095E-03   -2.6313E-03   
7.6972E-03   -2.8944E-03   
4.8894E-03   -4.3774E-03   
4.9391E-03   -4.3688E-03   
5.0016E-03   -4.3694E-03   
4.7381E-03   -4.5902E-03   
4.4617E-03   -4.8422E-03   
5.3141E-03   -4.1582E-03   
1.2153E-02   -8.7078E-04   
1.2009E-02   -1.1145E-03   
1.0676E-02   -1.4643E-03   
1.2182E-02   -1.1439E-03   
4.7487E-03   -5.0871E-03   
4.3562E-03   -5.1690E-03   
6.1394E-03   -5.6124E-03   
1.2571E-02   -1.2382E-03   
4.5198E-03   -4.9043E-03   
1.2144E-02   -9.3765E-04   
5.7489E-03   -5.2414E-03   
1.3326E-02   -1.1840E-03   
5.3565E-03   -5.0534E-03   
1.5076E-02   -1.2158E-03   
1.5787E-02   -1.2708E-03   
1.4339E-02   -1.0868E-03   
2.0256E-02   -8.1390E-04   
6.6906E-03   -5.8233E-03   
6.3928E-03   -5.7179E-03   
6.9622E-03   -6.4731E-03   
1.7361E-02   -1.5790E-03   
6.4473E-03   -7.2253E-03   
1.8498E-02   -1.4219E-03   
1.9720E-02   -9.5709E-04   
1.1408E-02   -1.1704E-03   
6.4604E-03   -3.5601E-03   
6.0114E-03   -3.7995E-03   
9.9739E-03   -1.7898E-03   
1.1791E-02   -1.0135E-03   
9.4885E-03   -2.0156E-03   
6.9377E-03   -3.3062E-03   
8.9919E-03   -2.2542E-03   
7.4393E-03   -3.0418E-03   
8.4774E-03   -2.5089E-03   
5.3424E-03   -4.1678E-03   
7.9552E-03   -2.7742E-03   
5.0922E-03   -4.3708E-03   
1.0956E-02   -1.3584E-03   
1.1658E-02   -1.3130E-03   
5.6399E-03   -3.9971E-03   
4.9113E-03   -4.6639E-03   
5.1981E-03   -4.3818E-03   
4.9981E-03   -4.8642E-03   
1.0464E-02   -1.5696E-03   
1.1852E-02   -1.3416E-03   
1.5157E-02   -1.3785E-03   
1.1747E-02   -1.0559E-03   
1.2046E-02   -1.3844E-03   
5.2847E-03   -4.8948E-03   
1.2752E-02   -1.3126E-03   
1.3661E-02   -1.2553E-03   
1.1844E-02   -1.1022E-03   
7.1201E-03   -5.5112E-03   
5.8223E-03   -5.0179E-03   
6.4702E-03   -5.0178E-03   
1.5588E-02   -1.1577E-03   
2.0462E-02   -9.9159E-04   
6.8433E-03   -5.3935E-03   
1.4105E-02   -1.3108E-03   
1.5659E-02   -1.4542E-03   
1.6772E-02   -1.8125E-03   
7.1126E-03   -5.9002E-03   
7.2474E-03   -6.1338E-03   
1.6571E-02   -1.5913E-03   
2.0696E-02   -6.8079E-04   
1.9120E-02   -1.2650E-03   
5.5846E-03   -7.5649E-03   
5.8149E-03   -5.5592E-03   
6.1889E-03   -3.7314E-03   
5.7461E-03   -3.9631E-03   
9.7750E-03   -1.9095E-03   
1.1275E-02   -1.2556E-03   
9.2798E-03   -2.1439E-03   
7.1764E-03   -3.2088E-03   
5.4327E-03   -4.1576E-03   
8.7642E-03   -2.3956E-03   
5.3036E-03   -4.4135E-03   
7.7005E-03   -2.9348E-03   
4.9745E-03   -4.7386E-03   
8.2329E-03   -2.6619E-03   
1.0266E-02   -1.6851E-03   
5.5563E-03   -4.1480E-03   
1.1300E-02   -1.5305E-03   
1.1680E-02   -1.1186E-03   
1.0752E-02   -1.4718E-03   
1.1491E-02   -1.2902E-03   
1.1576E-02   -1.5220E-03   
1.2249E-02   -1.4370E-03   
7.6179E-03   -5.1747E-03   
6.0376E-03   -4.7692E-03   
6.7188E-03   -5.0868E-03   
6.2461E-03   -4.9570E-03   
1.4416E-02   -1.5873E-03   
1.9028E-02   -1.4384E-03   
7.4216E-03   -6.5299E-03   
5.6024E-03   -4.6223E-03   
6.4858E-03   -5.3294E-03   
1.3904E-02   -1.5455E-03   
1.6171E-02   -1.4724E-03   
2.0932E-02   -7.8662E-04   
1.9872E-02   -1.2931E-03   
1.6986E-02   -1.9936E-03   
8.0919E-03   -5.8830E-03   
6.3011E-03   -7.5623E-03   
1.3403E-02   -1.5066E-03   
5.0592E-03   -7.5386E-03   
9.5846E-03   -2.0434E-03   
1.1369E-02   -1.2710E-03   
1.0078E-02   -1.8129E-03   
9.0736E-03   -2.2900E-03   
7.4409E-03   -3.1154E-03   
5.8888E-03   -3.9279E-03   
4.5831E-03   -4.9686E-03   
5.3870E-03   -4.4772E-03   
1.0567E-02   -1.5929E-03   
5.7053E-03   -4.1482E-03   
1.1109E-02   -1.5056E-03   
6.6682E-03   -3.4778E-03   
7.9881E-03   -2.8327E-03   
7.2892E-03   -5.0234E-03   
6.7987E-03   -4.7438E-03   
1.1680E-02   -1.5986E-03   
6.4282E-03   -4.7446E-03   
5.4509E-03   -4.5667E-03   
5.8152E-03   -4.6366E-03   
5.7502E-03   -4.7736E-03   
7.2136E-03   -4.7736E-03   
7.8276E-03   -5.3477E-03   
1.4950E-02   -1.6433E-03   
1.8378E-02   -1.6461E-03   
1.3694E-02   -1.7944E-03   
1.0637E-02   -1.7706E-03   
1.2702E-02   -1.7421E-03   
1.5588E-02   -1.7078E-03   
8.2178E-03   -6.2771E-03   
6.7602E-03   -6.7273E-03   
1.3204E-02   -1.7578E-03   
1.6754E-02   -1.3381E-03   
8.5247E-03   -5.9554E-03   
7.7394E-03   -5.8117E-03   
1.7746E-02   -1.9287E-03   
1.6203E-02   -2.0805E-03   
9.9016E-03   -1.9503E-03   
9.4191E-03   -2.1829E-03   
1.0936E-02   -1.4873E-03   
5.8312E-03   -4.1893E-03   
1.0978E-02   -1.4114E-03   
1.0389E-02   -1.7261E-03   
8.8886E-03   -2.4460E-03   
6.0723E-03   -3.8934E-03   
7.7406E-03   -3.0223E-03   
8.3110E-03   -2.7332E-03   
7.4369E-03   -4.4762E-03   
7.0437E-03   -4.4764E-03   
6.3829E-03   -3.6721E-03   
5.8895E-03   -4.3993E-03   
5.8811E-03   -4.2892E-03   
6.1874E-03   -4.3671E-03   
6.9041E-03   -3.3978E-03   
1.1993E-02   -1.6514E-03   
1.0256E-02   -2.0381E-03   
1.2522E-02   -1.9869E-03   
6.2865E-03   -4.4966E-03   
1.2106E-02   -1.8131E-03   
8.4016E-03   -5.5664E-03   
1.4183E-02   -1.8479E-03   
8.4273E-03   -4.9886E-03   
6.6236E-03   -6.2037E-03   
9.0290E-03   -5.9976E-03   
1.1209E-02   -1.8677E-03   
1.2983E-02   -2.0141E-03   
7.9744E-03   -4.6110E-03   
8.8685E-03   -5.6338E-03   
7.8423E-03   -6.6200E-03   
1.6461E-02   -2.2553E-03   
1.8577E-02   -1.8668E-03   
9.7664E-03   -2.0726E-03   
1.0216E-02   -1.8689E-03   
7.1846E-03   -3.3121E-03   
6.3305E-03   -4.1466E-03   
8.0743E-03   -2.9327E-03   
6.9374E-03   -4.2104E-03   
6.3328E-03   -3.8539E-03   
1.0482E-02   -2.0915E-03   
6.6274E-03   -3.6066E-03   
6.4337E-03   -3.9466E-03   
1.2453E-02   -1.4694E-03   
8.6866E-03   -2.6334E-03   
1.0655E-02   -1.6670E-03   
7.2988E-03   -4.1982E-03   
1.2295E-02   -2.2464E-03   
7.6876E-03   -4.1925E-03   
1.2135E-02   -1.9746E-03   
5.9947E-03   -6.4051E-03   
9.6975E-03   -5.9957E-03   
1.3444E-02   -2.0611E-03   
7.0167E-03   -6.8491E-03   
8.8804E-03   -4.3582E-03   
8.6496E-03   -5.2132E-03   
1.1405E-02   -1.9781E-03   
1.4686E-02   -1.9185E-03   
8.3083E-03   -6.7232E-03   
9.0403E-03   -4.6034E-03   
9.2333E-03   -5.2865E-03   
8.7556E-03   -6.3380E-03   
1.5644E-02   -2.3677E-03   
7.8319E-03   -4.4637E-03   
1.9458E-02   -1.7828E-03   
7.5034E-03   -3.2231E-03   
7.5655E-03   -3.9070E-03   
9.3554E-03   -2.3060E-03   
6.9494E-03   -3.5148E-03   
9.7823E-03   -2.3303E-03   
8.0901E-03   -4.2002E-03   
6.6691E-03   -4.2111E-03   
1.3172E-02   -2.3422E-03   
8.4200E-03   -2.8594E-03   
7.9465E-03   -3.8991E-03   
6.8045E-03   -3.6745E-03   
1.0681E-02   -2.1864E-03   
1.2728E-02   -2.2881E-03   
9.9863E-03   -2.0449E-03   
6.7554E-03   -4.0391E-03   
1.1561E-02   -2.1146E-03   
7.3170E-03   -5.6325E-03   
8.4640E-03   -4.2532E-03   
9.2472E-03   -4.8000E-03   
9.6013E-03   -4.9267E-03   
9.7884E-03   -5.3850E-03   
1.0580E-02   -5.6249E-03   
1.5931E-02   -2.5777E-03   
7.7731E-03   -7.0999E-03   
1.4370E-02   -2.2039E-03   
2.0059E-02   -1.5203E-03   
7.8324E-03   -3.1471E-03   
7.2833E-03   -3.4254E-03   
9.1127E-03   -2.5483E-03   
8.2108E-03   -3.6033E-03   
9.9600E-03   -2.4190E-03   
1.1784E-02   -2.2464E-03   
1.0873E-02   -2.3006E-03   
8.3601E-03   -3.8960E-03   
1.2467E-02   -2.5741E-03   
1.2037E-02   -2.5235E-03   
1.4872E-02   -2.4524E-03   
1.3629E-02   -2.4138E-03   
1.0435E-02   -4.6473E-03   
9.8380E-03   -4.4394E-03   
7.1784E-03   -3.9452E-03   
1.5132E-02   -2.0255E-03   
1.7169E-02   -2.1455E-03   
1.5097E-02   -2.9612E-03   
1.0619E-02   -5.3343E-03   
1.0605E-02   -5.9224E-03   
1.0732E-02   -5.0313E-03   
9.2502E-03   -3.9662E-03   
8.7125E-03   -6.8748E-03   
2.0294E-02   -1.7024E-03   
7.5883E-03   -3.3731E-03   
9.6972E-03   -2.2494E-03   
7.3094E-03   -3.7261E-03   
8.6867E-03   -2.8367E-03   
1.1692E-02   -2.8708E-03   
9.2053E-03   -2.6856E-03   
8.1542E-03   -3.0970E-03   
1.0152E-02   -2.5282E-03   
8.6174E-03   -3.5880E-03   
1.1187E-02   -2.5752E-03   
9.0824E-03   -3.5786E-03   
1.1343E-02   -2.7322E-03   
1.5430E-02   -2.1787E-03   
1.2915E-02   -2.6274E-03   
1.4130E-02   -2.5059E-03   
1.7774E-02   -2.1827E-03   
9.6786E-03   -4.2357E-03   
1.4788E-02   -2.2709E-03   
9.6377E-03   -4.0278E-03   
1.4271E-02   -2.7339E-03   
7.8542E-03   -3.5862E-03   
9.6610E-03   -3.5683E-03   
1.0999E-02   -4.6974E-03   
1.4311E-02   -2.9795E-03   
1.5950E-02   -2.8156E-03   
9.9611E-03   -4.6205E-03   
1.1340E-02   -5.0293E-03   
1.1257E-02   -5.5630E-03   
8.0964E-03   -7.2268E-03   
7.8809E-03   -3.3699E-03   
9.3222E-03   -3.2598E-03   
8.5426E-03   -3.0227E-03   
9.4568E-03   -2.7575E-03   
1.0263E-02   -3.8982E-03   
8.8531E-03   -3.2967E-03   
1.0867E-02   -3.0689E-03   
1.2310E-02   -2.8193E-03   
1.2033E-02   -5.3601E-03   
1.3632E-02   -3.0145E-03   
7.0485E-03   -3.6401E-03   
1.0132E-02   -3.6750E-03   
1.3335E-02   -2.7066E-03   
1.0391E-02   -2.6277E-03   
1.0587E-02   -2.9241E-03   
1.1312E-02   -4.3522E-03   
7.8882E-03   -7.5198E-03   
1.1600E-02   -4.7361E-03   
1.4262E-02   -3.2171E-03   
1.6508E-02   -2.6139E-03   
1.1072E-02   -2.4209E-03   
6.8635E-03   -3.8463E-03   
8.4567E-03   -3.3535E-03   
9.8171E-03   -3.2487E-03   
8.9453E-03   -3.0784E-03   
1.2614E-02   -2.9225E-03   
1.0053E-02   -2.9427E-03   
1.0378E-02   -3.3684E-03   
8.9123E-03   -2.9503E-03   
1.3701E-02   -3.5212E-03   
8.4257E-03   -3.2245E-03   
1.7206E-02   -2.5075E-03   
1.3589E-02   -3.2826E-03   
1.0702E-02   -4.2872E-03   
1.0259E-02   -3.2349E-03   
1.2572E-02   -5.0018E-03   
6.9978E-03   -7.8469E-03   
1.0655E-02   -2.6951E-03   
1.1237E-02   -3.8885E-03   
1.1870E-02   -3.1044E-03   
1.2205E-02   -3.2841E-03   
1.1711E-02   -3.9796E-03   
1.3947E-02   -3.7342E-03   
1.0747E-02   -3.6147E-03   
1.2253E-02   -4.7917E-03   
1.2856E-02   -5.1604E-03   
1.2057E-02   -3.6197E-03   
1.0941E-02   -3.7546E-03   
1.3616E-02   -5.1351E-03   
1.2206E-02   -4.0804E-03   
1.3684E-02   -2.7912E-03   
1.4901E-02   -3.5508E-03   
1.3065E-02   -3.8822E-03   
1.1387E-02   -3.4420E-03   
1.2879E-02   -3.3094E-03   
1.1852E-02   -4.4162E-03   
1.3232E-02   -4.1075E-03   
1.5634E-02   -3.1322E-03   
1.4424E-02   -4.7306E-03   
1.2558E-02   -4.1854E-03   
1.1564E-02   -3.5969E-03   
1.3197E-02   -4.4007E-03   
1.3946E-02   -4.3892E-03   
1.4909E-02   -4.0607E-03   
1.5256E-02   -3.7150E-03   
1.4641E-02   -4.4169E-03   
7.1853E-04   -9.3262E-03   
1.3116E-02   -4.6729E-03   
1.2366E-02   -5.5383E-03   
2.1559E-02   -7.7938E-04   
1.6210E-03   -7.8246E-03   
2.3520E-02   -1.1622E-04   
2.1139E-02   -1.6189E-03   
1.3054E-03   -9.4334E-03   
6.2476E-03   -7.8658E-03   
1.4733E-02   -4.9081E-03   
2.1922E-02   -4.1508E-04   
1.9951E-03   -9.3517E-03   
7.0171E-03   -7.2735E-03   
2.8332E-03   -9.2347E-03   
3.6894E-03   -9.1070E-03   
4.5440E-03   -8.9540E-03   
5.4258E-03   -8.7788E-03   
2.4273E-02   -1.0635E-04   
6.3262E-03   -8.5860E-03   
7.2708E-03   -8.3641E-03   
2.0591E-02   -1.3205E-03   
8.2445E-03   -8.1345E-03   
2.5048E-02   -1.0250E-04   
9.2334E-03   -7.8936E-03   
1.0251E-02   -7.6430E-03   
1.5765E-02   -3.3991E-03   
1.1399E-02   -7.3435E-03   
2.5864E-02   -9.5054E-05   
1.7947E-02   -1.5575E-03   
1.2317E-02   -7.2035E-03   
9.2022E-03   -5.7313E-03   
4.7521E-03   -8.3115E-03   
2.0740E-02   -1.1511E-03   
1.3385E-02   -6.8572E-03   
1.4585E-02   -6.6117E-03   
2.6705E-02   -8.4155E-05   
1.5704E-02   -6.3601E-03   
9.7373E-03   -6.6448E-03   
1.6947E-02   -6.0549E-03   
1.7915E-02   -5.9135E-03   
2.7577E-02   -7.3108E-05   
1.9037E-02   -5.5590E-03   
2.0304E-02   -5.2595E-03   
2.0981E-03   -8.8860E-03   
2.1491E-02   -4.9379E-03   
2.8582E-02   -6.6088E-05   
2.2225E-02   -2.5890E-04   
1.0405E-02   -6.2570E-03   
2.2778E-02   -4.5325E-03   
2.4006E-02   -4.1680E-03   
1.9720E-02   -1.9349E-03   
2.9701E-02   -3.5839E-05   
1.7985E-02   -2.3831E-03   
1.6562E-02   -2.8069E-03   
2.6422E-02   -3.2662E-03   
3.0903E-02   -5.1840E-04   
3.1124E-02   -5.1669E-04   
3.1004E-02   -1.4712E-04   
3.1097E-02   -6.1473E-05   
3.0932E-02   -3.2938E-04   
8.4877E-03   -7.5689E-03   
2.9124E-02   -1.8907E-03   
2.4305E-03   -9.0591E-03   
1.8594E-02   -2.4266E-03   
1.7513E-02   -2.7146E-03   
4.2748E-03   -8.6031E-03   
1.6409E-02   -3.3866E-03   
5.5200E-03   -8.1673E-03   
2.2140E-02   -6.5609E-04   
1.5477E-02   -4.1135E-03   
2.1721E-02   -1.3642E-03   
6.1273E-03   -8.1821E-03   
1.0903E-02   -6.3762E-03   
4.2051E-03   -8.8169E-03   
1.2054E-02   -5.9382E-03   
5.9794E-03   -8.4575E-03   
1.9526E-02   -2.1709E-03   
2.1141E-02   -4.7467E-03   
1.5379E-02   -6.1646E-03   
7.9083E-03   -7.9675E-03   
1.0022E-02   -6.8284E-03   
9.9015E-03   -7.4766E-03   
9.6650E-03   -7.2312E-03   
2.5427E-02   -1.9977E-04   
1.5800E-02   -4.6930E-03   
2.2583E-02   -3.7123E-04   
2.1400E-02   -1.7685E-03   
2.3929E-02   -2.0698E-04   
2.8458E-02   -1.4264E-04   
1.4038E-02   -5.2988E-03   
1.7335E-02   -5.6807E-03   
2.1082E-02   -8.7895E-04   
2.1380E-02   -1.1951E-03   
1.5836E-02   -3.5596E-03   
1.1516E-02   -5.6653E-03   
3.0375E-02   -1.4342E-05   
2.5260E-02   -3.7198E-03   
1.1713E-02   -6.9891E-03   
2.3061E-02   -4.1646E-03   
3.1161E-02   -3.5024E-04   
3.1302E-02   -3.2229E-05   
3.1256E-02   -9.0396E-05   
3.1196E-02   -2.1165E-04   
1.9165E-02   -5.1996E-03   
1.3467E-02   -6.4846E-03   
2.7086E-02   -1.5783E-04   
2.7506E-02   -2.3745E-03   
2.9831E-02   -1.0452E-04   
2.8984E-02   -1.7270E-03   
2.9636E-02   -7.5831E-04   
2.9970E-02   -1.4595E-04   
2.9819E-02   -3.2646E-04   
2.9450E-02   -1.1802E-03   
1.9361E-02   -2.4548E-03   
1.5139E-02   -5.9566E-03   
2.2377E-02   -5.0926E-04   
2.3144E-02   -4.2681E-04   
2.4971E-02   -3.1833E-04   
2.7129E-03   -8.8223E-03   
1.3708E-02   -5.6898E-03   
1.7337E-02   -3.0820E-03   
1.0535E-02   -7.1139E-03   
2.2283E-02   -8.0586E-04   
2.6614E-02   -2.6003E-04   
2.4855E-02   -3.6176E-03   
7.6367E-03   -7.8194E-03   
1.4320E-02   -6.1301E-03   
1.1392E-02   -6.8658E-03   
1.7088E-02   -5.5113E-03   
1.2702E-02   -5.9296E-03   
2.0291E-02   -4.7704E-03   
1.6450E-02   -3.9281E-03   
1.2489E-02   -6.5727E-03   
2.1129E-02   -2.0368E-03   
2.2000E-02   -1.5307E-03   
1.8218E-02   -5.2624E-03   
1.6594E-02   -4.2424E-03   
2.7559E-02   -2.2116E-04   
1.6127E-02   -4.9259E-03   
2.5791E-02   -2.8829E-04   
1.1861E-02   -6.2817E-03   
2.2023E-02   -1.0014E-03   
1.6100E-02   -5.7392E-03   
1.7076E-02   -3.4789E-03   
2.4021E-02   -3.4154E-04   
2.2279E-02   -1.1310E-03   
2.8414E-02   -1.1554E-03   
2.8884E-02   -2.5099E-04   
2.8710E-02   -5.2634E-04   
2.9053E-02   -1.4591E-04   
2.0171E-02   -2.1985E-03   
2.5957E-02   -2.9970E-03   
2.7749E-02   -1.9682E-03   
2.9764E-02   -2.7064E-04   
2.9513E-02   -1.0109E-03   
2.9543E-02   -5.2457E-04   
2.9422E-02   -6.3401E-04   
1.5807E-02   -5.5464E-03   
1.1876E-02   -6.5276E-03   
2.6918E-02   -3.3539E-04   
2.3954E-02   -3.8042E-03   
1.3740E-02   -6.0622E-03   
1.6850E-02   -4.4932E-03   
1.5467E-02   -5.3639E-03   
2.2903E-02   -1.4292E-03   
2.3690E-02   -4.9407E-04   
1.9433E-02   -4.8196E-03   
2.5374E-02   -3.9611E-04   
2.8608E-02   -7.0778E-04   
2.8973E-02   -3.6356E-04   
2.3144E-02   -1.0443E-03   
1.9206E-02   -2.7617E-03   
2.3094E-02   -7.5271E-04   
1.8171E-02   -3.1001E-03   
2.8356E-02   -9.3077E-04   
2.6322E-02   -2.4767E-03   
2.1902E-02   -2.0088E-03   
2.1448E-02   -4.3279E-03   
1.7393E-02   -3.8447E-03   
1.4546E-02   -5.6186E-03   
1.7780E-02   -5.0948E-03   
2.1313E-02   -2.2240E-03   
2.8396E-02   -2.2381E-04   
2.5741E-02   -2.8649E-03   
2.7911E-02   -1.5594E-03   
1.9644E-02   -4.4183E-03   
1.8457E-02   -3.6899E-03   
2.1166E-02   -2.4828E-03   
2.2783E-02   -1.8684E-03   
1.8475E-02   -4.6767E-03   
1.6465E-02   -5.1298E-03   
2.7210E-02   -3.9944E-04   
2.5129E-02   -2.9215E-03   
2.5448E-02   -5.2332E-04   
2.6413E-02   -4.5926E-04   
1.7466E-02   -4.9057E-03   
2.3687E-02   -8.1980E-04   
2.3755E-02   -6.3177E-04   
2.3475E-02   -1.1815E-03   
1.7239E-02   -3.6750E-03   
1.7812E-02   -4.3126E-03   
2.3263E-02   -1.5661E-03   
2.1732E-02   -3.9631E-03   
2.0034E-02   -2.7708E-03   
1.9040E-02   -3.0813E-03   
1.8368E-02   -3.9878E-03   
2.2102E-02   -2.3344E-03   
2.2692E-02   -2.0993E-03   
2.2309E-02   -4.2420E-03   
2.3815E-02   -1.3079E-03   
1.8134E-02   -4.4967E-03   
2.7996E-02   -3.3290E-04   
2.4518E-02   -6.5603E-04   
2.4010E-02   -9.6658E-04   
2.3871E-02   -3.3772E-03   
2.5166E-02   -6.9847E-04   
1.8988E-02   -3.3365E-03   
2.0662E-02   -2.8062E-03   
2.2897E-02   -2.2660E-03   
1.8738E-02   -4.1113E-03   
2.4930E-02   -8.7417E-04   
2.5691E-02   -2.4982E-03   
2.3658E-02   -1.6482E-03   
2.4716E-02   -1.1797E-03   
2.3422E-02   -3.8054E-03   
2.6807E-02   -5.2173E-04   
1.9590E-02   -3.3842E-03   
2.0616E-02   -3.0514E-03   
2.8345E-02   -3.8351E-04   
2.4445E-02   -1.5322E-03   
2.7322E-02   -5.6365E-04   
1.9733E-02   -3.8637E-03   
2.5108E-02   -9.9680E-04   
2.6348E-02   -6.7000E-04   
2.5052E-02   -1.2727E-03   
2.1509E-02   -2.9900E-03   
2.5634E-02   -7.3635E-04   
2.2554E-02   -2.6227E-03   
2.4078E-02   -1.9972E-03   
2.5782E-02   -1.0072E-03   
2.4477E-02   -2.1408E-03   
2.0081E-02   -4.0134E-03   
2.3385E-02   -2.5654E-03   
2.0414E-02   -3.4175E-03   
2.2334E-02   -2.9475E-03   
2.6571E-02   -7.6187E-04   
2.8225E-02   -5.1316E-04   
2.5151E-02   -2.1225E-03   
2.4253E-02   -2.4669E-03   
2.6830E-02   -8.4552E-04   
2.0782E-02   -3.6312E-03   
2.1951E-02   -3.3353E-03   
2.6375E-02   -1.0184E-03   
2.6149E-02   -1.8854E-03   
2.4173E-02   -2.7510E-03   
2.7739E-02   -6.9530E-04   
2.6341E-02   -1.1524E-03   
2.6092E-02   -2.1372E-03   
2.8150E-02   -7.2544E-04   
2.5115E-02   -2.5250E-03   
2.5387E-02   -1.3612E-03   
2.4781E-02   -1.6486E-03   
2.5226E-02   -1.7391E-03   
2.6341E-02   -1.4595E-03   
