51 
1844 
6.0858E-03   -6.7285E-03   
1.1575E-02   -5.6961E-03   
1.5923E-02   -4.1121E-03   
1.8715E-02   -2.1474E-03   
1.7901E-37   -7.0518E-03   
1.9657E-02   -9.1123E-38   
2.0096E-02   -6.9299E-35   
2.0817E-02   -6.4055E-37   
2.2398E-02   2.8916E-35   
2.3829E-02   4.2497E-35   
2.5648E-02   9.0269E-35   
2.7868E-02   1.2445E-34   
2.9576E-02   1.5066E-34   
3.2482E-02   2.2915E-34   
3.4647E-02   2.7788E-34   
3.6988E-02   2.4339E-34   
3.8223E-02   3.7728E-34   
4.0816E-02   5.5918E-34   
4.3567E-02   8.1418E-34   
4.5000E-02   -9.6764E-30   
4.5000E-02   -5.8154E-34   
4.5000E-02   -5.8154E-34   
4.5000E-02   -5.8154E-34   
4.5000E-02   -5.8154E-34   
4.5000E-02   -5.8154E-34   
4.5000E-02   -5.8154E-34   
4.5000E-02   -5.8154E-34   
4.5000E-02   -5.8154E-34   
4.5000E-02   -5.8154E-34   
4.5000E-02   -5.8154E-34   
4.5000E-02   -5.8154E-34   
4.5000E-02   -5.8154E-34   
4.2279E-02   -1.9480E-03   
3.7844E-02   -4.4450E-03   
3.5973E-02   -5.3039E-03   
3.4188E-02   -6.0124E-03   
3.0749E-02   -7.1532E-03   
2.9073E-02   -7.6307E-03   
2.5778E-02   -8.4713E-03   
2.4159E-02   -8.8558E-03   
2.0973E-02   -9.5877E-03   
1.7875E-02   -1.0296E-02   
1.6366E-02   -1.0648E-02   
1.3441E-02   -1.1339E-02   
1.0664E-02   -1.1998E-02   
9.3338E-03   -1.2304E-02   
6.7961E-03   -1.2851E-02   
4.4108E-03   -1.3269E-02   
2.1560E-03   -1.3529E-02   
2.4871E-37   -1.3607E-02   
8.1508E-34   -1.2891E-02   
8.5770E-34   -1.2207E-02   
8.0813E-34   -1.1301E-02   
7.6612E-34   -1.0780E-02   
6.7451E-34   -9.9310E-03   
6.1532E-34   -9.4474E-03   
5.5426E-34   -8.9758E-03   
5.0368E-34   -8.5949E-03   
4.9268E-34   -8.2611E-03   
4.6144E-03   -7.1837E-03   
4.3237E-02   -1.7243E-04   
4.1389E-02   -3.6038E-04   
3.8717E-02   -6.2297E-04   
3.6526E-02   -8.4724E-04   
3.4405E-02   -1.1265E-03   
3.2014E-02   -1.2930E-03   
3.0056E-02   -1.3611E-03   
2.7637E-02   -1.5704E-03   
2.5238E-02   -1.6996E-03   
2.2850E-02   -1.8130E-03   
2.0482E-02   -1.9141E-03   
1.8015E-02   -2.0759E-03   
1.5479E-02   -2.4864E-03   
1.2012E-02   -3.5879E-03   
8.4789E-03   -5.3055E-03   
1.2582E-02   -4.1801E-03   
1.5000E-02   -2.0804E-03   
1.7346E-02   -1.3184E-03   
1.9565E-02   -1.1162E-03   
2.1697E-02   -1.0889E-03   
2.3725E-02   -1.0991E-03   
2.6042E-02   -1.0085E-03   
2.8196E-02   -9.3542E-04   
3.0202E-02   -8.4106E-04   
3.2273E-02   -8.4683E-04   
3.4527E-02   -6.7097E-04   
3.6694E-02   -5.2926E-04   
3.8815E-02   -4.2615E-04   
4.1060E-02   -2.4769E-04   
4.3010E-02   -1.0448E-04   
1.8409E-02   -9.2996E-04   
1.9541E-02   -4.4007E-04   
2.0831E-02   -4.1383E-04   
2.2619E-02   -4.2494E-04   
2.4330E-02   -4.3271E-04   
2.6438E-02   -4.5583E-04   
2.8322E-02   -4.6800E-04   
3.0194E-02   -4.5773E-04   
3.2603E-02   -3.6800E-04   
3.4618E-02   -2.9755E-04   
3.6899E-02   -2.5554E-04   
3.9139E-02   -1.8446E-04   
4.1329E-02   -1.2107E-04   
4.3339E-02   -3.9533E-05   
4.2906E-02   -2.6778E-04   
4.0907E-02   -5.6479E-04   
3.8457E-02   -9.4761E-04   
3.6195E-02   -1.1843E-03   
3.4238E-02   -1.5222E-03   
3.1781E-02   -1.7940E-03   
2.9357E-02   -2.0393E-03   
2.7060E-02   -2.2303E-03   
2.4671E-02   -2.4628E-03   
2.2431E-02   -2.6656E-03   
1.9559E-02   -2.9840E-03   
1.6491E-02   -3.4546E-03   
1.3480E-02   -4.1030E-03   
1.0326E-02   -5.0386E-03   
6.7987E-03   -6.4842E-03   
3.3821E-03   -7.8682E-03   
4.2779E-02   -3.9710E-04   
4.1080E-02   -7.2141E-04   
3.8169E-02   -1.2849E-03   
3.6260E-02   -1.6382E-03   
3.3980E-02   -1.9912E-03   
3.1240E-02   -2.4465E-03   
2.8815E-02   -2.6955E-03   
2.6462E-02   -2.9586E-03   
2.3696E-02   -3.3412E-03   
2.1106E-02   -3.7631E-03   
1.8361E-02   -4.2211E-03   
1.5477E-02   -4.6447E-03   
1.2378E-02   -5.5004E-03   
9.3604E-03   -6.3133E-03   
6.0841E-03   -7.4685E-03   
2.8997E-03   -8.4742E-03   
4.3401E-02   -3.4714E-04   
4.0321E-02   -1.0844E-03   
3.8567E-02   -1.4676E-03   
3.6429E-02   -1.9745E-03   
3.3237E-02   -2.6200E-03   
3.0965E-02   -3.0501E-03   
2.8602E-02   -3.4022E-03   
2.5810E-02   -3.8701E-03   
2.3264E-02   -4.3277E-03   
2.0517E-02   -4.7108E-03   
1.7927E-02   -5.1551E-03   
1.4683E-02   -5.7437E-03   
1.1538E-02   -6.7347E-03   
8.6019E-03   -7.4446E-03   
5.8454E-03   -8.3397E-03   
2.8743E-03   -9.0514E-03   
4.2415E-02   -7.0998E-04   
4.0609E-02   -1.2497E-03   
3.8425E-02   -1.8949E-03   
3.6223E-02   -2.5164E-03   
3.3030E-02   -3.2607E-03   
3.0465E-02   -3.7255E-03   
2.7859E-02   -4.3216E-03   
2.5363E-02   -4.8584E-03   
2.2384E-02   -5.2631E-03   
1.9962E-02   -5.6178E-03   
1.7496E-02   -6.2464E-03   
1.4226E-02   -7.0207E-03   
1.1033E-02   -7.8361E-03   
8.2411E-03   -8.5320E-03   
5.2712E-03   -9.2471E-03   
2.7530E-03   -9.7047E-03   
4.2960E-02   -7.5134E-04   
4.0507E-02   -1.6560E-03   
3.8497E-02   -2.2726E-03   
3.5349E-02   -3.2620E-03   
3.2578E-02   -4.0887E-03   
3.0104E-02   -4.5889E-03   
2.7036E-02   -5.2582E-03   
2.4735E-02   -5.7464E-03   
2.1749E-02   -6.2218E-03   
1.9147E-02   -6.7253E-03   
1.6199E-02   -7.3740E-03   
1.3794E-02   -7.9819E-03   
1.0898E-02   -8.7273E-03   
8.0284E-03   -9.3991E-03   
5.2442E-03   -1.0013E-02   
2.4655E-03   -1.0454E-02   
4.2614E-02   -1.0129E-03   
3.9924E-02   -2.1087E-03   
3.8045E-02   -2.7840E-03   
3.4392E-02   -4.1030E-03   
3.2181E-02   -4.7522E-03   
2.9666E-02   -5.4587E-03   
2.6910E-02   -6.0000E-03   
2.4125E-02   -6.6145E-03   
2.1037E-02   -7.3092E-03   
1.8455E-02   -7.8386E-03   
1.5923E-02   -8.3575E-03   
1.3285E-02   -8.9947E-03   
1.0385E-02   -9.8031E-03   
7.9153E-03   -1.0269E-02   
5.1201E-03   -1.0848E-02   
2.5414E-03   -1.1184E-02   
4.2819E-02   -1.2044E-03   
4.0516E-02   -2.3229E-03   
3.7425E-02   -3.5914E-03   
3.4721E-02   -4.7185E-03   
3.1794E-02   -5.4169E-03   
2.8969E-02   -6.1491E-03   
2.6279E-02   -6.8428E-03   
2.3585E-02   -7.4882E-03   
2.0891E-02   -8.1188E-03   
1.7930E-02   -8.6733E-03   
1.5311E-02   -9.4844E-03   
1.2565E-02   -1.0029E-02   
1.0095E-02   -1.0532E-02   
7.5270E-03   -1.1135E-02   
4.8823E-03   -1.1679E-02   
2.7130E-03   -1.1899E-02   
4.2184E-02   -1.8271E-03   
3.9371E-02   -3.4453E-03   
3.7029E-02   -4.3680E-03   
3.3375E-02   -5.7112E-03   
3.1166E-02   -6.3635E-03   
2.8099E-02   -7.1906E-03   
2.5437E-02   -7.9004E-03   
2.3066E-02   -8.3334E-03   
2.0211E-02   -8.9623E-03   
1.7516E-02   -9.7193E-03   
1.5255E-02   -1.0183E-02   
1.2519E-02   -1.0850E-02   
9.7007E-03   -1.1499E-02   
7.1887E-03   -1.2005E-02   
4.7881E-03   -1.2439E-02   
2.1420E-03   -1.2867E-02   
7.6433E-04   -7.0756E-03   
1.5382E-03   -7.0615E-03   
2.3083E-03   -7.0343E-03   
3.0758E-03   -6.9963E-03   
3.8386E-03   -6.9468E-03   
4.5954E-03   -6.8854E-03   
5.3450E-03   -6.8123E-03   
6.8170E-03   -6.6343E-03   
7.5374E-03   -6.5298E-03   
8.2460E-03   -6.4152E-03   
8.9417E-03   -6.2906E-03   
9.6236E-03   -6.1562E-03   
1.0290E-02   -6.0121E-03   
1.0941E-02   -5.8587E-03   
1.2190E-02   -5.5248E-03   
1.2786E-02   -5.3451E-03   
1.3362E-02   -5.1577E-03   
1.3919E-02   -4.9625E-03   
1.4454E-02   -4.7605E-03   
1.4967E-02   -4.5507E-03   
1.5457E-02   -4.3344E-03   
1.6364E-02   -3.8841E-03   
1.6780E-02   -3.6502E-03   
1.7171E-02   -3.4110E-03   
1.7535E-02   -3.1667E-03   
1.7871E-02   -2.9179E-03   
1.8181E-02   -2.6648E-03   
1.8462E-02   -2.4079E-03   
1.8938E-02   -1.8836E-03   
1.9133E-02   -1.6167E-03   
1.9297E-02   -1.3465E-03   
1.9421E-02   -1.0740E-03   
1.9545E-02   -8.0642E-04   
1.9602E-02   -5.4147E-04   
1.9660E-02   -2.6289E-04   
1.9786E-02   -3.4396E-34   
1.9857E-02   -3.2002E-34   
1.9915E-02   -2.3658E-34   
1.9968E-02   -1.2498E-34   
2.0026E-02   -9.3617E-35   
2.0186E-02   -4.9555E-35   
2.0299E-02   -3.3485E-35   
2.0440E-02   -2.0389E-35   
2.0612E-02   -9.6191E-36   
2.1057E-02   6.8739E-36   
2.1334E-02   1.3196E-35   
2.1649E-02   1.8694E-35   
2.2003E-02   2.3824E-35   
2.2833E-02   3.3512E-35   
2.3310E-02   3.8067E-35   
2.4392E-02   4.7419E-35   
2.4998E-02   5.2474E-35   
2.6343E-02   9.5069E-35   
2.7083E-02   7.1425E-35   
2.8699E-02   1.3462E-34   
3.0499E-02   1.7430E-34   
3.1468E-02   1.9678E-34   
3.3542E-02   2.3715E-34   
3.5796E-02   3.1704E-34   
3.9500E-02   4.7381E-34   
4.2172E-02   4.9601E-34   
4.5000E-02   -5.8154E-34   
4.5000E-02   -5.8154E-34   
4.5000E-02   -5.8154E-34   
4.5000E-02   -5.8154E-34   
4.5000E-02   -5.8154E-34   
3.9859E-02   -3.4151E-03   
3.2453E-02   -6.6209E-03   
2.7417E-02   -8.0655E-03   
2.2556E-02   -9.2266E-03   
1.9412E-02   -9.9437E-03   
1.4887E-02   -1.0995E-02   
1.2033E-02   -1.1674E-02   
8.0446E-03   -1.2590E-02   
5.5854E-03   -1.3077E-02   
3.2680E-03   -1.3419E-02   
1.0712E-03   -1.3596E-02   
6.0356E-34   -1.3249E-02   
8.4780E-34   -1.2542E-02   
8.3086E-34   -1.1889E-02   
1.2107E-33   -1.1587E-02   
1.2222E-33   -1.1032E-02   
7.4836E-34   -1.0544E-02   
7.2806E-34   -1.0324E-02   
7.0009E-34   -1.0120E-02   
6.5334E-34   -9.7561E-03   
6.3351E-34   -9.5951E-03   
5.9992E-34   -9.3122E-03   
5.8474E-34   -9.1891E-03   
5.6876E-34   -9.0772E-03   
5.4162E-34   -8.8840E-03   
5.3016E-34   -8.8009E-03   
5.1995E-34   -8.7258E-03   
5.1110E-34   -8.6575E-03   
4.9770E-34   -8.5368E-03   
4.9321E-34   -8.4818E-03   
4.9034E-34   -8.4285E-03   
4.8924E-34   -8.3752E-03   
4.9001E-34   -8.3201E-03   
4.9711E-34   -8.1960E-03   
5.0304E-34   -8.1222E-03   
5.1132E-34   -8.0369E-03   
5.2237E-34   -7.9375E-03   
5.3972E-34   -7.8214E-03   
8.5088E-34   -7.6803E-03   
8.5762E-34   -7.5158E-03   
7.0369E-34   -7.2983E-03   
8.2397E-03   -6.3453E-03   
1.2718E-02   -5.0419E-03   
1.4395E-02   -4.3831E-03   
9.5827E-03   -6.0154E-03   
1.8253E-02   -2.2636E-03   
6.1556E-03   -6.7590E-03   
2.5407E-03   -7.1975E-03   
1.7202E-02   -2.9819E-03   
1.9238E-02   -1.2996E-03   
1.5909E-02   -3.6927E-03   
1.0880E-02   -5.6485E-03   
1.8807E-02   -1.7827E-03   
1.1510E-02   -5.4533E-03   
5.4460E-03   -6.8731E-03   
1.5430E-02   -3.9262E-03   
1.7580E-02   -2.7430E-03   
1.9713E-02   -3.6345E-04   
9.7832E-04   -7.2796E-03   
4.7303E-03   -6.9746E-03   
1.3292E-02   -4.8268E-03   
1.3846E-02   -4.6065E-03   
1.8546E-02   -2.0234E-03   
3.2791E-03   -7.1368E-03   
1.9407E-02   -1.0541E-03   
1.7711E-03   -7.2492E-03   
4.0086E-03   -7.0627E-03   
1.7931E-02   -2.5035E-03   
1.9038E-02   -1.5414E-03   
6.8588E-03   -6.6326E-03   
1.6796E-02   -3.2202E-03   
1.6365E-02   -3.4573E-03   
1.0238E-02   -5.8363E-03   
7.5540E-03   -6.4945E-03   
8.9167E-03   -6.1854E-03   
1.2124E-02   -5.2511E-03   
1.4924E-02   -4.1565E-03   
5.6574E-04   -7.7435E-03   
5.3811E-04   -7.8712E-03   
5.1826E-04   -7.9792E-03   
4.9996E-04   -8.0712E-03   
4.8574E-04   -8.1499E-03   
4.7703E-04   -8.2184E-03   
4.7224E-04   -8.2796E-03   
4.7022E-04   -8.3360E-03   
4.7044E-04   -8.3897E-03   
1.9861E-02   -1.7510E-04   
4.7267E-04   -8.4425E-03   
1.9912E-02   -1.3819E-04   
4.7686E-04   -8.4964E-03   
1.9965E-02   -1.1153E-04   
4.8298E-04   -8.5527E-03   
2.0028E-02   -9.1680E-05   
4.9090E-04   -8.6128E-03   
2.0107E-02   -7.7929E-05   
5.0046E-04   -8.6782E-03   
2.0208E-02   -6.8942E-05   
5.1163E-04   -8.7498E-03   
2.0336E-02   -6.3923E-05   
5.2422E-04   -8.8289E-03   
2.0493E-02   -6.2121E-05   
5.3819E-04   -8.9164E-03   
2.0682E-02   -6.2794E-05   
5.5352E-04   -9.0131E-03   
2.0905E-02   -6.5360E-05   
5.6951E-04   -9.1197E-03   
2.1165E-02   -6.9595E-05   
5.8588E-04   -9.2369E-03   
2.1463E-02   -7.5158E-05   
6.0435E-04   -9.3659E-03   
2.1800E-02   -8.1616E-05   
6.2564E-04   -9.5076E-03   
2.2176E-02   -8.8631E-05   
6.4800E-04   -9.6622E-03   
2.2593E-02   -9.5365E-05   
6.7074E-04   -9.8301E-03   
2.3048E-02   -1.0309E-04   
6.9369E-04   -1.0012E-02   
2.3541E-02   -1.1147E-04   
7.1609E-04   -1.0207E-02   
2.4075E-02   -1.2123E-04   
7.4639E-04   -1.0415E-02   
2.4655E-02   -1.3006E-04   
7.8220E-04   -1.0639E-02   
2.5283E-02   -1.3644E-04   
8.0128E-04   -1.0880E-02   
2.5956E-02   -1.4247E-04   
8.2109E-04   -1.1137E-02   
2.6680E-02   -1.4846E-04   
8.7924E-04   -1.1412E-02   
2.7458E-02   -1.5117E-04   
9.1346E-04   -1.1714E-02   
2.8263E-02   -1.4790E-04   
9.1959E-04   -1.2032E-02   
2.9099E-02   -1.5305E-04   
9.5497E-04   -1.2364E-02   
2.9996E-02   -1.5492E-04   
1.0112E-03   -1.2721E-02   
1.0229E-02   -5.6416E-03   
1.5940E-02   -3.3055E-03   
1.7657E-02   -2.3655E-03   
7.5931E-03   -6.4251E-03   
1.9669E-02   -5.3266E-04   
2.0548E-03   -7.3851E-03   
1.3240E-02   -4.5020E-03   
1.9344E-02   -1.0312E-03   
3.4675E-03   -7.2369E-03   
5.5534E-03   -6.8934E-03   
4.8654E-03   -7.0220E-03   
1.4928E-02   -3.7852E-03   
1.1494E-02   -5.2021E-03   
1.8645E-02   -1.6894E-03   
1.8910E-02   -1.4689E-03   
1.2101E-02   -4.9745E-03   
1.4379E-02   -4.0225E-03   
1.8018E-02   -2.1376E-03   
1.7268E-02   -2.5965E-03   
8.2622E-03   -6.2443E-03   
6.2385E-03   -6.7503E-03   
1.2630E-03   -7.4606E-03   
8.9250E-03   -6.0527E-03   
1.2677E-02   -4.7399E-03   
1.3811E-02   -4.2605E-03   
1.8347E-02   -1.9123E-03   
1.9143E-02   -1.2496E-03   
9.5813E-03   -5.8515E-03   
1.6408E-02   -3.0669E-03   
4.1695E-03   -7.1369E-03   
6.9189E-03   -6.5939E-03   
1.6851E-02   -2.8304E-03   
1.9518E-02   -8.0530E-04   
2.7569E-03   -7.3198E-03   
1.5447E-02   -3.5461E-03   
1.0868E-02   -5.4250E-03   
5.8955E-04   -7.5904E-03   
1.1274E-03   -7.7687E-03   
1.0763E-03   -7.8931E-03   
1.0303E-03   -7.9926E-03   
9.8823E-04   -8.0777E-03   
9.6206E-04   -8.1501E-03   
9.4794E-04   -8.2134E-03   
9.4131E-04   -8.2707E-03   
1.9799E-02   -2.3819E-04   
9.3989E-04   -8.3245E-03   
9.4272E-04   -8.3768E-03   
1.9804E-02   -3.0310E-04   
9.4950E-04   -8.4294E-03   
1.9846E-02   -2.4863E-04   
9.6014E-04   -8.4839E-03   
1.9901E-02   -2.0193E-04   
9.7446E-04   -8.5416E-03   
1.9970E-02   -1.6932E-04   
9.9217E-04   -8.6041E-03   
2.0059E-02   -1.4763E-04   
1.0126E-03   -8.6723E-03   
2.0173E-02   -1.3416E-04   
1.0385E-03   -8.7470E-03   
2.0316E-02   -1.2779E-04   
1.0692E-03   -8.8296E-03   
2.0491E-02   -1.2710E-04   
1.0984E-03   -8.9218E-03   
2.0698E-02   -1.3069E-04   
1.1255E-03   -9.0237E-03   
2.0943E-02   -1.3749E-04   
1.1542E-03   -9.1350E-03   
2.1227E-02   -1.4749E-04   
1.1880E-03   -9.2574E-03   
2.1547E-02   -1.6002E-04   
1.2281E-03   -9.3921E-03   
2.1908E-02   -1.7422E-04   
1.2728E-03   -9.5400E-03   
2.2313E-02   -1.8695E-04   
1.3193E-03   -9.7015E-03   
2.2750E-02   -1.9710E-04   
1.3655E-03   -9.8767E-03   
2.3207E-02   -2.1532E-04   
1.4034E-03   -1.0065E-02   
2.3708E-02   -2.3181E-04   
1.4313E-03   -1.0262E-02   
2.4255E-02   -2.5528E-04   
1.5187E-03   -1.0466E-02   
2.4861E-02   -2.6962E-04   
1.5968E-03   -1.0698E-02   
2.5515E-02   -2.7903E-04   
1.5961E-03   -1.0950E-02   
2.6213E-02   -2.9286E-04   
1.6681E-03   -1.1200E-02   
2.6990E-02   -3.0247E-04   
1.9018E-03   -1.1483E-02   
2.7825E-02   -3.0196E-04   
1.8318E-03   -1.1822E-02   
2.8592E-02   -2.8025E-04   
1.8646E-03   -1.2140E-02   
2.9413E-02   -3.3590E-04   
1.9595E-03   -1.2473E-02   
3.0942E-02   -1.6327E-04   
1.3240E-02   -4.1910E-03   
1.3848E-02   -3.9293E-03   
1.1523E-02   -4.9534E-03   
1.4424E-02   -3.6837E-03   
1.0900E-02   -5.1939E-03   
5.0036E-03   -7.0336E-03   
5.6713E-03   -6.8783E-03   
6.3364E-03   -6.7083E-03   
6.9985E-03   -6.5244E-03   
7.6576E-03   -6.3273E-03   
4.3245E-03   -7.1757E-03   
8.3142E-03   -6.1181E-03   
1.0264E-02   -5.4341E-03   
1.4980E-02   -3.4407E-03   
8.9681E-03   -5.8983E-03   
9.6190E-03   -5.6697E-03   
3.6249E-03   -7.3057E-03   
1.5508E-02   -3.1945E-03   
1.8458E-02   -1.6057E-03   
1.8757E-02   -1.4002E-03   
1.9018E-02   -1.2007E-03   
1.8125E-02   -1.8163E-03   
2.9272E-03   -7.4155E-03   
1.6011E-02   -2.9507E-03   
1.7760E-02   -2.0317E-03   
1.6940E-02   -2.4789E-03   
1.6488E-02   -2.7120E-03   
1.7365E-02   -2.2526E-03   
2.2704E-03   -7.4845E-03   
1.7096E-03   -7.5358E-03   
1.9246E-02   -1.0027E-03   
1.9445E-02   -8.0153E-04   
1.9618E-02   -5.9574E-04   
1.1733E-03   -7.6414E-03   
1.6219E-03   -7.8794E-03   
1.5210E-03   -7.9780E-03   
1.4616E-03   -8.0566E-03   
1.4304E-03   -8.1227E-03   
1.4153E-03   -8.1808E-03   
1.4100E-03   -8.2344E-03   
1.9755E-02   -3.7822E-04   
1.4118E-03   -8.2857E-03   
1.4196E-03   -8.3368E-03   
1.9666E-02   -4.3083E-04   
1.4333E-03   -8.3893E-03   
1.9720E-02   -3.3824E-04   
1.4525E-03   -8.4446E-03   
1.9779E-02   -2.7976E-04   
1.4770E-03   -8.5040E-03   
1.9856E-02   -2.4068E-04   
1.5048E-03   -8.5689E-03   
1.9957E-02   -2.1592E-04   
1.5420E-03   -8.6384E-03   
2.0088E-02   -2.0111E-04   
1.6017E-03   -8.7128E-03   
2.0248E-02   -1.9663E-04   
1.6478E-03   -8.8007E-03   
2.0438E-02   -1.9999E-04   
1.6751E-03   -8.9005E-03   
2.0668E-02   -2.0792E-04   
1.7119E-03   -9.0073E-03   
2.0939E-02   -2.1994E-04   
1.7519E-03   -9.1243E-03   
2.1243E-02   -2.3781E-04   
1.8052E-03   -9.2509E-03   
2.1585E-02   -2.5946E-04   
1.8767E-03   -9.3898E-03   
2.1982E-02   -2.8000E-04   
1.9496E-03   -9.5444E-03   
2.2434E-02   -2.9502E-04   
2.0199E-03   -9.7144E-03   
2.2864E-02   -2.9509E-04   
2.0790E-03   -9.9006E-03   
2.3283E-02   -3.5117E-04   
2.0986E-03   -1.0102E-02   
2.0589E-03   -1.0291E-02   
2.4094E-03   -1.0756E-02   
2.5672E-02   -4.3334E-04   
2.6857E-03   -1.1615E-02   
2.8009E-03   -1.2196E-02   
2.7292E-02   -4.6645E-04   
3.1983E-02   -1.7510E-04   
1.9121E-02   -9.7819E-04   
1.9342E-02   -7.9490E-04   
1.9543E-02   -6.0863E-04   
1.2135E-02   -4.4864E-03   
1.1603E-02   -4.6996E-03   
4.4830E-03   -7.1830E-03   
3.7900E-03   -7.3431E-03   
7.0993E-03   -6.4292E-03   
5.1482E-03   -7.0143E-03   
7.7479E-03   -6.2063E-03   
5.8022E-03   -6.8331E-03   
1.0980E-02   -4.9573E-03   
1.4528E-02   -3.3809E-03   
6.4515E-03   -6.6384E-03   
1.8253E-02   -1.5332E-03   
1.7885E-02   -1.7368E-03   
8.3971E-03   -5.9715E-03   
9.0469E-03   -5.7268E-03   
1.6600E-02   -2.3906E-03   
1.7058E-02   -2.1646E-03   
1.8589E-02   -1.3351E-03   
3.0685E-03   -7.4881E-03   
1.8877E-02   -1.1541E-03   
1.0341E-02   -5.2169E-03   
1.6117E-02   -2.6267E-03   
9.6964E-03   -5.4745E-03   
1.7486E-02   -1.9470E-03   
1.5077E-02   -3.1234E-03   
1.5608E-02   -2.8717E-03   
2.0864E-03   -7.8552E-03   
1.9748E-03   -7.9415E-03   
1.9211E-03   -8.0099E-03   
1.8936E-03   -8.0683E-03   
1.8819E-03   -8.1211E-03   
1.8810E-03   -8.1709E-03   
1.8888E-03   -8.2200E-03   
1.9042E-03   -8.2701E-03   
1.9687E-02   -4.5962E-04   
1.9495E-02   -5.0319E-04   
1.9267E-03   -8.3227E-03   
1.9540E-02   -4.1620E-04   
1.9564E-03   -8.3790E-03   
1.9607E-02   -3.5277E-04   
1.9915E-03   -8.4402E-03   
1.9692E-02   -3.1275E-04   
2.0321E-03   -8.5058E-03   
1.9807E-02   -2.8928E-04   
2.0882E-03   -8.5740E-03   
1.9961E-02   -2.7383E-04   
2.2424E-03   -8.6384E-03   
2.0129E-02   -2.7613E-04   
2.2191E-03   -8.7515E-03   
2.0333E-02   -2.8568E-04   
2.2646E-03   -8.8541E-03   
2.0600E-02   -2.9828E-04   
2.3097E-03   -8.9695E-03   
2.0897E-02   -3.1467E-04   
2.4457E-03   -9.2158E-03   
2.7781E-03   -1.0154E-02   
2.1576E-02   -3.7777E-04   
2.5696E-03   -9.3559E-03   
2.6635E-03   -9.5224E-03   
2.8287E-03   -9.9118E-03   
2.3841E-02   -3.4660E-04   
2.5071E-02   -3.9816E-04   
2.5804E-02   -6.0937E-04   
2.2037E-02   -4.0441E-04   
3.7058E-03   -1.1904E-02   
2.6634E-02   -6.3091E-04   
2.8060E-03   -1.1373E-02   
2.3083E-02   -4.9475E-04   
3.3327E-03   -1.0538E-02   
1.9434E-02   -6.2447E-04   
1.9199E-02   -8.0413E-04   
1.8986E-02   -9.6627E-04   
1.3575E-02   -3.5872E-03   
1.3353E-02   -3.8738E-03   
1.4079E-02   -3.3470E-03   
1.1129E-02   -4.7155E-03   
1.8401E-02   -1.2824E-03   
4.6708E-03   -7.1543E-03   
1.8739E-02   -1.0939E-03   
3.9897E-03   -7.3404E-03   
3.2819E-03   -7.5126E-03   
5.3213E-03   -6.9616E-03   
7.2225E-03   -6.3127E-03   
6.5851E-03   -6.5452E-03   
1.0466E-02   -4.9922E-03   
5.9556E-03   -6.7604E-03   
7.8653E-03   -6.0663E-03   
1.4645E-02   -3.0873E-03   
1.6740E-02   -2.1023E-03   
1.8029E-02   -1.4773E-03   
8.5119E-03   -5.8086E-03   
1.7200E-02   -1.8847E-03   
1.7629E-02   -1.6770E-03   
1.6252E-02   -2.3322E-03   
9.1617E-03   -5.5419E-03   
9.8138E-03   -5.2690E-03   
1.5738E-02   -2.5742E-03   
1.5201E-02   -2.8271E-03   
2.0654E-03   -7.6923E-03   
2.4788E-03   -7.8132E-03   
2.4141E-03   -7.8793E-03   
2.3755E-03   -7.9363E-03   
2.3560E-03   -7.9871E-03   
2.3512E-03   -8.0346E-03   
2.3579E-03   -8.0809E-03   
2.3739E-03   -8.1281E-03   
2.3985E-03   -8.1775E-03   
1.9234E-02   -5.9714E-04   
2.4323E-03   -8.2303E-03   
1.9317E-02   -4.8813E-04   
2.4747E-03   -8.2873E-03   
2.5195E-03   -8.3507E-03   
1.9390E-02   -4.2760E-04   
1.9480E-02   -3.9257E-04   
2.5512E-03   -8.4229E-03   
1.9597E-02   -3.7876E-04   
2.6960E-03   -8.6040E-03   
1.9911E-02   -3.8141E-04   
2.8051E-03   -8.6760E-03   
2.0513E-02   -4.0403E-04   
2.0202E-02   -3.8876E-04   
2.8964E-03   -8.7850E-03   
3.2076E-03   -9.1204E-03   
2.3477E-03   -9.0937E-03   
3.3111E-03   -9.2982E-03   
3.4351E-03   -9.4737E-03   
3.4625E-03   -1.1419E-02   
3.4120E-03   -1.1154E-02   
3.5703E-03   -9.6677E-03   
2.1539E-02   -5.2035E-04   
2.3622E-02   -4.6697E-04   
2.2589E-02   -6.0056E-04   
2.4953E-02   -5.7097E-04   
2.2043E-02   -5.5328E-04   
2.1206E-02   -3.4561E-04   
3.7409E-03   -9.9012E-03   
3.1859E-03   -1.0879E-02   
3.5082E-03   -1.0226E-02   
2.7495E-02   -6.4736E-04   
3.5415E-03   -1.2221E-02   
3.3532E-03   -1.1673E-02   
2.5940E-02   -7.9955E-04   
1.2941E-02   -3.7688E-03   
1.9274E-02   -6.6637E-04   
1.8556E-02   -1.0612E-03   
4.9034E-03   -7.0862E-03   
1.8179E-02   -1.2521E-03   
4.2574E-03   -7.2900E-03   
2.9438E-03   -7.6357E-03   
1.0639E-02   -4.7544E-03   
6.7367E-03   -6.4325E-03   
6.1173E-03   -6.6686E-03   
5.5164E-03   -6.8832E-03   
1.4210E-02   -3.1006E-03   
7.3700E-03   -6.1785E-03   
1.6903E-02   -1.8449E-03   
8.0112E-03   -5.9109E-03   
1.7360E-02   -1.6374E-03   
1.7783E-02   -1.4411E-03   
1.6414E-02   -2.0667E-03   
8.6592E-03   -5.6325E-03   
9.9705E-03   -5.0535E-03   
1.4791E-02   -2.8195E-03   
1.5897E-02   -2.3034E-03   
9.3132E-03   -5.3460E-03   
1.5354E-02   -2.5548E-03   
2.9758E-03   -7.6732E-03   
2.9165E-03   -7.7311E-03   
1.2094E-02   -4.1299E-03   
2.8675E-03   -7.7855E-03   
1.1338E-02   -4.4451E-03   
2.8354E-03   -7.8347E-03   
2.8234E-03   -7.8793E-03   
2.8273E-03   -7.9220E-03   
2.8433E-03   -7.9653E-03   
2.8699E-03   -8.0107E-03   
2.9070E-03   -8.0594E-03   
3.3247E-03   -8.4590E-03   
1.9007E-02   -6.3745E-04   
2.9549E-03   -8.1119E-03   
3.0126E-03   -8.1704E-03   
1.9065E-02   -5.6064E-04   
3.0708E-03   -8.2403E-03   
1.9130E-02   -5.1217E-04   
1.9210E-02   -4.8883E-04   
2.5644E-03   -8.4935E-03   
1.9757E-02   -4.9401E-04   
3.4688E-03   -8.5651E-03   
3.4601E-03   -8.9003E-03   
2.3313E-02   -6.4535E-04   
2.1974E-02   -7.2580E-04   
2.0451E-02   -5.3815E-04   
4.0967E-03   -9.2136E-03   
2.0058E-02   -5.1121E-04   
4.2850E-03   -9.3852E-03   
2.9186E-03   -8.9209E-03   
4.1745E-03   -1.1513E-02   
4.4345E-03   -9.5808E-03   
2.4119E-02   -6.2921E-04   
4.2934E-03   -1.0288E-02   
4.1545E-03   -1.0598E-02   
2.1047E-02   -4.8919E-04   
4.2825E-03   -1.1174E-02   
3.9492E-03   -9.0532E-03   
2.1475E-02   -6.8281E-04   
2.6789E-02   -8.2014E-04   
2.5145E-02   -7.6754E-04   
1.8657E-02   -8.9555E-04   
1.8307E-02   -1.0686E-03   
1.8961E-02   -8.3671E-04   
3.9498E-03   -7.3991E-03   
5.1646E-03   -6.9919E-03   
1.3745E-02   -3.1413E-03   
6.2856E-03   -6.5620E-03   
1.7928E-02   -1.2442E-03   
5.6783E-03   -6.8010E-03   
6.9083E-03   -6.3039E-03   
2.3999E-03   -7.7042E-03   
7.5423E-03   -6.0299E-03   
1.0169E-02   -4.8292E-03   
1.6597E-02   -1.8289E-03   
1.7519E-02   -1.4273E-03   
1.7076E-02   -1.6210E-03   
1.4369E-02   -2.8446E-03   
8.1866E-03   -5.7428E-03   
1.6080E-02   -2.0578E-03   
8.8392E-03   -5.4457E-03   
9.5001E-03   -5.1408E-03   
1.4964E-02   -2.5660E-03   
1.5534E-02   -2.3042E-03   
1.0866E-02   -4.5059E-03   
3.4505E-03   -7.5618E-03   
3.3877E-03   -7.6133E-03   
3.3266E-03   -7.6649E-03   
3.5377E-03   -7.4987E-03   
3.3005E-03   -7.7076E-03   
1.1594E-02   -4.1723E-03   
1.2350E-02   -3.8250E-03   
3.2985E-03   -7.7461E-03   
1.8920E-02   -7.4272E-04   
1.3078E-02   -3.4741E-03   
3.3134E-03   -7.7843E-03   
3.3417E-03   -7.8246E-03   
3.4343E-03   -7.9156E-03   
1.8739E-02   -7.0607E-04   
3.5044E-03   -7.9667E-03   
3.6021E-03   -8.0221E-03   
1.8762E-02   -6.5128E-04   
1.8822E-02   -6.1323E-04   
3.5269E-03   -8.2784E-03   
3.6459E-03   -8.6867E-03   
1.9538E-02   -6.2935E-04   
2.1017E-02   -6.4591E-04   
4.9267E-03   -9.0808E-03   
3.0523E-03   -8.3404E-03   
2.2508E-02   -7.8067E-04   
3.9931E-03   -8.3311E-03   
2.1347E-02   -8.6487E-04   
3.8769E-03   -8.9144E-03   
5.0769E-03   -1.0342E-02   
4.6872E-03   -8.9396E-03   
4.6359E-03   -9.7323E-03   
2.0636E-02   -6.2783E-04   
2.4483E-02   -7.4417E-04   
1.9845E-02   -6.6228E-04   
4.4695E-03   -9.9794E-03   
4.1724E-03   -1.0885E-02   
2.5212E-02   -9.7188E-04   
2.7573E-02   -8.2432E-04   
4.3776E-03   -1.2098E-02   
5.3422E-03   -1.1204E-02   
2.3848E-02   -5.3905E-04   
1.8048E-02   -1.0893E-03   
5.1907E-03   -6.9685E-03   
1.0407E-02   -4.5981E-03   
5.8599E-03   -6.7009E-03   
6.4784E-03   -6.4389E-03   
1.7662E-02   -1.2594E-03   
7.1034E-03   -6.1619E-03   
1.3939E-02   -2.9026E-03   
1.6797E-02   -1.6205E-03   
1.7254E-02   -1.4332E-03   
7.7418E-03   -5.8693E-03   
1.6286E-02   -1.8371E-03   
9.7210E-03   -4.9285E-03   
8.3920E-03   -5.5642E-03   
1.4566E-02   -2.6081E-03   
9.0524E-03   -5.2499E-03   
1.5740E-02   -2.0754E-03   
1.5165E-02   -2.3332E-03   
3.9962E-03   -7.4039E-03   
3.8295E-03   -7.4818E-03   
1.8708E-02   -7.8255E-04   
3.7854E-03   -7.5218E-03   
1.2581E-02   -3.5576E-03   
1.1123E-02   -4.2561E-03   
1.3278E-02   -3.2201E-03   
3.7763E-03   -7.5547E-03   
3.7867E-03   -7.5874E-03   
1.1853E-02   -3.9073E-03   
3.8151E-03   -7.6214E-03   
3.8586E-03   -7.6585E-03   
3.9150E-03   -7.6999E-03   
1.8900E-02   -5.9960E-04   
3.9912E-03   -7.7441E-03   
3.7320E-03   -8.0933E-03   
4.1011E-03   -7.7871E-03   
1.8355E-02   -8.2358E-04   
2.0475E-02   -7.7322E-04   
1.8407E-02   -7.6143E-04   
4.1676E-03   -8.4184E-03   
4.2526E-03   -8.6811E-03   
1.9273E-02   -6.1116E-04   
3.9205E-03   -8.2397E-03   
2.0148E-02   -7.1855E-04   
5.3755E-03   -8.8089E-03   
5.4259E-03   -9.6737E-03   
4.5128E-03   -8.7977E-03   
5.1397E-03   -9.5116E-03   
1.9257E-02   -7.9582E-04   
2.3717E-02   -8.4668E-04   
6.0505E-03   -1.0053E-02   
2.4461E-02   -9.2572E-04   
4.8770E-03   -1.0627E-02   
2.5242E-02   -1.1969E-03   
5.4783E-03   -1.1910E-02   
2.7038E-02   -1.0351E-03   
2.8344E-02   -6.9845E-04   
6.0983E-03   -1.1438E-02   
2.2959E-02   -8.6370E-04   
1.8162E-02   -9.6161E-04   
4.5697E-03   -7.1982E-03   
5.5059E-03   -6.8266E-03   
6.0880E-03   -6.5755E-03   
9.9726E-03   -4.7122E-03   
6.6957E-03   -6.3015E-03   
1.7421E-02   -1.2897E-03   
1.7030E-02   -1.4320E-03   
7.3237E-03   -6.0080E-03   
4.2736E-03   -7.3160E-03   
1.6522E-02   -1.6358E-03   
1.4165E-02   -2.6767E-03   
7.9690E-03   -5.6984E-03   
9.2935E-03   -5.0485E-03   
1.5972E-02   -1.8666E-03   
8.6270E-03   -5.3773E-03   
1.4792E-02   -2.3871E-03   
1.5395E-02   -2.1173E-03   
4.2681E-03   -7.3293E-03   
1.0676E-02   -4.3653E-03   
1.2827E-02   -3.3147E-03   
1.3509E-02   -2.9868E-03   
4.2670E-03   -7.3488E-03   
1.2117E-02   -3.6595E-03   
4.2655E-03   -7.3770E-03   
4.2913E-03   -7.4041E-03   
1.1395E-02   -4.0122E-03   
1.8477E-02   -8.3496E-04   
4.4758E-03   -7.5051E-03   
4.3369E-03   -7.4333E-03   
1.8465E-02   -7.3434E-04   
4.3984E-03   -7.4667E-03   
1.9266E-02   -4.9498E-04   
4.2647E-03   -8.0254E-03   
4.2483E-03   -7.8295E-03   
4.5075E-03   -8.0811E-03   
4.5834E-03   -7.5419E-03   
1.7975E-02   -9.3086E-04   
1.9555E-02   -8.4423E-04   
1.8984E-02   -7.6489E-04   
4.5852E-03   -8.1866E-03   
5.2697E-03   -8.6542E-03   
5.9451E-03   -9.3066E-03   
2.4468E-02   -1.1494E-03   
1.9875E-02   -9.0328E-04   
5.0518E-03   -8.5182E-03   
2.2324E-02   -9.8350E-04   
6.2351E-03   -9.7056E-03   
2.2899E-02   -1.0815E-03   
5.8724E-03   -1.0440E-02   
4.3712E-03   -8.4892E-03   
2.6089E-02   -1.2390E-03   
2.0879E-02   -8.1876E-04   
2.9243E-02   -5.5865E-04   
6.6778E-03   -1.0968E-02   
4.6917E-03   -7.1558E-03   
1.7763E-02   -1.1327E-03   
5.7476E-03   -6.7065E-03   
6.3318E-03   -6.4396E-03   
6.9408E-03   -6.1515E-03   
9.5609E-03   -4.8442E-03   
1.7374E-02   -1.2263E-03   
5.0331E-03   -7.0192E-03   
1.6796E-02   -1.4460E-03   
1.0252E-02   -4.4943E-03   
7.5747E-03   -5.8422E-03   
1.6229E-02   -1.6760E-03   
8.2276E-03   -5.5174E-03   
8.8905E-03   -5.1837E-03   
1.4417E-02   -2.4646E-03   
1.5650E-02   -1.9183E-03   
1.5045E-02   -2.1805E-03   
4.8172E-03   -7.1110E-03   
1.2393E-02   -3.4280E-03   
1.3764E-02   -2.7687E-03   
1.3089E-02   -3.0904E-03   
1.9051E-02   -5.9694E-04   
4.7525E-03   -7.1557E-03   
1.0962E-02   -4.1373E-03   
4.7729E-03   -7.1750E-03   
1.1679E-02   -3.7796E-03   
1.8016E-02   -8.9026E-04   
4.9617E-03   -7.2511E-03   
4.8186E-03   -7.1953E-03   
5.0647E-03   -7.2839E-03   
4.8820E-03   -7.2201E-03   
5.3197E-03   -7.8633E-03   
1.7876E-02   -1.0172E-03   
1.8530E-02   -7.3342E-04   
4.7235E-03   -7.5773E-03   
1.9832E-02   -3.4543E-04   
5.6056E-03   -8.1855E-03   
1.8750E-02   -7.4966E-04   
2.0680E-02   -1.0185E-03   
2.0242E-02   -9.6185E-04   
1.9228E-02   -1.0485E-03   
1.8924E-02   -9.9106E-04   
2.1997E-02   -1.2081E-03   
1.8648E-02   -9.4738E-04   
4.8442E-03   -8.4218E-03   
6.1705E-03   -8.4932E-03   
4.3986E-03   -7.8672E-03   
4.9717E-03   -7.8147E-03   
6.4025E-03   -8.9381E-03   
2.3111E-02   -1.2781E-03   
6.3950E-03   -9.4095E-03   
4.9539E-03   -8.2133E-03   
2.5252E-02   -1.4405E-03   
6.1743E-03   -1.0743E-02   
3.0368E-02   -2.9409E-04   
7.0300E-03   -9.7171E-03   
2.9180E-02   -7.6877E-04   
2.4460E-02   -1.3916E-03   
2.1846E-02   -9.1187E-04   
6.8945E-03   -1.0053E-02   
5.1973E-03   -6.9467E-03   
6.0207E-03   -6.5697E-03   
6.6012E-03   -6.2929E-03   
9.8522E-03   -4.6396E-03   
1.7092E-02   -1.2645E-03   
7.2111E-03   -5.9915E-03   
9.1769E-03   -4.9879E-03   
1.6495E-02   -1.5067E-03   
7.8566E-03   -5.6657E-03   
8.5143E-03   -5.3292E-03   
1.5930E-02   -1.7363E-03   
1.2685E-02   -3.2129E-03   
1.4690E-02   -2.2684E-03   
1.5327E-02   -1.9879E-03   
1.4035E-02   -2.5693E-03   
5.2006E-03   -6.9505E-03   
1.3369E-02   -2.8831E-03   
1.7581E-02   -1.0933E-03   
1.0550E-02   -4.2809E-03   
1.1978E-02   -3.5604E-03   
5.2597E-03   -6.9384E-03   
1.1262E-02   -3.9188E-03   
5.3085E-03   -6.9458E-03   
5.5529E-03   -7.0112E-03   
5.4512E-03   -6.9839E-03   
1.7564E-02   -1.0635E-03   
5.3702E-03   -6.9618E-03   
1.8058E-02   -8.7835E-04   
1.9514E-02   -4.9812E-04   
5.1812E-03   -7.3222E-03   
1.8406E-02   -9.1889E-04   
1.8550E-02   -1.2126E-03   
4.7912E-03   -7.7725E-03   
1.8539E-02   -7.6784E-04   
1.8268E-02   -1.1587E-03   
1.8854E-02   -1.2820E-03   
6.3229E-03   -8.0534E-03   
2.1190E-02   -1.0662E-03   
1.9960E-02   -1.1846E-03   
4.9394E-03   -7.6044E-03   
2.1109E-02   -1.3092E-03   
7.0833E-03   -9.0164E-03   
5.8471E-03   -8.8524E-03   
6.7070E-03   -8.1044E-03   
5.8378E-03   -7.8809E-03   
2.4431E-02   -1.6529E-03   
2.6074E-02   -1.4882E-03   
7.3099E-03   -9.3133E-03   
6.9567E-03   -1.0353E-02   
2.9939E-02   -6.3972E-04   
7.6809E-03   -9.7368E-03   
5.4516E-03   -6.8330E-03   
6.3283E-03   -6.4176E-03   
9.4803E-03   -4.7949E-03   
6.8627E-03   -6.1509E-03   
1.6695E-02   -1.3931E-03   
1.0161E-02   -4.4394E-03   
7.5032E-03   -5.8247E-03   
8.8171E-03   -5.1418E-03   
1.6220E-02   -1.5790E-03   
1.2988E-02   -3.0157E-03   
8.1575E-03   -5.4859E-03   
1.2292E-02   -3.3555E-03   
5.7775E-03   -6.6837E-03   
1.5656E-02   -1.8092E-03   
1.4310E-02   -2.3950E-03   
1.3658E-02   -2.6971E-03   
5.8277E-03   -6.6776E-03   
1.1578E-02   -3.7118E-03   
1.0864E-02   -4.0758E-03   
1.7579E-02   -1.0425E-03   
1.8215E-02   -9.0451E-04   
6.0462E-03   -6.7260E-03   
5.8705E-03   -6.6916E-03   
5.3601E-03   -7.5502E-03   
5.9457E-03   -6.7063E-03   
1.8107E-02   -8.9128E-04   
5.6672E-03   -7.0471E-03   
7.0708E-03   -7.7738E-03   
1.7850E-02   -1.3980E-03   
5.2754E-03   -7.3716E-03   
1.8131E-02   -1.4643E-03   
1.8013E-02   -1.1200E-03   
1.9198E-02   -1.3642E-03   
6.4519E-03   -7.8234E-03   
8.6615E-03   -9.5178E-03   
7.2482E-03   -8.1416E-03   
2.1554E-02   -1.4663E-03   
2.0455E-02   -1.2507E-03   
2.6061E-02   -1.7419E-03   
6.1137E-03   -7.6158E-03   
7.8122E-03   -9.9679E-03   
2.3645E-02   -1.5983E-03   
2.6911E-02   -1.2960E-03   
7.9892E-03   -8.8958E-03   
6.9725E-03   -8.5053E-03   
7.3395E-03   -8.6591E-03   
2.4381E-02   -1.9363E-03   
1.7100E-02   -1.2246E-03   
9.7971E-03   -4.6086E-03   
9.1330E-03   -4.9593E-03   
6.4468E-03   -6.3605E-03   
1.5468E-02   -1.8693E-03   
1.7657E-02   -1.0715E-03   
7.1563E-03   -5.9989E-03   
1.2621E-02   -3.1666E-03   
1.6554E-02   -1.4270E-03   
1.3304E-02   -2.8380E-03   
1.5964E-02   -1.6634E-03   
7.8132E-03   -5.6560E-03   
1.1912E-02   -3.5175E-03   
1.0485E-02   -4.2478E-03   
1.1195E-02   -3.8811E-03   
6.3923E-03   -6.4095E-03   
1.4517E-02   -2.2812E-03   
1.3954E-02   -2.5347E-03   
6.5422E-03   -6.4333E-03   
6.4464E-03   -6.4224E-03   
5.7570E-03   -7.1112E-03   
6.1643E-03   -6.7544E-03   
1.7604E-02   -1.0474E-03   
6.7316E-03   -7.3008E-03   
1.7791E-02   -1.0954E-03   
1.7399E-02   -1.6653E-03   
6.6464E-03   -7.5399E-03   
1.7587E-02   -1.3496E-03   
1.8428E-02   -1.5499E-03   
2.2835E-02   -1.5361E-03   
1.9624E-02   -1.4481E-03   
7.6429E-03   -7.7789E-03   
5.7507E-03   -7.2544E-03   
5.5691E-03   -7.5944E-03   
2.2390E-02   -1.3604E-03   
2.0722E-02   -1.6215E-03   
7.8177E-03   -8.1287E-03   
8.7982E-03   -9.8397E-03   
9.0681E-03   -9.0634E-03   
7.3092E-03   -7.4532E-03   
2.3712E-02   -1.3364E-03   
2.5236E-02   -1.9625E-03   
2.6884E-02   -1.5343E-03   
2.7669E-02   -1.1486E-03   
8.0038E-03   -8.2924E-03   
8.8944E-03   -8.6053E-03   
1.5683E-02   -1.7761E-03   
8.7929E-03   -5.1410E-03   
9.4433E-03   -4.7945E-03   
1.7095E-02   -1.2476E-03   
1.4310E-02   -2.3704E-03   
1.3648E-02   -2.6729E-03   
1.6169E-02   -1.5798E-03   
1.0120E-02   -4.4363E-03   
1.2969E-02   -2.9936E-03   
1.2266E-02   -3.3367E-03   
8.1533E-03   -5.4824E-03   
1.1545E-02   -3.6982E-03   
1.0825E-02   -4.0679E-03   
6.8773E-03   -6.1518E-03   
6.9471E-03   -6.1398E-03   
7.0349E-03   -6.1407E-03   
6.6644E-03   -6.4510E-03   
6.2756E-03   -6.8053E-03   
7.4744E-03   -5.8438E-03   
1.7089E-02   -1.2238E-03   
1.6887E-02   -1.5666E-03   
1.5012E-02   -2.0580E-03   
1.7130E-02   -1.6079E-03   
6.6790E-03   -7.1498E-03   
6.1271E-03   -7.2649E-03   
8.6344E-03   -7.8886E-03   
1.7678E-02   -1.7405E-03   
6.3572E-03   -6.8926E-03   
1.7077E-02   -1.3179E-03   
8.0854E-03   -7.3669E-03   
1.8739E-02   -1.6645E-03   
7.5336E-03   -7.1025E-03   
2.1201E-02   -1.7094E-03   
2.2200E-02   -1.7867E-03   
2.0164E-02   -1.5279E-03   
2.8484E-02   -1.1446E-03   
9.4095E-03   -8.1851E-03   
8.9907E-03   -8.0370E-03   
9.7914E-03   -9.0988E-03   
2.4414E-02   -2.2201E-03   
9.0673E-03   -1.0156E-02   
2.6013E-02   -1.9993E-03   
2.7730E-02   -1.3459E-03   
1.6042E-02   -1.6449E-03   
9.0862E-03   -5.0034E-03   
8.4549E-03   -5.3398E-03   
1.4026E-02   -2.5156E-03   
1.6579E-02   -1.4244E-03   
1.3343E-02   -2.8329E-03   
9.7572E-03   -4.6466E-03   
1.2645E-02   -3.1683E-03   
1.0462E-02   -4.2750E-03   
1.1922E-02   -3.5262E-03   
7.5143E-03   -5.8573E-03   
1.1188E-02   -3.8990E-03   
7.1623E-03   -6.1426E-03   
1.5406E-02   -1.9091E-03   
1.6394E-02   -1.8455E-03   
7.9325E-03   -5.6175E-03   
6.9079E-03   -6.5547E-03   
7.3113E-03   -6.1582E-03   
7.0298E-03   -6.8364E-03   
1.4714E-02   -2.2060E-03   
1.6667E-02   -1.8858E-03   
2.1315E-02   -1.9381E-03   
1.6519E-02   -1.4841E-03   
1.6939E-02   -1.9460E-03   
7.4328E-03   -6.8795E-03   
1.7933E-02   -1.8452E-03   
1.9211E-02   -1.7647E-03   
1.6655E-02   -1.5491E-03   
1.0014E-02   -7.7464E-03   
8.1886E-03   -7.0527E-03   
9.0998E-03   -7.0527E-03   
2.1920E-02   -1.6277E-03   
2.8774E-02   -1.3945E-03   
9.6243E-03   -7.5810E-03   
1.9836E-02   -1.8428E-03   
2.2020E-02   -2.0446E-03   
2.3586E-02   -2.5483E-03   
1.0003E-02   -8.2933E-03   
1.0193E-02   -8.6218E-03   
2.3303E-02   -2.2373E-03   
2.9103E-02   -9.5746E-04   
2.6888E-02   -1.7788E-03   
7.8541E-03   -1.0634E-02   
8.1781E-03   -7.8138E-03   
8.7045E-03   -5.2441E-03   
8.0818E-03   -5.5697E-03   
1.3746E-02   -2.6838E-03   
1.5854E-02   -1.7647E-03   
1.3050E-02   -3.0133E-03   
1.0093E-02   -4.5097E-03   
7.6412E-03   -5.8430E-03   
1.2325E-02   -3.3670E-03   
7.4596E-03   -6.2028E-03   
1.0830E-02   -4.1247E-03   
6.9966E-03   -6.6598E-03   
1.1578E-02   -3.7411E-03   
1.4437E-02   -2.3684E-03   
7.8149E-03   -5.8296E-03   
1.5891E-02   -2.1512E-03   
1.6424E-02   -1.5722E-03   
1.5119E-02   -2.0686E-03   
1.6159E-02   -1.8135E-03   
1.6279E-02   -2.1393E-03   
1.7225E-02   -2.0200E-03   
1.0714E-02   -7.2734E-03   
8.4914E-03   -6.7031E-03   
9.4493E-03   -7.1497E-03   
8.7846E-03   -6.9671E-03   
2.0272E-02   -2.2316E-03   
2.6758E-02   -2.0225E-03   
1.0437E-02   -9.1788E-03   
7.8796E-03   -6.4964E-03   
9.1216E-03   -7.4907E-03   
1.9553E-02   -2.1727E-03   
2.2740E-02   -2.0702E-03   
2.9435E-02   -1.1063E-03   
2.7945E-02   -1.8184E-03   
2.3887E-02   -2.8028E-03   
1.1380E-02   -8.2693E-03   
8.8617E-03   -1.0630E-02   
1.8848E-02   -2.1180E-03   
7.1151E-03   -1.0597E-02   
1.3479E-02   -2.8720E-03   
1.5986E-02   -1.7864E-03   
1.4173E-02   -2.5481E-03   
1.2760E-02   -3.2185E-03   
1.0465E-02   -4.3785E-03   
8.2825E-03   -5.5204E-03   
6.4462E-03   -6.9831E-03   
7.5768E-03   -6.2924E-03   
1.4859E-02   -2.2389E-03   
8.0244E-03   -5.8299E-03   
1.5622E-02   -2.1162E-03   
9.3784E-03   -4.8877E-03   
1.1234E-02   -3.9812E-03   
1.0251E-02   -7.0607E-03   
9.5617E-03   -6.6675E-03   
1.6425E-02   -2.2471E-03   
9.0407E-03   -6.6686E-03   
7.6666E-03   -6.4183E-03   
8.1788E-03   -6.5166E-03   
8.0874E-03   -6.7093E-03   
1.0145E-02   -6.7094E-03   
1.1008E-02   -7.5167E-03   
2.1023E-02   -2.3103E-03   
2.5844E-02   -2.3145E-03   
1.9257E-02   -2.5225E-03   
1.4958E-02   -2.4886E-03   
1.7863E-02   -2.4488E-03   
2.1920E-02   -2.4010E-03   
1.1557E-02   -8.8234E-03   
9.5073E-03   -9.4561E-03   
1.8569E-02   -2.4710E-03   
2.3560E-02   -1.8814E-03   
1.1989E-02   -8.3712E-03   
1.0884E-02   -8.1690E-03   
2.4956E-02   -2.7117E-03   
2.2786E-02   -2.9250E-03   
1.3924E-02   -2.7412E-03   
1.3246E-02   -3.0681E-03   
1.5379E-02   -2.0904E-03   
8.2015E-03   -5.8878E-03   
1.5437E-02   -1.9838E-03   
1.4609E-02   -2.4260E-03   
1.2500E-02   -3.4378E-03   
8.5404E-03   -5.4719E-03   
1.0886E-02   -4.2477E-03   
1.1688E-02   -3.8414E-03   
1.0459E-02   -6.2914E-03   
9.9063E-03   -6.2916E-03   
8.9772E-03   -5.1609E-03   
8.2834E-03   -6.1830E-03   
8.2716E-03   -6.0283E-03   
8.7022E-03   -6.1379E-03   
9.7100E-03   -4.7754E-03   
1.6865E-02   -2.3213E-03   
1.4424E-02   -2.8647E-03   
1.7609E-02   -2.7929E-03   
8.8416E-03   -6.3200E-03   
1.7024E-02   -2.5486E-03   
1.1816E-02   -7.8242E-03   
1.9945E-02   -2.5978E-03   
1.1852E-02   -7.0119E-03   
9.3152E-03   -8.7200E-03   
1.2698E-02   -8.4305E-03   
1.5763E-02   -2.6252E-03   
1.8258E-02   -2.8313E-03   
1.1215E-02   -6.4810E-03   
1.2472E-02   -7.9190E-03   
1.1029E-02   -9.3055E-03   
2.3148E-02   -3.1708E-03   
2.6124E-02   -2.6248E-03   
1.3734E-02   -2.9130E-03   
1.4367E-02   -2.6268E-03   
1.0104E-02   -4.6550E-03   
8.9035E-03   -5.8278E-03   
1.1355E-02   -4.1218E-03   
9.7568E-03   -5.9177E-03   
8.9067E-03   -5.4164E-03   
1.4741E-02   -2.9397E-03   
9.3210E-03   -5.0688E-03   
9.0487E-03   -5.5468E-03   
1.7512E-02   -2.0656E-03   
1.2216E-02   -3.7012E-03   
1.4984E-02   -2.3430E-03   
1.0265E-02   -5.9006E-03   
1.7291E-02   -3.1577E-03   
1.0812E-02   -5.8926E-03   
1.7065E-02   -2.7757E-03   
8.4308E-03   -9.0031E-03   
1.3638E-02   -8.4280E-03   
1.8906E-02   -2.8973E-03   
9.8680E-03   -9.6275E-03   
1.2489E-02   -6.1257E-03   
1.2164E-02   -7.3277E-03   
1.6039E-02   -2.7804E-03   
2.0652E-02   -2.6971E-03   
1.1684E-02   -9.4506E-03   
1.2714E-02   -6.4705E-03   
1.2985E-02   -7.4308E-03   
1.2314E-02   -8.9090E-03   
2.1999E-02   -3.3286E-03   
1.1015E-02   -6.2739E-03   
2.7363E-02   -2.5068E-03   
1.0553E-02   -4.5299E-03   
1.0640E-02   -5.4913E-03   
1.3157E-02   -3.2410E-03   
9.7738E-03   -4.9398E-03   
1.3757E-02   -3.2752E-03   
1.1378E-02   -5.9036E-03   
9.3796E-03   -5.9187E-03   
1.8523E-02   -3.2924E-03   
1.1841E-02   -4.0188E-03   
1.1176E-02   -5.4802E-03   
9.5701E-03   -5.1643E-03   
1.5020E-02   -3.0731E-03   
1.7899E-02   -3.2164E-03   
1.4044E-02   -2.8741E-03   
9.5010E-03   -5.6769E-03   
1.6257E-02   -2.9724E-03   
1.0290E-02   -7.9170E-03   
1.1904E-02   -5.9781E-03   
1.3005E-02   -6.7468E-03   
1.3503E-02   -6.9250E-03   
1.3766E-02   -7.5695E-03   
1.4878E-02   -7.9068E-03   
2.2404E-02   -3.6239E-03   
1.0932E-02   -9.9802E-03   
2.0208E-02   -3.0982E-03   
2.8208E-02   -2.1378E-03   
1.1015E-02   -4.4232E-03   
1.0243E-02   -4.8142E-03   
1.2815E-02   -3.5817E-03   
1.1547E-02   -5.0644E-03   
1.4007E-02   -3.3999E-03   
1.6571E-02   -3.1576E-03   
1.5291E-02   -3.2337E-03   
1.1758E-02   -5.4760E-03   
1.7532E-02   -3.6183E-03   
1.6928E-02   -3.5472E-03   
2.0914E-02   -3.4475E-03   
1.9167E-02   -3.3932E-03   
1.4676E-02   -6.5324E-03   
1.3836E-02   -6.2401E-03   
1.0096E-02   -5.5449E-03   
2.1279E-02   -2.8475E-03   
2.4145E-02   -3.0164E-03   
2.1231E-02   -4.1629E-03   
1.4934E-02   -7.4982E-03   
1.4914E-02   -8.3250E-03   
1.5093E-02   -7.0723E-03   
1.3009E-02   -5.5747E-03   
1.2253E-02   -9.6638E-03   
2.8538E-02   -2.3938E-03   
1.0672E-02   -4.7407E-03   
1.3637E-02   -3.1616E-03   
1.0280E-02   -5.2369E-03   
1.2217E-02   -3.9870E-03   
1.6443E-02   -4.0353E-03   
1.2946E-02   -3.7747E-03   
1.1468E-02   -4.3527E-03   
1.4278E-02   -3.5534E-03   
1.2119E-02   -5.0430E-03   
1.5732E-02   -3.6197E-03   
1.2773E-02   -5.0299E-03   
1.5952E-02   -3.8404E-03   
2.1699E-02   -3.0630E-03   
1.8162E-02   -3.6933E-03   
1.9871E-02   -3.5228E-03   
2.4995E-02   -3.0688E-03   
1.3612E-02   -5.9536E-03   
2.0795E-02   -3.1924E-03   
1.3554E-02   -5.6613E-03   
2.0069E-02   -3.8433E-03   
1.1046E-02   -5.0403E-03   
1.3587E-02   -5.0154E-03   
1.5468E-02   -6.6029E-03   
2.0126E-02   -4.1885E-03   
2.2430E-02   -3.9583E-03   
1.4009E-02   -6.4946E-03   
1.5948E-02   -7.0695E-03   
1.5831E-02   -7.8199E-03   
1.1387E-02   -1.0159E-02   
1.1084E-02   -4.7363E-03   
1.3110E-02   -4.5817E-03   
1.2014E-02   -4.2484E-03   
1.3299E-02   -3.8757E-03   
1.4433E-02   -5.4793E-03   
1.2451E-02   -4.6335E-03   
1.5283E-02   -4.3137E-03   
1.7312E-02   -3.9630E-03   
1.6922E-02   -7.5347E-03   
1.9171E-02   -4.2375E-03   
9.9131E-03   -5.1159E-03   
1.4249E-02   -5.1656E-03   
1.8753E-02   -3.8047E-03   
1.4613E-02   -3.6933E-03   
1.4889E-02   -4.1100E-03   
1.5909E-02   -6.1177E-03   
1.1094E-02   -1.0571E-02   
1.6314E-02   -6.6575E-03   
2.0056E-02   -4.5225E-03   
2.3214E-02   -3.6749E-03   
1.5570E-02   -3.4028E-03   
9.6530E-03   -5.4058E-03   
1.1893E-02   -4.7134E-03   
1.3806E-02   -4.5662E-03   
1.2580E-02   -4.3267E-03   
1.7740E-02   -4.1081E-03   
1.4138E-02   -4.1362E-03   
1.4596E-02   -4.7346E-03   
1.2534E-02   -4.1467E-03   
1.9268E-02   -4.9498E-03   
1.1850E-02   -4.5319E-03   
2.4197E-02   -3.5253E-03   
1.9111E-02   -4.6144E-03   
1.5050E-02   -6.0262E-03   
1.4427E-02   -4.5468E-03   
1.7680E-02   -7.0311E-03   
9.8418E-03   -1.1030E-02   
1.4985E-02   -3.7882E-03   
1.5803E-02   -5.4658E-03   
1.6692E-02   -4.3637E-03   
1.7164E-02   -4.6164E-03   
1.6469E-02   -5.5940E-03   
1.9614E-02   -5.2493E-03   
1.5114E-02   -5.0809E-03   
1.7232E-02   -6.7357E-03   
1.8080E-02   -7.2542E-03   
1.6955E-02   -5.0880E-03   
1.5386E-02   -5.2775E-03   
1.9149E-02   -7.2187E-03   
1.7166E-02   -5.7358E-03   
1.9244E-02   -3.9237E-03   
2.0955E-02   -4.9917E-03   
1.8373E-02   -5.4573E-03   
1.6014E-02   -4.8381E-03   
1.8112E-02   -4.6520E-03   
1.6667E-02   -6.2077E-03   
1.8608E-02   -5.7739E-03   
2.1986E-02   -4.4033E-03   
2.0285E-02   -6.6501E-03   
1.7661E-02   -5.8834E-03   
1.6263E-02   -5.0560E-03   
1.8559E-02   -6.1862E-03   
1.9612E-02   -6.1701E-03   
2.0967E-02   -5.7085E-03   
2.1454E-02   -5.2225E-03   
2.0590E-02   -6.2092E-03   
1.0106E-03   -1.3110E-02   
1.8446E-02   -6.5688E-03   
1.7391E-02   -7.7854E-03   
3.0316E-02   -1.0961E-03   
2.2798E-03   -1.0999E-02   
3.3074E-02   -1.6349E-04   
2.9726E-02   -2.2766E-03   
1.8360E-03   -1.3261E-02   
8.7866E-03   -1.1057E-02   
2.0719E-02   -6.8998E-03   
3.0827E-02   -5.8381E-04   
2.8061E-03   -1.3146E-02   
9.8687E-03   -1.0224E-02   
3.9849E-03   -1.2981E-02   
5.1891E-03   -1.2802E-02   
6.3910E-03   -1.2587E-02   
7.6312E-03   -1.2341E-02   
3.4133E-02   -1.4960E-04   
8.8976E-03   -1.2070E-02   
1.0226E-02   -1.1758E-02   
2.8955E-02   -1.8570E-03   
1.1596E-02   -1.1435E-02   
3.5223E-02   -1.4419E-04   
1.2986E-02   -1.1097E-02   
1.4417E-02   -1.0744E-02   
2.2170E-02   -4.7786E-03   
1.6032E-02   -1.0323E-02   
3.6370E-02   -1.3372E-04   
2.5237E-02   -2.1899E-03   
1.7322E-02   -1.0127E-02   
1.2942E-02   -8.0562E-03   
6.6834E-03   -1.1683E-02   
2.9165E-02   -1.6188E-03   
1.8825E-02   -9.6399E-03   
2.0513E-02   -9.2950E-03   
3.7554E-02   -1.1840E-04   
2.2086E-02   -8.9415E-03   
1.3694E-02   -9.3406E-03   
2.3833E-02   -8.5127E-03   
2.5195E-02   -8.3139E-03   
3.8779E-02   -1.0286E-04   
2.6773E-02   -7.8157E-03   
2.8554E-02   -7.3948E-03   
2.9508E-03   -1.2491E-02   
3.0224E-02   -6.9429E-03   
4.0194E-02   -9.2993E-05   
3.1253E-02   -3.6416E-04   
1.4633E-02   -8.7954E-03   
3.2033E-02   -6.3730E-03   
3.3759E-02   -5.8606E-03   
2.7731E-02   -2.7206E-03   
4.1766E-02   -5.0436E-05   
2.5292E-02   -3.3506E-03   
2.3290E-02   -3.9461E-03   
3.7157E-02   -4.5929E-03   
4.3457E-02   -7.2922E-04   
4.3768E-02   -7.2677E-04   
4.3599E-02   -2.0702E-04   
4.3730E-02   -8.6521E-05   
4.3499E-02   -4.6336E-04   
1.1937E-02   -1.0640E-02   
4.0957E-02   -2.6591E-03   
3.4184E-03   -1.2735E-02   
2.6148E-02   -3.4117E-03   
2.4628E-02   -3.8165E-03   
6.0122E-03   -1.2093E-02   
2.3075E-02   -4.7610E-03   
7.7634E-03   -1.1481E-02   
3.1134E-02   -9.2277E-04   
2.1765E-02   -5.7828E-03   
3.0545E-02   -1.9184E-03   
8.6176E-03   -1.1502E-02   
1.5334E-02   -8.9632E-03   
5.9143E-03   -1.2394E-02   
1.6952E-02   -8.3476E-03   
8.4097E-03   -1.1889E-02   
2.7459E-02   -3.0524E-03   
2.9731E-02   -6.6739E-03   
2.1629E-02   -8.6666E-03   
1.1122E-02   -1.1200E-02   
1.4095E-02   -9.5988E-03   
1.3926E-02   -1.0510E-02   
1.3593E-02   -1.0165E-02   
3.5757E-02   -2.8103E-04   
2.2220E-02   -6.5976E-03   
3.1757E-02   -5.2216E-04   
3.0094E-02   -2.4869E-03   
3.3649E-02   -2.9114E-04   
4.0019E-02   -2.0071E-04   
1.9742E-02   -7.4489E-03   
2.4379E-02   -7.9865E-03   
2.9646E-02   -1.2361E-03   
3.0065E-02   -1.6807E-03   
2.2270E-02   -5.0042E-03   
1.6196E-02   -7.9638E-03   
4.2714E-02   -2.0186E-05   
3.5524E-02   -5.2305E-03   
1.6473E-02   -9.8251E-03   
3.2431E-02   -5.8558E-03   
4.3820E-02   -4.9269E-04   
4.4019E-02   -4.5364E-05   
4.3953E-02   -1.2721E-04   
4.3869E-02   -2.9776E-04   
2.6953E-02   -7.3105E-03   
1.8939E-02   -9.1161E-03   
3.8090E-02   -2.2205E-04   
3.8681E-02   -3.3393E-03   
4.1949E-02   -1.4709E-04   
4.0759E-02   -2.4289E-03   
4.1675E-02   -1.0667E-03   
4.2145E-02   -2.0539E-04   
4.1934E-02   -4.5932E-04   
4.1414E-02   -1.6599E-03   
2.7227E-02   -3.4515E-03   
2.1291E-02   -8.3741E-03   
3.1467E-02   -7.1629E-04   
3.2546E-02   -6.0034E-04   
3.5115E-02   -4.4779E-04   
3.8156E-03   -1.2402E-02   
1.9279E-02   -7.9986E-03   
2.4381E-02   -4.3330E-03   
1.4816E-02   -1.0000E-02   
3.1334E-02   -1.1334E-03   
3.7426E-02   -3.6582E-04   
3.4954E-02   -5.0869E-03   
1.0740E-02   -1.0992E-02   
2.0139E-02   -8.6179E-03   
1.6022E-02   -9.6516E-03   
2.4031E-02   -7.7484E-03   
1.7863E-02   -8.3356E-03   
2.8535E-02   -6.7072E-03   
2.3133E-02   -5.5223E-03   
1.7565E-02   -9.2397E-03   
2.9713E-02   -2.8641E-03   
3.0937E-02   -2.1525E-03   
2.5621E-02   -7.3985E-03   
2.3336E-02   -5.9642E-03   
3.8755E-02   -3.1116E-04   
2.2679E-02   -6.9250E-03   
3.6268E-02   -4.0556E-04   
1.6681E-02   -8.8304E-03   
3.0969E-02   -1.4083E-03   
2.2642E-02   -8.0685E-03   
2.4013E-02   -4.8909E-03   
3.3778E-02   -4.8042E-04   
3.1329E-02   -1.5906E-03   
3.9957E-02   -1.6252E-03   
4.0618E-02   -3.5316E-04   
4.0373E-02   -7.4046E-04   
4.0855E-02   -2.0532E-04   
2.8365E-02   -3.0913E-03   
3.6503E-02   -4.2144E-03   
3.9023E-02   -2.7681E-03   
4.1856E-02   -3.8080E-04   
4.1503E-02   -1.4218E-03   
4.1545E-02   -7.3795E-04   
4.1374E-02   -8.9188E-04   
2.2230E-02   -7.7974E-03   
1.6703E-02   -9.1762E-03   
3.7854E-02   -4.7184E-04   
3.3686E-02   -5.3491E-03   
1.9323E-02   -8.5223E-03   
2.3696E-02   -6.3168E-03   
2.1752E-02   -7.5407E-03   
3.2208E-02   -2.0099E-03   
3.3314E-02   -6.9496E-04   
2.7329E-02   -6.7763E-03   
3.5682E-02   -5.5722E-04   
4.0230E-02   -9.9563E-04   
4.0743E-02   -5.1151E-04   
3.2545E-02   -1.4688E-03   
2.7008E-02   -3.8829E-03   
3.2475E-02   -1.0587E-03   
2.5554E-02   -4.3586E-03   
3.9875E-02   -1.3092E-03   
3.7016E-02   -3.4830E-03   
3.0800E-02   -2.8248E-03   
3.0162E-02   -6.0852E-03   
2.4460E-02   -5.4052E-03   
2.0456E-02   -7.8987E-03   
2.5005E-02   -7.1629E-03   
2.9972E-02   -3.1273E-03   
3.9932E-02   -3.1491E-04   
3.6199E-02   -4.0287E-03   
3.9250E-02   -2.1931E-03   
2.7625E-02   -6.2120E-03   
2.5955E-02   -5.1878E-03   
2.9765E-02   -3.4911E-03   
3.2038E-02   -2.6274E-03   
2.5982E-02   -6.5751E-03   
2.3155E-02   -7.2119E-03   
3.8264E-02   -5.6195E-04   
3.5338E-02   -4.1082E-03   
3.5785E-02   -7.3614E-04   
3.7143E-02   -6.4606E-04   
2.4562E-02   -6.8969E-03   
3.3309E-02   -1.1530E-03   
3.3405E-02   -8.8863E-04   
3.3012E-02   -1.6616E-03   
2.4243E-02   -5.1666E-03   
2.5049E-02   -6.0631E-03   
3.2714E-02   -2.2025E-03   
3.0561E-02   -5.5723E-03   
2.8173E-02   -3.8959E-03   
2.6776E-02   -4.3322E-03   
2.5830E-02   -5.6066E-03   
3.1081E-02   -3.2826E-03   
3.1911E-02   -2.9521E-03   
3.1373E-02   -5.9645E-03   
3.3490E-02   -1.8394E-03   
2.5503E-02   -6.3221E-03   
3.9369E-02   -4.6836E-04   
3.4478E-02   -9.2276E-04   
3.3764E-02   -1.3595E-03   
3.3569E-02   -4.7488E-03   
3.5390E-02   -9.8248E-04   
2.6702E-02   -4.6910E-03   
2.9056E-02   -3.9457E-03   
3.2199E-02   -3.1865E-03   
2.6352E-02   -5.7803E-03   
3.5058E-02   -1.2296E-03   
3.6128E-02   -3.5132E-03   
3.3269E-02   -2.3179E-03   
3.4757E-02   -1.6592E-03   
3.2938E-02   -5.3509E-03   
3.7697E-02   -7.3395E-04   
2.7549E-02   -4.7582E-03   
2.8992E-02   -4.2904E-03   
3.9860E-02   -5.3957E-04   
3.4376E-02   -2.1549E-03   
3.8421E-02   -7.9292E-04   
2.7751E-02   -5.4324E-03   
3.5308E-02   -1.4020E-03   
3.7052E-02   -9.4248E-04   
3.5229E-02   -1.7900E-03   
3.0247E-02   -4.2042E-03   
3.6047E-02   -1.0358E-03   
3.1717E-02   -3.6879E-03   
3.3859E-02   -2.8087E-03   
3.6256E-02   -1.4166E-03   
3.4421E-02   -3.0105E-03   
2.8240E-02   -5.6428E-03   
3.2885E-02   -3.6075E-03   
2.8707E-02   -4.8051E-03   
3.1407E-02   -4.1446E-03   
3.7365E-02   -1.0717E-03   
3.9691E-02   -7.2193E-04   
3.5369E-02   -2.9848E-03   
3.4106E-02   -3.4691E-03   
3.7729E-02   -1.1893E-03   
2.9225E-02   -5.1056E-03   
3.0869E-02   -4.6897E-03   
3.7090E-02   -1.4325E-03   
3.6772E-02   -2.6516E-03   
3.3994E-02   -3.8685E-03   
3.9008E-02   -9.7809E-04   
3.7041E-02   -1.6209E-03   
3.6692E-02   -3.0056E-03   
3.9587E-02   -1.0205E-03   
3.5318E-02   -3.5508E-03   
3.5700E-02   -1.9145E-03   
3.4848E-02   -2.3185E-03   
3.5474E-02   -2.4458E-03   
3.7042E-02   -2.0528E-03   
