51 
1844 
2.2990E-03   -2.5476E-03   
4.3731E-03   -2.1560E-03   
6.0166E-03   -1.5560E-03   
7.0717E-03   -8.1256E-04   
1.1786E-36   -2.6705E-03   
7.4278E-03   -6.0895E-37   
7.5941E-03   -2.4996E-35   
7.8661E-03   -2.5639E-37   
8.4630E-03   1.0398E-35   
9.0036E-03   1.5287E-35   
9.6906E-03   3.2375E-35   
1.0529E-02   4.4639E-35   
1.1174E-02   5.4046E-35   
1.2272E-02   8.2167E-35   
1.3089E-02   9.9663E-35   
1.3974E-02   8.7535E-35   
1.4440E-02   1.3534E-34   
1.5419E-02   2.0035E-34   
1.6459E-02   2.9142E-34   
1.7000E-02   -1.4317E-30   
1.7000E-02   -2.1966E-34   
1.7000E-02   -2.1966E-34   
1.7000E-02   -2.1966E-34   
1.7000E-02   -2.1966E-34   
1.7000E-02   -2.1966E-34   
1.7000E-02   -2.1966E-34   
1.7000E-02   -2.1966E-34   
1.7000E-02   -2.1966E-34   
1.7000E-02   -2.1966E-34   
1.7000E-02   -2.1966E-34   
1.7000E-02   -2.1966E-34   
1.7000E-02   -2.1966E-34   
1.5972E-02   -7.3566E-04   
1.4296E-02   -1.6793E-03   
1.3589E-02   -2.0040E-03   
1.2914E-02   -2.2719E-03   
1.1615E-02   -2.7032E-03   
1.0981E-02   -2.8838E-03   
9.7363E-03   -3.2018E-03   
9.1247E-03   -3.3473E-03   
7.9211E-03   -3.6241E-03   
6.7506E-03   -3.8921E-03   
6.1806E-03   -4.0253E-03   
5.0761E-03   -4.2867E-03   
4.0269E-03   -4.5359E-03   
3.5247E-03   -4.6519E-03   
2.5664E-03   -4.8585E-03   
1.6656E-03   -5.0167E-03   
8.1414E-04   -5.1148E-03   
1.6360E-36   -5.1444E-03   
2.9355E-34   -4.8739E-03   
3.0864E-34   -4.6157E-03   
2.9077E-34   -4.2730E-03   
2.7564E-34   -4.0762E-03   
2.4270E-34   -3.7554E-03   
2.2140E-34   -3.5727E-03   
1.9943E-34   -3.3948E-03   
1.8122E-34   -3.2514E-03   
1.7729E-34   -3.1263E-03   
1.7419E-03   -2.7184E-03   
1.6334E-02   -6.5035E-05   
1.5636E-02   -1.3598E-04   
1.4626E-02   -2.3513E-04   
1.3799E-02   -3.1985E-04   
1.2998E-02   -4.2537E-04   
1.2095E-02   -4.8832E-04   
1.1355E-02   -5.1411E-04   
1.0441E-02   -5.9328E-04   
9.5347E-03   -6.4219E-04   
8.6326E-03   -6.8516E-04   
7.7377E-03   -7.2350E-04   
6.8058E-03   -7.8486E-04   
5.8473E-03   -9.4028E-04   
4.5373E-03   -1.3570E-03   
3.2020E-03   -2.0070E-03   
4.7535E-03   -1.5814E-03   
5.6674E-03   -7.8694E-04   
6.5536E-03   -4.9857E-04   
7.3919E-03   -4.2193E-04   
8.1975E-03   -4.1145E-04   
8.9637E-03   -4.1525E-04   
9.8388E-03   -3.8096E-04   
1.0653E-02   -3.5331E-04   
1.1410E-02   -3.1763E-04   
1.2193E-02   -3.1978E-04   
1.3044E-02   -2.5332E-04   
1.3863E-02   -1.9978E-04   
1.4664E-02   -1.6083E-04   
1.5512E-02   -9.3444E-05   
1.6248E-02   -3.9401E-05   
6.9565E-03   -3.5209E-04   
7.3839E-03   -1.6647E-04   
7.8712E-03   -1.5637E-04   
8.5463E-03   -1.6051E-04   
9.1925E-03   -1.6343E-04   
9.9889E-03   -1.7215E-04   
1.0700E-02   -1.7674E-04   
1.1407E-02   -1.7285E-04   
1.2317E-02   -1.3895E-04   
1.3079E-02   -1.1233E-04   
1.3940E-02   -9.6451E-05   
1.4786E-02   -6.9606E-05   
1.5613E-02   -4.5668E-05   
1.6373E-02   -1.4903E-05   
1.6209E-02   -1.0103E-04   
1.5454E-02   -2.1315E-04   
1.4528E-02   -3.5773E-04   
1.3674E-02   -4.4717E-04   
1.2935E-02   -5.7486E-04   
1.2006E-02   -6.7763E-04   
1.1091E-02   -7.7044E-04   
1.0223E-02   -8.4271E-04   
9.3201E-03   -9.3074E-04   
8.4738E-03   -1.0075E-03   
7.3887E-03   -1.1281E-03   
6.2296E-03   -1.3063E-03   
5.0918E-03   -1.5517E-03   
3.9000E-03   -1.9058E-03   
2.5673E-03   -2.4528E-03   
1.2768E-03   -2.9766E-03   
1.6161E-02   -1.4985E-04   
1.5519E-02   -2.7230E-04   
1.4419E-02   -4.8514E-04   
1.3698E-02   -6.1862E-04   
1.2837E-02   -7.5209E-04   
1.1802E-02   -9.2424E-04   
1.0886E-02   -1.0185E-03   
9.9968E-03   -1.1180E-03   
8.9517E-03   -1.2629E-03   
7.9730E-03   -1.4226E-03   
6.9357E-03   -1.5960E-03   
5.8462E-03   -1.7564E-03   
4.6754E-03   -2.0802E-03   
3.5352E-03   -2.3878E-03   
2.2976E-03   -2.8248E-03   
1.0949E-03   -3.2052E-03   
1.6396E-02   -1.3101E-04   
1.5232E-02   -4.0938E-04   
1.4570E-02   -5.5414E-04   
1.3762E-02   -7.4568E-04   
1.2556E-02   -9.8972E-04   
1.1698E-02   -1.1524E-03   
1.0805E-02   -1.2856E-03   
9.7501E-03   -1.4627E-03   
8.7881E-03   -1.6359E-03   
7.7502E-03   -1.7810E-03   
6.7719E-03   -1.9492E-03   
5.5462E-03   -2.1720E-03   
4.3578E-03   -2.5469E-03   
3.2488E-03   -2.8154E-03   
2.2076E-03   -3.1539E-03   
1.0855E-03   -3.4231E-03   
1.6023E-02   -2.6801E-04   
1.5341E-02   -4.7184E-04   
1.4516E-02   -7.1559E-04   
1.3684E-02   -9.5047E-04   
1.2478E-02   -1.2319E-03   
1.1509E-02   -1.4077E-03   
1.0524E-02   -1.6332E-03   
9.5812E-03   -1.8363E-03   
8.4557E-03   -1.9896E-03   
7.5404E-03   -2.1239E-03   
6.6090E-03   -2.3618E-03   
5.3734E-03   -2.6548E-03   
4.1673E-03   -2.9632E-03   
3.1127E-03   -3.2265E-03   
1.9909E-03   -3.4968E-03   
1.0398E-03   -3.6699E-03   
1.6229E-02   -2.8364E-04   
1.5303E-02   -6.2532E-04   
1.4543E-02   -8.5830E-04   
1.3354E-02   -1.2323E-03   
1.2307E-02   -1.5448E-03   
1.1372E-02   -1.7340E-03   
1.0213E-02   -1.9873E-03   
9.3437E-03   -2.1720E-03   
8.2157E-03   -2.3521E-03   
7.2324E-03   -2.5426E-03   
6.1187E-03   -2.7881E-03   
5.2102E-03   -3.0181E-03   
4.1165E-03   -3.3001E-03   
3.0324E-03   -3.5541E-03   
1.9808E-03   -3.7863E-03   
9.3122E-04   -3.9529E-03   
1.6099E-02   -3.8245E-04   
1.5082E-02   -7.9635E-04   
1.4372E-02   -1.0516E-03   
1.2992E-02   -1.5501E-03   
1.2157E-02   -1.7956E-03   
1.1206E-02   -2.0628E-03   
1.0165E-02   -2.2677E-03   
9.1130E-03   -2.5002E-03   
7.9463E-03   -2.7631E-03   
6.9711E-03   -2.9635E-03   
6.0144E-03   -3.1599E-03   
5.0181E-03   -3.4009E-03   
3.9223E-03   -3.7067E-03   
2.9897E-03   -3.8830E-03   
1.9339E-03   -4.1017E-03   
9.5988E-04   -4.2288E-03   
1.6176E-02   -4.5474E-04   
1.5306E-02   -8.7729E-04   
1.4138E-02   -1.3567E-03   
1.3116E-02   -1.7828E-03   
1.2010E-02   -2.0469E-03   
1.0943E-02   -2.3238E-03   
9.9266E-03   -2.5863E-03   
8.9087E-03   -2.8305E-03   
7.8911E-03   -3.0691E-03   
6.7723E-03   -3.2790E-03   
5.7832E-03   -3.5858E-03   
4.7458E-03   -3.7917E-03   
3.8129E-03   -3.9824E-03   
2.8429E-03   -4.2102E-03   
1.8440E-03   -4.4158E-03   
1.0247E-03   -4.4989E-03   
1.5936E-02   -6.8998E-04   
1.4873E-02   -1.3015E-03   
1.3988E-02   -1.6502E-03   
1.2607E-02   -2.1581E-03   
1.1773E-02   -2.4047E-03   
1.0614E-02   -2.7176E-03   
9.6078E-03   -2.9860E-03   
8.7122E-03   -3.1500E-03   
7.6336E-03   -3.3879E-03   
6.6158E-03   -3.6743E-03   
5.7617E-03   -3.8497E-03   
4.7280E-03   -4.1021E-03   
3.6637E-03   -4.3476E-03   
2.7150E-03   -4.5390E-03   
1.8083E-03   -4.7032E-03   
8.0896E-04   -4.8650E-03   
2.8871E-04   -2.6795E-03   
5.8103E-04   -2.6741E-03   
8.7191E-04   -2.6638E-03   
1.1619E-03   -2.6494E-03   
1.4500E-03   -2.6305E-03   
1.7360E-03   -2.6072E-03   
2.0191E-03   -2.5794E-03   
2.5753E-03   -2.5118E-03   
2.8475E-03   -2.4722E-03   
3.1152E-03   -2.4287E-03   
3.3781E-03   -2.3814E-03   
3.6358E-03   -2.3304E-03   
3.8878E-03   -2.2758E-03   
4.1337E-03   -2.2176E-03   
4.6057E-03   -2.0910E-03   
4.8310E-03   -2.0229E-03   
5.0487E-03   -1.9519E-03   
5.2591E-03   -1.8780E-03   
5.4613E-03   -1.8015E-03   
5.6553E-03   -1.7221E-03   
5.8405E-03   -1.6402E-03   
6.1834E-03   -1.4697E-03   
6.3407E-03   -1.3812E-03   
6.4883E-03   -1.2907E-03   
6.6258E-03   -1.1983E-03   
6.7531E-03   -1.1041E-03   
6.8700E-03   -1.0083E-03   
6.9762E-03   -9.1111E-04   
7.1563E-03   -7.1275E-04   
7.2298E-03   -6.1176E-04   
7.2920E-03   -5.0950E-04   
7.3385E-03   -4.0639E-04   
7.3853E-03   -3.0516E-04   
7.4070E-03   -2.0490E-04   
7.4288E-03   -9.9483E-05   
7.4766E-03   -1.2351E-34   
7.5037E-03   -1.1483E-34   
7.5254E-03   -8.4961E-35   
7.5456E-03   -4.5035E-35   
7.5675E-03   -3.3752E-35   
7.6279E-03   -1.7884E-35   
7.6706E-03   -1.2094E-35   
7.7238E-03   -7.3750E-36   
7.7887E-03   -3.4929E-36   
7.9567E-03   2.4527E-36   
8.0612E-03   4.7322E-36   
8.1802E-03   6.7144E-36   
8.3140E-03   8.5633E-36   
8.6272E-03   1.2053E-35   
8.8074E-03   1.3693E-35   
9.2160E-03   1.7060E-35   
9.4450E-03   1.8880E-35   
9.9531E-03   3.4102E-35   
1.0232E-02   2.5706E-35   
1.0843E-02   4.8287E-35   
1.1522E-02   6.2510E-35   
1.1889E-02   7.0569E-35   
1.2672E-02   8.5072E-35   
1.3523E-02   1.1369E-34   
1.4922E-02   1.6983E-34   
1.5932E-02   1.7796E-34   
1.7000E-02   -2.1966E-34   
1.7000E-02   -2.1966E-34   
1.7000E-02   -2.1966E-34   
1.7000E-02   -2.1966E-34   
1.7000E-02   -2.1966E-34   
1.5057E-02   -1.2901E-03   
1.2258E-02   -2.5019E-03   
1.0356E-02   -3.0483E-03   
8.5191E-03   -3.4875E-03   
7.3313E-03   -3.7589E-03   
5.6219E-03   -4.1568E-03   
4.5442E-03   -4.4136E-03   
3.0379E-03   -4.7600E-03   
2.1091E-03   -4.9440E-03   
1.2340E-03   -5.0735E-03   
4.0451E-04   -5.1405E-03   
2.1820E-34   -5.0092E-03   
3.0516E-34   -4.7421E-03   
2.9901E-34   -4.4952E-03   
4.3430E-34   -4.3810E-03   
4.3825E-34   -4.1714E-03   
2.6924E-34   -3.9871E-03   
2.6193E-34   -3.9040E-03   
2.5188E-34   -3.8269E-03   
2.3509E-34   -3.6893E-03   
2.2795E-34   -3.6285E-03   
2.1586E-34   -3.5217E-03   
2.1039E-34   -3.4752E-03   
2.0464E-34   -3.4330E-03   
1.9488E-34   -3.3602E-03   
1.9075E-34   -3.3289E-03   
1.8708E-34   -3.3006E-03   
1.8389E-34   -3.2749E-03   
1.7907E-34   -3.2296E-03   
1.7746E-34   -3.2089E-03   
1.7643E-34   -3.1890E-03   
1.7603E-34   -3.1690E-03   
1.7632E-34   -3.1483E-03   
1.7890E-34   -3.1019E-03   
1.8106E-34   -3.0742E-03   
1.8407E-34   -3.0422E-03   
1.8808E-34   -3.0048E-03   
1.9437E-34   -2.9611E-03   
3.0549E-34   -2.9079E-03   
3.0807E-34   -2.8459E-03   
2.5337E-34   -2.7637E-03   
3.1125E-03   -2.4019E-03   
4.8053E-03   -1.9079E-03   
5.4390E-03   -1.6585E-03   
3.6201E-03   -2.2768E-03   
6.8975E-03   -8.5660E-04   
2.3250E-03   -2.5589E-03   
9.5955E-04   -2.7254E-03   
6.5001E-03   -1.1284E-03   
7.2695E-03   -4.9188E-04   
6.0116E-03   -1.3973E-03   
4.1106E-03   -2.1377E-03   
7.1068E-03   -6.7469E-04   
4.3485E-03   -2.0638E-03   
2.0570E-03   -2.6022E-03   
5.8304E-03   -1.4856E-03   
6.6433E-03   -1.0380E-03   
7.4491E-03   -1.3757E-04   
3.6947E-04   -2.7566E-03   
1.7866E-03   -2.6408E-03   
5.0221E-03   -1.8265E-03   
5.2316E-03   -1.7431E-03   
7.0079E-03   -7.6573E-04   
1.2384E-03   -2.7024E-03   
7.3335E-03   -3.9898E-04   
6.6888E-04   -2.7451E-03   
1.5140E-03   -2.6742E-03   
6.7758E-03   -9.4740E-04   
7.1940E-03   -5.8337E-04   
2.5907E-03   -2.5109E-03   
6.3469E-03   -1.2185E-03   
6.1839E-03   -1.3082E-03   
3.8678E-03   -2.2089E-03   
2.8534E-03   -2.4585E-03   
3.3684E-03   -2.3413E-03   
4.5805E-03   -1.9871E-03   
5.6390E-03   -1.5728E-03   
2.1356E-04   -2.9317E-03   
2.0310E-04   -2.9798E-03   
1.9560E-04   -3.0204E-03   
1.8868E-04   -3.0550E-03   
1.8331E-04   -3.0845E-03   
1.8003E-04   -3.1102E-03   
1.7822E-04   -3.1331E-03   
1.7747E-04   -3.1543E-03   
1.7756E-04   -3.1744E-03   
7.5049E-03   -6.6328E-05   
1.7841E-04   -3.1942E-03   
7.5245E-03   -5.2359E-05   
1.8000E-04   -3.2144E-03   
7.5445E-03   -4.2264E-05   
1.8232E-04   -3.2355E-03   
7.5682E-03   -3.4743E-05   
1.8532E-04   -3.2581E-03   
7.5981E-03   -2.9526E-05   
1.8894E-04   -3.2826E-03   
7.6364E-03   -2.6112E-05   
1.9317E-04   -3.3096E-03   
7.6845E-03   -2.4199E-05   
1.9793E-04   -3.3394E-03   
7.7437E-03   -2.3504E-05   
2.0322E-04   -3.3724E-03   
7.8151E-03   -2.3746E-05   
2.0901E-04   -3.4088E-03   
7.8995E-03   -2.4706E-05   
2.1506E-04   -3.4490E-03   
7.9975E-03   -2.6298E-05   
2.2125E-04   -3.4933E-03   
8.1101E-03   -2.8393E-05   
2.2824E-04   -3.5420E-03   
8.2372E-03   -3.0828E-05   
2.3628E-04   -3.5955E-03   
8.3793E-03   -3.3474E-05   
2.4473E-04   -3.6539E-03   
8.5367E-03   -3.6015E-05   
2.5332E-04   -3.7173E-03   
8.7086E-03   -3.8934E-05   
2.6200E-04   -3.7859E-03   
8.8949E-03   -4.2097E-05   
2.7046E-04   -3.8596E-03   
9.0964E-03   -4.5782E-05   
2.8191E-04   -3.9381E-03   
9.3156E-03   -4.9116E-05   
2.9544E-04   -4.0228E-03   
9.5525E-03   -5.1526E-05   
3.0265E-04   -4.1141E-03   
9.8067E-03   -5.3802E-05   
3.1013E-04   -4.2111E-03   
1.0080E-02   -5.6064E-05   
3.3209E-04   -4.3152E-03   
1.0374E-02   -5.7086E-05   
3.4501E-04   -4.4290E-03   
1.0678E-02   -5.5852E-05   
3.4732E-04   -4.5493E-03   
1.0994E-02   -5.7795E-05   
3.6068E-04   -4.6746E-03   
1.1333E-02   -5.8497E-05   
3.8190E-04   -4.8095E-03   
3.8640E-03   -2.1350E-03   
6.0234E-03   -1.2507E-03   
6.6724E-03   -8.9521E-04   
2.8679E-03   -2.4320E-03   
7.4323E-03   -2.0167E-04   
7.7591E-04   -2.7963E-03   
5.0023E-03   -1.7034E-03   
7.3097E-03   -3.9036E-04   
1.3094E-03   -2.7401E-03   
2.0973E-03   -2.6097E-03   
1.8374E-03   -2.6585E-03   
5.6407E-03   -1.4322E-03   
4.3424E-03   -1.9685E-03   
7.0456E-03   -6.3946E-04   
7.1458E-03   -5.5600E-04   
4.5720E-03   -1.8823E-03   
5.4329E-03   -1.5220E-03   
6.8085E-03   -8.0898E-04   
6.5253E-03   -9.8257E-04   
3.1208E-03   -2.3634E-03   
2.3561E-03   -2.5554E-03   
4.7691E-04   -2.8250E-03   
3.3712E-03   -2.2908E-03   
4.7896E-03   -1.7934E-03   
5.2184E-03   -1.6120E-03   
6.9330E-03   -7.2376E-04   
7.2336E-03   -4.7304E-04   
3.6193E-03   -2.2145E-03   
6.2003E-03   -1.1605E-03   
1.5745E-03   -2.7021E-03   
2.6131E-03   -2.4960E-03   
6.3678E-03   -1.0710E-03   
7.3756E-03   -3.0487E-04   
1.0410E-03   -2.7716E-03   
5.8368E-03   -1.3417E-03   
4.1057E-03   -2.0529E-03   
2.2257E-04   -2.8740E-03   
4.2553E-04   -2.9411E-03   
4.0621E-04   -2.9879E-03   
3.8884E-04   -3.0254E-03   
3.7295E-04   -3.0573E-03   
3.6307E-04   -3.0844E-03   
3.5775E-04   -3.1082E-03   
3.5526E-04   -3.1297E-03   
7.4816E-03   -9.0196E-05   
3.5474E-04   -3.1498E-03   
3.5582E-04   -3.1694E-03   
7.4835E-03   -1.1483E-04   
3.5840E-04   -3.1891E-03   
7.4995E-03   -9.4210E-05   
3.6244E-04   -3.2095E-03   
7.5201E-03   -7.6519E-05   
3.6786E-04   -3.2312E-03   
7.5462E-03   -6.4154E-05   
3.7457E-04   -3.2547E-03   
7.5800E-03   -5.5920E-05   
3.8229E-04   -3.2804E-03   
7.6232E-03   -5.0799E-05   
3.9210E-04   -3.3085E-03   
7.6771E-03   -4.8360E-05   
4.0373E-04   -3.3396E-03   
7.7429E-03   -4.8075E-05   
4.1476E-04   -3.3744E-03   
7.8213E-03   -4.9412E-05   
4.2500E-04   -3.4128E-03   
7.9138E-03   -5.1961E-05   
4.3586E-04   -3.4548E-03   
8.0208E-03   -5.5727E-05   
4.4865E-04   -3.5010E-03   
8.1418E-03   -6.0450E-05   
4.6381E-04   -3.5519E-03   
8.2779E-03   -6.5805E-05   
4.8070E-04   -3.6077E-03   
8.4311E-03   -7.0606E-05   
4.9827E-04   -3.6687E-03   
8.5961E-03   -7.4438E-05   
5.1574E-04   -3.7349E-03   
8.7686E-03   -8.1317E-05   
5.3006E-04   -3.8061E-03   
8.9579E-03   -8.7544E-05   
5.4058E-04   -3.8806E-03   
9.1643E-03   -9.6407E-05   
5.7363E-04   -3.9575E-03   
9.3933E-03   -1.0182E-04   
6.0313E-04   -4.0450E-03   
9.6400E-03   -1.0538E-04   
6.0287E-04   -4.1404E-03   
9.9039E-03   -1.1060E-04   
6.3005E-04   -4.2349E-03   
1.0197E-02   -1.1423E-04   
7.1831E-04   -4.3418E-03   
1.0513E-02   -1.1403E-04   
6.9184E-04   -4.4699E-03   
1.0802E-02   -1.0583E-04   
7.0424E-04   -4.5902E-03   
1.1113E-02   -1.2684E-04   
7.4007E-04   -4.7162E-03   
1.1690E-02   -6.1651E-05   
5.0023E-03   -1.5856E-03   
5.2323E-03   -1.4866E-03   
4.3531E-03   -1.8742E-03   
5.4502E-03   -1.3937E-03   
4.1178E-03   -1.9652E-03   
1.8893E-03   -2.6626E-03   
2.1416E-03   -2.6037E-03   
2.3928E-03   -2.5392E-03   
2.6430E-03   -2.4695E-03   
2.8921E-03   -2.3947E-03   
1.6329E-03   -2.7166E-03   
3.1403E-03   -2.3154E-03   
3.8771E-03   -2.0562E-03   
5.6605E-03   -1.3018E-03   
3.3874E-03   -2.2321E-03   
3.6334E-03   -2.1455E-03   
1.3686E-03   -2.7659E-03   
5.8601E-03   -1.2087E-03   
6.9750E-03   -6.0782E-04   
7.0880E-03   -5.3007E-04   
7.1867E-03   -4.5458E-04   
6.8491E-03   -6.8749E-04   
1.1052E-03   -2.8075E-03   
6.0500E-03   -1.1165E-03   
6.7112E-03   -7.6893E-04   
6.4013E-03   -9.3805E-04   
6.2306E-03   -1.0262E-03   
6.5618E-03   -8.5247E-04   
8.5719E-04   -2.8337E-03   
6.4544E-04   -2.8533E-03   
7.2725E-03   -3.7966E-04   
7.3480E-03   -3.0350E-04   
7.4134E-03   -2.2560E-04   
4.4294E-04   -2.8932E-03   
6.1216E-04   -2.9826E-03   
5.7402E-04   -3.0197E-03   
5.5160E-04   -3.0492E-03   
5.3985E-04   -3.0739E-03   
5.3414E-04   -3.0957E-03   
5.3215E-04   -3.1158E-03   
7.4649E-03   -1.4325E-04   
5.3286E-04   -3.1350E-03   
5.3585E-04   -3.1541E-03   
7.4316E-03   -1.6322E-04   
5.4104E-04   -3.1738E-03   
7.4519E-03   -1.2816E-04   
5.4833E-04   -3.1946E-03   
7.4743E-03   -1.0600E-04   
5.5760E-04   -3.2169E-03   
7.5033E-03   -9.1170E-05   
5.6811E-04   -3.2413E-03   
7.5414E-03   -8.1762E-05   
5.8218E-04   -3.2675E-03   
7.5907E-03   -7.6122E-05   
6.0477E-04   -3.2955E-03   
7.6511E-03   -7.4390E-05   
6.2222E-04   -3.3286E-03   
7.7228E-03   -7.5625E-05   
6.3253E-04   -3.3663E-03   
7.8096E-03   -7.8597E-05   
6.4646E-04   -3.4065E-03   
7.9123E-03   -8.3115E-05   
6.6157E-04   -3.4507E-03   
8.0269E-03   -8.9849E-05   
6.8176E-04   -3.4985E-03   
8.1561E-03   -9.8013E-05   
7.0876E-04   -3.5510E-03   
8.3060E-03   -1.0576E-04   
7.3633E-04   -3.6093E-03   
8.4765E-03   -1.1143E-04   
7.6287E-04   -3.6736E-03   
8.6390E-03   -1.1145E-04   
7.8521E-04   -3.7439E-03   
8.7972E-03   -1.3263E-04   
7.9262E-04   -3.8199E-03   
7.7764E-04   -3.8913E-03   
9.1005E-04   -4.0673E-03   
9.6994E-03   -1.6366E-04   
1.0144E-03   -4.3918E-03   
1.0579E-03   -4.6113E-03   
1.0311E-02   -1.7616E-04   
1.2083E-02   -6.6113E-05   
7.2257E-03   -3.7040E-04   
7.3090E-03   -3.0103E-04   
7.3851E-03   -2.3052E-04   
4.5847E-03   -1.6973E-03   
4.3834E-03   -1.7780E-03   
1.6926E-03   -2.7191E-03   
1.4308E-03   -2.7798E-03   
2.6810E-03   -2.4332E-03   
1.9438E-03   -2.6551E-03   
2.9261E-03   -2.3487E-03   
2.1909E-03   -2.5863E-03   
4.1480E-03   -1.8756E-03   
5.4896E-03   -1.2791E-03   
2.4362E-03   -2.5125E-03   
6.8975E-03   -5.8040E-04   
6.7585E-03   -6.5740E-04   
3.1714E-03   -2.2597E-03   
3.4171E-03   -2.1670E-03   
6.2730E-03   -9.0463E-04   
6.4458E-03   -8.1917E-04   
7.0244E-03   -5.0547E-04   
1.1584E-03   -2.8348E-03   
7.1334E-03   -4.3698E-04   
3.9064E-03   -1.9738E-03   
6.0900E-03   -9.9388E-04   
3.6626E-03   -2.0714E-03   
6.6078E-03   -7.3690E-04   
5.6970E-03   -1.1817E-03   
5.8977E-03   -1.0865E-03   
7.8745E-04   -2.9732E-03   
7.4530E-04   -3.0057E-03   
7.2503E-04   -3.0313E-03   
7.1467E-04   -3.0532E-03   
7.1026E-04   -3.0730E-03   
7.0997E-04   -3.0916E-03   
7.1294E-04   -3.1100E-03   
7.1877E-04   -3.1288E-03   
7.4392E-03   -1.7409E-04   
7.3668E-03   -1.9062E-04   
7.2731E-04   -3.1485E-03   
7.3838E-03   -1.5767E-04   
7.3857E-04   -3.1697E-03   
7.4090E-03   -1.3363E-04   
7.5186E-04   -3.1927E-03   
7.4414E-03   -1.1844E-04   
7.6722E-04   -3.2174E-03   
7.4845E-03   -1.0950E-04   
7.8846E-04   -3.2430E-03   
7.5429E-03   -1.0361E-04   
8.4670E-04   -3.2673E-03   
7.6063E-03   -1.0444E-04   
8.3795E-04   -3.3100E-03   
7.6833E-03   -1.0801E-04   
8.5518E-04   -3.3487E-03   
7.7841E-03   -1.1274E-04   
8.7223E-04   -3.3922E-03   
7.8960E-03   -1.1891E-04   
9.2365E-04   -3.4852E-03   
1.0493E-03   -3.8395E-03   
8.1523E-03   -1.4271E-04   
9.7045E-04   -3.5381E-03   
1.0059E-03   -3.6010E-03   
1.0684E-03   -3.7481E-03   
9.0080E-03   -1.3090E-04   
9.4726E-03   -1.5038E-04   
9.7492E-03   -2.3016E-04   
8.3267E-03   -1.5276E-04   
1.3996E-03   -4.5010E-03   
1.0063E-02   -2.3829E-04   
1.0598E-03   -4.3002E-03   
8.7217E-03   -1.8687E-04   
1.2588E-03   -3.9846E-03   
7.3436E-03   -2.3654E-04   
7.2550E-03   -3.0454E-04   
7.1744E-03   -3.6590E-04   
5.1289E-03   -1.3570E-03   
5.0450E-03   -1.4655E-03   
5.3197E-03   -1.2662E-03   
4.2042E-03   -1.7839E-03   
6.9534E-03   -4.8549E-04   
1.7634E-03   -2.7079E-03   
7.0810E-03   -4.1418E-04   
1.5062E-03   -2.7785E-03   
1.2389E-03   -2.8438E-03   
2.0091E-03   -2.6349E-03   
2.7274E-03   -2.3889E-03   
2.4866E-03   -2.4770E-03   
3.9536E-03   -1.8887E-03   
2.2487E-03   -2.5586E-03   
2.9704E-03   -2.2955E-03   
5.5335E-03   -1.1680E-03   
6.3257E-03   -7.9554E-04   
6.8129E-03   -5.5923E-04   
3.2147E-03   -2.1979E-03   
6.4994E-03   -7.1326E-04   
6.6618E-03   -6.3476E-04   
6.1413E-03   -8.8248E-04   
3.4604E-03   -2.0969E-03   
3.7069E-03   -1.9935E-03   
5.9470E-03   -9.7396E-04   
5.7439E-03   -1.0696E-03   
7.7961E-04   -2.9121E-03   
9.3557E-04   -2.9571E-03   
9.1114E-04   -2.9820E-03   
8.9655E-04   -3.0033E-03   
8.8923E-04   -3.0223E-03   
8.8742E-04   -3.0401E-03   
8.8999E-04   -3.0575E-03   
8.9607E-04   -3.0751E-03   
9.0542E-04   -3.0937E-03   
7.2682E-03   -2.2618E-04   
9.1822E-04   -3.1135E-03   
7.2994E-03   -1.8488E-04   
9.3429E-04   -3.1349E-03   
9.5123E-04   -3.1588E-03   
7.3271E-03   -1.6192E-04   
7.3611E-03   -1.4861E-04   
9.6326E-04   -3.1859E-03   
7.4052E-03   -1.4333E-04   
1.0180E-03   -3.2542E-03   
7.5235E-03   -1.4423E-04   
1.0593E-03   -3.2814E-03   
7.7509E-03   -1.5270E-04   
7.6337E-03   -1.4696E-04   
1.0938E-03   -3.3225E-03   
1.2114E-03   -3.4491E-03   
8.8659E-04   -3.4391E-03   
1.2505E-03   -3.5163E-03   
1.2974E-03   -3.5826E-03   
1.3078E-03   -4.3175E-03   
1.2887E-03   -4.2175E-03   
1.3485E-03   -3.6558E-03   
8.1383E-03   -1.9659E-04   
8.9252E-03   -1.7637E-04   
8.5348E-03   -2.2686E-04   
9.4278E-03   -2.1566E-04   
8.3288E-03   -2.0901E-04   
8.0127E-03   -1.3057E-04   
1.4129E-03   -3.7441E-03   
1.2033E-03   -4.1136E-03   
1.3251E-03   -3.8669E-03   
1.0388E-02   -2.4450E-04   
1.3376E-03   -4.6209E-03   
1.2665E-03   -4.4136E-03   
9.8005E-03   -3.0201E-04   
4.8893E-03   -1.4257E-03   
7.2835E-03   -2.5240E-04   
7.0122E-03   -4.0182E-04   
1.8512E-03   -2.6819E-03   
6.8694E-03   -4.7402E-04   
1.6072E-03   -2.7592E-03   
1.1112E-03   -2.8902E-03   
4.0189E-03   -1.7986E-03   
2.5438E-03   -2.4342E-03   
2.3097E-03   -2.5237E-03   
2.0827E-03   -2.6050E-03   
5.3690E-03   -1.1729E-03   
2.7831E-03   -2.3379E-03   
6.3871E-03   -6.9818E-04   
3.0254E-03   -2.2365E-03   
6.5598E-03   -6.1974E-04   
6.7199E-03   -5.4548E-04   
6.2024E-03   -7.8203E-04   
3.2704E-03   -2.1311E-03   
3.7661E-03   -1.9118E-03   
5.5887E-03   -1.0666E-03   
6.0069E-03   -8.7150E-04   
3.5176E-03   -2.0226E-03   
5.8018E-03   -9.6658E-04   
1.1232E-03   -2.9042E-03   
1.1008E-03   -2.9259E-03   
4.5689E-03   -1.5623E-03   
1.0823E-03   -2.9463E-03   
4.2832E-03   -1.6815E-03   
1.0702E-03   -2.9647E-03   
1.0657E-03   -2.9814E-03   
1.0672E-03   -2.9974E-03   
1.0733E-03   -3.0136E-03   
1.0834E-03   -3.0306E-03   
1.0974E-03   -3.0489E-03   
1.2554E-03   -3.1994E-03   
7.1825E-03   -2.4141E-04   
1.1156E-03   -3.0686E-03   
1.1374E-03   -3.0906E-03   
7.2044E-03   -2.1229E-04   
1.1594E-03   -3.1169E-03   
7.2288E-03   -1.9389E-04   
7.2590E-03   -1.8500E-04   
9.6825E-04   -3.2126E-03   
7.4654E-03   -1.8678E-04   
1.3099E-03   -3.2394E-03   
1.3067E-03   -3.3660E-03   
8.8081E-03   -2.4377E-04   
8.3023E-03   -2.7421E-04   
7.7273E-03   -2.0338E-04   
1.5473E-03   -3.4842E-03   
7.5791E-03   -1.9323E-04   
1.6184E-03   -3.5491E-03   
1.1022E-03   -3.3738E-03   
1.5767E-03   -4.3533E-03   
1.6749E-03   -3.6230E-03   
9.1126E-03   -2.3767E-04   
1.6216E-03   -3.8904E-03   
1.5692E-03   -4.0074E-03   
7.9525E-03   -1.8483E-04   
1.6175E-03   -4.2251E-03   
1.4915E-03   -3.4237E-03   
8.1139E-03   -2.5798E-04   
1.0121E-02   -3.0977E-04   
9.5002E-03   -2.8992E-04   
7.0500E-03   -3.3911E-04   
6.9178E-03   -4.0458E-04   
7.1652E-03   -3.1687E-04   
1.4909E-03   -2.8003E-03   
1.9498E-03   -2.6461E-03   
5.1934E-03   -1.1883E-03   
2.3733E-03   -2.4831E-03   
6.7747E-03   -4.7097E-04   
2.1438E-03   -2.5737E-03   
2.6086E-03   -2.3853E-03   
9.0586E-04   -2.9164E-03   
2.8482E-03   -2.2815E-03   
3.8410E-03   -1.8269E-03   
6.2716E-03   -6.9207E-04   
6.6200E-03   -5.4023E-04   
6.4525E-03   -6.1345E-04   
5.4293E-03   -1.0761E-03   
3.0917E-03   -2.1728E-03   
6.0762E-03   -7.7860E-04   
3.3384E-03   -2.0603E-03   
3.5882E-03   -1.9448E-03   
5.6541E-03   -9.7074E-04   
5.8698E-03   -8.7174E-04   
4.1047E-03   -1.7045E-03   
1.3024E-03   -2.8619E-03   
1.2787E-03   -2.8812E-03   
1.2556E-03   -2.9005E-03   
1.3354E-03   -2.8382E-03   
1.2458E-03   -2.9165E-03   
4.3799E-03   -1.5783E-03   
4.6659E-03   -1.4469E-03   
1.2451E-03   -2.9309E-03   
7.1494E-03   -2.8127E-04   
4.9411E-03   -1.3141E-03   
1.2507E-03   -2.9452E-03   
1.2615E-03   -2.9602E-03   
1.2966E-03   -2.9944E-03   
7.0811E-03   -2.6734E-04   
1.3231E-03   -3.0136E-03   
1.3600E-03   -3.0344E-03   
7.0896E-03   -2.4655E-04   
7.1121E-03   -2.3209E-04   
1.3317E-03   -3.1312E-03   
1.3769E-03   -3.2853E-03   
7.3826E-03   -2.3793E-04   
7.9410E-03   -2.4406E-04   
1.8607E-03   -3.4340E-03   
1.1525E-03   -3.1547E-03   
8.5040E-03   -2.9493E-04   
1.5079E-03   -3.1510E-03   
8.0655E-03   -3.2679E-04   
1.4642E-03   -3.3712E-03   
1.9176E-03   -3.9106E-03   
1.7702E-03   -3.3807E-03   
1.7510E-03   -3.6802E-03   
7.7970E-03   -2.3725E-04   
9.2503E-03   -2.8110E-04   
7.4984E-03   -2.5033E-04   
1.6881E-03   -3.7736E-03   
1.5759E-03   -4.1159E-03   
9.5254E-03   -3.6714E-04   
1.0417E-02   -3.1135E-04   
1.6534E-03   -4.5741E-03   
2.0177E-03   -4.2363E-03   
9.0106E-03   -2.0360E-04   
6.8200E-03   -4.1237E-04   
1.9596E-03   -2.6370E-03   
3.9311E-03   -1.7394E-03   
2.2124E-03   -2.5356E-03   
2.4461E-03   -2.4364E-03   
6.6741E-03   -4.7671E-04   
2.6822E-03   -2.3314E-03   
5.2666E-03   -1.0980E-03   
6.3470E-03   -6.1322E-04   
6.5198E-03   -5.4241E-04   
2.9235E-03   -2.2206E-03   
6.1540E-03   -6.9512E-04   
3.6717E-03   -1.8644E-03   
3.1693E-03   -2.1051E-03   
5.5036E-03   -9.8662E-04   
3.4189E-03   -1.9861E-03   
5.9476E-03   -7.8521E-04   
5.7303E-03   -8.8266E-04   
1.5085E-03   -2.8019E-03   
1.4455E-03   -2.8312E-03   
7.0693E-03   -2.9632E-04   
1.4289E-03   -2.8462E-03   
4.7532E-03   -1.3457E-03   
4.2016E-03   -1.6099E-03   
5.0167E-03   -1.2180E-03   
1.4255E-03   -2.8585E-03   
1.4294E-03   -2.8707E-03   
4.4780E-03   -1.4780E-03   
1.4402E-03   -2.8834E-03   
1.4567E-03   -2.8973E-03   
1.4780E-03   -2.9129E-03   
7.1418E-03   -2.2687E-04   
1.5069E-03   -2.9294E-03   
1.4092E-03   -3.0613E-03   
1.5484E-03   -2.9456E-03   
6.9358E-03   -3.1176E-04   
7.7360E-03   -2.9220E-04   
6.9555E-03   -2.8818E-04   
1.5739E-03   -3.1839E-03   
1.6060E-03   -3.2831E-03   
7.2825E-03   -2.3110E-04   
1.4804E-03   -3.1164E-03   
7.6126E-03   -2.7157E-04   
2.0302E-03   -3.3313E-03   
2.0494E-03   -3.6580E-03   
1.7044E-03   -3.3271E-03   
1.9413E-03   -3.5968E-03   
7.2762E-03   -3.0085E-04   
8.9608E-03   -3.1985E-04   
2.2853E-03   -3.8013E-03   
9.2417E-03   -3.4971E-04   
1.8421E-03   -4.0183E-03   
9.5364E-03   -4.5217E-04   
2.0691E-03   -4.5031E-03   
1.0215E-02   -3.9098E-04   
1.0708E-02   -2.6379E-04   
2.3033E-03   -4.3246E-03   
8.6743E-03   -3.2630E-04   
6.8631E-03   -3.6402E-04   
1.7250E-03   -2.7242E-03   
2.0786E-03   -2.5831E-03   
2.2986E-03   -2.4880E-03   
3.7668E-03   -1.7825E-03   
2.5282E-03   -2.3842E-03   
6.5829E-03   -4.8811E-04   
6.4352E-03   -5.4190E-04   
2.7655E-03   -2.2731E-03   
1.6132E-03   -2.7685E-03   
6.2431E-03   -6.1895E-04   
5.3519E-03   -1.0125E-03   
3.0094E-03   -2.1559E-03   
3.5100E-03   -1.9098E-03   
6.0353E-03   -7.0622E-04   
3.2581E-03   -2.0343E-03   
5.5892E-03   -9.0299E-04   
5.8169E-03   -8.0098E-04   
1.6111E-03   -2.7734E-03   
4.0326E-03   -1.6513E-03   
4.8459E-03   -1.2538E-03   
5.1038E-03   -1.1298E-03   
1.6108E-03   -2.7806E-03   
4.5774E-03   -1.3842E-03   
1.6102E-03   -2.7911E-03   
1.6200E-03   -2.8012E-03   
4.3045E-03   -1.5176E-03   
6.9819E-03   -3.1611E-04   
1.6899E-03   -2.8391E-03   
1.6373E-03   -2.8122E-03   
6.9771E-03   -2.7787E-04   
1.6606E-03   -2.8247E-03   
7.2801E-03   -1.8728E-04   
1.6104E-03   -3.0355E-03   
1.6041E-03   -2.9616E-03   
1.7021E-03   -3.0564E-03   
1.7306E-03   -2.8529E-03   
6.7923E-03   -3.5229E-04   
7.3885E-03   -3.1912E-04   
7.1731E-03   -2.8921E-04   
1.7315E-03   -3.0963E-03   
1.9902E-03   -3.2728E-03   
2.2455E-03   -3.5193E-03   
9.2443E-03   -4.3423E-04   
7.5093E-03   -3.4141E-04   
1.9079E-03   -3.2215E-03   
8.4345E-03   -3.7160E-04   
2.3550E-03   -3.6701E-03   
8.6515E-03   -4.0863E-04   
2.2180E-03   -3.9477E-03   
1.6508E-03   -3.2106E-03   
9.8564E-03   -4.6805E-04   
7.8888E-03   -3.0939E-04   
1.1048E-02   -2.1097E-04   
2.5222E-03   -4.1470E-03   
1.7711E-03   -2.7077E-03   
6.7121E-03   -4.2873E-04   
2.1700E-03   -2.5375E-03   
2.3907E-03   -2.4365E-03   
2.6208E-03   -2.3273E-03   
3.6111E-03   -1.8324E-03   
6.5653E-03   -4.6406E-04   
1.9001E-03   -2.6561E-03   
6.3467E-03   -5.4713E-04   
3.8725E-03   -1.7001E-03   
2.8603E-03   -2.2103E-03   
6.1323E-03   -6.3410E-04   
3.1071E-03   -2.0873E-03   
3.3577E-03   -1.9609E-03   
5.4472E-03   -9.3228E-04   
5.9132E-03   -7.2570E-04   
5.6847E-03   -8.2483E-04   
1.8185E-03   -2.6906E-03   
4.6820E-03   -1.2966E-03   
5.2005E-03   -1.0473E-03   
4.9451E-03   -1.1689E-03   
7.1986E-03   -2.2579E-04   
1.7941E-03   -2.7074E-03   
4.1408E-03   -1.5650E-03   
1.8018E-03   -2.7146E-03   
4.4120E-03   -1.4296E-03   
6.8075E-03   -3.3687E-04   
1.8733E-03   -2.7430E-03   
1.8191E-03   -2.7221E-03   
1.9123E-03   -2.7553E-03   
1.8432E-03   -2.7314E-03   
2.0089E-03   -2.9740E-03   
6.7550E-03   -3.8500E-04   
7.0016E-03   -2.7746E-04   
1.7835E-03   -2.8662E-03   
7.4940E-03   -1.3067E-04   
2.1170E-03   -3.0957E-03   
7.0847E-03   -2.8350E-04   
7.8133E-03   -3.8492E-04   
7.6480E-03   -3.6351E-04   
7.2647E-03   -3.9636E-04   
7.1500E-03   -3.7467E-04   
8.3108E-03   -4.5652E-04   
7.0458E-03   -3.5820E-04   
1.8294E-03   -3.1851E-03   
2.3305E-03   -3.2119E-03   
1.6609E-03   -2.9757E-03   
1.8774E-03   -2.9558E-03   
2.4182E-03   -3.3800E-03   
8.7316E-03   -4.8292E-04   
2.4154E-03   -3.5582E-03   
1.8708E-03   -3.1063E-03   
9.5404E-03   -5.4423E-04   
2.3321E-03   -4.0621E-03   
1.1473E-02   -1.1105E-04   
2.6553E-03   -3.6744E-03   
1.1024E-02   -2.9034E-04   
9.2411E-03   -5.2579E-04   
8.2537E-03   -3.4454E-04   
2.6041E-03   -3.8013E-03   
1.9621E-03   -2.6285E-03   
2.2731E-03   -2.4856E-03   
2.4924E-03   -2.3808E-03   
3.7212E-03   -1.7550E-03   
6.4583E-03   -4.7847E-04   
2.7229E-03   -2.2667E-03   
3.4659E-03   -1.8868E-03   
6.2327E-03   -5.7003E-04   
2.9669E-03   -2.1434E-03   
3.2155E-03   -2.0160E-03   
6.0192E-03   -6.5686E-04   
4.7921E-03   -1.2152E-03   
5.5502E-03   -8.5806E-04   
5.7913E-03   -7.5199E-04   
5.3028E-03   -9.7182E-04   
1.9634E-03   -2.6297E-03   
5.0508E-03   -1.0905E-03   
6.6434E-03   -4.1374E-04   
3.9852E-03   -1.6193E-03   
4.5247E-03   -1.3467E-03   
1.9857E-03   -2.6250E-03   
4.2543E-03   -1.4823E-03   
2.0042E-03   -2.6277E-03   
2.0966E-03   -2.6522E-03   
2.0582E-03   -2.6420E-03   
6.6366E-03   -4.0243E-04   
2.0275E-03   -2.6337E-03   
6.8233E-03   -3.3231E-04   
7.3734E-03   -1.8838E-04   
1.9563E-03   -2.7697E-03   
6.9546E-03   -3.4747E-04   
7.0085E-03   -4.5845E-04   
1.8092E-03   -2.9399E-03   
7.0049E-03   -2.9043E-04   
6.9021E-03   -4.3811E-04   
7.1235E-03   -4.8463E-04   
2.3880E-03   -3.0457E-03   
8.0058E-03   -4.0289E-04   
7.5411E-03   -4.4774E-04   
1.8651E-03   -2.8764E-03   
7.9751E-03   -4.9478E-04   
2.6754E-03   -3.4096E-03   
2.2084E-03   -3.3477E-03   
2.5331E-03   -3.0650E-03   
2.2047E-03   -2.9806E-03   
9.2300E-03   -6.2456E-04   
9.8506E-03   -5.6225E-04   
2.7610E-03   -3.5217E-03   
2.6276E-03   -3.9145E-03   
1.1311E-02   -2.4158E-04   
2.9011E-03   -3.6818E-03   
2.0581E-03   -2.5853E-03   
2.3894E-03   -2.4280E-03   
3.5806E-03   -1.8137E-03   
2.5913E-03   -2.3270E-03   
6.3082E-03   -5.2704E-04   
3.8380E-03   -1.6792E-03   
2.8333E-03   -2.2035E-03   
3.3299E-03   -1.9450E-03   
6.1285E-03   -5.9735E-04   
4.9069E-03   -1.1407E-03   
3.0806E-03   -2.0753E-03   
4.6434E-03   -1.2692E-03   
2.1813E-03   -2.5287E-03   
5.9155E-03   -6.8437E-04   
5.4064E-03   -9.0588E-04   
5.1600E-03   -1.0201E-03   
2.2003E-03   -2.5263E-03   
4.3737E-03   -1.4039E-03   
4.1037E-03   -1.5416E-03   
6.6425E-03   -3.9442E-04   
6.8825E-03   -3.4209E-04   
2.2830E-03   -2.5443E-03   
2.2165E-03   -2.5315E-03   
2.0240E-03   -2.8558E-03   
2.2449E-03   -2.5370E-03   
6.8418E-03   -3.3714E-04   
2.1399E-03   -2.6657E-03   
2.6705E-03   -2.9400E-03   
6.7439E-03   -5.2859E-04   
1.9920E-03   -2.7883E-03   
6.8500E-03   -5.5362E-04   
6.8058E-03   -4.2350E-04   
7.2533E-03   -5.1570E-04   
2.4366E-03   -2.9588E-03   
3.2715E-03   -3.5990E-03   
2.7375E-03   -3.0790E-03   
8.1431E-03   -5.5413E-04   
7.7281E-03   -4.7270E-04   
9.8455E-03   -6.5816E-04   
2.3088E-03   -2.8804E-03   
2.9507E-03   -3.7691E-03   
8.9330E-03   -6.0394E-04   
1.0167E-02   -4.8960E-04   
3.0175E-03   -3.3640E-03   
2.6335E-03   -3.2164E-03   
2.7721E-03   -3.2745E-03   
9.2108E-03   -7.3172E-04   
6.4613E-03   -4.6330E-04   
3.7003E-03   -1.7432E-03   
3.4493E-03   -1.8760E-03   
2.4342E-03   -2.4063E-03   
5.8443E-03   -7.0706E-04   
6.6716E-03   -4.0525E-04   
2.7022E-03   -2.2694E-03   
4.7680E-03   -1.1977E-03   
6.2547E-03   -5.3981E-04   
5.0262E-03   -1.0734E-03   
6.0317E-03   -6.2923E-04   
2.9505E-03   -2.1396E-03   
4.4998E-03   -1.3305E-03   
3.9604E-03   -1.6067E-03   
4.2286E-03   -1.4680E-03   
2.4136E-03   -2.4248E-03   
5.4846E-03   -8.6284E-04   
5.2719E-03   -9.5870E-04   
2.4703E-03   -2.4336E-03   
2.4341E-03   -2.4296E-03   
2.1738E-03   -2.6899E-03   
2.3276E-03   -2.5550E-03   
6.6518E-03   -3.9622E-04   
2.5422E-03   -2.7613E-03   
6.7220E-03   -4.1427E-04   
6.5734E-03   -6.2966E-04   
2.5100E-03   -2.8517E-03   
6.6447E-03   -5.1031E-04   
6.9622E-03   -5.8595E-04   
8.6270E-03   -5.8045E-04   
7.4142E-03   -5.4739E-04   
2.8866E-03   -2.9419E-03   
2.1715E-03   -2.7440E-03   
2.1030E-03   -2.8724E-03   
8.4590E-03   -5.1408E-04   
7.8289E-03   -6.1288E-04   
2.9527E-03   -3.0740E-03   
3.3232E-03   -3.7206E-03   
3.4251E-03   -3.4272E-03   
2.7605E-03   -2.8188E-03   
8.9584E-03   -5.0494E-04   
9.5338E-03   -7.4155E-04   
1.0156E-02   -5.7964E-04   
1.0454E-02   -4.3387E-04   
3.0230E-03   -3.1359E-03   
3.3595E-03   -3.2541E-03   
5.9255E-03   -6.7180E-04   
3.3207E-03   -1.9447E-03   
3.5665E-03   -1.8136E-03   
6.4592E-03   -4.7191E-04   
5.4063E-03   -8.9657E-04   
5.1560E-03   -1.0110E-03   
6.1091E-03   -5.9757E-04   
3.8223E-03   -1.6781E-03   
4.8995E-03   -1.1323E-03   
4.6336E-03   -1.2621E-03   
3.0790E-03   -2.0739E-03   
4.3611E-03   -1.3988E-03   
4.0888E-03   -1.5387E-03   
2.5968E-03   -2.3272E-03   
2.6232E-03   -2.3226E-03   
2.6564E-03   -2.3229E-03   
2.5165E-03   -2.4403E-03   
2.3697E-03   -2.5742E-03   
2.8225E-03   -2.2107E-03   
6.4572E-03   -4.6294E-04   
6.3799E-03   -5.9242E-04   
5.6718E-03   -7.7842E-04   
6.4720E-03   -6.0801E-04   
2.5223E-03   -2.7043E-03   
2.3138E-03   -2.7478E-03   
3.2612E-03   -2.9833E-03   
6.6785E-03   -6.5809E-04   
2.4006E-03   -2.6072E-03   
6.4522E-03   -4.9842E-04   
3.0537E-03   -2.7861E-03   
7.0798E-03   -6.2925E-04   
2.8452E-03   -2.6863E-03   
8.0096E-03   -6.4608E-04   
8.3869E-03   -6.7523E-04   
7.6179E-03   -5.7750E-04   
1.0761E-02   -4.3235E-04   
3.5540E-03   -3.0953E-03   
3.3958E-03   -3.0393E-03   
3.6983E-03   -3.4406E-03   
9.2231E-03   -8.3900E-04   
3.4248E-03   -3.8403E-03   
9.8273E-03   -7.5545E-04   
1.0476E-02   -5.0844E-04   
6.0611E-03   -6.2216E-04   
3.4316E-03   -1.8926E-03   
3.1930E-03   -2.0199E-03   
5.2987E-03   -9.5145E-04   
6.2643E-03   -5.3879E-04   
5.0408E-03   -1.0715E-03   
3.6852E-03   -1.7576E-03   
4.7768E-03   -1.1983E-03   
3.9518E-03   -1.6170E-03   
4.5034E-03   -1.3337E-03   
2.8375E-03   -2.2157E-03   
4.2259E-03   -1.4748E-03   
2.7046E-03   -2.3236E-03   
5.8206E-03   -7.2210E-04   
6.1936E-03   -6.9791E-04   
2.9956E-03   -2.1250E-03   
2.6086E-03   -2.4794E-03   
2.7609E-03   -2.3294E-03   
2.6547E-03   -2.5858E-03   
5.5591E-03   -8.3436E-04   
6.2965E-03   -7.1312E-04   
8.0526E-03   -7.3253E-04   
6.2412E-03   -5.6133E-04   
6.3996E-03   -7.3583E-04   
2.8070E-03   -2.6020E-03   
6.7749E-03   -6.9765E-04   
7.2577E-03   -6.6711E-04   
6.2924E-03   -5.8586E-04   
3.7822E-03   -2.9294E-03   
3.0926E-03   -2.6674E-03   
3.4369E-03   -2.6673E-03   
8.2814E-03   -6.1516E-04   
1.0871E-02   -5.2676E-04   
3.6351E-03   -2.8669E-03   
7.4937E-03   -6.9660E-04   
8.3188E-03   -7.7276E-04   
8.9102E-03   -9.6311E-04   
3.7782E-03   -3.1361E-03   
3.8498E-03   -3.2603E-03   
8.8037E-03   -8.4557E-04   
1.0995E-02   -3.6163E-04   
1.0158E-02   -6.7206E-04   
2.9665E-03   -4.0208E-03   
3.0888E-03   -2.9550E-03   
3.2873E-03   -1.9837E-03   
3.0520E-03   -2.1069E-03   
5.1930E-03   -1.0151E-03   
5.9900E-03   -6.6745E-04   
4.9298E-03   -1.1397E-03   
3.8120E-03   -1.7058E-03   
2.8855E-03   -2.2103E-03   
4.6558E-03   -1.2735E-03   
2.8169E-03   -2.3462E-03   
4.0905E-03   -1.5601E-03   
2.6421E-03   -2.5191E-03   
4.3734E-03   -1.4150E-03   
5.4541E-03   -8.9578E-04   
2.9512E-03   -2.2051E-03   
6.0033E-03   -8.1352E-04   
6.2052E-03   -5.9463E-04   
5.7121E-03   -7.8238E-04   
6.1049E-03   -6.8583E-04   
6.1498E-03   -8.0897E-04   
6.5073E-03   -7.6379E-04   
4.0466E-03   -2.7506E-03   
3.2070E-03   -2.5352E-03   
3.5689E-03   -2.7039E-03   
3.3178E-03   -2.6350E-03   
7.6585E-03   -8.4356E-04   
1.0109E-02   -7.6419E-04   
3.9423E-03   -3.4707E-03   
2.9757E-03   -2.4572E-03   
3.4452E-03   -2.8328E-03   
7.3866E-03   -8.2135E-04   
8.5909E-03   -7.8241E-04   
1.1120E-02   -4.1785E-04   
1.0557E-02   -6.8697E-04   
9.0239E-03   -1.0593E-03   
4.2985E-03   -3.1269E-03   
3.3471E-03   -4.0193E-03   
7.1207E-03   -8.0071E-04   
2.6874E-03   -4.0068E-03   
5.0918E-03   -1.0863E-03   
6.0398E-03   -6.7562E-04   
5.3542E-03   -9.6372E-04   
4.8202E-03   -1.2173E-03   
3.9526E-03   -1.6561E-03   
3.1278E-03   -2.0882E-03   
2.4342E-03   -2.6413E-03   
2.8613E-03   -2.3801E-03   
5.6136E-03   -8.4676E-04   
3.0303E-03   -2.2052E-03   
5.9017E-03   -8.0031E-04   
3.5420E-03   -1.8488E-03   
4.2433E-03   -1.5058E-03   
3.8720E-03   -2.6702E-03   
3.6113E-03   -2.5217E-03   
6.2050E-03   -8.4971E-04   
3.4145E-03   -2.5221E-03   
2.8953E-03   -2.4277E-03   
3.0888E-03   -2.4647E-03   
3.0543E-03   -2.5376E-03   
3.8318E-03   -2.5374E-03   
4.1580E-03   -2.8425E-03   
7.9421E-03   -8.7328E-04   
9.7633E-03   -8.7461E-04   
7.2749E-03   -9.5364E-04   
5.6508E-03   -9.4117E-04   
6.7481E-03   -9.2588E-04   
8.2809E-03   -9.0750E-04   
4.3653E-03   -3.3364E-03   
3.5910E-03   -3.5756E-03   
7.0148E-03   -9.3424E-04   
8.9010E-03   -7.1098E-04   
4.5284E-03   -3.1654E-03   
4.1112E-03   -3.0891E-03   
9.4277E-03   -1.0248E-03   
8.6078E-03   -1.1056E-03   
5.2601E-03   -1.0368E-03   
5.0037E-03   -1.1604E-03   
5.8100E-03   -7.9057E-04   
3.0973E-03   -2.2271E-03   
5.8321E-03   -7.5028E-04   
5.5192E-03   -9.1752E-04   
4.7218E-03   -1.3003E-03   
3.2253E-03   -2.0698E-03   
4.1118E-03   -1.6067E-03   
4.4149E-03   -1.4529E-03   
3.9504E-03   -2.3794E-03   
3.7415E-03   -2.3795E-03   
3.3904E-03   -1.9521E-03   
3.1283E-03   -2.3386E-03   
3.1238E-03   -2.2802E-03   
3.2865E-03   -2.3215E-03   
3.6673E-03   -1.8063E-03   
6.3711E-03   -8.7776E-04   
5.4486E-03   -1.0834E-03   
6.6521E-03   -1.0560E-03   
3.3392E-03   -2.3903E-03   
6.4311E-03   -9.6368E-04   
4.4630E-03   -2.9587E-03   
7.5349E-03   -9.8207E-04   
4.4766E-03   -2.6516E-03   
3.5184E-03   -3.2974E-03   
4.7963E-03   -3.1878E-03   
5.9548E-03   -9.9275E-04   
6.8971E-03   -1.0705E-03   
4.2360E-03   -2.4510E-03   
4.7110E-03   -2.9945E-03   
4.1659E-03   -3.5186E-03   
8.7447E-03   -1.1985E-03   
9.8691E-03   -9.9191E-04   
5.1883E-03   -1.1017E-03   
5.4273E-03   -9.9347E-04   
3.8163E-03   -1.7607E-03   
3.3625E-03   -2.2043E-03   
4.2891E-03   -1.5590E-03   
3.6850E-03   -2.2382E-03   
3.3637E-03   -2.0488E-03   
5.5684E-03   -1.1118E-03   
3.5202E-03   -1.9173E-03   
3.4174E-03   -2.0980E-03   
6.6156E-03   -7.8100E-04   
4.6144E-03   -1.3999E-03   
5.6605E-03   -8.8613E-04   
3.8770E-03   -2.2317E-03   
6.5317E-03   -1.1940E-03   
4.0836E-03   -2.2286E-03   
6.4465E-03   -1.0495E-03   
3.1844E-03   -3.4045E-03   
5.1514E-03   -3.1867E-03   
7.1419E-03   -1.0954E-03   
3.7273E-03   -3.6404E-03   
4.7173E-03   -2.3166E-03   
4.5947E-03   -2.7710E-03   
6.0588E-03   -1.0514E-03   
7.8019E-03   -1.0196E-03   
4.4134E-03   -3.5734E-03   
4.8022E-03   -2.4469E-03   
4.9048E-03   -2.8099E-03   
4.6510E-03   -3.3687E-03   
8.3105E-03   -1.2583E-03   
4.1603E-03   -2.3727E-03   
1.0337E-02   -9.4724E-04   
3.9857E-03   -1.7134E-03   
4.0187E-03   -2.0769E-03   
4.9698E-03   -1.2258E-03   
3.6914E-03   -1.8685E-03   
5.1966E-03   -1.2387E-03   
4.2974E-03   -2.2327E-03   
3.5424E-03   -2.2386E-03   
6.9973E-03   -1.2448E-03   
4.4727E-03   -1.5200E-03   
4.2211E-03   -2.0727E-03   
3.6144E-03   -1.9534E-03   
5.6740E-03   -1.1622E-03   
6.7613E-03   -1.2161E-03   
5.3051E-03   -1.0870E-03   
3.5883E-03   -2.1472E-03   
6.1414E-03   -1.1240E-03   
3.8868E-03   -2.9939E-03   
4.4961E-03   -2.2608E-03   
4.9121E-03   -2.5513E-03   
5.1003E-03   -2.6187E-03   
5.1997E-03   -2.8622E-03   
5.6199E-03   -2.9896E-03   
8.4632E-03   -1.3699E-03   
4.1290E-03   -3.7736E-03   
7.6341E-03   -1.1713E-03   
1.0657E-02   -8.0771E-04   
4.1605E-03   -1.6730E-03   
3.8688E-03   -1.8209E-03   
4.8408E-03   -1.3546E-03   
4.3615E-03   -1.9154E-03   
5.2910E-03   -1.2858E-03   
6.2598E-03   -1.1940E-03   
5.7761E-03   -1.2229E-03   
4.4409E-03   -2.0710E-03   
6.6229E-03   -1.3681E-03   
6.3944E-03   -1.3413E-03   
7.9005E-03   -1.3033E-03   
7.2404E-03   -1.2829E-03   
5.5434E-03   -2.4701E-03   
5.2260E-03   -2.3597E-03   
3.8130E-03   -2.0972E-03   
8.0388E-03   -1.0764E-03   
9.1212E-03   -1.1401E-03   
8.0200E-03   -1.5737E-03   
5.6409E-03   -2.8352E-03   
5.6335E-03   -3.1477E-03   
5.7012E-03   -2.6742E-03   
4.9137E-03   -2.1082E-03   
4.6281E-03   -3.6539E-03   
1.0781E-02   -9.0444E-04   
4.0308E-03   -1.7931E-03   
5.1514E-03   -1.1957E-03   
3.8826E-03   -1.9807E-03   
4.6144E-03   -1.5080E-03   
6.2111E-03   -1.5259E-03   
4.8900E-03   -1.4276E-03   
4.3315E-03   -1.6463E-03   
5.3932E-03   -1.3439E-03   
4.5775E-03   -1.9073E-03   
5.9429E-03   -1.3688E-03   
4.8246E-03   -1.9023E-03   
6.0256E-03   -1.4522E-03   
8.1972E-03   -1.1578E-03   
6.8609E-03   -1.3965E-03   
7.5063E-03   -1.3318E-03   
9.4424E-03   -1.1598E-03   
5.1413E-03   -2.2514E-03   
7.8558E-03   -1.2069E-03   
5.1196E-03   -2.1409E-03   
7.5813E-03   -1.4530E-03   
4.1721E-03   -1.9064E-03   
5.1320E-03   -1.8967E-03   
5.8428E-03   -2.4967E-03   
7.6025E-03   -1.5835E-03   
8.4732E-03   -1.4963E-03   
5.2914E-03   -2.4559E-03   
6.0239E-03   -2.6731E-03   
5.9798E-03   -2.9567E-03   
4.3008E-03   -3.8410E-03   
4.1862E-03   -1.7914E-03   
4.9520E-03   -1.7328E-03   
4.5379E-03   -1.6068E-03   
5.0236E-03   -1.4658E-03   
5.4519E-03   -2.0721E-03   
4.7028E-03   -1.7524E-03   
5.7729E-03   -1.6313E-03   
6.5394E-03   -1.4985E-03   
6.3920E-03   -2.8488E-03   
7.2418E-03   -1.6021E-03   
3.7440E-03   -1.9351E-03   
5.3823E-03   -1.9534E-03   
7.0842E-03   -1.4385E-03   
5.5199E-03   -1.3967E-03   
5.6239E-03   -1.5543E-03   
6.0093E-03   -2.3132E-03   
4.1901E-03   -3.9967E-03   
6.1622E-03   -2.5173E-03   
7.5762E-03   -1.7098E-03   
8.7696E-03   -1.3891E-03   
5.8815E-03   -1.2868E-03   
3.6457E-03   -2.0447E-03   
4.4922E-03   -1.7827E-03   
5.2149E-03   -1.7269E-03   
4.7518E-03   -1.6364E-03   
6.7011E-03   -1.5533E-03   
5.3404E-03   -1.5642E-03   
5.5131E-03   -1.7905E-03   
4.7343E-03   -1.5683E-03   
7.2784E-03   -1.8714E-03   
4.4757E-03   -1.7141E-03   
9.1408E-03   -1.3325E-03   
7.2190E-03   -1.7446E-03   
5.6849E-03   -2.2788E-03   
5.4495E-03   -1.7195E-03   
6.6782E-03   -2.6584E-03   
3.7171E-03   -4.1705E-03   
5.6604E-03   -1.4326E-03   
5.9694E-03   -2.0668E-03   
6.3054E-03   -1.6501E-03   
6.4836E-03   -1.7455E-03   
6.2209E-03   -2.1152E-03   
7.4091E-03   -1.9846E-03   
5.7089E-03   -1.9213E-03   
6.5090E-03   -2.5468E-03   
6.8294E-03   -2.7426E-03   
6.4047E-03   -1.9239E-03   
5.8118E-03   -1.9957E-03   
7.2331E-03   -2.7291E-03   
6.4842E-03   -2.1688E-03   
7.2696E-03   -1.4835E-03   
7.9157E-03   -1.8871E-03   
6.9402E-03   -2.0634E-03   
6.0492E-03   -1.8295E-03   
6.8416E-03   -1.7589E-03   
6.2957E-03   -2.3472E-03   
7.0289E-03   -2.1830E-03   
8.3055E-03   -1.6646E-03   
7.6623E-03   -2.5141E-03   
6.6712E-03   -2.2245E-03   
6.1432E-03   -1.9118E-03   
7.0104E-03   -2.3389E-03   
7.4082E-03   -2.3327E-03   
7.9201E-03   -2.1581E-03   
8.1044E-03   -1.9743E-03   
7.7776E-03   -2.3474E-03   
3.8165E-04   -4.9567E-03   
6.9676E-03   -2.4835E-03   
6.5692E-03   -2.9435E-03   
1.1453E-02   -4.1399E-04   
8.6108E-04   -4.1589E-03   
1.2495E-02   -6.1724E-05   
1.1230E-02   -8.6009E-04   
6.9335E-04   -5.0137E-03   
3.3186E-03   -4.1806E-03   
7.8262E-03   -2.6084E-03   
1.1646E-02   -2.2046E-04   
1.0597E-03   -4.9702E-03   
3.7274E-03   -3.8659E-03   
1.5049E-03   -4.9081E-03   
1.9596E-03   -4.8402E-03   
2.4135E-03   -4.7589E-03   
2.8819E-03   -4.6658E-03   
1.2895E-02   -5.6476E-05   
3.3602E-03   -4.5632E-03   
3.8619E-03   -4.4453E-03   
1.0939E-02   -7.0153E-04   
4.3792E-03   -4.3232E-03   
1.3307E-02   -5.4430E-05   
4.9045E-03   -4.1952E-03   
5.4449E-03   -4.0620E-03   
8.3747E-03   -1.8064E-03   
6.0550E-03   -3.9028E-03   
1.3740E-02   -5.0474E-05   
9.5343E-03   -8.2752E-04   
6.5423E-03   -3.8283E-03   
4.8883E-03   -3.0463E-03   
2.5242E-03   -4.4175E-03   
1.1018E-02   -6.1151E-04   
7.1100E-03   -3.6441E-03   
7.7475E-03   -3.5136E-03   
1.4187E-02   -4.4684E-05   
8.3418E-03   -3.3799E-03   
5.1725E-03   -3.5316E-03   
9.0020E-03   -3.2176E-03   
9.5163E-03   -3.1424E-03   
1.4650E-02   -3.8815E-05   
1.0113E-02   -2.9539E-03   
1.0786E-02   -2.7947E-03   
1.1144E-03   -4.7228E-03   
1.1416E-02   -2.6238E-03   
1.5184E-02   -3.5084E-05   
1.1807E-02   -1.3751E-04   
5.5270E-03   -3.3255E-03   
1.2100E-02   -2.4083E-03   
1.2752E-02   -2.2145E-03   
1.0476E-02   -1.0280E-03   
1.5778E-02   -1.9023E-05   
9.5546E-03   -1.2663E-03   
8.7982E-03   -1.4916E-03   
1.4036E-02   -1.7353E-03   
1.6417E-02   -2.7531E-04   
1.6535E-02   -2.7441E-04   
1.6471E-02   -7.8104E-05   
1.6520E-02   -3.2625E-05   
1.6433E-02   -1.7491E-04   
4.5085E-03   -4.0227E-03   
1.5472E-02   -1.0043E-03   
1.2910E-03   -4.8148E-03   
9.8781E-03   -1.2894E-03   
9.3034E-03   -1.4425E-03   
2.2707E-03   -4.5724E-03   
8.7168E-03   -1.7997E-03   
2.9321E-03   -4.3408E-03   
1.1762E-02   -3.4848E-04   
8.2216E-03   -2.1861E-03   
1.1539E-02   -7.2471E-04   
3.2547E-03   -4.3487E-03   
5.7918E-03   -3.3889E-03   
2.2336E-03   -4.6860E-03   
6.4032E-03   -3.1560E-03   
3.1761E-03   -4.4950E-03   
1.0373E-02   -1.1534E-03   
1.1230E-02   -2.5222E-03   
8.1694E-03   -3.2760E-03   
4.2007E-03   -4.2345E-03   
5.3236E-03   -3.6292E-03   
5.2594E-03   -3.9736E-03   
5.1339E-03   -3.8432E-03   
1.3508E-02   -1.0608E-04   
8.3935E-03   -2.4940E-03   
1.1998E-02   -1.9717E-04   
1.1369E-02   -9.3957E-04   
1.2712E-02   -1.0992E-04   
1.5119E-02   -7.5728E-05   
7.4571E-03   -2.8161E-03   
9.2083E-03   -3.0187E-03   
1.1200E-02   -4.6690E-04   
1.1358E-02   -6.3487E-04   
8.4128E-03   -1.8917E-03   
6.1175E-03   -3.0110E-03   
1.6136E-02   -7.6116E-06   
1.3419E-02   -1.9763E-03   
6.2216E-03   -3.7144E-03   
1.2251E-02   -2.2128E-03   
1.6554E-02   -1.8600E-04   
1.6629E-02   -1.7103E-05   
1.6605E-02   -4.7984E-05   
1.6573E-02   -1.1238E-04   
1.0181E-02   -2.7630E-03   
7.1535E-03   -3.4462E-03   
1.4390E-02   -8.3800E-05   
1.4612E-02   -1.2614E-03   
1.5848E-02   -5.5479E-05   
1.5398E-02   -9.1734E-04   
1.5744E-02   -4.0273E-04   
1.5921E-02   -7.7475E-05   
1.5842E-02   -1.7333E-04   
1.5645E-02   -6.2681E-04   
1.0286E-02   -1.3043E-03   
8.0420E-03   -3.1655E-03   
1.1888E-02   -2.7048E-04   
1.2296E-02   -2.2668E-04   
1.3266E-02   -1.6905E-04   
1.4410E-03   -4.6890E-03   
7.2820E-03   -3.0239E-03   
9.2100E-03   -1.6378E-03   
5.5959E-03   -3.7808E-03   
1.1838E-02   -4.2804E-04   
1.4139E-02   -1.3807E-04   
1.3204E-02   -1.9220E-03   
4.0565E-03   -4.1559E-03   
7.6066E-03   -3.2578E-03   
6.0514E-03   -3.6489E-03   
9.0772E-03   -2.9288E-03   
6.7473E-03   -3.1514E-03   
1.0779E-02   -2.5348E-03   
8.7387E-03   -2.0875E-03   
6.6343E-03   -3.4931E-03   
1.1225E-02   -1.0822E-03   
1.1688E-02   -8.1316E-04   
9.6777E-03   -2.7964E-03   
8.8153E-03   -2.2545E-03   
1.4641E-02   -1.1742E-04   
8.5668E-03   -2.6177E-03   
1.3702E-02   -1.5309E-04   
6.3009E-03   -3.3385E-03   
1.1700E-02   -5.3193E-04   
8.5524E-03   -3.0499E-03   
9.0711E-03   -1.8487E-03   
1.2761E-02   -1.8138E-04   
1.1836E-02   -6.0078E-04   
1.5095E-02   -6.1369E-04   
1.5345E-02   -1.3325E-04   
1.5252E-02   -2.7949E-04   
1.5434E-02   -7.7457E-05   
1.0716E-02   -1.1681E-03   
1.3789E-02   -1.5922E-03   
1.4742E-02   -1.0455E-03   
1.5812E-02   -1.4368E-04   
1.5679E-02   -5.3689E-04   
1.5695E-02   -2.7855E-04   
1.5630E-02   -3.3669E-04   
8.3968E-03   -2.9475E-03   
6.3088E-03   -3.4692E-03   
1.4300E-02   -1.7809E-04   
1.2725E-02   -2.0212E-03   
7.2987E-03   -3.2218E-03   
8.9511E-03   -2.3877E-03   
8.2165E-03   -2.8505E-03   
1.2167E-02   -7.5920E-04   
1.2586E-02   -2.6240E-04   
1.0323E-02   -2.5610E-03   
1.3480E-02   -2.1035E-04   
1.5198E-02   -3.7586E-04   
1.5392E-02   -1.9303E-04   
1.2295E-02   -5.5472E-04   
1.0203E-02   -1.4674E-03   
1.2269E-02   -3.9980E-04   
9.6533E-03   -1.6474E-03   
1.5064E-02   -4.9433E-04   
1.3984E-02   -1.3157E-03   
1.1635E-02   -1.0672E-03   
1.1394E-02   -2.2996E-03   
9.2398E-03   -2.0431E-03   
7.7268E-03   -2.9860E-03   
9.4451E-03   -2.7074E-03   
1.1323E-02   -1.1816E-03   
1.5085E-02   -1.1882E-04   
1.3675E-02   -1.5220E-03   
1.4828E-02   -8.2827E-04   
1.0435E-02   -2.3477E-03   
9.8047E-03   -1.9608E-03   
1.1244E-02   -1.3191E-03   
1.2103E-02   -9.9256E-04   
9.8143E-03   -2.4851E-03   
8.7464E-03   -2.7261E-03   
1.4455E-02   -2.1210E-04   
1.3349E-02   -1.5521E-03   
1.3519E-02   -2.7791E-04   
1.4032E-02   -2.4388E-04   
9.2781E-03   -2.6069E-03   
1.2584E-02   -4.3543E-04   
1.2620E-02   -3.3554E-04   
1.2471E-02   -6.2757E-04   
9.1578E-03   -1.9529E-03   
9.4624E-03   -2.2917E-03   
1.2359E-02   -8.3195E-04   
1.1545E-02   -2.1057E-03   
1.0643E-02   -1.4722E-03   
1.0115E-02   -1.6373E-03   
9.7575E-03   -2.1191E-03   
1.1741E-02   -1.2403E-03   
1.2055E-02   -1.1153E-03   
1.1851E-02   -2.2539E-03   
1.2652E-02   -6.9473E-04   
9.6335E-03   -2.3895E-03   
1.4873E-02   -1.7675E-04   
1.3025E-02   -3.4842E-04   
1.2756E-02   -5.1340E-04   
1.2681E-02   -1.7943E-03   
1.3370E-02   -3.7095E-04   
1.0087E-02   -1.7729E-03   
1.0976E-02   -1.4910E-03   
1.2164E-02   -1.2039E-03   
9.9543E-03   -2.1847E-03   
1.3244E-02   -4.6429E-04   
1.3648E-02   -1.3272E-03   
1.2568E-02   -8.7556E-04   
1.3131E-02   -6.2662E-04   
1.2442E-02   -2.0219E-03   
1.4241E-02   -2.7705E-04   
1.0407E-02   -1.7983E-03   
1.0952E-02   -1.6213E-03   
1.5058E-02   -2.0363E-04   
1.2986E-02   -8.1392E-04   
1.4515E-02   -2.9931E-04   
1.0483E-02   -2.0531E-03   
1.3339E-02   -5.2943E-04   
1.3998E-02   -3.5581E-04   
1.3309E-02   -6.7601E-04   
1.1426E-02   -1.5886E-03   
1.3618E-02   -3.9107E-04   
1.1982E-02   -1.3934E-03   
1.2791E-02   -1.0610E-03   
1.3697E-02   -5.3492E-04   
1.3003E-02   -1.1373E-03   
1.0668E-02   -2.1326E-03   
1.2423E-02   -1.3629E-03   
1.0844E-02   -1.8159E-03   
1.1864E-02   -1.5660E-03   
1.4116E-02   -4.0461E-04   
1.4995E-02   -2.7249E-04   
1.3361E-02   -1.1275E-03   
1.2884E-02   -1.3106E-03   
1.4253E-02   -4.4904E-04   
1.1040E-02   -1.9294E-03   
1.1661E-02   -1.7721E-03   
1.4012E-02   -5.4089E-04   
1.3892E-02   -1.0015E-03   
1.2842E-02   -1.4615E-03   
1.4737E-02   -3.6924E-04   
1.3993E-02   -6.1208E-04   
1.3861E-02   -1.1353E-03   
1.4955E-02   -3.8525E-04   
1.3342E-02   -1.3414E-03   
1.3487E-02   -7.2304E-04   
1.3165E-02   -8.7571E-04   
1.3401E-02   -9.2381E-04   
1.3993E-02   -7.7525E-04   
