51 
1844 
1.6228E-03   -1.7990E-03   
3.0870E-03   -1.5224E-03   
4.2472E-03   -1.0987E-03   
4.9920E-03   -5.7373E-04   
1.3569E-36   -1.8858E-03   
5.2434E-03   -7.0184E-37   
5.3608E-03   -1.3576E-35   
5.5528E-03   -1.4063E-37   
5.9741E-03   5.6457E-36   
6.3556E-03   8.2994E-36   
6.8406E-03   1.7508E-35   
7.4324E-03   2.4143E-35   
7.8877E-03   2.9238E-35   
8.6625E-03   4.4430E-35   
9.2395E-03   5.3909E-35   
9.8638E-03   4.7511E-35   
1.0193E-02   7.3237E-35   
1.0884E-02   1.0828E-34   
1.1618E-02   1.5732E-34   
1.2000E-02   -7.3006E-31   
1.2000E-02   -1.5505E-34   
1.2000E-02   -1.5505E-34   
1.2000E-02   -1.5505E-34   
1.2000E-02   -1.5505E-34   
1.2000E-02   -1.5505E-34   
1.2000E-02   -1.5505E-34   
1.2000E-02   -1.5505E-34   
1.2000E-02   -1.5505E-34   
1.2000E-02   -1.5505E-34   
1.2000E-02   -1.5505E-34   
1.2000E-02   -1.5505E-34   
1.2000E-02   -1.5505E-34   
1.1274E-02   -5.1926E-04   
1.0091E-02   -1.1854E-03   
9.5918E-03   -1.4146E-03   
9.1155E-03   -1.6038E-03   
8.1983E-03   -1.9083E-03   
7.7513E-03   -2.0358E-03   
6.8725E-03   -2.2603E-03   
6.4407E-03   -2.3630E-03   
5.5911E-03   -2.5585E-03   
4.7649E-03   -2.7477E-03   
4.3625E-03   -2.8417E-03   
3.5829E-03   -3.0263E-03   
2.8423E-03   -3.2022E-03   
2.4879E-03   -3.2841E-03   
1.8114E-03   -3.4300E-03   
1.1756E-03   -3.5417E-03   
5.7464E-04   -3.6110E-03   
1.8835E-36   -3.6318E-03   
1.5958E-34   -3.4409E-03   
1.6761E-34   -3.2586E-03   
1.5787E-34   -3.0167E-03   
1.4965E-34   -2.8778E-03   
1.3177E-34   -2.6513E-03   
1.2021E-34   -2.5224E-03   
1.0828E-34   -2.3968E-03   
9.8393E-35   -2.2957E-03   
9.6262E-35   -2.2074E-03   
1.2294E-03   -1.9195E-03   
1.1530E-02   -4.5894E-05   
1.1037E-02   -9.5962E-05   
1.0325E-02   -1.6595E-04   
9.7405E-03   -2.2575E-04   
9.1748E-03   -3.0024E-04   
8.5374E-03   -3.4468E-04   
8.0153E-03   -3.6289E-04   
7.3703E-03   -4.1879E-04   
6.7305E-03   -4.5332E-04   
6.0936E-03   -4.8367E-04   
5.4620E-03   -5.1076E-04   
4.8041E-03   -5.5410E-04   
4.1275E-03   -6.6385E-04   
3.2027E-03   -9.5812E-04   
2.2601E-03   -1.4170E-03   
3.3555E-03   -1.1165E-03   
4.0006E-03   -5.5561E-04   
4.6262E-03   -3.5199E-04   
5.2179E-03   -2.9786E-04   
5.7866E-03   -2.9045E-04   
6.3274E-03   -2.9312E-04   
6.9451E-03   -2.6891E-04   
7.5196E-03   -2.4939E-04   
8.0544E-03   -2.2420E-04   
8.6066E-03   -2.2571E-04   
9.2075E-03   -1.7880E-04   
9.7854E-03   -1.4100E-04   
1.0351E-02   -1.1351E-04   
1.0950E-02   -6.5944E-05   
1.1469E-02   -2.7804E-05   
4.9107E-03   -2.4863E-04   
5.2124E-03   -1.1753E-04   
5.5563E-03   -1.1039E-04   
6.0329E-03   -1.1330E-04   
6.4890E-03   -1.1535E-04   
7.0511E-03   -1.2151E-04   
7.5533E-03   -1.2475E-04   
8.0524E-03   -1.2200E-04   
8.6947E-03   -9.8070E-05   
9.2320E-03   -7.9280E-05   
9.8400E-03   -6.8072E-05   
1.0437E-02   -4.9123E-05   
1.1021E-02   -3.2227E-05   
1.1557E-02   -1.0516E-05   
1.1442E-02   -7.1297E-05   
1.0908E-02   -1.5043E-04   
1.0255E-02   -2.5248E-04   
9.6521E-03   -3.1562E-04   
9.1304E-03   -4.0576E-04   
8.4750E-03   -4.7832E-04   
7.8287E-03   -5.4384E-04   
7.2160E-03   -5.9488E-04   
6.5789E-03   -6.5704E-04   
5.9815E-03   -7.1126E-04   
5.2155E-03   -7.9642E-04   
4.3973E-03   -9.2227E-04   
3.5941E-03   -1.0956E-03   
2.7528E-03   -1.3455E-03   
1.8120E-03   -1.7318E-03   
9.0115E-04   -2.1016E-03   
1.1408E-02   -1.0576E-04   
1.0955E-02   -1.9218E-04   
1.0178E-02   -3.4242E-04   
9.6693E-03   -4.3665E-04   
9.0614E-03   -5.3086E-04   
8.3306E-03   -6.5240E-04   
7.6841E-03   -7.1894E-04   
7.0566E-03   -7.8926E-04   
6.3188E-03   -8.9152E-04   
5.6279E-03   -1.0043E-03   
4.8957E-03   -1.1268E-03   
4.1267E-03   -1.2400E-03   
3.3002E-03   -1.4687E-03   
2.4954E-03   -1.6858E-03   
1.6217E-03   -1.9944E-03   
7.7282E-04   -2.2630E-03   
1.1573E-02   -9.2462E-05   
1.0752E-02   -2.8894E-04   
1.0285E-02   -3.9112E-04   
9.7144E-03   -5.2633E-04   
8.8630E-03   -6.9862E-04   
8.2571E-03   -8.1346E-04   
7.6272E-03   -9.0754E-04   
6.8824E-03   -1.0326E-03   
6.2033E-03   -1.1549E-03   
5.4707E-03   -1.2573E-03   
4.7801E-03   -1.3761E-03   
3.9148E-03   -1.5334E-03   
3.0760E-03   -1.7981E-03   
2.2932E-03   -1.9877E-03   
1.5583E-03   -2.2267E-03   
7.6620E-04   -2.4168E-03   
1.1311E-02   -1.8916E-04   
1.0829E-02   -3.3303E-04   
1.0246E-02   -5.0509E-04   
9.6593E-03   -6.7090E-04   
8.8079E-03   -8.6956E-04   
8.1237E-03   -9.9370E-04   
7.4289E-03   -1.1529E-03   
6.7631E-03   -1.2963E-03   
5.9687E-03   -1.4046E-03   
5.3225E-03   -1.4994E-03   
4.6651E-03   -1.6674E-03   
3.7929E-03   -1.8743E-03   
2.9415E-03   -2.0921E-03   
2.1971E-03   -2.2779E-03   
1.4053E-03   -2.4688E-03   
7.3394E-04   -2.5909E-03   
1.1456E-02   -2.0020E-04   
1.0802E-02   -4.4137E-04   
1.0266E-02   -6.0583E-04   
9.4262E-03   -8.6982E-04   
8.6872E-03   -1.0905E-03   
8.0275E-03   -1.2241E-03   
7.2091E-03   -1.4029E-03   
6.5955E-03   -1.5333E-03   
5.7992E-03   -1.6605E-03   
5.1051E-03   -1.7950E-03   
4.3190E-03   -1.9684E-03   
3.6777E-03   -2.1308E-03   
2.9057E-03   -2.3299E-03   
2.1405E-03   -2.5092E-03   
1.3981E-03   -2.6731E-03   
6.5731E-04   -2.7907E-03   
1.1364E-02   -2.6994E-04   
1.0646E-02   -5.6210E-04   
1.0145E-02   -7.4225E-04   
9.1710E-03   -1.0942E-03   
8.5811E-03   -1.2676E-03   
7.9104E-03   -1.4562E-03   
7.1753E-03   -1.6008E-03   
6.4326E-03   -1.7650E-03   
5.6091E-03   -1.9507E-03   
4.9207E-03   -2.0922E-03   
4.2454E-03   -2.2308E-03   
3.5421E-03   -2.4010E-03   
2.7686E-03   -2.6169E-03   
2.1103E-03   -2.7414E-03   
1.3650E-03   -2.8958E-03   
6.7754E-04   -2.9855E-03   
1.1418E-02   -3.2096E-04   
1.0804E-02   -6.1923E-04   
9.9796E-03   -9.5765E-04   
9.2585E-03   -1.2585E-03   
8.4778E-03   -1.4449E-03   
7.7242E-03   -1.6405E-03   
7.0069E-03   -1.8258E-03   
6.2884E-03   -1.9982E-03   
5.5700E-03   -2.1667E-03   
4.7803E-03   -2.3149E-03   
4.0821E-03   -2.5315E-03   
3.3498E-03   -2.6769E-03   
2.6914E-03   -2.8115E-03   
2.0067E-03   -2.9723E-03   
1.3016E-03   -3.1175E-03   
7.2328E-04   -3.1762E-03   
1.1249E-02   -4.8701E-04   
1.0498E-02   -9.1867E-04   
9.8739E-03   -1.1649E-03   
8.8992E-03   -1.5234E-03   
8.3100E-03   -1.6976E-03   
7.4918E-03   -1.9184E-03   
6.7818E-03   -2.1080E-03   
6.1496E-03   -2.2237E-03   
5.3883E-03   -2.3917E-03   
4.6698E-03   -2.5940E-03   
4.0669E-03   -2.7178E-03   
3.3372E-03   -2.8960E-03   
2.5860E-03   -3.0693E-03   
1.9164E-03   -3.2045E-03   
1.2764E-03   -3.3204E-03   
5.7100E-04   -3.4346E-03   
2.0379E-04   -1.8922E-03   
4.1013E-04   -1.8884E-03   
6.1546E-04   -1.8811E-03   
8.2014E-04   -1.8709E-03   
1.0235E-03   -1.8576E-03   
1.2254E-03   -1.8411E-03   
1.4252E-03   -1.8215E-03   
1.8178E-03   -1.7738E-03   
2.0100E-03   -1.7457E-03   
2.1990E-03   -1.7150E-03   
2.3846E-03   -1.6816E-03   
2.5665E-03   -1.6456E-03   
2.7443E-03   -1.6070E-03   
2.9180E-03   -1.5659E-03   
3.2512E-03   -1.4765E-03   
3.4102E-03   -1.4284E-03   
3.5639E-03   -1.3783E-03   
3.7124E-03   -1.3261E-03   
3.8551E-03   -1.2720E-03   
3.9921E-03   -1.2160E-03   
4.1229E-03   -1.1581E-03   
4.3650E-03   -1.0378E-03   
4.4760E-03   -9.7527E-04   
4.5802E-03   -9.1134E-04   
4.6772E-03   -8.4607E-04   
4.7671E-03   -7.7958E-04   
4.8496E-03   -7.1197E-04   
4.9246E-03   -6.4332E-04   
5.0517E-03   -5.0326E-04   
5.1036E-03   -4.3196E-04   
5.1475E-03   -3.5975E-04   
5.1804E-03   -2.8695E-04   
5.2134E-03   -2.1547E-04   
5.2287E-03   -1.4468E-04   
5.2441E-03   -7.0245E-05   
5.2779E-03   -6.6885E-35   
5.2970E-03   -6.2106E-35   
5.3123E-03   -4.5971E-35   
5.3265E-03   -2.4455E-35   
5.3420E-03   -1.8331E-35   
5.3847E-03   -9.7140E-36   
5.4148E-03   -6.5696E-36   
5.4524E-03   -4.0067E-36   
5.4982E-03   -1.8984E-36   
5.6168E-03   1.3307E-36   
5.6905E-03   2.5688E-36   
5.7745E-03   3.6454E-36   
5.8690E-03   4.6495E-36   
6.0900E-03   6.5441E-36   
6.2172E-03   7.4337E-36   
6.5056E-03   9.2620E-36   
6.6672E-03   1.0251E-35   
7.0258E-03   1.8449E-35   
7.2231E-03   1.3960E-35   
7.6538E-03   2.6121E-35   
8.1336E-03   3.3808E-35   
8.3920E-03   3.8166E-35   
8.9450E-03   4.6029E-35   
9.5459E-03   6.1490E-35   
1.0533E-02   9.1821E-35   
1.1246E-02   9.6347E-35   
1.2000E-02   -1.5505E-34   
1.2000E-02   -1.5505E-34   
1.2000E-02   -1.5505E-34   
1.2000E-02   -1.5505E-34   
1.2000E-02   -1.5505E-34   
1.0629E-02   -9.1066E-04   
8.6528E-03   -1.7662E-03   
7.3096E-03   -2.1519E-03   
6.0132E-03   -2.4620E-03   
5.1747E-03   -2.6536E-03   
3.9682E-03   -2.9346E-03   
3.2075E-03   -3.1159E-03   
2.1442E-03   -3.3605E-03   
1.4887E-03   -3.4904E-03   
8.7102E-04   -3.5818E-03   
2.8552E-04   -3.6291E-03   
1.1917E-34   -3.5364E-03   
1.6579E-34   -3.3479E-03   
1.6239E-34   -3.1736E-03   
2.3497E-34   -3.0929E-03   
2.3699E-34   -2.9450E-03   
1.4616E-34   -2.8149E-03   
1.4219E-34   -2.7562E-03   
1.3675E-34   -2.7018E-03   
1.2764E-34   -2.6047E-03   
1.2377E-34   -2.5618E-03   
1.1720E-34   -2.4864E-03   
1.1423E-34   -2.4536E-03   
1.1111E-34   -2.4238E-03   
1.0581E-34   -2.3724E-03   
1.0357E-34   -2.3503E-03   
1.0157E-34   -2.3304E-03   
9.9842E-35   -2.3122E-03   
9.7225E-35   -2.2803E-03   
9.6348E-35   -2.2657E-03   
9.5790E-35   -2.2516E-03   
9.5578E-35   -2.2376E-03   
9.5733E-35   -2.2230E-03   
9.7138E-35   -2.1903E-03   
9.8314E-35   -2.1707E-03   
9.9951E-35   -2.1482E-03   
1.0213E-34   -2.1218E-03   
1.0555E-34   -2.0910E-03   
1.6526E-34   -2.0535E-03   
1.6669E-34   -2.0097E-03   
1.3742E-34   -1.9516E-03   
2.1970E-03   -1.6961E-03   
3.3920E-03   -1.3472E-03   
3.8394E-03   -1.1711E-03   
2.5553E-03   -1.6077E-03   
4.8690E-03   -6.0485E-04   
1.6412E-03   -1.8070E-03   
6.7729E-04   -1.9246E-03   
4.5885E-03   -7.9672E-04   
5.1317E-03   -3.4732E-04   
4.2437E-03   -9.8659E-04   
2.9016E-03   -1.5095E-03   
5.0168E-03   -4.7640E-04   
3.0696E-03   -1.4572E-03   
1.4519E-03   -1.8376E-03   
4.1158E-03   -1.0490E-03   
4.6896E-03   -7.3291E-04   
5.2584E-03   -9.7145E-05   
2.6078E-04   -1.9467E-03   
1.2611E-03   -1.8648E-03   
3.5451E-03   -1.2897E-03   
3.6930E-03   -1.2308E-03   
4.9470E-03   -5.4068E-04   
8.7413E-04   -1.9084E-03   
5.1768E-03   -2.8173E-04   
4.7213E-04   -1.9385E-03   
1.0686E-03   -1.8885E-03   
4.7832E-03   -6.6895E-04   
5.0784E-03   -4.1193E-04   
1.8287E-03   -1.7731E-03   
4.4804E-03   -8.6037E-04   
4.3653E-03   -9.2372E-04   
2.7302E-03   -1.5597E-03   
2.0141E-03   -1.7361E-03   
2.3776E-03   -1.6532E-03   
3.2334E-03   -1.4031E-03   
3.9806E-03   -1.1105E-03   
1.5073E-04   -2.0703E-03   
1.4334E-04   -2.1042E-03   
1.3805E-04   -2.1328E-03   
1.3316E-04   -2.1572E-03   
1.2937E-04   -2.1780E-03   
1.2705E-04   -2.1961E-03   
1.2578E-04   -2.2123E-03   
1.2525E-04   -2.2272E-03   
1.2531E-04   -2.2413E-03   
5.2979E-03   -4.6843E-05   
1.2592E-04   -2.2553E-03   
5.3117E-03   -3.6979E-05   
1.2704E-04   -2.2695E-03   
5.3258E-03   -2.9850E-05   
1.2868E-04   -2.2844E-03   
5.3425E-03   -2.4538E-05   
1.3080E-04   -2.3004E-03   
5.3637E-03   -2.0853E-05   
1.3336E-04   -2.3177E-03   
5.3906E-03   -1.8440E-05   
1.3634E-04   -2.3367E-03   
5.4246E-03   -1.7088E-05   
1.3970E-04   -2.3577E-03   
5.4664E-03   -1.6595E-05   
1.4344E-04   -2.3810E-03   
5.5168E-03   -1.6765E-05   
1.4753E-04   -2.4067E-03   
5.5763E-03   -1.7441E-05   
1.5180E-04   -2.4351E-03   
5.6456E-03   -1.8564E-05   
1.5617E-04   -2.4663E-03   
5.7250E-03   -2.0042E-05   
1.6110E-04   -2.5007E-03   
5.8147E-03   -2.1760E-05   
1.6678E-04   -2.5385E-03   
5.9150E-03   -2.3628E-05   
1.7274E-04   -2.5797E-03   
6.0261E-03   -2.5421E-05   
1.7881E-04   -2.6244E-03   
6.1475E-03   -2.7481E-05   
1.8493E-04   -2.6729E-03   
6.2790E-03   -2.9714E-05   
1.9091E-04   -2.7249E-03   
6.4212E-03   -3.2315E-05   
1.9899E-04   -2.7803E-03   
6.5759E-03   -3.4668E-05   
2.0854E-04   -2.8401E-03   
6.7431E-03   -3.6369E-05   
2.1363E-04   -2.9046E-03   
6.9225E-03   -3.7976E-05   
2.1891E-04   -2.9730E-03   
7.1156E-03   -3.9572E-05   
2.3441E-04   -3.0465E-03   
7.3230E-03   -4.0293E-05   
2.4353E-04   -3.1269E-03   
7.5377E-03   -3.9422E-05   
2.4516E-04   -3.2118E-03   
7.7606E-03   -4.0794E-05   
2.5458E-04   -3.3002E-03   
7.9996E-03   -4.1289E-05   
2.6957E-04   -3.3955E-03   
2.7275E-03   -1.5075E-03   
4.2520E-03   -8.8312E-04   
4.7101E-03   -6.3211E-04   
2.0243E-03   -1.7173E-03   
5.2466E-03   -1.4241E-04   
5.4765E-04   -1.9747E-03   
3.5311E-03   -1.2027E-03   
5.1600E-03   -2.7565E-04   
9.2419E-04   -1.9349E-03   
1.4803E-03   -1.8428E-03   
1.2969E-03   -1.8773E-03   
3.9818E-03   -1.0112E-03   
3.0652E-03   -1.3899E-03   
4.9736E-03   -4.5154E-04   
5.0443E-03   -3.9261E-04   
3.2273E-03   -1.3291E-03   
3.8351E-03   -1.0746E-03   
4.8062E-03   -5.7123E-04   
4.6063E-03   -6.9379E-04   
2.2028E-03   -1.6689E-03   
1.6630E-03   -1.8044E-03   
3.3662E-04   -1.9949E-03   
2.3797E-03   -1.6175E-03   
3.3810E-03   -1.2663E-03   
3.6837E-03   -1.1382E-03   
4.8941E-03   -5.1106E-04   
5.1063E-03   -3.3403E-04   
2.5548E-03   -1.5637E-03   
4.3769E-03   -8.1939E-04   
1.1113E-03   -1.9081E-03   
1.8445E-03   -1.7625E-03   
4.4951E-03   -7.5626E-04   
5.2065E-03   -2.1529E-04   
7.3477E-04   -1.9572E-03   
4.1203E-03   -9.4736E-04   
2.8981E-03   -1.4495E-03   
1.5709E-04   -2.0295E-03   
3.0033E-04   -2.0769E-03   
2.8669E-04   -2.1099E-03   
2.7443E-04   -2.1363E-03   
2.6321E-04   -2.1588E-03   
2.5624E-04   -2.1780E-03   
2.5248E-04   -2.1947E-03   
2.5073E-04   -2.2098E-03   
5.2814E-03   -6.3695E-05   
2.5036E-04   -2.2240E-03   
2.5113E-04   -2.2378E-03   
5.2827E-03   -8.1094E-05   
2.5295E-04   -2.2517E-03   
5.2940E-03   -6.6537E-05   
2.5580E-04   -2.2661E-03   
5.3086E-03   -5.4043E-05   
2.5964E-04   -2.2814E-03   
5.3270E-03   -4.5309E-05   
2.6437E-04   -2.2980E-03   
5.3508E-03   -3.9492E-05   
2.6982E-04   -2.3161E-03   
5.3813E-03   -3.5873E-05   
2.7675E-04   -2.3359E-03   
5.4194E-03   -3.4147E-05   
2.8496E-04   -2.3579E-03   
5.4658E-03   -3.3943E-05   
2.9275E-04   -2.3824E-03   
5.5212E-03   -3.4884E-05   
2.9998E-04   -2.4095E-03   
5.5864E-03   -3.6681E-05   
3.0764E-04   -2.4392E-03   
5.6620E-03   -3.9338E-05   
3.1668E-04   -2.4718E-03   
5.7474E-03   -4.2670E-05   
3.2738E-04   -2.5077E-03   
5.8434E-03   -4.6449E-05   
3.3930E-04   -2.5471E-03   
5.9516E-03   -4.9838E-05   
3.5170E-04   -2.5901E-03   
6.0680E-03   -5.2542E-05   
3.6403E-04   -2.6368E-03   
6.1898E-03   -5.7397E-05   
3.7415E-04   -2.6871E-03   
6.3234E-03   -6.1792E-05   
3.8157E-04   -2.7397E-03   
6.4691E-03   -6.8048E-05   
4.0490E-04   -2.7940E-03   
6.6307E-03   -7.1871E-05   
4.2572E-04   -2.8558E-03   
6.8049E-03   -7.4381E-05   
4.2554E-04   -2.9231E-03   
6.9912E-03   -7.8065E-05   
4.4473E-04   -2.9898E-03   
7.1983E-03   -8.0626E-05   
5.0702E-04   -3.0653E-03   
7.4209E-03   -8.0488E-05   
4.8834E-04   -3.1557E-03   
7.6253E-03   -7.4700E-05   
4.9709E-04   -3.2407E-03   
7.8443E-03   -8.9529E-05   
5.2238E-04   -3.3296E-03   
8.2518E-03   -4.3515E-05   
3.5311E-03   -1.1195E-03   
3.6935E-03   -1.0496E-03   
3.0728E-03   -1.3233E-03   
3.8473E-03   -9.8406E-04   
2.9067E-03   -1.3876E-03   
1.3335E-03   -1.8802E-03   
1.5116E-03   -1.8386E-03   
1.6890E-03   -1.7930E-03   
1.8656E-03   -1.7437E-03   
2.0414E-03   -1.6909E-03   
1.1525E-03   -1.9183E-03   
2.2166E-03   -1.6349E-03   
2.7367E-03   -1.4519E-03   
3.9958E-03   -9.1914E-04   
2.3910E-03   -1.5761E-03   
2.5647E-03   -1.5149E-03   
9.6600E-04   -1.9531E-03   
4.1367E-03   -8.5342E-04   
4.9238E-03   -4.2920E-04   
5.0036E-03   -3.7431E-04   
5.0732E-03   -3.2100E-04   
4.8349E-03   -4.8545E-04   
7.8003E-04   -1.9826E-03   
4.2708E-03   -7.8833E-04   
4.7376E-03   -5.4295E-04   
4.5188E-03   -6.6235E-04   
4.3983E-03   -7.2460E-04   
4.6321E-03   -6.0194E-04   
6.0501E-04   -2.0011E-03   
4.5555E-04   -2.0149E-03   
5.1338E-03   -2.6810E-04   
5.1871E-03   -2.1433E-04   
5.2332E-03   -1.5932E-04   
3.1262E-04   -2.0431E-03   
4.3204E-04   -2.1061E-03   
4.0512E-04   -2.1322E-03   
3.8929E-04   -2.1531E-03   
3.8100E-04   -2.1705E-03   
3.7697E-04   -2.1859E-03   
3.7557E-04   -2.2000E-03   
5.2696E-03   -1.0116E-04   
3.7607E-04   -2.2136E-03   
3.7819E-04   -2.2270E-03   
5.2461E-03   -1.1527E-04   
3.8185E-04   -2.2409E-03   
5.2604E-03   -9.0511E-05   
3.8700E-04   -2.2555E-03   
5.2762E-03   -7.4859E-05   
3.9355E-04   -2.2713E-03   
5.2967E-03   -6.4387E-05   
4.0097E-04   -2.2885E-03   
5.3236E-03   -5.7739E-05   
4.1091E-04   -2.3070E-03   
5.3584E-03   -5.3752E-05   
4.2686E-04   -2.3267E-03   
5.4010E-03   -5.2524E-05   
4.3918E-04   -2.3501E-03   
5.4516E-03   -5.3392E-05   
4.4646E-04   -2.3767E-03   
5.5129E-03   -5.5486E-05   
4.5630E-04   -2.4051E-03   
5.5854E-03   -5.8673E-05   
4.6696E-04   -2.4363E-03   
5.6662E-03   -6.3424E-05   
4.8121E-04   -2.4700E-03   
5.7575E-03   -6.9185E-05   
5.0028E-04   -2.5070E-03   
5.8632E-03   -7.4655E-05   
5.1974E-04   -2.5482E-03   
5.9836E-03   -7.8651E-05   
5.3847E-04   -2.5936E-03   
6.0983E-03   -7.8666E-05   
5.5424E-04   -2.6432E-03   
6.2100E-03   -9.3617E-05   
5.5947E-04   -2.6968E-03   
5.4890E-04   -2.7472E-03   
6.4236E-04   -2.8715E-03   
6.8468E-03   -1.1552E-04   
7.1601E-04   -3.1006E-03   
7.4669E-04   -3.2555E-03   
7.2786E-03   -1.2434E-04   
8.5292E-03   -4.6664E-05   
5.1007E-03   -2.6157E-04   
5.1596E-03   -2.1259E-04   
5.2133E-03   -1.6279E-04   
3.2363E-03   -1.1984E-03   
3.0942E-03   -1.2554E-03   
1.1946E-03   -1.9200E-03   
1.0099E-03   -1.9629E-03   
1.8923E-03   -1.7181E-03   
1.3720E-03   -1.8748E-03   
2.0654E-03   -1.6584E-03   
1.5464E-03   -1.8263E-03   
2.9280E-03   -1.3243E-03   
3.8752E-03   -9.0313E-04   
1.7195E-03   -1.7741E-03   
4.8691E-03   -4.0984E-04   
4.7710E-03   -4.6421E-04   
2.2386E-03   -1.5956E-03   
2.4120E-03   -1.5301E-03   
4.4282E-03   -6.3876E-04   
4.5502E-03   -5.7842E-04   
4.9587E-03   -3.5694E-04   
8.1758E-04   -2.0018E-03   
5.0356E-03   -3.0858E-04   
2.7574E-03   -1.3937E-03   
4.2990E-03   -7.0176E-04   
2.5853E-03   -1.4626E-03   
4.6646E-03   -5.2034E-04   
4.0216E-03   -8.3438E-04   
4.1633E-03   -7.6716E-04   
5.5576E-04   -2.0995E-03   
5.2600E-04   -2.1223E-03   
5.1169E-04   -2.1404E-03   
5.0438E-04   -2.1559E-03   
5.0128E-04   -2.1698E-03   
5.0107E-04   -2.1829E-03   
5.0317E-04   -2.1959E-03   
5.0730E-04   -2.2091E-03   
5.2515E-03   -1.2295E-04   
5.2004E-03   -1.3463E-04   
5.1332E-04   -2.2230E-03   
5.2124E-03   -1.1135E-04   
5.2128E-04   -2.2380E-03   
5.2302E-03   -9.4369E-05   
5.3067E-04   -2.2542E-03   
5.2530E-03   -8.3638E-05   
5.4151E-04   -2.2716E-03   
5.2835E-03   -7.7325E-05   
5.5650E-04   -2.2897E-03   
5.3247E-03   -7.3160E-05   
5.9762E-04   -2.3068E-03   
5.3694E-03   -7.3738E-05   
5.9145E-04   -2.3369E-03   
5.4237E-03   -7.6253E-05   
6.0361E-04   -2.3642E-03   
5.4949E-03   -7.9586E-05   
6.1565E-04   -2.3950E-03   
5.5739E-03   -8.3938E-05   
6.5195E-04   -2.4606E-03   
7.4065E-04   -2.7107E-03   
5.7548E-03   -1.0074E-04   
6.8499E-04   -2.4979E-03   
7.1005E-04   -2.5423E-03   
7.5412E-04   -2.6462E-03   
6.3587E-03   -9.2395E-05   
6.6867E-03   -1.0614E-04   
6.8819E-03   -1.6246E-04   
5.8779E-03   -1.0783E-04   
9.8793E-04   -3.1777E-03   
7.1031E-03   -1.6820E-04   
7.4808E-04   -3.0359E-03   
6.1567E-03   -1.3191E-04   
8.8850E-04   -2.8131E-03   
5.1840E-03   -1.6705E-04   
5.1214E-03   -2.1507E-04   
5.0646E-03   -2.5839E-04   
3.6205E-03   -9.5815E-04   
3.5613E-03   -1.0347E-03   
3.7552E-03   -8.9401E-04   
2.9676E-03   -1.2596E-03   
4.9085E-03   -3.4283E-04   
1.2446E-03   -1.9121E-03   
4.9986E-03   -2.9248E-04   
1.0630E-03   -1.9620E-03   
8.7439E-04   -2.0081E-03   
1.4180E-03   -1.8605E-03   
1.9251E-03   -1.6868E-03   
1.7551E-03   -1.7490E-03   
2.7908E-03   -1.3335E-03   
1.5872E-03   -1.8066E-03   
2.0966E-03   -1.6209E-03   
3.9062E-03   -8.2467E-04   
4.4654E-03   -5.6173E-04   
4.8093E-03   -3.9489E-04   
2.2691E-03   -1.5519E-03   
4.5881E-03   -5.0364E-04   
4.7027E-03   -4.4822E-04   
4.3352E-03   -6.2310E-04   
2.4425E-03   -1.4805E-03   
2.6166E-03   -1.4075E-03   
4.1980E-03   -6.8769E-04   
4.0546E-03   -7.5521E-04   
5.5023E-04   -2.0564E-03   
6.6029E-04   -2.0881E-03   
6.4305E-04   -2.1056E-03   
6.3275E-04   -2.1206E-03   
6.2759E-04   -2.1340E-03   
6.2631E-04   -2.1466E-03   
6.2813E-04   -2.1588E-03   
6.3243E-04   -2.1712E-03   
6.3903E-04   -2.1843E-03   
5.1307E-03   -1.5973E-04   
6.4807E-04   -2.1983E-03   
5.1528E-03   -1.3057E-04   
6.5942E-04   -2.2134E-03   
6.7139E-04   -2.2302E-03   
5.1723E-03   -1.1435E-04   
5.1963E-03   -1.0494E-04   
6.7988E-04   -2.2494E-03   
5.2275E-03   -1.0120E-04   
7.1855E-04   -2.2976E-03   
5.3109E-03   -1.0183E-04   
7.4766E-04   -2.3167E-03   
5.4715E-03   -1.0779E-04   
5.3887E-03   -1.0375E-04   
7.7203E-04   -2.3458E-03   
8.5506E-04   -2.4351E-03   
6.2579E-04   -2.4281E-03   
8.8268E-04   -2.4825E-03   
9.1575E-04   -2.5293E-03   
9.2310E-04   -3.0481E-03   
9.0966E-04   -2.9776E-03   
9.5182E-04   -2.5810E-03   
5.7449E-03   -1.3877E-04   
6.3003E-03   -1.2449E-04   
6.0247E-03   -1.6014E-04   
6.6551E-03   -1.5222E-04   
5.8793E-03   -1.4754E-04   
5.6562E-03   -9.2172E-05   
9.9732E-04   -2.6433E-03   
8.4939E-04   -2.9042E-03   
9.3530E-04   -2.7300E-03   
7.3327E-03   -1.7258E-04   
9.4413E-04   -3.2623E-03   
8.9396E-04   -3.1160E-03   
6.9181E-03   -2.1318E-04   
3.4513E-03   -1.0066E-03   
5.1415E-03   -1.7825E-04   
4.9500E-03   -2.8375E-04   
1.3066E-03   -1.8937E-03   
4.8492E-03   -3.3473E-04   
1.1343E-03   -1.9483E-03   
7.8422E-04   -2.0409E-03   
2.8368E-03   -1.2699E-03   
1.7955E-03   -1.7187E-03   
1.6302E-03   -1.7820E-03   
1.4700E-03   -1.8394E-03   
3.7900E-03   -8.2816E-04   
1.9644E-03   -1.6508E-03   
4.5088E-03   -4.9299E-04   
2.1355E-03   -1.5792E-03   
4.6307E-03   -4.3761E-04   
4.7437E-03   -3.8518E-04   
4.3783E-03   -5.5219E-04   
2.3084E-03   -1.5047E-03   
2.6584E-03   -1.3499E-03   
3.9451E-03   -7.5311E-04   
4.2403E-03   -6.1535E-04   
2.4829E-03   -1.4281E-03   
4.0956E-03   -6.8247E-04   
7.9272E-04   -2.0507E-03   
7.7689E-04   -2.0660E-03   
3.2251E-03   -1.1031E-03   
7.6384E-04   -2.0804E-03   
3.0235E-03   -1.1873E-03   
7.5529E-04   -2.0933E-03   
7.5212E-04   -2.1051E-03   
7.5319E-04   -2.1164E-03   
7.5749E-04   -2.1278E-03   
7.6462E-04   -2.1398E-03   
7.7455E-04   -2.1527E-03   
8.8612E-04   -2.2589E-03   
5.0702E-03   -1.7048E-04   
7.8738E-04   -2.1666E-03   
8.0277E-04   -2.1821E-03   
5.0857E-03   -1.4991E-04   
8.1833E-04   -2.2007E-03   
5.1029E-03   -1.3692E-04   
5.1242E-03   -1.3063E-04   
6.8341E-04   -2.2682E-03   
5.2699E-03   -1.3186E-04   
9.2458E-04   -2.2871E-03   
9.2235E-04   -2.3764E-03   
6.2176E-03   -1.7207E-04   
5.8606E-03   -1.9356E-04   
5.4548E-03   -1.4357E-04   
1.0921E-03   -2.4599E-03   
5.3502E-03   -1.3641E-04   
1.1423E-03   -2.5057E-03   
7.7797E-04   -2.3820E-03   
1.1129E-03   -3.0734E-03   
1.1822E-03   -2.5578E-03   
6.4326E-03   -1.6776E-04   
1.1446E-03   -2.7466E-03   
1.1076E-03   -2.8292E-03   
5.6137E-03   -1.3047E-04   
1.1417E-03   -2.9829E-03   
1.0528E-03   -2.4172E-03   
5.7276E-03   -1.8211E-04   
7.1444E-03   -2.1866E-04   
6.7062E-03   -2.0465E-04   
4.9767E-03   -2.3947E-04   
4.8834E-03   -2.8570E-04   
5.0581E-03   -2.2377E-04   
1.0523E-03   -1.9773E-03   
1.3761E-03   -1.8684E-03   
3.6661E-03   -8.3899E-04   
1.6751E-03   -1.7533E-03   
4.7824E-03   -3.3257E-04   
1.5131E-03   -1.8173E-03   
1.8412E-03   -1.6843E-03   
6.3933E-04   -2.0594E-03   
2.0103E-03   -1.6109E-03   
2.7112E-03   -1.2899E-03   
4.4272E-03   -4.8867E-04   
4.6732E-03   -3.8147E-04   
4.5549E-03   -4.3316E-04   
3.8325E-03   -7.5976E-04   
2.1822E-03   -1.5341E-03   
4.2893E-03   -5.4975E-04   
2.3564E-03   -1.4547E-03   
2.5328E-03   -1.3732E-03   
3.9913E-03   -6.8540E-04   
4.1436E-03   -6.1551E-04   
2.8974E-03   -1.2035E-03   
9.1921E-04   -2.0208E-03   
9.0246E-04   -2.0344E-03   
8.8618E-04   -2.0480E-03   
9.4248E-04   -2.0041E-03   
8.7925E-04   -2.0593E-03   
3.0917E-03   -1.1143E-03   
3.2936E-03   -1.0216E-03   
8.7876E-04   -2.0694E-03   
5.0469E-03   -1.9863E-04   
3.4879E-03   -9.2785E-04   
8.8276E-04   -2.0795E-03   
8.9033E-04   -2.0901E-03   
9.1511E-04   -2.1142E-03   
4.9987E-03   -1.8878E-04   
9.3385E-04   -2.1278E-03   
9.5992E-04   -2.1425E-03   
5.0047E-03   -1.7410E-04   
5.0206E-03   -1.6388E-04   
9.3998E-04   -2.2107E-03   
9.7184E-04   -2.3195E-03   
5.2114E-03   -1.6797E-04   
5.6056E-03   -1.7228E-04   
1.3134E-03   -2.4245E-03   
8.1345E-04   -2.2273E-03   
6.0030E-03   -2.0819E-04   
1.0643E-03   -2.2247E-03   
5.6934E-03   -2.3069E-04   
1.0335E-03   -2.3802E-03   
1.3535E-03   -2.7609E-03   
1.2495E-03   -2.3868E-03   
1.2359E-03   -2.5983E-03   
5.5039E-03   -1.6748E-04   
6.5298E-03   -1.9842E-04   
5.2931E-03   -1.7672E-04   
1.1916E-03   -2.6642E-03   
1.1124E-03   -2.9058E-03   
6.7239E-03   -2.5915E-04   
7.3535E-03   -2.1977E-04   
1.1670E-03   -3.2293E-03   
1.4242E-03   -2.9908E-03   
6.3606E-03   -1.4372E-04   
4.8144E-03   -2.9119E-04   
1.3831E-03   -1.8620E-03   
2.7749E-03   -1.2281E-03   
1.5615E-03   -1.7904E-03   
1.7265E-03   -1.7203E-03   
4.7114E-03   -3.3662E-04   
1.8932E-03   -1.6462E-03   
3.7177E-03   -7.7522E-04   
4.4804E-03   -4.3299E-04   
4.6024E-03   -3.8300E-04   
2.0635E-03   -1.5679E-03   
4.3442E-03   -4.9081E-04   
2.5917E-03   -1.3164E-03   
2.2370E-03   -1.4863E-03   
3.8850E-03   -6.9660E-04   
2.4133E-03   -1.4023E-03   
4.1985E-03   -5.5441E-04   
4.0450E-03   -6.2321E-04   
1.0646E-03   -1.9784E-03   
1.0202E-03   -1.9991E-03   
4.9903E-03   -2.0925E-04   
1.0085E-03   -2.0097E-03   
3.3552E-03   -9.5013E-04   
2.9658E-03   -1.1367E-03   
3.5412E-03   -8.5998E-04   
1.0061E-03   -2.0183E-03   
1.0089E-03   -2.0269E-03   
3.1609E-03   -1.0435E-03   
1.0165E-03   -2.0359E-03   
1.0281E-03   -2.0457E-03   
1.0432E-03   -2.0566E-03   
5.0415E-03   -1.6019E-04   
1.0636E-03   -2.0683E-03   
9.9461E-04   -2.1614E-03   
1.0929E-03   -2.0797E-03   
4.8961E-03   -2.2014E-04   
5.4609E-03   -2.0627E-04   
4.9100E-03   -2.0349E-04   
1.1109E-03   -2.2479E-03   
1.1336E-03   -2.3179E-03   
5.1408E-03   -1.6316E-04   
1.0449E-03   -2.2003E-03   
5.3738E-03   -1.9171E-04   
1.4330E-03   -2.3519E-03   
1.4466E-03   -2.5826E-03   
1.2030E-03   -2.3490E-03   
1.3702E-03   -2.5393E-03   
5.1363E-03   -2.1240E-04   
6.3254E-03   -2.2577E-04   
1.6131E-03   -2.6837E-03   
6.5237E-03   -2.4685E-04   
1.3002E-03   -2.8369E-03   
6.7317E-03   -3.1918E-04   
1.4605E-03   -3.1791E-03   
7.2106E-03   -2.7598E-04   
7.5590E-03   -1.8619E-04   
1.6258E-03   -3.0532E-03   
6.1232E-03   -2.3033E-04   
4.8447E-03   -2.5705E-04   
1.2175E-03   -1.9236E-03   
1.4671E-03   -1.8239E-03   
1.6224E-03   -1.7567E-03   
2.6588E-03   -1.2586E-03   
1.7844E-03   -1.6834E-03   
4.6470E-03   -3.4466E-04   
4.5427E-03   -3.8264E-04   
1.9520E-03   -1.6050E-03   
1.1386E-03   -1.9548E-03   
4.4071E-03   -4.3703E-04   
3.7779E-03   -7.1488E-04   
2.1241E-03   -1.5222E-03   
2.4776E-03   -1.3484E-03   
4.2604E-03   -4.9864E-04   
2.2997E-03   -1.4363E-03   
3.9454E-03   -6.3756E-04   
4.1062E-03   -5.6554E-04   
1.1371E-03   -1.9582E-03   
2.8465E-03   -1.1659E-03   
3.4207E-03   -8.8521E-04   
3.6028E-03   -7.9766E-04   
1.1368E-03   -1.9633E-03   
3.2311E-03   -9.7730E-04   
1.1365E-03   -1.9707E-03   
1.1434E-03   -1.9779E-03   
3.0385E-03   -1.0715E-03   
4.9286E-03   -2.2323E-04   
1.1927E-03   -2.0045E-03   
1.1556E-03   -1.9856E-03   
4.9252E-03   -1.9620E-04   
1.1720E-03   -1.9944E-03   
5.1391E-03   -1.3223E-04   
1.1367E-03   -2.1432E-03   
1.1322E-03   -2.0910E-03   
1.2014E-03   -2.1579E-03   
1.2214E-03   -2.0143E-03   
4.7948E-03   -2.4875E-04   
5.2156E-03   -2.2528E-04   
5.0635E-03   -2.0418E-04   
1.2222E-03   -2.1860E-03   
1.4048E-03   -2.3107E-03   
1.5850E-03   -2.4846E-03   
6.5255E-03   -3.0652E-04   
5.3008E-03   -2.4101E-04   
1.3467E-03   -2.2744E-03   
5.9539E-03   -2.6231E-04   
1.6623E-03   -2.5911E-03   
6.1070E-03   -2.8845E-04   
1.5656E-03   -2.7871E-03   
1.1652E-03   -2.2667E-03   
6.9575E-03   -3.3039E-04   
5.5687E-03   -2.1840E-04   
7.7987E-03   -1.4891E-04   
1.7803E-03   -2.9278E-03   
1.2500E-03   -1.9119E-03   
4.7382E-03   -3.0274E-04   
1.5316E-03   -1.7917E-03   
1.6874E-03   -1.7203E-03   
1.8498E-03   -1.6433E-03   
2.5489E-03   -1.2938E-03   
4.6345E-03   -3.2768E-04   
1.3411E-03   -1.8754E-03   
4.4802E-03   -3.8632E-04   
2.7335E-03   -1.2003E-03   
2.0189E-03   -1.5606E-03   
4.3288E-03   -4.4772E-04   
2.1931E-03   -1.4737E-03   
2.3700E-03   -1.3845E-03   
3.8452E-03   -6.5823E-04   
4.1741E-03   -5.1239E-04   
4.0128E-03   -5.8238E-04   
1.2835E-03   -1.8998E-03   
3.3050E-03   -9.1546E-04   
3.6710E-03   -7.3943E-04   
3.4907E-03   -8.2530E-04   
5.0816E-03   -1.5942E-04   
1.2663E-03   -1.9116E-03   
2.9228E-03   -1.1049E-03   
1.2717E-03   -1.9167E-03   
3.1143E-03   -1.0094E-03   
4.8055E-03   -2.3786E-04   
1.3222E-03   -1.9367E-03   
1.2840E-03   -1.9220E-03   
1.3497E-03   -1.9454E-03   
1.3009E-03   -1.9285E-03   
1.4180E-03   -2.0998E-03   
4.7685E-03   -2.7186E-04   
4.9425E-03   -1.9590E-04   
1.2588E-03   -2.0237E-03   
5.2901E-03   -9.2260E-05   
1.4943E-03   -2.1856E-03   
5.0011E-03   -2.0016E-04   
5.5154E-03   -2.7172E-04   
5.3987E-03   -2.5662E-04   
5.1281E-03   -2.7981E-04   
5.0472E-03   -2.6451E-04   
5.8665E-03   -3.2226E-04   
4.9737E-03   -2.5289E-04   
1.2913E-03   -2.2487E-03   
1.6450E-03   -2.2677E-03   
1.1723E-03   -2.1010E-03   
1.3251E-03   -2.0869E-03   
1.7069E-03   -2.3863E-03   
6.1636E-03   -3.4090E-04   
1.7049E-03   -2.5121E-03   
1.3205E-03   -2.1931E-03   
6.7345E-03   -3.8417E-04   
1.6461E-03   -2.8678E-03   
8.0987E-03   -7.8383E-05   
1.8743E-03   -2.5941E-03   
7.7819E-03   -2.0493E-04   
6.5232E-03   -3.7115E-04   
5.8263E-03   -2.4321E-04   
1.8381E-03   -2.6837E-03   
1.3848E-03   -1.8559E-03   
1.6044E-03   -1.7550E-03   
1.7592E-03   -1.6810E-03   
2.6266E-03   -1.2391E-03   
4.5590E-03   -3.3784E-04   
1.9219E-03   -1.6004E-03   
2.4464E-03   -1.3322E-03   
4.3997E-03   -4.0248E-04   
2.0941E-03   -1.5133E-03   
2.2696E-03   -1.4234E-03   
4.2490E-03   -4.6378E-04   
3.3827E-03   -8.5801E-04   
3.9179E-03   -6.0583E-04   
4.0881E-03   -5.3094E-04   
3.7432E-03   -6.8614E-04   
1.3857E-03   -1.8568E-03   
3.5653E-03   -7.6994E-04   
4.6896E-03   -2.9214E-04   
2.8130E-03   -1.1433E-03   
3.1939E-03   -9.5080E-04   
1.4015E-03   -1.8535E-03   
3.0030E-03   -1.0465E-03   
1.4145E-03   -1.8553E-03   
1.4798E-03   -1.8726E-03   
1.4527E-03   -1.8654E-03   
4.6849E-03   -2.8415E-04   
1.4310E-03   -1.8595E-03   
4.8167E-03   -2.3463E-04   
5.2050E-03   -1.3300E-04   
1.3808E-03   -1.9556E-03   
4.9093E-03   -2.4532E-04   
4.9473E-03   -3.2365E-04   
1.2770E-03   -2.0757E-03   
4.9448E-03   -2.0505E-04   
4.8722E-03   -3.0930E-04   
5.0284E-03   -3.4213E-04   
1.6855E-03   -2.1503E-03   
5.6513E-03   -2.8441E-04   
5.3232E-03   -3.1608E-04   
1.3164E-03   -2.0308E-03   
5.6296E-03   -3.4928E-04   
1.8884E-03   -2.4072E-03   
1.5588E-03   -2.3635E-03   
1.7880E-03   -2.1639E-03   
1.5561E-03   -2.1044E-03   
6.5153E-03   -4.4088E-04   
6.9534E-03   -3.9689E-04   
1.9489E-03   -2.4864E-03   
1.8547E-03   -2.7637E-03   
7.9844E-03   -1.7052E-04   
2.0478E-03   -2.5993E-03   
1.4526E-03   -1.8254E-03   
1.6864E-03   -1.7143E-03   
2.5274E-03   -1.2806E-03   
1.8290E-03   -1.6430E-03   
4.4530E-03   -3.7213E-04   
2.7091E-03   -1.1856E-03   
1.9998E-03   -1.5558E-03   
2.3504E-03   -1.3733E-03   
4.3262E-03   -4.2176E-04   
3.4637E-03   -8.0534E-04   
2.1744E-03   -1.4653E-03   
3.2777E-03   -8.9608E-04   
1.5396E-03   -1.7854E-03   
4.1758E-03   -4.8320E-04   
3.8163E-03   -6.3959E-04   
3.6424E-03   -7.2026E-04   
1.5530E-03   -1.7837E-03   
3.0873E-03   -9.9123E-04   
2.8966E-03   -1.0885E-03   
4.6890E-03   -2.7849E-04   
4.8584E-03   -2.4152E-04   
1.6114E-03   -1.7964E-03   
1.5644E-03   -1.7874E-03   
1.4286E-03   -2.0163E-03   
1.5845E-03   -1.7912E-03   
4.8297E-03   -2.3803E-04   
1.5103E-03   -1.8821E-03   
1.8849E-03   -2.0757E-03   
4.7605E-03   -3.7318E-04   
1.4060E-03   -1.9687E-03   
4.8354E-03   -3.9084E-04   
4.8042E-03   -2.9899E-04   
5.1201E-03   -3.6407E-04   
1.7199E-03   -2.0890E-03   
2.3092E-03   -2.5409E-03   
1.9323E-03   -2.1738E-03   
5.7481E-03   -3.9117E-04   
5.4552E-03   -3.3370E-04   
6.9498E-03   -4.6460E-04   
1.6297E-03   -2.0336E-03   
2.0828E-03   -2.6610E-03   
6.3057E-03   -4.2633E-04   
7.1769E-03   -3.4560E-04   
2.1300E-03   -2.3750E-03   
1.8588E-03   -2.2708E-03   
1.9567E-03   -2.3119E-03   
6.5018E-03   -5.1653E-04   
4.5611E-03   -3.2712E-04   
2.6119E-03   -1.2308E-03   
2.4347E-03   -1.3245E-03   
1.7181E-03   -1.6990E-03   
4.1255E-03   -4.9921E-04   
4.7095E-03   -2.8612E-04   
1.9073E-03   -1.6023E-03   
3.3657E-03   -8.4563E-04   
4.4152E-03   -3.8114E-04   
3.5479E-03   -7.5788E-04   
4.2578E-03   -4.4426E-04   
2.0825E-03   -1.5107E-03   
3.1763E-03   -9.3935E-04   
2.7955E-03   -1.1344E-03   
2.9848E-03   -1.0365E-03   
1.7036E-03   -1.7120E-03   
3.8715E-03   -6.0920E-04   
3.7214E-03   -6.7688E-04   
1.7436E-03   -1.7183E-03   
1.7180E-03   -1.7154E-03   
1.5344E-03   -1.8992E-03   
1.6429E-03   -1.8039E-03   
4.6955E-03   -2.7975E-04   
1.7944E-03   -1.9496E-03   
4.7451E-03   -2.9248E-04   
4.6401E-03   -4.4453E-04   
1.7717E-03   -2.0133E-03   
4.6905E-03   -3.6028E-04   
4.9146E-03   -4.1367E-04   
6.0897E-03   -4.0975E-04   
5.2336E-03   -3.8643E-04   
2.0375E-03   -2.0770E-03   
1.5327E-03   -1.9374E-03   
1.4844E-03   -2.0280E-03   
5.9711E-03   -3.6290E-04   
5.5263E-03   -4.3266E-04   
2.0842E-03   -2.1703E-03   
2.3457E-03   -2.6267E-03   
2.4177E-03   -2.4196E-03   
1.9485E-03   -1.9902E-03   
6.3237E-03   -3.5644E-04   
6.7297E-03   -5.2347E-04   
7.1693E-03   -4.0916E-04   
7.3790E-03   -3.0625E-04   
2.1338E-03   -2.2140E-03   
2.3713E-03   -2.2974E-03   
4.1828E-03   -4.7432E-04   
2.3439E-03   -1.3730E-03   
2.5174E-03   -1.2805E-03   
4.5596E-03   -3.3319E-04   
3.8162E-03   -6.3301E-04   
3.6396E-03   -7.1379E-04   
4.3124E-03   -4.2191E-04   
2.6980E-03   -1.1848E-03   
3.4585E-03   -7.9943E-04   
3.2707E-03   -8.9105E-04   
2.1733E-03   -1.4643E-03   
3.0783E-03   -9.8759E-04   
2.8861E-03   -1.0864E-03   
1.8329E-03   -1.6432E-03   
1.8515E-03   -1.6399E-03   
1.8750E-03   -1.6401E-03   
1.7762E-03   -1.7229E-03   
1.6726E-03   -1.8175E-03   
1.9922E-03   -1.5608E-03   
4.5581E-03   -3.2686E-04   
4.5036E-03   -4.1825E-04   
4.0037E-03   -5.4959E-04   
4.5685E-03   -4.2926E-04   
1.7803E-03   -1.9093E-03   
1.6331E-03   -1.9401E-03   
2.3019E-03   -2.1062E-03   
4.7143E-03   -4.6460E-04   
1.6944E-03   -1.8408E-03   
4.5546E-03   -3.5190E-04   
2.1555E-03   -1.9671E-03   
4.9975E-03   -4.4423E-04   
2.0083E-03   -1.8966E-03   
5.6539E-03   -4.5609E-04   
5.9202E-03   -4.7667E-04   
5.3774E-03   -4.0769E-04   
7.5964E-03   -3.0518E-04   
2.5086E-03   -2.1853E-03   
2.3970E-03   -2.1458E-03   
2.6105E-03   -2.4290E-03   
6.5104E-03   -5.9227E-04   
2.4174E-03   -2.7112E-03   
6.9370E-03   -5.3328E-04   
7.3952E-03   -3.5890E-04   
4.2785E-03   -4.3927E-04   
2.4222E-03   -1.3363E-03   
2.2537E-03   -1.4262E-03   
3.7403E-03   -6.7175E-04   
4.4220E-03   -3.8041E-04   
3.5582E-03   -7.5649E-04   
2.6012E-03   -1.2409E-03   
3.3719E-03   -8.4606E-04   
2.7894E-03   -1.1417E-03   
3.1788E-03   -9.4166E-04   
2.0028E-03   -1.5644E-03   
2.9829E-03   -1.0412E-03   
1.9090E-03   -1.6406E-03   
4.1087E-03   -5.0982E-04   
4.3720E-03   -4.9273E-04   
2.1144E-03   -1.5003E-03   
1.8412E-03   -1.7505E-03   
1.9487E-03   -1.6447E-03   
1.8738E-03   -1.8256E-03   
3.9241E-03   -5.8908E-04   
4.4447E-03   -5.0346E-04   
5.6842E-03   -5.1712E-04   
4.4057E-03   -3.9631E-04   
4.5174E-03   -5.1949E-04   
1.9813E-03   -1.8371E-03   
4.7823E-03   -4.9253E-04   
5.1231E-03   -4.7096E-04   
4.4418E-03   -4.1362E-04   
2.6697E-03   -2.0682E-03   
2.1829E-03   -1.8832E-03   
2.4259E-03   -1.8831E-03   
5.8457E-03   -4.3426E-04   
7.6735E-03   -3.7182E-04   
2.5659E-03   -2.0241E-03   
5.2897E-03   -4.9177E-04   
5.8721E-03   -5.4552E-04   
6.2896E-03   -6.7989E-04   
2.6669E-03   -2.2141E-03   
2.7175E-03   -2.3017E-03   
6.2144E-03   -5.9691E-04   
7.7614E-03   -2.5525E-04   
7.1703E-03   -4.7440E-04   
2.0939E-03   -2.8386E-03   
2.1802E-03   -2.0863E-03   
2.3203E-03   -1.4006E-03   
2.1542E-03   -1.4876E-03   
3.6656E-03   -7.1666E-04   
4.2283E-03   -4.7124E-04   
3.4798E-03   -8.0465E-04   
2.6907E-03   -1.2044E-03   
2.0367E-03   -1.5606E-03   
3.2864E-03   -8.9913E-04   
1.9883E-03   -1.6565E-03   
2.8873E-03   -1.1015E-03   
1.8649E-03   -1.7786E-03   
3.0870E-03   -9.9906E-04   
3.8500E-03   -6.3245E-04   
2.0830E-03   -1.5569E-03   
4.2376E-03   -5.7436E-04   
4.3802E-03   -4.1982E-04   
4.0321E-03   -5.5238E-04   
4.3094E-03   -4.8421E-04   
4.3410E-03   -5.7114E-04   
4.5934E-03   -5.3923E-04   
2.8563E-03   -1.9419E-03   
2.2636E-03   -1.7899E-03   
2.5191E-03   -1.9090E-03   
2.3419E-03   -1.8603E-03   
5.4060E-03   -5.9552E-04   
7.1357E-03   -5.3945E-04   
2.7827E-03   -2.4503E-03   
2.1004E-03   -1.7348E-03   
2.4318E-03   -2.0000E-03   
5.2141E-03   -5.7985E-04   
6.0642E-03   -5.5233E-04   
7.8498E-03   -2.9494E-04   
7.4521E-03   -4.8493E-04   
6.3698E-03   -7.4783E-04   
3.0341E-03   -2.2076E-03   
2.3626E-03   -2.8376E-03   
5.0264E-03   -5.6528E-04   
1.8969E-03   -2.8288E-03   
3.5942E-03   -7.6693E-04   
4.2635E-03   -4.7701E-04   
3.7794E-03   -6.8042E-04   
3.4024E-03   -8.5946E-04   
2.7899E-03   -1.1693E-03   
2.2077E-03   -1.4743E-03   
1.7182E-03   -1.8649E-03   
2.0196E-03   -1.6804E-03   
3.9626E-03   -5.9783E-04   
2.1389E-03   -1.5570E-03   
4.1660E-03   -5.6503E-04   
2.5001E-03   -1.3053E-03   
2.9952E-03   -1.0632E-03   
2.7331E-03   -1.8852E-03   
2.5491E-03   -1.7803E-03   
4.3800E-03   -5.9990E-04   
2.4101E-03   -1.7807E-03   
2.0436E-03   -1.7140E-03   
2.1802E-03   -1.7402E-03   
2.1559E-03   -1.7916E-03   
2.7047E-03   -1.7915E-03   
2.9350E-03   -2.0068E-03   
5.6062E-03   -6.1649E-04   
6.8918E-03   -6.1740E-04   
5.1352E-03   -6.7325E-04   
3.9888E-03   -6.6449E-04   
4.7633E-03   -6.5366E-04   
5.8454E-03   -6.4065E-04   
3.0813E-03   -2.3555E-03   
2.5348E-03   -2.5244E-03   
4.9516E-03   -6.5956E-04   
6.2831E-03   -5.0190E-04   
3.1964E-03   -2.2348E-03   
2.9019E-03   -2.1809E-03   
6.6548E-03   -7.2345E-04   
6.0760E-03   -7.8049E-04   
3.7130E-03   -7.3198E-04   
3.5320E-03   -8.1929E-04   
4.1012E-03   -5.5816E-04   
2.1862E-03   -1.5724E-03   
4.1168E-03   -5.2972E-04   
3.8959E-03   -6.4779E-04   
3.3330E-03   -9.1802E-04   
2.2766E-03   -1.4614E-03   
2.9023E-03   -1.1344E-03   
3.1163E-03   -1.0258E-03   
2.7884E-03   -1.6799E-03   
2.6409E-03   -1.6800E-03   
2.3931E-03   -1.3783E-03   
2.2081E-03   -1.6512E-03   
2.2049E-03   -1.6099E-03   
2.3198E-03   -1.6391E-03   
2.5886E-03   -1.2753E-03   
4.4972E-03   -6.1970E-04   
3.8460E-03   -7.6490E-04   
4.6956E-03   -7.4554E-04   
2.3570E-03   -1.6877E-03   
4.5396E-03   -6.8035E-04   
3.1503E-03   -2.0888E-03   
5.3187E-03   -6.9331E-04   
3.1598E-03   -1.8721E-03   
2.4835E-03   -2.3280E-03   
3.3855E-03   -2.2506E-03   
4.2034E-03   -7.0089E-04   
4.8685E-03   -7.5575E-04   
2.9900E-03   -1.7304E-03   
3.3253E-03   -2.1141E-03   
2.9405E-03   -2.4841E-03   
6.1727E-03   -8.4607E-04   
6.9664E-03   -7.0021E-04   
3.6623E-03   -7.7784E-04   
3.8310E-03   -7.0141E-04   
2.6938E-03   -1.2432E-03   
2.3734E-03   -1.5563E-03   
3.0275E-03   -1.1007E-03   
2.6010E-03   -1.5802E-03   
2.3743E-03   -1.4465E-03   
3.9306E-03   -7.8492E-04   
2.4848E-03   -1.3537E-03   
2.4121E-03   -1.4813E-03   
4.6699E-03   -5.5138E-04   
3.2572E-03   -9.8836E-04   
3.9956E-03   -6.2563E-04   
2.7366E-03   -1.5756E-03   
4.6106E-03   -8.4294E-04   
2.8824E-03   -1.5735E-03   
4.5504E-03   -7.4097E-04   
2.2477E-03   -2.4036E-03   
3.6362E-03   -2.2498E-03   
5.0413E-03   -7.7334E-04   
2.6309E-03   -2.5701E-03   
3.3297E-03   -1.6356E-03   
3.2432E-03   -1.9563E-03   
4.2768E-03   -7.4230E-04   
5.5072E-03   -7.1979E-04   
3.1152E-03   -2.5228E-03   
3.3897E-03   -1.7276E-03   
3.4621E-03   -1.9838E-03   
3.2830E-03   -2.3783E-03   
5.8662E-03   -8.8828E-04   
2.9365E-03   -1.6752E-03   
7.2968E-03   -6.6866E-04   
2.8133E-03   -1.2097E-03   
2.8366E-03   -1.4664E-03   
3.5081E-03   -8.6546E-04   
2.6055E-03   -1.3192E-03   
3.6681E-03   -8.7456E-04   
3.0333E-03   -1.5763E-03   
2.5004E-03   -1.5805E-03   
4.9392E-03   -8.7884E-04   
3.1571E-03   -1.0732E-03   
2.9795E-03   -1.4634E-03   
2.5512E-03   -1.3792E-03   
4.0051E-03   -8.2050E-04   
4.7726E-03   -8.5858E-04   
3.7448E-03   -7.6746E-04   
2.5328E-03   -1.5160E-03   
4.3350E-03   -7.9354E-04   
2.7435E-03   -2.1137E-03   
3.1736E-03   -1.5962E-03   
3.4673E-03   -1.8013E-03   
3.6001E-03   -1.8488E-03   
3.6703E-03   -2.0207E-03   
3.9669E-03   -2.1107E-03   
5.9740E-03   -9.6707E-04   
2.9145E-03   -2.6641E-03   
5.3887E-03   -8.2688E-04   
7.5223E-03   -5.7016E-04   
2.9367E-03   -1.1812E-03   
2.7308E-03   -1.2857E-03   
3.4170E-03   -9.5642E-04   
3.0786E-03   -1.3523E-03   
3.7348E-03   -9.0783E-04   
4.4186E-03   -8.4297E-04   
4.0772E-03   -8.6337E-04   
3.1346E-03   -1.4622E-03   
4.6749E-03   -9.6590E-04   
4.5136E-03   -9.4695E-04   
5.5768E-03   -9.2009E-04   
5.1108E-03   -9.0568E-04   
3.9129E-03   -1.7439E-03   
3.6888E-03   -1.6660E-03   
2.6914E-03   -1.4807E-03   
5.6744E-03   -7.5989E-04   
6.4385E-03   -8.0482E-04   
5.6612E-03   -1.1110E-03   
3.9817E-03   -2.0016E-03   
3.9765E-03   -2.2222E-03   
4.0243E-03   -1.8880E-03   
3.4684E-03   -1.4884E-03   
3.2668E-03   -2.5796E-03   
7.6102E-03   -6.3845E-04   
2.8452E-03   -1.2660E-03   
3.6362E-03   -8.4422E-04   
2.7405E-03   -1.3985E-03   
3.2571E-03   -1.0647E-03   
4.3842E-03   -1.0773E-03   
3.4517E-03   -1.0079E-03   
3.0574E-03   -1.1623E-03   
3.8069E-03   -9.4880E-04   
3.2311E-03   -1.3466E-03   
4.1949E-03   -9.6640E-04   
3.4055E-03   -1.3430E-03   
4.2533E-03   -1.0253E-03   
5.7863E-03   -8.1739E-04   
4.8429E-03   -9.8588E-04   
5.2985E-03   -9.4023E-04   
6.6652E-03   -8.1874E-04   
3.6291E-03   -1.5895E-03   
5.5453E-03   -8.5200E-04   
3.6137E-03   -1.5115E-03   
5.3515E-03   -1.0258E-03   
2.9449E-03   -1.3460E-03   
3.6225E-03   -1.3391E-03   
4.1243E-03   -1.7627E-03   
5.3664E-03   -1.1179E-03   
5.9810E-03   -1.0563E-03   
3.7350E-03   -1.7339E-03   
4.2520E-03   -1.8872E-03   
4.2210E-03   -2.0874E-03   
3.0357E-03   -2.7117E-03   
2.9549E-03   -1.2648E-03   
3.4954E-03   -1.2234E-03   
3.2031E-03   -1.1345E-03   
3.5460E-03   -1.0349E-03   
3.8483E-03   -1.4629E-03   
3.3195E-03   -1.2372E-03   
4.0749E-03   -1.1517E-03   
4.6160E-03   -1.0579E-03   
4.5119E-03   -2.0112E-03   
5.1118E-03   -1.1311E-03   
2.6427E-03   -1.3662E-03   
3.7992E-03   -1.3792E-03   
5.0005E-03   -1.0156E-03   
3.8963E-03   -9.8613E-04   
3.9698E-03   -1.0973E-03   
4.2418E-03   -1.6331E-03   
2.9576E-03   -2.8216E-03   
4.3497E-03   -1.7772E-03   
5.3478E-03   -1.2071E-03   
6.1903E-03   -9.8062E-04   
4.1516E-03   -9.0849E-04   
2.5733E-03   -1.4436E-03   
3.1709E-03   -1.2586E-03   
3.6810E-03   -1.2192E-03   
3.3541E-03   -1.1554E-03   
4.7301E-03   -1.0966E-03   
3.7696E-03   -1.1044E-03   
3.8915E-03   -1.2641E-03   
3.3418E-03   -1.1073E-03   
5.1376E-03   -1.3212E-03   
3.1592E-03   -1.2102E-03   
6.4523E-03   -9.4065E-04   
5.0957E-03   -1.2317E-03   
4.0128E-03   -1.6088E-03   
3.8466E-03   -1.2140E-03   
4.7140E-03   -1.8768E-03   
2.6238E-03   -2.9444E-03   
3.9955E-03   -1.0114E-03   
4.2136E-03   -1.4592E-03   
4.4508E-03   -1.1649E-03   
4.5766E-03   -1.2324E-03   
4.3911E-03   -1.4933E-03   
5.2299E-03   -1.4011E-03   
4.0297E-03   -1.3565E-03   
4.5945E-03   -1.7980E-03   
4.8206E-03   -1.9363E-03   
4.5209E-03   -1.3583E-03   
4.1024E-03   -1.4090E-03   
5.1056E-03   -1.9267E-03   
4.5770E-03   -1.5311E-03   
5.1314E-03   -1.0473E-03   
5.5875E-03   -1.3322E-03   
4.8989E-03   -1.4567E-03   
4.2699E-03   -1.2916E-03   
4.8293E-03   -1.2418E-03   
4.4440E-03   -1.6571E-03   
4.9615E-03   -1.5412E-03   
5.8626E-03   -1.1751E-03   
5.4086E-03   -1.7749E-03   
4.7090E-03   -1.5705E-03   
4.3363E-03   -1.3498E-03   
4.9484E-03   -1.6512E-03   
5.2292E-03   -1.6468E-03   
5.5906E-03   -1.5236E-03   
5.7207E-03   -1.3938E-03   
5.4900E-03   -1.6572E-03   
2.6938E-04   -3.4994E-03   
4.9182E-03   -1.7533E-03   
4.6370E-03   -2.0781E-03   
8.0848E-03   -2.9222E-04   
6.0780E-04   -2.9361E-03   
8.8203E-03   -4.3565E-05   
7.9270E-03   -6.0713E-04   
4.8939E-04   -3.5396E-03   
2.3425E-03   -2.9515E-03   
5.5243E-03   -1.8415E-03   
8.2211E-03   -1.5561E-04   
7.4796E-04   -3.5089E-03   
2.6310E-03   -2.7293E-03   
1.0622E-03   -3.4650E-03   
1.3832E-03   -3.4171E-03   
1.7036E-03   -3.3597E-03   
2.0342E-03   -3.2939E-03   
9.1026E-03   -3.9860E-05   
2.3717E-03   -3.2216E-03   
2.7259E-03   -3.1383E-03   
7.7216E-03   -4.9520E-04   
3.0910E-03   -3.0521E-03   
9.3933E-03   -3.8416E-05   
3.4618E-03   -2.9617E-03   
3.8433E-03   -2.8677E-03   
5.9115E-03   -1.2753E-03   
4.2739E-03   -2.7552E-03   
9.6991E-03   -3.5623E-05   
6.7301E-03   -5.8416E-04   
4.6178E-03   -2.7026E-03   
3.4505E-03   -2.1507E-03   
1.7817E-03   -3.1187E-03   
7.7776E-03   -4.3165E-04   
5.0186E-03   -2.5726E-03   
5.4686E-03   -2.4805E-03   
1.0015E-02   -3.1536E-05   
5.8881E-03   -2.3860E-03   
3.6510E-03   -2.4933E-03   
6.3541E-03   -2.2715E-03   
6.7171E-03   -2.2183E-03   
1.0341E-02   -2.7393E-05   
7.1381E-03   -2.0853E-03   
7.6132E-03   -1.9729E-03   
7.8662E-04   -3.3343E-03   
8.0585E-03   -1.8522E-03   
1.0718E-02   -2.4759E-05   
8.3346E-03   -9.7054E-05   
3.9013E-03   -2.3478E-03   
8.5409E-03   -1.7000E-03   
9.0015E-03   -1.5633E-03   
7.3950E-03   -7.2569E-04   
1.1138E-02   -1.3424E-05   
6.7444E-03   -8.9394E-04   
6.2104E-03   -1.0530E-03   
9.9077E-03   -1.2249E-03   
1.1588E-02   -1.9431E-04   
1.1672E-02   -1.9368E-04   
1.1626E-02   -5.5120E-05   
1.1661E-02   -2.3022E-05   
1.1600E-02   -1.2345E-04   
3.1824E-03   -2.8400E-03   
1.0921E-02   -7.0892E-04   
9.1123E-04   -3.3992E-03   
6.9727E-03   -9.1021E-04   
6.5671E-03   -1.0183E-03   
1.6027E-03   -3.2281E-03   
6.1530E-03   -1.2705E-03   
2.0696E-03   -3.0646E-03   
8.3028E-03   -2.4597E-04   
5.8034E-03   -1.5433E-03   
8.1455E-03   -5.1155E-04   
2.2973E-03   -3.0701E-03   
4.0882E-03   -2.3925E-03   
1.5766E-03   -3.3083E-03   
4.5198E-03   -2.2281E-03   
2.2418E-03   -3.1734E-03   
7.3223E-03   -8.1424E-04   
7.9272E-03   -1.7805E-03   
5.7664E-03   -2.3127E-03   
2.9650E-03   -2.9895E-03   
3.7577E-03   -2.5621E-03   
3.7124E-03   -2.8053E-03   
3.6238E-03   -2.7132E-03   
9.5354E-03   -7.4871E-05   
5.9247E-03   -1.7607E-03   
8.4690E-03   -1.3916E-04   
8.0251E-03   -6.6324E-04   
8.9736E-03   -7.7582E-05   
1.0672E-02   -5.3443E-05   
5.2637E-03   -1.9881E-03   
6.4998E-03   -2.1311E-03   
7.9061E-03   -3.2956E-04   
8.0176E-03   -4.4814E-04   
5.9384E-03   -1.3355E-03   
4.3182E-03   -2.1257E-03   
1.1390E-02   -5.3711E-06   
9.4721E-03   -1.3951E-03   
4.3915E-03   -2.6223E-03   
8.6475E-03   -1.5620E-03   
1.1685E-02   -1.3128E-04   
1.1738E-02   -1.2068E-05   
1.1721E-02   -3.3862E-05   
1.1698E-02   -7.9317E-05   
7.1863E-03   -1.9505E-03   
5.0493E-03   -2.4329E-03   
1.0158E-02   -5.9142E-05   
1.0315E-02   -8.9037E-04   
1.1187E-02   -3.9151E-05   
1.0869E-02   -6.4751E-04   
1.1113E-02   -2.8425E-04   
1.1239E-02   -5.4673E-05   
1.1182E-02   -1.2233E-04   
1.1044E-02   -4.4242E-04   
7.2604E-03   -9.2076E-04   
5.6766E-03   -2.2347E-03   
8.3916E-03   -1.9092E-04   
8.6793E-03   -1.6000E-04   
9.3644E-03   -1.1931E-04   
1.0172E-03   -3.3103E-03   
5.1401E-03   -2.1348E-03   
6.5011E-03   -1.1562E-03   
3.9499E-03   -2.6692E-03   
8.3562E-03   -3.0213E-04   
9.9804E-03   -9.7447E-05   
9.3204E-03   -1.3567E-03   
2.8633E-03   -2.9340E-03   
5.3692E-03   -2.2999E-03   
4.2714E-03   -2.5761E-03   
6.4073E-03   -2.0676E-03   
4.7627E-03   -2.2248E-03   
7.6085E-03   -1.7894E-03   
6.1684E-03   -1.4737E-03   
4.6829E-03   -2.4660E-03   
7.9235E-03   -7.6389E-04   
8.2501E-03   -5.7399E-04   
6.8312E-03   -1.9741E-03   
6.2225E-03   -1.5916E-03   
1.0335E-02   -8.2871E-05   
6.0471E-03   -1.8480E-03   
9.6718E-03   -1.0805E-04   
4.4475E-03   -2.3569E-03   
8.2587E-03   -3.7547E-04   
6.0368E-03   -2.1531E-03   
6.4031E-03   -1.3051E-03   
9.0080E-03   -1.2802E-04   
8.3546E-03   -4.2406E-04   
1.0655E-02   -4.3316E-04   
1.0832E-02   -9.4040E-05   
1.0766E-02   -1.9725E-04   
1.0895E-02   -5.4662E-05   
7.5640E-03   -8.2458E-04   
9.7336E-03   -1.1239E-03   
1.0406E-02   -7.3798E-04   
1.1162E-02   -1.0140E-04   
1.1067E-02   -3.7895E-04   
1.1079E-02   -1.9660E-04   
1.1033E-02   -2.3763E-04   
5.9270E-03   -2.0808E-03   
4.4531E-03   -2.4492E-03   
1.0094E-02   -1.2569E-04   
8.9823E-03   -1.4268E-03   
5.1519E-03   -2.2745E-03   
6.3183E-03   -1.6856E-03   
5.7998E-03   -2.0124E-03   
8.5888E-03   -5.3589E-04   
8.8841E-03   -1.8521E-04   
7.2869E-03   -1.8079E-03   
9.5156E-03   -1.4847E-04   
1.0728E-02   -2.6528E-04   
1.0865E-02   -1.3623E-04   
8.6789E-03   -3.9155E-04   
7.2020E-03   -1.0359E-03   
8.6603E-03   -2.8219E-04   
6.8141E-03   -1.1629E-03   
1.0633E-02   -3.4890E-04   
9.8707E-03   -9.2872E-04   
8.2132E-03   -7.5335E-04   
8.0425E-03   -1.6233E-03   
6.5221E-03   -1.4423E-03   
5.4541E-03   -2.1080E-03   
6.6670E-03   -1.9113E-03   
7.9925E-03   -8.3411E-04   
1.0649E-02   -8.3857E-05   
9.6526E-03   -1.0744E-03   
1.0466E-02   -5.8463E-04   
7.3660E-03   -1.6574E-03   
6.9209E-03   -1.3842E-03   
7.9373E-03   -9.3120E-04   
8.5435E-03   -7.0063E-04   
6.9277E-03   -1.7544E-03   
6.1738E-03   -1.9245E-03   
1.0204E-02   -1.4969E-04   
9.4230E-03   -1.0956E-03   
9.5430E-03   -1.9615E-04   
9.9049E-03   -1.7212E-04   
6.5491E-03   -1.8403E-03   
8.8827E-03   -3.0734E-04   
8.9082E-03   -2.3683E-04   
8.8032E-03   -4.4297E-04   
6.4643E-03   -1.3787E-03   
6.6792E-03   -1.6178E-03   
8.7237E-03   -5.8725E-04   
8.1490E-03   -1.4865E-03   
7.5126E-03   -1.0393E-03   
7.1400E-03   -1.1558E-03   
6.8876E-03   -1.4960E-03   
8.2881E-03   -8.7550E-04   
8.5095E-03   -7.8726E-04   
8.3654E-03   -1.5911E-03   
8.9306E-03   -4.9038E-04   
6.8000E-03   -1.6869E-03   
1.0499E-02   -1.2474E-04   
9.1943E-03   -2.4592E-04   
9.0040E-03   -3.6238E-04   
8.9513E-03   -1.2666E-03   
9.4374E-03   -2.6182E-04   
7.1201E-03   -1.2516E-03   
7.7479E-03   -1.0525E-03   
8.5862E-03   -8.4980E-04   
7.0265E-03   -1.5423E-03   
9.3489E-03   -3.2771E-04   
9.6339E-03   -9.3681E-04   
8.8718E-03   -6.1803E-04   
9.2687E-03   -4.4229E-04   
8.7828E-03   -1.4273E-03   
1.0053E-02   -1.9554E-04   
7.3459E-03   -1.2694E-03   
7.7309E-03   -1.1445E-03   
1.0629E-02   -1.4371E-04   
9.1668E-03   -5.7451E-04   
1.0246E-02   -2.1125E-04   
7.3997E-03   -1.4493E-03   
9.4155E-03   -3.7369E-04   
9.8806E-03   -2.5113E-04   
9.3944E-03   -4.7716E-04   
8.0656E-03   -1.1214E-03   
9.6128E-03   -2.7602E-04   
8.4575E-03   -9.8359E-04   
9.0291E-03   -7.4893E-04   
9.6684E-03   -3.7756E-04   
9.1788E-03   -8.0277E-04   
7.5301E-03   -1.5054E-03   
8.7692E-03   -9.6209E-04   
7.6548E-03   -1.2819E-03   
8.3749E-03   -1.1055E-03   
9.9640E-03   -2.8558E-04   
1.0584E-02   -1.9232E-04   
9.4316E-03   -7.9587E-04   
9.0948E-03   -9.2511E-04   
1.0061E-02   -3.1694E-04   
7.7930E-03   -1.3620E-03   
8.2313E-03   -1.2509E-03   
9.8906E-03   -3.8178E-04   
9.8058E-03   -7.0693E-04   
9.0647E-03   -1.0317E-03   
1.0402E-02   -2.6061E-04   
9.8777E-03   -4.3202E-04   
9.7843E-03   -8.0138E-04   
1.0556E-02   -2.7190E-04   
9.4179E-03   -9.4688E-04   
9.5200E-03   -5.1036E-04   
9.2927E-03   -6.1813E-04   
9.4597E-03   -6.5208E-04   
9.8777E-03   -5.4721E-04   
