51 
1844 
2.7047E-04   -3.0008E-04   
5.1452E-04   -2.5390E-04   
7.0792E-04   -1.8322E-04   
8.3208E-04   -9.5678E-05   
1.7134E-36   -3.1458E-04   
8.7397E-04   -8.8786E-37   
8.9356E-04   -9.1868E-37   
9.2555E-04   -0.0000E+00   
9.9575E-04   3.8368E-37   
1.0593E-03   5.5981E-37   
1.1401E-03   1.0250E-36   
1.2388E-03   1.4207E-36   
1.3147E-03   1.7358E-36   
1.4438E-03   2.5930E-36   
1.5399E-03   3.1906E-36   
1.6440E-03   3.1823E-36   
1.6989E-03   4.4038E-36   
1.8141E-03   6.1988E-36   
1.9363E-03   8.6214E-36   
2.0000E-03   -2.8107E-32   
2.0000E-03   -2.5840E-35   
2.0000E-03   -2.5840E-35   
2.0000E-03   -2.5840E-35   
2.0000E-03   -2.5840E-35   
2.0000E-03   -2.5840E-35   
2.0000E-03   -2.5840E-35   
2.0000E-03   -2.5840E-35   
2.0000E-03   -2.5840E-35   
2.0000E-03   -2.5840E-35   
2.0000E-03   -2.5840E-35   
2.0000E-03   -2.5840E-35   
2.0000E-03   -2.5840E-35   
1.8790E-03   -8.6532E-05   
1.6818E-03   -1.9758E-04   
1.5986E-03   -2.3579E-04   
1.5192E-03   -2.6731E-04   
1.3663E-03   -3.1809E-04   
1.2918E-03   -3.3934E-04   
1.1453E-03   -3.7677E-04   
1.0734E-03   -3.9390E-04   
9.3176E-04   -4.2651E-04   
7.9407E-04   -4.5806E-04   
7.2700E-04   -4.7374E-04   
5.9707E-04   -5.0451E-04   
4.7366E-04   -5.3385E-04   
4.1459E-04   -5.4751E-04   
3.0186E-04   -5.7183E-04   
1.9591E-04   -5.9044E-04   
9.5758E-05   -6.0200E-04   
2.3781E-36   -6.0547E-04   
1.1263E-35   -5.7365E-04   
1.1419E-35   -5.4327E-04   
1.0674E-35   -5.0294E-04   
1.0095E-35   -4.7979E-04   
8.9069E-36   -4.4204E-04   
8.1362E-36   -4.2056E-04   
7.3241E-36   -3.9963E-04   
6.6555E-36   -3.8280E-04   
6.5128E-36   -3.6814E-04   
2.0485E-04   -3.2011E-04   
1.9217E-03   -7.6446E-06   
1.8395E-03   -1.5986E-05   
1.7208E-03   -2.7649E-05   
1.6234E-03   -3.7616E-05   
1.5291E-03   -5.0032E-05   
1.4229E-03   -5.7440E-05   
1.3359E-03   -6.0478E-05   
1.2284E-03   -6.9798E-05   
1.1218E-03   -7.5559E-05   
1.0156E-03   -8.0622E-05   
9.1034E-04   -8.5144E-05   
8.0069E-04   -9.2377E-05   
6.8792E-04   -1.1068E-04   
5.3376E-04   -1.5976E-04   
3.7664E-04   -2.3628E-04   
5.5926E-04   -1.8618E-04   
6.6680E-04   -9.2644E-05   
7.7107E-04   -5.8687E-05   
8.6968E-04   -4.9653E-05   
9.6447E-04   -4.8412E-05   
1.0546E-03   -4.8855E-05   
1.1576E-03   -4.4816E-05   
1.2533E-03   -4.1562E-05   
1.3424E-03   -3.7362E-05   
1.4344E-03   -3.7613E-05   
1.5346E-03   -2.9793E-05   
1.6309E-03   -2.3494E-05   
1.7251E-03   -1.8911E-05   
1.8249E-03   -1.0985E-05   
1.9116E-03   -4.6310E-06   
8.1853E-04   -4.1472E-05   
8.6881E-04   -1.9598E-05   
9.2612E-04   -1.8399E-05   
1.0055E-03   -1.8882E-05   
1.0815E-03   -1.9224E-05   
1.1752E-03   -2.0250E-05   
1.2589E-03   -2.0789E-05   
1.3421E-03   -2.0330E-05   
1.4491E-03   -1.6342E-05   
1.5387E-03   -1.3210E-05   
1.6400E-03   -1.1342E-05   
1.7396E-03   -8.1838E-06   
1.8368E-03   -5.3683E-06   
1.9262E-03   -1.7514E-06   
1.9069E-03   -1.1877E-05   
1.8181E-03   -2.5063E-05   
1.7092E-03   -4.2070E-05   
1.6087E-03   -5.2593E-05   
1.5217E-03   -6.7619E-05   
1.4125E-03   -7.9715E-05   
1.3048E-03   -9.0642E-05   
1.2027E-03   -9.9153E-05   
1.0965E-03   -1.0952E-04   
9.9691E-04   -1.1857E-04   
8.6925E-04   -1.3277E-04   
7.3287E-04   -1.5376E-04   
5.9899E-04   -1.8267E-04   
4.5876E-04   -2.2436E-04   
3.0196E-04   -2.8876E-04   
1.5015E-04   -3.5045E-04   
1.9013E-03   -1.7619E-05   
1.8258E-03   -3.2020E-05   
1.6964E-03   -5.7058E-05   
1.6116E-03   -7.2764E-05   
1.5102E-03   -8.8471E-05   
1.3884E-03   -1.0873E-04   
1.2807E-03   -1.1983E-04   
1.1761E-03   -1.3156E-04   
1.0531E-03   -1.4861E-04   
9.3797E-04   -1.6743E-04   
8.1593E-04   -1.8785E-04   
6.8775E-04   -2.0674E-04   
5.4999E-04   -2.4487E-04   
4.1585E-04   -2.8109E-04   
2.7025E-04   -3.3254E-04   
1.2878E-04   -3.7733E-04   
1.9289E-03   -1.5405E-05   
1.7920E-03   -4.8145E-05   
1.7141E-03   -6.5175E-05   
1.6191E-03   -8.7713E-05   
1.4772E-03   -1.1643E-04   
1.3762E-03   -1.3558E-04   
1.2712E-03   -1.5127E-04   
1.1470E-03   -1.7212E-04   
1.0339E-03   -1.9252E-04   
9.1176E-04   -2.0961E-04   
7.9665E-04   -2.2942E-04   
6.5244E-04   -2.5566E-04   
5.1264E-04   -2.9980E-04   
3.8217E-04   -3.3142E-04   
2.5968E-04   -3.7127E-04   
1.2768E-04   -4.0295E-04   
1.8851E-03   -3.1518E-05   
1.8048E-03   -5.5494E-05   
1.7077E-03   -8.4171E-05   
1.6099E-03   -1.1181E-04   
1.4680E-03   -1.4493E-04   
1.3539E-03   -1.6563E-04   
1.2381E-03   -1.9218E-04   
1.1272E-03   -2.1610E-04   
9.9476E-04   -2.3415E-04   
8.8706E-04   -2.4997E-04   
7.7748E-04   -2.7798E-04   
6.3212E-04   -3.1248E-04   
4.9023E-04   -3.4880E-04   
3.6616E-04   -3.7979E-04   
2.3419E-04   -4.1161E-04   
1.2231E-04   -4.3198E-04   
1.9093E-03   -3.3358E-05   
1.8003E-03   -7.3550E-05   
1.7109E-03   -1.0096E-04   
1.5710E-03   -1.4497E-04   
1.4478E-03   -1.8176E-04   
1.3379E-03   -2.0403E-04   
1.2015E-03   -2.3385E-04   
1.0992E-03   -2.5561E-04   
9.6650E-04   -2.7681E-04   
8.5083E-04   -2.9926E-04   
7.1980E-04   -3.2817E-04   
6.1292E-04   -3.5524E-04   
4.8425E-04   -3.8844E-04   
3.5672E-04   -4.1835E-04   
2.3301E-04   -4.4567E-04   
1.0954E-04   -4.6528E-04   
1.8940E-03   -4.4981E-05   
1.7744E-03   -9.3672E-05   
1.6908E-03   -1.2370E-04   
1.5285E-03   -1.8238E-04   
1.4302E-03   -2.1127E-04   
1.3184E-03   -2.4273E-04   
1.1958E-03   -2.6685E-04   
1.0721E-03   -2.9423E-04   
9.3480E-04   -3.2519E-04   
8.2007E-04   -3.4879E-04   
7.0752E-04   -3.7191E-04   
5.9031E-04   -4.0030E-04   
4.6141E-04   -4.3629E-04   
3.5169E-04   -4.5704E-04   
2.2749E-04   -4.8278E-04   
1.1291E-04   -4.9775E-04   
1.9031E-03   -5.3484E-05   
1.8007E-03   -1.0319E-04   
1.6632E-03   -1.5961E-04   
1.5431E-03   -2.0975E-04   
1.4129E-03   -2.4084E-04   
1.2873E-03   -2.7345E-04   
1.1678E-03   -3.0435E-04   
1.0480E-03   -3.3310E-04   
9.2829E-04   -3.6120E-04   
7.9667E-04   -3.8592E-04   
6.8031E-04   -4.2204E-04   
5.5827E-04   -4.4628E-04   
4.4853E-04   -4.6873E-04   
3.3442E-04   -4.9554E-04   
2.1691E-04   -5.1975E-04   
1.2054E-04   -5.2953E-04   
1.8748E-03   -8.1157E-05   
1.7497E-03   -1.5311E-04   
1.6456E-03   -1.9415E-04   
1.4832E-03   -2.5392E-04   
1.3850E-03   -2.8296E-04   
1.2486E-03   -3.1978E-04   
1.1302E-03   -3.5139E-04   
1.0249E-03   -3.7070E-04   
8.9798E-04   -3.9872E-04   
7.7823E-04   -4.3243E-04   
6.7776E-04   -4.5309E-04   
5.5615E-04   -4.8280E-04   
4.3096E-04   -5.1170E-04   
3.1936E-04   -5.3424E-04   
2.1271E-04   -5.5356E-04   
9.5156E-05   -5.7260E-04   
3.3963E-05   -3.1564E-04   
6.8352E-05   -3.1501E-04   
1.0257E-04   -3.1379E-04   
1.3669E-04   -3.1209E-04   
1.7058E-04   -3.0987E-04   
2.0422E-04   -3.0711E-04   
2.3754E-04   -3.0384E-04   
3.0297E-04   -2.9586E-04   
3.3500E-04   -2.9118E-04   
3.6650E-04   -2.8605E-04   
3.9744E-04   -2.8048E-04   
4.2775E-04   -2.7446E-04   
4.5740E-04   -2.6802E-04   
4.8634E-04   -2.6116E-04   
5.4189E-04   -2.4625E-04   
5.6840E-04   -2.3822E-04   
5.9402E-04   -2.2986E-04   
6.1877E-04   -2.2115E-04   
6.4257E-04   -2.1214E-04   
6.6540E-04   -2.0278E-04   
6.8720E-04   -1.9314E-04   
7.2755E-04   -1.7306E-04   
7.4607E-04   -1.6264E-04   
7.6343E-04   -1.5198E-04   
7.7961E-04   -1.4109E-04   
7.9459E-04   -1.3001E-04   
8.0834E-04   -1.1873E-04   
8.2084E-04   -1.0728E-04   
8.4203E-04   -8.3926E-05   
8.5068E-04   -7.2035E-05   
8.5799E-04   -5.9993E-05   
8.6347E-04   -4.7853E-05   
8.6898E-04   -3.5933E-05   
8.7152E-04   -2.4128E-05   
8.7409E-04   -1.1715E-05   
8.7973E-04   -4.1341E-36   
8.8292E-04   -3.6400E-36   
8.8547E-04   -2.7361E-36   
8.8785E-04   -1.6512E-36   
8.9043E-04   -1.2418E-36   
8.9753E-04   -6.5656E-37   
9.0256E-04   -4.4345E-37   
9.0882E-04   -2.6985E-37   
9.1645E-04   -1.2710E-37   
9.3621E-04   9.1500E-38   
9.4850E-04   1.7547E-37   
9.6249E-04   2.4842E-37   
9.7823E-04   3.1652E-37   
1.0151E-03   4.4328E-37   
1.0363E-03   5.0200E-37   
1.0843E-03   6.2538E-37   
1.1113E-03   6.9288E-37   
1.1710E-03   1.0979E-36   
1.2039E-03   9.5125E-37   
1.2757E-03   1.5489E-36   
1.3556E-03   1.9901E-36   
1.3987E-03   2.2449E-36   
1.4909E-03   2.7532E-36   
1.5910E-03   3.6290E-36   
1.7556E-03   5.3448E-36   
1.8743E-03   5.9043E-36   
2.0000E-03   -2.5840E-35   
2.0000E-03   -2.5840E-35   
2.0000E-03   -2.5840E-35   
2.0000E-03   -2.5840E-35   
2.0000E-03   -2.5840E-35   
1.7714E-03   -1.5177E-04   
1.4421E-03   -2.9439E-04   
1.2182E-03   -3.5870E-04   
1.0021E-03   -4.1042E-04   
8.6237E-04   -4.4237E-04   
6.6128E-04   -4.8922E-04   
5.3451E-04   -5.1946E-04   
3.5732E-04   -5.6023E-04   
2.4808E-04   -5.8189E-04   
1.4515E-04   -5.9714E-04   
4.7579E-05   -6.0502E-04   
9.6432E-36   -5.8958E-04   
1.1441E-35   -5.5815E-04   
1.1092E-35   -5.2909E-04   
1.4005E-35   -5.1565E-04   
1.3854E-35   -4.9099E-04   
9.8344E-36   -4.6930E-04   
9.5558E-36   -4.5953E-04   
9.2191E-36   -4.5045E-04   
8.6339E-36   -4.3427E-04   
8.3761E-36   -4.2712E-04   
7.9236E-36   -4.1456E-04   
7.7182E-36   -4.0909E-04   
7.5121E-36   -4.0413E-04   
7.1570E-36   -3.9557E-04   
7.0055E-36   -3.9189E-04   
6.8707E-36   -3.8857E-04   
6.7536E-36   -3.8556E-04   
6.5765E-36   -3.8024E-04   
6.5175E-36   -3.7782E-04   
6.4801E-36   -3.7548E-04   
6.4660E-36   -3.7314E-04   
6.4766E-36   -3.7072E-04   
6.5745E-36   -3.6528E-04   
6.6600E-36   -3.6203E-04   
6.7756E-36   -3.5828E-04   
6.9248E-36   -3.5389E-04   
7.1569E-36   -3.4876E-04   
9.7485E-36   -3.4252E-04   
9.8913E-36   -3.3522E-04   
8.8653E-36   -3.2555E-04   
3.6616E-04   -2.8288E-04   
5.6537E-04   -2.2467E-04   
6.3995E-04   -1.9529E-04   
4.2588E-04   -2.6813E-04   
8.1158E-04   -1.0087E-04   
2.7351E-04   -3.0140E-04   
1.1287E-04   -3.2104E-04   
7.6483E-04   -1.3287E-04   
8.5536E-04   -5.7926E-05   
7.0734E-04   -1.6453E-04   
4.8361E-04   -2.5174E-04   
8.3622E-04   -7.9451E-05   
5.1161E-04   -2.4302E-04   
2.4197E-04   -3.0651E-04   
6.8601E-04   -1.7493E-04   
7.8167E-04   -1.2223E-04   
8.7649E-04   -1.6202E-05   
4.3459E-05   -3.2472E-04   
2.1016E-04   -3.1105E-04   
5.9088E-04   -2.1507E-04   
6.1554E-04   -2.0525E-04   
8.2458E-04   -9.0171E-05   
1.4567E-04   -3.1833E-04   
8.6289E-04   -4.6987E-05   
7.8679E-05   -3.2336E-04   
1.7809E-04   -3.1500E-04   
7.9727E-04   -1.1156E-04   
8.4648E-04   -6.8699E-05   
3.0477E-04   -2.9574E-04   
7.4680E-04   -1.4348E-04   
7.2762E-04   -1.5404E-04   
4.5504E-04   -2.6013E-04   
3.3567E-04   -2.8956E-04   
3.9627E-04   -2.7573E-04   
5.3891E-04   -2.3400E-04   
6.6349E-04   -1.8519E-04   
2.5114E-05   -3.4531E-04   
2.3882E-05   -3.5096E-04   
2.3000E-05   -3.5573E-04   
2.2186E-05   -3.5978E-04   
2.1554E-05   -3.6324E-04   
2.1168E-05   -3.6625E-04   
2.0956E-05   -3.6894E-04   
2.0868E-05   -3.7141E-04   
2.0879E-05   -3.7377E-04   
8.8306E-04   -7.8147E-06   
2.0979E-05   -3.7609E-04   
8.8537E-04   -6.1697E-06   
2.1168E-05   -3.7845E-04   
8.8772E-04   -4.9805E-06   
2.1441E-05   -3.8093E-04   
8.9051E-04   -4.0942E-06   
2.1794E-05   -3.8358E-04   
8.9403E-04   -3.4791E-06   
2.2221E-05   -3.8646E-04   
8.9853E-04   -3.0762E-06   
2.2719E-05   -3.8963E-04   
9.0419E-04   -2.8501E-06   
2.3280E-05   -3.9313E-04   
9.1115E-04   -2.7674E-06   
2.3902E-05   -3.9700E-04   
9.1955E-04   -2.7952E-06   
2.4584E-05   -4.0128E-04   
9.2947E-04   -2.9075E-06   
2.5296E-05   -4.0601E-04   
9.4101E-04   -3.0943E-06   
2.6025E-05   -4.1121E-04   
9.5424E-04   -3.3404E-06   
2.6847E-05   -4.1694E-04   
9.6919E-04   -3.6266E-06   
2.7793E-05   -4.2323E-04   
9.8591E-04   -3.9376E-06   
2.8788E-05   -4.3010E-04   
1.0044E-03   -4.2363E-06   
2.9799E-05   -4.3756E-04   
1.0246E-03   -4.5796E-06   
3.0819E-05   -4.4564E-04   
1.0466E-03   -4.9516E-06   
3.1815E-05   -4.5430E-04   
1.0703E-03   -5.3851E-06   
3.3162E-05   -4.6354E-04   
1.0960E-03   -5.7773E-06   
3.4754E-05   -4.7350E-04   
1.1239E-03   -6.0607E-06   
3.5602E-05   -4.8425E-04   
1.1538E-03   -6.3285E-06   
3.6482E-05   -4.9566E-04   
1.1860E-03   -6.5945E-06   
3.9065E-05   -5.0791E-04   
1.2205E-03   -6.7146E-06   
4.0585E-05   -5.2131E-04   
1.2563E-03   -6.5694E-06   
4.0856E-05   -5.3546E-04   
1.2935E-03   -6.7979E-06   
4.2427E-05   -5.5020E-04   
1.3333E-03   -6.8803E-06   
4.4923E-05   -5.6608E-04   
4.5458E-04   -2.5141E-04   
7.0872E-04   -1.4727E-04   
7.8510E-04   -1.0542E-04   
3.3736E-04   -2.8641E-04   
8.7451E-04   -2.3754E-05   
9.1260E-05   -3.2938E-04   
5.8855E-04   -2.0057E-04   
8.6009E-04   -4.5976E-05   
1.5401E-04   -3.2275E-04   
2.4669E-04   -3.0737E-04   
2.1612E-04   -3.1313E-04   
6.6369E-04   -1.6863E-04   
5.1088E-04   -2.3179E-04   
8.2902E-04   -7.5308E-05   
8.4080E-04   -6.5481E-05   
5.3791E-04   -2.2164E-04   
6.3924E-04   -1.7920E-04   
8.0112E-04   -9.5267E-05   
7.6779E-04   -1.1570E-04   
3.6712E-04   -2.7833E-04   
2.7714E-04   -3.0096E-04   
5.6093E-05   -3.3276E-04   
3.9659E-04   -2.6977E-04   
5.6352E-04   -2.1117E-04   
6.1399E-04   -1.8980E-04   
8.1577E-04   -8.5233E-05   
8.5113E-04   -5.5712E-05   
4.2578E-04   -2.6078E-04   
7.2954E-04   -1.3664E-04   
1.8520E-04   -3.1827E-04   
3.0739E-04   -2.9397E-04   
7.4926E-04   -1.2612E-04   
8.6784E-04   -3.5909E-05   
1.2244E-04   -3.2646E-04   
6.8677E-04   -1.5798E-04   
4.8302E-04   -2.4174E-04   
2.6176E-05   -3.3853E-04   
5.0040E-05   -3.4641E-04   
4.7765E-05   -3.5191E-04   
4.5722E-05   -3.5630E-04   
4.3853E-05   -3.6004E-04   
4.2691E-05   -3.6323E-04   
4.2065E-05   -3.6601E-04   
4.1773E-05   -3.6852E-04   
8.8032E-04   -1.0625E-05   
4.1713E-05   -3.7088E-04   
4.1842E-05   -3.7317E-04   
8.8055E-04   -1.3529E-05   
4.2146E-05   -3.7548E-04   
8.8242E-04   -1.1101E-05   
4.2622E-05   -3.7788E-04   
8.8486E-04   -9.0170E-06   
4.3261E-05   -3.8042E-04   
8.8793E-04   -7.5595E-06   
4.4052E-05   -3.8317E-04   
8.9189E-04   -6.5883E-06   
4.4961E-05   -3.8619E-04   
8.9697E-04   -5.9836E-06   
4.6116E-05   -3.8949E-04   
9.0332E-04   -5.6948E-06   
4.7485E-05   -3.9315E-04   
9.1105E-04   -5.6597E-06   
4.8784E-05   -3.9723E-04   
9.2028E-04   -5.8156E-06   
4.9989E-05   -4.0175E-04   
9.3115E-04   -6.1145E-06   
5.1267E-05   -4.0669E-04   
9.4374E-04   -6.5567E-06   
5.2773E-05   -4.1212E-04   
9.5797E-04   -7.1116E-06   
5.4557E-05   -4.1810E-04   
9.7398E-04   -7.7411E-06   
5.6544E-05   -4.2467E-04   
9.9199E-04   -8.3055E-06   
5.8612E-05   -4.3185E-04   
1.0114E-03   -8.7560E-06   
6.0667E-05   -4.3963E-04   
1.0317E-03   -9.5652E-06   
6.2353E-05   -4.4801E-04   
1.0540E-03   -1.0297E-05   
6.3590E-05   -4.5677E-04   
1.0782E-03   -1.1340E-05   
6.7478E-05   -4.6582E-04   
1.1052E-03   -1.1977E-05   
7.0949E-05   -4.7612E-04   
1.1342E-03   -1.2395E-05   
7.0918E-05   -4.8734E-04   
1.1652E-03   -1.3009E-05   
7.4116E-05   -4.9847E-04   
1.1998E-03   -1.3436E-05   
8.4497E-05   -5.1104E-04   
1.2369E-03   -1.3413E-05   
8.1384E-05   -5.2611E-04   
1.2709E-03   -1.2448E-05   
8.2841E-05   -5.4028E-04   
1.3074E-03   -1.4919E-05   
8.7055E-05   -5.5509E-04   
1.3753E-03   -7.2512E-06   
5.8855E-04   -1.8669E-04   
6.1562E-04   -1.7503E-04   
5.1214E-04   -2.2067E-04   
6.4127E-04   -1.6410E-04   
4.8445E-04   -2.3140E-04   
2.2222E-04   -3.1360E-04   
2.5189E-04   -3.0665E-04   
2.8146E-04   -2.9904E-04   
3.1089E-04   -2.9082E-04   
3.4020E-04   -2.8201E-04   
1.9205E-04   -3.1996E-04   
3.6940E-04   -2.7266E-04   
4.5611E-04   -2.4212E-04   
6.6602E-04   -1.5327E-04   
3.9848E-04   -2.6284E-04   
4.2744E-04   -2.5264E-04   
1.6097E-04   -3.2577E-04   
6.8951E-04   -1.4231E-04   
8.2071E-04   -7.1585E-05   
8.3401E-04   -6.2431E-05   
8.4562E-04   -5.3542E-05   
8.0590E-04   -8.0964E-05   
1.2998E-04   -3.3069E-04   
7.1187E-04   -1.3146E-04   
7.8967E-04   -9.0552E-05   
7.5321E-04   -1.1046E-04   
7.3311E-04   -1.2084E-04   
7.7209E-04   -1.0039E-04   
1.0081E-04   -3.3378E-04   
7.5909E-05   -3.3608E-04   
8.5572E-04   -4.4720E-05   
8.6460E-04   -3.5750E-05   
8.7229E-04   -2.6575E-05   
5.2091E-05   -3.4078E-04   
7.1982E-05   -3.5127E-04   
6.7496E-05   -3.5562E-04   
6.4859E-05   -3.5908E-04   
6.3478E-05   -3.6198E-04   
6.2807E-05   -3.6453E-04   
6.2575E-05   -3.6688E-04   
8.7836E-04   -1.6876E-05   
6.2659E-05   -3.6913E-04   
6.3013E-05   -3.7137E-04   
8.7444E-04   -1.9231E-05   
6.3624E-05   -3.7368E-04   
8.7683E-04   -1.5101E-05   
6.4484E-05   -3.7611E-04   
8.7946E-04   -1.2490E-05   
6.5576E-05   -3.7873E-04   
8.8288E-04   -1.0742E-05   
6.6814E-05   -3.8159E-04   
8.8736E-04   -9.6313E-06   
6.8471E-05   -3.8466E-04   
8.9315E-04   -8.9648E-06   
7.1130E-05   -3.8796E-04   
9.0025E-04   -8.7585E-06   
7.3184E-05   -3.9185E-04   
9.0869E-04   -8.9019E-06   
7.4398E-05   -3.9627E-04   
9.1889E-04   -9.2498E-06   
7.6038E-05   -4.0101E-04   
9.3097E-04   -9.7799E-06   
7.7817E-05   -4.0620E-04   
9.4445E-04   -1.0571E-05   
8.0193E-05   -4.1182E-04   
9.5965E-04   -1.1531E-05   
8.3371E-05   -4.1799E-04   
9.7727E-04   -1.2442E-05   
8.6614E-05   -4.2486E-04   
9.9734E-04   -1.3107E-05   
8.9737E-05   -4.3241E-04   
1.0164E-03   -1.3110E-05   
9.2366E-05   -4.4069E-04   
1.0351E-03   -1.5601E-05   
9.3238E-05   -4.4963E-04   
9.1477E-05   -4.5803E-04   
1.0705E-04   -4.7874E-04   
1.1412E-03   -1.9251E-05   
1.1933E-04   -5.1692E-04   
1.2444E-04   -5.4275E-04   
1.2131E-03   -2.0721E-05   
1.4216E-03   -7.7757E-06   
8.5021E-04   -4.3631E-05   
8.6001E-04   -3.5462E-05   
8.6897E-04   -2.7157E-05   
5.3939E-04   -1.9984E-04   
5.1570E-04   -2.0934E-04   
1.9906E-04   -3.2024E-04   
1.6828E-04   -3.2739E-04   
3.1535E-04   -2.8654E-04   
2.2862E-04   -3.1269E-04   
3.4419E-04   -2.7657E-04   
2.5768E-04   -3.0459E-04   
4.8799E-04   -2.2083E-04   
6.4591E-04   -1.5060E-04   
2.8655E-04   -2.9589E-04   
8.1160E-04   -6.8357E-05   
7.9524E-04   -7.7422E-05   
3.7306E-04   -2.6609E-04   
4.0197E-04   -2.5516E-04   
7.3810E-04   -1.0652E-04   
7.5844E-04   -9.6463E-05   
8.2653E-04   -5.9535E-05   
1.3623E-04   -3.3388E-04   
8.3935E-04   -5.1471E-05   
4.5955E-04   -2.3241E-04   
7.1657E-04   -1.1703E-04   
4.3086E-04   -2.4390E-04   
7.7751E-04   -8.6780E-05   
6.7031E-04   -1.3914E-04   
6.9394E-04   -1.2793E-04   
9.2595E-05   -3.5015E-04   
8.7636E-05   -3.5396E-04   
8.5252E-05   -3.5696E-04   
8.4035E-05   -3.5953E-04   
8.3518E-05   -3.6184E-04   
8.3485E-05   -3.6403E-04   
8.3837E-05   -3.6618E-04   
8.4525E-05   -3.6838E-04   
8.7533E-04   -2.0511E-05   
8.6682E-04   -2.2460E-05   
8.5531E-05   -3.7069E-04   
8.6882E-04   -1.8578E-05   
8.6859E-05   -3.7318E-04   
8.7178E-04   -1.5743E-05   
8.8424E-05   -3.7587E-04   
8.7559E-04   -1.3952E-05   
9.0233E-05   -3.7878E-04   
8.8066E-04   -1.2897E-05   
9.2733E-05   -3.8179E-04   
8.8753E-04   -1.2200E-05   
9.9586E-05   -3.8464E-04   
8.9498E-04   -1.2295E-05   
9.8559E-05   -3.8965E-04   
9.0403E-04   -1.2712E-05   
1.0059E-04   -3.9420E-04   
9.1588E-04   -1.3267E-05   
1.0259E-04   -3.9932E-04   
9.2905E-04   -1.3991E-05   
1.0865E-04   -4.1026E-04   
1.2343E-04   -4.5194E-04   
9.5919E-04   -1.6789E-05   
1.1415E-04   -4.1648E-04   
1.1833E-04   -4.2388E-04   
1.2568E-04   -4.4118E-04   
1.0598E-03   -1.5398E-05   
1.1145E-03   -1.7689E-05   
1.1470E-03   -2.7074E-05   
9.7970E-04   -1.7971E-05   
1.6464E-04   -5.2978E-04   
1.1839E-03   -2.8030E-05   
1.2467E-04   -5.0615E-04   
1.0262E-03   -2.1983E-05   
1.4807E-04   -4.6901E-04   
8.6409E-04   -2.7867E-05   
8.5366E-04   -3.5876E-05   
8.4418E-04   -4.3102E-05   
6.0345E-04   -1.5977E-04   
5.9357E-04   -1.7254E-04   
6.2591E-04   -1.4908E-04   
4.9460E-04   -2.1004E-04   
8.1817E-04   -5.7183E-05   
2.0739E-04   -3.1891E-04   
8.3319E-04   -4.8787E-05   
1.7713E-04   -3.2722E-04   
1.4569E-04   -3.3492E-04   
2.3629E-04   -3.1030E-04   
3.2081E-04   -2.8130E-04   
2.9247E-04   -2.9169E-04   
4.6512E-04   -2.2237E-04   
2.6448E-04   -3.0130E-04   
3.4939E-04   -2.7030E-04   
6.5107E-04   -1.3752E-04   
7.4431E-04   -9.3678E-05   
8.0164E-04   -6.5864E-05   
3.7815E-04   -2.5879E-04   
7.6475E-04   -8.3994E-05   
7.8386E-04   -7.4754E-05   
7.2260E-04   -1.0391E-04   
4.0706E-04   -2.4689E-04   
4.3608E-04   -2.3472E-04   
6.9973E-04   -1.1468E-04   
6.7583E-04   -1.2593E-04   
9.1679E-05   -3.4299E-04   
1.1001E-04   -3.4825E-04   
1.0714E-04   -3.5115E-04   
1.0542E-04   -3.5365E-04   
1.0456E-04   -3.5588E-04   
1.0435E-04   -3.5796E-04   
1.0466E-04   -3.5999E-04   
1.0537E-04   -3.6206E-04   
1.0648E-04   -3.6424E-04   
8.5521E-04   -2.6647E-05   
1.0799E-04   -3.6656E-04   
8.5888E-04   -2.1781E-05   
1.0988E-04   -3.6908E-04   
1.1187E-04   -3.7187E-04   
8.6214E-04   -1.9074E-05   
8.6614E-04   -1.7504E-05   
1.1329E-04   -3.7507E-04   
8.7132E-04   -1.6877E-05   
1.1974E-04   -3.8309E-04   
8.8523E-04   -1.6978E-05   
1.2459E-04   -3.8628E-04   
9.1198E-04   -1.7968E-05   
8.9818E-04   -1.7296E-05   
1.2865E-04   -3.9112E-04   
1.4249E-04   -4.0601E-04   
1.0429E-04   -4.0484E-04   
1.4710E-04   -4.1391E-04   
1.5261E-04   -4.2170E-04   
1.5384E-04   -5.0818E-04   
1.5160E-04   -4.9642E-04   
1.5862E-04   -4.3033E-04   
9.5754E-04   -2.3128E-05   
1.0501E-03   -2.0747E-05   
1.0042E-03   -2.6689E-05   
1.1092E-03   -2.5368E-05   
9.7995E-04   -2.4589E-05   
9.4277E-04   -1.5363E-05   
1.6621E-04   -4.4071E-04   
1.4155E-04   -4.8419E-04   
1.5587E-04   -4.5516E-04   
1.2222E-03   -2.8760E-05   
1.5734E-04   -5.4388E-04   
1.4898E-04   -5.1949E-04   
1.1531E-03   -3.5527E-05   
5.7524E-04   -1.6785E-04   
8.5701E-04   -2.9736E-05   
8.2509E-04   -4.7331E-05   
2.1771E-04   -3.1583E-04   
8.0829E-04   -5.5831E-05   
1.8901E-04   -3.2493E-04   
1.3066E-04   -3.4038E-04   
4.7279E-04   -2.1176E-04   
2.9919E-04   -2.8663E-04   
2.7165E-04   -2.9718E-04   
2.4495E-04   -3.0677E-04   
6.3171E-04   -1.3809E-04   
3.2735E-04   -2.7529E-04   
7.5154E-04   -8.2215E-05   
3.5587E-04   -2.6334E-04   
7.7186E-04   -7.2983E-05   
7.9070E-04   -6.4243E-05   
7.2979E-04   -9.2085E-05   
3.8469E-04   -2.5092E-04   
4.4304E-04   -2.2509E-04   
6.5756E-04   -1.2558E-04   
7.0679E-04   -1.0261E-04   
4.1379E-04   -2.3814E-04   
6.8265E-04   -1.1381E-04   
1.3208E-04   -3.4201E-04   
1.2944E-04   -3.4456E-04   
5.3753E-04   -1.8393E-04   
1.2726E-04   -3.4694E-04   
5.0391E-04   -1.9797E-04   
1.2584E-04   -3.4910E-04   
1.2531E-04   -3.5105E-04   
1.2549E-04   -3.5293E-04   
1.2621E-04   -3.5482E-04   
1.2740E-04   -3.5682E-04   
1.2906E-04   -3.5896E-04   
1.4766E-04   -3.7663E-04   
8.4513E-04   -2.8438E-05   
1.3120E-04   -3.6128E-04   
1.3377E-04   -3.6386E-04   
8.4770E-04   -2.5007E-05   
1.3636E-04   -3.6695E-04   
8.5057E-04   -2.2837E-05   
8.5411E-04   -2.1786E-05   
1.1388E-04   -3.7820E-04   
8.7838E-04   -2.1984E-05   
1.5407E-04   -3.8134E-04   
1.5371E-04   -3.9623E-04   
1.0363E-03   -2.8678E-05   
9.7682E-04   -3.2261E-05   
9.0919E-04   -2.3931E-05   
1.8201E-04   -4.1014E-04   
8.9176E-04   -2.2740E-05   
1.9037E-04   -4.1776E-04   
1.2965E-04   -3.9715E-04   
1.8547E-04   -5.1239E-04   
1.9702E-04   -4.2646E-04   
1.0721E-03   -2.7959E-05   
1.9076E-04   -4.5792E-04   
1.8459E-04   -4.7169E-04   
9.3568E-04   -2.1747E-05   
1.9027E-04   -4.9731E-04   
1.7545E-04   -4.0301E-04   
9.5465E-04   -3.0353E-05   
1.1908E-03   -3.6440E-05   
1.1177E-03   -3.4106E-05   
8.2954E-04   -3.9945E-05   
8.1398E-04   -4.7654E-05   
8.4309E-04   -3.7328E-05   
1.7533E-04   -3.2977E-04   
2.2930E-04   -3.1160E-04   
6.1104E-04   -1.3990E-04   
2.7913E-04   -2.9239E-04   
7.9714E-04   -5.5469E-05   
2.5213E-04   -3.0307E-04   
3.0681E-04   -2.8087E-04   
1.0652E-04   -3.4348E-04   
3.3501E-04   -2.6864E-04   
4.5185E-04   -2.1509E-04   
7.3794E-04   -8.1493E-05   
7.7894E-04   -6.3621E-05   
7.5923E-04   -7.2240E-05   
6.3880E-04   -1.2669E-04   
3.6366E-04   -2.5583E-04   
7.1494E-04   -9.1676E-05   
3.9269E-04   -2.4257E-04   
4.2210E-04   -2.2898E-04   
6.6526E-04   -1.1429E-04   
6.9065E-04   -1.0264E-04   
4.8288E-04   -2.0067E-04   
1.5315E-04   -3.3702E-04   
1.5036E-04   -3.3928E-04   
1.4765E-04   -3.4154E-04   
1.5703E-04   -3.3425E-04   
1.4650E-04   -3.4341E-04   
5.1528E-04   -1.8581E-04   
5.4895E-04   -1.7034E-04   
1.4642E-04   -3.4510E-04   
8.4124E-04   -3.3135E-05   
5.8134E-04   -1.5471E-04   
1.4708E-04   -3.4677E-04   
1.4835E-04   -3.4853E-04   
1.5248E-04   -3.5254E-04   
8.3320E-04   -3.1489E-05   
1.5561E-04   -3.5480E-04   
1.5995E-04   -3.5724E-04   
8.3419E-04   -2.9038E-05   
8.3683E-04   -2.7332E-05   
1.5664E-04   -3.6861E-04   
1.6195E-04   -3.8673E-04   
8.6862E-04   -2.8003E-05   
9.3432E-04   -2.8716E-05   
2.1888E-04   -4.0423E-04   
1.3555E-04   -3.7138E-04   
1.0005E-03   -3.4698E-05   
1.7736E-04   -3.7093E-04   
9.4895E-04   -3.8451E-05   
1.7223E-04   -3.9684E-04   
2.2557E-04   -4.6030E-04   
2.0823E-04   -3.9795E-04   
2.0597E-04   -4.3319E-04   
9.1738E-04   -2.7916E-05   
1.0883E-03   -3.3068E-05   
8.8225E-04   -2.9460E-05   
1.9858E-04   -4.4418E-04   
1.8538E-04   -4.8446E-04   
1.1207E-03   -4.3191E-05   
1.2256E-03   -3.6625E-05   
1.9449E-04   -5.3837E-04   
2.3736E-04   -4.9863E-04   
1.0601E-03   -2.3951E-05   
8.0247E-04   -4.8568E-05   
2.3045E-04   -3.1052E-04   
4.6246E-04   -2.0478E-04   
2.6020E-04   -2.9857E-04   
2.8769E-04   -2.8688E-04   
7.8530E-04   -5.6141E-05   
3.1548E-04   -2.7451E-04   
6.1965E-04   -1.2926E-04   
7.4681E-04   -7.2209E-05   
7.6714E-04   -6.3875E-05   
3.4387E-04   -2.6146E-04   
7.2410E-04   -8.1848E-05   
4.3192E-04   -2.1950E-04   
3.7279E-04   -2.4785E-04   
6.4754E-04   -1.1616E-04   
4.0217E-04   -2.3383E-04   
6.9980E-04   -9.2450E-05   
6.7422E-04   -1.0392E-04   
1.7739E-04   -3.2994E-04   
1.6998E-04   -3.3339E-04   
8.3180E-04   -3.4904E-05   
1.6803E-04   -3.3514E-04   
5.5922E-04   -1.5843E-04   
4.9429E-04   -1.8954E-04   
5.9023E-04   -1.4340E-04   
1.6763E-04   -3.3657E-04   
1.6810E-04   -3.3800E-04   
5.2682E-04   -1.7400E-04   
1.6937E-04   -3.3949E-04   
1.7131E-04   -3.4112E-04   
1.7383E-04   -3.4294E-04   
8.4032E-04   -2.6713E-05   
1.7722E-04   -3.4489E-04   
1.6574E-04   -3.6039E-04   
1.8211E-04   -3.4678E-04   
8.1610E-04   -3.6717E-05   
9.1020E-04   -3.4383E-05   
8.1841E-04   -3.3937E-05   
1.8512E-04   -3.7480E-04   
1.8891E-04   -3.8647E-04   
8.5686E-04   -2.7203E-05   
1.7413E-04   -3.6687E-04   
8.9568E-04   -3.1957E-05   
2.3882E-04   -3.9213E-04   
2.4107E-04   -4.3058E-04   
2.0048E-04   -3.9165E-04   
2.2836E-04   -4.2337E-04   
8.5610E-04   -3.5408E-05   
1.0543E-03   -3.7629E-05   
2.6883E-04   -4.4743E-04   
1.0873E-03   -4.1141E-05   
2.1669E-04   -4.7298E-04   
1.1220E-03   -5.3198E-05   
2.4339E-04   -5.3001E-04   
1.2018E-03   -4.5995E-05   
1.2599E-03   -3.1029E-05   
2.7094E-04   -5.0902E-04   
1.0206E-03   -3.8389E-05   
8.0754E-04   -4.2873E-05   
2.0287E-04   -3.2080E-04   
2.4446E-04   -3.0416E-04   
2.7034E-04   -2.9296E-04   
4.4311E-04   -2.0986E-04   
2.9735E-04   -2.8073E-04   
7.7457E-04   -5.7481E-05   
7.5718E-04   -6.3812E-05   
3.2528E-04   -2.6764E-04   
1.8971E-04   -3.2600E-04   
7.3457E-04   -7.2879E-05   
6.2969E-04   -1.1920E-04   
3.5397E-04   -2.5383E-04   
4.1289E-04   -2.2485E-04   
7.1012E-04   -8.3151E-05   
3.8324E-04   -2.3951E-04   
6.5761E-04   -1.0631E-04   
6.8441E-04   -9.4304E-05   
1.8947E-04   -3.2656E-04   
4.7440E-04   -1.9440E-04   
5.7012E-04   -1.4760E-04   
6.0048E-04   -1.3300E-04   
1.8942E-04   -3.2740E-04   
5.3852E-04   -1.6296E-04   
1.8936E-04   -3.2863E-04   
1.9052E-04   -3.2982E-04   
5.0640E-04   -1.7867E-04   
8.2152E-04   -3.7233E-05   
1.9874E-04   -3.3425E-04   
1.9255E-04   -3.3110E-04   
8.2094E-04   -3.2719E-05   
1.9529E-04   -3.3256E-04   
8.5660E-04   -2.2051E-05   
1.8941E-04   -3.5735E-04   
1.8866E-04   -3.4866E-04   
2.0020E-04   -3.5981E-04   
2.0353E-04   -3.3587E-04   
7.9920E-04   -4.1485E-05   
8.6931E-04   -3.7555E-05   
8.4397E-04   -3.4041E-05   
2.0367E-04   -3.6449E-04   
2.3411E-04   -3.8526E-04   
2.6414E-04   -4.1425E-04   
1.0876E-03   -5.1087E-05   
8.8351E-04   -4.0176E-05   
2.2442E-04   -3.7922E-04   
9.9235E-04   -4.3721E-05   
2.7703E-04   -4.3199E-04   
1.0179E-03   -4.8077E-05   
2.6092E-04   -4.6466E-04   
1.9418E-04   -3.7794E-04   
1.1596E-03   -5.5065E-05   
9.2816E-04   -3.6404E-05   
1.2998E-03   -2.4816E-05   
2.9670E-04   -4.8812E-04   
2.0828E-04   -3.1884E-04   
7.8977E-04   -5.0490E-05   
2.5520E-04   -2.9878E-04   
2.8117E-04   -2.8688E-04   
3.0825E-04   -2.7402E-04   
4.2479E-04   -2.1573E-04   
7.7248E-04   -5.4647E-05   
2.2345E-04   -3.1276E-04   
7.4677E-04   -6.4423E-05   
4.5556E-04   -2.0014E-04   
3.3643E-04   -2.6023E-04   
7.2153E-04   -7.4660E-05   
3.6547E-04   -2.4574E-04   
3.9496E-04   -2.3087E-04   
6.4090E-04   -1.0976E-04   
6.9574E-04   -8.5441E-05   
6.6884E-04   -9.7109E-05   
2.1386E-04   -3.1681E-04   
5.5083E-04   -1.5264E-04   
6.1185E-04   -1.2329E-04   
5.8180E-04   -1.3761E-04   
8.4700E-04   -2.6582E-05   
2.1099E-04   -3.1878E-04   
4.8713E-04   -1.8424E-04   
2.1190E-04   -3.1961E-04   
5.1905E-04   -1.6830E-04   
8.0098E-04   -3.9666E-05   
2.2032E-04   -3.2294E-04   
2.1394E-04   -3.2049E-04   
2.2491E-04   -3.2439E-04   
2.1677E-04   -3.2158E-04   
2.3630E-04   -3.5011E-04   
7.9481E-04   -4.5340E-05   
8.2382E-04   -3.2667E-05   
2.0977E-04   -3.3743E-04   
8.8177E-04   -1.5384E-05   
2.4902E-04   -3.6442E-04   
8.3358E-04   -3.3372E-05   
9.1927E-04   -4.5293E-05   
8.9983E-04   -4.2776E-05   
8.5472E-04   -4.6646E-05   
8.4124E-04   -4.4096E-05   
9.7778E-04   -5.3715E-05   
8.2899E-04   -4.2160E-05   
2.1519E-04   -3.7494E-04   
2.7414E-04   -3.7809E-04   
1.9535E-04   -3.5032E-04   
2.2082E-04   -3.4796E-04   
2.8446E-04   -3.9786E-04   
1.0273E-03   -5.6820E-05   
2.8414E-04   -4.1883E-04   
2.2005E-04   -3.6567E-04   
1.1224E-03   -6.4031E-05   
2.7433E-04   -4.7813E-04   
1.3498E-03   -1.3062E-05   
3.1236E-04   -4.3250E-04   
1.2970E-03   -3.4152E-05   
1.0872E-03   -6.1862E-05   
9.7109E-04   -4.0537E-05   
3.0633E-04   -4.4743E-04   
2.3075E-04   -3.0950E-04   
2.6734E-04   -2.9266E-04   
2.9315E-04   -2.8032E-04   
4.3774E-04   -2.0661E-04   
7.5990E-04   -5.6338E-05   
3.2027E-04   -2.6688E-04   
4.0770E-04   -2.2213E-04   
7.3334E-04   -6.7116E-05   
3.4897E-04   -2.5235E-04   
3.7822E-04   -2.3735E-04   
7.0821E-04   -7.7336E-05   
5.6378E-04   -1.4306E-04   
6.5301E-04   -1.0102E-04   
6.8139E-04   -8.8532E-05   
6.2389E-04   -1.1441E-04   
2.3090E-04   -3.0963E-04   
5.9424E-04   -1.2838E-04   
7.8167E-04   -4.8720E-05   
4.6881E-04   -1.9063E-04   
5.3232E-04   -1.5854E-04   
2.3353E-04   -3.0907E-04   
5.0048E-04   -1.7450E-04   
2.3570E-04   -3.0938E-04   
2.4659E-04   -3.1225E-04   
2.4206E-04   -3.1105E-04   
7.8087E-04   -4.7386E-05   
2.3846E-04   -3.1008E-04   
8.0284E-04   -3.9125E-05   
8.6756E-04   -2.2175E-05   
2.3009E-04   -3.2608E-04   
8.1826E-04   -4.0901E-05   
8.2458E-04   -5.3957E-05   
2.1280E-04   -3.4609E-04   
8.2419E-04   -3.4190E-05   
8.1207E-04   -5.1566E-05   
8.3810E-04   -5.7036E-05   
2.8089E-04   -3.5853E-04   
9.4192E-04   -4.7406E-05   
8.8724E-04   -5.2690E-05   
2.1937E-04   -3.3862E-04   
9.3829E-04   -5.8221E-05   
3.1471E-04   -4.0134E-04   
2.5977E-04   -3.9406E-04   
2.9797E-04   -3.6079E-04   
2.5933E-04   -3.5088E-04   
1.0859E-03   -7.3486E-05   
1.1589E-03   -6.6150E-05   
3.2479E-04   -4.1454E-04   
3.0910E-04   -4.6076E-04   
1.3308E-03   -2.8416E-05   
3.4128E-04   -4.3337E-04   
2.4205E-04   -3.0441E-04   
2.8102E-04   -2.8587E-04   
4.2119E-04   -2.1353E-04   
3.0477E-04   -2.7398E-04   
7.4222E-04   -6.2053E-05   
4.5148E-04   -1.9769E-04   
3.3326E-04   -2.5943E-04   
3.9169E-04   -2.2899E-04   
7.2107E-04   -7.0329E-05   
5.7729E-04   -1.3428E-04   
3.6235E-04   -2.4433E-04   
5.4628E-04   -1.4941E-04   
2.5654E-04   -2.9773E-04   
6.9601E-04   -8.0571E-05   
6.3608E-04   -1.0664E-04   
6.0708E-04   -1.2010E-04   
2.5877E-04   -2.9744E-04   
5.1453E-04   -1.6528E-04   
4.8275E-04   -1.8149E-04   
7.8155E-04   -4.6440E-05   
8.0978E-04   -4.0270E-05   
2.6851E-04   -2.9955E-04   
2.6068E-04   -2.9805E-04   
2.3807E-04   -3.3619E-04   
2.6403E-04   -2.9869E-04   
8.0500E-04   -3.9690E-05   
2.5168E-04   -3.1383E-04   
3.1413E-04   -3.4609E-04   
7.9345E-04   -6.2216E-05   
2.3429E-04   -3.2826E-04   
8.0592E-04   -6.5159E-05   
8.0075E-04   -4.9848E-05   
8.5337E-04   -6.0691E-05   
2.8662E-04   -3.4830E-04   
3.8485E-04   -4.2362E-04   
3.2202E-04   -3.6244E-04   
9.5804E-04   -6.5204E-05   
9.0923E-04   -5.5625E-05   
1.1583E-03   -7.7437E-05   
2.7158E-04   -3.3908E-04   
3.4711E-04   -4.4364E-04   
1.0510E-03   -7.1061E-05   
1.1962E-03   -5.7600E-05   
3.5497E-04   -3.9597E-04   
3.0978E-04   -3.7861E-04   
3.2609E-04   -3.8545E-04   
1.0836E-03   -8.6097E-05   
7.6024E-04   -5.4549E-05   
4.3528E-04   -2.0523E-04   
4.0574E-04   -2.2086E-04   
2.8629E-04   -2.8331E-04   
6.8762E-04   -8.3240E-05   
7.8497E-04   -4.7707E-05   
3.1783E-04   -2.6719E-04   
5.6094E-04   -1.4100E-04   
7.3592E-04   -6.3553E-05   
5.9132E-04   -1.2637E-04   
7.0968E-04   -7.4079E-05   
3.4704E-04   -2.5190E-04   
5.2937E-04   -1.5663E-04   
4.6589E-04   -1.8915E-04   
4.9745E-04   -1.7282E-04   
2.8387E-04   -2.8548E-04   
6.4527E-04   -1.0158E-04   
6.2025E-04   -1.1286E-04   
2.9055E-04   -2.8651E-04   
2.8628E-04   -2.8604E-04   
2.5568E-04   -3.1667E-04   
2.7377E-04   -3.0080E-04   
7.8264E-04   -4.6647E-05   
2.9903E-04   -3.2506E-04   
7.9089E-04   -4.8765E-05   
7.7337E-04   -7.4113E-05   
2.9525E-04   -3.3570E-04   
7.8177E-04   -6.0067E-05   
8.1911E-04   -6.8963E-05   
1.0150E-03   -6.8299E-05   
8.7229E-04   -6.4418E-05   
3.3956E-04   -3.4631E-04   
2.5541E-04   -3.2304E-04   
2.4736E-04   -3.3815E-04   
9.9522E-04   -6.0489E-05   
9.2107E-04   -7.2122E-05   
3.4733E-04   -3.6185E-04   
3.9092E-04   -4.3793E-04   
4.0292E-04   -4.0341E-04   
3.2471E-04   -3.3183E-04   
1.0540E-03   -5.9410E-05   
1.1216E-03   -8.7252E-05   
1.1949E-03   -6.8195E-05   
1.2299E-03   -5.1040E-05   
3.5561E-04   -3.6913E-04   
3.9519E-04   -3.8304E-04   
6.9717E-04   -7.9088E-05   
3.9061E-04   -2.2895E-04   
4.1954E-04   -2.1351E-04   
7.5998E-04   -5.5556E-05   
6.3605E-04   -1.0555E-04   
6.0660E-04   -1.1902E-04   
7.1877E-04   -7.0351E-05   
4.4964E-04   -1.9755E-04   
5.7641E-04   -1.3329E-04   
5.4511E-04   -1.4857E-04   
3.6216E-04   -2.4416E-04   
5.1304E-04   -1.6467E-04   
4.8100E-04   -1.8114E-04   
3.0543E-04   -2.7400E-04   
3.0854E-04   -2.7345E-04   
3.1244E-04   -2.7348E-04   
2.9599E-04   -2.8729E-04   
2.7872E-04   -3.0306E-04   
3.3198E-04   -2.6027E-04   
7.5974E-04   -5.4503E-05   
7.5062E-04   -6.9734E-05   
6.6731E-04   -9.1638E-05   
7.6144E-04   -7.1567E-05   
2.9668E-04   -3.1835E-04   
2.7215E-04   -3.2348E-04   
3.8362E-04   -3.5117E-04   
7.8573E-04   -7.7457E-05   
2.8236E-04   -3.0693E-04   
7.5914E-04   -5.8673E-05   
3.5921E-04   -3.2798E-04   
8.3294E-04   -7.4057E-05   
3.3467E-04   -3.1623E-04   
9.4233E-04   -7.6028E-05   
9.8672E-04   -7.9456E-05   
8.9626E-04   -6.7961E-05   
1.2661E-03   -5.0861E-05   
4.1808E-04   -3.6435E-04   
3.9946E-04   -3.5776E-04   
4.3506E-04   -4.0498E-04   
1.0851E-03   -9.8724E-05   
4.0288E-04   -4.5201E-04   
1.1562E-03   -8.8887E-05   
1.2326E-03   -5.9815E-05   
7.1312E-04   -7.3243E-05   
4.0365E-04   -2.2281E-04   
3.7558E-04   -2.3780E-04   
6.2339E-04   -1.1201E-04   
7.3704E-04   -6.3430E-05   
5.9303E-04   -1.2613E-04   
4.3349E-04   -2.0692E-04   
5.6197E-04   -1.4107E-04   
4.6487E-04   -1.9036E-04   
5.2978E-04   -1.5701E-04   
3.3375E-04   -2.6086E-04   
4.9713E-04   -1.7361E-04   
3.1811E-04   -2.7356E-04   
6.8481E-04   -8.5007E-05   
7.2868E-04   -8.2151E-05   
3.5235E-04   -2.5017E-04   
3.0682E-04   -2.9189E-04   
3.2474E-04   -2.7424E-04   
3.1226E-04   -3.0441E-04   
6.5404E-04   -9.8222E-05   
7.4079E-04   -8.3940E-05   
9.4738E-04   -8.6203E-05   
7.3431E-04   -6.6080E-05   
7.5290E-04   -8.6611E-05   
3.3018E-04   -3.0631E-04   
7.9706E-04   -8.2112E-05   
8.5387E-04   -7.8511E-05   
7.4032E-04   -6.8964E-05   
4.4492E-04   -3.4482E-04   
3.6379E-04   -3.1400E-04   
4.0429E-04   -3.1398E-04   
9.7431E-04   -7.2387E-05   
1.2789E-03   -6.1969E-05   
4.2761E-04   -3.3747E-04   
8.8163E-04   -8.1980E-05   
9.7869E-04   -9.0935E-05   
1.0483E-03   -1.1333E-04   
4.4445E-04   -3.6915E-04   
4.5288E-04   -3.8376E-04   
1.0357E-03   -9.9500E-05   
1.2936E-03   -4.2539E-05   
1.1951E-03   -7.9070E-05   
3.4897E-04   -4.7326E-04   
3.6334E-04   -3.4785E-04   
3.8667E-04   -2.3353E-04   
3.5899E-04   -2.4804E-04   
6.1094E-04   -1.1949E-04   
7.0475E-04   -7.8573E-05   
5.7997E-04   -1.3417E-04   
4.4842E-04   -2.0082E-04   
3.3940E-04   -2.6022E-04   
5.4771E-04   -1.4992E-04   
3.3134E-04   -2.7622E-04   
4.8119E-04   -1.8367E-04   
3.1077E-04   -2.9656E-04   
5.1449E-04   -1.6658E-04   
6.4167E-04   -1.0545E-04   
3.4712E-04   -2.5961E-04   
7.0628E-04   -9.5761E-05   
7.3006E-04   -6.9999E-05   
6.7203E-04   -9.2102E-05   
7.1826E-04   -8.0732E-05   
7.2351E-04   -9.5223E-05   
7.6558E-04   -8.9901E-05   
4.7602E-04   -3.2377E-04   
3.7724E-04   -2.9844E-04   
4.1982E-04   -3.1829E-04   
3.9028E-04   -3.1018E-04   
9.0101E-04   -9.9276E-05   
1.1893E-03   -8.9913E-05   
4.6376E-04   -4.0852E-04   
3.5003E-04   -2.8926E-04   
4.0527E-04   -3.3346E-04   
8.6902E-04   -9.6664E-05   
1.0107E-03   -9.2069E-05   
1.3083E-03   -4.9153E-05   
1.2420E-03   -8.0823E-05   
1.0616E-03   -1.2466E-04   
5.0566E-04   -3.6806E-04   
3.9373E-04   -4.7309E-04   
8.3773E-04   -9.4239E-05   
3.1613E-04   -4.7162E-04   
5.9902E-04   -1.2788E-04   
7.1060E-04   -7.9532E-05   
6.2990E-04   -1.1345E-04   
5.6706E-04   -1.4330E-04   
4.6496E-04   -1.9497E-04   
3.6791E-04   -2.4584E-04   
2.8632E-04   -3.1095E-04   
3.3655E-04   -2.8020E-04   
6.6044E-04   -9.9680E-05   
3.5644E-04   -2.5961E-04   
6.9433E-04   -9.4208E-05   
4.1664E-04   -2.1766E-04   
4.9917E-04   -1.7727E-04   
4.5548E-04   -3.1432E-04   
4.2481E-04   -2.9684E-04   
7.3001E-04   -1.0002E-04   
4.0165E-04   -2.9690E-04   
3.4055E-04   -2.8579E-04   
3.6333E-04   -2.9015E-04   
3.5927E-04   -2.9873E-04   
4.5075E-04   -2.9870E-04   
4.8913E-04   -3.3459E-04   
9.3437E-04   -1.0277E-04   
1.1486E-03   -1.0291E-04   
8.5586E-04   -1.1224E-04   
6.6480E-04   -1.1079E-04   
7.9389E-04   -1.0898E-04   
9.7423E-04   -1.0680E-04   
5.1352E-04   -3.9271E-04   
4.2243E-04   -4.2087E-04   
8.2526E-04   -1.0996E-04   
1.0472E-03   -8.3659E-05   
5.3270E-04   -3.7259E-04   
4.8363E-04   -3.6361E-04   
1.1091E-03   -1.2059E-04   
1.0127E-03   -1.3011E-04   
6.1883E-04   -1.2205E-04   
5.8866E-04   -1.3660E-04   
6.8355E-04   -9.3063E-05   
3.6432E-04   -2.6219E-04   
6.8616E-04   -8.8322E-05   
6.4932E-04   -1.0801E-04   
5.5548E-04   -1.5307E-04   
3.7938E-04   -2.4367E-04   
4.8369E-04   -1.8914E-04   
5.1936E-04   -1.7104E-04   
4.6470E-04   -2.8009E-04   
4.4012E-04   -2.8011E-04   
3.9880E-04   -2.2982E-04   
3.6797E-04   -2.7531E-04   
3.6744E-04   -2.6843E-04   
3.8659E-04   -2.7330E-04   
4.3139E-04   -2.1265E-04   
7.4954E-04   -1.0332E-04   
6.4100E-04   -1.2753E-04   
7.8258E-04   -1.2430E-04   
3.9279E-04   -2.8139E-04   
7.5659E-04   -1.1343E-04   
5.2501E-04   -3.4826E-04   
8.8645E-04   -1.1558E-04   
5.2661E-04   -3.1213E-04   
4.1389E-04   -3.8813E-04   
5.6422E-04   -3.7522E-04   
7.0055E-04   -1.1686E-04   
8.1141E-04   -1.2600E-04   
4.9830E-04   -2.8852E-04   
5.5419E-04   -3.5247E-04   
4.9006E-04   -4.1415E-04   
1.0288E-03   -1.4104E-04   
1.1611E-03   -1.1671E-04   
6.1037E-04   -1.2969E-04   
6.3850E-04   -1.1695E-04   
4.4892E-04   -2.0728E-04   
3.9553E-04   -2.5950E-04   
5.0455E-04   -1.8353E-04   
4.3347E-04   -2.6348E-04   
3.9567E-04   -2.4119E-04   
6.5509E-04   -1.3087E-04   
4.1408E-04   -2.2572E-04   
4.0198E-04   -2.4699E-04   
7.7832E-04   -9.1924E-05   
5.4283E-04   -1.6480E-04   
6.6594E-04   -1.0431E-04   
4.5606E-04   -2.6271E-04   
7.6842E-04   -1.4054E-04   
4.8036E-04   -2.6235E-04   
7.5839E-04   -1.2354E-04   
3.7460E-04   -4.0074E-04   
6.0600E-04   -3.7509E-04   
8.4021E-04   -1.2893E-04   
4.3846E-04   -4.2849E-04   
5.5492E-04   -2.7269E-04   
5.4050E-04   -3.2617E-04   
7.1278E-04   -1.2376E-04   
9.1787E-04   -1.1999E-04   
5.1917E-04   -4.2060E-04   
5.6492E-04   -2.8803E-04   
5.7699E-04   -3.3074E-04   
5.4713E-04   -3.9650E-04   
9.7770E-04   -1.4808E-04   
4.8939E-04   -2.7931E-04   
1.2161E-03   -1.1145E-04   
4.6885E-04   -2.0171E-04   
4.7273E-04   -2.4449E-04   
5.8466E-04   -1.4430E-04   
4.3422E-04   -2.1997E-04   
6.1133E-04   -1.4582E-04   
5.0552E-04   -2.6283E-04   
4.1670E-04   -2.6353E-04   
8.2319E-04   -1.4652E-04   
5.2616E-04   -1.7894E-04   
4.9654E-04   -2.4399E-04   
4.2516E-04   -2.2996E-04   
6.6750E-04   -1.3680E-04   
7.9543E-04   -1.4314E-04   
6.2411E-04   -1.2796E-04   
4.2209E-04   -2.5277E-04   
7.2249E-04   -1.3230E-04   
4.5722E-04   -3.5241E-04   
5.2890E-04   -2.6613E-04   
5.7785E-04   -3.0032E-04   
5.9999E-04   -3.0824E-04   
6.1168E-04   -3.3690E-04   
6.6112E-04   -3.5189E-04   
9.9566E-04   -1.6121E-04   
4.8572E-04   -4.4416E-04   
8.9811E-04   -1.3785E-04   
1.2537E-03   -9.5030E-05   
4.8942E-04   -1.9695E-04   
4.5509E-04   -2.1437E-04   
5.6947E-04   -1.5947E-04   
5.1306E-04   -2.2548E-04   
6.2244E-04   -1.5136E-04   
7.3642E-04   -1.4054E-04   
6.7952E-04   -1.4395E-04   
5.2240E-04   -2.4379E-04   
7.7914E-04   -1.6103E-04   
7.5225E-04   -1.5788E-04   
9.2945E-04   -1.5339E-04   
8.5179E-04   -1.5099E-04   
6.5212E-04   -2.9075E-04   
6.1478E-04   -2.7776E-04   
4.4853E-04   -2.4689E-04   
9.4573E-04   -1.2668E-04   
1.0731E-03   -1.3416E-04   
9.4351E-04   -1.8521E-04   
6.6359E-04   -3.3371E-04   
6.6271E-04   -3.7049E-04   
6.7068E-04   -3.1476E-04   
5.7803E-04   -2.4817E-04   
5.4443E-04   -4.3007E-04   
1.2684E-03   -1.0641E-04   
4.7416E-04   -2.1109E-04   
6.0602E-04   -1.4076E-04   
4.5672E-04   -2.3318E-04   
5.4283E-04   -1.7752E-04   
7.3068E-04   -1.7961E-04   
5.7525E-04   -1.6806E-04   
5.0954E-04   -1.9381E-04   
6.3446E-04   -1.5820E-04   
5.3848E-04   -2.2452E-04   
6.9913E-04   -1.6112E-04   
5.6755E-04   -2.2393E-04   
7.0886E-04   -1.7094E-04   
9.6437E-04   -1.3626E-04   
8.0714E-04   -1.6436E-04   
8.8308E-04   -1.5675E-04   
1.1109E-03   -1.3648E-04   
6.0482E-04   -2.6502E-04   
9.2420E-04   -1.4203E-04   
6.0226E-04   -2.5201E-04   
8.9189E-04   -1.7101E-04   
4.9077E-04   -2.2442E-04   
6.0371E-04   -2.2327E-04   
6.8735E-04   -2.9387E-04   
8.9439E-04   -1.8637E-04   
9.9682E-04   -1.7609E-04   
6.2247E-04   -2.8908E-04   
7.0864E-04   -3.1463E-04   
7.0346E-04   -3.4800E-04   
5.0592E-04   -4.5209E-04   
4.9244E-04   -2.1089E-04   
5.8254E-04   -2.0398E-04   
5.3382E-04   -1.8916E-04   
5.9097E-04   -1.7255E-04   
6.4135E-04   -2.4390E-04   
5.5322E-04   -2.0629E-04   
6.7912E-04   -1.9202E-04   
7.6931E-04   -1.7638E-04   
7.5195E-04   -3.3530E-04   
8.5195E-04   -1.8857E-04   
4.4041E-04   -2.2780E-04   
6.3316E-04   -2.2994E-04   
8.3340E-04   -1.6931E-04   
6.4936E-04   -1.6442E-04   
6.6160E-04   -1.8296E-04   
7.0693E-04   -2.7228E-04   
4.9290E-04   -4.7041E-04   
7.2492E-04   -2.9629E-04   
8.9128E-04   -2.0124E-04   
1.0317E-03   -1.6347E-04   
6.9191E-04   -1.5147E-04   
4.2884E-04   -2.4070E-04   
5.2844E-04   -2.0986E-04   
6.1348E-04   -2.0328E-04   
5.5898E-04   -1.9264E-04   
7.8833E-04   -1.8283E-04   
6.2824E-04   -1.8413E-04   
6.4856E-04   -2.1076E-04   
5.5693E-04   -1.8462E-04   
8.5625E-04   -2.2026E-04   
5.2650E-04   -2.0178E-04   
1.0754E-03   -1.5680E-04   
8.4926E-04   -2.0534E-04   
6.6877E-04   -2.6823E-04   
6.4107E-04   -2.0241E-04   
7.8563E-04   -3.1289E-04   
4.3725E-04   -4.9087E-04   
6.6589E-04   -1.6863E-04   
7.0224E-04   -2.4328E-04   
7.4178E-04   -1.9422E-04   
7.6273E-04   -2.0546E-04   
7.3182E-04   -2.4897E-04   
8.7163E-04   -2.3358E-04   
6.7159E-04   -2.2616E-04   
7.6572E-04   -2.9976E-04   
8.0340E-04   -3.2280E-04   
7.5346E-04   -2.2645E-04   
6.8370E-04   -2.3491E-04   
8.5090E-04   -3.2120E-04   
7.6281E-04   -2.5527E-04   
8.5522E-04   -1.7460E-04   
9.3122E-04   -2.2210E-04   
8.1646E-04   -2.4286E-04   
7.1163E-04   -2.1534E-04   
8.0486E-04   -2.0703E-04   
7.4063E-04   -2.7627E-04   
8.2689E-04   -2.5694E-04   
9.7709E-04   -1.9590E-04   
9.0140E-04   -2.9589E-04   
7.8481E-04   -2.6183E-04   
7.2268E-04   -2.2504E-04   
8.2471E-04   -2.7528E-04   
8.7151E-04   -2.7455E-04   
9.3173E-04   -2.5399E-04   
9.5342E-04   -2.3236E-04   
9.1497E-04   -2.7627E-04   
4.4892E-05   -5.8340E-04   
8.1967E-04   -2.9231E-04   
7.7279E-04   -3.4644E-04   
1.3475E-03   -4.8698E-05   
1.0129E-04   -4.8952E-04   
1.4701E-03   -7.2593E-06   
1.3212E-03   -1.0119E-04   
8.1554E-05   -5.9010E-04   
3.9038E-04   -4.9206E-04   
9.2068E-04   -3.0699E-04   
1.3702E-03   -2.5931E-05   
1.2464E-04   -5.8499E-04   
4.3848E-04   -4.5502E-04   
1.7701E-04   -5.7767E-04   
2.3050E-04   -5.6968E-04   
2.8389E-04   -5.6011E-04   
3.3899E-04   -5.4915E-04   
1.5171E-03   -6.6418E-06   
3.9524E-04   -5.3708E-04   
4.5427E-04   -5.2320E-04   
1.2869E-03   -8.2534E-05   
5.1511E-04   -5.0883E-04   
1.5656E-03   -6.4008E-06   
5.7690E-04   -4.9375E-04   
6.4048E-04   -4.7807E-04   
9.8522E-04   -2.1259E-04   
7.1225E-04   -4.5932E-04   
1.6165E-03   -5.9353E-06   
1.1217E-03   -9.7371E-05   
7.6957E-04   -4.5055E-04   
5.7505E-04   -3.5856E-04   
2.9693E-04   -5.1994E-04   
1.2963E-03   -7.1941E-05   
8.3636E-04   -4.2887E-04   
9.1136E-04   -4.1350E-04   
1.6691E-03   -5.2541E-06   
9.8127E-04   -3.9775E-04   
6.0847E-04   -4.1567E-04   
1.0589E-03   -3.7865E-04   
1.1194E-03   -3.6979E-04   
1.7236E-03   -4.5637E-06   
1.1896E-03   -3.4760E-04   
1.2688E-03   -3.2886E-04   
1.3109E-04   -5.5588E-04   
1.3430E-03   -3.0874E-04   
1.7864E-03   -4.1246E-06   
1.3891E-03   -1.6173E-05   
6.5018E-04   -3.9141E-04   
1.4234E-03   -2.8337E-04   
1.5002E-03   -2.6056E-04   
1.2325E-03   -1.2096E-04   
1.8563E-03   -2.2360E-06   
1.1241E-03   -1.4901E-04   
1.0351E-03   -1.7554E-04   
1.6513E-03   -2.0416E-04   
1.9314E-03   -3.2379E-05   
1.9452E-03   -3.2274E-05   
1.9377E-03   -9.1822E-06   
1.9436E-03   -3.8345E-06   
1.9333E-03   -2.0569E-05   
5.3035E-04   -4.7347E-04   
1.8202E-03   -1.1814E-04   
1.5186E-04   -5.6670E-04   
1.1621E-03   -1.5172E-04   
1.0945E-03   -1.6975E-04   
2.6710E-04   -5.3818E-04   
1.0255E-03   -2.1180E-04   
3.4491E-04   -5.1092E-04   
1.3838E-03   -4.0991E-05   
9.6720E-04   -2.5728E-04   
1.3576E-03   -8.5257E-05   
3.8285E-04   -5.1184E-04   
6.8133E-04   -3.9886E-04   
2.6273E-04   -5.5154E-04   
7.5326E-04   -3.7145E-04   
3.7359E-04   -5.2905E-04   
1.2204E-03   -1.3572E-04   
1.3212E-03   -2.9678E-04   
9.6101E-04   -3.8554E-04   
4.9412E-04   -4.9839E-04   
6.2624E-04   -4.2715E-04   
6.1867E-04   -4.6767E-04   
6.0392E-04   -4.5234E-04   
1.5893E-03   -1.2475E-05   
9.8742E-04   -2.9352E-04   
1.4115E-03   -2.3190E-05   
1.3375E-03   -1.1054E-04   
1.4956E-03   -1.2927E-05   
1.7787E-03   -8.9031E-06   
8.7725E-04   -3.3143E-04   
1.0832E-03   -3.5524E-04   
1.3177E-03   -5.4924E-05   
1.3363E-03   -7.4687E-05   
9.8970E-04   -2.2263E-04   
7.1966E-04   -3.5440E-04   
1.8984E-03   -8.9457E-07   
1.5786E-03   -2.3253E-04   
7.3186E-04   -4.3716E-04   
1.4412E-03   -2.6036E-04   
1.9475E-03   -2.1874E-05   
1.9564E-03   -2.0100E-06   
1.9535E-03   -5.6407E-06   
1.9497E-03   -1.3215E-05   
1.1977E-03   -3.2513E-04   
8.4149E-04   -4.0558E-04   
1.6929E-03   -9.8534E-06   
1.7191E-03   -1.4839E-04   
1.8644E-03   -6.5215E-06   
1.8115E-03   -1.0791E-04   
1.8522E-03   -4.7364E-05   
1.8731E-03   -9.1072E-06   
1.8637E-03   -2.0380E-05   
1.8406E-03   -7.3726E-05   
1.2101E-03   -1.5348E-04   
9.4604E-04   -3.7254E-04   
1.3986E-03   -3.1815E-05   
1.4466E-03   -2.6661E-05   
1.5608E-03   -1.9880E-05   
1.6951E-04   -5.5189E-04   
8.5664E-04   -3.5589E-04   
1.0835E-03   -1.9274E-04   
6.5827E-04   -4.4499E-04   
1.3927E-03   -5.0350E-05   
1.6634E-03   -1.6236E-05   
1.5534E-03   -2.2614E-04   
4.7717E-04   -4.8915E-04   
8.9481E-04   -3.8340E-04   
7.1184E-04   -4.2946E-04   
1.0678E-03   -3.4466E-04   
7.9373E-04   -3.7090E-04   
1.2680E-03   -2.9828E-04   
1.0280E-03   -2.4567E-04   
7.8043E-04   -4.1111E-04   
1.3206E-03   -1.2732E-04   
1.3750E-03   -9.5665E-05   
1.1385E-03   -3.2907E-04   
1.0371E-03   -2.6532E-04   
1.7225E-03   -1.3807E-05   
1.0078E-03   -3.0807E-04   
1.6120E-03   -1.8003E-05   
7.4121E-04   -3.9293E-04   
1.3765E-03   -6.2573E-05   
1.0061E-03   -3.5892E-04   
1.0672E-03   -2.1756E-04   
1.5014E-03   -2.1332E-05   
1.3924E-03   -7.0673E-05   
1.7758E-03   -7.2181E-05   
1.8053E-03   -1.5667E-05   
1.7944E-03   -3.2866E-05   
1.8158E-03   -9.1059E-06   
1.2607E-03   -1.3744E-04   
1.6222E-03   -1.8732E-04   
1.7343E-03   -1.2299E-04   
1.8603E-03   -1.6893E-05   
1.8446E-03   -6.3147E-05   
1.8464E-03   -3.2756E-05   
1.8389E-03   -3.9595E-05   
9.8779E-04   -3.4688E-04   
7.4213E-04   -4.0830E-04   
1.6824E-03   -2.0941E-05   
1.4970E-03   -2.3781E-04   
8.5859E-04   -3.7917E-04   
1.0530E-03   -2.8100E-04   
9.6659E-04   -3.3547E-04   
1.4315E-03   -8.9312E-05   
1.4807E-03   -3.0862E-05   
1.2144E-03   -3.0137E-04   
1.5859E-03   -2.4738E-05   
1.7880E-03   -4.4203E-05   
1.8108E-03   -2.2697E-05   
1.4465E-03   -6.5252E-05   
1.2003E-03   -1.7267E-04   
1.4434E-03   -4.7025E-05   
1.1357E-03   -1.9386E-04   
1.7722E-03   -5.8139E-05   
1.6451E-03   -1.5478E-04   
1.3689E-03   -1.2556E-04   
1.3404E-03   -2.7059E-04   
1.0870E-03   -2.4044E-04   
9.0897E-04   -3.5142E-04   
1.1111E-03   -3.1860E-04   
1.3321E-03   -1.3903E-04   
1.7748E-03   -1.3970E-05   
1.6088E-03   -1.7906E-04   
1.7444E-03   -9.7428E-05   
1.2276E-03   -2.7627E-04   
1.1535E-03   -2.3074E-04   
1.3229E-03   -1.5521E-04   
1.4239E-03   -1.1677E-04   
1.1546E-03   -2.9244E-04   
1.0289E-03   -3.2082E-04   
1.7007E-03   -2.4941E-05   
1.5705E-03   -1.8260E-04   
1.5905E-03   -3.2684E-05   
1.6508E-03   -2.8679E-05   
1.0915E-03   -3.0678E-04   
1.4805E-03   -5.1216E-05   
1.4847E-03   -3.9466E-05   
1.4672E-03   -7.3823E-05   
1.0774E-03   -2.2982E-04   
1.1132E-03   -2.6969E-04   
1.4540E-03   -9.7871E-05   
1.3581E-03   -2.4777E-04   
1.2521E-03   -1.7323E-04   
1.1900E-03   -1.9266E-04   
1.1479E-03   -2.4937E-04   
1.3813E-03   -1.4592E-04   
1.4182E-03   -1.3121E-04   
1.3942E-03   -2.6521E-04   
1.4884E-03   -8.1724E-05   
1.1333E-03   -2.8120E-04   
1.7498E-03   -2.0783E-05   
1.5324E-03   -4.0979E-05   
1.5007E-03   -6.0389E-05   
1.4919E-03   -2.1111E-04   
1.5729E-03   -4.3629E-05   
1.1867E-03   -2.0862E-04   
1.2913E-03   -1.7544E-04   
1.4310E-03   -1.4164E-04   
1.1711E-03   -2.5708E-04   
1.5582E-03   -5.4609E-05   
1.6056E-03   -1.5613E-04   
1.4786E-03   -1.0300E-04   
1.5448E-03   -7.3707E-05   
1.4638E-03   -2.3789E-04   
1.6754E-03   -3.2581E-05   
1.2243E-03   -2.1160E-04   
1.2885E-03   -1.9077E-04   
1.7716E-03   -2.3943E-05   
1.5278E-03   -9.5746E-05   
1.7076E-03   -3.5198E-05   
1.2333E-03   -2.4159E-04   
1.5693E-03   -6.2273E-05   
1.6468E-03   -4.1846E-05   
1.5657E-03   -7.9518E-05   
1.3443E-03   -1.8692E-04   
1.6021E-03   -4.5994E-05   
1.4096E-03   -1.6394E-04   
1.5048E-03   -1.2482E-04   
1.6114E-03   -6.2917E-05   
1.5298E-03   -1.3379E-04   
1.2550E-03   -2.5094E-04   
1.4615E-03   -1.6035E-04   
1.2758E-03   -2.1367E-04   
1.3958E-03   -1.8426E-04   
1.6607E-03   -4.7586E-05   
1.7641E-03   -3.2043E-05   
1.5719E-03   -1.3264E-04   
1.5158E-03   -1.5419E-04   
1.6769E-03   -5.2812E-05   
1.2988E-03   -2.2703E-04   
1.3719E-03   -2.0851E-04   
1.6484E-03   -6.3618E-05   
1.6343E-03   -1.1781E-04   
1.5108E-03   -1.7195E-04   
1.7337E-03   -4.3423E-05   
1.6463E-03   -7.1993E-05   
1.6307E-03   -1.3356E-04   
1.7594E-03   -4.5306E-05   
1.5696E-03   -1.5781E-04   
1.5867E-03   -8.5051E-05   
1.5488E-03   -1.0302E-04   
1.5766E-03   -1.0867E-04   
1.6463E-03   -9.1192E-05   
