51 
1844 
2.5695E-03   -2.8469E-03   
4.8876E-03   -2.4093E-03   
6.7244E-03   -1.7389E-03   
7.9035E-03   -9.0805E-04   
1.1072E-36   -2.9841E-03   
8.3015E-03   -5.7182E-37   
8.4874E-03   -3.0246E-35   
8.7913E-03   -3.0864E-37   
9.4585E-03   1.2584E-35   
1.0063E-02   1.8502E-35   
1.0831E-02   3.9211E-35   
1.1768E-02   5.4064E-35   
1.2489E-02   6.5454E-35   
1.3715E-02   9.9520E-35   
1.4629E-02   1.2070E-34   
1.5618E-02   1.0594E-34   
1.6139E-02   1.6390E-34   
1.7233E-02   2.4270E-34   
1.8395E-02   3.5308E-34   
1.9000E-02   -1.7778E-30   
1.9000E-02   -2.4550E-34   
1.9000E-02   -2.4550E-34   
1.9000E-02   -2.4550E-34   
1.9000E-02   -2.4550E-34   
1.9000E-02   -2.4550E-34   
1.9000E-02   -2.4550E-34   
1.9000E-02   -2.4550E-34   
1.9000E-02   -2.4550E-34   
1.9000E-02   -2.4550E-34   
1.9000E-02   -2.4550E-34   
1.9000E-02   -2.4550E-34   
1.9000E-02   -2.4550E-34   
1.7851E-02   -8.2223E-04   
1.5977E-02   -1.8769E-03   
1.5187E-02   -2.2398E-03   
1.4433E-02   -2.5391E-03   
1.2981E-02   -3.0212E-03   
1.2273E-02   -3.2230E-03   
1.0882E-02   -3.5783E-03   
1.0198E-02   -3.7409E-03   
8.8531E-03   -4.0503E-03   
7.5450E-03   -4.3498E-03   
6.9078E-03   -4.4987E-03   
5.6734E-03   -4.7908E-03   
4.5008E-03   -5.0692E-03   
3.9395E-03   -5.1989E-03   
2.8684E-03   -5.4298E-03   
1.8616E-03   -5.6065E-03   
9.0995E-04   -5.7163E-03   
1.5370E-36   -5.7492E-03   
3.5516E-34   -5.4469E-03   
3.7351E-34   -5.1584E-03   
3.5189E-34   -4.7754E-03   
3.3359E-34   -4.5554E-03   
2.9372E-34   -4.1969E-03   
2.6794E-34   -3.9928E-03   
2.4135E-34   -3.7939E-03   
2.1932E-34   -3.6335E-03   
2.1456E-34   -3.4936E-03   
1.9469E-03   -3.0379E-03   
1.8256E-02   -7.2694E-05   
1.7476E-02   -1.5199E-04   
1.6347E-02   -2.6281E-04   
1.5422E-02   -3.5750E-04   
1.4527E-02   -4.7543E-04   
1.3517E-02   -5.4578E-04   
1.2691E-02   -5.7460E-04   
1.1670E-02   -6.6308E-04   
1.0656E-02   -7.1773E-04   
9.6482E-03   -7.6574E-04   
8.6480E-03   -8.0859E-04   
7.6065E-03   -8.7715E-04   
6.5353E-03   -1.0508E-03   
5.0711E-03   -1.5166E-03   
3.5788E-03   -2.2429E-03   
5.3127E-03   -1.7672E-03   
6.3341E-03   -8.7944E-04   
7.3246E-03   -5.5718E-04   
8.2614E-03   -4.7155E-04   
9.1619E-03   -4.5984E-04   
1.0018E-02   -4.6410E-04   
1.0996E-02   -4.2578E-04   
1.1906E-02   -3.9488E-04   
1.2753E-02   -3.5501E-04   
1.3627E-02   -3.5741E-04   
1.4578E-02   -2.8314E-04   
1.5493E-02   -2.2330E-04   
1.6389E-02   -1.7976E-04   
1.7337E-02   -1.0445E-04   
1.8160E-02   -4.4042E-05   
7.7747E-03   -3.9345E-04   
8.2525E-03   -1.8603E-04   
8.7971E-03   -1.7477E-04   
9.5516E-03   -1.7939E-04   
1.0274E-02   -1.8266E-04   
1.1164E-02   -1.9241E-04   
1.1959E-02   -1.9754E-04   
1.2749E-02   -1.9319E-04   
1.3766E-02   -1.5530E-04   
1.4617E-02   -1.2555E-04   
1.5580E-02   -1.0780E-04   
1.6526E-02   -7.7801E-05   
1.7450E-02   -5.1046E-05   
1.8299E-02   -1.6659E-05   
1.8116E-02   -1.1292E-04   
1.7272E-02   -2.3824E-04   
1.6237E-02   -3.9984E-04   
1.5283E-02   -4.9979E-04   
1.4456E-02   -6.4251E-04   
1.3419E-02   -7.5736E-04   
1.2395E-02   -8.6108E-04   
1.1425E-02   -9.4184E-04   
1.0417E-02   -1.0402E-03   
9.4707E-03   -1.1260E-03   
8.2580E-03   -1.2608E-03   
6.9626E-03   -1.4599E-03   
5.6909E-03   -1.7342E-03   
4.3588E-03   -2.1298E-03   
2.8694E-03   -2.7411E-03   
1.4271E-03   -3.3264E-03   
1.8062E-02   -1.6749E-04   
1.7345E-02   -3.0435E-04   
1.6116E-02   -5.4223E-04   
1.5310E-02   -6.9142E-04   
1.4347E-02   -8.4058E-04   
1.3190E-02   -1.0330E-03   
1.2166E-02   -1.1383E-03   
1.1173E-02   -1.2496E-03   
1.0005E-02   -1.4114E-03   
8.9110E-03   -1.5899E-03   
7.7517E-03   -1.7837E-03   
6.5341E-03   -1.9629E-03   
5.2255E-03   -2.3248E-03   
3.9512E-03   -2.6685E-03   
2.5680E-03   -3.1568E-03   
1.2238E-03   -3.5820E-03   
1.8325E-02   -1.4643E-04   
1.7024E-02   -4.5756E-04   
1.6284E-02   -6.1935E-04   
1.5381E-02   -8.3343E-04   
1.4033E-02   -1.1062E-03   
1.3074E-02   -1.2879E-03   
1.2076E-02   -1.4368E-03   
1.0897E-02   -1.6347E-03   
9.8220E-03   -1.8283E-03   
8.6620E-03   -1.9904E-03   
7.5686E-03   -2.1784E-03   
6.1987E-03   -2.4273E-03   
4.8706E-03   -2.8463E-03   
3.6311E-03   -3.1464E-03   
2.4674E-03   -3.5247E-03   
1.2132E-03   -3.8255E-03   
1.7908E-02   -2.9956E-04   
1.7146E-02   -5.2737E-04   
1.6224E-02   -7.9980E-04   
1.5294E-02   -1.0623E-03   
1.3946E-02   -1.3768E-03   
1.2863E-02   -1.5733E-03   
1.1762E-02   -1.8253E-03   
1.0708E-02   -2.0523E-03   
9.4506E-03   -2.2235E-03   
8.4275E-03   -2.3736E-03   
7.3866E-03   -2.6395E-03   
6.0056E-03   -2.9669E-03   
4.6576E-03   -3.3116E-03   
3.4789E-03   -3.6058E-03   
2.2251E-03   -3.9080E-03   
1.1621E-03   -4.1013E-03   
1.8139E-02   -3.1703E-04   
1.7103E-02   -6.9891E-04   
1.6254E-02   -9.5930E-04   
1.4925E-02   -1.3772E-03   
1.3755E-02   -1.7266E-03   
1.2710E-02   -1.9380E-03   
1.1415E-02   -2.2210E-03   
1.0443E-02   -2.4275E-03   
9.1823E-03   -2.6286E-03   
8.0834E-03   -2.8416E-03   
6.8386E-03   -3.1160E-03   
5.8232E-03   -3.3730E-03   
4.6008E-03   -3.6881E-03   
3.3892E-03   -3.9720E-03   
2.2138E-03   -4.2314E-03   
1.0408E-03   -4.4176E-03   
1.7993E-02   -4.2746E-04   
1.6856E-02   -8.9006E-04   
1.6063E-02   -1.1753E-03   
1.4521E-02   -1.7325E-03   
1.3587E-02   -2.0069E-03   
1.2525E-02   -2.3055E-03   
1.1361E-02   -2.5344E-03   
1.0185E-02   -2.7942E-03   
8.8813E-03   -3.0880E-03   
7.7913E-03   -3.3120E-03   
6.7221E-03   -3.5314E-03   
5.6085E-03   -3.8008E-03   
4.3839E-03   -4.1425E-03   
3.3414E-03   -4.3395E-03   
2.1614E-03   -4.5839E-03   
1.0728E-03   -4.7260E-03   
1.8079E-02   -5.0826E-04   
1.7107E-02   -9.8052E-04   
1.5801E-02   -1.5163E-03   
1.4659E-02   -1.9925E-03   
1.3423E-02   -2.2877E-03   
1.2230E-02   -2.5972E-03   
1.1094E-02   -2.8905E-03   
9.9569E-03   -3.1633E-03   
8.8195E-03   -3.4300E-03   
7.5691E-03   -3.6645E-03   
6.4637E-03   -4.0075E-03   
5.3042E-03   -4.2376E-03   
4.2615E-03   -4.4506E-03   
3.1774E-03   -4.7052E-03   
2.0610E-03   -4.9350E-03   
1.1453E-03   -5.0279E-03   
1.7811E-02   -7.7118E-04   
1.6623E-02   -1.4546E-03   
1.5634E-02   -1.8444E-03   
1.4091E-02   -2.4119E-03   
1.3158E-02   -2.6876E-03   
1.1862E-02   -3.0372E-03   
1.0738E-02   -3.3372E-03   
9.7373E-03   -3.5204E-03   
8.5318E-03   -3.7863E-03   
7.3942E-03   -4.1064E-03   
6.4397E-03   -4.3024E-03   
5.2843E-03   -4.5844E-03   
4.0948E-03   -4.8588E-03   
3.0344E-03   -5.0727E-03   
2.0211E-03   -5.2562E-03   
9.0416E-04   -5.4370E-03   
3.2268E-04   -2.9942E-03   
6.4939E-04   -2.9882E-03   
9.7450E-04   -2.9767E-03   
1.2986E-03   -2.9605E-03   
1.6206E-03   -2.9395E-03   
1.9402E-03   -2.9134E-03   
2.2567E-03   -2.8824E-03   
2.8782E-03   -2.8069E-03   
3.1825E-03   -2.7626E-03   
3.4817E-03   -2.7140E-03   
3.7755E-03   -2.6612E-03   
4.0635E-03   -2.6042E-03   
4.3451E-03   -2.5431E-03   
4.6200E-03   -2.4781E-03   
5.1475E-03   -2.3367E-03   
5.3993E-03   -2.2606E-03   
5.6426E-03   -2.1813E-03   
5.8777E-03   -2.0987E-03   
6.1037E-03   -2.0132E-03   
6.3205E-03   -1.9244E-03   
6.5275E-03   -1.8329E-03   
6.9108E-03   -1.6424E-03   
7.0866E-03   -1.5435E-03   
7.2515E-03   -1.4424E-03   
7.4052E-03   -1.3391E-03   
7.5474E-03   -1.2338E-03   
7.6781E-03   -1.1268E-03   
7.7968E-03   -1.0182E-03   
7.9981E-03   -7.9651E-04   
8.0802E-03   -6.8365E-04   
8.1497E-03   -5.6937E-04   
8.2017E-03   -4.5415E-04   
8.2540E-03   -3.4102E-04   
8.2782E-03   -2.2898E-04   
8.3026E-03   -1.1117E-04   
8.3561E-03   -1.4954E-34   
8.3863E-03   -1.3908E-34   
8.4105E-03   -1.0289E-34   
8.4331E-03   -5.4497E-35   
8.4576E-03   -4.0842E-35   
8.5251E-03   -2.1640E-35   
8.5729E-03   -1.4633E-35   
8.6324E-03   -8.9227E-36   
8.7049E-03   -4.2251E-36   
8.8926E-03   2.9695E-36   
9.0095E-03   5.7278E-36   
9.1425E-03   8.1264E-36   
9.2920E-03   1.0364E-35   
9.6421E-03   1.4587E-35   
9.8434E-03   1.6571E-35   
1.0300E-02   2.0646E-35   
1.0556E-02   2.2849E-35   
1.1124E-02   4.1300E-35   
1.1436E-02   3.1108E-35   
1.2118E-02   5.8480E-35   
1.2878E-02   7.5708E-35   
1.3287E-02   8.5469E-35   
1.4163E-02   1.0303E-34   
1.5114E-02   1.3769E-34   
1.6678E-02   2.0570E-34   
1.7806E-02   2.1550E-34   
1.9000E-02   -2.4550E-34   
1.9000E-02   -2.4550E-34   
1.9000E-02   -2.4550E-34   
1.9000E-02   -2.4550E-34   
1.9000E-02   -2.4550E-34   
1.6829E-02   -1.4419E-03   
1.3701E-02   -2.7962E-03   
1.1574E-02   -3.4068E-03   
9.5215E-03   -3.8977E-03   
8.1939E-03   -4.2009E-03   
6.2835E-03   -4.6456E-03   
5.0790E-03   -4.9326E-03   
3.3954E-03   -5.3197E-03   
2.3573E-03   -5.5253E-03   
1.3793E-03   -5.6701E-03   
4.5212E-04   -5.7449E-03   
2.6376E-34   -5.5982E-03   
3.6927E-34   -5.2997E-03   
3.6185E-34   -5.0237E-03   
5.2597E-34   -4.8961E-03   
5.3081E-34   -4.6618E-03   
3.2584E-34   -4.4558E-03   
3.1700E-34   -4.3630E-03   
3.0484E-34   -4.2768E-03   
2.8450E-34   -4.1231E-03   
2.7587E-34   -4.0551E-03   
2.6123E-34   -3.9357E-03   
2.5462E-34   -3.8838E-03   
2.4766E-34   -3.8366E-03   
2.3584E-34   -3.7552E-03   
2.3085E-34   -3.7202E-03   
2.2640E-34   -3.6886E-03   
2.2255E-34   -3.6598E-03   
2.1671E-34   -3.6092E-03   
2.1476E-34   -3.5861E-03   
2.1351E-34   -3.5637E-03   
2.1304E-34   -3.5414E-03   
2.1338E-34   -3.5183E-03   
2.1650E-34   -3.4663E-03   
2.1911E-34   -3.4354E-03   
2.2275E-34   -3.3996E-03   
2.2760E-34   -3.3578E-03   
2.3521E-34   -3.3089E-03   
3.6997E-34   -3.2495E-03   
3.7307E-34   -3.1801E-03   
3.0668E-34   -3.0883E-03   
3.4787E-03   -2.6841E-03   
5.3706E-03   -2.1321E-03   
6.0788E-03   -1.8534E-03   
4.0459E-03   -2.5443E-03   
7.7088E-03   -9.5726E-04   
2.5986E-03   -2.8595E-03   
1.0725E-03   -3.0455E-03   
7.2647E-03   -1.2610E-03   
8.1246E-03   -5.4967E-04   
6.7187E-03   -1.5615E-03   
4.5941E-03   -2.3889E-03   
7.9428E-03   -7.5396E-04   
4.8601E-03   -2.3063E-03   
2.2990E-03   -2.9079E-03   
6.5162E-03   -1.6602E-03   
7.4247E-03   -1.1600E-03   
8.3253E-03   -1.5374E-04   
4.1294E-04   -3.0804E-03   
1.9968E-03   -2.9510E-03   
5.6129E-03   -2.0411E-03   
5.8470E-03   -1.9479E-03   
7.8322E-03   -8.5570E-04   
1.3841E-03   -3.0198E-03   
8.1961E-03   -4.4586E-04   
7.4759E-04   -3.0675E-03   
1.6921E-03   -2.9884E-03   
7.5728E-03   -1.0587E-03   
8.0402E-03   -6.5192E-04   
2.8956E-03   -2.8059E-03   
7.0935E-03   -1.3617E-03   
6.9113E-03   -1.4620E-03   
4.3228E-03   -2.4684E-03   
3.1891E-03   -2.7474E-03   
3.7647E-03   -2.6164E-03   
5.1193E-03   -2.2207E-03   
6.3023E-03   -1.7576E-03   
2.3870E-04   -3.2761E-03   
2.2701E-04   -3.3299E-03   
2.1863E-04   -3.3753E-03   
2.1089E-04   -3.4139E-03   
2.0489E-04   -3.4470E-03   
2.0122E-04   -3.4757E-03   
1.9920E-04   -3.5013E-03   
1.9836E-04   -3.5249E-03   
1.9846E-04   -3.5474E-03   
8.3877E-03   -7.4117E-05   
1.9941E-04   -3.5696E-03   
8.4096E-03   -5.8506E-05   
2.0119E-04   -3.5921E-03   
8.4319E-03   -4.7225E-05   
2.0378E-04   -3.6158E-03   
8.4584E-03   -3.8821E-05   
2.0713E-04   -3.6410E-03   
8.4918E-03   -3.2993E-05   
2.1118E-04   -3.6685E-03   
8.5346E-03   -2.9178E-05   
2.1590E-04   -3.6987E-03   
8.5883E-03   -2.7042E-05   
2.2123E-04   -3.7320E-03   
8.6545E-03   -2.6266E-05   
2.2713E-04   -3.7688E-03   
8.7344E-03   -2.6538E-05   
2.3361E-04   -3.8095E-03   
8.8287E-03   -2.7611E-05   
2.4037E-04   -3.8545E-03   
8.9383E-03   -2.9391E-05   
2.4729E-04   -3.9040E-03   
9.0640E-03   -3.1734E-05   
2.5509E-04   -3.9584E-03   
9.2061E-03   -3.4455E-05   
2.6408E-04   -4.0182E-03   
9.3650E-03   -3.7413E-05   
2.7353E-04   -4.0834E-03   
9.5409E-03   -4.0253E-05   
2.8313E-04   -4.1543E-03   
9.7330E-03   -4.3515E-05   
2.9283E-04   -4.2310E-03   
9.9413E-03   -4.7051E-05   
3.0229E-04   -4.3134E-03   
1.0166E-02   -5.1170E-05   
3.1508E-04   -4.4011E-03   
1.0411E-02   -5.4896E-05   
3.3020E-04   -4.4958E-03   
1.0676E-02   -5.7589E-05   
3.3826E-04   -4.5979E-03   
1.0960E-02   -6.0134E-05   
3.4662E-04   -4.7062E-03   
1.1266E-02   -6.2661E-05   
3.7116E-04   -4.8226E-03   
1.1594E-02   -6.3804E-05   
3.8561E-04   -4.9498E-03   
1.1934E-02   -6.2425E-05   
3.8819E-04   -5.0842E-03   
1.2287E-02   -6.4596E-05   
4.0312E-04   -5.2243E-03   
1.2666E-02   -6.5382E-05   
4.2684E-04   -5.3750E-03   
4.3186E-03   -2.3858E-03   
6.7319E-03   -1.3977E-03   
7.4572E-03   -1.0004E-03   
3.2054E-03   -2.7177E-03   
8.3065E-03   -2.2536E-04   
8.6722E-04   -3.1248E-03   
5.5907E-03   -1.9036E-03   
8.1695E-03   -4.3622E-04   
1.4635E-03   -3.0619E-03   
2.3441E-03   -2.9162E-03   
2.0536E-03   -2.9708E-03   
6.3042E-03   -1.6005E-03   
4.8532E-03   -2.1998E-03   
7.8744E-03   -7.1459E-04   
7.9863E-03   -6.2132E-04   
5.1099E-03   -2.1035E-03   
6.0720E-03   -1.7008E-03   
7.6093E-03   -9.0404E-04   
7.2928E-03   -1.0980E-03   
3.4879E-03   -2.6411E-03   
2.6333E-03   -2.8556E-03   
5.3304E-04   -3.1568E-03   
3.7679E-03   -2.5599E-03   
5.3530E-03   -2.0042E-03   
5.8323E-03   -1.8015E-03   
7.7485E-03   -8.0880E-04   
8.0844E-03   -5.2861E-04   
4.0451E-03   -2.4747E-03   
6.9296E-03   -1.2968E-03   
1.7598E-03   -3.0195E-03   
2.9206E-03   -2.7893E-03   
7.1168E-03   -1.1969E-03   
8.2431E-03   -3.4069E-04   
1.1635E-03   -3.0971E-03   
6.5234E-03   -1.4994E-03   
4.5887E-03   -2.2941E-03   
2.4877E-04   -3.2116E-03   
4.7562E-04   -3.2866E-03   
4.5403E-04   -3.3390E-03   
4.3462E-04   -3.3808E-03   
4.1686E-04   -3.4165E-03   
4.0582E-04   -3.4469E-03   
3.9987E-04   -3.4734E-03   
3.9708E-04   -3.4974E-03   
8.3617E-03   -1.0079E-04   
3.9650E-04   -3.5200E-03   
3.9771E-04   -3.5419E-03   
8.3638E-03   -1.2831E-04   
4.0059E-04   -3.5639E-03   
8.3816E-03   -1.0527E-04   
4.0510E-04   -3.5868E-03   
8.4047E-03   -8.5502E-05   
4.1116E-04   -3.6110E-03   
8.4339E-03   -7.1686E-05   
4.1866E-04   -3.6373E-03   
8.4715E-03   -6.2487E-05   
4.2729E-04   -3.6659E-03   
8.5198E-03   -5.6766E-05   
4.3825E-04   -3.6974E-03   
8.5801E-03   -5.4043E-05   
4.5124E-04   -3.7322E-03   
8.6536E-03   -5.3726E-05   
4.6358E-04   -3.7710E-03   
8.7413E-03   -5.5222E-05   
4.7502E-04   -3.8140E-03   
8.8446E-03   -5.8072E-05   
4.8715E-04   -3.8610E-03   
8.9643E-03   -6.2283E-05   
5.0145E-04   -3.9126E-03   
9.0995E-03   -6.7562E-05   
5.1839E-04   -3.9694E-03   
9.2516E-03   -7.3548E-05   
5.3727E-04   -4.0318E-03   
9.4228E-03   -7.8914E-05   
5.5690E-04   -4.1000E-03   
9.6073E-03   -8.3197E-05   
5.7642E-04   -4.1740E-03   
9.8001E-03   -9.0886E-05   
5.9243E-04   -4.2536E-03   
1.0012E-02   -9.7845E-05   
6.0419E-04   -4.3368E-03   
1.0242E-02   -1.0775E-04   
6.4112E-04   -4.4228E-03   
1.0498E-02   -1.1380E-04   
6.7410E-04   -4.5206E-03   
1.0774E-02   -1.1778E-04   
6.7380E-04   -4.6272E-03   
1.1069E-02   -1.2361E-04   
7.0419E-04   -4.7329E-03   
1.1397E-02   -1.2767E-04   
8.0282E-04   -4.8523E-03   
1.1750E-02   -1.2745E-04   
7.7325E-04   -4.9954E-03   
1.2073E-02   -1.1829E-04   
7.8710E-04   -5.1300E-03   
1.2420E-02   -1.4177E-04   
8.2716E-04   -5.2707E-03   
1.3065E-02   -6.8906E-05   
5.5908E-03   -1.7719E-03   
5.8478E-03   -1.6613E-03   
4.8652E-03   -2.0944E-03   
6.0913E-03   -1.5575E-03   
4.6023E-03   -2.1962E-03   
2.1117E-03   -2.9754E-03   
2.3936E-03   -2.9096E-03   
2.6744E-03   -2.8375E-03   
2.9540E-03   -2.7596E-03   
3.2324E-03   -2.6761E-03   
1.8250E-03   -3.0357E-03   
3.5098E-03   -2.5875E-03   
4.3332E-03   -2.2978E-03   
6.3263E-03   -1.4548E-03   
3.7860E-03   -2.4944E-03   
4.0609E-03   -2.3976E-03   
1.5297E-03   -3.0908E-03   
6.5494E-03   -1.3507E-03   
7.7954E-03   -6.7923E-04   
7.9217E-03   -5.9234E-04   
8.0321E-03   -5.0798E-04   
7.6547E-03   -7.6826E-04   
1.2352E-03   -3.1373E-03   
6.7617E-03   -1.2477E-03   
7.5006E-03   -8.5928E-04   
7.1543E-03   -1.0483E-03   
6.9635E-03   -1.1468E-03   
7.3336E-03   -9.5264E-04   
9.5807E-04   -3.1666E-03   
7.2140E-04   -3.1884E-03   
8.1280E-03   -4.2426E-04   
8.2123E-03   -3.3915E-04   
8.2854E-03   -2.5210E-04   
4.9508E-04   -3.2330E-03   
6.8422E-04   -3.3330E-03   
6.4159E-04   -3.3744E-03   
6.1653E-04   -3.4075E-03   
6.0341E-04   -3.4351E-03   
5.9702E-04   -3.4595E-03   
5.9480E-04   -3.4819E-03   
8.3430E-03   -1.6007E-04   
5.9558E-04   -3.5034E-03   
5.9893E-04   -3.5248E-03   
8.3057E-03   -1.8238E-04   
6.0472E-04   -3.5468E-03   
8.3284E-03   -1.4320E-04   
6.1287E-04   -3.5700E-03   
8.3534E-03   -1.1844E-04   
6.2323E-04   -3.5950E-03   
8.3859E-03   -1.0188E-04   
6.3497E-04   -3.6223E-03   
8.4285E-03   -9.1365E-05   
6.5070E-04   -3.6515E-03   
8.4836E-03   -8.5066E-05   
6.7595E-04   -3.6829E-03   
8.5510E-03   -8.3133E-05   
6.9545E-04   -3.7199E-03   
8.6312E-03   -8.4516E-05   
7.0697E-04   -3.7620E-03   
8.7282E-03   -8.7840E-05   
7.2254E-04   -3.8070E-03   
8.8430E-03   -9.2891E-05   
7.3942E-04   -3.8564E-03   
8.9711E-03   -1.0042E-04   
7.6198E-04   -3.9098E-03   
9.1155E-03   -1.0954E-04   
7.9217E-04   -3.9684E-03   
9.2830E-03   -1.1821E-04   
8.2297E-04   -4.0337E-03   
9.4737E-03   -1.2454E-04   
8.5263E-04   -4.1054E-03   
9.6553E-03   -1.2456E-04   
8.7760E-04   -4.1841E-03   
9.8321E-03   -1.4824E-04   
8.8588E-04   -4.2690E-03   
8.6914E-04   -4.3488E-03   
1.0171E-03   -4.5455E-03   
1.0840E-02   -1.8292E-04   
1.1337E-03   -4.9081E-03   
1.1823E-03   -5.1535E-03   
1.1524E-02   -1.9689E-04   
1.3504E-02   -7.3894E-05   
8.0756E-03   -4.1391E-04   
8.1687E-03   -3.3639E-04   
8.2538E-03   -2.5759E-04   
5.1240E-03   -1.8968E-03   
4.8991E-03   -1.9870E-03   
1.8918E-03   -3.0385E-03   
1.5993E-03   -3.1064E-03   
2.9965E-03   -2.7191E-03   
2.1726E-03   -2.9670E-03   
3.2704E-03   -2.6247E-03   
2.4487E-03   -2.8902E-03   
4.6360E-03   -2.0960E-03   
6.1354E-03   -1.4294E-03   
2.7229E-03   -2.8077E-03   
7.7088E-03   -6.4859E-04   
7.5535E-03   -7.3464E-04   
3.5446E-03   -2.5252E-03   
3.8191E-03   -2.4216E-03   
7.0108E-03   -1.0109E-03   
7.2039E-03   -9.1543E-04   
7.8507E-03   -5.6485E-04   
1.2947E-03   -3.1678E-03   
7.9724E-03   -4.8831E-04   
4.3660E-03   -2.2058E-03   
6.8064E-03   -1.1107E-03   
4.0935E-03   -2.3148E-03   
7.3851E-03   -8.2349E-04   
6.3671E-03   -1.3206E-03   
6.5914E-03   -1.2142E-03   
8.8016E-04   -3.3226E-03   
8.3304E-04   -3.3588E-03   
8.1038E-04   -3.3875E-03   
7.9880E-04   -3.4120E-03   
7.9388E-04   -3.4341E-03   
7.9354E-04   -3.4550E-03   
7.9686E-04   -3.4755E-03   
8.0338E-04   -3.4965E-03   
8.3143E-03   -1.9454E-04   
8.2334E-03   -2.1301E-04   
8.1292E-04   -3.5186E-03   
8.2524E-03   -1.7619E-04   
8.2551E-04   -3.5423E-03   
8.2805E-03   -1.4932E-04   
8.4035E-04   -3.5680E-03   
8.3167E-03   -1.3235E-04   
8.5752E-04   -3.5956E-03   
8.3649E-03   -1.2237E-04   
8.8125E-04   -3.6243E-03   
8.4302E-03   -1.1579E-04   
9.4635E-04   -3.6514E-03   
8.5010E-03   -1.1672E-04   
9.3656E-04   -3.6991E-03   
8.5871E-03   -1.2071E-04   
9.5582E-04   -3.7423E-03   
8.6997E-03   -1.2600E-04   
9.7487E-04   -3.7910E-03   
8.8248E-03   -1.3289E-04   
1.0323E-03   -3.8949E-03   
1.1728E-03   -4.2909E-03   
9.1113E-03   -1.5950E-04   
1.0846E-03   -3.9541E-03   
1.1243E-03   -4.0244E-03   
1.1941E-03   -4.1888E-03   
1.0068E-02   -1.4630E-04   
1.0587E-02   -1.6807E-04   
1.0896E-02   -2.5724E-04   
9.3062E-03   -1.7073E-04   
1.5643E-03   -5.0303E-03   
1.1246E-02   -2.6633E-04   
1.1845E-03   -4.8058E-03   
9.7477E-03   -2.0886E-04   
1.4069E-03   -4.4531E-03   
8.2074E-03   -2.6431E-04   
8.1083E-03   -3.4031E-04   
8.0183E-03   -4.0888E-04   
5.7323E-03   -1.5165E-03   
5.6385E-03   -1.6377E-03   
5.9455E-03   -1.4150E-03   
4.6988E-03   -1.9936E-03   
7.7713E-03   -5.4253E-04   
1.9709E-03   -3.0261E-03   
7.9139E-03   -4.6283E-04   
1.6834E-03   -3.1049E-03   
1.3847E-03   -3.1779E-03   
2.2455E-03   -2.9445E-03   
3.0484E-03   -2.6696E-03   
2.7792E-03   -2.7681E-03   
4.4188E-03   -2.1107E-03   
2.5134E-03   -2.8592E-03   
3.3199E-03   -2.5653E-03   
6.1845E-03   -1.3053E-03   
7.0698E-03   -8.8902E-04   
7.6142E-03   -6.2493E-04   
3.5930E-03   -2.4562E-03   
7.2639E-03   -7.9707E-04   
7.4454E-03   -7.0934E-04   
6.8636E-03   -9.8618E-04   
3.8676E-03   -2.3433E-03   
4.1431E-03   -2.2278E-03   
6.6465E-03   -1.0884E-03   
6.4195E-03   -1.1953E-03   
8.7138E-04   -3.2542E-03   
1.0457E-03   -3.3046E-03   
1.0184E-03   -3.3323E-03   
1.0021E-03   -3.3562E-03   
9.9391E-04   -3.3775E-03   
9.9189E-04   -3.3974E-03   
9.9475E-04   -3.4168E-03   
1.0016E-03   -3.4365E-03   
1.0120E-03   -3.4573E-03   
8.1231E-03   -2.5274E-04   
1.0263E-03   -3.4795E-03   
8.1580E-03   -2.0660E-04   
1.0443E-03   -3.5034E-03   
1.0632E-03   -3.5300E-03   
8.1890E-03   -1.8094E-04   
8.2270E-03   -1.6607E-04   
1.0766E-03   -3.5604E-03   
8.2763E-03   -1.6017E-04   
1.1378E-03   -3.6368E-03   
8.4085E-03   -1.6119E-04   
1.1839E-03   -3.6671E-03   
8.6627E-03   -1.7066E-04   
8.5316E-03   -1.6424E-04   
1.2225E-03   -3.7131E-03   
1.3539E-03   -3.8546E-03   
9.9092E-04   -3.8434E-03   
1.3977E-03   -3.9296E-03   
1.4500E-03   -4.0037E-03   
1.4617E-03   -4.8251E-03   
1.4404E-03   -4.7134E-03   
1.5071E-03   -4.0856E-03   
9.0957E-03   -2.1971E-04   
9.9752E-03   -1.9713E-04   
9.5388E-03   -2.5355E-04   
1.0537E-02   -2.4103E-04   
9.3086E-03   -2.3360E-04   
8.9552E-03   -1.4594E-04   
1.5792E-03   -4.1842E-03   
1.3449E-03   -4.5973E-03   
1.4810E-03   -4.3215E-03   
1.1610E-02   -2.7326E-04   
1.4950E-03   -5.1642E-03   
1.4155E-03   -4.9326E-03   
1.0953E-02   -3.3754E-04   
5.4644E-03   -1.5933E-03   
8.1402E-03   -2.8204E-04   
7.8370E-03   -4.4902E-04   
2.0691E-03   -2.9970E-03   
7.6774E-03   -5.2971E-04   
1.7964E-03   -3.0834E-03   
1.2420E-03   -3.2298E-03   
4.4918E-03   -2.0100E-03   
2.8432E-03   -2.7202E-03   
2.5816E-03   -2.8202E-03   
2.3278E-03   -2.9111E-03   
6.0006E-03   -1.3108E-03   
3.1106E-03   -2.6127E-03   
7.1384E-03   -7.8022E-04   
3.3815E-03   -2.4994E-03   
7.3314E-03   -6.9255E-04   
7.5103E-03   -6.0957E-04   
6.9319E-03   -8.7394E-04   
3.6552E-03   -2.3815E-03   
4.2092E-03   -2.1365E-03   
6.2461E-03   -1.1920E-03   
6.7135E-03   -9.7392E-04   
3.9315E-03   -2.2603E-03   
6.4843E-03   -1.0802E-03   
1.2554E-03   -3.2454E-03   
1.2304E-03   -3.2697E-03   
5.1064E-03   -1.7459E-03   
1.2097E-03   -3.2925E-03   
4.7872E-03   -1.8792E-03   
1.1961E-03   -3.3131E-03   
1.1911E-03   -3.3318E-03   
1.1928E-03   -3.3497E-03   
1.1996E-03   -3.3678E-03   
1.2109E-03   -3.3868E-03   
1.2266E-03   -3.4072E-03   
1.4032E-03   -3.5755E-03   
8.0273E-03   -2.6976E-04   
1.2469E-03   -3.4293E-03   
1.2713E-03   -3.4539E-03   
8.0518E-03   -2.3723E-04   
1.2959E-03   -3.4833E-03   
8.0791E-03   -2.1667E-04   
8.1128E-03   -2.0674E-04   
1.0822E-03   -3.5902E-03   
8.3435E-03   -2.0874E-04   
1.4641E-03   -3.6202E-03   
1.4605E-03   -3.7617E-03   
9.8443E-03   -2.7245E-04   
9.2790E-03   -3.0647E-04   
8.6363E-03   -2.2730E-04   
1.7293E-03   -3.8939E-03   
8.4707E-03   -2.1596E-04   
1.8088E-03   -3.9663E-03   
1.2319E-03   -3.7704E-03   
1.7622E-03   -4.8651E-03   
1.8720E-03   -4.0489E-03   
1.0185E-02   -2.6563E-04   
1.8124E-03   -4.3478E-03   
1.7538E-03   -4.4785E-03   
8.8879E-03   -2.0658E-04   
1.8078E-03   -4.7219E-03   
1.6670E-03   -3.8262E-03   
9.0683E-03   -2.8833E-04   
1.1312E-02   -3.4622E-04   
1.0618E-02   -3.2403E-04   
7.8793E-03   -3.7894E-04   
7.7315E-03   -4.5211E-04   
8.0080E-03   -3.5409E-04   
1.6664E-03   -3.1294E-03   
2.1793E-03   -2.9570E-03   
5.8044E-03   -1.3280E-03   
2.6526E-03   -2.7749E-03   
7.5716E-03   -5.2630E-04   
2.3961E-03   -2.8761E-03   
2.9155E-03   -2.6657E-03   
1.0125E-03   -3.2590E-03   
3.1834E-03   -2.5497E-03   
4.2929E-03   -2.0416E-03   
7.0093E-03   -7.7340E-04   
7.3987E-03   -6.0371E-04   
7.2115E-03   -6.8554E-04   
6.0679E-03   -1.2025E-03   
3.4555E-03   -2.4281E-03   
6.7909E-03   -8.7010E-04   
3.7312E-03   -2.3024E-03   
4.0104E-03   -2.1734E-03   
6.3192E-03   -1.0848E-03   
6.5603E-03   -9.7420E-04   
4.5876E-03   -1.9049E-03   
1.4557E-03   -3.1981E-03   
1.4292E-03   -3.2197E-03   
1.4034E-03   -3.2413E-03   
1.4926E-03   -3.1717E-03   
1.3924E-03   -3.2592E-03   
4.8951E-03   -1.7638E-03   
5.2149E-03   -1.6170E-03   
1.3917E-03   -3.2753E-03   
7.9904E-03   -3.1431E-04   
5.5224E-03   -1.4686E-03   
1.3980E-03   -3.2913E-03   
1.4100E-03   -3.3082E-03   
1.4492E-03   -3.3464E-03   
7.9140E-03   -2.9874E-04   
1.4788E-03   -3.3679E-03   
1.5201E-03   -3.3911E-03   
7.9235E-03   -2.7552E-04   
7.9487E-03   -2.5936E-04   
1.4885E-03   -3.4992E-03   
1.5389E-03   -3.6715E-03   
8.2510E-03   -2.6591E-04   
8.8752E-03   -2.7277E-04   
2.0797E-03   -3.8378E-03   
1.2881E-03   -3.5255E-03   
9.5044E-03   -3.2963E-04   
1.6853E-03   -3.5214E-03   
9.0143E-03   -3.6524E-04   
1.6365E-03   -3.7676E-03   
2.1432E-03   -4.3704E-03   
1.9785E-03   -3.7782E-03   
1.9570E-03   -4.1129E-03   
8.7142E-03   -2.6515E-04   
1.0338E-02   -3.1417E-04   
8.3804E-03   -2.7977E-04   
1.8868E-03   -4.2173E-03   
1.7614E-03   -4.5998E-03   
1.0646E-02   -4.1033E-04   
1.1643E-02   -3.4798E-04   
1.8479E-03   -5.1119E-03   
2.2552E-03   -4.7344E-03   
1.0071E-02   -2.2756E-04   
7.6222E-03   -4.6082E-04   
2.1902E-03   -2.9469E-03   
4.3937E-03   -1.9438E-03   
2.4728E-03   -2.8336E-03   
2.7340E-03   -2.7227E-03   
7.4592E-03   -5.3272E-04   
2.9979E-03   -2.6054E-03   
5.8862E-03   -1.2270E-03   
7.0936E-03   -6.8528E-04   
7.2867E-03   -6.0614E-04   
3.2676E-03   -2.4816E-03   
6.8779E-03   -7.7681E-04   
4.1037E-03   -2.0835E-03   
3.5422E-03   -2.3525E-03   
6.1510E-03   -1.1026E-03   
3.8212E-03   -2.2195E-03   
6.6472E-03   -8.7749E-04   
6.4043E-03   -9.8640E-04   
1.6860E-03   -3.1311E-03   
1.6157E-03   -3.1639E-03   
7.9008E-03   -3.3112E-04   
1.5971E-03   -3.1807E-03   
5.3124E-03   -1.5039E-03   
4.6960E-03   -1.7992E-03   
5.6068E-03   -1.3612E-03   
1.5933E-03   -3.1944E-03   
1.5977E-03   -3.2081E-03   
5.0048E-03   -1.6517E-03   
1.6097E-03   -3.2223E-03   
1.6281E-03   -3.2379E-03   
1.6520E-03   -3.2552E-03   
7.9819E-03   -2.5353E-04   
1.6842E-03   -3.2738E-03   
1.5750E-03   -3.4211E-03   
1.7307E-03   -3.2918E-03   
7.7517E-03   -3.4838E-04   
8.6461E-03   -3.2657E-04   
7.7737E-03   -3.2204E-04   
1.7591E-03   -3.5582E-03   
1.7950E-03   -3.6691E-03   
8.1392E-03   -2.5828E-04   
1.6547E-03   -3.4828E-03   
8.5081E-03   -3.0351E-04   
2.2691E-03   -3.7229E-03   
2.2905E-03   -4.0881E-03   
1.9049E-03   -3.7183E-03   
2.1697E-03   -4.0196E-03   
8.1321E-03   -3.3623E-04   
1.0015E-02   -3.5748E-04   
2.5542E-03   -4.2482E-03   
1.0329E-02   -3.9085E-04   
2.0588E-03   -4.4908E-03   
1.0658E-02   -5.0537E-04   
2.3125E-03   -5.0325E-03   
1.1417E-02   -4.3698E-04   
1.1968E-02   -2.9483E-04   
2.5743E-03   -4.8331E-03   
9.6948E-03   -3.6469E-04   
7.6703E-03   -4.0679E-04   
1.9281E-03   -3.0443E-03   
2.3233E-03   -2.8867E-03   
2.5691E-03   -2.7804E-03   
4.2100E-03   -1.9921E-03   
2.8257E-03   -2.6644E-03   
7.3572E-03   -5.4547E-04   
7.1922E-03   -6.0558E-04   
3.0910E-03   -2.5402E-03   
1.8031E-03   -3.0938E-03   
6.9775E-03   -6.9169E-04   
5.9815E-03   -1.1315E-03   
3.3635E-03   -2.4092E-03   
3.9231E-03   -2.1343E-03   
6.7452E-03   -7.8922E-04   
3.6415E-03   -2.2734E-03   
6.2467E-03   -1.0091E-03   
6.5011E-03   -8.9512E-04   
1.8008E-03   -3.0993E-03   
4.5071E-03   -1.8453E-03   
5.4160E-03   -1.4011E-03   
5.7042E-03   -1.2626E-03   
1.8004E-03   -3.1073E-03   
5.1159E-03   -1.5469E-03   
1.7998E-03   -3.1191E-03   
1.8107E-03   -3.1305E-03   
4.8109E-03   -1.6960E-03   
7.8032E-03   -3.5325E-04   
1.8887E-03   -3.1728E-03   
1.8300E-03   -3.1427E-03   
7.7978E-03   -3.1052E-04   
1.8560E-03   -3.1567E-03   
8.1365E-03   -2.0929E-04   
1.7999E-03   -3.3923E-03   
1.7928E-03   -3.3097E-03   
1.9024E-03   -3.4157E-03   
1.9342E-03   -3.1882E-03   
7.5913E-03   -3.9368E-04   
8.2576E-03   -3.5664E-04   
8.0169E-03   -3.2322E-04   
1.9353E-03   -3.4602E-03   
2.2244E-03   -3.6576E-03   
2.5097E-03   -3.9330E-03   
1.0332E-02   -4.8531E-04   
8.3926E-03   -3.8156E-04   
2.1324E-03   -3.6002E-03   
9.4267E-03   -4.1531E-04   
2.6321E-03   -4.1016E-03   
9.6692E-03   -4.5669E-04   
2.4790E-03   -4.4119E-03   
1.8450E-03   -3.5880E-03   
1.1016E-02   -5.2312E-04   
8.8168E-03   -3.4578E-04   
1.2348E-02   -2.3580E-04   
2.8190E-03   -4.6346E-03   
1.9796E-03   -3.0259E-03   
7.5016E-03   -4.7910E-04   
2.4253E-03   -2.8357E-03   
2.6720E-03   -2.7228E-03   
2.9292E-03   -2.6009E-03   
4.0360E-03   -2.0478E-03   
7.3375E-03   -5.1859E-04   
2.1237E-03   -2.9682E-03   
7.0933E-03   -6.1143E-04   
4.3282E-03   -1.8999E-03   
3.1969E-03   -2.4700E-03   
6.8536E-03   -7.0863E-04   
3.4727E-03   -2.3326E-03   
3.7528E-03   -2.1914E-03   
6.0880E-03   -1.0419E-03   
6.6087E-03   -8.1099E-04   
6.3534E-03   -9.2179E-04   
2.0326E-03   -3.0068E-03   
5.2328E-03   -1.4490E-03   
5.8122E-03   -1.1704E-03   
5.5269E-03   -1.3063E-03   
8.0454E-03   -2.5234E-04   
2.0053E-03   -3.0256E-03   
4.6279E-03   -1.7489E-03   
2.0139E-03   -3.0336E-03   
4.9310E-03   -1.5977E-03   
7.6082E-03   -3.7646E-04   
2.0938E-03   -3.0654E-03   
2.0333E-03   -3.0420E-03   
2.1374E-03   -3.0792E-03   
2.0601E-03   -3.0525E-03   
2.2453E-03   -3.3237E-03   
7.5496E-03   -4.3024E-04   
7.8252E-03   -3.1007E-04   
1.9934E-03   -3.2031E-03   
8.3755E-03   -1.4603E-04   
2.3661E-03   -3.4596E-03   
7.9181E-03   -3.1683E-04   
8.7325E-03   -4.3019E-04   
8.5477E-03   -4.0627E-04   
8.1192E-03   -4.4297E-04   
7.9911E-03   -4.1873E-04   
9.2885E-03   -5.1022E-04   
7.8746E-03   -4.0032E-04   
2.0447E-03   -3.5595E-03   
2.6047E-03   -3.5895E-03   
1.8564E-03   -3.3255E-03   
2.0983E-03   -3.3032E-03   
2.7027E-03   -3.7774E-03   
9.7588E-03   -5.3973E-04   
2.6996E-03   -3.9765E-03   
2.0910E-03   -3.4715E-03   
1.0663E-02   -6.0825E-04   
2.6065E-03   -4.5397E-03   
1.2823E-02   -1.2412E-04   
2.9677E-03   -4.1064E-03   
1.2321E-02   -3.2450E-04   
1.0328E-02   -5.8764E-04   
9.2247E-03   -3.8507E-04   
2.9105E-03   -4.2482E-03   
2.1930E-03   -2.9374E-03   
2.5407E-03   -2.7777E-03   
2.7858E-03   -2.6607E-03   
4.1591E-03   -1.9613E-03   
7.2180E-03   -5.3470E-04   
3.0434E-03   -2.5331E-03   
3.8737E-03   -2.1086E-03   
6.9658E-03   -6.3703E-04   
3.3160E-03   -2.3953E-03   
3.5938E-03   -2.2529E-03   
6.7273E-03   -7.3406E-04   
5.3558E-03   -1.3581E-03   
6.2031E-03   -9.5892E-04   
6.4726E-03   -8.4037E-04   
5.9266E-03   -1.0861E-03   
2.1944E-03   -2.9388E-03   
5.6450E-03   -1.2187E-03   
7.4248E-03   -4.6236E-04   
4.4540E-03   -1.8096E-03   
5.0571E-03   -1.5050E-03   
2.2194E-03   -2.9335E-03   
4.7548E-03   -1.6565E-03   
2.2400E-03   -2.9366E-03   
2.3434E-03   -2.9639E-03   
2.3004E-03   -2.9525E-03   
7.4173E-03   -4.4972E-04   
2.2662E-03   -2.9433E-03   
7.6260E-03   -3.7136E-04   
8.2407E-03   -2.1053E-04   
2.1866E-03   -3.0953E-03   
7.7727E-03   -3.8833E-04   
7.8329E-03   -5.1235E-04   
2.0221E-03   -3.2854E-03   
7.8289E-03   -3.2457E-04   
7.7140E-03   -4.8963E-04   
7.9615E-03   -5.4161E-04   
2.6689E-03   -3.4038E-03   
8.9476E-03   -4.5028E-04   
8.4282E-03   -5.0040E-04   
2.0846E-03   -3.2145E-03   
8.9133E-03   -5.5298E-04   
2.9902E-03   -3.8104E-03   
2.4682E-03   -3.7412E-03   
2.8311E-03   -3.4253E-03   
2.4641E-03   -3.3310E-03   
1.0316E-02   -6.9803E-04   
1.1009E-02   -6.2839E-04   
3.0858E-03   -3.9358E-03   
2.9368E-03   -4.3748E-03   
1.2642E-02   -2.7001E-04   
3.2425E-03   -4.1146E-03   
2.3004E-03   -2.8892E-03   
2.6706E-03   -2.7133E-03   
4.0019E-03   -2.0269E-03   
2.8962E-03   -2.6005E-03   
7.0502E-03   -5.8899E-04   
4.2895E-03   -1.8766E-03   
3.1668E-03   -2.4625E-03   
3.7218E-03   -2.1737E-03   
6.8494E-03   -6.6756E-04   
5.4841E-03   -1.2747E-03   
3.4431E-03   -2.3192E-03   
5.1897E-03   -1.4184E-03   
2.4380E-03   -2.8259E-03   
6.6114E-03   -7.6481E-04   
6.0424E-03   -1.0124E-03   
5.7670E-03   -1.1401E-03   
2.4592E-03   -2.8232E-03   
4.8883E-03   -1.5690E-03   
4.5865E-03   -1.7229E-03   
7.4238E-03   -4.4078E-04   
7.6921E-03   -3.8230E-04   
2.5516E-03   -2.8434E-03   
2.4774E-03   -2.8290E-03   
2.2622E-03   -3.1915E-03   
2.5091E-03   -2.8352E-03   
7.6466E-03   -3.7676E-04   
2.3917E-03   -2.9790E-03   
2.9847E-03   -3.2856E-03   
7.5373E-03   -5.9074E-04   
2.2264E-03   -3.1161E-03   
7.6558E-03   -6.1871E-04   
7.6064E-03   -4.7329E-04   
8.1066E-03   -5.7635E-04   
2.7234E-03   -3.3066E-03   
3.6565E-03   -4.0221E-03   
3.0597E-03   -3.4409E-03   
9.1010E-03   -6.1930E-04   
8.6372E-03   -5.2830E-04   
1.1004E-02   -7.3559E-04   
2.5805E-03   -3.2190E-03   
3.2979E-03   -4.2123E-03   
9.9839E-03   -6.7498E-04   
1.1363E-02   -5.4720E-04   
3.3726E-03   -3.7595E-03   
2.9433E-03   -3.5946E-03   
3.0983E-03   -3.6595E-03   
1.0294E-02   -8.1778E-04   
7.2214E-03   -5.1775E-04   
4.1357E-03   -1.9481E-03   
3.8552E-03   -2.0965E-03   
2.7206E-03   -2.6891E-03   
6.5318E-03   -7.9017E-04   
7.4564E-03   -4.5289E-04   
3.0202E-03   -2.5362E-03   
5.3290E-03   -1.3385E-03   
6.9905E-03   -6.0326E-04   
5.6175E-03   -1.1996E-03   
6.7413E-03   -7.0319E-04   
3.2977E-03   -2.3911E-03   
5.0292E-03   -1.4868E-03   
4.4264E-03   -1.7956E-03   
4.7261E-03   -1.6406E-03   
2.6976E-03   -2.7097E-03   
6.1298E-03   -9.6427E-04   
5.8921E-03   -1.0714E-03   
2.7610E-03   -2.7197E-03   
2.7205E-03   -2.7151E-03   
2.4297E-03   -3.0061E-03   
2.6016E-03   -2.8553E-03   
7.4342E-03   -4.4279E-04   
2.8414E-03   -3.0859E-03   
7.5128E-03   -4.6297E-04   
7.3467E-03   -7.0369E-04   
2.8054E-03   -3.1869E-03   
7.4264E-03   -5.7031E-04   
7.7812E-03   -6.5485E-04   
9.6419E-03   -6.4873E-04   
8.2864E-03   -6.1176E-04   
3.2263E-03   -3.2877E-03   
2.4271E-03   -3.0665E-03   
2.3505E-03   -3.2101E-03   
9.4541E-03   -5.7455E-04   
8.7499E-03   -6.8496E-04   
3.3001E-03   -3.4354E-03   
3.7142E-03   -4.1581E-03   
3.8281E-03   -3.8302E-03   
3.0853E-03   -3.1502E-03   
1.0012E-02   -5.6434E-04   
1.0655E-02   -8.2878E-04   
1.1351E-02   -6.4783E-04   
1.1683E-02   -4.8491E-04   
3.3787E-03   -3.5046E-03   
3.7548E-03   -3.6367E-03   
6.6226E-03   -7.5077E-04   
3.7115E-03   -2.1733E-03   
3.9862E-03   -2.0267E-03   
7.2191E-03   -5.2739E-04   
6.0423E-03   -1.0020E-03   
5.7626E-03   -1.1298E-03   
6.8277E-03   -6.6781E-04   
4.2721E-03   -1.8753E-03   
5.4759E-03   -1.2654E-03   
5.1787E-03   -1.4104E-03   
3.4413E-03   -2.3176E-03   
4.8742E-03   -1.5632E-03   
4.5699E-03   -1.7195E-03   
2.9024E-03   -2.6008E-03   
2.9319E-03   -2.5956E-03   
2.9690E-03   -2.5959E-03   
2.8127E-03   -2.7271E-03   
2.6486E-03   -2.8768E-03   
3.1546E-03   -2.4705E-03   
7.2167E-03   -5.1735E-04   
7.1305E-03   -6.6207E-04   
6.3390E-03   -8.6992E-04   
7.2334E-03   -6.7949E-04   
2.8191E-03   -3.0222E-03   
2.5860E-03   -3.0708E-03   
3.6449E-03   -3.3340E-03   
7.4642E-03   -7.3546E-04   
2.6831E-03   -2.9136E-03   
7.2112E-03   -5.5702E-04   
3.4130E-03   -3.1137E-03   
7.9126E-03   -7.0324E-04   
3.1800E-03   -3.0021E-03   
8.9518E-03   -7.2206E-04   
9.3736E-03   -7.5465E-04   
8.5141E-03   -6.4542E-04   
1.2027E-02   -4.8322E-04   
3.9722E-03   -3.4592E-03   
3.7954E-03   -3.3966E-03   
4.1335E-03   -3.8451E-03   
1.0308E-02   -9.3769E-04   
3.8278E-03   -4.2918E-03   
1.0983E-02   -8.4432E-04   
1.1709E-02   -5.6826E-04   
6.7741E-03   -6.9529E-04   
3.8354E-03   -2.1151E-03   
3.5687E-03   -2.2573E-03   
5.9221E-03   -1.0633E-03   
7.0012E-03   -6.0212E-04   
5.6338E-03   -1.1974E-03   
4.1188E-03   -1.9642E-03   
5.3388E-03   -1.3392E-03   
4.4167E-03   -1.8071E-03   
5.0332E-03   -1.4905E-03   
3.1714E-03   -2.4761E-03   
4.7231E-03   -1.6481E-03   
3.0229E-03   -2.5967E-03   
6.5053E-03   -8.0698E-04   
6.9222E-03   -7.7996E-04   
3.3481E-03   -2.3747E-03   
2.9155E-03   -2.7708E-03   
3.0858E-03   -2.6033E-03   
2.9671E-03   -2.8897E-03   
6.2131E-03   -9.3244E-04   
7.0373E-03   -7.9696E-04   
8.9999E-03   -8.1868E-04   
6.9754E-03   -6.2731E-04   
7.1524E-03   -8.2234E-04   
3.1373E-03   -2.9079E-03   
7.5719E-03   -7.7968E-04   
8.1115E-03   -7.4556E-04   
7.0326E-03   -6.5473E-04   
4.2272E-03   -3.2738E-03   
3.4565E-03   -2.9809E-03   
3.8413E-03   -2.9808E-03   
9.2556E-03   -6.8751E-04   
1.2150E-02   -5.8873E-04   
4.0628E-03   -3.2040E-03   
8.3753E-03   -7.7852E-04   
9.2974E-03   -8.6364E-04   
9.9585E-03   -1.0764E-03   
4.2227E-03   -3.5048E-03   
4.3028E-03   -3.6436E-03   
9.8394E-03   -9.4502E-04   
1.2289E-02   -4.0418E-04   
1.1353E-02   -7.5112E-04   
3.3156E-03   -4.4935E-03   
3.4523E-03   -3.3024E-03   
3.6741E-03   -2.2168E-03   
3.4111E-03   -2.3545E-03   
5.8039E-03   -1.1344E-03   
6.6947E-03   -7.4592E-04   
5.5098E-03   -1.2737E-03   
4.2605E-03   -1.9063E-03   
3.2251E-03   -2.4701E-03   
5.2035E-03   -1.4232E-03   
3.1484E-03   -2.6220E-03   
4.5718E-03   -1.7435E-03   
2.9530E-03   -2.8152E-03   
4.8880E-03   -1.5814E-03   
6.0957E-03   -1.0011E-03   
3.2985E-03   -2.4643E-03   
6.7096E-03   -9.0916E-04   
6.9351E-03   -6.6453E-04   
6.3840E-03   -8.7435E-04   
6.8231E-03   -7.6646E-04   
6.8733E-03   -9.0408E-04   
7.2729E-03   -8.5359E-04   
4.5227E-03   -3.0739E-03   
3.5843E-03   -2.8332E-03   
3.9889E-03   -3.0218E-03   
3.7082E-03   -2.9447E-03   
8.5595E-03   -9.4276E-04   
1.1298E-02   -8.5409E-04   
4.4062E-03   -3.8788E-03   
3.3259E-03   -2.7460E-03   
3.8506E-03   -3.1659E-03   
8.2556E-03   -9.1793E-04   
9.6016E-03   -8.7443E-04   
1.2429E-02   -4.6701E-04   
1.1799E-02   -7.6779E-04   
1.0086E-02   -1.1839E-03   
4.8042E-03   -3.4946E-03   
3.7409E-03   -4.4919E-03   
7.9584E-03   -8.9487E-04   
3.0036E-03   -4.4779E-03   
5.6908E-03   -1.2140E-03   
6.7504E-03   -7.5505E-04   
5.9841E-03   -1.0770E-03   
5.3873E-03   -1.3604E-03   
4.4176E-03   -1.8508E-03   
3.4959E-03   -2.3336E-03   
2.7207E-03   -2.9518E-03   
3.1980E-03   -2.6599E-03   
6.2740E-03   -9.4630E-04   
3.3869E-03   -2.4644E-03   
6.5960E-03   -8.9439E-04   
3.9587E-03   -2.0661E-03   
4.7426E-03   -1.6829E-03   
4.3275E-03   -2.9841E-03   
4.0363E-03   -2.8181E-03   
6.9350E-03   -9.4961E-04   
3.8163E-03   -2.8186E-03   
3.2360E-03   -2.7130E-03   
3.4523E-03   -2.7545E-03   
3.4137E-03   -2.8359E-03   
4.2827E-03   -2.8357E-03   
4.6473E-03   -3.1767E-03   
8.8765E-03   -9.7597E-04   
1.0912E-02   -9.7749E-04   
8.1307E-03   -1.0658E-03   
6.3156E-03   -1.0518E-03   
7.5420E-03   -1.0347E-03   
9.2552E-03   -1.0142E-03   
4.8789E-03   -3.7286E-03   
4.0135E-03   -3.9960E-03   
7.8400E-03   -1.0441E-03   
9.9481E-03   -7.9460E-04   
5.0612E-03   -3.5376E-03   
4.5949E-03   -3.4522E-03   
1.0537E-02   -1.1454E-03   
9.6204E-03   -1.2356E-03   
5.8790E-03   -1.1586E-03   
5.5924E-03   -1.2968E-03   
6.4936E-03   -8.8351E-04   
3.4617E-03   -2.4889E-03   
6.5182E-03   -8.3848E-04   
6.1685E-03   -1.0254E-03   
5.2774E-03   -1.4531E-03   
3.6048E-03   -2.3131E-03   
4.5956E-03   -1.7955E-03   
4.9343E-03   -1.6237E-03   
4.4152E-03   -2.6591E-03   
4.1817E-03   -2.6592E-03   
3.7893E-03   -2.1816E-03   
3.4964E-03   -2.6135E-03   
3.4914E-03   -2.5482E-03   
3.6733E-03   -2.5944E-03   
4.0988E-03   -2.0186E-03   
7.1206E-03   -9.8096E-04   
6.0896E-03   -1.2108E-03   
7.4347E-03   -1.1802E-03   
3.7321E-03   -2.6713E-03   
7.1877E-03   -1.0770E-03   
4.9881E-03   -3.3065E-03   
8.4213E-03   -1.0975E-03   
5.0033E-03   -2.9634E-03   
3.9324E-03   -3.6851E-03   
5.3606E-03   -3.5626E-03   
6.6554E-03   -1.1095E-03   
7.7085E-03   -1.1964E-03   
4.7344E-03   -2.7391E-03   
5.2653E-03   -3.3465E-03   
4.6560E-03   -3.9323E-03   
9.7735E-03   -1.3394E-03   
1.1030E-02   -1.1086E-03   
5.7987E-03   -1.2312E-03   
6.0658E-03   -1.1103E-03   
4.2654E-03   -1.9677E-03   
3.7582E-03   -2.4634E-03   
4.7937E-03   -1.7423E-03   
4.1186E-03   -2.5013E-03   
3.7595E-03   -2.2896E-03   
6.2235E-03   -1.2425E-03   
3.9345E-03   -2.1427E-03   
3.8195E-03   -2.3447E-03   
7.3939E-03   -8.7282E-04   
5.1573E-03   -1.5644E-03   
6.3264E-03   -9.9030E-04   
4.3332E-03   -2.4940E-03   
7.3002E-03   -1.3344E-03   
4.5641E-03   -2.4906E-03   
7.2049E-03   -1.1729E-03   
3.5591E-03   -3.8047E-03   
5.7575E-03   -3.5614E-03   
7.9822E-03   -1.2242E-03   
4.1658E-03   -4.0684E-03   
5.2723E-03   -2.5889E-03   
5.1353E-03   -3.0967E-03   
6.7716E-03   -1.1750E-03   
8.7198E-03   -1.1395E-03   
4.9327E-03   -3.9935E-03   
5.3673E-03   -2.7346E-03   
5.4819E-03   -3.1402E-03   
5.1983E-03   -3.7647E-03   
9.2883E-03   -1.4062E-03   
4.6498E-03   -2.6517E-03   
1.1553E-02   -1.0587E-03   
4.4547E-03   -1.9148E-03   
4.4915E-03   -2.3210E-03   
5.5546E-03   -1.3699E-03   
4.1257E-03   -2.0881E-03   
5.8080E-03   -1.3843E-03   
4.8030E-03   -2.4952E-03   
3.9593E-03   -2.5017E-03   
7.8205E-03   -1.3912E-03   
4.9990E-03   -1.6987E-03   
4.7178E-03   -2.3163E-03   
4.0397E-03   -2.1830E-03   
6.3416E-03   -1.2988E-03   
7.5568E-03   -1.3591E-03   
5.9293E-03   -1.2148E-03   
4.0105E-03   -2.3996E-03   
6.8639E-03   -1.2561E-03   
4.3441E-03   -3.3458E-03   
5.0251E-03   -2.5266E-03   
5.4901E-03   -2.8513E-03   
5.7004E-03   -2.9265E-03   
5.8114E-03   -3.1987E-03   
6.2812E-03   -3.3411E-03   
9.4589E-03   -1.5310E-03   
4.6149E-03   -4.2173E-03   
8.5322E-03   -1.3090E-03   
1.1910E-02   -9.0273E-04   
4.6501E-03   -1.8697E-03   
4.3240E-03   -2.0350E-03   
5.4103E-03   -1.5139E-03   
4.8747E-03   -2.1406E-03   
5.9135E-03   -1.4370E-03   
6.9963E-03   -1.3344E-03   
6.4557E-03   -1.3666E-03   
4.9634E-03   -2.3145E-03   
7.4021E-03   -1.5290E-03   
7.1467E-03   -1.4990E-03   
8.8300E-03   -1.4566E-03   
8.0923E-03   -1.4337E-03   
6.1957E-03   -2.7606E-03   
5.8409E-03   -2.6371E-03   
4.2617E-03   -2.3437E-03   
8.9845E-03   -1.2030E-03   
1.0194E-02   -1.2741E-03   
8.9636E-03   -1.7588E-03   
6.3046E-03   -3.1685E-03   
6.2963E-03   -3.5178E-03   
6.3719E-03   -2.9886E-03   
5.4919E-03   -2.3561E-03   
5.1726E-03   -4.0835E-03   
1.2049E-02   -1.0108E-03   
4.5051E-03   -2.0039E-03   
5.7575E-03   -1.3363E-03   
4.3395E-03   -2.2136E-03   
5.1573E-03   -1.6852E-03   
6.9419E-03   -1.7053E-03   
5.4653E-03   -1.5955E-03   
4.8411E-03   -1.8398E-03   
6.0277E-03   -1.5019E-03   
5.1161E-03   -2.1315E-03   
6.6421E-03   -1.5297E-03   
5.3923E-03   -2.1259E-03   
6.7346E-03   -1.6230E-03   
9.1616E-03   -1.2940E-03   
7.6681E-03   -1.5606E-03   
8.3895E-03   -1.4884E-03   
1.0553E-02   -1.2962E-03   
5.7463E-03   -2.5161E-03   
8.7800E-03   -1.3488E-03   
5.7220E-03   -2.3926E-03   
8.4733E-03   -1.6238E-03   
4.6630E-03   -2.1305E-03   
5.7358E-03   -2.1197E-03   
6.5303E-03   -2.7902E-03   
8.4970E-03   -1.7697E-03   
9.4701E-03   -1.6722E-03   
5.9140E-03   -2.7446E-03   
6.7326E-03   -2.9873E-03   
6.6834E-03   -3.3043E-03   
4.8068E-03   -4.2926E-03   
4.6788E-03   -2.0020E-03   
5.5347E-03   -1.9365E-03   
5.0718E-03   -1.7957E-03   
5.6147E-03   -1.6381E-03   
6.0933E-03   -2.3157E-03   
5.2561E-03   -1.9584E-03   
6.4521E-03   -1.8230E-03   
7.3088E-03   -1.6747E-03   
7.1441E-03   -3.1838E-03   
8.0939E-03   -1.7905E-03   
4.1845E-03   -2.1625E-03   
6.0155E-03   -2.1831E-03   
7.9176E-03   -1.6077E-03   
6.1693E-03   -1.5610E-03   
6.2856E-03   -1.7370E-03   
6.7163E-03   -2.5852E-03   
4.6831E-03   -4.4666E-03   
6.8873E-03   -2.8132E-03   
8.4675E-03   -1.9108E-03   
9.8013E-03   -1.5524E-03   
6.5735E-03   -1.4381E-03   
4.0747E-03   -2.2850E-03   
5.0208E-03   -1.9922E-03   
5.8285E-03   -1.9299E-03   
5.3109E-03   -1.8288E-03   
7.4895E-03   -1.7359E-03   
5.9687E-03   -1.7481E-03   
6.1618E-03   -2.0010E-03   
5.2913E-03   -1.7527E-03   
8.1347E-03   -2.0915E-03   
5.0023E-03   -1.9156E-03   
1.0216E-02   -1.4892E-03   
8.0684E-03   -1.9498E-03   
6.3538E-03   -2.5467E-03   
6.0906E-03   -1.9216E-03   
7.4640E-03   -2.9709E-03   
4.1545E-03   -4.6609E-03   
6.3264E-03   -1.6010E-03   
6.6717E-03   -2.3098E-03   
7.0473E-03   -1.8441E-03   
7.2464E-03   -1.9508E-03   
6.9528E-03   -2.3639E-03   
8.2809E-03   -2.2180E-03   
6.3806E-03   -2.1472E-03   
7.2748E-03   -2.8462E-03   
7.6329E-03   -3.0651E-03   
7.1583E-03   -2.1501E-03   
6.4956E-03   -2.2303E-03   
8.0841E-03   -3.0500E-03   
7.2471E-03   -2.4237E-03   
8.1249E-03   -1.6579E-03   
8.8470E-03   -2.1090E-03   
7.7568E-03   -2.3060E-03   
6.7609E-03   -2.0446E-03   
7.6466E-03   -1.9658E-03   
7.0365E-03   -2.6232E-03   
7.8559E-03   -2.4397E-03   
9.2826E-03   -1.8603E-03   
8.5639E-03   -2.8097E-03   
7.4561E-03   -2.4861E-03   
6.8660E-03   -2.1366E-03   
7.8352E-03   -2.6139E-03   
8.2798E-03   -2.6070E-03   
8.8519E-03   -2.4119E-03   
9.0579E-03   -2.2065E-03   
8.6927E-03   -2.6234E-03   
4.2656E-04   -5.5395E-03   
7.7874E-03   -2.7756E-03   
7.3421E-03   -3.2896E-03   
1.2801E-02   -4.6271E-04   
9.6240E-04   -4.6478E-03   
1.3965E-02   -6.8989E-05   
1.2551E-02   -9.6128E-04   
7.7494E-04   -5.6032E-03   
3.7091E-03   -4.6722E-03   
8.7470E-03   -2.9151E-03   
1.3017E-02   -2.4640E-04   
1.1844E-03   -5.5546E-03   
4.1660E-03   -4.3204E-03   
1.6820E-03   -5.4852E-03   
2.1902E-03   -5.4093E-03   
2.6976E-03   -5.3184E-03   
3.2210E-03   -5.2144E-03   
1.4412E-02   -6.3123E-05   
3.7556E-03   -5.0998E-03   
4.3164E-03   -4.9680E-03   
1.2226E-02   -7.8407E-04   
4.8945E-03   -4.8316E-03   
1.4873E-02   -6.0836E-05   
5.4816E-03   -4.6885E-03   
6.0856E-03   -4.5396E-03   
9.3600E-03   -2.0188E-03   
6.7674E-03   -4.3617E-03   
1.5357E-02   -5.6415E-05   
1.0656E-02   -9.2486E-04   
7.3121E-03   -4.2785E-03   
5.4634E-03   -3.4044E-03   
2.8213E-03   -4.9369E-03   
1.2314E-02   -6.8346E-04   
7.9466E-03   -4.0727E-03   
8.6591E-03   -3.9268E-03   
1.5856E-02   -4.9944E-05   
9.3233E-03   -3.7773E-03   
5.7811E-03   -3.9469E-03   
1.0061E-02   -3.5960E-03   
1.0636E-02   -3.5119E-03   
1.6374E-02   -4.3385E-05   
1.1303E-02   -3.3013E-03   
1.2055E-02   -3.1234E-03   
1.2456E-03   -5.2781E-03   
1.2760E-02   -2.9324E-03   
1.6971E-02   -3.9215E-05   
1.3196E-02   -1.5369E-04   
6.1773E-03   -3.7165E-03   
1.3524E-02   -2.6915E-03   
1.4253E-02   -2.4750E-03   
1.1709E-02   -1.1489E-03   
1.7635E-02   -2.1263E-05   
1.0679E-02   -1.4153E-03   
9.8333E-03   -1.6670E-03   
1.5687E-02   -1.9394E-03   
1.8348E-02   -3.0771E-04   
1.8480E-02   -3.0670E-04   
1.8409E-02   -8.7301E-05   
1.8464E-02   -3.6469E-05   
1.8366E-02   -1.9550E-04   
5.0390E-03   -4.4957E-03   
1.7292E-02   -1.1225E-03   
1.4429E-03   -5.3809E-03   
1.1040E-02   -1.4410E-03   
1.0398E-02   -1.6122E-03   
2.5378E-03   -5.1101E-03   
9.7424E-03   -2.0114E-03   
3.2771E-03   -4.8512E-03   
1.3146E-02   -3.8949E-04   
9.1889E-03   -2.4432E-03   
1.2897E-02   -8.0997E-04   
3.6377E-03   -4.8600E-03   
6.4733E-03   -3.7873E-03   
2.4964E-03   -5.2370E-03   
7.1566E-03   -3.5271E-03   
3.5498E-03   -5.0235E-03   
1.1594E-02   -1.2891E-03   
1.2552E-02   -2.8188E-03   
9.1306E-03   -3.6613E-03   
4.6950E-03   -4.7324E-03   
5.9500E-03   -4.0559E-03   
5.8783E-03   -4.4408E-03   
5.7380E-03   -4.2951E-03   
1.5098E-02   -1.1857E-04   
9.3810E-03   -2.7873E-03   
1.3409E-02   -2.2037E-04   
1.2706E-02   -1.0501E-03   
1.4208E-02   -1.2286E-04   
1.6897E-02   -8.4645E-05   
8.3345E-03   -3.1472E-03   
1.0292E-02   -3.3737E-03   
1.2518E-02   -5.2183E-04   
1.2694E-02   -7.0956E-04   
9.4025E-03   -2.1142E-03   
6.8373E-03   -3.3651E-03   
1.8035E-02   -8.5082E-06   
1.4998E-02   -2.2088E-03   
6.9537E-03   -4.1512E-03   
1.3692E-02   -2.4730E-03   
1.8502E-02   -2.0789E-04   
1.8586E-02   -1.9118E-05   
1.8558E-02   -5.3635E-05   
1.8522E-02   -1.2561E-04   
1.1379E-02   -3.0879E-03   
7.9952E-03   -3.8514E-03   
1.6083E-02   -9.3666E-05   
1.6332E-02   -1.4098E-03   
1.7712E-02   -6.2013E-05   
1.7209E-02   -1.0253E-03   
1.7596E-02   -4.5012E-04   
1.7794E-02   -8.6599E-05   
1.7705E-02   -1.9374E-04   
1.7486E-02   -7.0058E-04   
1.1496E-02   -1.4577E-03   
8.9883E-03   -3.5378E-03   
1.3287E-02   -3.0232E-04   
1.3742E-02   -2.5336E-04   
1.4827E-02   -1.8895E-04   
1.6106E-03   -5.2403E-03   
8.1388E-03   -3.3795E-03   
1.0294E-02   -1.8304E-03   
6.2544E-03   -4.2254E-03   
1.3231E-02   -4.7841E-04   
1.5802E-02   -1.5433E-04   
1.4757E-02   -2.1481E-03   
4.5338E-03   -4.6446E-03   
8.5016E-03   -3.6409E-03   
6.7634E-03   -4.0780E-03   
1.0145E-02   -3.2732E-03   
7.5411E-03   -3.5219E-03   
1.2047E-02   -2.8330E-03   
9.7668E-03   -2.3330E-03   
7.4149E-03   -3.9038E-03   
1.2546E-02   -1.2095E-03   
1.3063E-02   -9.0883E-04   
1.0816E-02   -3.1253E-03   
9.8525E-03   -2.5196E-03   
1.6364E-02   -1.3125E-04   
9.5748E-03   -2.9256E-03   
1.5314E-02   -1.7111E-04   
7.0422E-03   -3.7311E-03   
1.3076E-02   -5.9452E-04   
9.5587E-03   -3.4086E-03   
1.0138E-02   -2.0662E-03   
1.4263E-02   -2.0273E-04   
1.3228E-02   -6.7146E-04   
1.6871E-02   -6.8591E-04   
1.7150E-02   -1.4894E-04   
1.7046E-02   -3.1239E-04   
1.7250E-02   -8.6578E-05   
1.1976E-02   -1.3055E-03   
1.5412E-02   -1.7795E-03   
1.6476E-02   -1.1685E-03   
1.7673E-02   -1.6060E-04   
1.7523E-02   -6.0007E-04   
1.7541E-02   -3.1134E-04   
1.7469E-02   -3.7632E-04   
9.3848E-03   -3.2941E-03   
7.0511E-03   -3.8771E-03   
1.5983E-02   -1.9905E-04   
1.4222E-02   -2.2589E-03   
8.1574E-03   -3.6006E-03   
1.0004E-02   -2.6685E-03   
9.1833E-03   -3.1858E-03   
1.3599E-02   -8.4852E-04   
1.4066E-02   -2.9328E-04   
1.1538E-02   -2.8622E-03   
1.5066E-02   -2.3511E-04   
1.6986E-02   -4.2010E-04   
1.7203E-02   -2.1576E-04   
1.3742E-02   -6.1999E-04   
1.1403E-02   -1.6400E-03   
1.3712E-02   -4.4684E-04   
1.0789E-02   -1.8411E-03   
1.6836E-02   -5.5250E-04   
1.5629E-02   -1.4705E-03   
1.3004E-02   -1.1928E-03   
1.2734E-02   -2.5701E-03   
1.0327E-02   -2.2834E-03   
8.6359E-03   -3.3371E-03   
1.0556E-02   -3.0258E-03   
1.2655E-02   -1.3206E-03   
1.6860E-02   -1.3281E-04   
1.5283E-02   -1.7011E-03   
1.6572E-02   -9.2574E-04   
1.1663E-02   -2.6239E-03   
1.0958E-02   -2.1914E-03   
1.2567E-02   -1.4743E-03   
1.3527E-02   -1.1093E-03   
1.0969E-02   -2.7774E-03   
9.7755E-03   -3.0467E-03   
1.6156E-02   -2.3707E-04   
1.4920E-02   -1.7347E-03   
1.5110E-02   -3.1062E-04   
1.5683E-02   -2.7258E-04   
1.0370E-02   -2.9135E-03   
1.4064E-02   -4.8667E-04   
1.4105E-02   -3.7503E-04   
1.3938E-02   -7.0142E-04   
1.0235E-02   -2.1826E-03   
1.0576E-02   -2.5612E-03   
1.3813E-02   -9.2984E-04   
1.2903E-02   -2.3534E-03   
1.1895E-02   -1.6454E-03   
1.1305E-02   -1.8299E-03   
1.0905E-02   -2.3683E-03   
1.3123E-02   -1.3862E-03   
1.3473E-02   -1.2465E-03   
1.3246E-02   -2.5190E-03   
1.4140E-02   -7.7648E-04   
1.0767E-02   -2.6706E-03   
1.6623E-02   -1.9756E-04   
1.4558E-02   -3.8942E-04   
1.4256E-02   -5.7382E-04   
1.4173E-02   -2.0053E-03   
1.4943E-02   -4.1461E-04   
1.1274E-02   -1.9814E-03   
1.2268E-02   -1.6664E-03   
1.3595E-02   -1.3455E-03   
1.1125E-02   -2.4416E-03   
1.4802E-02   -5.1893E-04   
1.5254E-02   -1.4833E-03   
1.4047E-02   -9.7857E-04   
1.4675E-02   -7.0035E-04   
1.3906E-02   -2.2597E-03   
1.5917E-02   -3.0967E-04   
1.1631E-02   -2.0098E-03   
1.2241E-02   -1.8120E-03   
1.6830E-02   -2.2760E-04   
1.4514E-02   -9.0969E-04   
1.6222E-02   -3.3454E-04   
1.1716E-02   -2.2945E-03   
1.4908E-02   -5.9174E-04   
1.5644E-02   -3.9769E-04   
1.4874E-02   -7.5556E-04   
1.2771E-02   -1.7755E-03   
1.5220E-02   -4.3709E-04   
1.3391E-02   -1.5573E-03   
1.4296E-02   -1.1858E-03   
1.5308E-02   -5.9787E-04   
1.4533E-02   -1.2711E-03   
1.1923E-02   -2.3834E-03   
1.3885E-02   -1.5233E-03   
1.2120E-02   -2.0294E-03   
1.3260E-02   -1.7503E-03   
1.5776E-02   -4.5223E-04   
1.6759E-02   -3.0457E-04   
1.4933E-02   -1.2602E-03   
1.4400E-02   -1.4647E-03   
1.5930E-02   -5.0189E-04   
1.2339E-02   -2.1564E-03   
1.3033E-02   -1.9805E-03   
1.5660E-02   -6.0455E-04   
1.5526E-02   -1.1194E-03   
1.4353E-02   -1.6335E-03   
1.6470E-02   -4.1270E-04   
1.5640E-02   -6.8410E-04   
1.5492E-02   -1.2689E-03   
1.6714E-02   -4.3059E-04   
1.4912E-02   -1.4992E-03   
1.5073E-02   -8.0812E-04   
1.4713E-02   -9.7875E-04   
1.4978E-02   -1.0325E-03   
1.5640E-02   -8.6648E-04   
