51 
1844 
6.2211E-03   -6.8775E-03   
1.1832E-02   -5.8223E-03   
1.6277E-02   -4.2032E-03   
1.9130E-02   -2.1950E-03   
1.4325E-37   -7.2079E-03   
2.0093E-02   -7.2783E-38   
2.0543E-02   -6.3947E-35   
2.1279E-02   -5.8740E-37   
2.2895E-02   2.6687E-35   
2.4358E-02   3.9221E-35   
2.6218E-02   8.3311E-35   
2.8487E-02   1.1486E-34   
3.0233E-02   1.3904E-34   
3.3204E-02   2.1149E-34   
3.5417E-02   2.5647E-34   
3.7810E-02   2.2463E-34   
3.9072E-02   3.4821E-34   
4.1723E-02   5.1609E-34   
4.4535E-02   7.5145E-34   
4.6000E-02   -1.0106E-29   
4.6000E-02   -5.9446E-34   
4.6000E-02   -5.9446E-34   
4.6000E-02   -5.9446E-34   
4.6000E-02   -5.9446E-34   
4.6000E-02   -5.9446E-34   
4.6000E-02   -5.9446E-34   
4.6000E-02   -5.9446E-34   
4.6000E-02   -5.9446E-34   
4.6000E-02   -5.9446E-34   
4.6000E-02   -5.9446E-34   
4.6000E-02   -5.9446E-34   
4.6000E-02   -5.9446E-34   
4.3218E-02   -1.9914E-03   
3.8685E-02   -4.5437E-03   
3.6773E-02   -5.4217E-03   
3.4948E-02   -6.1460E-03   
3.1433E-02   -7.3121E-03   
2.9719E-02   -7.8001E-03   
2.6351E-02   -8.6594E-03   
2.4696E-02   -9.0525E-03   
2.1439E-02   -9.8005E-03   
1.8272E-02   -1.0524E-02   
1.6729E-02   -1.0884E-02   
1.3740E-02   -1.1591E-02   
1.0901E-02   -1.2264E-02   
9.5414E-03   -1.2577E-02   
6.9472E-03   -1.3136E-02   
4.5089E-03   -1.3563E-02   
2.2040E-03   -1.3829E-02   
1.9905E-37   -1.3909E-02   
7.5224E-34   -1.3177E-02   
7.9157E-34   -1.2478E-02   
7.4582E-34   -1.1551E-02   
7.0705E-34   -1.1019E-02   
6.2250E-34   -1.0151E-02   
5.6787E-34   -9.6569E-03   
5.1153E-34   -9.1749E-03   
4.6485E-34   -8.7855E-03   
4.5469E-34   -8.4441E-03   
4.7170E-03   -7.3429E-03   
4.4198E-02   -1.7627E-04   
4.2309E-02   -3.6841E-04   
3.9577E-02   -6.3683E-04   
3.7338E-02   -8.6608E-04   
3.5169E-02   -1.1516E-03   
3.2726E-02   -1.3217E-03   
3.0724E-02   -1.3914E-03   
2.8252E-02   -1.6053E-03   
2.5799E-02   -1.7374E-03   
2.3358E-02   -1.8533E-03   
2.0937E-02   -1.9566E-03   
1.8415E-02   -2.1220E-03   
1.5822E-02   -2.5415E-03   
1.2279E-02   -3.6675E-03   
8.6674E-03   -5.4231E-03   
1.2861E-02   -4.2728E-03   
1.5333E-02   -2.1266E-03   
1.7731E-02   -1.3476E-03   
1.9999E-02   -1.1410E-03   
2.2179E-02   -1.1130E-03   
2.4252E-02   -1.1235E-03   
2.6620E-02   -1.0309E-03   
2.8823E-02   -9.5622E-04   
3.0873E-02   -8.5976E-04   
3.2990E-02   -8.6567E-04   
3.5294E-02   -6.8590E-04   
3.7510E-02   -5.4104E-04   
3.9678E-02   -4.3564E-04   
4.1973E-02   -2.5320E-04   
4.3966E-02   -1.0681E-04   
1.8818E-02   -9.5055E-04   
1.9975E-02   -4.4983E-04   
2.1294E-02   -4.2302E-04   
2.3121E-02   -4.3439E-04   
2.4870E-02   -4.4233E-04   
2.7026E-02   -4.6596E-04   
2.8952E-02   -4.7840E-04   
3.0865E-02   -4.6791E-04   
3.3328E-02   -3.7619E-04   
3.5388E-02   -3.0417E-04   
3.7719E-02   -2.6123E-04   
4.0009E-02   -1.8857E-04   
4.2247E-02   -1.2377E-04   
4.4302E-02   -4.0415E-05   
4.3860E-02   -2.7374E-04   
4.1816E-02   -5.7736E-04   
3.9312E-02   -9.6869E-04   
3.6999E-02   -1.2106E-03   
3.4999E-02   -1.5560E-03   
3.2487E-02   -1.8339E-03   
3.0009E-02   -2.0846E-03   
2.7661E-02   -2.2798E-03   
2.5219E-02   -2.5175E-03   
2.2929E-02   -2.7247E-03   
1.9994E-02   -3.0502E-03   
1.6858E-02   -3.5313E-03   
1.3780E-02   -4.1940E-03   
1.0555E-02   -5.1504E-03   
6.9499E-03   -6.6280E-03   
3.4574E-03   -8.0426E-03   
4.3730E-02   -4.0594E-04   
4.1993E-02   -7.3746E-04   
3.9017E-02   -1.3135E-03   
3.7066E-02   -1.6746E-03   
3.4735E-02   -2.0355E-03   
3.1934E-02   -2.5009E-03   
2.9456E-02   -2.7554E-03   
2.7050E-02   -3.0243E-03   
2.4223E-02   -3.4153E-03   
2.1575E-02   -3.8467E-03   
1.8769E-02   -4.3148E-03   
1.5821E-02   -4.7477E-03   
1.2653E-02   -5.6224E-03   
9.5685E-03   -6.4533E-03   
6.2194E-03   -7.6341E-03   
2.9642E-03   -8.6622E-03   
4.4365E-02   -3.5487E-04   
4.1217E-02   -1.1085E-03   
3.9424E-02   -1.5002E-03   
3.7239E-02   -2.0184E-03   
3.3975E-02   -2.6782E-03   
3.1653E-02   -3.1178E-03   
2.9238E-02   -3.4778E-03   
2.6383E-02   -3.9561E-03   
2.3781E-02   -4.4238E-03   
2.0973E-02   -4.8154E-03   
1.8326E-02   -5.2695E-03   
1.5009E-02   -5.8711E-03   
1.1794E-02   -6.8841E-03   
8.7931E-03   -7.6097E-03   
5.9753E-03   -8.5247E-03   
2.9382E-03   -9.2522E-03   
4.3358E-02   -7.2578E-04   
4.1512E-02   -1.2775E-03   
3.9279E-02   -1.9371E-03   
3.7028E-02   -2.5724E-03   
3.3764E-02   -3.3332E-03   
3.1142E-02   -3.8083E-03   
2.8479E-02   -4.4176E-03   
2.5927E-02   -4.9663E-03   
2.2882E-02   -5.3799E-03   
2.0405E-02   -5.7425E-03   
1.7885E-02   -6.3851E-03   
1.4542E-02   -7.1765E-03   
1.1278E-02   -8.0100E-03   
8.4243E-03   -8.7213E-03   
5.3884E-03   -9.4522E-03   
2.8142E-03   -9.9200E-03   
4.3915E-02   -7.6805E-04   
4.1407E-02   -1.6928E-03   
3.9352E-02   -2.3231E-03   
3.6135E-02   -3.3345E-03   
3.3302E-02   -4.1796E-03   
3.0773E-02   -4.6908E-03   
2.7637E-02   -5.3749E-03   
2.5285E-02   -5.8740E-03   
2.2233E-02   -6.3600E-03   
1.9572E-02   -6.8746E-03   
1.6559E-02   -7.5377E-03   
1.4100E-02   -8.1590E-03   
1.1141E-02   -8.9210E-03   
8.2069E-03   -9.6076E-03   
5.3608E-03   -1.0235E-02   
2.5203E-03   -1.0686E-02   
4.3561E-02   -1.0355E-03   
4.0811E-02   -2.1556E-03   
3.8890E-02   -2.8459E-03   
3.5157E-02   -4.1942E-03   
3.2896E-02   -4.8578E-03   
3.0325E-02   -5.5800E-03   
2.7508E-02   -6.1332E-03   
2.4661E-02   -6.7614E-03   
2.1504E-02   -7.4714E-03   
1.8866E-02   -8.0126E-03   
1.6277E-02   -8.5430E-03   
1.3581E-02   -9.1943E-03   
1.0615E-02   -1.0021E-02   
8.0913E-03   -1.0497E-02   
5.2339E-03   -1.1088E-02   
2.5979E-03   -1.1432E-02   
4.3771E-02   -1.2312E-03   
4.1417E-02   -2.3745E-03   
3.8256E-02   -3.6712E-03   
3.5493E-02   -4.8234E-03   
3.2501E-02   -5.5372E-03   
2.9612E-02   -6.2856E-03   
2.6863E-02   -6.9948E-03   
2.4109E-02   -7.6545E-03   
2.1356E-02   -8.2990E-03   
1.8328E-02   -8.8658E-03   
1.5652E-02   -9.6949E-03   
1.2844E-02   -1.0251E-02   
1.0319E-02   -1.0766E-02   
7.6943E-03   -1.1382E-02   
4.9908E-03   -1.1938E-02   
2.7733E-03   -1.2163E-02   
4.3122E-02   -1.8678E-03   
4.0246E-02   -3.5219E-03   
3.7852E-02   -4.4651E-03   
3.4117E-02   -5.8381E-03   
3.1859E-02   -6.5049E-03   
2.8723E-02   -7.3503E-03   
2.6002E-02   -8.0758E-03   
2.3579E-02   -8.5185E-03   
2.0660E-02   -9.1612E-03   
1.7906E-02   -9.9351E-03   
1.5594E-02   -1.0409E-02   
1.2797E-02   -1.1091E-02   
9.9163E-03   -1.1754E-02   
7.3485E-03   -1.2272E-02   
4.8946E-03   -1.2715E-02   
2.1897E-03   -1.3153E-02   
7.8132E-04   -7.2322E-03   
1.5724E-03   -7.2178E-03   
2.3596E-03   -7.1900E-03   
3.1442E-03   -7.1512E-03   
3.9239E-03   -7.1006E-03   
4.6976E-03   -7.0378E-03   
5.4638E-03   -6.9631E-03   
6.9685E-03   -6.7812E-03   
7.7049E-03   -6.6744E-03   
8.4293E-03   -6.5572E-03   
9.1404E-03   -6.4299E-03   
9.8374E-03   -6.2925E-03   
1.0519E-02   -6.1453E-03   
1.1184E-02   -5.9884E-03   
1.2461E-02   -5.6472E-03   
1.3070E-02   -5.4635E-03   
1.3659E-02   -5.2720E-03   
1.4228E-02   -5.0725E-03   
1.4775E-02   -4.8660E-03   
1.5299E-02   -4.6516E-03   
1.5800E-02   -4.4305E-03   
1.6728E-02   -3.9701E-03   
1.7153E-02   -3.7311E-03   
1.7552E-02   -3.4866E-03   
1.7924E-02   -3.2369E-03   
1.8268E-02   -2.9826E-03   
1.8585E-02   -2.7239E-03   
1.8872E-02   -2.4612E-03   
1.9359E-02   -1.9254E-03   
1.9558E-02   -1.6526E-03   
1.9726E-02   -1.3763E-03   
1.9852E-02   -1.0978E-03   
1.9979E-02   -8.2429E-04   
2.0037E-02   -5.5347E-04   
2.0096E-02   -2.6871E-04   
2.0225E-02   -3.1745E-34   
2.0299E-02   -2.9534E-34   
2.0357E-02   -2.1833E-34   
2.0411E-02   -1.1533E-34   
2.0471E-02   -8.6390E-35   
2.0634E-02   -4.5726E-35   
2.0750E-02   -3.0896E-35   
2.0894E-02   -1.8812E-35   
2.1070E-02   -8.8728E-36   
2.1525E-02   6.3469E-36   
2.1808E-02   1.2181E-35   
2.2130E-02   1.7255E-35   
2.2492E-02   2.1988E-35   
2.3340E-02   3.0929E-35   
2.3827E-02   3.5132E-35   
2.4934E-02   4.3763E-35   
2.5553E-02   4.8429E-35   
2.6929E-02   8.7741E-35   
2.7685E-02   6.5918E-35   
2.9336E-02   1.2424E-34   
3.1176E-02   1.6087E-34   
3.2167E-02   1.8162E-34   
3.4287E-02   2.1887E-34   
3.6591E-02   2.9260E-34   
4.0378E-02   4.3730E-34   
4.3109E-02   4.5778E-34   
4.6000E-02   -5.9446E-34   
4.6000E-02   -5.9446E-34   
4.6000E-02   -5.9446E-34   
4.6000E-02   -5.9446E-34   
4.6000E-02   -5.9446E-34   
4.0745E-02   -3.4910E-03   
3.3174E-02   -6.7679E-03   
2.8026E-02   -8.2447E-03   
2.3057E-02   -9.4314E-03   
1.9843E-02   -1.0164E-02   
1.5218E-02   -1.1239E-02   
1.2301E-02   -1.1933E-02   
8.2235E-03   -1.2870E-02   
5.7096E-03   -1.3367E-02   
3.3407E-03   -1.3717E-02   
1.0951E-03   -1.3898E-02   
5.5701E-34   -1.3543E-02   
7.8243E-34   -1.2820E-02   
7.6680E-34   -1.2153E-02   
1.1173E-33   -1.1844E-02   
1.1280E-33   -1.1277E-02   
6.9066E-34   -1.0778E-02   
6.7192E-34   -1.0553E-02   
6.4611E-34   -1.0345E-02   
6.0296E-34   -9.9726E-03   
5.8467E-34   -9.8080E-03   
5.5366E-34   -9.5188E-03   
5.3966E-34   -9.3929E-03   
5.2490E-34   -9.2786E-03   
4.9986E-34   -9.0810E-03   
4.8928E-34   -8.9961E-03   
4.7986E-34   -8.9193E-03   
4.7169E-34   -8.8495E-03   
4.5933E-34   -8.7261E-03   
4.5518E-34   -8.6699E-03   
4.5253E-34   -8.6153E-03   
4.5151E-34   -8.5608E-03   
4.5222E-34   -8.5045E-03   
4.5878E-34   -8.3776E-03   
4.6425E-34   -8.3022E-03   
4.7189E-34   -8.2150E-03   
4.8208E-34   -8.1133E-03   
4.9808E-34   -7.9946E-03   
7.8525E-34   -7.8504E-03   
7.9145E-34   -7.6822E-03   
6.4937E-34   -7.4598E-03   
8.4228E-03   -6.4859E-03   
1.3001E-02   -5.1536E-03   
1.4714E-02   -4.4802E-03   
9.7956E-03   -6.1487E-03   
1.8659E-02   -2.3137E-03   
6.2924E-03   -6.9087E-03   
2.5972E-03   -7.3568E-03   
1.7584E-02   -3.0480E-03   
1.9665E-02   -1.3284E-03   
1.6263E-02   -3.7745E-03   
1.1122E-02   -5.7736E-03   
1.9225E-02   -1.8222E-03   
1.1766E-02   -5.5741E-03   
5.5671E-03   -7.0253E-03   
1.5773E-02   -4.0133E-03   
1.7971E-02   -2.8038E-03   
2.0151E-02   -3.7150E-04   
1.0001E-03   -7.4407E-03   
4.8354E-03   -7.1290E-03   
1.3587E-02   -4.9338E-03   
1.4154E-02   -4.7086E-03   
1.8957E-02   -2.0682E-03   
3.3520E-03   -7.2948E-03   
1.9838E-02   -1.0775E-03   
1.8105E-03   -7.4097E-03   
4.0977E-03   -7.2191E-03   
1.8330E-02   -2.5590E-03   
1.9461E-02   -1.5756E-03   
7.0113E-03   -6.7795E-03   
1.7169E-02   -3.2915E-03   
1.6729E-02   -3.5340E-03   
1.0466E-02   -5.9656E-03   
7.7219E-03   -6.6384E-03   
9.1149E-03   -6.3224E-03   
1.2393E-02   -5.3674E-03   
1.5255E-02   -4.2486E-03   
5.7833E-04   -7.9150E-03   
5.5009E-04   -8.0455E-03   
5.2980E-04   -8.1559E-03   
5.1109E-04   -8.2500E-03   
4.9655E-04   -8.3305E-03   
4.8765E-04   -8.4005E-03   
4.8275E-04   -8.4631E-03   
4.8069E-04   -8.5207E-03   
4.8091E-04   -8.5756E-03   
2.0302E-02   -1.7897E-04   
4.8319E-04   -8.6297E-03   
2.0355E-02   -1.4124E-04   
4.8748E-04   -8.6847E-03   
2.0408E-02   -1.1399E-04   
4.9373E-04   -8.7423E-03   
2.0473E-02   -9.3707E-05   
5.0182E-04   -8.8038E-03   
2.0554E-02   -7.9652E-05   
5.1160E-04   -8.8706E-03   
2.0657E-02   -7.0467E-05   
5.2301E-04   -8.9438E-03   
2.0787E-02   -6.5339E-05   
5.3588E-04   -9.0247E-03   
2.0948E-02   -6.3498E-05   
5.5016E-04   -9.1141E-03   
2.1141E-02   -6.4187E-05   
5.6582E-04   -9.2130E-03   
2.1370E-02   -6.6811E-05   
5.8218E-04   -9.3219E-03   
2.1635E-02   -7.1141E-05   
5.9891E-04   -9.4418E-03   
2.1940E-02   -7.6829E-05   
6.1779E-04   -9.5737E-03   
2.2284E-02   -8.3430E-05   
6.3955E-04   -9.7185E-03   
2.2669E-02   -9.0601E-05   
6.6241E-04   -9.8765E-03   
2.3095E-02   -9.7485E-05   
6.8565E-04   -1.0048E-02   
2.3560E-02   -1.0539E-04   
7.0911E-04   -1.0234E-02   
2.4064E-02   -1.1395E-04   
7.3201E-04   -1.0433E-02   
2.4610E-02   -1.2393E-04   
7.6298E-04   -1.0646E-02   
2.5203E-02   -1.3295E-04   
7.9959E-04   -1.0875E-02   
2.5844E-02   -1.3947E-04   
8.1910E-04   -1.1122E-02   
2.6532E-02   -1.4564E-04   
8.3934E-04   -1.1384E-02   
2.7273E-02   -1.5176E-04   
8.9878E-04   -1.1666E-02   
2.8068E-02   -1.5453E-04   
9.3377E-04   -1.1974E-02   
2.8891E-02   -1.5119E-04   
9.4004E-04   -1.2299E-02   
2.9746E-02   -1.5645E-04   
9.7620E-04   -1.2638E-02   
3.0662E-02   -1.5836E-04   
1.0337E-03   -1.3003E-02   
1.0456E-02   -5.7667E-03   
1.6294E-02   -3.3788E-03   
1.8050E-02   -2.4179E-03   
7.7619E-03   -6.5674E-03   
2.0105E-02   -5.4446E-04   
2.1005E-03   -7.5486E-03   
1.3534E-02   -4.6018E-03   
1.9774E-02   -1.0540E-03   
3.5446E-03   -7.3971E-03   
5.6769E-03   -7.0460E-03   
4.9736E-03   -7.1775E-03   
1.5260E-02   -3.8691E-03   
1.1749E-02   -5.3174E-03   
1.9059E-02   -1.7269E-03   
1.9330E-02   -1.5014E-03   
1.2370E-02   -5.0848E-03   
1.4698E-02   -4.1117E-03   
1.8418E-02   -2.1849E-03   
1.7652E-02   -2.6540E-03   
8.4458E-03   -6.3827E-03   
6.3772E-03   -6.8998E-03   
1.2911E-03   -7.6258E-03   
9.1233E-03   -6.1868E-03   
1.2959E-02   -4.8449E-03   
1.4118E-02   -4.3549E-03   
1.8755E-02   -1.9546E-03   
1.9568E-02   -1.2773E-03   
9.7942E-03   -5.9812E-03   
1.6773E-02   -3.1348E-03   
4.2622E-03   -7.2949E-03   
7.0727E-03   -6.7400E-03   
1.7226E-02   -2.8931E-03   
1.9952E-02   -8.2314E-04   
2.8182E-03   -7.4819E-03   
1.5790E-02   -3.6247E-03   
1.1109E-02   -5.5453E-03   
6.0267E-04   -7.7584E-03   
1.1524E-03   -7.9407E-03   
1.1002E-03   -8.0679E-03   
1.0532E-03   -8.1697E-03   
1.0102E-03   -8.2567E-03   
9.8348E-04   -8.3307E-03   
9.6904E-04   -8.3954E-03   
9.6227E-04   -8.4540E-03   
2.0239E-02   -2.4346E-04   
9.6081E-04   -8.5090E-03   
9.6370E-04   -8.5625E-03   
2.0244E-02   -3.0980E-04   
9.7063E-04   -8.6163E-03   
2.0287E-02   -2.5413E-04   
9.8150E-04   -8.6719E-03   
2.0343E-02   -2.0639E-04   
9.9614E-04   -8.7310E-03   
2.0413E-02   -1.7306E-04   
1.0142E-03   -8.7949E-03   
2.0505E-02   -1.5089E-04   
1.0351E-03   -8.8646E-03   
2.0622E-02   -1.3713E-04   
1.0616E-03   -8.9410E-03   
2.0768E-02   -1.3062E-04   
1.0930E-03   -9.0254E-03   
2.0946E-02   -1.2992E-04   
1.1228E-03   -9.1197E-03   
2.1158E-02   -1.3359E-04   
1.1505E-03   -9.2238E-03   
2.1408E-02   -1.4054E-04   
1.1798E-03   -9.3377E-03   
2.1698E-02   -1.5077E-04   
1.2144E-03   -9.4628E-03   
2.2026E-02   -1.6358E-04   
1.2554E-03   -9.6005E-03   
2.2394E-02   -1.7809E-04   
1.3011E-03   -9.7516E-03   
2.2809E-02   -1.9110E-04   
1.3486E-03   -9.9168E-03   
2.3256E-02   -2.0148E-04   
1.3959E-03   -1.0096E-02   
2.3723E-02   -2.2011E-04   
1.4346E-03   -1.0289E-02   
2.4235E-02   -2.3696E-04   
1.4631E-03   -1.0490E-02   
2.4794E-02   -2.6095E-04   
1.5525E-03   -1.0698E-02   
2.5413E-02   -2.7561E-04   
1.6323E-03   -1.0935E-02   
2.6081E-02   -2.8524E-04   
1.6316E-03   -1.1193E-02   
2.6796E-02   -2.9937E-04   
1.7052E-03   -1.1449E-02   
2.7590E-02   -3.0920E-04   
1.9441E-03   -1.1738E-02   
2.8444E-02   -3.0868E-04   
1.8725E-03   -1.2084E-02   
2.9227E-02   -2.8649E-04   
1.9061E-03   -1.2410E-02   
3.0067E-02   -3.4336E-04   
2.0031E-03   -1.2750E-02   
3.1629E-02   -1.6690E-04   
1.3534E-02   -4.2839E-03   
1.4156E-02   -4.0165E-03   
1.1779E-02   -5.0632E-03   
1.4745E-02   -3.7654E-03   
1.1142E-02   -5.3090E-03   
5.1148E-03   -7.1894E-03   
5.7974E-03   -7.0307E-03   
6.4773E-03   -6.8569E-03   
7.1541E-03   -6.6689E-03   
7.8279E-03   -6.4674E-03   
4.4207E-03   -7.3346E-03   
8.4991E-03   -6.2536E-03   
1.0492E-02   -5.5545E-03   
1.5313E-02   -3.5169E-03   
9.1675E-03   -6.0290E-03   
9.8328E-03   -5.7954E-03   
3.7055E-03   -7.4674E-03   
1.5853E-02   -3.2653E-03   
1.8868E-02   -1.6413E-03   
1.9174E-02   -1.4312E-03   
1.9441E-02   -1.2273E-03   
1.8527E-02   -1.8566E-03   
2.9923E-03   -7.5797E-03   
1.6366E-02   -3.0161E-03   
1.8155E-02   -2.0767E-03   
1.7316E-02   -2.5338E-03   
1.6855E-02   -2.7721E-03   
1.7750E-02   -2.3025E-03   
2.3209E-03   -7.6502E-03   
1.7476E-03   -7.7027E-03   
1.9673E-02   -1.0249E-03   
1.9877E-02   -8.1927E-04   
2.0054E-02   -6.0893E-04   
1.1994E-03   -7.8106E-03   
1.6580E-03   -8.0539E-03   
1.5548E-03   -8.1547E-03   
1.4941E-03   -8.2351E-03   
1.4623E-03   -8.3027E-03   
1.4468E-03   -8.3621E-03   
1.4413E-03   -8.4169E-03   
2.0194E-02   -3.8659E-04   
1.4432E-03   -8.4694E-03   
1.4512E-03   -8.5216E-03   
2.0103E-02   -4.4036E-04   
1.4652E-03   -8.5753E-03   
2.0158E-02   -3.4572E-04   
1.4848E-03   -8.6318E-03   
2.0219E-02   -2.8595E-04   
1.5099E-03   -8.6926E-03   
2.0297E-02   -2.4600E-04   
1.5382E-03   -8.7589E-03   
2.0400E-02   -2.2070E-04   
1.5763E-03   -8.8299E-03   
2.0534E-02   -2.0557E-04   
1.6373E-03   -8.9060E-03   
2.0697E-02   -2.0099E-04   
1.6845E-03   -8.9959E-03   
2.0892E-02   -2.0442E-04   
1.7123E-03   -9.0979E-03   
2.1127E-02   -2.1254E-04   
1.7500E-03   -9.2071E-03   
2.1405E-02   -2.2483E-04   
1.7908E-03   -9.3267E-03   
2.1715E-02   -2.4310E-04   
1.8454E-03   -9.4561E-03   
2.2065E-02   -2.6522E-04   
1.9184E-03   -9.5981E-03   
2.2471E-02   -2.8623E-04   
1.9930E-03   -9.7561E-03   
2.2932E-02   -3.0158E-04   
2.0648E-03   -9.9299E-03   
2.3372E-02   -3.0165E-04   
2.1252E-03   -1.0120E-02   
2.3800E-02   -3.5898E-04   
2.1452E-03   -1.0326E-02   
2.1047E-03   -1.0519E-02   
2.4630E-03   -1.0995E-02   
2.6242E-02   -4.4298E-04   
2.7454E-03   -1.1873E-02   
2.8632E-03   -1.2467E-02   
2.7898E-02   -4.7682E-04   
3.2693E-02   -1.7900E-04   
1.9546E-02   -9.9985E-04   
1.9772E-02   -8.1250E-04   
1.9977E-02   -6.2210E-04   
1.2405E-02   -4.5859E-03   
1.1861E-02   -4.8038E-03   
4.5827E-03   -7.3421E-03   
3.8743E-03   -7.5057E-03   
7.2572E-03   -6.5717E-03   
5.2627E-03   -7.1697E-03   
7.9202E-03   -6.3438E-03   
5.9312E-03   -6.9845E-03   
1.1224E-02   -5.0672E-03   
1.4851E-02   -3.4559E-03   
6.5950E-03   -6.7855E-03   
1.8658E-02   -1.5672E-03   
1.8282E-02   -1.7753E-03   
8.5838E-03   -6.1038E-03   
9.2480E-03   -5.8537E-03   
1.6969E-02   -2.4436E-03   
1.7437E-02   -2.2126E-03   
1.9002E-02   -1.3647E-03   
3.1367E-03   -7.6539E-03   
1.9296E-02   -1.1797E-03   
1.0571E-02   -5.3325E-03   
1.6475E-02   -2.6849E-03   
9.9119E-03   -5.5959E-03   
1.7875E-02   -1.9902E-03   
1.5412E-02   -3.1927E-03   
1.5955E-02   -2.9353E-03   
2.1328E-03   -8.0292E-03   
2.0187E-03   -8.1174E-03   
1.9638E-03   -8.1874E-03   
1.9357E-03   -8.2471E-03   
1.9238E-03   -8.3010E-03   
1.9229E-03   -8.3520E-03   
1.9308E-03   -8.4022E-03   
1.9465E-03   -8.4535E-03   
2.0124E-02   -4.6979E-04   
1.9928E-02   -5.1433E-04   
1.9695E-03   -8.5072E-03   
1.9974E-02   -4.2540E-04   
1.9999E-03   -8.5648E-03   
2.0042E-02   -3.6057E-04   
2.0358E-03   -8.6274E-03   
2.0130E-02   -3.1967E-04   
2.0773E-03   -8.6945E-03   
2.0247E-02   -2.9568E-04   
2.1347E-03   -8.7641E-03   
2.0405E-02   -2.7990E-04   
2.2922E-03   -8.8300E-03   
2.0576E-02   -2.8226E-04   
2.2684E-03   -8.9456E-03   
2.0785E-02   -2.9202E-04   
2.3150E-03   -9.0505E-03   
2.1058E-02   -3.0490E-04   
2.3611E-03   -9.1684E-03   
2.1361E-02   -3.2166E-04   
2.5001E-03   -9.4203E-03   
2.8399E-03   -1.0379E-02   
2.2055E-02   -3.8616E-04   
2.6267E-03   -9.5634E-03   
2.7227E-03   -9.7337E-03   
2.8916E-03   -1.0132E-02   
2.4371E-02   -3.5430E-04   
2.5628E-02   -4.0701E-04   
2.6377E-02   -6.2292E-04   
2.2527E-02   -4.1340E-04   
3.7881E-03   -1.2168E-02   
2.7225E-02   -6.4494E-04   
2.8684E-03   -1.1625E-02   
2.3596E-02   -5.0575E-04   
3.4067E-03   -1.0771E-02   
1.9865E-02   -6.3829E-04   
1.9625E-02   -8.2192E-04   
1.9407E-02   -9.8766E-04   
1.3876E-02   -3.6668E-03   
1.3649E-02   -3.9597E-03   
1.4392E-02   -3.4213E-03   
1.1376E-02   -4.8200E-03   
1.8810E-02   -1.3108E-03   
4.7747E-03   -7.3128E-03   
1.9155E-02   -1.1181E-03   
4.0785E-03   -7.5030E-03   
3.3550E-03   -7.6790E-03   
5.4396E-03   -7.1158E-03   
7.3832E-03   -6.4526E-03   
6.7316E-03   -6.6903E-03   
1.0699E-02   -5.1029E-03   
6.0880E-03   -6.9101E-03   
8.0402E-03   -6.2008E-03   
1.4970E-02   -3.1558E-03   
1.7112E-02   -2.1489E-03   
1.8429E-02   -1.5100E-03   
8.7011E-03   -5.9373E-03   
1.7582E-02   -1.9264E-03   
1.8021E-02   -1.7142E-03   
1.6613E-02   -2.3839E-03   
9.3654E-03   -5.6648E-03   
1.0032E-02   -5.3858E-03   
1.6088E-02   -2.6312E-03   
1.5539E-02   -2.8898E-03   
2.1113E-03   -7.8627E-03   
2.5340E-03   -7.9863E-03   
2.4679E-03   -8.0539E-03   
2.4283E-03   -8.1121E-03   
2.4085E-03   -8.1641E-03   
2.4035E-03   -8.2127E-03   
2.4103E-03   -8.2600E-03   
2.4267E-03   -8.3082E-03   
2.4519E-03   -8.3588E-03   
1.9661E-02   -6.1035E-04   
2.4864E-03   -8.4128E-03   
1.9746E-02   -4.9893E-04   
2.5298E-03   -8.4711E-03   
2.5755E-03   -8.5358E-03   
1.9821E-02   -4.3706E-04   
1.9913E-02   -4.0127E-04   
2.6080E-03   -8.6096E-03   
2.0032E-02   -3.8715E-04   
2.7560E-03   -8.7949E-03   
2.0353E-02   -3.8987E-04   
2.8675E-03   -8.8685E-03   
2.0969E-02   -4.1300E-04   
2.0651E-02   -3.9739E-04   
2.9608E-03   -8.9798E-03   
3.2789E-03   -9.3227E-03   
2.3999E-03   -9.2954E-03   
3.3847E-03   -9.5045E-03   
3.5114E-03   -9.6839E-03   
3.5394E-03   -1.1672E-02   
3.4879E-03   -1.1402E-02   
3.6497E-03   -9.8822E-03   
2.2017E-02   -5.3191E-04   
2.4147E-02   -4.7735E-04   
2.3091E-02   -6.1390E-04   
2.5508E-02   -5.8367E-04   
2.2533E-02   -5.6558E-04   
2.1677E-02   -3.5328E-04   
3.8241E-03   -1.0121E-02   
3.2568E-03   -1.1121E-02   
3.5862E-03   -1.0453E-02   
2.8106E-02   -6.6176E-04   
3.6203E-03   -1.2493E-02   
3.4278E-03   -1.1932E-02   
2.6517E-02   -8.1732E-04   
1.3228E-02   -3.8524E-03   
1.9702E-02   -6.8112E-04   
1.8969E-02   -1.0847E-03   
5.0125E-03   -7.2432E-03   
1.8582E-02   -1.2798E-03   
4.3522E-03   -7.4515E-03   
3.0093E-03   -7.8048E-03   
1.0876E-02   -4.8598E-03   
6.8866E-03   -6.5750E-03   
6.2533E-03   -6.8164E-03   
5.6391E-03   -7.0357E-03   
1.4525E-02   -3.1693E-03   
7.5339E-03   -6.3154E-03   
1.7278E-02   -1.8858E-03   
8.1893E-03   -6.0419E-03   
1.7745E-02   -1.6737E-03   
1.8178E-02   -1.4730E-03   
1.6778E-02   -2.1125E-03   
8.8517E-03   -5.7574E-03   
1.0192E-02   -5.1655E-03   
1.5119E-02   -2.8820E-03   
1.6250E-02   -2.3544E-03   
9.5202E-03   -5.4645E-03   
1.5695E-02   -2.6115E-03   
3.0420E-03   -7.8432E-03   
2.9814E-03   -7.9024E-03   
1.2362E-02   -4.2215E-03   
2.9313E-03   -7.9580E-03   
1.1590E-02   -4.5436E-03   
2.8985E-03   -8.0083E-03   
2.8862E-03   -8.0540E-03   
2.8902E-03   -8.0976E-03   
2.9065E-03   -8.1419E-03   
2.9337E-03   -8.1883E-03   
2.9717E-03   -8.2380E-03   
3.3986E-03   -8.6467E-03   
1.9429E-02   -6.5156E-04   
3.0207E-03   -8.2918E-03   
3.0796E-03   -8.3516E-03   
1.9489E-02   -5.7305E-04   
3.1391E-03   -8.4230E-03   
1.9555E-02   -5.2351E-04   
1.9637E-02   -4.9966E-04   
2.6214E-03   -8.6818E-03   
2.0196E-02   -5.0497E-04   
3.5459E-03   -8.7551E-03   
3.5370E-03   -9.0978E-03   
2.3830E-02   -6.5969E-04   
2.2462E-02   -7.4193E-04   
2.0905E-02   -5.5010E-04   
4.1878E-03   -9.4180E-03   
2.0504E-02   -5.2256E-04   
4.3802E-03   -9.5934E-03   
2.9835E-03   -9.1188E-03   
4.2673E-03   -1.1769E-02   
4.5331E-03   -9.7933E-03   
2.4655E-02   -6.4319E-04   
4.3889E-03   -1.0517E-02   
4.2469E-03   -1.0833E-02   
2.1514E-02   -5.0006E-04   
4.3777E-03   -1.1422E-02   
4.0370E-03   -9.2540E-03   
2.1952E-02   -6.9799E-04   
2.7384E-02   -8.3837E-04   
2.5704E-02   -7.8460E-04   
1.9071E-02   -9.1538E-04   
1.8713E-02   -1.0923E-03   
1.9382E-02   -8.5523E-04   
4.0377E-03   -7.5631E-03   
5.2795E-03   -7.1469E-03   
1.4051E-02   -3.2110E-03   
6.4254E-03   -6.7074E-03   
1.8326E-02   -1.2717E-03   
5.8046E-03   -6.9517E-03   
7.0619E-03   -6.4437E-03   
2.4533E-03   -7.8749E-03   
7.7101E-03   -6.1636E-03   
1.0395E-02   -4.9363E-03   
1.6966E-02   -1.8695E-03   
1.7908E-02   -1.4589E-03   
1.7455E-02   -1.6569E-03   
1.4688E-02   -2.9076E-03   
8.3686E-03   -5.8701E-03   
1.6437E-02   -2.1034E-03   
9.0357E-03   -5.5664E-03   
9.7113E-03   -5.2548E-03   
1.5296E-02   -2.6229E-03   
1.5879E-02   -2.3552E-03   
1.1107E-02   -4.6058E-03   
3.5273E-03   -7.7293E-03   
3.4631E-03   -7.7820E-03   
3.4006E-03   -7.8348E-03   
3.6164E-03   -7.6648E-03   
3.3740E-03   -7.8784E-03   
1.1851E-02   -4.2648E-03   
1.2625E-02   -3.9098E-03   
3.3719E-03   -7.9178E-03   
1.9340E-02   -7.5916E-04   
1.3369E-02   -3.5511E-03   
3.3872E-03   -7.9569E-03   
3.4161E-03   -7.9980E-03   
3.5107E-03   -8.0911E-03   
1.9155E-02   -7.2170E-04   
3.5824E-03   -8.1434E-03   
3.6822E-03   -8.2000E-03   
1.9178E-02   -6.6570E-04   
1.9240E-02   -6.2682E-04   
3.6053E-03   -8.4620E-03   
3.7270E-03   -8.8794E-03   
1.9972E-02   -6.4332E-04   
2.1484E-02   -6.6026E-04   
5.0362E-03   -9.2823E-03   
3.1202E-03   -8.5253E-03   
2.3008E-02   -7.9802E-04   
4.0819E-03   -8.5159E-03   
2.1821E-02   -8.8408E-04   
3.9631E-03   -9.1121E-03   
5.1898E-03   -1.0572E-02   
4.7914E-03   -9.1379E-03   
4.7389E-03   -9.9482E-03   
2.1094E-02   -6.4177E-04   
2.5027E-02   -7.6071E-04   
2.0286E-02   -6.7698E-04   
4.5689E-03   -1.0201E-02   
4.2651E-03   -1.1127E-02   
2.5772E-02   -9.9348E-04   
2.8186E-02   -8.4265E-04   
4.4750E-03   -1.2366E-02   
5.4609E-03   -1.1453E-02   
2.4378E-02   -5.5104E-04   
1.8449E-02   -1.1135E-03   
5.3061E-03   -7.1230E-03   
1.0639E-02   -4.7001E-03   
5.9903E-03   -6.8494E-03   
6.6225E-03   -6.5816E-03   
1.8054E-02   -1.2873E-03   
7.2613E-03   -6.2984E-03   
1.4249E-02   -2.9670E-03   
1.7170E-02   -1.6564E-03   
1.7637E-02   -1.4650E-03   
7.9139E-03   -5.9994E-03   
1.6648E-02   -1.8778E-03   
9.9371E-03   -5.0377E-03   
8.5786E-03   -5.6876E-03   
1.4889E-02   -2.6660E-03   
9.2536E-03   -5.3663E-03   
1.6090E-02   -2.1214E-03   
1.5502E-02   -2.3849E-03   
4.0851E-03   -7.5679E-03   
3.9147E-03   -7.6476E-03   
1.9123E-02   -7.9987E-04   
3.8697E-03   -7.6885E-03   
1.2861E-02   -3.6365E-03   
1.1370E-02   -4.3505E-03   
1.3573E-02   -3.2915E-03   
3.8603E-03   -7.7222E-03   
3.8710E-03   -7.7556E-03   
1.2117E-02   -3.9940E-03   
3.9000E-03   -7.7904E-03   
3.9444E-03   -7.8283E-03   
4.0021E-03   -7.8707E-03   
1.9320E-02   -6.1289E-04   
4.0800E-03   -7.9158E-03   
3.8150E-03   -8.2728E-03   
4.1923E-03   -7.9597E-03   
1.8763E-02   -8.4182E-04   
2.0930E-02   -7.9039E-04   
1.8816E-02   -7.7830E-04   
4.2603E-03   -8.6051E-03   
4.3472E-03   -8.8737E-03   
1.9701E-02   -6.2472E-04   
4.0077E-03   -8.4224E-03   
2.0595E-02   -7.3451E-04   
5.4950E-03   -9.0043E-03   
5.5465E-03   -9.8883E-03   
4.6132E-03   -8.9929E-03   
5.2540E-03   -9.7226E-03   
1.9685E-02   -8.1348E-04   
2.4244E-02   -8.6550E-04   
6.1850E-03   -1.0276E-02   
2.5004E-02   -9.4630E-04   
4.9854E-03   -1.0863E-02   
2.5802E-02   -1.2235E-03   
5.6001E-03   -1.2174E-02   
2.7638E-02   -1.0581E-03   
2.8973E-02   -7.1398E-04   
6.2339E-03   -1.1691E-02   
2.3469E-02   -8.8289E-04   
1.8566E-02   -9.8291E-04   
4.6713E-03   -7.3577E-03   
5.6283E-03   -6.9779E-03   
6.2235E-03   -6.7212E-03   
1.0194E-02   -4.8167E-03   
6.8446E-03   -6.4412E-03   
1.7808E-02   -1.3183E-03   
1.7408E-02   -1.4637E-03   
7.4866E-03   -6.1412E-03   
4.3687E-03   -7.4782E-03   
1.6889E-02   -1.6721E-03   
1.4480E-02   -2.7361E-03   
8.1462E-03   -5.8248E-03   
9.5001E-03   -5.1604E-03   
1.6327E-02   -1.9080E-03   
8.8188E-03   -5.4965E-03   
1.5121E-02   -2.4400E-03   
1.5737E-02   -2.1642E-03   
4.3631E-03   -7.4917E-03   
1.0913E-02   -4.4621E-03   
1.3112E-02   -3.3882E-03   
1.3809E-02   -3.0530E-03   
4.3620E-03   -7.5116E-03   
1.2386E-02   -3.7406E-03   
4.3604E-03   -7.5406E-03   
4.3868E-03   -7.5683E-03   
1.1648E-02   -4.1011E-03   
1.8887E-02   -8.5345E-04   
4.5754E-03   -7.6715E-03   
4.4334E-03   -7.5981E-03   
1.8875E-02   -7.5061E-04   
4.4962E-03   -7.6323E-03   
1.9694E-02   -5.0596E-04   
4.3596E-03   -8.2034E-03   
4.3427E-03   -8.0032E-03   
4.6077E-03   -8.2603E-03   
4.6854E-03   -7.7091E-03   
1.8375E-02   -9.5148E-04   
1.9989E-02   -8.6297E-04   
1.9406E-02   -7.8187E-04   
4.6872E-03   -8.3681E-03   
5.3869E-03   -8.8462E-03   
6.0773E-03   -9.5131E-03   
2.5012E-02   -1.1749E-03   
2.0316E-02   -9.2334E-04   
5.1642E-03   -8.7072E-03   
2.2820E-02   -1.0053E-03   
6.3737E-03   -9.9210E-03   
2.3408E-02   -1.1055E-03   
6.0029E-03   -1.0672E-02   
4.4684E-03   -8.6775E-03   
2.6668E-02   -1.2665E-03   
2.1343E-02   -8.3695E-04   
2.9892E-02   -5.7108E-04   
6.8262E-03   -1.1211E-02   
4.7961E-03   -7.3144E-03   
1.8157E-02   -1.1578E-03   
5.8754E-03   -6.8551E-03   
6.4726E-03   -6.5824E-03   
7.0951E-03   -6.2879E-03   
9.7734E-03   -4.9516E-03   
1.7760E-02   -1.2534E-03   
5.1451E-03   -7.1748E-03   
1.7169E-02   -1.4780E-03   
1.0480E-02   -4.5940E-03   
7.7431E-03   -5.9718E-03   
1.6590E-02   -1.7132E-03   
8.4105E-03   -5.6397E-03   
9.0881E-03   -5.2986E-03   
1.4738E-02   -2.5193E-03   
1.5997E-02   -1.9608E-03   
1.5379E-02   -2.2288E-03   
4.9244E-03   -7.2686E-03   
1.2669E-02   -3.5040E-03   
1.4070E-02   -2.8301E-03   
1.3380E-02   -3.1589E-03   
1.9474E-02   -6.1018E-04   
4.8583E-03   -7.3143E-03   
1.1205E-02   -4.2291E-03   
4.8791E-03   -7.3341E-03   
1.1939E-02   -3.8634E-03   
1.8416E-02   -9.0999E-04   
5.0720E-03   -7.4119E-03   
4.9257E-03   -7.3548E-03   
5.1774E-03   -7.4454E-03   
4.9906E-03   -7.3802E-03   
5.4380E-03   -8.0377E-03   
1.8273E-02   -1.0398E-03   
1.8941E-02   -7.4968E-04   
4.8286E-03   -7.7453E-03   
2.0273E-02   -3.5309E-04   
5.7303E-03   -8.3670E-03   
1.9166E-02   -7.6629E-04   
2.1139E-02   -1.0412E-03   
2.0692E-02   -9.8321E-04   
1.9655E-02   -1.0718E-03   
1.9344E-02   -1.0131E-03   
2.2486E-02   -1.2350E-03   
1.9062E-02   -9.6841E-04   
4.9519E-03   -8.6086E-03   
6.3077E-03   -8.6816E-03   
4.4964E-03   -8.0416E-03   
5.0823E-03   -7.9880E-03   
6.5448E-03   -9.1364E-03   
2.3625E-02   -1.3065E-03   
6.5372E-03   -9.6183E-03   
5.0640E-03   -8.3954E-03   
2.5814E-02   -1.4725E-03   
6.3116E-03   -1.0981E-02   
3.1042E-02   -3.0063E-04   
7.1863E-03   -9.9327E-03   
2.9828E-02   -7.8586E-04   
2.5004E-02   -1.4225E-03   
2.2331E-02   -9.3213E-04   
7.0478E-03   -1.0276E-02   
5.3129E-03   -7.1006E-03   
6.1546E-03   -6.7153E-03   
6.7480E-03   -6.4324E-03   
1.0071E-02   -4.7424E-03   
1.7471E-02   -1.2926E-03   
7.3715E-03   -6.1243E-03   
9.3809E-03   -5.0985E-03   
1.6861E-02   -1.5401E-03   
8.0313E-03   -5.7913E-03   
8.7036E-03   -5.4473E-03   
1.6284E-02   -1.7748E-03   
1.2966E-02   -3.2842E-03   
1.5016E-02   -2.3187E-03   
1.5668E-02   -2.0320E-03   
1.4347E-02   -2.6262E-03   
5.3163E-03   -7.1046E-03   
1.3666E-02   -2.9470E-03   
1.7972E-02   -1.1175E-03   
1.0785E-02   -4.3758E-03   
1.2244E-02   -3.6393E-03   
5.3767E-03   -7.0922E-03   
1.1513E-02   -4.0057E-03   
5.4265E-03   -7.0998E-03   
5.6764E-03   -7.1667E-03   
5.5724E-03   -7.1388E-03   
1.7954E-02   -1.0871E-03   
5.4896E-03   -7.1162E-03   
1.8459E-02   -8.9783E-04   
1.9947E-02   -5.0917E-04   
5.2964E-03   -7.4846E-03   
1.8815E-02   -9.3927E-04   
1.8962E-02   -1.2395E-03   
4.8978E-03   -7.9449E-03   
1.8950E-02   -7.8487E-04   
1.8674E-02   -1.1845E-03   
1.9273E-02   -1.3104E-03   
6.4634E-03   -8.2320E-03   
2.1660E-02   -1.0898E-03   
2.0403E-02   -1.2109E-03   
5.0492E-03   -7.7730E-03   
2.1578E-02   -1.3383E-03   
7.2408E-03   -9.2164E-03   
5.9770E-03   -9.0488E-03   
6.8561E-03   -8.2842E-03   
5.9676E-03   -8.0557E-03   
2.4974E-02   -1.6896E-03   
2.6653E-02   -1.5213E-03   
7.4724E-03   -9.5199E-03   
7.1114E-03   -1.0582E-02   
3.0604E-02   -6.5394E-04   
7.8516E-03   -9.9528E-03   
5.5728E-03   -6.9845E-03   
6.4691E-03   -6.5599E-03   
9.6910E-03   -4.9012E-03   
7.0153E-03   -6.2873E-03   
1.7066E-02   -1.4240E-03   
1.0387E-02   -4.5379E-03   
7.6701E-03   -5.9538E-03   
9.0132E-03   -5.2558E-03   
1.6580E-02   -1.6141E-03   
1.3277E-02   -3.0826E-03   
8.3389E-03   -5.6075E-03   
1.2565E-02   -3.4299E-03   
5.9060E-03   -6.8319E-03   
1.6004E-02   -1.8493E-03   
1.4628E-02   -2.4481E-03   
1.3961E-02   -2.7569E-03   
5.9573E-03   -6.8257E-03   
1.1836E-02   -3.7941E-03   
1.1105E-02   -4.1661E-03   
1.7970E-02   -1.0656E-03   
1.8620E-02   -9.2457E-04   
6.1807E-03   -6.8751E-03   
6.0011E-03   -6.8400E-03   
5.4793E-03   -7.7177E-03   
6.0779E-03   -6.8550E-03   
1.8509E-02   -9.1104E-04   
5.7932E-03   -7.2033E-03   
7.2280E-03   -7.9462E-03   
1.8247E-02   -1.4290E-03   
5.3928E-03   -7.5351E-03   
1.8534E-02   -1.4968E-03   
1.8413E-02   -1.1448E-03   
1.9625E-02   -1.3945E-03   
6.5953E-03   -7.9969E-03   
8.8541E-03   -9.7289E-03   
7.4093E-03   -8.3222E-03   
2.2033E-02   -1.4988E-03   
2.0909E-02   -1.2785E-03   
2.6640E-02   -1.7806E-03   
6.2497E-03   -7.7847E-03   
7.9859E-03   -1.0189E-02   
2.4170E-02   -1.6338E-03   
2.7509E-02   -1.3248E-03   
8.1668E-03   -9.0932E-03   
7.1275E-03   -8.6940E-03   
7.5026E-03   -8.8512E-03   
2.4922E-02   -1.9794E-03   
1.7480E-02   -1.2517E-03   
1.0015E-02   -4.7108E-03   
9.3361E-03   -5.0693E-03   
6.5902E-03   -6.5015E-03   
1.5812E-02   -1.9107E-03   
1.8049E-02   -1.0952E-03   
7.3155E-03   -6.1319E-03   
1.2902E-02   -3.2368E-03   
1.6921E-02   -1.4586E-03   
1.3600E-02   -2.9010E-03   
1.6319E-02   -1.7003E-03   
7.9869E-03   -5.7814E-03   
1.2177E-02   -3.5955E-03   
1.0718E-02   -4.3420E-03   
1.1443E-02   -3.9672E-03   
6.5345E-03   -6.5516E-03   
1.4839E-02   -2.3318E-03   
1.4264E-02   -2.5909E-03   
6.6877E-03   -6.5760E-03   
6.5898E-03   -6.5648E-03   
5.8851E-03   -7.2689E-03   
6.3014E-03   -6.9041E-03   
1.7995E-02   -1.0706E-03   
6.8813E-03   -7.4627E-03   
1.8186E-02   -1.1197E-03   
1.7786E-02   -1.7022E-03   
6.7941E-03   -7.7071E-03   
1.7978E-02   -1.3795E-03   
1.8838E-02   -1.5843E-03   
2.3342E-02   -1.5702E-03   
2.0060E-02   -1.4803E-03   
7.8128E-03   -7.9515E-03   
5.8786E-03   -7.4153E-03   
5.6929E-03   -7.7628E-03   
2.2887E-02   -1.3907E-03   
2.1183E-02   -1.6575E-03   
7.9915E-03   -8.3090E-03   
8.9937E-03   -1.0058E-02   
9.2697E-03   -9.2645E-03   
7.4717E-03   -7.6186E-03   
2.4239E-02   -1.3661E-03   
2.5796E-02   -2.0060E-03   
2.7481E-02   -1.5684E-03   
2.8284E-02   -1.1741E-03   
8.1817E-03   -8.4763E-03   
9.0921E-03   -8.7962E-03   
1.6032E-02   -1.8155E-03   
8.9884E-03   -5.2550E-03   
9.6532E-03   -4.9008E-03   
1.7475E-02   -1.2753E-03   
1.4628E-02   -2.4230E-03   
1.3951E-02   -2.7322E-03   
1.6528E-02   -1.6148E-03   
1.0345E-02   -4.5347E-03   
1.3258E-02   -3.0600E-03   
1.2539E-02   -3.4107E-03   
8.3346E-03   -5.6039E-03   
1.1802E-02   -3.7802E-03   
1.1066E-02   -4.1581E-03   
7.0302E-03   -6.2882E-03   
7.1016E-03   -6.2759E-03   
7.1914E-03   -6.2768E-03   
6.8126E-03   -6.5941E-03   
6.4152E-03   -6.9562E-03   
7.6407E-03   -5.9734E-03   
1.7469E-02   -1.2509E-03   
1.7262E-02   -1.6013E-03   
1.5346E-02   -2.1036E-03   
1.7511E-02   -1.6436E-03   
6.8275E-03   -7.3084E-03   
6.2633E-03   -7.4260E-03   
8.8263E-03   -8.0636E-03   
1.8070E-02   -1.7791E-03   
6.4986E-03   -7.0455E-03   
1.7456E-02   -1.3471E-03   
8.2652E-03   -7.5303E-03   
1.9156E-02   -1.7014E-03   
7.7011E-03   -7.2601E-03   
2.1672E-02   -1.7474E-03   
2.2693E-02   -1.8263E-03   
2.0612E-02   -1.5618E-03   
2.9117E-02   -1.1701E-03   
9.6186E-03   -8.3667E-03   
9.1906E-03   -8.2153E-03   
1.0009E-02   -9.3007E-03   
2.4956E-02   -2.2694E-03   
9.2689E-03   -1.0382E-02   
2.6591E-02   -2.0437E-03   
2.8347E-02   -1.3759E-03   
1.6398E-02   -1.6814E-03   
9.2882E-03   -5.1143E-03   
8.6429E-03   -5.4582E-03   
1.4337E-02   -2.5714E-03   
1.6948E-02   -1.4560E-03   
1.3640E-02   -2.8957E-03   
9.9741E-03   -4.7497E-03   
1.2926E-02   -3.2385E-03   
1.0695E-02   -4.3698E-03   
1.2187E-02   -3.6044E-03   
7.6814E-03   -5.9872E-03   
1.1436E-02   -3.9855E-03   
7.3216E-03   -6.2788E-03   
1.5748E-02   -1.9515E-03   
1.6758E-02   -1.8865E-03   
8.1089E-03   -5.7420E-03   
7.0615E-03   -6.7001E-03   
7.4739E-03   -6.2948E-03   
7.1861E-03   -6.9880E-03   
1.5041E-02   -2.2549E-03   
1.7037E-02   -1.9277E-03   
2.1789E-02   -1.9811E-03   
1.6886E-02   -1.5170E-03   
1.7316E-02   -1.9891E-03   
7.5981E-03   -7.0321E-03   
1.8331E-02   -1.8862E-03   
1.9638E-02   -1.8039E-03   
1.7025E-02   -1.5835E-03   
1.0236E-02   -7.9182E-03   
8.3707E-03   -7.2091E-03   
9.3020E-03   -7.2091E-03   
2.2407E-02   -1.6639E-03   
2.9414E-02   -1.4255E-03   
9.8382E-03   -7.7492E-03   
2.0276E-02   -1.8837E-03   
2.2509E-02   -2.0900E-03   
2.4110E-02   -2.6049E-03   
1.0225E-02   -8.4773E-03   
1.0419E-02   -8.8131E-03   
2.3821E-02   -2.2870E-03   
2.9750E-02   -9.7875E-04   
2.7485E-02   -1.8183E-03   
8.0287E-03   -1.0870E-02   
8.3599E-03   -7.9871E-03   
8.8981E-03   -5.3604E-03   
8.2615E-03   -5.6932E-03   
1.4052E-02   -2.7433E-03   
1.6207E-02   -1.8039E-03   
1.3340E-02   -3.0801E-03   
1.0317E-02   -4.6098E-03   
7.8112E-03   -5.9726E-03   
1.2599E-02   -3.4417E-03   
7.6254E-03   -6.3403E-03   
1.1070E-02   -4.2162E-03   
7.1522E-03   -6.8075E-03   
1.1835E-02   -3.8241E-03   
1.4758E-02   -2.4210E-03   
7.9887E-03   -5.9588E-03   
1.6244E-02   -2.1989E-03   
1.6789E-02   -1.6071E-03   
1.5455E-02   -2.1145E-03   
1.6518E-02   -1.8537E-03   
1.6640E-02   -2.1867E-03   
1.7608E-02   -2.0648E-03   
1.0952E-02   -7.4347E-03   
8.6802E-03   -6.8518E-03   
9.6593E-03   -7.3083E-03   
8.9799E-03   -7.1217E-03   
2.0723E-02   -2.2811E-03   
2.7353E-02   -2.0675E-03   
1.0669E-02   -9.3824E-03   
8.0547E-03   -6.6405E-03   
9.3244E-03   -7.6569E-03   
1.9987E-02   -2.2209E-03   
2.3245E-02   -2.1162E-03   
3.0089E-02   -1.1309E-03   
2.8566E-02   -1.8588E-03   
2.4418E-02   -2.8651E-03   
1.1633E-02   -8.4527E-03   
9.0587E-03   -1.0866E-02   
1.9267E-02   -2.1650E-03   
7.2733E-03   -1.0832E-02   
1.3778E-02   -2.9357E-03   
1.6342E-02   -1.8261E-03   
1.4488E-02   -2.6046E-03   
1.3044E-02   -3.2899E-03   
1.0697E-02   -4.4756E-03   
8.4667E-03   -5.6428E-03   
6.5895E-03   -7.1379E-03   
7.7453E-03   -6.4320E-03   
1.5189E-02   -2.2885E-03   
8.2028E-03   -5.9592E-03   
1.5969E-02   -2.1631E-03   
9.5869E-03   -4.9961E-03   
1.1484E-02   -4.0695E-03   
1.0479E-02   -7.2173E-03   
9.7742E-03   -6.8154E-03   
1.6790E-02   -2.2969E-03   
9.2417E-03   -6.8165E-03   
7.8371E-03   -6.5606E-03   
8.3606E-03   -6.6611E-03   
8.2672E-03   -6.8581E-03   
1.0371E-02   -6.8583E-03   
1.1253E-02   -7.6835E-03   
2.1490E-02   -2.3616E-03   
2.6418E-02   -2.3659E-03   
1.9685E-02   -2.5785E-03   
1.5291E-02   -2.5438E-03   
1.8260E-02   -2.5032E-03   
2.2407E-02   -2.4543E-03   
1.1814E-02   -9.0192E-03   
9.7186E-03   -9.6660E-03   
1.8981E-02   -2.5259E-03   
2.4084E-02   -1.9232E-03   
1.2255E-02   -8.5569E-03   
1.1126E-02   -8.3503E-03   
2.5510E-02   -2.7719E-03   
2.3292E-02   -2.9899E-03   
1.4234E-02   -2.8020E-03   
1.3540E-02   -3.1362E-03   
1.5721E-02   -2.1367E-03   
8.3839E-03   -6.0184E-03   
1.5780E-02   -2.0278E-03   
1.4934E-02   -2.4798E-03   
1.2778E-02   -3.5140E-03   
8.7303E-03   -5.5932E-03   
1.1128E-02   -4.3419E-03   
1.1948E-02   -3.9265E-03   
1.0692E-02   -6.4309E-03   
1.0127E-02   -6.4312E-03   
9.1768E-03   -5.2753E-03   
8.4675E-03   -6.3201E-03   
8.4555E-03   -6.1620E-03   
8.8957E-03   -6.2740E-03   
9.9259E-03   -4.8813E-03   
1.7239E-02   -2.3728E-03   
1.4744E-02   -2.9282E-03   
1.8000E-02   -2.8549E-03   
9.0382E-03   -6.4601E-03   
1.7402E-02   -2.6051E-03   
1.2078E-02   -7.9978E-03   
2.0389E-02   -2.6555E-03   
1.2115E-02   -7.1675E-03   
9.5223E-03   -8.9135E-03   
1.2980E-02   -8.6176E-03   
1.6113E-02   -2.6834E-03   
1.8663E-02   -2.8941E-03   
1.1464E-02   -6.6248E-03   
1.2749E-02   -8.0948E-03   
1.1274E-02   -9.5120E-03   
2.3663E-02   -3.2412E-03   
2.6704E-02   -2.6831E-03   
1.4040E-02   -2.9776E-03   
1.4686E-02   -2.6851E-03   
1.0329E-02   -4.7583E-03   
9.1015E-03   -5.9571E-03   
1.1608E-02   -4.2132E-03   
9.9737E-03   -6.0490E-03   
9.1048E-03   -5.5365E-03   
1.5068E-02   -3.0049E-03   
9.5282E-03   -5.1812E-03   
9.2499E-03   -5.6698E-03   
1.7901E-02   -2.1114E-03   
1.2488E-02   -3.7832E-03   
1.5316E-02   -2.3950E-03   
1.0493E-02   -6.0314E-03   
1.7675E-02   -3.2277E-03   
1.1052E-02   -6.0233E-03   
1.7444E-02   -2.8372E-03   
8.6183E-03   -9.2029E-03   
1.3941E-02   -8.6150E-03   
1.9326E-02   -2.9616E-03   
1.0087E-02   -9.8411E-03   
1.2767E-02   -6.2616E-03   
1.2435E-02   -7.4902E-03   
1.6395E-02   -2.8421E-03   
2.1111E-02   -2.7570E-03   
1.1944E-02   -9.6603E-03   
1.2996E-02   -6.6141E-03   
1.3274E-02   -7.5957E-03   
1.2587E-02   -9.1067E-03   
2.2488E-02   -3.4025E-03   
1.1260E-02   -6.4131E-03   
2.7971E-02   -2.5625E-03   
1.0787E-02   -4.6303E-03   
1.0877E-02   -5.6131E-03   
1.3449E-02   -3.3129E-03   
9.9911E-03   -5.0494E-03   
1.4063E-02   -3.3479E-03   
1.1631E-02   -6.0345E-03   
9.5881E-03   -6.0499E-03   
1.8935E-02   -3.3655E-03   
1.2105E-02   -4.1080E-03   
1.1424E-02   -5.6018E-03   
9.7829E-03   -5.2788E-03   
1.5354E-02   -3.1412E-03   
1.8296E-02   -3.2878E-03   
1.4356E-02   -2.9379E-03   
9.7123E-03   -5.8028E-03   
1.6619E-02   -3.0383E-03   
1.0519E-02   -8.0927E-03   
1.2168E-02   -6.1107E-03   
1.3294E-02   -6.8965E-03   
1.3803E-02   -7.0787E-03   
1.4072E-02   -7.7374E-03   
1.5209E-02   -8.0823E-03   
2.2901E-02   -3.7044E-03   
1.1175E-02   -1.0202E-02   
2.0658E-02   -3.1670E-03   
2.8835E-02   -2.1853E-03   
1.1260E-02   -4.5213E-03   
1.0471E-02   -4.9210E-03   
1.3100E-02   -3.6611E-03   
1.1804E-02   -5.1767E-03   
1.4318E-02   -3.4753E-03   
1.6939E-02   -3.2277E-03   
1.5631E-02   -3.3054E-03   
1.2019E-02   -5.5974E-03   
1.7922E-02   -3.6986E-03   
1.7304E-02   -3.6259E-03   
2.1379E-02   -3.5241E-03   
1.9593E-02   -3.4685E-03   
1.5002E-02   -6.6773E-03   
1.4143E-02   -6.3785E-03   
1.0320E-02   -5.6678E-03   
2.1752E-02   -2.9107E-03   
2.4681E-02   -3.0834E-03   
2.1703E-02   -4.2553E-03   
1.5266E-02   -7.6646E-03   
1.5246E-02   -8.5097E-03   
1.5429E-02   -7.2293E-03   
1.3298E-02   -5.6984E-03   
1.2525E-02   -9.8783E-03   
2.9172E-02   -2.4470E-03   
1.0909E-02   -4.8459E-03   
1.3940E-02   -3.2317E-03   
1.0509E-02   -5.3530E-03   
1.2488E-02   -4.0754E-03   
1.6808E-02   -4.1248E-03   
1.3234E-02   -3.8584E-03   
1.1723E-02   -4.4492E-03   
1.4595E-02   -3.6323E-03   
1.2389E-02   -5.1549E-03   
1.6082E-02   -3.7000E-03   
1.3057E-02   -5.1415E-03   
1.6306E-02   -3.9256E-03   
2.2181E-02   -3.1310E-03   
1.8566E-02   -3.7753E-03   
2.0312E-02   -3.6009E-03   
2.5550E-02   -3.1369E-03   
1.3914E-02   -6.0857E-03   
2.1258E-02   -3.2633E-03   
1.3855E-02   -5.7869E-03   
2.0515E-02   -3.9286E-03   
1.1292E-02   -5.1521E-03   
1.3889E-02   -5.1267E-03   
1.5812E-02   -6.7494E-03   
2.0573E-02   -4.2815E-03   
2.2928E-02   -4.0461E-03   
1.4320E-02   -6.6387E-03   
1.6302E-02   -7.2264E-03   
1.6183E-02   -7.9934E-03   
1.1640E-02   -1.0384E-02   
1.1330E-02   -4.8413E-03   
1.3402E-02   -4.6834E-03   
1.2281E-02   -4.3426E-03   
1.3595E-02   -3.9617E-03   
1.4754E-02   -5.6009E-03   
1.2727E-02   -4.7363E-03   
1.5623E-02   -4.4094E-03   
1.7696E-02   -4.0509E-03   
1.7298E-02   -7.7019E-03   
1.9597E-02   -4.3316E-03   
1.0134E-02   -5.2294E-03   
1.4566E-02   -5.2802E-03   
1.9170E-02   -3.8891E-03   
1.4938E-02   -3.7753E-03   
1.5220E-02   -4.2012E-03   
1.6262E-02   -6.2534E-03   
1.1341E-02   -1.0805E-02   
1.6676E-02   -6.8052E-03   
2.0502E-02   -4.6229E-03   
2.3730E-02   -3.7565E-03   
1.5916E-02   -3.4783E-03   
9.8676E-03   -5.5256E-03   
1.2158E-02   -4.8179E-03   
1.4113E-02   -4.6675E-03   
1.2860E-02   -4.4227E-03   
1.8134E-02   -4.1992E-03   
1.4452E-02   -4.2279E-03   
1.4920E-02   -4.8397E-03   
1.2812E-02   -4.2387E-03   
1.9696E-02   -5.0596E-03   
1.2113E-02   -4.6324E-03   
2.4734E-02   -3.6036E-03   
1.9535E-02   -4.7168E-03   
1.5385E-02   -6.1599E-03   
1.4748E-02   -4.6477E-03   
1.8073E-02   -7.1872E-03   
1.0061E-02   -1.1275E-02   
1.5318E-02   -3.8723E-03   
1.6155E-02   -5.5871E-03   
1.7063E-02   -4.4605E-03   
1.7545E-02   -4.7188E-03   
1.6835E-02   -5.7181E-03   
2.0050E-02   -5.3658E-03   
1.5450E-02   -5.1936E-03   
1.7615E-02   -6.8852E-03   
1.8482E-02   -7.4152E-03   
1.7332E-02   -5.2009E-03   
1.5728E-02   -5.3946E-03   
1.9574E-02   -7.3790E-03   
1.7547E-02   -5.8630E-03   
1.9672E-02   -4.0108E-03   
2.1420E-02   -5.1025E-03   
1.8781E-02   -5.5784E-03   
1.6370E-02   -4.9454E-03   
1.8514E-02   -4.7553E-03   
1.7038E-02   -6.3454E-03   
1.9021E-02   -5.9021E-03   
2.2475E-02   -4.5010E-03   
2.0736E-02   -6.7977E-03   
1.8054E-02   -6.0140E-03   
1.6625E-02   -5.1682E-03   
1.8971E-02   -6.3235E-03   
2.0048E-02   -6.3070E-03   
2.1433E-02   -5.8352E-03   
2.1931E-02   -5.3384E-03   
2.1047E-02   -6.3470E-03   
1.0331E-03   -1.3401E-02   
1.8856E-02   -6.7146E-03   
1.7778E-02   -7.9581E-03   
3.0990E-02   -1.1205E-03   
2.3305E-03   -1.1243E-02   
3.3809E-02   -1.6712E-04   
3.0387E-02   -2.3272E-03   
1.8769E-03   -1.3555E-02   
8.9819E-03   -1.1302E-02   
2.1179E-02   -7.0530E-03   
3.1512E-02   -5.9680E-04   
2.8685E-03   -1.3438E-02   
1.0088E-02   -1.0451E-02   
4.0735E-03   -1.3270E-02   
5.3044E-03   -1.3086E-02   
6.5331E-03   -1.2866E-02   
7.8009E-03   -1.2614E-02   
3.4892E-02   -1.5292E-04   
9.0954E-03   -1.2337E-02   
1.0453E-02   -1.2019E-02   
2.9599E-02   -1.8982E-03   
1.1853E-02   -1.1689E-02   
3.6006E-02   -1.4740E-04   
1.3275E-02   -1.1343E-02   
1.4738E-02   -1.0983E-02   
2.2662E-02   -4.8846E-03   
1.6389E-02   -1.0553E-02   
3.7179E-02   -1.3670E-04   
2.5798E-02   -2.2385E-03   
1.7708E-02   -1.0352E-02   
1.3229E-02   -8.2350E-03   
6.8320E-03   -1.1943E-02   
2.9813E-02   -1.6548E-03   
1.9244E-02   -9.8539E-03   
2.0969E-02   -9.5014E-03   
3.8388E-02   -1.2103E-04   
2.2577E-02   -9.1400E-03   
1.3999E-02   -9.5479E-03   
2.4363E-02   -8.7017E-03   
2.5755E-02   -8.4985E-03   
3.9641E-02   -1.0515E-04   
2.7368E-02   -7.9892E-03   
2.9189E-02   -7.5590E-03   
3.0164E-03   -1.2768E-02   
3.0896E-02   -7.0971E-03   
4.1087E-02   -9.5064E-05   
3.1947E-02   -3.7226E-04   
1.4958E-02   -8.9906E-03   
3.2745E-02   -6.5145E-03   
3.4510E-02   -5.9908E-03   
2.8348E-02   -2.7810E-03   
4.2694E-02   -5.1560E-05   
2.5854E-02   -3.4250E-03   
2.3808E-02   -4.0337E-03   
3.7982E-02   -4.6950E-03   
4.4423E-02   -7.4544E-04   
4.4741E-02   -7.4294E-04   
4.4568E-02   -2.1163E-04   
4.4702E-02   -8.8449E-05   
4.4466E-02   -4.7367E-04   
1.2203E-02   -1.0876E-02   
4.1867E-02   -2.7182E-03   
3.4944E-03   -1.3017E-02   
2.6729E-02   -3.4875E-03   
2.5175E-02   -3.9013E-03   
6.1459E-03   -1.2362E-02   
2.3588E-02   -4.8667E-03   
7.9360E-03   -1.1736E-02   
3.1826E-02   -9.4329E-04   
2.2248E-02   -5.9112E-03   
3.1224E-02   -1.9611E-03   
8.8092E-03   -1.1757E-02   
1.5675E-02   -9.1621E-03   
6.0457E-03   -1.2669E-02   
1.7329E-02   -8.5329E-03   
8.5967E-03   -1.2153E-02   
2.8069E-02   -3.1202E-03   
3.0392E-02   -6.8221E-03   
2.2110E-02   -8.8590E-03   
1.1370E-02   -1.1449E-02   
1.4408E-02   -9.8118E-03   
1.4235E-02   -1.0743E-02   
1.3895E-02   -1.0391E-02   
3.6551E-02   -2.8728E-04   
2.2714E-02   -6.7441E-03   
3.2463E-02   -5.3377E-04   
3.0763E-02   -2.5422E-03   
3.4397E-02   -2.9762E-04   
4.0909E-02   -2.0518E-04   
2.0180E-02   -7.6142E-03   
2.4921E-02   -8.1638E-03   
3.0305E-02   -1.2636E-03   
3.0733E-02   -1.7180E-03   
2.2765E-02   -5.1153E-03   
1.6556E-02   -8.1405E-03   
4.3663E-02   -2.0636E-05   
3.6313E-02   -5.3467E-03   
1.6839E-02   -1.0043E-02   
3.3152E-02   -5.9859E-03   
4.4794E-02   -5.0365E-04   
4.4997E-02   -4.6375E-05   
4.4930E-02   -1.3004E-04   
4.4844E-02   -3.0438E-04   
2.7552E-02   -7.4728E-03   
1.9360E-02   -9.3184E-03   
3.8936E-02   -2.2700E-04   
3.9540E-02   -3.4135E-03   
4.2881E-02   -1.5037E-04   
4.1664E-02   -2.4829E-03   
4.2601E-02   -1.0904E-03   
4.3081E-02   -2.0997E-04   
4.2865E-02   -4.6955E-04   
4.2334E-02   -1.6968E-03   
2.7832E-02   -3.5281E-03   
2.1765E-02   -8.5600E-03   
3.2166E-02   -7.3221E-04   
3.3269E-02   -6.1369E-04   
3.5896E-02   -4.5776E-04   
3.9004E-03   -1.2677E-02   
1.9707E-02   -8.1762E-03   
2.4922E-02   -4.4292E-03   
1.5145E-02   -1.0222E-02   
3.2031E-02   -1.1586E-03   
3.8257E-02   -3.7396E-04   
3.5731E-02   -5.1999E-03   
1.0979E-02   -1.1236E-02   
2.0586E-02   -8.8092E-03   
1.6378E-02   -9.8658E-03   
2.4566E-02   -7.9204E-03   
1.8260E-02   -8.5206E-03   
2.9170E-02   -6.8561E-03   
2.3648E-02   -5.6449E-03   
1.7955E-02   -9.4448E-03   
3.0374E-02   -2.9277E-03   
3.1625E-02   -2.2004E-03   
2.6190E-02   -7.5628E-03   
2.3855E-02   -6.0966E-03   
3.9616E-02   -3.1809E-04   
2.3183E-02   -7.0788E-03   
3.7074E-02   -4.1458E-04   
1.7052E-02   -9.0264E-03   
3.1657E-02   -1.4396E-03   
2.3146E-02   -8.2477E-03   
2.4547E-02   -4.9995E-03   
3.4529E-02   -4.9111E-04   
3.2025E-02   -1.6259E-03   
4.0845E-02   -1.6613E-03   
4.1521E-02   -3.6102E-04   
4.1270E-02   -7.5694E-04   
4.1763E-02   -2.0989E-04   
2.8996E-02   -3.1599E-03   
3.7314E-02   -4.3081E-03   
3.9890E-02   -2.8296E-03   
4.2786E-02   -3.8927E-04   
4.2425E-02   -1.4535E-03   
4.2469E-02   -7.5437E-04   
4.2294E-02   -9.1172E-04   
2.2724E-02   -7.9705E-03   
1.7074E-02   -9.3798E-03   
3.8695E-02   -4.8234E-04   
3.4435E-02   -5.4680E-03   
1.9753E-02   -8.7114E-03   
2.4223E-02   -6.4570E-03   
2.2236E-02   -7.7081E-03   
3.2923E-02   -2.0545E-03   
3.4054E-02   -7.1041E-04   
2.7937E-02   -6.9267E-03   
3.6475E-02   -5.6961E-04   
4.1124E-02   -1.0178E-03   
4.1648E-02   -5.2290E-04   
3.3268E-02   -1.5014E-03   
2.7609E-02   -3.9692E-03   
3.3197E-02   -1.0822E-03   
2.6122E-02   -4.4554E-03   
4.0761E-02   -1.3384E-03   
3.7839E-02   -3.5604E-03   
3.1484E-02   -2.8875E-03   
3.0833E-02   -6.2204E-03   
2.5003E-02   -5.5252E-03   
2.0911E-02   -8.0740E-03   
2.5560E-02   -7.3219E-03   
3.0638E-02   -3.1968E-03   
4.0819E-02   -3.2192E-04   
3.7003E-02   -4.1183E-03   
4.0122E-02   -2.2419E-03   
2.8239E-02   -6.3500E-03   
2.6532E-02   -5.3030E-03   
3.0427E-02   -3.5687E-03   
3.2750E-02   -2.6858E-03   
2.6559E-02   -6.7211E-03   
2.3670E-02   -7.3720E-03   
3.9114E-02   -5.7445E-04   
3.6123E-02   -4.1995E-03   
3.6581E-02   -7.5252E-04   
3.7968E-02   -6.6044E-04   
2.5108E-02   -7.0500E-03   
3.4049E-02   -1.1787E-03   
3.4147E-02   -9.0839E-04   
3.3745E-02   -1.6985E-03   
2.4782E-02   -5.2813E-03   
2.5606E-02   -6.1977E-03   
3.3441E-02   -2.2514E-03   
3.1240E-02   -5.6961E-03   
2.8799E-02   -3.9824E-03   
2.7371E-02   -4.4284E-03   
2.6404E-02   -5.7311E-03   
3.1772E-02   -3.3555E-03   
3.2620E-02   -3.0176E-03   
3.2071E-02   -6.0970E-03   
3.4234E-02   -1.8803E-03   
2.6069E-02   -6.4624E-03   
4.0244E-02   -4.7878E-04   
3.5244E-02   -9.4328E-04   
3.4515E-02   -1.3897E-03   
3.4315E-02   -4.8543E-03   
3.6176E-02   -1.0043E-03   
2.7295E-02   -4.7951E-03   
2.9701E-02   -4.0333E-03   
3.2914E-02   -3.2573E-03   
2.6937E-02   -5.9086E-03   
3.5837E-02   -1.2569E-03   
3.6931E-02   -3.5913E-03   
3.4009E-02   -2.3694E-03   
3.5530E-02   -1.6961E-03   
3.3670E-02   -5.4697E-03   
3.8534E-02   -7.5028E-04   
2.8161E-02   -4.8639E-03   
2.9637E-02   -4.3857E-03   
4.0746E-02   -5.5158E-04   
3.5140E-02   -2.2028E-03   
3.9275E-02   -8.1056E-04   
2.8368E-02   -5.5530E-03   
3.6093E-02   -1.4332E-03   
3.7875E-02   -9.6345E-04   
3.6012E-02   -1.8298E-03   
3.0919E-02   -4.2976E-03   
3.6848E-02   -1.0588E-03   
3.2422E-02   -3.7698E-03   
3.4612E-02   -2.8711E-03   
3.7062E-02   -1.4481E-03   
3.5186E-02   -3.0775E-03   
2.8868E-02   -5.7682E-03   
3.3616E-02   -3.6877E-03   
2.9345E-02   -4.9118E-03   
3.2105E-02   -4.2367E-03   
3.8195E-02   -1.0955E-03   
4.0573E-02   -7.3800E-04   
3.6155E-02   -3.0512E-03   
3.4864E-02   -3.5462E-03   
3.8568E-02   -1.2158E-03   
2.9875E-02   -5.2190E-03   
3.1555E-02   -4.7939E-03   
3.7914E-02   -1.4643E-03   
3.7589E-02   -2.7105E-03   
3.4749E-02   -3.9544E-03   
3.9875E-02   -9.9985E-04   
3.7865E-02   -1.6569E-03   
3.7507E-02   -3.0724E-03   
4.0466E-02   -1.0432E-03   
3.6103E-02   -3.6298E-03   
3.6493E-02   -1.9571E-03   
3.5622E-02   -2.3700E-03   
3.6263E-02   -2.5002E-03   
3.7865E-02   -2.0984E-03   
