51 
1844 
5.4096E-03   -5.9833E-03   
1.0289E-02   -5.0649E-03   
1.4154E-02   -3.6563E-03   
1.6636E-02   -1.9094E-03   
3.5769E-37   -6.2710E-03   
1.7473E-02   -1.8311E-37   
1.7864E-02   -7.8869E-35   
1.8505E-02   -7.4780E-37   
1.9910E-02   3.2885E-35   
2.1182E-02   4.8337E-35   
2.2799E-02   1.0267E-34   
2.4772E-02   1.4154E-34   
2.6290E-02   1.7135E-34   
2.8873E-02   2.6061E-34   
3.0797E-02   3.1603E-34   
3.2879E-02   2.7683E-34   
3.3976E-02   4.2907E-34   
3.6281E-02   6.3589E-34   
3.8726E-02   9.2580E-34   
4.0000E-02   -7.6675E-30   
4.0000E-02   -5.1691E-34   
4.0000E-02   -5.1691E-34   
4.0000E-02   -5.1691E-34   
4.0000E-02   -5.1691E-34   
4.0000E-02   -5.1691E-34   
4.0000E-02   -5.1691E-34   
4.0000E-02   -5.1691E-34   
4.0000E-02   -5.1691E-34   
4.0000E-02   -5.1691E-34   
4.0000E-02   -5.1691E-34   
4.0000E-02   -5.1691E-34   
4.0000E-02   -5.1691E-34   
3.7581E-02   -1.7315E-03   
3.3638E-02   -3.9511E-03   
3.1976E-02   -4.7147E-03   
3.0388E-02   -5.3446E-03   
2.7332E-02   -6.3588E-03   
2.5842E-02   -6.7833E-03   
2.2913E-02   -7.5307E-03   
2.1474E-02   -7.8726E-03   
1.8642E-02   -8.5233E-03   
1.5888E-02   -9.1529E-03   
1.4546E-02   -9.4660E-03   
1.1947E-02   -1.0080E-02   
9.4781E-03   -1.0666E-02   
8.2962E-03   -1.0939E-02   
6.0405E-03   -1.1424E-02   
3.9204E-03   -1.1796E-02   
1.9163E-03   -1.2027E-02   
4.9680E-37   -1.2097E-02   
9.2713E-34   -1.1460E-02   
9.7560E-34   -1.0853E-02   
9.1922E-34   -1.0047E-02   
8.7144E-34   -9.5837E-03   
7.6724E-34   -8.8291E-03   
6.9990E-34   -8.3992E-03   
6.3045E-34   -7.9801E-03   
5.7291E-34   -7.6418E-03   
5.6042E-34   -7.3454E-03   
4.1011E-03   -6.3874E-03   
3.8433E-02   -1.5322E-04   
3.6791E-02   -3.2027E-04   
3.4415E-02   -5.5366E-04   
3.2468E-02   -7.5301E-04   
3.0582E-02   -1.0013E-03   
2.8457E-02   -1.1492E-03   
2.6717E-02   -1.2098E-03   
2.4567E-02   -1.3959E-03   
2.2434E-02   -1.5108E-03   
2.0311E-02   -1.6117E-03   
1.8206E-02   -1.7016E-03   
1.6013E-02   -1.8455E-03   
1.3759E-02   -2.2105E-03   
1.0677E-02   -3.1899E-03   
7.5363E-03   -4.7171E-03   
1.1184E-02   -3.7166E-03   
1.3334E-02   -1.8497E-03   
1.5419E-02   -1.1721E-03   
1.7391E-02   -9.9232E-04   
1.9287E-02   -9.6791E-04   
2.1089E-02   -9.7699E-04   
2.3149E-02   -8.9643E-04   
2.5064E-02   -8.3146E-04   
2.6847E-02   -7.4757E-04   
2.8687E-02   -7.5269E-04   
3.0691E-02   -5.9635E-04   
3.2617E-02   -4.7039E-04   
3.4502E-02   -3.7873E-04   
3.6498E-02   -2.2011E-04   
3.8231E-02   -9.2843E-05   
1.6364E-02   -8.2696E-04   
1.7371E-02   -3.9127E-04   
1.8517E-02   -3.6786E-04   
2.0106E-02   -3.7772E-04   
2.1627E-02   -3.8461E-04   
2.3501E-02   -4.0516E-04   
2.5176E-02   -4.1597E-04   
2.6840E-02   -4.0684E-04   
2.8981E-02   -3.2708E-04   
3.0772E-02   -2.6445E-04   
3.2799E-02   -2.2711E-04   
3.4791E-02   -1.6393E-04   
3.6737E-02   -1.0759E-04   
3.8524E-02   -3.5127E-05   
3.8139E-02   -2.3797E-04   
3.6361E-02   -5.0194E-04   
3.4184E-02   -8.4221E-04   
3.2174E-02   -1.0526E-03   
3.0434E-02   -1.3530E-03   
2.8250E-02   -1.5946E-03   
2.6095E-02   -1.8127E-03   
2.4053E-02   -1.9825E-03   
2.1929E-02   -2.1893E-03   
1.9938E-02   -2.3696E-03   
1.7386E-02   -2.6528E-03   
1.4659E-02   -3.0713E-03   
1.1982E-02   -3.6478E-03   
9.1782E-03   -4.4798E-03   
6.0428E-03   -5.7651E-03   
3.0060E-03   -6.9957E-03   
3.8026E-02   -3.5291E-04   
3.6516E-02   -6.4115E-04   
3.3928E-02   -1.1420E-03   
3.2231E-02   -1.4560E-03   
3.0205E-02   -1.7699E-03   
2.7769E-02   -2.1747E-03   
2.5614E-02   -2.3960E-03   
2.3522E-02   -2.6300E-03   
2.1063E-02   -2.9702E-03   
1.8761E-02   -3.3454E-03   
1.6320E-02   -3.7527E-03   
1.3757E-02   -4.1293E-03   
1.1003E-02   -4.8902E-03   
8.3200E-03   -5.6129E-03   
5.4077E-03   -6.6400E-03   
2.5773E-03   -7.5343E-03   
3.8578E-02   -3.0852E-04   
3.5841E-02   -9.6376E-04   
3.4282E-02   -1.3044E-03   
3.2381E-02   -1.7550E-03   
2.9544E-02   -2.3289E-03   
2.7524E-02   -2.7112E-03   
2.5424E-02   -3.0243E-03   
2.2942E-02   -3.4404E-03   
2.0679E-02   -3.8473E-03   
1.8237E-02   -4.1880E-03   
1.5935E-02   -4.5831E-03   
1.3051E-02   -5.1064E-03   
1.0255E-02   -5.9875E-03   
7.6458E-03   -6.6187E-03   
5.1956E-03   -7.4145E-03   
2.5548E-03   -8.0472E-03   
3.7702E-02   -6.3101E-04   
3.6097E-02   -1.1107E-03   
3.4155E-02   -1.6843E-03   
3.2198E-02   -2.2367E-03   
2.9360E-02   -2.8984E-03   
2.7080E-02   -3.3117E-03   
2.4764E-02   -3.8417E-03   
2.2545E-02   -4.3190E-03   
1.9897E-02   -4.6788E-03   
1.7743E-02   -4.9943E-03   
1.5552E-02   -5.5532E-03   
1.2645E-02   -6.2417E-03   
9.8068E-03   -6.9667E-03   
7.3252E-03   -7.5854E-03   
4.6853E-03   -8.2211E-03   
2.4470E-03   -8.6279E-03   
3.8187E-02   -6.6777E-04   
3.6006E-02   -1.4719E-03   
3.4219E-02   -2.0200E-03   
3.1421E-02   -2.8995E-03   
2.8958E-02   -3.6345E-03   
2.6759E-02   -4.0792E-03   
2.4032E-02   -4.6743E-03   
2.1986E-02   -5.1084E-03   
1.9332E-02   -5.5312E-03   
1.7019E-02   -5.9789E-03   
1.4398E-02   -6.5557E-03   
1.2261E-02   -7.0962E-03   
9.6872E-03   -7.7589E-03   
7.1362E-03   -8.3562E-03   
4.6614E-03   -8.9019E-03   
2.1915E-03   -9.2938E-03   
3.7879E-02   -9.0030E-04   
3.5488E-02   -1.8743E-03   
3.3817E-02   -2.4746E-03   
3.0571E-02   -3.6472E-03   
2.8605E-02   -4.2244E-03   
2.6369E-02   -4.8525E-03   
2.3919E-02   -5.3337E-03   
2.1444E-02   -5.8801E-03   
1.8699E-02   -6.4978E-03   
1.6404E-02   -6.9686E-03   
1.4153E-02   -7.4300E-03   
1.1809E-02   -7.9965E-03   
9.2304E-03   -8.7152E-03   
7.0356E-03   -9.1296E-03   
4.5510E-03   -9.6438E-03   
2.2589E-03   -9.9428E-03   
3.8062E-02   -1.0705E-03   
3.6014E-02   -2.0647E-03   
3.3266E-02   -3.1923E-03   
3.0863E-02   -4.1943E-03   
2.8261E-02   -4.8152E-03   
2.5749E-02   -5.4662E-03   
2.3359E-02   -6.0830E-03   
2.0964E-02   -6.6569E-03   
1.8570E-02   -7.2175E-03   
1.5937E-02   -7.7106E-03   
1.3610E-02   -8.4318E-03   
1.1168E-02   -8.9156E-03   
8.9730E-03   -9.3636E-03   
6.6904E-03   -9.8992E-03   
4.3396E-03   -1.0383E-02   
2.4115E-03   -1.0578E-02   
3.7497E-02   -1.6240E-03   
3.4996E-02   -3.0625E-03   
3.2915E-02   -3.8827E-03   
2.9666E-02   -5.0768E-03   
2.7703E-02   -5.6568E-03   
2.4976E-02   -6.3921E-03   
2.2610E-02   -7.0232E-03   
2.0502E-02   -7.4082E-03   
1.7964E-02   -7.9674E-03   
1.5569E-02   -8.6405E-03   
1.3560E-02   -9.0526E-03   
1.1127E-02   -9.6457E-03   
8.6224E-03   -1.0223E-02   
6.3897E-03   -1.0673E-02   
4.2559E-03   -1.1059E-02   
1.9039E-03   -1.1439E-02   
6.7939E-04   -6.2921E-03   
1.3673E-03   -6.2796E-03   
2.0517E-03   -6.2554E-03   
2.7340E-03   -6.2216E-03   
3.4120E-03   -6.1775E-03   
4.0848E-03   -6.1229E-03   
4.7510E-03   -6.0579E-03   
6.0595E-03   -5.8995E-03   
6.6999E-03   -5.8065E-03   
7.3298E-03   -5.7045E-03   
7.9483E-03   -5.5937E-03   
8.5544E-03   -5.4741E-03   
9.1471E-03   -5.3460E-03   
9.7256E-03   -5.2095E-03   
1.0836E-02   -4.9126E-03   
1.1366E-02   -4.7528E-03   
1.1878E-02   -4.5861E-03   
1.2372E-02   -4.4125E-03   
1.2848E-02   -4.2328E-03   
1.3304E-02   -4.0463E-03   
1.3740E-02   -3.8540E-03   
1.4547E-02   -3.4535E-03   
1.4917E-02   -3.2456E-03   
1.5264E-02   -3.0329E-03   
1.5587E-02   -2.8157E-03   
1.5886E-02   -2.5944E-03   
1.6161E-02   -2.3694E-03   
1.6411E-02   -2.1410E-03   
1.6835E-02   -1.6748E-03   
1.7008E-02   -1.4375E-03   
1.7154E-02   -1.1972E-03   
1.7264E-02   -9.5493E-04   
1.7374E-02   -7.1703E-04   
1.7425E-02   -4.8146E-04   
1.7476E-02   -2.3375E-04   
1.7588E-02   -3.9122E-34   
1.7652E-02   -3.6401E-34   
1.7703E-02   -2.6914E-34   
1.7750E-02   -1.4221E-34   
1.7802E-02   -1.0653E-34   
1.7944E-02   -5.6406E-35   
1.8044E-02   -3.8121E-35   
1.8170E-02   -2.3221E-35   
1.8322E-02   -1.0965E-35   
1.8718E-02   7.8033E-36   
1.8964E-02   1.4998E-35   
1.9244E-02   2.1255E-35   
1.9559E-02   2.7092E-35   
2.0296E-02   3.8115E-35   
2.0720E-02   4.3297E-35   
2.1682E-02   5.3936E-35   
2.2221E-02   5.9688E-35   
2.3417E-02   1.0812E-34   
2.4074E-02   8.1245E-35   
2.5510E-02   1.5310E-34   
2.7110E-02   1.9824E-34   
2.7972E-02   2.2380E-34   
2.9815E-02   2.6971E-34   
3.1819E-02   3.6055E-34   
3.5111E-02   5.3882E-34   
3.7486E-02   5.6407E-34   
4.0000E-02   -5.1691E-34   
4.0000E-02   -5.1691E-34   
4.0000E-02   -5.1691E-34   
4.0000E-02   -5.1691E-34   
4.0000E-02   -5.1691E-34   
3.5430E-02   -3.0356E-03   
2.8846E-02   -5.8855E-03   
2.4370E-02   -7.1699E-03   
2.0049E-02   -8.2022E-03   
1.7254E-02   -8.8398E-03   
1.3232E-02   -9.7749E-03   
1.0695E-02   -1.0379E-02   
7.1503E-03   -1.1193E-02   
4.9644E-03   -1.1625E-02   
2.9047E-03   -1.1930E-02   
9.5213E-04   -1.2087E-02   
6.8664E-34   -1.1779E-02   
9.6433E-34   -1.1150E-02   
9.4508E-34   -1.0569E-02   
1.3769E-33   -1.0301E-02   
1.3900E-33   -9.8077E-03   
8.5123E-34   -9.3741E-03   
8.2814E-34   -9.1787E-03   
7.9632E-34   -8.9973E-03   
7.4316E-34   -8.6737E-03   
7.2060E-34   -8.5306E-03   
6.8239E-34   -8.2791E-03   
6.6513E-34   -8.1697E-03   
6.4694E-34   -8.0703E-03   
6.1607E-34   -7.8986E-03   
6.0303E-34   -7.8248E-03   
5.9142E-34   -7.7580E-03   
5.8135E-34   -7.6974E-03   
5.6611E-34   -7.5902E-03   
5.6100E-34   -7.5414E-03   
5.5774E-34   -7.4940E-03   
5.5649E-34   -7.4467E-03   
5.5737E-34   -7.3978E-03   
5.6547E-34   -7.2877E-03   
5.7223E-34   -7.2222E-03   
5.8167E-34   -7.1465E-03   
5.9426E-34   -7.0582E-03   
6.1403E-34   -6.9550E-03   
9.6794E-34   -6.8297E-03   
9.7570E-34   -6.6834E-03   
8.0072E-34   -6.4901E-03   
7.3241E-03   -5.6423E-03   
1.1305E-02   -4.4830E-03   
1.2796E-02   -3.8972E-03   
8.5179E-03   -5.3489E-03   
1.6226E-02   -2.0127E-03   
5.4715E-03   -6.0103E-03   
2.2583E-03   -6.4004E-03   
1.5291E-02   -2.6514E-03   
1.7101E-02   -1.1556E-03   
1.4142E-02   -3.2833E-03   
9.6716E-03   -5.0225E-03   
1.6718E-02   -1.5852E-03   
1.0231E-02   -4.8489E-03   
4.8407E-03   -6.1118E-03   
1.3716E-02   -3.4910E-03   
1.5628E-02   -2.4389E-03   
1.7524E-02   -3.2318E-04   
8.6956E-04   -6.4735E-03   
4.2045E-03   -6.2021E-03   
1.1815E-02   -4.2917E-03   
1.2308E-02   -4.0958E-03   
1.6486E-02   -1.7991E-03   
2.9146E-03   -6.3465E-03   
1.7252E-02   -9.3733E-04   
1.5743E-03   -6.4465E-03   
3.5631E-03   -6.2805E-03   
1.5940E-02   -2.2261E-03   
1.6923E-02   -1.3706E-03   
6.0966E-03   -5.8978E-03   
1.4931E-02   -2.8632E-03   
1.4547E-02   -3.0741E-03   
9.1006E-03   -5.1895E-03   
6.7145E-03   -5.7750E-03   
7.9259E-03   -5.5001E-03   
1.0777E-02   -4.6690E-03   
1.3266E-02   -3.6957E-03   
5.0281E-04   -6.8858E-03   
4.7824E-04   -6.9992E-03   
4.6060E-04   -7.0952E-03   
4.4433E-04   -7.1769E-03   
4.3169E-04   -7.2467E-03   
4.2395E-04   -7.3076E-03   
4.1969E-04   -7.3619E-03   
4.1790E-04   -7.4119E-03   
4.1810E-04   -7.4595E-03   
1.7655E-02   -1.5572E-04   
4.2008E-04   -7.5065E-03   
1.7701E-02   -1.2290E-04   
4.2382E-04   -7.5543E-03   
1.7748E-02   -9.9190E-05   
4.2926E-04   -7.6042E-03   
1.7803E-02   -8.1538E-05   
4.3630E-04   -7.6577E-03   
1.7874E-02   -6.9306E-05   
4.4481E-04   -7.7157E-03   
1.7964E-02   -6.1310E-05   
4.5473E-04   -7.7793E-03   
1.8077E-02   -5.6842E-05   
4.6593E-04   -7.8496E-03   
1.8216E-02   -5.5233E-05   
4.7835E-04   -7.9273E-03   
1.8385E-02   -5.5827E-05   
4.9197E-04   -8.0132E-03   
1.8583E-02   -5.8104E-05   
5.0620E-04   -8.1080E-03   
1.8814E-02   -6.1865E-05   
5.2075E-04   -8.2122E-03   
1.9079E-02   -6.6808E-05   
5.3717E-04   -8.3268E-03   
1.9378E-02   -7.2546E-05   
5.5609E-04   -8.4528E-03   
1.9713E-02   -7.8779E-05   
5.7597E-04   -8.5902E-03   
2.0083E-02   -8.4764E-05   
5.9618E-04   -8.7394E-03   
2.0488E-02   -9.1634E-05   
6.1658E-04   -8.9010E-03   
2.0926E-02   -9.9081E-05   
6.3650E-04   -9.0742E-03   
2.1401E-02   -1.0775E-04   
6.6343E-04   -9.2590E-03   
2.1916E-02   -1.1560E-04   
6.9527E-04   -9.4582E-03   
2.2474E-02   -1.2127E-04   
7.1223E-04   -9.6731E-03   
2.3072E-02   -1.2663E-04   
7.2983E-04   -9.9011E-03   
2.3716E-02   -1.3195E-04   
7.8152E-04   -1.0146E-02   
2.4408E-02   -1.3436E-04   
8.1194E-04   -1.0414E-02   
2.5123E-02   -1.3146E-04   
8.1738E-04   -1.0697E-02   
2.5866E-02   -1.3603E-04   
8.4882E-04   -1.0991E-02   
2.6663E-02   -1.3769E-04   
8.9881E-04   -1.1309E-02   
9.0921E-03   -5.0163E-03   
1.4170E-02   -2.9391E-03   
1.5696E-02   -2.1033E-03   
6.7492E-03   -5.7132E-03   
1.7484E-02   -4.7366E-04   
1.8264E-03   -6.5672E-03   
1.1769E-02   -4.0029E-03   
1.7196E-02   -9.1692E-04   
3.0820E-03   -6.4353E-03   
4.9361E-03   -6.1297E-03   
4.3245E-03   -6.2442E-03   
1.3270E-02   -3.3656E-03   
1.0217E-02   -4.6255E-03   
1.6574E-02   -1.5022E-03   
1.6810E-02   -1.3061E-03   
1.0757E-02   -4.4231E-03   
1.2781E-02   -3.5765E-03   
1.6016E-02   -1.9007E-03   
1.5350E-02   -2.3087E-03   
7.3439E-03   -5.5524E-03   
5.5450E-03   -6.0025E-03   
1.1226E-03   -6.6344E-03   
7.9331E-03   -5.3820E-03   
1.1269E-02   -4.2144E-03   
1.2277E-02   -3.7881E-03   
1.6309E-02   -1.7004E-03   
1.7016E-02   -1.1112E-03   
8.5166E-03   -5.2030E-03   
1.4586E-02   -2.7269E-03   
3.7060E-03   -6.3464E-03   
6.1498E-03   -5.8634E-03   
1.4980E-02   -2.5167E-03   
1.7351E-02   -7.1610E-04   
2.4504E-03   -6.5092E-03   
1.3731E-02   -3.1529E-03   
9.6603E-03   -4.8237E-03   
5.2398E-04   -6.7497E-03   
1.0019E-03   -6.9081E-03   
9.5652E-04   -7.0187E-03   
9.1566E-04   -7.1071E-03   
8.7827E-04   -7.1826E-03   
8.5501E-04   -7.2468E-03   
8.4246E-04   -7.3031E-03   
8.3658E-04   -7.3539E-03   
1.7600E-02   -2.1181E-04   
8.3532E-04   -7.4017E-03   
8.3784E-04   -7.4481E-03   
1.7604E-02   -2.6956E-04   
8.4387E-04   -7.4948E-03   
1.7642E-02   -2.2113E-04   
8.5334E-04   -7.5431E-03   
1.7690E-02   -1.7959E-04   
8.6607E-04   -7.5944E-03   
1.7752E-02   -1.5058E-04   
8.8182E-04   -7.6498E-03   
1.7831E-02   -1.3129E-04   
8.9996E-04   -7.7104E-03   
1.7933E-02   -1.1930E-04   
9.2302E-04   -7.7768E-03   
1.8060E-02   -1.1362E-04   
9.5035E-04   -7.8502E-03   
1.8215E-02   -1.1300E-04   
9.7628E-04   -7.9321E-03   
1.8399E-02   -1.1619E-04   
1.0003E-03   -8.0227E-03   
1.8617E-02   -1.2222E-04   
1.0259E-03   -8.1216E-03   
1.8869E-02   -1.3111E-04   
1.0560E-03   -8.2304E-03   
1.9154E-02   -1.4224E-04   
1.0916E-03   -8.3501E-03   
1.9474E-02   -1.5486E-04   
1.1313E-03   -8.4816E-03   
1.9835E-02   -1.6617E-04   
1.1727E-03   -8.6251E-03   
2.0223E-02   -1.7519E-04   
1.2137E-03   -8.7808E-03   
2.0629E-02   -1.9138E-04   
1.2474E-03   -8.9484E-03   
2.1075E-02   -2.0604E-04   
1.2722E-03   -9.1236E-03   
2.1560E-02   -2.2690E-04   
1.3499E-03   -9.3046E-03   
2.2099E-02   -2.3965E-04   
1.4194E-03   -9.5105E-03   
2.2680E-02   -2.4802E-04   
1.4187E-03   -9.7348E-03   
2.3301E-02   -2.6030E-04   
1.4827E-03   -9.9572E-03   
2.3992E-02   -2.6885E-04   
1.6904E-03   -1.0209E-02   
2.4734E-02   -2.6839E-04   
1.6282E-03   -1.0510E-02   
2.5415E-02   -2.4910E-04   
1.6574E-03   -1.0793E-02   
2.6146E-02   -2.9855E-04   
1.7417E-03   -1.1089E-02   
2.7504E-02   -1.4512E-04   
1.1769E-02   -3.7263E-03   
1.2310E-02   -3.4937E-03   
1.0242E-02   -4.4042E-03   
1.2822E-02   -3.2753E-03   
9.6891E-03   -4.6181E-03   
4.4472E-03   -6.2544E-03   
5.0407E-03   -6.1163E-03   
5.6320E-03   -5.9650E-03   
6.2205E-03   -5.8014E-03   
6.8065E-03   -5.6261E-03   
3.8437E-03   -6.3808E-03   
7.3902E-03   -5.4400E-03   
9.1230E-03   -4.8317E-03   
1.3316E-02   -3.0592E-03   
7.9714E-03   -5.2445E-03   
8.5500E-03   -5.0413E-03   
3.2218E-03   -6.4964E-03   
1.3786E-02   -2.8403E-03   
1.6408E-02   -1.4278E-03   
1.6674E-02   -1.2451E-03   
1.6906E-02   -1.0677E-03   
1.6112E-02   -1.6151E-03   
2.6017E-03   -6.5941E-03   
1.4232E-02   -2.6236E-03   
1.5787E-02   -1.8065E-03   
1.5059E-02   -2.2041E-03   
1.4657E-02   -2.4114E-03   
1.5436E-02   -2.0029E-03   
2.0179E-03   -6.6555E-03   
1.5194E-03   -6.7012E-03   
1.7108E-02   -8.9168E-04   
1.7286E-02   -7.1276E-04   
1.7439E-02   -5.2977E-04   
1.0428E-03   -6.7951E-03   
1.4415E-03   -7.0064E-03   
1.3517E-03   -7.0940E-03   
1.2989E-03   -7.1638E-03   
1.2713E-03   -7.2224E-03   
1.2578E-03   -7.2740E-03   
1.2531E-03   -7.3215E-03   
1.7561E-02   -3.3635E-04   
1.2547E-03   -7.3671E-03   
1.2617E-03   -7.4125E-03   
1.7482E-02   -3.8315E-04   
1.2739E-03   -7.4590E-03   
1.7530E-02   -3.0082E-04   
1.2910E-03   -7.5081E-03   
1.7582E-02   -2.4880E-04   
1.3127E-03   -7.5609E-03   
1.7651E-02   -2.1404E-04   
1.3374E-03   -7.6185E-03   
1.7740E-02   -1.9201E-04   
1.3705E-03   -7.6802E-03   
1.7857E-02   -1.7883E-04   
1.4236E-03   -7.7464E-03   
1.7999E-02   -1.7483E-04   
1.4646E-03   -7.8245E-03   
1.8168E-02   -1.7780E-04   
1.4888E-03   -7.9132E-03   
1.8372E-02   -1.8484E-04   
1.5216E-03   -8.0081E-03   
1.8614E-02   -1.9552E-04   
1.5571E-03   -8.1120E-03   
1.8883E-02   -2.1139E-04   
1.6046E-03   -8.2246E-03   
1.9188E-02   -2.3063E-04   
1.6681E-03   -8.3480E-03   
1.9540E-02   -2.4889E-04   
1.7329E-03   -8.4854E-03   
1.9942E-02   -2.6223E-04   
1.7954E-03   -8.6366E-03   
2.0324E-02   -2.6229E-04   
1.8479E-03   -8.8021E-03   
2.0697E-02   -3.1214E-04   
1.8653E-03   -8.9808E-03   
1.8301E-03   -9.1488E-03   
2.1416E-03   -9.5628E-03   
2.2820E-02   -3.8517E-04   
2.3872E-03   -1.0326E-02   
2.4896E-03   -1.0843E-02   
2.4260E-02   -4.1460E-04   
2.8429E-02   -1.5563E-04   
1.6998E-02   -8.6987E-04   
1.7194E-02   -7.0689E-04   
1.7373E-02   -5.4126E-04   
1.0787E-02   -3.9890E-03   
1.0314E-02   -4.1785E-03   
3.9845E-03   -6.3872E-03   
3.3685E-03   -6.5296E-03   
6.3101E-03   -5.7167E-03   
4.5757E-03   -6.2371E-03   
6.8866E-03   -5.5184E-03   
5.1570E-03   -6.0760E-03   
9.7601E-03   -4.4077E-03   
1.2915E-02   -3.0061E-03   
5.7343E-03   -5.9028E-03   
1.6226E-02   -1.3634E-03   
1.5899E-02   -1.5444E-03   
7.4637E-03   -5.3096E-03   
8.0414E-03   -5.0920E-03   
1.4757E-02   -2.1256E-03   
1.5163E-02   -1.9247E-03   
1.6524E-02   -1.1873E-03   
2.7272E-03   -6.6586E-03   
1.6780E-02   -1.0263E-03   
9.1920E-03   -4.6385E-03   
1.4326E-02   -2.3355E-03   
8.6188E-03   -4.8676E-03   
1.5544E-02   -1.7313E-03   
1.3402E-02   -2.7771E-03   
1.3874E-02   -2.5533E-03   
1.8543E-03   -6.9848E-03   
1.7550E-03   -7.0614E-03   
1.7073E-03   -7.1222E-03   
1.6829E-03   -7.1740E-03   
1.6725E-03   -7.2208E-03   
1.6717E-03   -7.2651E-03   
1.6787E-03   -7.3086E-03   
1.6923E-03   -7.3531E-03   
1.7500E-02   -4.0874E-04   
1.7330E-02   -4.4751E-04   
1.7124E-03   -7.3998E-03   
1.7370E-02   -3.7014E-04   
1.7388E-03   -7.4498E-03   
1.7429E-02   -3.1372E-04   
1.7700E-03   -7.5041E-03   
1.7505E-02   -2.7812E-04   
1.8061E-03   -7.5625E-03   
1.7607E-02   -2.5723E-04   
1.8560E-03   -7.6230E-03   
1.7744E-02   -2.4347E-04   
1.9931E-03   -7.6803E-03   
1.7894E-02   -2.4550E-04   
1.9724E-03   -7.7807E-03   
1.8075E-02   -2.5397E-04   
2.0129E-03   -7.8719E-03   
1.8312E-02   -2.6516E-04   
2.0529E-03   -7.9744E-03   
1.8576E-02   -2.7972E-04   
2.1739E-03   -8.1934E-03   
2.4694E-03   -9.0270E-03   
1.9179E-02   -3.3579E-04   
2.2839E-03   -8.3179E-03   
2.3674E-03   -8.4659E-03   
2.5143E-03   -8.8121E-03   
2.1193E-02   -3.0807E-04   
2.2286E-02   -3.5391E-04   
2.2937E-02   -5.4164E-04   
1.9589E-02   -3.5947E-04   
3.2939E-03   -1.0583E-02   
2.3675E-02   -5.6079E-04   
2.4941E-03   -1.0111E-02   
2.0519E-02   -4.3976E-04   
2.9623E-03   -9.3684E-03   
1.7275E-02   -5.5535E-04   
1.7067E-02   -7.1510E-04   
1.6877E-02   -8.5927E-04   
1.2067E-02   -3.1894E-03   
1.1869E-02   -3.4442E-03   
1.2515E-02   -2.9759E-03   
9.8923E-03   -4.1926E-03   
1.6357E-02   -1.1403E-03   
4.1514E-03   -6.3616E-03   
1.6657E-02   -9.7272E-04   
3.5460E-03   -6.5271E-03   
2.9169E-03   -6.6803E-03   
4.7295E-03   -6.1902E-03   
6.4196E-03   -5.6130E-03   
5.8530E-03   -5.8198E-03   
9.3033E-03   -4.4387E-03   
5.2933E-03   -6.0112E-03   
6.9910E-03   -5.3939E-03   
1.3018E-02   -2.7450E-03   
1.4881E-02   -1.8693E-03   
1.6027E-02   -1.3137E-03   
7.5657E-03   -5.1647E-03   
1.5289E-02   -1.6758E-03   
1.5671E-02   -1.4912E-03   
1.4447E-02   -2.0737E-03   
8.1435E-03   -4.9275E-03   
8.7232E-03   -4.6848E-03   
1.3990E-02   -2.2888E-03   
1.3512E-02   -2.5137E-03   
1.8356E-03   -6.8402E-03   
2.2030E-03   -6.9473E-03   
2.1455E-03   -7.0061E-03   
2.1112E-03   -7.0566E-03   
2.0939E-03   -7.1017E-03   
2.0896E-03   -7.1439E-03   
2.0956E-03   -7.1850E-03   
2.1098E-03   -7.2268E-03   
2.1317E-03   -7.2707E-03   
1.7098E-02   -5.3104E-04   
2.1618E-03   -7.3176E-03   
1.7171E-02   -4.3410E-04   
2.1995E-03   -7.3683E-03   
2.2393E-03   -7.4245E-03   
1.7236E-02   -3.8025E-04   
1.7317E-02   -3.4908E-04   
2.2675E-03   -7.4887E-03   
1.7420E-02   -3.3678E-04   
2.3963E-03   -7.6496E-03   
1.7699E-02   -3.3909E-04   
2.4933E-03   -7.7136E-03   
1.8234E-02   -3.5916E-04   
1.7958E-02   -3.4560E-04   
2.5744E-03   -7.8104E-03   
2.8511E-03   -8.1085E-03   
2.0867E-03   -8.0849E-03   
2.9431E-03   -8.2666E-03   
3.0532E-03   -8.4226E-03   
3.0776E-03   -1.0151E-02   
3.0328E-03   -9.9163E-03   
3.1735E-03   -8.5950E-03   
1.9146E-02   -4.6254E-04   
2.0998E-02   -4.1507E-04   
2.0080E-02   -5.3382E-04   
2.2181E-02   -5.0751E-04   
1.9595E-02   -4.9180E-04   
1.8850E-02   -3.0721E-04   
3.3251E-03   -8.8025E-03   
2.8318E-03   -9.6719E-03   
3.1183E-03   -9.0915E-03   
2.4440E-02   -5.7541E-04   
3.1479E-03   -1.0865E-02   
2.9805E-03   -1.0378E-02   
2.3058E-02   -7.1069E-04   
1.1503E-02   -3.3509E-03   
1.7134E-02   -5.9261E-04   
1.6495E-02   -9.4370E-04   
4.3581E-03   -6.3009E-03   
1.6160E-02   -1.1134E-03   
3.7839E-03   -6.4822E-03   
2.6163E-03   -6.7896E-03   
9.4569E-03   -4.2272E-03   
5.9877E-03   -5.7195E-03   
5.4371E-03   -5.9295E-03   
4.9029E-03   -6.1204E-03   
1.2631E-02   -2.7567E-03   
6.5506E-03   -5.4936E-03   
1.5025E-02   -1.6404E-03   
7.1206E-03   -5.2556E-03   
1.5431E-02   -1.4560E-03   
1.5808E-02   -1.2814E-03   
1.4591E-02   -1.8376E-03   
7.6967E-03   -5.0080E-03   
8.8625E-03   -4.4932E-03   
1.3148E-02   -2.5068E-03   
1.4131E-02   -2.0480E-03   
8.2781E-03   -4.7533E-03   
1.3649E-02   -2.2716E-03   
2.6447E-03   -6.8229E-03   
2.5920E-03   -6.8743E-03   
1.0750E-02   -3.6719E-03   
2.5484E-03   -6.9226E-03   
1.0078E-02   -3.9521E-03   
2.5199E-03   -6.9662E-03   
2.5093E-03   -7.0058E-03   
2.5127E-03   -7.0438E-03   
2.5270E-03   -7.0821E-03   
2.5507E-03   -7.1224E-03   
2.5837E-03   -7.1656E-03   
2.9550E-03   -7.5207E-03   
1.6896E-02   -5.6687E-04   
2.6263E-03   -7.2123E-03   
2.6775E-03   -7.2643E-03   
1.6948E-02   -4.9855E-04   
2.7293E-03   -7.3263E-03   
1.7005E-02   -4.5543E-04   
1.7076E-02   -4.3465E-04   
2.2792E-03   -7.5514E-03   
1.7563E-02   -4.3918E-04   
3.0831E-03   -7.6150E-03   
3.0755E-03   -7.9129E-03   
2.0723E-02   -5.7363E-04   
1.9533E-02   -6.4517E-04   
1.8179E-02   -4.7839E-04   
3.6414E-03   -8.1913E-03   
1.7830E-02   -4.5445E-04   
3.8087E-03   -8.3439E-03   
2.5941E-03   -7.9312E-03   
3.7105E-03   -1.0236E-02   
3.9416E-03   -8.5177E-03   
2.1439E-02   -5.5928E-04   
3.8162E-03   -9.1467E-03   
3.6928E-03   -9.4220E-03   
1.8709E-02   -4.3485E-04   
3.8065E-03   -9.9342E-03   
3.5103E-03   -8.0488E-03   
1.9089E-02   -6.0696E-04   
2.3813E-02   -7.2899E-04   
2.2352E-02   -6.8224E-04   
1.6584E-02   -7.9638E-04   
1.6273E-02   -9.5026E-04   
1.6855E-02   -7.4407E-04   
3.5104E-03   -6.5792E-03   
4.5902E-03   -6.2170E-03   
1.2218E-02   -2.7929E-03   
5.5866E-03   -5.8346E-03   
1.5937E-02   -1.1063E-03   
5.0468E-03   -6.0472E-03   
6.1402E-03   -5.6051E-03   
2.1329E-03   -6.8507E-03   
6.7038E-03   -5.3614E-03   
9.0386E-03   -4.2937E-03   
1.4754E-02   -1.6262E-03   
1.5573E-02   -1.2692E-03   
1.5179E-02   -1.4413E-03   
1.2773E-02   -2.5291E-03   
7.2765E-03   -5.1061E-03   
1.4294E-02   -1.8297E-03   
7.8567E-03   -4.8419E-03   
8.4443E-03   -4.5708E-03   
1.3302E-02   -2.2815E-03   
1.3809E-02   -2.0487E-03   
9.6585E-03   -4.0062E-03   
3.0666E-03   -6.7238E-03   
3.0108E-03   -6.7695E-03   
2.9565E-03   -6.8153E-03   
3.1442E-03   -6.6678E-03   
2.9333E-03   -6.8532E-03   
1.0306E-02   -3.7096E-03   
1.0978E-02   -3.4008E-03   
2.9316E-03   -6.8873E-03   
1.6818E-02   -6.6049E-04   
1.1625E-02   -3.0888E-03   
2.9449E-03   -6.9213E-03   
2.9700E-03   -6.9570E-03   
3.0524E-03   -7.0378E-03   
1.6658E-02   -6.2787E-04   
3.1147E-03   -7.0832E-03   
3.2015E-03   -7.1324E-03   
1.6678E-02   -5.7913E-04   
1.6731E-02   -5.4527E-04   
3.1347E-03   -7.3602E-03   
3.2406E-03   -7.7230E-03   
1.7368E-02   -5.5950E-04   
1.8682E-02   -5.7417E-04   
4.3791E-03   -8.0733E-03   
2.7129E-03   -7.4153E-03   
2.0007E-02   -6.9393E-04   
3.5492E-03   -7.4070E-03   
1.8976E-02   -7.6880E-04   
3.4460E-03   -7.9254E-03   
4.5127E-03   -9.1945E-03   
4.1662E-03   -7.9478E-03   
4.1206E-03   -8.6524E-03   
1.8343E-02   -5.5810E-04   
2.1763E-02   -6.6147E-04   
1.7641E-02   -5.8875E-04   
3.9728E-03   -8.8721E-03   
3.7087E-03   -9.6772E-03   
2.2411E-02   -8.6389E-04   
2.4510E-02   -7.3270E-04   
3.8911E-03   -1.0755E-02   
4.7484E-03   -9.9606E-03   
2.1199E-02   -4.7914E-04   
1.6044E-02   -9.6865E-04   
4.6134E-03   -6.1961E-03   
9.2506E-03   -4.0882E-03   
5.2082E-03   -5.9581E-03   
5.7580E-03   -5.7251E-03   
1.5700E-02   -1.1199E-03   
6.3136E-03   -5.4787E-03   
1.2391E-02   -2.5807E-03   
1.4931E-02   -1.4409E-03   
1.5337E-02   -1.2744E-03   
6.8811E-03   -5.2185E-03   
1.4477E-02   -1.6335E-03   
8.6406E-03   -4.3819E-03   
7.4591E-03   -4.9473E-03   
1.2948E-02   -2.3189E-03   
8.0462E-03   -4.6678E-03   
1.3992E-02   -1.8453E-03   
1.3481E-02   -2.0744E-03   
3.5517E-03   -6.5833E-03   
3.4035E-03   -6.6525E-03   
1.6630E-02   -6.9588E-04   
3.3643E-03   -6.6880E-03   
1.1184E-02   -3.1631E-03   
9.8866E-03   -3.7841E-03   
1.1803E-02   -2.8629E-03   
3.3562E-03   -6.7172E-03   
3.3655E-03   -6.7462E-03   
1.0536E-02   -3.4740E-03   
3.3908E-03   -6.7764E-03   
3.4294E-03   -6.8093E-03   
3.4796E-03   -6.8461E-03   
1.6801E-02   -5.3312E-04   
3.5474E-03   -6.8853E-03   
3.3171E-03   -7.1956E-03   
3.6450E-03   -6.9234E-03   
1.6316E-02   -7.3233E-04   
1.8200E-02   -6.8735E-04   
1.6363E-02   -6.7705E-04   
3.7043E-03   -7.4845E-03   
3.7799E-03   -7.7180E-03   
1.7132E-02   -5.4335E-04   
3.4847E-03   -7.3257E-03   
1.7910E-02   -6.3876E-04   
4.7780E-03   -7.8315E-03   
4.8228E-03   -8.6003E-03   
4.0112E-03   -7.8217E-03   
4.5685E-03   -8.4562E-03   
1.7118E-02   -7.0748E-04   
2.1082E-02   -7.5260E-04   
5.3780E-03   -8.9373E-03   
2.1743E-02   -8.2286E-04   
4.3350E-03   -9.4478E-03   
2.2437E-02   -1.0639E-03   
4.8694E-03   -1.0588E-02   
2.4034E-02   -9.2005E-04   
2.5195E-02   -6.2082E-04   
5.4205E-03   -1.0168E-02   
2.0408E-02   -7.6774E-04   
1.6145E-02   -8.5508E-04   
4.0614E-03   -6.4005E-03   
4.8935E-03   -6.0698E-03   
5.4110E-03   -5.8465E-03   
8.8642E-03   -4.1896E-03   
5.9511E-03   -5.6029E-03   
1.5486E-02   -1.1468E-03   
1.5139E-02   -1.2733E-03   
6.5095E-03   -5.3419E-03   
3.7982E-03   -6.5051E-03   
1.4687E-02   -1.4545E-03   
1.2591E-02   -2.3799E-03   
7.0830E-03   -5.0666E-03   
8.2605E-03   -4.4886E-03   
1.4198E-02   -1.6597E-03   
7.6680E-03   -4.7810E-03   
1.3149E-02   -2.1223E-03   
1.3685E-02   -1.8825E-03   
3.7934E-03   -6.5168E-03   
9.4893E-03   -3.8812E-03   
1.1402E-02   -2.9470E-03   
1.2008E-02   -2.6555E-03   
3.7924E-03   -6.5341E-03   
1.0770E-02   -3.2536E-03   
3.7911E-03   -6.5592E-03   
3.8140E-03   -6.5832E-03   
1.0129E-02   -3.5672E-03   
1.6424E-02   -7.4247E-04   
3.9781E-03   -6.6728E-03   
3.8546E-03   -6.6091E-03   
1.6414E-02   -6.5293E-04   
3.9092E-03   -6.6387E-03   
1.7126E-02   -4.4011E-04   
3.7906E-03   -7.1352E-03   
3.7759E-03   -6.9612E-03   
4.0063E-03   -7.1847E-03   
4.0738E-03   -6.7055E-03   
1.5979E-02   -8.2769E-04   
1.7383E-02   -7.5050E-04   
1.6875E-02   -6.8001E-04   
4.0754E-03   -7.2784E-03   
4.6840E-03   -7.6941E-03   
5.2844E-03   -8.2740E-03   
2.1750E-02   -1.0217E-03   
1.7667E-02   -8.0299E-04   
4.4903E-03   -7.5732E-03   
1.9844E-02   -8.7424E-04   
5.5421E-03   -8.6287E-03   
2.0355E-02   -9.6137E-04   
5.2197E-03   -9.2818E-03   
3.8853E-03   -7.5474E-03   
2.3190E-02   -1.1013E-03   
1.8560E-02   -7.2782E-04   
2.5994E-02   -4.9655E-04   
5.9356E-03   -9.7507E-03   
4.1698E-03   -6.3626E-03   
1.5790E-02   -1.0072E-03   
5.1084E-03   -5.9630E-03   
5.6277E-03   -5.7257E-03   
6.1690E-03   -5.4694E-03   
8.4983E-03   -4.3069E-03   
1.5445E-02   -1.0903E-03   
4.4733E-03   -6.2412E-03   
1.4931E-02   -1.2857E-03   
9.1130E-03   -3.9959E-03   
6.7325E-03   -5.1944E-03   
1.4426E-02   -1.4902E-03   
7.3129E-03   -4.9056E-03   
7.9022E-03   -4.6088E-03   
1.2816E-02   -2.1913E-03   
1.3911E-02   -1.7056E-03   
1.3374E-02   -1.9387E-03   
4.2814E-03   -6.3226E-03   
1.1016E-02   -3.0478E-03   
1.2235E-02   -2.4617E-03   
1.1635E-02   -2.7476E-03   
1.6935E-02   -5.3073E-04   
4.2239E-03   -6.3624E-03   
9.7437E-03   -3.6785E-03   
4.2420E-03   -6.3795E-03   
1.0381E-02   -3.3604E-03   
1.6015E-02   -7.9157E-04   
4.4099E-03   -6.4470E-03   
4.2827E-03   -6.3974E-03   
4.5015E-03   -6.4761E-03   
4.3391E-03   -6.4195E-03   
4.7283E-03   -6.9911E-03   
1.5891E-02   -9.0450E-04   
1.6471E-02   -6.5209E-04   
4.1983E-03   -6.7369E-03   
1.7629E-02   -3.0712E-04   
4.9825E-03   -7.2774E-03   
1.6667E-02   -6.6649E-04   
1.8383E-02   -9.0543E-04   
1.7993E-02   -8.5504E-04   
1.7092E-02   -9.3213E-04   
1.6822E-02   -8.8106E-04   
1.9553E-02   -1.0739E-03   
1.6576E-02   -8.4225E-04   
4.3057E-03   -7.4875E-03   
5.4846E-03   -7.5509E-03   
3.9096E-03   -6.9946E-03   
4.4190E-03   -6.9479E-03   
5.6909E-03   -7.9464E-03   
2.0544E-02   -1.1361E-03   
5.6843E-03   -8.3655E-03   
4.4032E-03   -7.3021E-03   
2.2447E-02   -1.2804E-03   
5.4881E-03   -9.5509E-03   
2.6994E-02   -2.6139E-04   
6.2487E-03   -8.6389E-03   
2.5938E-02   -6.8332E-04   
2.1743E-02   -1.2370E-03   
1.9419E-02   -8.1057E-04   
6.1283E-03   -8.9374E-03   
4.6193E-03   -6.1766E-03   
5.3512E-03   -5.8413E-03   
5.8671E-03   -5.5952E-03   
8.7572E-03   -4.1250E-03   
1.5193E-02   -1.1243E-03   
6.4093E-03   -5.3272E-03   
8.1569E-03   -4.4347E-03   
1.4663E-02   -1.3396E-03   
6.9831E-03   -5.0374E-03   
7.5678E-03   -4.7382E-03   
1.4161E-02   -1.5438E-03   
1.1275E-02   -2.8565E-03   
1.3058E-02   -2.0168E-03   
1.3625E-02   -1.7674E-03   
1.2476E-02   -2.2843E-03   
4.6222E-03   -6.1799E-03   
1.1884E-02   -2.5633E-03   
1.5628E-02   -9.7213E-04   
9.3779E-03   -3.8061E-03   
1.0647E-02   -3.1655E-03   
4.6747E-03   -6.1691E-03   
1.0011E-02   -3.4841E-03   
4.7181E-03   -6.1756E-03   
4.9354E-03   -6.2336E-03   
4.8450E-03   -6.2094E-03   
1.5613E-02   -9.4564E-04   
4.7730E-03   -6.1898E-03   
1.6052E-02   -7.8096E-04   
1.7346E-02   -4.4286E-04   
4.6051E-03   -6.5101E-03   
1.6362E-02   -8.1693E-04   
1.6489E-02   -1.0780E-03   
4.2585E-03   -6.9104E-03   
1.6479E-02   -6.8267E-04   
1.6239E-02   -1.0301E-03   
1.6760E-02   -1.1397E-03   
5.6200E-03   -7.1600E-03   
1.8836E-02   -9.4774E-04   
1.7742E-02   -1.0531E-03   
4.3902E-03   -6.7610E-03   
1.8764E-02   -1.1638E-03   
6.2960E-03   -8.0160E-03   
5.1972E-03   -7.8702E-03   
5.9615E-03   -7.2053E-03   
5.1889E-03   -7.0067E-03   
2.1717E-02   -1.4693E-03   
2.3177E-02   -1.3229E-03   
6.4974E-03   -8.2799E-03   
6.1835E-03   -9.2038E-03   
2.6613E-02   -5.6860E-04   
6.8272E-03   -8.6563E-03   
4.8453E-03   -6.0754E-03   
5.6246E-03   -5.7060E-03   
8.4265E-03   -4.2631E-03   
6.0996E-03   -5.4689E-03   
1.4840E-02   -1.2386E-03   
9.0318E-03   -3.9470E-03   
6.6690E-03   -5.1788E-03   
7.8370E-03   -4.5716E-03   
1.4418E-02   -1.4039E-03   
1.1545E-02   -2.6812E-03   
7.2507E-03   -4.8775E-03   
1.0926E-02   -2.9833E-03   
5.1350E-03   -5.9427E-03   
1.3917E-02   -1.6085E-03   
1.2720E-02   -2.1293E-03   
1.2140E-02   -2.3979E-03   
5.1796E-03   -5.9372E-03   
1.0292E-02   -3.3001E-03   
9.6566E-03   -3.6237E-03   
1.5627E-02   -9.2694E-04   
1.6192E-02   -8.0417E-04   
5.3739E-03   -5.9801E-03   
5.2177E-03   -5.9496E-03   
4.7642E-03   -6.7128E-03   
5.2846E-03   -5.9626E-03   
1.6096E-02   -7.9243E-04   
5.0370E-03   -6.2655E-03   
6.2849E-03   -6.9114E-03   
1.5867E-02   -1.2429E-03   
4.6889E-03   -6.5540E-03   
1.6117E-02   -1.3018E-03   
1.6012E-02   -9.9569E-04   
1.7065E-02   -1.2128E-03   
5.7347E-03   -6.9555E-03   
7.6989E-03   -8.4616E-03   
6.4426E-03   -7.2383E-03   
1.9159E-02   -1.3034E-03   
1.8182E-02   -1.1118E-03   
2.3165E-02   -1.5484E-03   
5.4341E-03   -6.7710E-03   
6.9439E-03   -8.8618E-03   
2.1018E-02   -1.4207E-03   
2.3921E-02   -1.1520E-03   
7.1012E-03   -7.9088E-03   
6.1975E-03   -7.5617E-03   
6.5237E-03   -7.6984E-03   
2.1672E-02   -1.7213E-03   
1.5201E-02   -1.0888E-03   
8.7082E-03   -4.0974E-03   
8.1178E-03   -4.4093E-03   
5.7300E-03   -5.6552E-03   
1.3750E-02   -1.6619E-03   
1.5696E-02   -9.5261E-04   
6.3606E-03   -5.3337E-03   
1.1219E-02   -2.8154E-03   
1.4715E-02   -1.2687E-03   
1.1826E-02   -2.5232E-03   
1.4191E-02   -1.4789E-03   
6.9446E-03   -5.0288E-03   
1.0588E-02   -3.1274E-03   
9.3199E-03   -3.7767E-03   
9.9505E-03   -3.4507E-03   
5.6815E-03   -5.6988E-03   
1.2904E-02   -2.0282E-03   
1.2404E-02   -2.2535E-03   
5.8148E-03   -5.7199E-03   
5.7296E-03   -5.7102E-03   
5.1169E-03   -6.3225E-03   
5.4789E-03   -6.0053E-03   
1.5649E-02   -9.3126E-04   
5.9833E-03   -6.4909E-03   
1.5815E-02   -9.7390E-04   
1.5466E-02   -1.4805E-03   
5.9075E-03   -6.7035E-03   
1.5633E-02   -1.1998E-03   
1.6381E-02   -1.3779E-03   
2.0298E-02   -1.3655E-03   
1.7444E-02   -1.2874E-03   
6.7934E-03   -6.9160E-03   
5.1114E-03   -6.4498E-03   
4.9500E-03   -6.7520E-03   
1.9902E-02   -1.2093E-03   
1.8420E-02   -1.4415E-03   
6.9488E-03   -7.2268E-03   
7.8203E-03   -8.7478E-03   
8.0603E-03   -8.0577E-03   
6.4967E-03   -6.6264E-03   
2.1077E-02   -1.1879E-03   
2.2432E-02   -1.7445E-03   
2.3897E-02   -1.3638E-03   
2.4595E-02   -1.0209E-03   
7.1142E-03   -7.3723E-03   
7.9059E-03   -7.6505E-03   
1.3941E-02   -1.5791E-03   
7.8155E-03   -4.5708E-03   
8.3936E-03   -4.2627E-03   
1.5196E-02   -1.1093E-03   
1.2720E-02   -2.1075E-03   
1.2132E-02   -2.3764E-03   
1.4373E-02   -1.4046E-03   
8.9952E-03   -3.9443E-03   
1.1528E-02   -2.6616E-03   
1.0903E-02   -2.9666E-03   
7.2469E-03   -4.8744E-03   
1.0262E-02   -3.2880E-03   
9.6219E-03   -3.6167E-03   
6.1126E-03   -5.4696E-03   
6.1747E-03   -5.4589E-03   
6.2528E-03   -5.4597E-03   
5.9235E-03   -5.7356E-03   
5.5779E-03   -6.0506E-03   
6.6434E-03   -5.1958E-03   
1.5191E-02   -1.0881E-03   
1.5011E-02   -1.3928E-03   
1.3344E-02   -1.8297E-03   
1.5227E-02   -1.4295E-03   
5.9365E-03   -6.3568E-03   
5.4459E-03   -6.4590E-03   
7.6747E-03   -7.0134E-03   
1.5714E-02   -1.5474E-03   
5.6504E-03   -6.1282E-03   
1.5180E-02   -1.1717E-03   
7.1867E-03   -6.5497E-03   
1.6657E-02   -1.4797E-03   
6.6962E-03   -6.3147E-03   
1.8845E-02   -1.5196E-03   
1.9733E-02   -1.5883E-03   
1.7924E-02   -1.3582E-03   
2.5320E-02   -1.0174E-03   
8.3637E-03   -7.2770E-03   
7.9915E-03   -7.1453E-03   
8.7032E-03   -8.0892E-03   
2.1701E-02   -1.9736E-03   
8.0596E-03   -9.0293E-03   
2.3123E-02   -1.7772E-03   
2.4649E-02   -1.1964E-03   
1.4260E-02   -1.4624E-03   
8.0762E-03   -4.4485E-03   
7.5150E-03   -4.7476E-03   
1.2467E-02   -2.2365E-03   
1.4738E-02   -1.2664E-03   
1.1861E-02   -2.5186E-03   
8.6727E-03   -4.1313E-03   
1.1240E-02   -2.8168E-03   
9.2997E-03   -3.8009E-03   
1.0597E-02   -3.1351E-03   
6.6788E-03   -5.2077E-03   
9.9444E-03   -3.4665E-03   
6.3660E-03   -5.4614E-03   
1.3694E-02   -1.6974E-03   
1.4572E-02   -1.6408E-03   
7.0506E-03   -4.9945E-03   
6.1399E-03   -5.8278E-03   
6.4984E-03   -5.4752E-03   
6.2483E-03   -6.0781E-03   
1.3080E-02   -1.9613E-03   
1.4815E-02   -1.6766E-03   
1.8947E-02   -1.7229E-03   
1.4684E-02   -1.3195E-03   
1.5057E-02   -1.7300E-03   
6.6065E-03   -6.1164E-03   
1.5940E-02   -1.6404E-03   
1.7076E-02   -1.5688E-03   
1.4804E-02   -1.3773E-03   
8.9006E-03   -6.8869E-03   
7.2784E-03   -6.2703E-03   
8.0883E-03   -6.2703E-03   
1.9485E-02   -1.4470E-03   
2.5577E-02   -1.2395E-03   
8.5546E-03   -6.7399E-03   
1.7632E-02   -1.6382E-03   
1.9573E-02   -1.8176E-03   
2.0965E-02   -2.2653E-03   
8.8912E-03   -7.3732E-03   
9.0597E-03   -7.6651E-03   
2.0714E-02   -1.9889E-03   
2.5870E-02   -8.5104E-04   
2.3900E-02   -1.5812E-03   
6.9812E-03   -9.4538E-03   
7.2692E-03   -6.9469E-03   
7.7369E-03   -4.6625E-03   
7.1834E-03   -4.9520E-03   
1.2219E-02   -2.3861E-03   
1.4093E-02   -1.5690E-03   
1.1600E-02   -2.6790E-03   
8.9711E-03   -4.0096E-03   
6.7917E-03   -5.1950E-03   
1.0955E-02   -2.9935E-03   
6.6303E-03   -5.5148E-03   
9.6261E-03   -3.6672E-03   
6.2188E-03   -5.9212E-03   
1.0291E-02   -3.3262E-03   
1.2833E-02   -2.1057E-03   
6.9461E-03   -5.1830E-03   
1.4125E-02   -1.9126E-03   
1.4599E-02   -1.3978E-03   
1.3439E-02   -1.8391E-03   
1.4364E-02   -1.6123E-03   
1.4470E-02   -1.9019E-03   
1.5311E-02   -1.7958E-03   
9.5229E-03   -6.4664E-03   
7.5476E-03   -5.9595E-03   
8.3990E-03   -6.3566E-03   
7.8082E-03   -6.1942E-03   
1.8020E-02   -1.9838E-03   
2.3785E-02   -1.7979E-03   
9.2774E-03   -8.1603E-03   
7.0036E-03   -5.7758E-03   
8.1078E-03   -6.6597E-03   
1.7380E-02   -1.9315E-03   
2.0213E-02   -1.8403E-03   
2.6165E-02   -9.8333E-04   
2.4840E-02   -1.6163E-03   
2.1233E-02   -2.4916E-03   
1.0115E-02   -7.3517E-03   
7.8768E-03   -9.4505E-03   
1.6754E-02   -1.8829E-03   
6.3243E-03   -9.4209E-03   
1.1981E-02   -2.5535E-03   
1.4210E-02   -1.5883E-03   
1.2598E-02   -2.2654E-03   
1.1342E-02   -2.8615E-03   
9.3017E-03   -3.8928E-03   
7.3617E-03   -4.9081E-03   
5.7295E-03   -6.2085E-03   
6.7345E-03   -5.5945E-03   
1.3208E-02   -1.9905E-03   
7.1323E-03   -5.1833E-03   
1.3886E-02   -1.8814E-03   
8.3359E-03   -4.3456E-03   
9.9856E-03   -3.5396E-03   
9.1120E-03   -6.2773E-03   
8.4989E-03   -5.9279E-03   
1.4600E-02   -1.9977E-03   
8.0358E-03   -5.9289E-03   
6.8144E-03   -5.7064E-03   
7.2696E-03   -5.7938E-03   
7.1884E-03   -5.9651E-03   
9.0176E-03   -5.9651E-03   
9.7850E-03   -6.6827E-03   
1.8687E-02   -2.0538E-03   
2.2972E-02   -2.0574E-03   
1.7117E-02   -2.2425E-03   
1.3296E-02   -2.2125E-03   
1.5878E-02   -2.1770E-03   
1.9484E-02   -2.1344E-03   
1.0273E-02   -7.8443E-03   
8.4507E-03   -8.4068E-03   
1.6505E-02   -2.1968E-03   
2.0943E-02   -1.6724E-03   
1.0656E-02   -7.4423E-03   
9.6747E-03   -7.2626E-03   
2.2183E-02   -2.4106E-03   
2.0254E-02   -2.6002E-03   
1.2377E-02   -2.4371E-03   
1.1774E-02   -2.7278E-03   
1.3670E-02   -1.8585E-03   
7.2898E-03   -5.2348E-03   
1.3722E-02   -1.7637E-03   
1.2986E-02   -2.1569E-03   
1.1111E-02   -3.0564E-03   
7.5911E-03   -4.8650E-03   
9.6763E-03   -3.7766E-03   
1.0389E-02   -3.4153E-03   
9.2967E-03   -5.5934E-03   
8.8052E-03   -5.5937E-03   
7.9793E-03   -4.5885E-03   
7.3626E-03   -5.4972E-03   
7.3521E-03   -5.3596E-03   
7.7349E-03   -5.4570E-03   
8.6308E-03   -4.2457E-03   
1.4991E-02   -2.0637E-03   
1.2821E-02   -2.5469E-03   
1.5652E-02   -2.4830E-03   
7.8588E-03   -5.6189E-03   
1.5132E-02   -2.2658E-03   
1.0503E-02   -6.9560E-03   
1.7729E-02   -2.3094E-03   
1.0535E-02   -6.2339E-03   
8.2799E-03   -7.7524E-03   
1.1287E-02   -7.4950E-03   
1.4012E-02   -2.3339E-03   
1.6229E-02   -2.5171E-03   
9.9686E-03   -5.7620E-03   
1.1086E-02   -7.0403E-03   
9.8034E-03   -8.2729E-03   
2.0576E-02   -2.8187E-03   
2.3221E-02   -2.3333E-03   
1.2208E-02   -2.5898E-03   
1.2770E-02   -2.3354E-03   
8.9813E-03   -4.1387E-03   
7.9138E-03   -5.1814E-03   
1.0093E-02   -3.6646E-03   
8.6723E-03   -5.2613E-03   
7.9166E-03   -4.8157E-03   
1.3103E-02   -2.6136E-03   
8.2849E-03   -4.5066E-03   
8.0428E-03   -4.9316E-03   
1.5566E-02   -1.8363E-03   
1.0859E-02   -3.2906E-03   
1.3319E-02   -2.0831E-03   
9.1240E-03   -5.2460E-03   
1.5369E-02   -2.8073E-03   
9.6101E-03   -5.2389E-03   
1.5169E-02   -2.4676E-03   
7.4938E-03   -8.0042E-03   
1.2122E-02   -7.4927E-03   
1.6805E-02   -2.5758E-03   
8.7713E-03   -8.5591E-03   
1.1101E-02   -5.4461E-03   
1.0812E-02   -6.5146E-03   
1.4256E-02   -2.4719E-03   
1.8358E-02   -2.3977E-03   
1.0386E-02   -8.4019E-03   
1.1301E-02   -5.7526E-03   
1.1542E-02   -6.6063E-03   
1.0945E-02   -7.9204E-03   
1.9555E-02   -2.9591E-03   
9.7905E-03   -5.5779E-03   
2.4323E-02   -2.2284E-03   
9.3798E-03   -4.0274E-03   
9.4574E-03   -4.8822E-03   
1.1695E-02   -2.8815E-03   
8.6874E-03   -4.3919E-03   
1.2228E-02   -2.9119E-03   
1.0113E-02   -5.2486E-03   
8.3370E-03   -5.2622E-03   
1.6465E-02   -2.9270E-03   
1.0525E-02   -3.5731E-03   
9.9337E-03   -4.8723E-03   
8.5063E-03   -4.5915E-03   
1.3351E-02   -2.7321E-03   
1.5910E-02   -2.8595E-03   
1.2483E-02   -2.5553E-03   
8.4449E-03   -5.0472E-03   
1.4451E-02   -2.6426E-03   
9.1467E-03   -7.0386E-03   
1.0581E-02   -5.3149E-03   
1.1559E-02   -5.9983E-03   
1.2002E-02   -6.1566E-03   
1.2236E-02   -6.7295E-03   
1.3225E-02   -7.0294E-03   
1.9914E-02   -3.2216E-03   
9.7168E-03   -8.8726E-03   
1.7963E-02   -2.7543E-03   
2.5074E-02   -1.9003E-03   
9.7911E-03   -3.9326E-03   
9.1047E-03   -4.2803E-03   
1.1391E-02   -3.1844E-03   
1.0264E-02   -4.5026E-03   
1.2450E-02   -3.0227E-03   
1.4730E-02   -2.8072E-03   
1.3592E-02   -2.8749E-03   
1.0451E-02   -4.8685E-03   
1.5584E-02   -3.2168E-03   
1.5047E-02   -3.1536E-03   
1.8590E-02   -3.0649E-03   
1.7037E-02   -3.0166E-03   
1.3045E-02   -5.8076E-03   
1.2298E-02   -5.5477E-03   
8.9736E-03   -4.9298E-03   
1.8915E-02   -2.5314E-03   
2.1462E-02   -2.6815E-03   
1.8872E-02   -3.7008E-03   
1.3274E-02   -6.6662E-03   
1.3257E-02   -7.4011E-03   
1.3416E-02   -6.2875E-03   
1.1563E-02   -4.9562E-03   
1.0891E-02   -8.5914E-03   
2.5367E-02   -2.1279E-03   
9.4860E-03   -4.2149E-03   
1.2122E-02   -2.8109E-03   
9.1374E-03   -4.6560E-03   
1.0859E-02   -3.5447E-03   
1.4615E-02   -3.5875E-03   
1.1507E-02   -3.3560E-03   
1.0193E-02   -3.8699E-03   
1.2691E-02   -3.1592E-03   
1.0772E-02   -4.4836E-03   
1.3984E-02   -3.2181E-03   
1.1354E-02   -4.4719E-03   
1.4179E-02   -3.4143E-03   
1.9288E-02   -2.7230E-03   
1.6144E-02   -3.2835E-03   
1.7663E-02   -3.1318E-03   
2.2218E-02   -2.7280E-03   
1.2099E-02   -5.2931E-03   
1.8485E-02   -2.8381E-03   
1.2048E-02   -5.0332E-03   
1.7839E-02   -3.4167E-03   
9.8183E-03   -4.4812E-03   
1.2077E-02   -4.4590E-03   
1.3749E-02   -5.8702E-03   
1.7889E-02   -3.7236E-03   
1.9938E-02   -3.5189E-03   
1.2452E-02   -5.7740E-03   
1.4175E-02   -6.2850E-03   
1.4072E-02   -6.9521E-03   
1.0121E-02   -9.0313E-03   
9.8517E-03   -4.2109E-03   
1.1653E-02   -4.0735E-03   
1.0679E-02   -3.7772E-03   
1.1821E-02   -3.4458E-03   
1.2829E-02   -4.8714E-03   
1.1067E-02   -4.1195E-03   
1.3585E-02   -3.8351E-03   
1.5388E-02   -3.5232E-03   
1.5042E-02   -6.6985E-03   
1.7041E-02   -3.7672E-03   
8.8113E-03   -4.5485E-03   
1.2666E-02   -4.5925E-03   
1.6670E-02   -3.3825E-03   
1.2989E-02   -3.2836E-03   
1.3234E-02   -3.6540E-03   
1.4141E-02   -5.4388E-03   
9.8609E-03   -9.3975E-03   
1.4501E-02   -5.9187E-03   
1.7827E-02   -4.0205E-03   
2.0635E-02   -3.2669E-03   
1.3840E-02   -3.0252E-03   
8.5800E-03   -4.8062E-03   
1.0571E-02   -4.1906E-03   
1.2272E-02   -4.0596E-03   
1.1182E-02   -3.8468E-03   
1.5768E-02   -3.6522E-03   
1.2567E-02   -3.6773E-03   
1.2973E-02   -4.2093E-03   
1.1141E-02   -3.6867E-03   
1.7127E-02   -4.4004E-03   
1.0533E-02   -4.0292E-03   
2.1508E-02   -3.1339E-03   
1.6987E-02   -4.1023E-03   
1.3378E-02   -5.3576E-03   
1.2824E-02   -4.0424E-03   
1.5715E-02   -6.2508E-03   
8.7479E-03   -9.8063E-03   
1.3320E-02   -3.3679E-03   
1.4047E-02   -4.8593E-03   
1.4837E-02   -3.8795E-03   
1.5257E-02   -4.1041E-03   
1.4639E-02   -4.9732E-03   
1.7434E-02   -4.6667E-03   
1.3434E-02   -4.5171E-03   
1.5317E-02   -5.9882E-03   
1.6071E-02   -6.4491E-03   
1.5071E-02   -4.5234E-03   
1.3676E-02   -4.6919E-03   
1.7021E-02   -6.4175E-03   
1.5258E-02   -5.0993E-03   
1.7106E-02   -3.4882E-03   
1.8626E-02   -4.4376E-03   
1.6331E-02   -4.8516E-03   
1.4235E-02   -4.3013E-03   
1.6099E-02   -4.1358E-03   
1.4815E-02   -5.5188E-03   
1.6540E-02   -5.1331E-03   
1.9543E-02   -3.9145E-03   
1.8031E-02   -5.9120E-03   
1.5698E-02   -5.2305E-03   
1.4456E-02   -4.4950E-03   
1.6496E-02   -5.4996E-03   
1.7432E-02   -5.4853E-03   
1.8637E-02   -5.0749E-03   
1.9070E-02   -4.6428E-03   
1.8302E-02   -5.5200E-03   
8.9825E-04   -1.1655E-02   
1.6396E-02   -5.8398E-03   
1.5459E-02   -6.9213E-03   
2.6948E-02   -9.7430E-04   
2.0264E-03   -9.7783E-03   
2.9400E-02   -1.4531E-04   
2.6423E-02   -2.0237E-03   
1.6319E-03   -1.1789E-02   
7.8100E-03   -9.8299E-03   
1.8416E-02   -6.1339E-03   
2.7402E-02   -5.1891E-04   
2.4941E-03   -1.1687E-02   
8.7718E-03   -9.0896E-03   
3.5419E-03   -1.1541E-02   
4.6122E-03   -1.1381E-02   
5.6806E-03   -1.1190E-02   
6.7829E-03   -1.0971E-02   
3.0341E-02   -1.3296E-04   
7.9085E-03   -1.0730E-02   
9.0893E-03   -1.0453E-02   
2.5738E-02   -1.6506E-03   
1.0307E-02   -1.0166E-02   
3.1310E-02   -1.2815E-04   
1.1543E-02   -9.8649E-03   
1.2815E-02   -9.5518E-03   
1.9706E-02   -4.2481E-03   
1.4250E-02   -9.1776E-03   
3.2329E-02   -1.1885E-04   
2.2433E-02   -1.9467E-03   
1.5397E-02   -9.0027E-03   
1.1503E-02   -7.1623E-03   
5.9406E-03   -1.0387E-02   
2.5924E-02   -1.4389E-03   
1.6733E-02   -8.5698E-03   
1.8233E-02   -8.2631E-03   
3.3381E-02   -1.0522E-04   
1.9631E-02   -7.9489E-03   
1.2172E-02   -8.3040E-03   
2.1184E-02   -7.5675E-03   
2.2395E-02   -7.3908E-03   
3.4471E-02   -9.1415E-05   
2.3798E-02   -6.9478E-03   
2.5381E-02   -6.5736E-03   
2.6228E-03   -1.1105E-02   
2.6865E-02   -6.1718E-03   
3.5728E-02   -8.2641E-05   
2.7780E-02   -3.2367E-04   
1.3006E-02   -7.8193E-03   
2.8473E-02   -5.6651E-03   
3.0008E-02   -5.2097E-03   
2.4650E-02   -2.4184E-03   
3.7126E-02   -4.4819E-05   
2.2482E-02   -2.9785E-03   
2.0702E-02   -3.5080E-03   
3.3028E-02   -4.0827E-03   
3.8628E-02   -6.4812E-04   
3.8905E-02   -6.4596E-04   
3.8755E-02   -1.8398E-04   
3.8871E-02   -7.6882E-05   
3.8666E-02   -4.1182E-04   
1.0610E-02   -9.4590E-03   
3.6406E-02   -2.3636E-03   
3.0384E-03   -1.1321E-02   
2.3243E-02   -3.0329E-03   
2.1891E-02   -3.3928E-03   
5.3439E-03   -1.0751E-02   
2.0511E-02   -4.2325E-03   
6.9005E-03   -1.0207E-02   
2.7675E-02   -8.2019E-04   
1.9346E-02   -5.1409E-03   
2.7151E-02   -1.7053E-03   
7.6597E-03   -1.0225E-02   
1.3630E-02   -7.9685E-03   
5.2568E-03   -1.1019E-02   
1.5068E-02   -7.4211E-03   
7.4749E-03   -1.0569E-02   
2.4408E-02   -2.7134E-03   
2.6427E-02   -5.9327E-03   
1.9225E-02   -7.7045E-03   
9.8862E-03   -9.9570E-03   
1.2528E-02   -8.5335E-03   
1.2378E-02   -9.3437E-03   
1.2082E-02   -9.0369E-03   
3.1784E-02   -2.4977E-04   
1.9751E-02   -5.8652E-03   
2.8229E-02   -4.6410E-04   
2.6750E-02   -2.2106E-03   
2.9911E-02   -2.5877E-04   
3.5573E-02   -1.7837E-04   
1.7548E-02   -6.6221E-03   
2.1669E-02   -7.0998E-03   
2.6352E-02   -1.0987E-03   
2.6725E-02   -1.4939E-03   
1.9796E-02   -4.4487E-03   
1.4396E-02   -7.0799E-03   
3.7968E-02   -1.7937E-05   
3.1576E-02   -4.6495E-03   
1.4642E-02   -8.7346E-03   
2.8827E-02   -5.2054E-03   
3.8951E-02   -4.3789E-04   
3.9128E-02   -4.0309E-05   
3.9069E-02   -1.1304E-04   
3.8995E-02   -2.6463E-04   
2.3957E-02   -6.4987E-03   
1.6834E-02   -8.1041E-03   
3.3858E-02   -1.9734E-04   
3.4383E-02   -2.9682E-03   
3.7288E-02   -1.3071E-04   
3.6230E-02   -2.1589E-03   
3.7045E-02   -9.4806E-04   
3.7462E-02   -1.8252E-04   
3.7274E-02   -4.0821E-04   
3.6812E-02   -1.4754E-03   
2.4202E-02   -3.0682E-03   
1.8925E-02   -7.4445E-03   
2.7971E-02   -6.3665E-04   
2.8930E-02   -5.3359E-04   
3.1214E-02   -3.9799E-04   
3.3915E-03   -1.1025E-02   
1.7136E-02   -7.1108E-03   
2.1671E-02   -3.8519E-03   
1.3169E-02   -8.8904E-03   
2.7853E-02   -1.0074E-03   
3.3268E-02   -3.2512E-04   
3.1070E-02   -4.5218E-03   
9.5466E-03   -9.7720E-03   
1.7900E-02   -7.6612E-03   
1.4241E-02   -8.5804E-03   
2.1361E-02   -6.8881E-03   
1.5878E-02   -7.4104E-03   
2.5364E-02   -5.9624E-03   
2.0563E-02   -4.9093E-03   
1.5613E-02   -8.2141E-03   
2.6412E-02   -2.5459E-03   
2.7500E-02   -1.9134E-03   
2.2774E-02   -6.5771E-03   
2.0743E-02   -5.3021E-03   
3.4449E-02   -2.7653E-04   
2.0159E-02   -6.1563E-03   
3.2239E-02   -3.6044E-04   
1.4828E-02   -7.8503E-03   
2.7528E-02   -1.2518E-03   
2.0126E-02   -7.1728E-03   
2.1345E-02   -4.3479E-03   
3.0025E-02   -4.2699E-04   
2.7848E-02   -1.4138E-03   
3.5517E-02   -1.4445E-03   
3.6105E-02   -3.1385E-04   
3.5887E-02   -6.5809E-04   
3.6316E-02   -1.8246E-04   
2.5213E-02   -2.7479E-03   
3.2447E-02   -3.7462E-03   
3.4687E-02   -2.4604E-03   
3.7205E-02   -3.3841E-04   
3.6891E-02   -1.2638E-03   
3.6929E-02   -6.5586E-04   
3.6777E-02   -7.9268E-04   
1.9760E-02   -6.9318E-03   
1.4846E-02   -8.1577E-03   
3.3648E-02   -4.1935E-04   
2.9943E-02   -4.7549E-03   
1.7176E-02   -7.5763E-03   
2.1063E-02   -5.6155E-03   
1.9335E-02   -6.7036E-03   
2.8629E-02   -1.7865E-03   
2.9613E-02   -6.1768E-04   
2.4292E-02   -6.0238E-03   
3.1718E-02   -4.9524E-04   
3.5760E-02   -8.8490E-04   
3.6216E-02   -4.5459E-04   
2.8929E-02   -1.3055E-03   
2.4007E-02   -3.4517E-03   
2.8867E-02   -9.4098E-04   
2.2714E-02   -3.8746E-03   
3.5445E-02   -1.1637E-03   
3.2903E-02   -3.0959E-03   
2.7377E-02   -2.5109E-03   
2.6811E-02   -5.4094E-03   
2.1742E-02   -4.8051E-03   
1.8183E-02   -7.0219E-03   
2.2226E-02   -6.3676E-03   
2.6642E-02   -2.7799E-03   
3.5495E-02   -2.7986E-04   
3.2177E-02   -3.5811E-03   
3.4889E-02   -1.9494E-03   
2.4555E-02   -5.5222E-03   
2.3071E-02   -4.6118E-03   
2.6458E-02   -3.1033E-03   
2.8479E-02   -2.3354E-03   
2.3094E-02   -5.8450E-03   
2.0582E-02   -6.4112E-03   
3.4013E-02   -4.9943E-04   
3.1411E-02   -3.6518E-03   
3.1809E-02   -6.5427E-04   
3.3016E-02   -5.7420E-04   
2.1833E-02   -6.1312E-03   
2.9608E-02   -1.0249E-03   
2.9693E-02   -7.8982E-04   
2.9344E-02   -1.4769E-03   
2.1549E-02   -4.5930E-03   
2.2266E-02   -5.3899E-03   
2.9079E-02   -1.9577E-03   
2.7165E-02   -4.9534E-03   
2.5043E-02   -3.4632E-03   
2.3801E-02   -3.8511E-03   
2.2960E-02   -4.9841E-03   
2.7627E-02   -2.9179E-03   
2.8365E-02   -2.6241E-03   
2.7887E-02   -5.3020E-03   
2.9769E-02   -1.6350E-03   
2.2669E-02   -5.6201E-03   
3.4995E-02   -4.1624E-04   
3.0647E-02   -8.2016E-04   
3.0013E-02   -1.2084E-03   
2.9839E-02   -4.2213E-03   
3.1458E-02   -8.7323E-04   
2.3735E-02   -4.1701E-03   
2.5827E-02   -3.5074E-03   
2.8621E-02   -2.8325E-03   
2.3423E-02   -5.1384E-03   
3.1163E-02   -1.0929E-03   
3.2114E-02   -3.1228E-03   
2.9573E-02   -2.0603E-03   
3.0896E-02   -1.4748E-03   
2.9278E-02   -4.7565E-03   
3.3508E-02   -6.5231E-04   
2.4487E-02   -4.2298E-03   
2.5771E-02   -3.8139E-03   
3.5431E-02   -4.7953E-04   
3.0556E-02   -1.9154E-03   
3.4152E-02   -7.0472E-04   
2.4667E-02   -4.8291E-03   
3.1385E-02   -1.2462E-03   
3.2935E-02   -8.3766E-04   
3.1315E-02   -1.5910E-03   
2.6886E-02   -3.7372E-03   
3.2042E-02   -9.2059E-04   
2.8192E-02   -3.2782E-03   
3.0097E-02   -2.4966E-03   
3.2228E-02   -1.2591E-03   
3.0596E-02   -2.6760E-03   
2.5102E-02   -5.0162E-03   
2.9231E-02   -3.2067E-03   
2.5517E-02   -4.2714E-03   
2.7917E-02   -3.6842E-03   
3.3213E-02   -9.5251E-04   
3.5281E-02   -6.4162E-04   
3.1439E-02   -2.6531E-03   
3.0317E-02   -3.0836E-03   
3.3537E-02   -1.0571E-03   
2.5978E-02   -4.5386E-03   
2.7439E-02   -4.1688E-03   
3.2969E-02   -1.2732E-03   
3.2686E-02   -2.3569E-03   
3.0216E-02   -3.4387E-03   
3.4674E-02   -8.6931E-04   
3.2926E-02   -1.4407E-03   
3.2615E-02   -2.6716E-03   
3.5188E-02   -9.0698E-04   
3.1394E-02   -3.1563E-03   
3.1733E-02   -1.7017E-03   
3.0976E-02   -2.0608E-03   
3.1533E-02   -2.1740E-03   
3.2926E-02   -1.8246E-03   
