51 
1844 
5.2744E-03   -5.8342E-03   
1.0032E-02   -4.9387E-03   
1.3800E-02   -3.5651E-03   
1.6220E-02   -1.8617E-03   
3.9340E-37   -6.1148E-03   
1.7037E-02   -2.0155E-37   
1.7418E-02   -7.8611E-35   
1.8042E-02   -7.4866E-37   
1.9412E-02   3.2774E-35   
2.0653E-02   4.8174E-35   
2.2229E-02   1.0232E-34   
2.4153E-02   1.4106E-34   
2.5633E-02   1.7077E-34   
2.8152E-02   2.5972E-34   
3.0027E-02   3.1496E-34   
3.2057E-02   2.7590E-34   
3.3127E-02   4.2761E-34   
3.5374E-02   6.3371E-34   
3.7758E-02   9.2262E-34   
3.9000E-02   -7.2937E-30   
3.9000E-02   -5.0398E-34   
3.9000E-02   -5.0398E-34   
3.9000E-02   -5.0398E-34   
3.9000E-02   -5.0398E-34   
3.9000E-02   -5.0398E-34   
3.9000E-02   -5.0398E-34   
3.9000E-02   -5.0398E-34   
3.9000E-02   -5.0398E-34   
3.9000E-02   -5.0398E-34   
3.9000E-02   -5.0398E-34   
3.9000E-02   -5.0398E-34   
3.9000E-02   -5.0398E-34   
3.6641E-02   -1.6882E-03   
3.2797E-02   -3.8524E-03   
3.1176E-02   -4.5968E-03   
2.9629E-02   -5.2110E-03   
2.6648E-02   -6.1999E-03   
2.5196E-02   -6.6138E-03   
2.2340E-02   -7.3425E-03   
2.0937E-02   -7.6759E-03   
1.8176E-02   -8.3104E-03   
1.5490E-02   -8.9243E-03   
1.4182E-02   -9.2296E-03   
1.1648E-02   -9.8285E-03   
9.2410E-03   -1.0400E-02   
8.0887E-03   -1.0665E-02   
5.8894E-03   -1.1139E-02   
3.8223E-03   -1.1502E-02   
1.8684E-03   -1.1727E-02   
5.4639E-37   -1.1794E-02   
9.2402E-34   -1.1174E-02   
9.7231E-34   -1.0582E-02   
9.1612E-34   -9.7958E-03   
8.6850E-34   -9.3445E-03   
7.6465E-34   -8.6087E-03   
6.9754E-34   -8.1895E-03   
6.2833E-34   -7.7809E-03   
5.7098E-34   -7.4511E-03   
5.5853E-34   -7.1623E-03   
3.9985E-03   -6.2281E-03   
3.7472E-02   -1.4938E-04   
3.5871E-02   -3.1225E-04   
3.3554E-02   -5.3980E-04   
3.1656E-02   -7.3417E-04   
2.9818E-02   -9.7620E-04   
2.7746E-02   -1.1205E-03   
2.6049E-02   -1.1796E-03   
2.3953E-02   -1.3610E-03   
2.1873E-02   -1.4730E-03   
1.9804E-02   -1.5714E-03   
1.7751E-02   -1.6591E-03   
1.5613E-02   -1.7994E-03   
1.3415E-02   -2.1553E-03   
1.0410E-02   -3.1103E-03   
7.3478E-03   -4.5994E-03   
1.0904E-02   -3.6238E-03   
1.3000E-02   -1.8035E-03   
1.5033E-02   -1.1429E-03   
1.6956E-02   -9.6753E-04   
1.8805E-02   -9.4372E-04   
2.0562E-02   -9.5257E-04   
2.2570E-02   -8.7401E-04   
2.4437E-02   -8.1067E-04   
2.6176E-02   -7.2887E-04   
2.7970E-02   -7.3386E-04   
2.9923E-02   -5.8143E-04   
3.1802E-02   -4.5861E-04   
3.3640E-02   -3.6925E-04   
3.5586E-02   -2.1460E-04   
3.7275E-02   -9.0516E-05   
1.5955E-02   -8.0635E-04   
1.6936E-02   -3.8150E-04   
1.8055E-02   -3.5867E-04   
1.9604E-02   -3.6827E-04   
2.1086E-02   -3.7499E-04   
2.2914E-02   -3.9503E-04   
2.4546E-02   -4.0557E-04   
2.6169E-02   -3.9666E-04   
2.8256E-02   -3.1890E-04   
3.0003E-02   -2.5784E-04   
3.1979E-02   -2.2143E-04   
3.3921E-02   -1.5983E-04   
3.5818E-02   -1.0489E-04   
3.7560E-02   -3.4247E-05   
3.7185E-02   -2.3201E-04   
3.5452E-02   -4.8938E-04   
3.3329E-02   -8.2114E-04   
3.1369E-02   -1.0263E-03   
2.9673E-02   -1.3191E-03   
2.7543E-02   -1.5547E-03   
2.5443E-02   -1.7674E-03   
2.3452E-02   -1.9330E-03   
2.1381E-02   -2.1346E-03   
1.9440E-02   -2.3104E-03   
1.6951E-02   -2.5865E-03   
1.4292E-02   -2.9946E-03   
1.1682E-02   -3.5568E-03   
8.9486E-03   -4.3680E-03   
5.8916E-03   -5.6212E-03   
2.9307E-03   -6.8211E-03   
3.7075E-02   -3.4407E-04   
3.5603E-02   -6.2511E-04   
3.3080E-02   -1.1134E-03   
3.1425E-02   -1.4196E-03   
2.9449E-02   -1.7256E-03   
2.7074E-02   -2.1203E-03   
2.4973E-02   -2.3362E-03   
2.2934E-02   -2.5643E-03   
2.0537E-02   -2.8960E-03   
1.8292E-02   -3.2619E-03   
1.5912E-02   -3.6590E-03   
1.3413E-02   -4.0262E-03   
1.0727E-02   -4.7682E-03   
8.1119E-03   -5.4728E-03   
5.2725E-03   -6.4743E-03   
2.5128E-03   -7.3462E-03   
3.7614E-02   -3.0079E-04   
3.4945E-02   -9.3964E-04   
3.3425E-02   -1.2718E-03   
3.1572E-02   -1.7111E-03   
2.8805E-02   -2.2706E-03   
2.6836E-02   -2.6435E-03   
2.4789E-02   -2.9488E-03   
2.2368E-02   -3.3544E-03   
2.0162E-02   -3.7512E-03   
1.7781E-02   -4.0834E-03   
1.5537E-02   -4.4686E-03   
1.2725E-02   -4.9789E-03   
9.9988E-03   -5.8381E-03   
7.4546E-03   -6.4535E-03   
5.0657E-03   -7.2294E-03   
2.4909E-03   -7.8464E-03   
3.6760E-02   -6.1522E-04   
3.5195E-02   -1.0829E-03   
3.3301E-02   -1.6421E-03   
3.1393E-02   -2.1808E-03   
2.8626E-02   -2.8260E-03   
2.6403E-02   -3.2289E-03   
2.4145E-02   -3.7457E-03   
2.1981E-02   -4.2111E-03   
1.9399E-02   -4.5620E-03   
1.7300E-02   -4.8696E-03   
1.5163E-02   -5.4146E-03   
1.2329E-02   -6.0858E-03   
9.5616E-03   -6.7927E-03   
7.1420E-03   -7.3960E-03   
4.5681E-03   -8.0159E-03   
2.3858E-03   -8.4125E-03   
3.7232E-02   -6.5106E-04   
3.5106E-02   -1.4350E-03   
3.3364E-02   -1.9695E-03   
3.0636E-02   -2.8270E-03   
2.8234E-02   -3.5437E-03   
2.6090E-02   -3.9772E-03   
2.3431E-02   -4.5575E-03   
2.1437E-02   -4.9808E-03   
1.8849E-02   -5.3930E-03   
1.6593E-02   -5.8296E-03   
1.4038E-02   -6.3920E-03   
1.1954E-02   -6.9190E-03   
9.4449E-03   -7.5652E-03   
6.9577E-03   -8.1475E-03   
4.5448E-03   -8.6797E-03   
2.1367E-03   -9.0617E-03   
3.6932E-02   -8.7777E-04   
3.4600E-02   -1.8274E-03   
3.2972E-02   -2.4127E-03   
2.9807E-02   -3.5560E-03   
2.7890E-02   -4.1188E-03   
2.5710E-02   -4.7312E-03   
2.3321E-02   -5.2005E-03   
2.0908E-02   -5.7333E-03   
1.8231E-02   -6.3356E-03   
1.5994E-02   -6.7946E-03   
1.3799E-02   -7.2445E-03   
1.1514E-02   -7.7969E-03   
8.9996E-03   -8.4976E-03   
6.8597E-03   -8.9017E-03   
4.4372E-03   -9.4030E-03   
2.2024E-03   -9.6945E-03   
3.7110E-02   -1.0437E-03   
3.5114E-02   -2.0130E-03   
3.2434E-02   -3.1125E-03   
3.0091E-02   -4.0895E-03   
2.7555E-02   -4.6949E-03   
2.5106E-02   -5.3296E-03   
2.2775E-02   -5.9310E-03   
2.0440E-02   -6.4906E-03   
1.8105E-02   -7.0373E-03   
1.5538E-02   -7.5180E-03   
1.3269E-02   -8.2212E-03   
1.0889E-02   -8.6930E-03   
8.7486E-03   -9.1298E-03   
6.5231E-03   -9.6520E-03   
4.2311E-03   -1.0124E-02   
2.3512E-03   -1.0314E-02   
3.6560E-02   -1.5834E-03   
3.4121E-02   -2.9859E-03   
3.2092E-02   -3.7857E-03   
2.8925E-02   -4.9499E-03   
2.7010E-02   -5.5154E-03   
2.4351E-02   -6.2324E-03   
2.2044E-02   -6.8477E-03   
1.9990E-02   -7.2232E-03   
1.7515E-02   -7.7684E-03   
1.5180E-02   -8.4247E-03   
1.3221E-02   -8.8265E-03   
1.0849E-02   -9.4048E-03   
8.4068E-03   -9.9675E-03   
6.2298E-03   -1.0406E-02   
4.1495E-03   -1.0783E-02   
1.8563E-03   -1.1154E-02   
6.6240E-04   -6.1354E-03   
1.3331E-03   -6.1231E-03   
2.0004E-03   -6.0995E-03   
2.6657E-03   -6.0666E-03   
3.3267E-03   -6.0236E-03   
3.9827E-03   -5.9703E-03   
4.6323E-03   -5.9069E-03   
5.9080E-03   -5.7524E-03   
6.5324E-03   -5.6618E-03   
7.1466E-03   -5.5624E-03   
7.7496E-03   -5.4543E-03   
8.3405E-03   -5.3377E-03   
8.9184E-03   -5.2127E-03   
9.4824E-03   -5.0796E-03   
1.0565E-02   -4.7901E-03   
1.1082E-02   -4.6342E-03   
1.1581E-02   -4.4717E-03   
1.2063E-02   -4.3025E-03   
1.2527E-02   -4.1273E-03   
1.2972E-02   -3.9454E-03   
1.3397E-02   -3.7579E-03   
1.4183E-02   -3.3674E-03   
1.4544E-02   -3.1646E-03   
1.4882E-02   -2.9572E-03   
1.5197E-02   -2.7455E-03   
1.5489E-02   -2.5297E-03   
1.5757E-02   -2.3103E-03   
1.6001E-02   -2.0876E-03   
1.6414E-02   -1.6331E-03   
1.6583E-02   -1.4016E-03   
1.6725E-02   -1.1673E-03   
1.6832E-02   -9.3111E-04   
1.6939E-02   -6.9915E-04   
1.6989E-02   -4.6945E-04   
1.7039E-02   -2.2792E-04   
1.7149E-02   -3.8989E-34   
1.7211E-02   -3.6278E-34   
1.7260E-02   -2.6823E-34   
1.7307E-02   -1.4174E-34   
1.7357E-02   -1.0618E-34   
1.7495E-02   -5.6223E-35   
1.7593E-02   -3.7999E-35   
1.7716E-02   -2.3147E-35   
1.7864E-02   -1.0932E-35   
1.8250E-02   7.7744E-36   
1.8490E-02   1.4945E-35   
1.8763E-02   2.1182E-35   
1.9070E-02   2.6999E-35   
1.9789E-02   3.7986E-35   
2.0202E-02   4.3151E-35   
2.1140E-02   5.3754E-35   
2.1665E-02   5.9487E-35   
2.2831E-02   1.0775E-34   
2.3473E-02   8.0972E-35   
2.4873E-02   1.5258E-34   
2.6432E-02   1.9756E-34   
2.7272E-02   2.2304E-34   
2.9070E-02   2.6879E-34   
3.1023E-02   3.5933E-34   
3.4233E-02   5.3698E-34   
3.6549E-02   5.6215E-34   
3.9000E-02   -5.0398E-34   
3.9000E-02   -5.0398E-34   
3.9000E-02   -5.0398E-34   
3.9000E-02   -5.0398E-34   
3.9000E-02   -5.0398E-34   
3.4544E-02   -2.9598E-03   
2.8125E-02   -5.7384E-03   
2.3760E-02   -6.9908E-03   
1.9548E-02   -7.9973E-03   
1.6822E-02   -8.6190E-03   
1.2901E-02   -9.5308E-03   
1.0428E-02   -1.0119E-02   
6.9714E-03   -1.0913E-02   
4.8402E-03   -1.1335E-02   
2.8320E-03   -1.1632E-02   
9.2831E-04   -1.1785E-02   
6.8435E-34   -1.1484E-02   
9.6108E-34   -1.0872E-02   
9.4189E-34   -1.0305E-02   
1.3722E-33   -1.0044E-02   
1.3852E-33   -9.5628E-03   
8.4837E-34   -9.1401E-03   
8.2535E-34   -8.9495E-03   
7.9364E-34   -8.7726E-03   
7.4065E-34   -8.4571E-03   
7.1818E-34   -8.3176E-03   
6.8009E-34   -8.0724E-03   
6.6288E-34   -7.9657E-03   
6.4476E-34   -7.8688E-03   
6.1400E-34   -7.7014E-03   
6.0100E-34   -7.6295E-03   
5.8943E-34   -7.5644E-03   
5.7939E-34   -7.5053E-03   
5.6420E-34   -7.4008E-03   
5.5911E-34   -7.3532E-03   
5.5586E-34   -7.3071E-03   
5.5461E-34   -7.2610E-03   
5.5550E-34   -7.2133E-03   
5.6357E-34   -7.1059E-03   
5.7031E-34   -7.0421E-03   
5.7972E-34   -6.9683E-03   
5.9227E-34   -6.8822E-03   
6.1198E-34   -6.7816E-03   
9.6469E-34   -6.6594E-03   
9.7244E-34   -6.5169E-03   
7.9807E-34   -6.3284E-03   
7.1409E-03   -5.5016E-03   
1.1023E-02   -4.3712E-03   
1.2476E-02   -3.8000E-03   
8.3050E-03   -5.2155E-03   
1.5820E-02   -1.9625E-03   
5.3347E-03   -5.8605E-03   
2.2018E-03   -6.2409E-03   
1.4909E-02   -2.5852E-03   
1.6674E-02   -1.1268E-03   
1.3789E-02   -3.2014E-03   
9.4298E-03   -4.8972E-03   
1.6301E-02   -1.5456E-03   
9.9755E-03   -4.7280E-03   
4.7197E-03   -5.9595E-03   
1.3373E-02   -3.4039E-03   
1.5237E-02   -2.3781E-03   
1.7086E-02   -3.1512E-04   
8.4781E-04   -6.3122E-03   
4.0994E-03   -6.0475E-03   
1.1520E-02   -4.1847E-03   
1.2000E-02   -3.9937E-03   
1.6074E-02   -1.7542E-03   
2.8417E-03   -6.1883E-03   
1.6821E-02   -9.1396E-04   
1.5349E-03   -6.2859E-03   
3.4739E-03   -6.1240E-03   
1.5541E-02   -2.1705E-03   
1.6501E-02   -1.3364E-03   
5.9441E-03   -5.7508E-03   
1.4558E-02   -2.7918E-03   
1.4184E-02   -2.9974E-03   
8.8731E-03   -5.0601E-03   
6.5466E-03   -5.6311E-03   
7.7277E-03   -5.3629E-03   
1.0507E-02   -4.5526E-03   
1.2934E-02   -3.6035E-03   
4.9023E-04   -6.7142E-03   
4.6627E-04   -6.8248E-03   
4.4907E-04   -6.9183E-03   
4.3320E-04   -6.9979E-03   
4.2088E-04   -7.0660E-03   
4.1333E-04   -7.1253E-03   
4.0919E-04   -7.1783E-03   
4.0744E-04   -7.2270E-03   
4.0763E-04   -7.2735E-03   
1.7214E-02   -1.5184E-04   
4.0957E-04   -7.3192E-03   
1.7258E-02   -1.1984E-04   
4.1321E-04   -7.3658E-03   
1.7304E-02   -9.6721E-05   
4.1852E-04   -7.4145E-03   
1.7358E-02   -7.9509E-05   
4.2538E-04   -7.4666E-03   
1.7427E-02   -6.7581E-05   
4.3368E-04   -7.5231E-03   
1.7515E-02   -5.9782E-05   
4.4335E-04   -7.5852E-03   
1.7625E-02   -5.5425E-05   
4.5427E-04   -7.6537E-03   
1.7761E-02   -5.3855E-05   
4.6638E-04   -7.7295E-03   
1.7925E-02   -5.4433E-05   
4.7967E-04   -7.8132E-03   
1.8119E-02   -5.6652E-05   
4.9354E-04   -7.9056E-03   
1.8344E-02   -6.0319E-05   
5.0772E-04   -8.0072E-03   
1.8602E-02   -6.5137E-05   
5.2374E-04   -8.1190E-03   
1.8894E-02   -7.0732E-05   
5.4218E-04   -8.2417E-03   
1.9220E-02   -7.6809E-05   
5.6157E-04   -8.3757E-03   
1.9581E-02   -8.2644E-05   
5.8127E-04   -8.5212E-03   
1.9976E-02   -8.9342E-05   
6.0116E-04   -8.6787E-03   
2.0403E-02   -9.6602E-05   
6.2058E-04   -8.8477E-03   
2.0866E-02   -1.0506E-04   
6.4684E-04   -9.0278E-03   
2.1369E-02   -1.1271E-04   
6.7788E-04   -9.2220E-03   
2.1912E-02   -1.1824E-04   
6.9442E-04   -9.4315E-03   
2.2495E-02   -1.2346E-04   
7.1158E-04   -9.6539E-03   
2.3123E-02   -1.2865E-04   
7.6197E-04   -9.8926E-03   
2.3797E-02   -1.3100E-04   
7.9163E-04   -1.0154E-02   
2.4495E-02   -1.2817E-04   
7.9694E-04   -1.0430E-02   
2.5220E-02   -1.3263E-04   
8.2760E-04   -1.0717E-02   
2.5997E-02   -1.3425E-04   
8.7633E-04   -1.1026E-02   
8.8647E-03   -4.8912E-03   
1.3816E-02   -2.8657E-03   
1.5304E-02   -2.0509E-03   
6.5804E-03   -5.5707E-03   
1.7047E-02   -4.6186E-04   
1.7807E-03   -6.4035E-03   
1.1475E-02   -3.9030E-03   
1.6766E-02   -8.9406E-04   
3.0049E-03   -6.2750E-03   
4.8126E-03   -5.9769E-03   
4.2163E-03   -6.0886E-03   
1.2938E-02   -3.2816E-03   
9.9616E-03   -4.5101E-03   
1.6160E-02   -1.4648E-03   
1.6390E-02   -1.2735E-03   
1.0488E-02   -4.3127E-03   
1.2462E-02   -3.4873E-03   
1.5616E-02   -1.8533E-03   
1.4967E-02   -2.2511E-03   
7.1603E-03   -5.4139E-03   
5.4063E-03   -5.8528E-03   
1.0945E-03   -6.4691E-03   
7.7348E-03   -5.2477E-03   
1.0987E-02   -4.1093E-03   
1.1970E-02   -3.6936E-03   
1.5902E-02   -1.6580E-03   
1.6591E-02   -1.0835E-03   
8.3036E-03   -5.0732E-03   
1.4221E-02   -2.6589E-03   
3.6133E-03   -6.1882E-03   
5.9960E-03   -5.7172E-03   
1.4605E-02   -2.4539E-03   
1.6917E-02   -6.9825E-04   
2.3891E-03   -6.3469E-03   
1.3388E-02   -3.0743E-03   
9.4188E-03   -4.7034E-03   
5.1087E-04   -6.5815E-03   
9.7687E-04   -6.7359E-03   
9.3257E-04   -6.8437E-03   
8.9274E-04   -6.9299E-03   
8.5628E-04   -7.0035E-03   
8.3360E-04   -7.0661E-03   
8.2137E-04   -7.1209E-03   
8.1563E-04   -7.1705E-03   
1.7160E-02   -2.0653E-04   
8.1441E-04   -7.2170E-03   
8.1687E-04   -7.2623E-03   
1.7164E-02   -2.6284E-04   
8.2275E-04   -7.3078E-03   
1.7201E-02   -2.1562E-04   
8.3198E-04   -7.3549E-03   
1.7248E-02   -1.7512E-04   
8.4440E-04   -7.4049E-03   
1.7308E-02   -1.4683E-04   
8.5976E-04   -7.4589E-03   
1.7385E-02   -1.2802E-04   
8.7744E-04   -7.5180E-03   
1.7485E-02   -1.1633E-04   
8.9993E-04   -7.5827E-03   
1.7608E-02   -1.1079E-04   
9.2657E-04   -7.6543E-03   
1.7759E-02   -1.1018E-04   
9.5186E-04   -7.7342E-03   
1.7940E-02   -1.1329E-04   
9.7532E-04   -7.8224E-03   
1.8152E-02   -1.1917E-04   
1.0002E-03   -7.9189E-03   
1.8397E-02   -1.2783E-04   
1.0295E-03   -8.0249E-03   
1.8675E-02   -1.3868E-04   
1.0643E-03   -8.1417E-03   
1.8987E-02   -1.5098E-04   
1.1030E-03   -8.2698E-03   
1.9339E-02   -1.6201E-04   
1.1433E-03   -8.4098E-03   
1.9718E-02   -1.7081E-04   
1.1834E-03   -8.5616E-03   
2.0113E-02   -1.8660E-04   
1.2162E-03   -8.7250E-03   
2.0548E-02   -2.0089E-04   
1.2404E-03   -8.8958E-03   
2.1021E-02   -2.2122E-04   
1.3162E-03   -9.0723E-03   
2.1547E-02   -2.3365E-04   
1.3839E-03   -9.2730E-03   
2.2113E-02   -2.4181E-04   
1.3833E-03   -9.4918E-03   
2.2719E-02   -2.5379E-04   
1.4456E-03   -9.7086E-03   
2.3392E-02   -2.6212E-04   
1.6481E-03   -9.9536E-03   
2.4116E-02   -2.6168E-04   
1.5874E-03   -1.0247E-02   
2.4780E-02   -2.4287E-04   
1.6159E-03   -1.0523E-02   
2.5492E-02   -2.9108E-04   
1.6982E-03   -1.0812E-02   
2.6817E-02   -1.4149E-04   
1.1475E-02   -3.6333E-03   
1.2002E-02   -3.4065E-03   
9.9863E-03   -4.2943E-03   
1.2501E-02   -3.1936E-03   
9.4469E-03   -4.5029E-03   
4.3360E-03   -6.0985E-03   
4.9147E-03   -5.9638E-03   
5.4911E-03   -5.8163E-03   
6.0649E-03   -5.6568E-03   
6.6362E-03   -5.4858E-03   
3.7475E-03   -6.2218E-03   
7.2053E-03   -5.3043E-03   
8.8949E-03   -4.7112E-03   
1.2984E-02   -2.9829E-03   
7.7721E-03   -5.1137E-03   
8.3363E-03   -4.9155E-03   
3.1412E-03   -6.3345E-03   
1.3441E-02   -2.7695E-03   
1.5998E-02   -1.3922E-03   
1.6257E-02   -1.2141E-03   
1.6484E-02   -1.0411E-03   
1.5709E-02   -1.5748E-03   
2.5366E-03   -6.4298E-03   
1.3877E-02   -2.5582E-03   
1.5393E-02   -1.7615E-03   
1.4682E-02   -2.1491E-03   
1.4291E-02   -2.3512E-03   
1.5050E-02   -1.9530E-03   
1.9674E-03   -6.4896E-03   
1.4814E-03   -6.5342E-03   
1.6680E-02   -8.6946E-04   
1.6854E-02   -6.9500E-04   
1.7004E-02   -5.1657E-04   
1.0167E-03   -6.6257E-03   
1.4054E-03   -6.8317E-03   
1.3179E-03   -6.9171E-03   
1.2664E-03   -6.9852E-03   
1.2395E-03   -7.0423E-03   
1.2263E-03   -7.0926E-03   
1.2217E-03   -7.1389E-03   
1.7122E-02   -3.2797E-04   
1.2233E-03   -7.1833E-03   
1.2301E-03   -7.2275E-03   
1.7045E-02   -3.7361E-04   
1.2420E-03   -7.2729E-03   
1.7092E-02   -2.9333E-04   
1.2587E-03   -7.3208E-03   
1.7143E-02   -2.4261E-04   
1.2799E-03   -7.3723E-03   
1.7210E-02   -2.0871E-04   
1.3039E-03   -7.4284E-03   
1.7297E-02   -1.8722E-04   
1.3362E-03   -7.4886E-03   
1.7410E-02   -1.7437E-04   
1.3880E-03   -7.5530E-03   
1.7549E-02   -1.7047E-04   
1.4280E-03   -7.6292E-03   
1.7714E-02   -1.7336E-04   
1.4516E-03   -7.7157E-03   
1.7913E-02   -1.8023E-04   
1.4835E-03   -7.8082E-03   
1.8148E-02   -1.9063E-04   
1.5182E-03   -7.9095E-03   
1.8411E-02   -2.0611E-04   
1.5644E-03   -8.0193E-03   
1.8708E-02   -2.2486E-04   
1.6264E-03   -8.1396E-03   
1.9052E-02   -2.4266E-04   
1.6896E-03   -8.2736E-03   
1.9443E-02   -2.5567E-04   
1.7505E-03   -8.4210E-03   
1.9816E-02   -2.5573E-04   
1.8017E-03   -8.5824E-03   
2.0179E-02   -3.0433E-04   
1.8187E-03   -8.7566E-03   
1.7843E-03   -8.9204E-03   
2.0881E-03   -9.3240E-03   
2.2250E-02   -3.7554E-04   
2.3275E-03   -1.0068E-02   
2.4273E-03   -1.0572E-02   
2.3653E-02   -4.0423E-04   
2.7719E-02   -1.5174E-04   
1.6573E-02   -8.4819E-04   
1.6764E-02   -6.8928E-04   
1.6939E-02   -5.2777E-04   
1.0517E-02   -3.8895E-03   
1.0056E-02   -4.0743E-03   
3.8848E-03   -6.2280E-03   
3.2842E-03   -6.3668E-03   
6.1523E-03   -5.5741E-03   
4.4613E-03   -6.0816E-03   
6.7144E-03   -5.3808E-03   
5.0280E-03   -5.9245E-03   
9.5161E-03   -4.2977E-03   
1.2592E-02   -2.9311E-03   
5.5908E-03   -5.7556E-03   
1.5820E-02   -1.3294E-03   
1.5501E-02   -1.5059E-03   
7.2771E-03   -5.1772E-03   
7.8403E-03   -4.9649E-03   
1.4388E-02   -2.0726E-03   
1.4784E-02   -1.8767E-03   
1.6111E-02   -1.1577E-03   
2.6589E-03   -6.4926E-03   
1.6361E-02   -1.0007E-03   
8.9622E-03   -4.5228E-03   
1.3968E-02   -2.2772E-03   
8.4033E-03   -4.7462E-03   
1.5156E-02   -1.6881E-03   
1.3067E-02   -2.7078E-03   
1.3527E-02   -2.4896E-03   
1.8079E-03   -6.8106E-03   
1.7111E-03   -6.8853E-03   
1.6646E-03   -6.9445E-03   
1.6408E-03   -6.9951E-03   
1.6306E-03   -7.0407E-03   
1.6299E-03   -7.0838E-03   
1.6367E-03   -7.1263E-03   
1.6500E-03   -7.1697E-03   
1.7063E-02   -3.9856E-04   
1.6897E-02   -4.3636E-04   
1.6695E-03   -7.2152E-03   
1.6936E-02   -3.6092E-04   
1.6953E-03   -7.2639E-03   
1.6993E-02   -3.0591E-04   
1.7257E-03   -7.3169E-03   
1.7068E-02   -2.7119E-04   
1.7609E-03   -7.3737E-03   
1.7167E-02   -2.5081E-04   
1.8096E-03   -7.4327E-03   
1.7301E-02   -2.3740E-04   
1.9432E-03   -7.4886E-03   
1.7446E-02   -2.3938E-04   
1.9230E-03   -7.5865E-03   
1.7623E-02   -2.4763E-04   
1.9625E-03   -7.6754E-03   
1.7854E-02   -2.5853E-04   
2.0016E-03   -7.7754E-03   
1.8111E-02   -2.7273E-04   
2.1195E-03   -7.9889E-03   
2.4076E-03   -8.8017E-03   
1.8700E-02   -3.2740E-04   
2.2268E-03   -8.1102E-03   
2.3082E-03   -8.2545E-03   
2.4514E-03   -8.5921E-03   
2.0663E-02   -3.0037E-04   
2.1729E-02   -3.4505E-04   
2.2364E-02   -5.2810E-04   
1.9100E-02   -3.5048E-04   
3.2115E-03   -1.0319E-02   
2.3083E-02   -5.4676E-04   
2.4317E-03   -9.8584E-03   
2.0006E-02   -4.2877E-04   
2.8882E-03   -9.1345E-03   
1.6843E-02   -5.4152E-04   
1.6640E-02   -6.9728E-04   
1.6455E-02   -8.3786E-04   
1.1765E-02   -3.1098E-03   
1.1573E-02   -3.3583E-03   
1.2202E-02   -2.9016E-03   
9.6450E-03   -4.0880E-03   
1.5948E-02   -1.1119E-03   
4.0475E-03   -6.2029E-03   
1.6241E-02   -9.4848E-04   
3.4572E-03   -6.3643E-03   
2.8439E-03   -6.5137E-03   
4.6112E-03   -6.0358E-03   
6.2590E-03   -5.4730E-03   
5.7066E-03   -5.6747E-03   
9.0707E-03   -4.3279E-03   
5.1609E-03   -5.8613E-03   
6.8161E-03   -5.2594E-03   
1.2693E-02   -2.6765E-03   
1.4509E-02   -1.8226E-03   
1.5626E-02   -1.2809E-03   
7.3765E-03   -5.0358E-03   
1.4907E-02   -1.6340E-03   
1.5280E-02   -1.4540E-03   
1.4086E-02   -2.0219E-03   
7.9398E-03   -4.8046E-03   
8.5050E-03   -4.5679E-03   
1.3640E-02   -2.2317E-03   
1.3175E-02   -2.4509E-03   
1.7897E-03   -6.6697E-03   
2.1479E-03   -6.7741E-03   
2.0918E-03   -6.8314E-03   
2.0583E-03   -6.8806E-03   
2.0415E-03   -6.9246E-03   
2.0373E-03   -6.9657E-03   
2.0431E-03   -7.0058E-03   
2.0570E-03   -7.0465E-03   
2.0784E-03   -7.0893E-03   
1.6670E-02   -5.1781E-04   
2.1077E-03   -7.1350E-03   
1.6742E-02   -4.2328E-04   
2.1445E-03   -7.1844E-03   
2.1833E-03   -7.2392E-03   
1.6806E-02   -3.7077E-04   
1.6884E-02   -3.4038E-04   
2.2108E-03   -7.3018E-03   
1.6985E-02   -3.2838E-04   
2.3363E-03   -7.4587E-03   
1.7257E-02   -3.3062E-04   
2.4309E-03   -7.5211E-03   
1.7779E-02   -3.5019E-04   
1.7509E-02   -3.3697E-04   
2.5100E-03   -7.6155E-03   
2.7797E-03   -7.9061E-03   
2.0345E-03   -7.8830E-03   
2.8695E-03   -8.0602E-03   
2.9769E-03   -8.2123E-03   
3.0007E-03   -9.8980E-03   
2.9570E-03   -9.6687E-03   
3.0941E-03   -8.3804E-03   
1.8668E-02   -4.5098E-04   
2.0473E-02   -4.0469E-04   
1.9578E-02   -5.2048E-04   
2.1627E-02   -4.9482E-04   
1.9105E-02   -4.7951E-04   
1.8379E-02   -2.9953E-04   
3.2420E-03   -8.5828E-03   
2.7610E-03   -9.4304E-03   
3.0403E-03   -8.8646E-03   
2.3829E-02   -5.6102E-04   
3.0692E-03   -1.0594E-02   
2.9060E-03   -1.0118E-02   
2.2482E-02   -6.9292E-04   
1.1216E-02   -3.2673E-03   
1.6705E-02   -5.7785E-04   
1.6083E-02   -9.2018E-04   
4.2490E-03   -6.1438E-03   
1.5756E-02   -1.0857E-03   
3.6892E-03   -6.3206E-03   
2.5508E-03   -6.6204E-03   
9.2204E-03   -4.1217E-03   
5.8379E-03   -5.5768E-03   
5.3010E-03   -5.7816E-03   
4.7802E-03   -5.9678E-03   
1.2316E-02   -2.6879E-03   
6.3868E-03   -5.3566E-03   
1.4650E-02   -1.5995E-03   
6.9425E-03   -5.1245E-03   
1.5046E-02   -1.4197E-03   
1.5413E-02   -1.2495E-03   
1.4226E-02   -1.7918E-03   
7.5042E-03   -4.8831E-03   
8.6409E-03   -4.3810E-03   
1.2819E-02   -2.4443E-03   
1.3778E-02   -1.9969E-03   
8.0711E-03   -4.6347E-03   
1.3308E-02   -2.2149E-03   
2.5785E-03   -6.6527E-03   
2.5271E-03   -6.7028E-03   
1.0481E-02   -3.5803E-03   
2.4847E-03   -6.7499E-03   
9.8264E-03   -3.8535E-03   
2.4568E-03   -6.7925E-03   
2.4465E-03   -6.8311E-03   
2.4499E-03   -6.8680E-03   
2.4637E-03   -6.9055E-03   
2.4868E-03   -6.9447E-03   
2.5190E-03   -6.9869E-03   
2.8811E-03   -7.3330E-03   
1.6474E-02   -5.5275E-04   
2.5606E-03   -7.0324E-03   
2.6106E-03   -7.0830E-03   
1.6524E-02   -4.8613E-04   
2.6610E-03   -7.1435E-03   
1.6580E-02   -4.4408E-04   
1.6650E-02   -4.2382E-04   
2.2222E-03   -7.3629E-03   
1.7124E-02   -4.2822E-04   
3.0060E-03   -7.4249E-03   
2.9986E-03   -7.7154E-03   
2.0205E-02   -5.5929E-04   
1.9044E-02   -6.2904E-04   
1.7725E-02   -4.6643E-04   
3.5503E-03   -7.9868E-03   
1.7385E-02   -4.4310E-04   
3.7134E-03   -8.1356E-03   
2.5293E-03   -7.7332E-03   
3.6177E-03   -9.9801E-03   
3.8431E-03   -8.3051E-03   
2.0903E-02   -5.4530E-04   
3.7208E-03   -8.9184E-03   
3.6004E-03   -9.1868E-03   
1.8241E-02   -4.2398E-04   
3.7113E-03   -9.6862E-03   
3.4225E-03   -7.8478E-03   
1.8612E-02   -5.9179E-04   
2.3217E-02   -7.1076E-04   
2.1793E-02   -6.6518E-04   
1.6170E-02   -7.7653E-04   
1.5867E-02   -9.2658E-04   
1.6434E-02   -7.2553E-04   
3.4225E-03   -6.4151E-03   
4.4753E-03   -6.0620E-03   
1.1913E-02   -2.7232E-03   
5.4469E-03   -5.6891E-03   
1.5539E-02   -1.0787E-03   
4.9205E-03   -5.8964E-03   
5.9866E-03   -5.4653E-03   
2.0795E-03   -6.6799E-03   
6.5361E-03   -5.2277E-03   
8.8126E-03   -4.1866E-03   
1.4385E-02   -1.5856E-03   
1.5184E-02   -1.2375E-03   
1.4800E-02   -1.4054E-03   
1.2454E-02   -2.4660E-03   
7.0945E-03   -4.9787E-03   
1.3937E-02   -1.7840E-03   
7.6602E-03   -4.7211E-03   
8.2331E-03   -4.4567E-03   
1.2969E-02   -2.2245E-03   
1.3464E-02   -1.9976E-03   
9.4170E-03   -3.9062E-03   
2.9899E-03   -6.5561E-03   
2.9355E-03   -6.6007E-03   
2.8825E-03   -6.6453E-03   
3.0655E-03   -6.5015E-03   
2.8599E-03   -6.6822E-03   
1.0048E-02   -3.6170E-03   
1.0704E-02   -3.3159E-03   
2.8582E-03   -6.7155E-03   
1.6398E-02   -6.4403E-04   
1.1335E-02   -3.0117E-03   
2.8711E-03   -6.7486E-03   
2.8957E-03   -6.7834E-03   
2.9760E-03   -6.8622E-03   
1.6241E-02   -6.1222E-04   
3.0368E-03   -6.9065E-03   
3.1214E-03   -6.9544E-03   
1.6261E-02   -5.6469E-04   
1.6313E-02   -5.3168E-04   
3.0563E-03   -7.1765E-03   
3.1595E-03   -7.5303E-03   
1.6934E-02   -5.4552E-04   
1.8215E-02   -5.5982E-04   
4.2696E-03   -7.8718E-03   
2.6450E-03   -7.2302E-03   
1.9507E-02   -6.7658E-04   
3.4604E-03   -7.2221E-03   
1.8501E-02   -7.4958E-04   
3.3598E-03   -7.7276E-03   
4.3998E-03   -8.9649E-03   
4.0620E-03   -7.7494E-03   
4.0176E-03   -8.4364E-03   
1.7885E-02   -5.4415E-04   
2.1219E-02   -6.4493E-04   
1.7200E-02   -5.7404E-04   
3.8734E-03   -8.6506E-03   
3.6159E-03   -9.4356E-03   
2.1851E-02   -8.4229E-04   
2.3897E-02   -7.1438E-04   
3.7937E-03   -1.0487E-02   
4.6297E-03   -9.7119E-03   
2.0669E-02   -4.6716E-04   
1.5643E-02   -9.4450E-04   
4.4979E-03   -6.0416E-03   
9.0193E-03   -3.9862E-03   
5.0779E-03   -5.8095E-03   
5.6139E-03   -5.5823E-03   
1.5308E-02   -1.0920E-03   
6.1556E-03   -5.3421E-03   
1.2081E-02   -2.5163E-03   
1.4558E-02   -1.4049E-03   
1.4954E-02   -1.2426E-03   
6.7090E-03   -5.0883E-03   
1.4115E-02   -1.5927E-03   
8.4246E-03   -4.2726E-03   
7.2725E-03   -4.8238E-03   
1.2624E-02   -2.2610E-03   
7.8450E-03   -4.5513E-03   
1.3642E-02   -1.7993E-03   
1.3144E-02   -2.0227E-03   
3.4628E-03   -6.4191E-03   
3.3183E-03   -6.4866E-03   
1.6214E-02   -6.7854E-04   
3.2801E-03   -6.5212E-03   
1.0904E-02   -3.0841E-03   
9.6394E-03   -3.6896E-03   
1.1508E-02   -2.7915E-03   
3.2722E-03   -6.5496E-03   
3.2813E-03   -6.5779E-03   
1.0273E-02   -3.3873E-03   
3.3059E-03   -6.6073E-03   
3.3436E-03   -6.6394E-03   
3.3925E-03   -6.6753E-03   
1.6381E-02   -5.1982E-04   
3.4586E-03   -6.7135E-03   
3.2341E-03   -7.0161E-03   
3.5538E-03   -6.7507E-03   
1.5908E-02   -7.1407E-04   
1.7745E-02   -6.7017E-04   
1.5954E-02   -6.6016E-04   
3.6117E-03   -7.2977E-03   
3.6854E-03   -7.5254E-03   
1.6704E-02   -5.2978E-04   
3.3975E-03   -7.1428E-03   
1.7462E-02   -6.2280E-04   
4.6585E-03   -7.6360E-03   
4.7022E-03   -8.3856E-03   
3.9109E-03   -7.6264E-03   
4.4542E-03   -8.2451E-03   
1.6690E-02   -6.8981E-04   
2.0555E-02   -7.3379E-04   
5.2435E-03   -8.7142E-03   
2.1200E-02   -8.0229E-04   
4.2266E-03   -9.2119E-03   
2.1876E-02   -1.0373E-03   
4.7476E-03   -1.0324E-02   
2.3433E-02   -8.9704E-04   
2.4565E-02   -6.0529E-04   
5.2849E-03   -9.9145E-03   
1.9898E-02   -7.4855E-04   
1.5741E-02   -8.3376E-04   
3.9598E-03   -6.2409E-03   
4.7711E-03   -5.9184E-03   
5.2756E-03   -5.7007E-03   
8.6426E-03   -4.0851E-03   
5.8023E-03   -5.4631E-03   
1.5099E-02   -1.1182E-03   
1.4760E-02   -1.2415E-03   
6.3466E-03   -5.2086E-03   
3.7031E-03   -6.3429E-03   
1.4320E-02   -1.4182E-03   
1.2277E-02   -2.3205E-03   
6.9059E-03   -4.9402E-03   
8.0539E-03   -4.3766E-03   
1.3843E-02   -1.6183E-03   
7.4762E-03   -4.6617E-03   
1.2821E-02   -2.0694E-03   
1.3343E-02   -1.8355E-03   
3.6984E-03   -6.3543E-03   
9.2520E-03   -3.7843E-03   
1.1117E-02   -2.8735E-03   
1.1708E-02   -2.5892E-03   
3.6975E-03   -6.3711E-03   
1.0501E-02   -3.1724E-03   
3.6962E-03   -6.3955E-03   
3.7186E-03   -6.4189E-03   
9.8754E-03   -3.4782E-03   
1.6014E-02   -7.2397E-04   
3.8786E-03   -6.5063E-03   
3.7581E-03   -6.4442E-03   
1.6003E-02   -6.3665E-04   
3.8114E-03   -6.4731E-03   
1.6698E-02   -4.2913E-04   
3.6957E-03   -6.9572E-03   
3.6814E-03   -6.7874E-03   
3.9061E-03   -7.0054E-03   
3.9718E-03   -6.5381E-03   
1.5579E-02   -8.0705E-04   
1.6948E-02   -7.3175E-04   
1.6454E-02   -6.6303E-04   
3.9735E-03   -7.0968E-03   
4.5668E-03   -7.5020E-03   
5.1522E-03   -8.0674E-03   
2.1206E-02   -9.9613E-04   
1.7225E-02   -7.8293E-04   
4.3780E-03   -7.3842E-03   
1.9348E-02   -8.5239E-04   
5.4035E-03   -8.4133E-03   
1.9846E-02   -9.3734E-04   
5.0892E-03   -9.0500E-03   
3.7881E-03   -7.3590E-03   
2.2610E-02   -1.0738E-03   
1.8096E-02   -7.0963E-04   
2.5344E-02   -4.8413E-04   
5.7871E-03   -9.5072E-03   
4.0655E-03   -6.2039E-03   
1.5395E-02   -9.8207E-04   
4.9806E-03   -5.8142E-03   
5.4869E-03   -5.5828E-03   
6.0147E-03   -5.3330E-03   
8.2857E-03   -4.1995E-03   
1.5059E-02   -1.0632E-03   
4.3614E-03   -6.0855E-03   
1.4558E-02   -1.2536E-03   
8.8851E-03   -3.8962E-03   
6.5641E-03   -5.0648E-03   
1.4066E-02   -1.4530E-03   
7.1300E-03   -4.7832E-03   
7.7046E-03   -4.4938E-03   
1.2495E-02   -2.1366E-03   
1.3563E-02   -1.6630E-03   
1.3040E-02   -1.8903E-03   
4.1743E-03   -6.1649E-03   
1.0741E-02   -2.9717E-03   
1.1929E-02   -2.4002E-03   
1.1344E-02   -2.6790E-03   
1.6512E-02   -5.1749E-04   
4.1182E-03   -6.2036E-03   
9.5001E-03   -3.5867E-03   
4.1359E-03   -6.2203E-03   
1.0122E-02   -3.2765E-03   
1.5614E-02   -7.7183E-04   
4.2996E-03   -6.2861E-03   
4.1755E-03   -6.2378E-03   
4.3889E-03   -6.3145E-03   
4.2305E-03   -6.2593E-03   
4.6100E-03   -6.8166E-03   
1.5494E-02   -8.8195E-04   
1.6060E-02   -6.3582E-04   
4.0933E-03   -6.5688E-03   
1.7189E-02   -2.9946E-04   
4.8579E-03   -7.0957E-03   
1.6251E-02   -6.4985E-04   
1.7923E-02   -8.8281E-04   
1.7544E-02   -8.3367E-04   
1.6664E-02   -9.0885E-04   
1.6401E-02   -8.5905E-04   
1.9065E-02   -1.0471E-03   
1.6162E-02   -8.2121E-04   
4.1980E-03   -7.3006E-03   
5.3475E-03   -7.3624E-03   
3.8117E-03   -6.8200E-03   
4.3084E-03   -6.7745E-03   
5.5486E-03   -7.7480E-03   
2.0030E-02   -1.1077E-03   
5.5421E-03   -8.1566E-03   
4.2930E-03   -7.1199E-03   
2.1886E-02   -1.2484E-03   
5.3508E-03   -9.3124E-03   
2.6319E-02   -2.5485E-04   
6.0925E-03   -8.4232E-03   
2.5290E-02   -6.6623E-04   
2.1199E-02   -1.2061E-03   
1.8933E-02   -7.9031E-04   
5.9750E-03   -8.7143E-03   
4.5037E-03   -6.0225E-03   
5.2173E-03   -5.6956E-03   
5.7203E-03   -5.4556E-03   
8.5382E-03   -4.0221E-03   
1.4814E-02   -1.0963E-03   
6.2490E-03   -5.1942E-03   
7.9529E-03   -4.3240E-03   
1.4296E-02   -1.3062E-03   
6.8084E-03   -4.9118E-03   
7.3785E-03   -4.6200E-03   
1.3807E-02   -1.5053E-03   
1.0993E-02   -2.7852E-03   
1.2731E-02   -1.9665E-03   
1.3284E-02   -1.7233E-03   
1.2164E-02   -2.2273E-03   
4.5065E-03   -6.0257E-03   
1.1587E-02   -2.4993E-03   
1.5238E-02   -9.4789E-04   
9.1434E-03   -3.7111E-03   
1.0380E-02   -3.0865E-03   
4.5578E-03   -6.0151E-03   
9.7604E-03   -3.3972E-03   
4.6000E-03   -6.0215E-03   
4.8119E-03   -6.0781E-03   
4.7238E-03   -6.0545E-03   
1.5222E-02   -9.2205E-04   
4.6536E-03   -6.0354E-03   
1.5651E-02   -7.6148E-04   
1.6913E-02   -4.3180E-04   
4.4898E-03   -6.3477E-03   
1.5953E-02   -7.9654E-04   
1.6077E-02   -1.0511E-03   
4.1520E-03   -6.7379E-03   
1.6067E-02   -6.6563E-04   
1.5833E-02   -1.0044E-03   
1.6341E-02   -1.1112E-03   
5.4795E-03   -6.9813E-03   
1.8365E-02   -9.2406E-04   
1.7299E-02   -1.0268E-03   
4.2804E-03   -6.5922E-03   
1.8295E-02   -1.1348E-03   
6.1386E-03   -7.8159E-03   
5.0672E-03   -7.6737E-03   
5.8124E-03   -7.0254E-03   
5.0591E-03   -6.8318E-03   
2.1174E-02   -1.4326E-03   
2.2597E-02   -1.2898E-03   
6.3350E-03   -8.0732E-03   
6.0289E-03   -8.9740E-03   
2.5948E-02   -5.5438E-04   
6.6565E-03   -8.4402E-03   
4.7240E-03   -5.9239E-03   
5.4839E-03   -5.5637E-03   
8.2158E-03   -4.1567E-03   
5.9470E-03   -5.3325E-03   
1.4469E-02   -1.2077E-03   
8.8060E-03   -3.8485E-03   
6.5022E-03   -5.0496E-03   
7.6410E-03   -4.4575E-03   
1.4058E-02   -1.3689E-03   
1.1257E-02   -2.6143E-03   
7.0693E-03   -4.7558E-03   
1.0653E-02   -2.9089E-03   
5.0065E-03   -5.7944E-03   
1.3569E-02   -1.5684E-03   
1.2402E-02   -2.0762E-03   
1.1837E-02   -2.3381E-03   
5.0500E-03   -5.7891E-03   
1.0034E-02   -3.2177E-03   
9.4152E-03   -3.5333E-03   
1.5236E-02   -9.0381E-04   
1.5787E-02   -7.8410E-04   
5.2395E-03   -5.8309E-03   
5.0872E-03   -5.8011E-03   
4.6450E-03   -6.5452E-03   
5.1523E-03   -5.8139E-03   
1.5693E-02   -7.7265E-04   
4.9110E-03   -6.1092E-03   
6.1277E-03   -6.7389E-03   
1.5470E-02   -1.2118E-03   
4.5716E-03   -6.3904E-03   
1.5714E-02   -1.2693E-03   
1.5612E-02   -9.7083E-04   
1.6639E-02   -1.1825E-03   
5.5913E-03   -6.7819E-03   
7.5064E-03   -8.2504E-03   
6.2814E-03   -7.0577E-03   
1.8680E-02   -1.2709E-03   
1.7728E-02   -1.0841E-03   
2.2586E-02   -1.5097E-03   
5.2982E-03   -6.6020E-03   
6.7703E-03   -8.6405E-03   
2.0492E-02   -1.3852E-03   
2.3323E-02   -1.1232E-03   
6.9237E-03   -7.7114E-03   
6.0425E-03   -7.3729E-03   
6.3606E-03   -7.5062E-03   
2.1130E-02   -1.6783E-03   
1.4821E-02   -1.0616E-03   
8.4904E-03   -3.9952E-03   
7.9148E-03   -4.2993E-03   
5.5866E-03   -5.5141E-03   
1.3406E-02   -1.6205E-03   
1.5303E-02   -9.2883E-04   
6.2015E-03   -5.2006E-03   
1.0939E-02   -2.7451E-03   
1.4347E-02   -1.2371E-03   
1.1530E-02   -2.4603E-03   
1.3836E-02   -1.4420E-03   
6.7708E-03   -4.9033E-03   
1.0324E-02   -3.0493E-03   
9.0869E-03   -3.6824E-03   
9.7017E-03   -3.3645E-03   
5.5394E-03   -5.5566E-03   
1.2581E-02   -1.9776E-03   
1.2094E-02   -2.1973E-03   
5.6693E-03   -5.5771E-03   
5.5863E-03   -5.5677E-03   
4.9889E-03   -6.1647E-03   
5.3419E-03   -5.8554E-03   
1.5258E-02   -9.0802E-04   
5.8337E-03   -6.3289E-03   
1.5419E-02   -9.4959E-04   
1.5079E-02   -1.4435E-03   
5.7598E-03   -6.5362E-03   
1.5242E-02   -1.1699E-03   
1.5971E-02   -1.3435E-03   
1.9790E-02   -1.3313E-03   
1.7008E-02   -1.2552E-03   
6.6235E-03   -6.7433E-03   
4.9835E-03   -6.2888E-03   
4.8261E-03   -6.5835E-03   
1.9405E-02   -1.1791E-03   
1.7960E-02   -1.4055E-03   
6.7750E-03   -7.0464E-03   
7.6248E-03   -8.5294E-03   
7.8587E-03   -7.8565E-03   
6.3343E-03   -6.4610E-03   
2.0551E-02   -1.1582E-03   
2.1871E-02   -1.7009E-03   
2.3299E-02   -1.3297E-03   
2.3980E-02   -9.9542E-04   
6.9363E-03   -7.1883E-03   
7.7082E-03   -7.4595E-03   
1.3592E-02   -1.5397E-03   
7.6200E-03   -4.4567E-03   
8.1837E-03   -4.1564E-03   
1.4816E-02   -1.0816E-03   
1.2402E-02   -2.0549E-03   
1.1828E-02   -2.3171E-03   
1.4013E-02   -1.3695E-03   
8.7703E-03   -3.8459E-03   
1.1240E-02   -2.5951E-03   
1.0630E-02   -2.8926E-03   
7.0656E-03   -4.7527E-03   
1.0006E-02   -3.2059E-03   
9.3813E-03   -3.5265E-03   
5.9597E-03   -5.3331E-03   
6.0202E-03   -5.3227E-03   
6.0963E-03   -5.3234E-03   
5.7753E-03   -5.5924E-03   
5.4383E-03   -5.8996E-03   
6.4773E-03   -5.0661E-03   
1.4811E-02   -1.0609E-03   
1.4635E-02   -1.3580E-03   
1.3011E-02   -1.7841E-03   
1.4847E-02   -1.3938E-03   
5.7880E-03   -6.1981E-03   
5.3097E-03   -6.2978E-03   
7.4828E-03   -6.8383E-03   
1.5321E-02   -1.5087E-03   
5.5091E-03   -5.9752E-03   
1.4800E-02   -1.1424E-03   
7.0070E-03   -6.3862E-03   
1.6241E-02   -1.4428E-03   
6.5287E-03   -6.1570E-03   
1.8374E-02   -1.4816E-03   
1.9240E-02   -1.5486E-03   
1.7475E-02   -1.3243E-03   
2.4687E-02   -9.9198E-04   
8.1545E-03   -7.0953E-03   
7.7916E-03   -6.9669E-03   
8.4856E-03   -7.8872E-03   
2.1158E-02   -1.9243E-03   
7.8580E-03   -8.8039E-03   
2.2545E-02   -1.7328E-03   
2.4033E-02   -1.1665E-03   
1.3903E-02   -1.4259E-03   
7.8742E-03   -4.3375E-03   
7.3271E-03   -4.6292E-03   
1.2156E-02   -2.1807E-03   
1.4369E-02   -1.2348E-03   
1.1564E-02   -2.4558E-03   
8.4558E-03   -4.0282E-03   
1.0959E-02   -2.7465E-03   
9.0671E-03   -3.7060E-03   
1.0332E-02   -3.0568E-03   
6.5118E-03   -5.0778E-03   
9.6957E-03   -3.3800E-03   
6.2067E-03   -5.3251E-03   
1.3352E-02   -1.6550E-03   
1.4208E-02   -1.5998E-03   
6.8743E-03   -4.8698E-03   
5.9863E-03   -5.6823E-03   
6.3359E-03   -5.3386E-03   
6.0920E-03   -5.9264E-03   
1.2753E-02   -1.9123E-03   
1.4444E-02   -1.6347E-03   
1.8473E-02   -1.6798E-03   
1.4317E-02   -1.2865E-03   
1.4681E-02   -1.6868E-03   
6.4413E-03   -5.9638E-03   
1.5542E-02   -1.5995E-03   
1.6649E-02   -1.5296E-03   
1.4434E-02   -1.3429E-03   
8.6781E-03   -6.7150E-03   
7.0964E-03   -6.1138E-03   
7.8861E-03   -6.1137E-03   
1.8998E-02   -1.4108E-03   
2.4938E-02   -1.2085E-03   
8.3407E-03   -6.5716E-03   
1.7191E-02   -1.5973E-03   
1.9084E-02   -1.7722E-03   
2.0441E-02   -2.2087E-03   
8.6688E-03   -7.1891E-03   
8.8332E-03   -7.4738E-03   
2.0196E-02   -1.9392E-03   
2.5223E-02   -8.2976E-04   
2.3303E-02   -1.5417E-03   
6.8066E-03   -9.2177E-03   
7.0874E-03   -6.7735E-03   
7.5434E-03   -4.5462E-03   
7.0037E-03   -4.8284E-03   
1.1913E-02   -2.3265E-03   
1.3741E-02   -1.5298E-03   
1.1310E-02   -2.6122E-03   
8.7467E-03   -3.9095E-03   
6.6218E-03   -5.0654E-03   
1.0682E-02   -2.9188E-03   
6.4644E-03   -5.3772E-03   
9.3854E-03   -3.5757E-03   
6.0632E-03   -5.7734E-03   
1.0034E-02   -3.2432E-03   
1.2512E-02   -2.0531E-03   
6.7724E-03   -5.0537E-03   
1.3772E-02   -1.8648E-03   
1.4234E-02   -1.3629E-03   
1.3103E-02   -1.7932E-03   
1.4005E-02   -1.5721E-03   
1.4108E-02   -1.8544E-03   
1.4928E-02   -1.7510E-03   
9.2847E-03   -6.3050E-03   
7.3588E-03   -5.8108E-03   
8.1890E-03   -6.1979E-03   
7.6129E-03   -6.0396E-03   
1.7569E-02   -1.9343E-03   
2.3190E-02   -1.7529E-03   
9.0454E-03   -7.9565E-03   
6.8285E-03   -5.6317E-03   
7.9051E-03   -6.4934E-03   
1.6946E-02   -1.8833E-03   
1.9708E-02   -1.7943E-03   
2.5511E-02   -9.5874E-04   
2.4219E-02   -1.5759E-03   
2.0702E-02   -2.4294E-03   
9.8624E-03   -7.1682E-03   
7.6798E-03   -9.2145E-03   
1.6335E-02   -1.8359E-03   
6.1662E-03   -9.1857E-03   
1.1681E-02   -2.4897E-03   
1.3855E-02   -1.5486E-03   
1.2283E-02   -2.2089E-03   
1.1059E-02   -2.7901E-03   
9.0691E-03   -3.7957E-03   
7.1776E-03   -4.7856E-03   
5.5862E-03   -6.0536E-03   
6.5660E-03   -5.4549E-03   
1.2878E-02   -1.9408E-03   
6.9539E-03   -5.0540E-03   
1.3539E-02   -1.8345E-03   
8.1274E-03   -4.2372E-03   
9.7359E-03   -3.4513E-03   
8.8842E-03   -6.1206E-03   
8.2863E-03   -5.7799E-03   
1.4235E-02   -1.9479E-03   
7.8349E-03   -5.7809E-03   
6.6439E-03   -5.5640E-03   
7.0878E-03   -5.6492E-03   
7.0086E-03   -5.8162E-03   
8.7921E-03   -5.8162E-03   
9.5403E-03   -6.5159E-03   
1.8220E-02   -2.0025E-03   
2.2398E-02   -2.0060E-03   
1.6690E-02   -2.1865E-03   
1.2964E-02   -2.1573E-03   
1.5481E-02   -2.1227E-03   
1.8997E-02   -2.0811E-03   
1.0016E-02   -7.6485E-03   
8.2393E-03   -8.1969E-03   
1.6093E-02   -2.1419E-03   
2.0419E-02   -1.6307E-03   
1.0390E-02   -7.2565E-03   
9.4328E-03   -7.0813E-03   
2.1628E-02   -2.3504E-03   
1.9747E-02   -2.5353E-03   
1.2068E-02   -2.3763E-03   
1.1480E-02   -2.6597E-03   
1.3328E-02   -1.8121E-03   
7.1074E-03   -5.1042E-03   
1.3379E-02   -1.7197E-03   
1.2662E-02   -2.1030E-03   
1.0833E-02   -2.9802E-03   
7.4012E-03   -4.7436E-03   
9.4343E-03   -3.6823E-03   
1.0129E-02   -3.3300E-03   
9.0642E-03   -5.4538E-03   
8.5850E-03   -5.4540E-03   
7.7798E-03   -4.4740E-03   
7.1784E-03   -5.3600E-03   
7.1682E-03   -5.2259E-03   
7.5415E-03   -5.3208E-03   
8.4149E-03   -4.1397E-03   
1.4616E-02   -2.0122E-03   
1.2500E-02   -2.4833E-03   
1.5261E-02   -2.4210E-03   
7.6623E-03   -5.4787E-03   
1.4754E-02   -2.2092E-03   
1.0240E-02   -6.7824E-03   
1.7286E-02   -2.2518E-03   
1.0271E-02   -6.0783E-03   
8.0729E-03   -7.5589E-03   
1.1005E-02   -7.3079E-03   
1.3661E-02   -2.2757E-03   
1.5823E-02   -2.4542E-03   
9.7193E-03   -5.6182E-03   
1.0809E-02   -6.8646E-03   
9.5583E-03   -8.0663E-03   
2.0062E-02   -2.7483E-03   
2.2641E-02   -2.2750E-03   
1.1903E-02   -2.5252E-03   
1.2451E-02   -2.2771E-03   
8.7567E-03   -4.0354E-03   
7.7159E-03   -5.0521E-03   
9.8410E-03   -3.5732E-03   
8.4555E-03   -5.1300E-03   
7.7186E-03   -4.6955E-03   
1.2775E-02   -2.5483E-03   
8.0777E-03   -4.3942E-03   
7.8417E-03   -4.8085E-03   
1.5177E-02   -1.7905E-03   
1.0587E-02   -3.2085E-03   
1.2986E-02   -2.0311E-03   
8.8959E-03   -5.1151E-03   
1.4985E-02   -2.7372E-03   
9.3698E-03   -5.1082E-03   
1.4789E-02   -2.4060E-03   
7.3064E-03   -7.8043E-03   
1.1819E-02   -7.3056E-03   
1.6385E-02   -2.5114E-03   
8.5519E-03   -8.3454E-03   
1.0823E-02   -5.3102E-03   
1.0542E-02   -6.3520E-03   
1.3900E-02   -2.4102E-03   
1.7899E-02   -2.3378E-03   
1.0126E-02   -8.1921E-03   
1.1018E-02   -5.6090E-03   
1.1253E-02   -6.4414E-03   
1.0671E-02   -7.7226E-03   
1.9066E-02   -2.8852E-03   
9.5456E-03   -5.4387E-03   
2.3714E-02   -2.1727E-03   
9.1453E-03   -3.9269E-03   
9.2209E-03   -4.7603E-03   
1.1402E-02   -2.8096E-03   
8.4701E-03   -4.2823E-03   
1.1922E-02   -2.8392E-03   
9.8603E-03   -5.1176E-03   
8.1285E-03   -5.1308E-03   
1.6053E-02   -2.8540E-03   
1.0262E-02   -3.4839E-03   
9.6853E-03   -4.7507E-03   
8.2936E-03   -4.4769E-03   
1.3017E-02   -2.6639E-03   
1.5512E-02   -2.7881E-03   
1.2171E-02   -2.4915E-03   
8.2337E-03   -4.9212E-03   
1.4090E-02   -2.5766E-03   
8.9180E-03   -6.8629E-03   
1.0316E-02   -5.1822E-03   
1.1270E-02   -5.8485E-03   
1.1702E-02   -6.0029E-03   
1.1930E-02   -6.5615E-03   
1.2894E-02   -6.8538E-03   
1.9416E-02   -3.1411E-03   
9.4739E-03   -8.6511E-03   
1.7514E-02   -2.6855E-03   
2.4447E-02   -1.8528E-03   
9.5462E-03   -3.8344E-03   
8.8771E-03   -4.1734E-03   
1.1106E-02   -3.1049E-03   
1.0007E-02   -4.3902E-03   
1.2139E-02   -2.9473E-03   
1.4361E-02   -2.7371E-03   
1.3252E-02   -2.8031E-03   
1.0189E-02   -4.7470E-03   
1.5195E-02   -3.1365E-03   
1.4670E-02   -3.0748E-03   
1.8125E-02   -2.9883E-03   
1.6611E-02   -2.9412E-03   
1.2719E-02   -5.6626E-03   
1.1990E-02   -5.4092E-03   
8.7492E-03   -4.8068E-03   
1.8442E-02   -2.4682E-03   
2.0925E-02   -2.6145E-03   
1.8400E-02   -3.6083E-03   
1.2942E-02   -6.4997E-03   
1.2925E-02   -7.2163E-03   
1.3080E-02   -6.1305E-03   
1.1274E-02   -4.8325E-03   
1.0619E-02   -8.3769E-03   
2.4733E-02   -2.0747E-03   
9.2488E-03   -4.1097E-03   
1.1819E-02   -2.7407E-03   
8.9089E-03   -4.5398E-03   
1.0587E-02   -3.4563E-03   
1.4250E-02   -3.4980E-03   
1.1219E-02   -3.2722E-03   
9.9384E-03   -3.7733E-03   
1.2374E-02   -3.0804E-03   
1.0503E-02   -4.3717E-03   
1.3635E-02   -3.1378E-03   
1.1070E-02   -4.3603E-03   
1.3825E-02   -3.3290E-03   
1.8806E-02   -2.6549E-03   
1.5741E-02   -3.2015E-03   
1.7221E-02   -3.0536E-03   
2.1662E-02   -2.6598E-03   
1.1796E-02   -5.1609E-03   
1.8023E-02   -2.7672E-03   
1.1746E-02   -4.9076E-03   
1.7393E-02   -3.3314E-03   
9.5728E-03   -4.3694E-03   
1.1775E-02   -4.3477E-03   
1.3405E-02   -5.7236E-03   
1.7442E-02   -3.6306E-03   
1.9439E-02   -3.4310E-03   
1.2141E-02   -5.6298E-03   
1.3821E-02   -6.1281E-03   
1.3720E-02   -6.7785E-03   
9.8680E-03   -8.8057E-03   
9.6053E-03   -4.1058E-03   
1.1362E-02   -3.9718E-03   
1.0412E-02   -3.6829E-03   
1.1526E-02   -3.3598E-03   
1.2509E-02   -4.7498E-03   
1.0790E-02   -4.0167E-03   
1.3245E-02   -3.7393E-03   
1.5003E-02   -3.4352E-03   
1.4665E-02   -6.5312E-03   
1.6615E-02   -3.6732E-03   
8.5909E-03   -4.4350E-03   
1.2349E-02   -4.4778E-03   
1.6253E-02   -3.2980E-03   
1.2664E-02   -3.2016E-03   
1.2903E-02   -3.5628E-03   
1.3787E-02   -5.3030E-03   
9.6143E-03   -9.1628E-03   
1.4138E-02   -5.7709E-03   
1.7382E-02   -3.9201E-03   
2.0119E-02   -3.1853E-03   
1.3494E-02   -2.9497E-03   
8.3654E-03   -4.6862E-03   
1.0307E-02   -4.0860E-03   
1.1965E-02   -3.9583E-03   
1.0903E-02   -3.7508E-03   
1.5374E-02   -3.5610E-03   
1.2253E-02   -3.5855E-03   
1.2649E-02   -4.1042E-03   
1.0862E-02   -3.5947E-03   
1.6699E-02   -4.2906E-03   
1.0269E-02   -3.9287E-03   
2.0970E-02   -3.0556E-03   
1.6562E-02   -3.9998E-03   
1.3043E-02   -5.2238E-03   
1.2503E-02   -3.9415E-03   
1.5322E-02   -6.0947E-03   
8.5291E-03   -9.5614E-03   
1.2987E-02   -3.2839E-03   
1.3696E-02   -4.7380E-03   
1.4466E-02   -3.7826E-03   
1.4875E-02   -4.0016E-03   
1.4273E-02   -4.8491E-03   
1.6999E-02   -4.5501E-03   
1.3098E-02   -4.4044E-03   
1.4934E-02   -5.8387E-03   
1.5669E-02   -6.2880E-03   
1.4694E-02   -4.4105E-03   
1.3334E-02   -4.5748E-03   
1.6595E-02   -6.2573E-03   
1.4877E-02   -4.9719E-03   
1.6678E-02   -3.4011E-03   
1.8161E-02   -4.3268E-03   
1.5923E-02   -4.7305E-03   
1.3879E-02   -4.1939E-03   
1.5697E-02   -4.0325E-03   
1.4444E-02   -5.3810E-03   
1.6126E-02   -5.0049E-03   
1.9055E-02   -3.8167E-03   
1.7580E-02   -5.7643E-03   
1.5306E-02   -5.0999E-03   
1.4094E-02   -4.3828E-03   
1.6084E-02   -5.3623E-03   
1.6997E-02   -5.3483E-03   
1.8171E-02   -4.9481E-03   
1.8594E-02   -4.5268E-03   
1.7844E-02   -5.3821E-03   
8.7578E-04   -1.1364E-02   
1.5986E-02   -5.6939E-03   
1.5072E-02   -6.7485E-03   
2.6274E-02   -9.4993E-04   
1.9757E-03   -9.5341E-03   
2.8665E-02   -1.4167E-04   
2.5763E-02   -1.9731E-03   
1.5911E-03   -1.1495E-02   
7.6147E-03   -9.5844E-03   
1.7956E-02   -5.9807E-03   
2.6717E-02   -5.0593E-04   
2.4317E-03   -1.1395E-02   
8.5525E-03   -8.8627E-03   
3.4533E-03   -1.1253E-02   
4.4969E-03   -1.1097E-02   
5.5385E-03   -1.0910E-02   
6.6132E-03   -1.0697E-02   
2.9582E-02   -1.2963E-04   
7.7107E-03   -1.0462E-02   
8.8620E-03   -1.0192E-02   
2.5095E-02   -1.6094E-03   
1.0049E-02   -9.9120E-03   
3.0527E-02   -1.2494E-04   
1.1254E-02   -9.6185E-03   
1.2494E-02   -9.3132E-03   
1.9213E-02   -4.1420E-03   
1.3894E-02   -8.9484E-03   
3.1521E-02   -1.1587E-04   
2.1873E-02   -1.8980E-03   
1.5012E-02   -8.7778E-03   
1.1216E-02   -6.9834E-03   
5.7920E-03   -1.0128E-02   
2.5276E-02   -1.4029E-03   
1.6314E-02   -8.3558E-03   
1.7777E-02   -8.0567E-03   
3.2547E-02   -1.0259E-04   
1.9140E-02   -7.7503E-03   
1.1868E-02   -8.0966E-03   
2.0655E-02   -7.3785E-03   
2.1835E-02   -7.2062E-03   
3.3609E-02   -8.9126E-05   
2.3203E-02   -6.7742E-03   
2.4746E-02   -6.4094E-03   
2.5572E-03   -1.0828E-02   
2.6193E-02   -6.0176E-03   
3.4835E-02   -8.0571E-05   
2.7086E-02   -3.1557E-04   
1.2681E-02   -7.6241E-03   
2.7761E-02   -5.5236E-03   
2.9257E-02   -5.0795E-03   
2.4034E-02   -2.3580E-03   
3.6198E-02   -4.3696E-05   
2.1920E-02   -2.9041E-03   
2.0185E-02   -3.4204E-03   
3.2202E-02   -3.9806E-03   
3.7663E-02   -6.3190E-04   
3.7933E-02   -6.2980E-04   
3.7786E-02   -1.7937E-04   
3.7900E-02   -7.4955E-05   
3.7699E-02   -4.0151E-04   
1.0345E-02   -9.2227E-03   
3.5496E-02   -2.3045E-03   
2.9624E-03   -1.1039E-02   
2.2662E-02   -2.9571E-03   
2.1344E-02   -3.3080E-03   
5.2103E-03   -1.0483E-02   
1.9998E-02   -4.1268E-03   
6.7279E-03   -9.9518E-03   
2.6983E-02   -7.9968E-04   
1.8862E-02   -5.0125E-03   
2.6472E-02   -1.6626E-03   
7.4682E-03   -9.9699E-03   
1.3289E-02   -7.7695E-03   
5.1253E-03   -1.0743E-02   
1.4691E-02   -7.2358E-03   
7.2879E-03   -1.0305E-02   
2.3798E-02   -2.6456E-03   
2.5766E-02   -5.7845E-03   
1.8744E-02   -7.5120E-03   
9.6389E-03   -9.7084E-03   
1.2215E-02   -8.3204E-03   
1.2068E-02   -9.1103E-03   
1.1780E-02   -8.8112E-03   
3.0989E-02   -2.4352E-04   
1.9257E-02   -5.7187E-03   
2.7523E-02   -4.5249E-04   
2.6082E-02   -2.1554E-03   
2.9163E-02   -2.5229E-04   
3.4684E-02   -1.7390E-04   
1.7109E-02   -6.4567E-03   
2.1128E-02   -6.9224E-03   
2.5694E-02   -1.0713E-03   
2.6057E-02   -1.4566E-03   
1.9301E-02   -4.3376E-03   
1.4036E-02   -6.9032E-03   
3.7019E-02   -1.7488E-05   
3.0787E-02   -4.5333E-03   
1.4276E-02   -8.5164E-03   
2.8107E-02   -5.0753E-03   
3.7977E-02   -4.2693E-04   
3.8150E-02   -3.9298E-05   
3.8093E-02   -1.1021E-04   
3.8020E-02   -2.5801E-04   
2.3358E-02   -6.3363E-03   
1.6413E-02   -7.9017E-03   
3.3011E-02   -1.9240E-04   
3.3523E-02   -2.8940E-03   
3.6356E-02   -1.2743E-04   
3.5324E-02   -2.1049E-03   
3.6119E-02   -9.2433E-04   
3.6525E-02   -1.7795E-04   
3.6342E-02   -3.9799E-04   
3.5892E-02   -1.4385E-03   
2.3597E-02   -2.9915E-03   
1.8452E-02   -7.2585E-03   
2.7272E-02   -6.2073E-04   
2.8207E-02   -5.2024E-04   
3.0433E-02   -3.8803E-04   
3.3066E-03   -1.0750E-02   
1.6708E-02   -6.9332E-03   
2.1130E-02   -3.7557E-03   
1.2840E-02   -8.6684E-03   
2.7157E-02   -9.8221E-04   
3.2436E-02   -3.1698E-04   
3.0293E-02   -4.4088E-03   
9.3078E-03   -9.5280E-03   
1.7453E-02   -7.4699E-03   
1.3885E-02   -8.3661E-03   
2.0827E-02   -6.7160E-03   
1.5481E-02   -7.2253E-03   
2.4730E-02   -5.8134E-03   
2.0049E-02   -4.7866E-03   
1.5222E-02   -8.0090E-03   
2.5752E-02   -2.4823E-03   
2.6813E-02   -1.8655E-03   
2.2204E-02   -6.4127E-03   
2.0225E-02   -5.1696E-03   
3.3588E-02   -2.6961E-04   
1.9655E-02   -6.0025E-03   
3.1433E-02   -3.5142E-04   
1.4457E-02   -7.6543E-03   
2.6840E-02   -1.2205E-03   
1.9623E-02   -6.9936E-03   
2.0811E-02   -4.2393E-03   
2.9275E-02   -4.1631E-04   
2.7152E-02   -1.3784E-03   
3.4629E-02   -1.4084E-03   
3.5202E-02   -3.0599E-04   
3.4990E-02   -6.4161E-04   
3.5408E-02   -1.7789E-04   
2.4583E-02   -2.6792E-03   
3.1635E-02   -3.6525E-03   
3.3820E-02   -2.3989E-03   
3.6275E-02   -3.2994E-04   
3.5969E-02   -1.2321E-03   
3.6006E-02   -6.3945E-04   
3.5858E-02   -7.7284E-04   
1.9265E-02   -6.7587E-03   
1.4475E-02   -7.9540E-03   
3.2807E-02   -4.0885E-04   
2.9194E-02   -4.6361E-03   
1.6746E-02   -7.3871E-03   
2.0536E-02   -5.4752E-03   
1.8852E-02   -6.5362E-03   
2.7913E-02   -1.7418E-03   
2.8872E-02   -6.0223E-04   
2.3685E-02   -5.8733E-03   
3.0925E-02   -4.8285E-04   
3.4866E-02   -8.6275E-04   
3.5310E-02   -4.4321E-04   
2.8206E-02   -1.2729E-03   
2.3407E-02   -3.3655E-03   
2.8145E-02   -9.1745E-04   
2.2147E-02   -3.7778E-03   
3.4559E-02   -1.1345E-03   
3.2080E-02   -3.0185E-03   
2.6693E-02   -2.4482E-03   
2.6140E-02   -5.2742E-03   
2.1198E-02   -4.6851E-03   
1.7728E-02   -6.8465E-03   
2.1670E-02   -6.2085E-03   
2.5976E-02   -2.7104E-03   
3.4608E-02   -2.7285E-04   
3.1372E-02   -3.4916E-03   
3.4016E-02   -1.9006E-03   
2.3941E-02   -5.3842E-03   
2.2494E-02   -4.4965E-03   
2.5797E-02   -3.0258E-03   
2.7767E-02   -2.2771E-03   
2.2517E-02   -5.6990E-03   
2.0067E-02   -6.2511E-03   
3.3162E-02   -4.8693E-04   
3.0626E-02   -3.5605E-03   
3.1014E-02   -6.3790E-04   
3.2190E-02   -5.5983E-04   
2.1287E-02   -5.9780E-03   
2.8868E-02   -9.9922E-04   
2.8951E-02   -7.7006E-04   
2.8610E-02   -1.4400E-03   
2.1010E-02   -4.4782E-03   
2.1709E-02   -5.2553E-03   
2.8352E-02   -1.9088E-03   
2.6486E-02   -4.8296E-03   
2.4417E-02   -3.3766E-03   
2.3206E-02   -3.7549E-03   
2.2386E-02   -4.8596E-03   
2.6937E-02   -2.8450E-03   
2.7656E-02   -2.5585E-03   
2.7190E-02   -5.1696E-03   
2.9024E-02   -1.5941E-03   
2.2102E-02   -5.4797E-03   
3.4120E-02   -4.0582E-04   
2.9881E-02   -7.9964E-04   
2.9263E-02   -1.1781E-03   
2.9093E-02   -4.1158E-03   
3.0671E-02   -8.5138E-04   
2.3141E-02   -4.0659E-03   
2.5181E-02   -3.4198E-03   
2.7905E-02   -2.7617E-03   
2.2838E-02   -5.0101E-03   
3.0383E-02   -1.0655E-03   
3.1311E-02   -3.0447E-03   
2.8833E-02   -2.0088E-03   
3.0123E-02   -1.4379E-03   
2.8546E-02   -4.6376E-03   
3.2671E-02   -6.3598E-04   
2.3875E-02   -4.1241E-03   
2.5126E-02   -3.7186E-03   
3.4546E-02   -4.6752E-04   
2.9792E-02   -1.8675E-03   
3.3298E-02   -6.8708E-04   
2.4050E-02   -4.7085E-03   
3.0600E-02   -1.2150E-03   
3.2112E-02   -8.1670E-04   
3.0532E-02   -1.5512E-03   
2.6214E-02   -3.6438E-03   
3.1241E-02   -8.9756E-04   
2.7488E-02   -3.1963E-03   
2.9345E-02   -2.4342E-03   
3.1422E-02   -1.2276E-03   
2.9831E-02   -2.6091E-03   
2.4474E-02   -4.8909E-03   
2.8500E-02   -3.1266E-03   
2.4879E-02   -4.1647E-03   
2.7219E-02   -3.5922E-03   
3.2383E-02   -9.2868E-04   
3.4399E-02   -6.2556E-04   
3.0653E-02   -2.5868E-03   
2.9559E-02   -3.0065E-03   
3.2699E-02   -1.0306E-03   
2.5328E-02   -4.4252E-03   
2.6753E-02   -4.0646E-03   
3.2145E-02   -1.2413E-03   
3.1869E-02   -2.2979E-03   
2.9461E-02   -3.3527E-03   
3.3807E-02   -8.4755E-04   
3.2103E-02   -1.4046E-03   
3.1800E-02   -2.6048E-03   
3.4308E-02   -8.8428E-04   
3.0609E-02   -3.0774E-03   
3.0940E-02   -1.6591E-03   
3.0201E-02   -2.0093E-03   
3.0744E-02   -2.1196E-03   
3.2103E-02   -1.7789E-03   
