51 
1844 
5.6801E-03   -6.2815E-03   
1.0803E-02   -5.3175E-03   
1.4862E-02   -3.8386E-03   
1.7467E-02   -2.0046E-03   
2.8623E-37   -6.5834E-03   
1.8347E-02   -1.4627E-37   
1.8757E-02   -7.7613E-35   
1.9429E-02   -7.2902E-37   
2.0905E-02   3.2370E-35   
2.2241E-02   4.7578E-35   
2.3939E-02   1.0106E-34   
2.6011E-02   1.3933E-34   
2.7605E-02   1.6866E-34   
3.0317E-02   2.5653E-34   
3.2337E-02   3.1109E-34   
3.4523E-02   2.7249E-34   
3.5675E-02   4.2236E-34   
3.8095E-02   6.2596E-34   
4.0662E-02   9.1137E-34   
4.2000E-02   -8.4431E-30   
4.2000E-02   -5.4276E-34   
4.2000E-02   -5.4276E-34   
4.2000E-02   -5.4276E-34   
4.2000E-02   -5.4276E-34   
4.2000E-02   -5.4276E-34   
4.2000E-02   -5.4276E-34   
4.2000E-02   -5.4276E-34   
4.2000E-02   -5.4276E-34   
4.2000E-02   -5.4276E-34   
4.2000E-02   -5.4276E-34   
4.2000E-02   -5.4276E-34   
4.2000E-02   -5.4276E-34   
3.9460E-02   -1.8181E-03   
3.5321E-02   -4.1487E-03   
3.3575E-02   -4.9504E-03   
3.1908E-02   -5.6117E-03   
2.8699E-02   -6.6766E-03   
2.7134E-02   -7.1222E-03   
2.4059E-02   -7.9069E-03   
2.2548E-02   -8.2659E-03   
1.9574E-02   -8.9491E-03   
1.6683E-02   -9.6101E-03   
1.5274E-02   -9.9388E-03   
1.2545E-02   -1.0584E-02   
9.9523E-03   -1.1199E-02   
8.7112E-03   -1.1485E-02   
6.3427E-03   -1.1995E-02   
4.1166E-03   -1.2385E-02   
2.0122E-03   -1.2628E-02   
3.9760E-37   -1.2701E-02   
9.1255E-34   -1.2032E-02   
9.6026E-34   -1.1395E-02   
9.0476E-34   -1.0548E-02   
8.5774E-34   -1.0062E-02   
7.5517E-34   -9.2699E-03   
6.8890E-34   -8.8185E-03   
6.2054E-34   -8.3784E-03   
5.6391E-34   -8.0231E-03   
5.5160E-34   -7.7118E-03   
4.3064E-03   -6.7060E-03   
4.0355E-02   -1.6090E-04   
3.8630E-02   -3.3631E-04   
3.6136E-02   -5.8138E-04   
3.4091E-02   -7.9070E-04   
3.2111E-02   -1.0513E-03   
2.9880E-02   -1.2067E-03   
2.8053E-02   -1.2703E-03   
2.5795E-02   -1.4657E-03   
2.3556E-02   -1.5863E-03   
2.1327E-02   -1.6922E-03   
1.9116E-02   -1.7866E-03   
1.6814E-02   -1.9377E-03   
1.4447E-02   -2.3209E-03   
1.1211E-02   -3.3491E-03   
7.9133E-03   -4.9525E-03   
1.1743E-02   -3.9020E-03   
1.4000E-02   -1.9420E-03   
1.6190E-02   -1.2306E-03   
1.8260E-02   -1.0419E-03   
2.0251E-02   -1.0163E-03   
2.2144E-02   -1.0258E-03   
2.4306E-02   -9.4125E-04   
2.6317E-02   -8.7304E-04   
2.8189E-02   -7.8496E-04   
3.0122E-02   -7.9034E-04   
3.2225E-02   -6.2620E-04   
3.4248E-02   -4.9393E-04   
3.6227E-02   -3.9770E-04   
3.8323E-02   -2.3114E-04   
4.0143E-02   -9.7498E-05   
1.7182E-02   -8.6817E-04   
1.8239E-02   -4.1079E-04   
1.9443E-02   -3.8625E-04   
2.1111E-02   -3.9661E-04   
2.2708E-02   -4.0385E-04   
2.4676E-02   -4.2543E-04   
2.6434E-02   -4.3678E-04   
2.8181E-02   -4.2719E-04   
3.0430E-02   -3.4345E-04   
3.2311E-02   -2.7769E-04   
3.4439E-02   -2.3848E-04   
3.6530E-02   -1.7214E-04   
3.8573E-02   -1.1298E-04   
4.0450E-02   -3.6889E-05   
4.0046E-02   -2.4989E-04   
3.8180E-02   -5.2708E-04   
3.5893E-02   -8.8437E-04   
3.3782E-02   -1.1053E-03   
3.1956E-02   -1.4207E-03   
2.9662E-02   -1.6744E-03   
2.7400E-02   -1.9034E-03   
2.5256E-02   -2.0816E-03   
2.3026E-02   -2.2987E-03   
2.0935E-02   -2.4880E-03   
1.8255E-02   -2.7853E-03   
1.5392E-02   -3.2246E-03   
1.2581E-02   -3.8299E-03   
9.6373E-03   -4.7033E-03   
6.3451E-03   -6.0528E-03   
3.1564E-03   -7.3447E-03   
3.9927E-02   -3.7058E-04   
3.8342E-02   -6.7325E-04   
3.5624E-02   -1.1992E-03   
3.3843E-02   -1.5289E-03   
3.1715E-02   -1.8584E-03   
2.9157E-02   -2.2834E-03   
2.6894E-02   -2.5158E-03   
2.4698E-02   -2.7614E-03   
2.2116E-02   -3.1186E-03   
1.9699E-02   -3.5125E-03   
1.7136E-02   -3.9401E-03   
1.4445E-02   -4.3355E-03   
1.1553E-02   -5.1343E-03   
8.7361E-03   -5.8931E-03   
5.6783E-03   -6.9715E-03   
2.7063E-03   -7.9103E-03   
4.0507E-02   -3.2397E-04   
3.7633E-02   -1.0120E-03   
3.5996E-02   -1.3697E-03   
3.4000E-02   -1.8428E-03   
3.1021E-02   -2.4453E-03   
2.8900E-02   -2.8468E-03   
2.6696E-02   -3.1755E-03   
2.4089E-02   -3.6123E-03   
2.1713E-02   -4.0394E-03   
1.9149E-02   -4.3971E-03   
1.6732E-02   -4.8119E-03   
1.3704E-02   -5.3614E-03   
1.0768E-02   -6.2865E-03   
8.0282E-03   -6.9491E-03   
5.4555E-03   -7.7846E-03   
2.6826E-03   -8.4490E-03   
3.9587E-02   -6.6259E-04   
3.7902E-02   -1.1663E-03   
3.5863E-02   -1.7685E-03   
3.3808E-02   -2.3486E-03   
3.0828E-02   -3.0434E-03   
2.8434E-02   -3.4772E-03   
2.6002E-02   -4.0337E-03   
2.3672E-02   -4.5348E-03   
2.0892E-02   -4.9125E-03   
1.8631E-02   -5.2437E-03   
1.6330E-02   -5.8305E-03   
1.3277E-02   -6.5533E-03   
1.0297E-02   -7.3145E-03   
7.6916E-03   -7.9641E-03   
4.9197E-03   -8.6315E-03   
2.5694E-03   -9.0587E-03   
4.0096E-02   -7.0120E-04   
3.7807E-02   -1.5455E-03   
3.5930E-02   -2.1210E-03   
3.2993E-02   -3.0445E-03   
3.0406E-02   -3.8162E-03   
2.8097E-02   -4.2831E-03   
2.5233E-02   -4.9078E-03   
2.3086E-02   -5.3636E-03   
2.0299E-02   -5.8075E-03   
1.7870E-02   -6.2775E-03   
1.5118E-02   -6.8831E-03   
1.2874E-02   -7.4505E-03   
1.0172E-02   -8.1463E-03   
7.4931E-03   -8.7734E-03   
4.8945E-03   -9.3464E-03   
2.3011E-03   -9.7578E-03   
3.9773E-02   -9.4535E-04   
3.7262E-02   -1.9680E-03   
3.5508E-02   -2.5984E-03   
3.2099E-02   -3.8295E-03   
3.0035E-02   -4.4355E-03   
2.7688E-02   -5.0950E-03   
2.5115E-02   -5.6002E-03   
2.2516E-02   -6.1739E-03   
1.9634E-02   -6.8224E-03   
1.7225E-02   -7.3167E-03   
1.4861E-02   -7.8010E-03   
1.2399E-02   -8.3958E-03   
9.6921E-03   -9.1504E-03   
7.3875E-03   -9.5855E-03   
4.7787E-03   -1.0125E-02   
2.3719E-03   -1.0439E-02   
3.9965E-02   -1.1240E-03   
3.7815E-02   -2.1680E-03   
3.4930E-02   -3.3520E-03   
3.2406E-02   -4.4040E-03   
2.9674E-02   -5.0559E-03   
2.7037E-02   -5.7394E-03   
2.4527E-02   -6.3870E-03   
2.2012E-02   -6.9894E-03   
1.9498E-02   -7.5781E-03   
1.6734E-02   -8.0957E-03   
1.4290E-02   -8.8529E-03   
1.1727E-02   -9.3608E-03   
9.4218E-03   -9.8312E-03   
7.0250E-03   -1.0394E-02   
4.5567E-03   -1.0901E-02   
2.5321E-03   -1.1106E-02   
3.9372E-02   -1.7053E-03   
3.6746E-02   -3.2156E-03   
3.4561E-02   -4.0768E-03   
3.1150E-02   -5.3306E-03   
2.9088E-02   -5.9395E-03   
2.6225E-02   -6.7115E-03   
2.3740E-02   -7.3741E-03   
2.1528E-02   -7.7783E-03   
1.8863E-02   -8.3654E-03   
1.6348E-02   -9.0721E-03   
1.4238E-02   -9.5048E-03   
1.1684E-02   -1.0127E-02   
9.0537E-03   -1.0733E-02   
6.7093E-03   -1.1206E-02   
4.4688E-03   -1.1611E-02   
1.9992E-03   -1.2010E-02   
7.1337E-04   -6.6056E-03   
1.4356E-03   -6.5924E-03   
2.1543E-03   -6.5670E-03   
2.8708E-03   -6.5316E-03   
3.5826E-03   -6.4853E-03   
4.2891E-03   -6.4279E-03   
4.9886E-03   -6.3597E-03   
6.3625E-03   -6.1935E-03   
7.0349E-03   -6.0959E-03   
7.6963E-03   -5.9889E-03   
8.3457E-03   -5.8725E-03   
8.9820E-03   -5.7470E-03   
9.6044E-03   -5.6125E-03   
1.0212E-02   -5.4692E-03   
1.1377E-02   -5.1575E-03   
1.1934E-02   -4.9898E-03   
1.2471E-02   -4.8148E-03   
1.2991E-02   -4.6326E-03   
1.3490E-02   -4.4439E-03   
1.3969E-02   -4.2481E-03   
1.4427E-02   -4.0462E-03   
1.5274E-02   -3.6258E-03   
1.5662E-02   -3.4075E-03   
1.6026E-02   -3.1841E-03   
1.6366E-02   -2.9561E-03   
1.6680E-02   -2.7238E-03   
1.6969E-02   -2.4876E-03   
1.7231E-02   -2.2477E-03   
1.7676E-02   -1.7584E-03   
1.7858E-02   -1.5092E-03   
1.8011E-02   -1.2569E-03   
1.8126E-02   -1.0026E-03   
1.8242E-02   -7.5279E-04   
1.8295E-02   -5.0547E-04   
1.8349E-02   -2.4541E-04   
1.8467E-02   -3.8508E-34   
1.8534E-02   -3.5829E-34   
1.8587E-02   -2.6490E-34   
1.8637E-02   -1.3995E-34   
1.8691E-02   -1.0484E-34   
1.8841E-02   -5.5505E-35   
1.8946E-02   -3.7510E-35   
1.9078E-02   -2.2845E-35   
1.9238E-02   -1.0784E-35   
1.9654E-02   7.6863E-36   
1.9912E-02   1.4767E-35   
2.0206E-02   2.0924E-35   
2.0537E-02   2.6668E-35   
2.1311E-02   3.7518E-35   
2.1756E-02   4.2617E-35   
2.2766E-02   5.3088E-35   
2.3332E-02   5.8749E-35   
2.4587E-02   1.0643E-34   
2.5278E-02   7.9967E-35   
2.6786E-02   1.5071E-34   
2.8466E-02   1.9513E-34   
2.9370E-02   2.2030E-34   
3.1306E-02   2.6549E-34   
3.3409E-02   3.5491E-34   
3.6867E-02   5.3040E-34   
3.9360E-02   5.5525E-34   
4.2000E-02   -5.4276E-34   
4.2000E-02   -5.4276E-34   
4.2000E-02   -5.4276E-34   
4.2000E-02   -5.4276E-34   
4.2000E-02   -5.4276E-34   
3.7202E-02   -3.1874E-03   
3.0289E-02   -6.1797E-03   
2.5589E-02   -7.5282E-03   
2.1052E-02   -8.6120E-03   
1.8117E-02   -9.2814E-03   
1.3894E-02   -1.0263E-02   
1.1231E-02   -1.0897E-02   
7.5080E-03   -1.1752E-02   
5.2128E-03   -1.2206E-02   
3.0500E-03   -1.2526E-02   
9.9977E-04   -1.2691E-02   
6.7579E-34   -1.2367E-02   
9.4917E-34   -1.1707E-02   
9.3022E-34   -1.1097E-02   
1.3553E-33   -1.0815E-02   
1.3682E-33   -1.0297E-02   
8.3785E-34   -9.8422E-03   
8.1512E-34   -9.6370E-03   
7.8380E-34   -9.4465E-03   
7.3147E-34   -9.1067E-03   
7.0927E-34   -8.9564E-03   
6.7166E-34   -8.6924E-03   
6.5467E-34   -8.5775E-03   
6.3677E-34   -8.4731E-03   
6.0639E-34   -8.2928E-03   
5.9355E-34   -8.2153E-03   
5.8212E-34   -8.1452E-03   
5.7221E-34   -8.0815E-03   
5.5721E-34   -7.9689E-03   
5.5218E-34   -7.9176E-03   
5.4897E-34   -7.8679E-03   
5.4774E-34   -7.8182E-03   
5.4861E-34   -7.7668E-03   
5.5657E-34   -7.6511E-03   
5.6322E-34   -7.5823E-03   
5.7250E-34   -7.5027E-03   
5.8489E-34   -7.4100E-03   
6.0433E-34   -7.3016E-03   
9.5270E-34   -7.1700E-03   
9.6030E-34   -7.0165E-03   
7.8802E-34   -6.8134E-03   
7.6903E-03   -5.9236E-03   
1.1871E-02   -4.7066E-03   
1.3435E-02   -4.0916E-03   
8.9438E-03   -5.6156E-03   
1.7037E-02   -2.1130E-03   
5.7451E-03   -6.3098E-03   
2.3713E-03   -6.7193E-03   
1.6055E-02   -2.7836E-03   
1.7956E-02   -1.2132E-03   
1.4849E-02   -3.4471E-03   
1.0155E-02   -5.2729E-03   
1.7554E-02   -1.6642E-03   
1.0743E-02   -5.0907E-03   
5.0828E-03   -6.4164E-03   
1.4402E-02   -3.6651E-03   
1.6409E-02   -2.5606E-03   
1.8399E-02   -3.3929E-04   
9.1306E-04   -6.7960E-03   
4.4148E-03   -6.5112E-03   
1.2406E-02   -4.5058E-03   
1.2923E-02   -4.3001E-03   
1.7310E-02   -1.8888E-03   
3.0604E-03   -6.6627E-03   
1.8114E-02   -9.8407E-04   
1.6530E-03   -6.7677E-03   
3.7413E-03   -6.5935E-03   
1.6736E-02   -2.3371E-03   
1.7769E-02   -1.4389E-03   
6.4015E-03   -6.1918E-03   
1.5677E-02   -3.0060E-03   
1.5275E-02   -3.2274E-03   
9.5556E-03   -5.4483E-03   
7.0503E-03   -6.0629E-03   
8.3222E-03   -5.7743E-03   
1.1316E-02   -4.9019E-03   
1.3929E-02   -3.8800E-03   
5.2798E-04   -7.2290E-03   
5.0219E-04   -7.3481E-03   
4.8366E-04   -7.4489E-03   
4.6658E-04   -7.5347E-03   
4.5331E-04   -7.6081E-03   
4.4518E-04   -7.6720E-03   
4.4071E-04   -7.7291E-03   
4.3883E-04   -7.7816E-03   
4.3903E-04   -7.8317E-03   
1.8537E-02   -1.6347E-04   
4.4112E-04   -7.8810E-03   
1.8585E-02   -1.2901E-04   
4.4504E-04   -7.9312E-03   
1.8635E-02   -1.0413E-04   
4.5075E-04   -7.9837E-03   
1.8693E-02   -8.5596E-05   
4.5813E-04   -8.0398E-03   
1.8767E-02   -7.2756E-05   
4.6707E-04   -8.1007E-03   
1.8862E-02   -6.4363E-05   
4.7749E-04   -8.1676E-03   
1.8980E-02   -5.9675E-05   
4.8924E-04   -8.2414E-03   
1.9127E-02   -5.7989E-05   
5.0229E-04   -8.3230E-03   
1.9303E-02   -5.8614E-05   
5.1659E-04   -8.4132E-03   
1.9512E-02   -6.1007E-05   
5.3152E-04   -8.5127E-03   
1.9754E-02   -6.4957E-05   
5.4680E-04   -8.6221E-03   
2.0033E-02   -7.0148E-05   
5.6404E-04   -8.7425E-03   
2.0347E-02   -7.6174E-05   
5.8391E-04   -8.8747E-03   
2.0698E-02   -8.2720E-05   
6.0478E-04   -9.0190E-03   
2.1087E-02   -8.9004E-05   
6.2600E-04   -9.1757E-03   
2.1512E-02   -9.6218E-05   
6.4742E-04   -9.3454E-03   
2.1972E-02   -1.0404E-04   
6.6834E-04   -9.5273E-03   
2.2470E-02   -1.1314E-04   
6.9661E-04   -9.7213E-03   
2.3012E-02   -1.2138E-04   
7.3004E-04   -9.9304E-03   
2.3597E-02   -1.2734E-04   
7.4785E-04   -1.0156E-02   
2.4226E-02   -1.3297E-04   
7.6633E-04   -1.0395E-02   
2.4902E-02   -1.3856E-04   
8.2060E-04   -1.0653E-02   
2.5628E-02   -1.4108E-04   
8.5255E-04   -1.0934E-02   
2.6379E-02   -1.3804E-04   
8.5827E-04   -1.1231E-02   
2.7160E-02   -1.4284E-04   
8.9128E-04   -1.1540E-02   
2.7996E-02   -1.4458E-04   
9.4377E-04   -1.1874E-02   
9.5467E-03   -5.2665E-03   
1.4878E-02   -3.0857E-03   
1.6481E-02   -2.2082E-03   
7.0867E-03   -5.9980E-03   
1.8358E-02   -4.9727E-04   
1.9178E-03   -6.8944E-03   
1.2357E-02   -4.2026E-03   
1.8055E-02   -9.6262E-04   
3.2362E-03   -6.7560E-03   
5.1830E-03   -6.4353E-03   
4.5409E-03   -6.5554E-03   
1.3933E-02   -3.5334E-03   
1.0728E-02   -4.8562E-03   
1.7403E-02   -1.5771E-03   
1.7650E-02   -1.3712E-03   
1.1295E-02   -4.6437E-03   
1.3420E-02   -3.7549E-03   
1.6817E-02   -1.9954E-03   
1.6117E-02   -2.4238E-03   
7.7112E-03   -5.8292E-03   
5.8224E-03   -6.3017E-03   
1.1788E-03   -6.9650E-03   
8.3298E-03   -5.6503E-03   
1.1832E-02   -4.4246E-03   
1.2891E-02   -3.9771E-03   
1.7124E-02   -1.7851E-03   
1.7867E-02   -1.1666E-03   
8.9424E-03   -5.4625E-03   
1.5315E-02   -2.8629E-03   
3.8914E-03   -6.6627E-03   
6.4575E-03   -6.1557E-03   
1.5728E-02   -2.6422E-03   
1.8218E-02   -7.5179E-04   
2.5730E-03   -6.8335E-03   
1.4417E-02   -3.3102E-03   
1.0143E-02   -5.0643E-03   
5.5021E-04   -7.0861E-03   
1.0521E-03   -7.2524E-03   
1.0044E-03   -7.3685E-03   
9.6151E-04   -7.4614E-03   
9.2225E-04   -7.5407E-03   
8.9783E-04   -7.6082E-03   
8.8465E-04   -7.6673E-03   
8.7847E-04   -7.7207E-03   
1.8480E-02   -2.2236E-04   
8.7715E-04   -7.7709E-03   
8.7979E-04   -7.8196E-03   
1.8484E-02   -2.8298E-04   
8.8612E-04   -7.8687E-03   
1.8523E-02   -2.3213E-04   
8.9605E-04   -7.9195E-03   
1.8574E-02   -1.8853E-04   
9.0942E-04   -7.9734E-03   
1.8639E-02   -1.5808E-04   
9.2596E-04   -8.0316E-03   
1.8722E-02   -1.3782E-04   
9.4500E-04   -8.0952E-03   
1.8829E-02   -1.2525E-04   
9.6921E-04   -8.1649E-03   
1.8962E-02   -1.1929E-04   
9.9790E-04   -8.2420E-03   
1.9125E-02   -1.1864E-04   
1.0251E-03   -8.3281E-03   
1.9319E-02   -1.2199E-04   
1.0504E-03   -8.4231E-03   
1.9548E-02   -1.2833E-04   
1.0772E-03   -8.5270E-03   
1.9812E-02   -1.3766E-04   
1.1088E-03   -8.6412E-03   
2.0111E-02   -1.4935E-04   
1.1462E-03   -8.7670E-03   
2.0448E-02   -1.6260E-04   
1.1879E-03   -8.9050E-03   
2.0826E-02   -1.7448E-04   
1.2313E-03   -9.0557E-03   
2.1234E-02   -1.8396E-04   
1.2744E-03   -9.2192E-03   
2.1660E-02   -2.0096E-04   
1.3098E-03   -9.3952E-03   
2.2128E-02   -2.1635E-04   
1.3358E-03   -9.5792E-03   
2.2638E-02   -2.3825E-04   
1.4175E-03   -9.7692E-03   
2.3204E-02   -2.5164E-04   
1.4904E-03   -9.9854E-03   
2.3814E-02   -2.6042E-04   
1.4897E-03   -1.0221E-02   
2.4466E-02   -2.7332E-04   
1.5569E-03   -1.0454E-02   
2.5191E-02   -2.8230E-04   
1.7750E-03   -1.0718E-02   
2.5971E-02   -2.8182E-04   
1.7096E-03   -1.1035E-02   
2.6686E-02   -2.6156E-04   
1.7403E-03   -1.1332E-02   
2.7453E-02   -3.1349E-04   
1.8289E-03   -1.1643E-02   
2.8879E-02   -1.5238E-04   
1.2357E-02   -3.9122E-03   
1.2925E-02   -3.6680E-03   
1.0754E-02   -4.6239E-03   
1.3463E-02   -3.4387E-03   
1.0174E-02   -4.8484E-03   
4.6698E-03   -6.5662E-03   
5.2929E-03   -6.4212E-03   
5.9137E-03   -6.2624E-03   
6.5317E-03   -6.0907E-03   
7.1469E-03   -5.9066E-03   
4.0360E-03   -6.6989E-03   
7.7598E-03   -5.7113E-03   
9.5792E-03   -5.0727E-03   
1.3982E-02   -3.2118E-03   
8.3701E-03   -5.5061E-03   
8.9776E-03   -5.2927E-03   
3.3830E-03   -6.8202E-03   
1.4475E-02   -2.9820E-03   
1.7228E-02   -1.4990E-03   
1.7507E-02   -1.3072E-03   
1.7751E-02   -1.1209E-03   
1.6917E-02   -1.6956E-03   
2.7319E-03   -6.9227E-03   
1.4944E-02   -2.7545E-03   
1.6577E-02   -1.8966E-03   
1.5811E-02   -2.3140E-03   
1.5390E-02   -2.5317E-03   
1.6207E-02   -2.1028E-03   
2.1189E-03   -6.9872E-03   
1.5955E-03   -7.0351E-03   
1.7963E-02   -9.3612E-04   
1.8149E-02   -7.4828E-04   
1.8311E-02   -5.5617E-04   
1.0950E-03   -7.1337E-03   
1.5137E-03   -7.3557E-03   
1.4194E-03   -7.4476E-03   
1.3640E-03   -7.5210E-03   
1.3349E-03   -7.5826E-03   
1.3208E-03   -7.6368E-03   
1.3158E-03   -7.6867E-03   
1.8438E-02   -3.5310E-04   
1.3175E-03   -7.7346E-03   
1.3249E-03   -7.7823E-03   
1.8356E-02   -4.0223E-04   
1.3376E-03   -7.8312E-03   
1.8406E-02   -3.1579E-04   
1.3556E-03   -7.8827E-03   
1.8461E-02   -2.6119E-04   
1.3784E-03   -7.9382E-03   
1.8533E-02   -2.2470E-04   
1.4043E-03   -7.9987E-03   
1.8627E-02   -2.0157E-04   
1.4391E-03   -8.0635E-03   
1.8749E-02   -1.8774E-04   
1.4948E-03   -8.1330E-03   
1.8898E-02   -1.8355E-04   
1.5379E-03   -8.2150E-03   
1.9076E-02   -1.8667E-04   
1.5633E-03   -8.3082E-03   
1.9290E-02   -1.9408E-04   
1.5977E-03   -8.4078E-03   
1.9544E-02   -2.0529E-04   
1.6350E-03   -8.5170E-03   
1.9827E-02   -2.2196E-04   
1.6848E-03   -8.6352E-03   
2.0147E-02   -2.4216E-04   
1.7515E-03   -8.7648E-03   
2.0517E-02   -2.6133E-04   
1.8196E-03   -8.9090E-03   
2.0939E-02   -2.7534E-04   
1.8852E-03   -9.0678E-03   
2.1340E-02   -2.7541E-04   
1.9403E-03   -9.2416E-03   
2.1731E-02   -3.2775E-04   
1.9586E-03   -9.4292E-03   
1.9216E-03   -9.6056E-03   
2.2488E-03   -1.0040E-02   
2.3961E-02   -4.0444E-04   
2.5066E-03   -1.0842E-02   
2.6141E-03   -1.1384E-02   
2.5472E-02   -4.3534E-04   
2.9851E-02   -1.6342E-04   
1.7847E-02   -9.1321E-04   
1.8053E-02   -7.4210E-04   
1.8241E-02   -5.6822E-04   
1.1326E-02   -4.1880E-03   
1.0829E-02   -4.3870E-03   
4.1839E-03   -6.7056E-03   
3.5371E-03   -6.8551E-03   
6.6258E-03   -6.0018E-03   
4.8047E-03   -6.5481E-03   
7.2311E-03   -5.7936E-03   
5.4151E-03   -6.3789E-03   
1.0248E-02   -4.6276E-03   
1.3560E-02   -3.1560E-03   
6.0212E-03   -6.1971E-03   
1.7037E-02   -1.4313E-03   
1.6693E-02   -1.6214E-03   
7.8371E-03   -5.5744E-03   
8.4436E-03   -5.3459E-03   
1.5494E-02   -2.2317E-03   
1.5921E-02   -2.0207E-03   
1.7350E-02   -1.2464E-03   
2.8637E-03   -6.9905E-03   
1.7619E-02   -1.0774E-03   
9.6517E-03   -4.8699E-03   
1.5043E-02   -2.4520E-03   
9.0498E-03   -5.1104E-03   
1.6321E-02   -1.8176E-03   
1.4072E-02   -2.9157E-03   
1.4568E-02   -2.6807E-03   
1.9471E-03   -7.3330E-03   
1.8429E-03   -7.4135E-03   
1.7928E-03   -7.4773E-03   
1.7672E-03   -7.5318E-03   
1.7562E-03   -7.5810E-03   
1.7554E-03   -7.6275E-03   
1.7627E-03   -7.6733E-03   
1.7771E-03   -7.7200E-03   
1.8375E-02   -4.2910E-04   
1.8196E-02   -4.6979E-04   
1.7981E-03   -7.7690E-03   
1.8238E-02   -3.8857E-04   
1.8258E-03   -7.8216E-03   
1.8300E-02   -3.2935E-04   
1.8586E-03   -7.8786E-03   
1.8380E-02   -2.9198E-04   
1.8965E-03   -7.9399E-03   
1.8487E-02   -2.7005E-04   
1.9489E-03   -8.0034E-03   
1.8631E-02   -2.5562E-04   
2.0928E-03   -8.0636E-03   
1.8788E-02   -2.5776E-04   
2.0711E-03   -8.1691E-03   
1.8978E-02   -2.6665E-04   
2.1136E-03   -8.2648E-03   
1.9227E-02   -2.7841E-04   
2.1556E-03   -8.3725E-03   
1.9504E-02   -2.9370E-04   
2.2826E-03   -8.6024E-03   
2.5929E-03   -9.4777E-03   
2.0138E-02   -3.5258E-04   
2.3982E-03   -8.7331E-03   
2.4859E-03   -8.8885E-03   
2.6400E-03   -9.2520E-03   
2.2252E-02   -3.2348E-04   
2.3400E-02   -3.7161E-04   
2.4084E-02   -5.6874E-04   
2.0569E-02   -3.7744E-04   
3.4586E-03   -1.1112E-02   
2.4858E-02   -5.8884E-04   
2.6189E-03   -1.0616E-02   
2.1545E-02   -4.6176E-04   
3.1104E-03   -9.8361E-03   
1.8139E-02   -5.8301E-04   
1.7920E-02   -7.5072E-04   
1.7721E-02   -9.0208E-04   
1.2670E-02   -3.3486E-03   
1.2463E-02   -3.6161E-03   
1.3141E-02   -3.1244E-03   
1.0387E-02   -4.4018E-03   
1.7175E-02   -1.1972E-03   
4.3591E-03   -6.6787E-03   
1.7490E-02   -1.0212E-03   
3.7235E-03   -6.8525E-03   
3.0629E-03   -7.0133E-03   
4.9662E-03   -6.4988E-03   
6.7408E-03   -5.8929E-03   
6.1458E-03   -6.1100E-03   
9.7685E-03   -4.6601E-03   
5.5582E-03   -6.3109E-03   
7.3407E-03   -5.6629E-03   
1.3669E-02   -2.8819E-03   
1.5624E-02   -1.9625E-03   
1.6828E-02   -1.3791E-03   
7.9442E-03   -5.4223E-03   
1.6053E-02   -1.7593E-03   
1.6455E-02   -1.5656E-03   
1.5169E-02   -2.1771E-03   
8.5508E-03   -5.1733E-03   
9.1594E-03   -4.9185E-03   
1.4689E-02   -2.4030E-03   
1.4188E-02   -2.6391E-03   
1.9275E-03   -7.1811E-03   
2.3133E-03   -7.2937E-03   
2.2530E-03   -7.3554E-03   
2.2169E-03   -7.4085E-03   
2.1987E-03   -7.4560E-03   
2.1942E-03   -7.5002E-03   
2.2005E-03   -7.5434E-03   
2.2154E-03   -7.5874E-03   
2.2384E-03   -7.6335E-03   
1.7952E-02   -5.5748E-04   
2.2700E-03   -7.6828E-03   
1.8029E-02   -4.5572E-04   
2.3096E-03   -7.7360E-03   
2.3514E-03   -7.7950E-03   
1.8098E-02   -3.9919E-04   
1.8182E-02   -3.6648E-04   
2.3810E-03   -7.8624E-03   
1.8291E-02   -3.5357E-04   
2.5161E-03   -8.0314E-03   
1.8584E-02   -3.5602E-04   
2.6180E-03   -8.0986E-03   
1.9146E-02   -3.7711E-04   
1.8856E-02   -3.6287E-04   
2.7032E-03   -8.2003E-03   
2.9937E-03   -8.5133E-03   
2.1911E-03   -8.4884E-03   
3.0903E-03   -8.6792E-03   
3.2060E-03   -8.8431E-03   
3.2316E-03   -1.0658E-02   
3.1845E-03   -1.0411E-02   
3.3322E-03   -9.0241E-03   
2.0103E-02   -4.8566E-04   
2.2048E-02   -4.3582E-04   
2.1083E-02   -5.6052E-04   
2.3290E-02   -5.3290E-04   
2.0574E-02   -5.1640E-04   
1.9792E-02   -3.2257E-04   
3.4914E-03   -9.2420E-03   
2.9735E-03   -1.0155E-02   
3.2743E-03   -9.5455E-03   
2.5662E-02   -6.0419E-04   
3.3054E-03   -1.1408E-02   
3.1296E-03   -1.0896E-02   
2.4211E-02   -7.4624E-04   
1.2078E-02   -3.5181E-03   
1.7990E-02   -6.2212E-04   
1.7320E-02   -9.9073E-04   
4.5762E-03   -6.6151E-03   
1.6967E-02   -1.1689E-03   
3.9733E-03   -6.8054E-03   
2.7473E-03   -7.1281E-03   
9.9298E-03   -4.4381E-03   
6.2873E-03   -6.0047E-03   
5.7091E-03   -6.2252E-03   
5.1483E-03   -6.4256E-03   
1.3263E-02   -2.8943E-03   
6.8784E-03   -5.7676E-03   
1.5776E-02   -1.7222E-03   
7.4769E-03   -5.5178E-03   
1.6203E-02   -1.5286E-03   
1.6598E-02   -1.3453E-03   
1.5320E-02   -1.9293E-03   
8.0817E-03   -5.2579E-03   
9.3057E-03   -4.7173E-03   
1.3805E-02   -2.6319E-03   
1.4837E-02   -2.1502E-03   
8.6921E-03   -4.9904E-03   
1.4331E-02   -2.3849E-03   
2.7771E-03   -7.1631E-03   
2.7218E-03   -7.2171E-03   
1.1287E-02   -3.8552E-03   
2.6760E-03   -7.2678E-03   
1.0582E-02   -4.1493E-03   
2.6461E-03   -7.3137E-03   
2.6349E-03   -7.3553E-03   
2.6385E-03   -7.3951E-03   
2.6535E-03   -7.4355E-03   
2.6784E-03   -7.4778E-03   
2.7130E-03   -7.5232E-03   
3.1029E-03   -7.8961E-03   
1.7741E-02   -5.9511E-04   
2.7578E-03   -7.5722E-03   
2.8115E-03   -7.6268E-03   
1.7795E-02   -5.2339E-04   
2.8659E-03   -7.6920E-03   
1.7855E-02   -4.7813E-04   
1.7930E-02   -4.5633E-04   
2.3933E-03   -7.9283E-03   
1.8440E-02   -4.6112E-04   
3.2374E-03   -7.9951E-03   
3.2293E-03   -8.3079E-03   
2.1759E-02   -6.0232E-04   
2.0509E-02   -6.7742E-04   
1.9088E-02   -5.0230E-04   
3.8235E-03   -8.6003E-03   
1.8722E-02   -4.7716E-04   
3.9992E-03   -8.7605E-03   
2.7239E-03   -8.3271E-03   
3.8961E-03   -1.0747E-02   
4.1388E-03   -8.9430E-03   
2.2511E-02   -5.8725E-04   
4.0071E-03   -9.6034E-03   
3.8775E-03   -9.8925E-03   
1.9644E-02   -4.5658E-04   
3.9969E-03   -1.0430E-02   
3.6858E-03   -8.4506E-03   
2.0043E-02   -6.3730E-04   
2.5003E-02   -7.6545E-04   
2.3469E-02   -7.1636E-04   
1.7413E-02   -8.3606E-04   
1.7087E-02   -9.9762E-04   
1.7698E-02   -7.8113E-04   
3.6861E-03   -6.9072E-03   
4.8199E-03   -6.5270E-03   
1.2829E-02   -2.9323E-03   
5.8662E-03   -6.1256E-03   
1.6733E-02   -1.1615E-03   
5.2994E-03   -6.3488E-03   
6.4474E-03   -5.8847E-03   
2.2397E-03   -7.1922E-03   
7.0392E-03   -5.6289E-03   
9.4906E-03   -4.5079E-03   
1.5491E-02   -1.7073E-03   
1.6351E-02   -1.3324E-03   
1.5938E-02   -1.5132E-03   
1.3411E-02   -2.6553E-03   
7.6405E-03   -5.3608E-03   
1.5009E-02   -1.9209E-03   
8.2497E-03   -5.0834E-03   
8.8666E-03   -4.7988E-03   
1.3967E-02   -2.3953E-03   
1.4499E-02   -2.1509E-03   
1.0142E-02   -4.2061E-03   
3.2202E-03   -7.0590E-03   
3.1616E-03   -7.1071E-03   
3.1045E-03   -7.1552E-03   
3.3016E-03   -7.0002E-03   
3.0802E-03   -7.1950E-03   
1.0821E-02   -3.8947E-03   
1.1527E-02   -3.5705E-03   
3.0784E-03   -7.2309E-03   
1.7659E-02   -6.9339E-04   
1.2206E-02   -3.2429E-03   
3.0923E-03   -7.2666E-03   
3.1187E-03   -7.3041E-03   
3.2052E-03   -7.3890E-03   
1.7490E-02   -6.5916E-04   
3.2706E-03   -7.4367E-03   
3.3617E-03   -7.4883E-03   
1.7511E-02   -6.0800E-04   
1.7567E-02   -5.7246E-04   
3.2916E-03   -7.7275E-03   
3.4027E-03   -8.1086E-03   
1.8236E-02   -5.8744E-04   
1.9616E-02   -6.0287E-04   
4.5981E-03   -8.4764E-03   
2.8487E-03   -7.7854E-03   
2.1008E-02   -7.2863E-04   
3.7267E-03   -7.7767E-03   
1.9924E-02   -8.0723E-04   
3.6183E-03   -8.3210E-03   
4.7384E-03   -9.6536E-03   
4.3745E-03   -8.3446E-03   
4.3267E-03   -9.0844E-03   
1.9260E-02   -5.8599E-04   
2.2851E-02   -6.9455E-04   
1.8522E-02   -6.1817E-04   
4.1714E-03   -9.3151E-03   
3.8941E-03   -1.0160E-02   
2.3531E-02   -9.0708E-04   
2.5735E-02   -7.6935E-04   
4.0857E-03   -1.1292E-02   
4.9859E-03   -1.0458E-02   
2.2259E-02   -5.0311E-04   
1.6845E-02   -1.0169E-03   
4.8443E-03   -6.5051E-03   
9.7133E-03   -4.2922E-03   
5.4689E-03   -6.2553E-03   
6.0461E-03   -6.0107E-03   
1.6485E-02   -1.1757E-03   
6.6295E-03   -5.7520E-03   
1.3010E-02   -2.7095E-03   
1.5677E-02   -1.5127E-03   
1.6104E-02   -1.3379E-03   
7.2253E-03   -5.4789E-03   
1.5201E-02   -1.7149E-03   
9.0728E-03   -4.6006E-03   
7.8322E-03   -5.1941E-03   
1.3595E-02   -2.4346E-03   
8.4486E-03   -4.9007E-03   
1.4691E-02   -1.9374E-03   
1.4155E-02   -2.1780E-03   
3.7295E-03   -6.9116E-03   
3.5739E-03   -6.9843E-03   
1.7461E-02   -7.3056E-04   
3.5328E-03   -7.0216E-03   
1.1743E-02   -3.3209E-03   
1.0381E-02   -3.9729E-03   
1.2393E-02   -3.0058E-03   
3.5243E-03   -7.0523E-03   
3.5340E-03   -7.0827E-03   
1.1063E-02   -3.6473E-03   
3.5605E-03   -7.1145E-03   
3.6011E-03   -7.1490E-03   
3.6537E-03   -7.1877E-03   
1.7641E-02   -5.5972E-04   
3.7249E-03   -7.2288E-03   
3.4830E-03   -7.5547E-03   
3.8274E-03   -7.2689E-03   
1.7132E-02   -7.6884E-04   
1.9110E-02   -7.2170E-04   
1.7181E-02   -7.1081E-04   
3.8896E-03   -7.8581E-03   
3.9690E-03   -8.1033E-03   
1.7989E-02   -5.7048E-04   
3.6590E-03   -7.6913E-03   
1.8805E-02   -6.7068E-04   
5.0170E-03   -8.2225E-03   
5.0640E-03   -9.0297E-03   
4.2119E-03   -8.2121E-03   
4.7970E-03   -8.8784E-03   
1.7974E-02   -7.4282E-04   
2.2136E-02   -7.9023E-04   
5.6470E-03   -9.3835E-03   
2.2830E-02   -8.6400E-04   
4.5518E-03   -9.9195E-03   
2.3559E-02   -1.1171E-03   
5.1130E-03   -1.1117E-02   
2.5235E-02   -9.6606E-04   
2.6454E-02   -6.5187E-04   
5.6916E-03   -1.0676E-02   
2.1429E-02   -8.0612E-04   
1.6952E-02   -8.9770E-04   
4.2647E-03   -6.7196E-03   
5.1384E-03   -6.3726E-03   
5.6818E-03   -6.1382E-03   
9.3076E-03   -4.3987E-03   
6.2489E-03   -5.8824E-03   
1.6260E-02   -1.2040E-03   
1.5895E-02   -1.3368E-03   
6.8352E-03   -5.6084E-03   
3.9883E-03   -6.8295E-03   
1.5421E-02   -1.5270E-03   
1.3221E-02   -2.4986E-03   
7.4374E-03   -5.3194E-03   
8.6737E-03   -4.7126E-03   
1.4908E-02   -1.7425E-03   
8.0516E-03   -5.0196E-03   
1.3807E-02   -2.2283E-03   
1.4369E-02   -1.9764E-03   
3.9833E-03   -6.8419E-03   
9.9638E-03   -4.0749E-03   
1.1972E-02   -3.0941E-03   
1.2608E-02   -2.7880E-03   
3.9822E-03   -6.8600E-03   
1.1309E-02   -3.4160E-03   
3.9808E-03   -6.8864E-03   
4.0049E-03   -6.9116E-03   
1.0635E-02   -3.7452E-03   
1.7245E-02   -7.7947E-04   
4.1772E-03   -7.0057E-03   
4.0475E-03   -6.9388E-03   
1.7234E-02   -6.8550E-04   
4.1049E-03   -6.9700E-03   
1.7982E-02   -4.6206E-04   
3.9802E-03   -7.4913E-03   
3.9648E-03   -7.3086E-03   
4.2068E-03   -7.5433E-03   
4.2776E-03   -7.0401E-03   
1.6777E-02   -8.6897E-04   
1.8251E-02   -7.8799E-04   
1.7719E-02   -7.1397E-04   
4.2793E-03   -7.6417E-03   
4.9182E-03   -8.0782E-03   
5.5487E-03   -8.6871E-03   
2.2837E-02   -1.0727E-03   
1.8550E-02   -8.4311E-04   
4.7149E-03   -7.9513E-03   
2.0836E-02   -9.1794E-04   
5.8193E-03   -9.0595E-03   
2.1372E-02   -1.0094E-03   
5.4808E-03   -9.7452E-03   
4.0797E-03   -7.9242E-03   
2.4350E-02   -1.1564E-03   
1.9488E-02   -7.6420E-04   
2.7293E-02   -5.2139E-04   
6.2324E-03   -1.0238E-02   
4.3785E-03   -6.6799E-03   
1.6579E-02   -1.0574E-03   
5.3641E-03   -6.2604E-03   
5.9093E-03   -6.0113E-03   
6.4777E-03   -5.7423E-03   
8.9233E-03   -4.5218E-03   
1.6216E-02   -1.1447E-03   
4.6972E-03   -6.5525E-03   
1.5677E-02   -1.3498E-03   
9.5687E-03   -4.1953E-03   
7.0694E-03   -5.4536E-03   
1.5147E-02   -1.5645E-03   
7.6788E-03   -5.1503E-03   
8.2975E-03   -4.8388E-03   
1.3456E-02   -2.3006E-03   
1.4607E-02   -1.7907E-03   
1.4042E-02   -2.0354E-03   
4.4957E-03   -6.6380E-03   
1.1567E-02   -3.1999E-03   
1.2847E-02   -2.5845E-03   
1.2217E-02   -2.8847E-03   
1.7781E-02   -5.5722E-04   
4.4353E-03   -6.6798E-03   
1.0231E-02   -3.8620E-03   
4.4544E-03   -6.6978E-03   
1.0901E-02   -3.5281E-03   
1.6815E-02   -8.3105E-04   
4.6306E-03   -6.7687E-03   
4.4970E-03   -6.7166E-03   
4.7268E-03   -6.7993E-03   
4.5563E-03   -6.7398E-03   
4.9649E-03   -7.3400E-03   
1.6685E-02   -9.4960E-04   
1.7295E-02   -6.8463E-04   
4.4084E-03   -7.0731E-03   
1.8511E-02   -3.2244E-04   
5.2318E-03   -7.6407E-03   
1.7500E-02   -6.9976E-04   
1.9302E-02   -9.5068E-04   
1.8893E-02   -8.9776E-04   
1.7946E-02   -9.7869E-04   
1.7663E-02   -9.2506E-04   
2.0531E-02   -1.1276E-03   
1.7405E-02   -8.8430E-04   
4.5211E-03   -7.8613E-03   
5.7590E-03   -7.9279E-03   
4.1052E-03   -7.3437E-03   
4.6401E-03   -7.2947E-03   
5.9755E-03   -8.3431E-03   
2.1571E-02   -1.1929E-03   
5.9686E-03   -8.7831E-03   
4.6234E-03   -7.6666E-03   
2.3569E-02   -1.3444E-03   
5.7626E-03   -1.0028E-02   
2.8343E-02   -2.7447E-04   
6.5612E-03   -9.0702E-03   
2.7235E-02   -7.1750E-04   
2.2830E-02   -1.2989E-03   
2.0389E-02   -8.5109E-04   
6.4348E-03   -9.3837E-03   
4.8505E-03   -6.4847E-03   
5.6190E-03   -6.1327E-03   
6.1607E-03   -5.8743E-03   
9.1952E-03   -4.3308E-03   
1.5953E-02   -1.1804E-03   
6.7300E-03   -5.5929E-03   
8.5649E-03   -4.6560E-03   
1.5396E-02   -1.4065E-03   
7.3325E-03   -5.2888E-03   
7.9464E-03   -4.9746E-03   
1.4869E-02   -1.6208E-03   
1.1839E-02   -2.9991E-03   
1.3711E-02   -2.1175E-03   
1.4306E-02   -1.8556E-03   
1.3100E-02   -2.3983E-03   
4.8535E-03   -6.4882E-03   
1.2478E-02   -2.6912E-03   
1.6410E-02   -1.0206E-03   
9.8469E-03   -3.9960E-03   
1.1179E-02   -3.3234E-03   
4.9087E-03   -6.4768E-03   
1.0511E-02   -3.6580E-03   
4.9542E-03   -6.4837E-03   
5.1824E-03   -6.5447E-03   
5.0875E-03   -6.5193E-03   
1.6393E-02   -9.9281E-04   
5.0119E-03   -6.4987E-03   
1.6854E-02   -8.1993E-04   
1.8213E-02   -4.6497E-04   
4.8355E-03   -6.8350E-03   
1.7179E-02   -8.5772E-04   
1.7313E-02   -1.1319E-03   
4.4716E-03   -7.2553E-03   
1.7303E-02   -7.1674E-04   
1.7050E-02   -1.0816E-03   
1.7598E-02   -1.1966E-03   
5.9012E-03   -7.5174E-03   
1.9777E-02   -9.9511E-04   
1.8629E-02   -1.1057E-03   
4.6099E-03   -7.0984E-03   
1.9702E-02   -1.2220E-03   
6.6109E-03   -8.4162E-03   
5.4571E-03   -8.2631E-03   
6.2597E-03   -7.5650E-03   
5.4484E-03   -7.3564E-03   
2.2803E-02   -1.5427E-03   
2.4336E-02   -1.3890E-03   
6.8224E-03   -8.6933E-03   
6.4928E-03   -9.6634E-03   
2.7943E-02   -5.9704E-04   
7.1687E-03   -9.0886E-03   
5.0878E-03   -6.3785E-03   
5.9061E-03   -5.9907E-03   
8.8480E-03   -4.4758E-03   
6.4048E-03   -5.7418E-03   
1.5582E-02   -1.3004E-03   
9.4835E-03   -4.1440E-03   
7.0027E-03   -5.4372E-03   
8.2291E-03   -4.7997E-03   
1.5139E-02   -1.4740E-03   
1.2123E-02   -2.8150E-03   
7.6134E-03   -5.1209E-03   
1.1472E-02   -3.1322E-03   
5.3920E-03   -6.2392E-03   
1.4613E-02   -1.6888E-03   
1.3356E-02   -2.2356E-03   
1.2747E-02   -2.5176E-03   
5.4389E-03   -6.2334E-03   
1.0806E-02   -3.4648E-03   
1.0140E-02   -3.8045E-03   
1.6408E-02   -9.7318E-04   
1.7001E-02   -8.4431E-04   
5.6428E-03   -6.2785E-03   
5.4788E-03   -6.2464E-03   
5.0025E-03   -7.0478E-03   
5.5490E-03   -6.2602E-03   
1.6900E-02   -8.3197E-04   
5.2891E-03   -6.5782E-03   
6.5993E-03   -7.2564E-03   
1.6660E-02   -1.3049E-03   
4.9235E-03   -6.8811E-03   
1.6922E-02   -1.3668E-03   
1.6812E-02   -1.0454E-03   
1.7919E-02   -1.2734E-03   
6.0216E-03   -7.3027E-03   
8.0839E-03   -8.8841E-03   
6.7648E-03   -7.5997E-03   
2.0117E-02   -1.3686E-03   
1.9091E-02   -1.1674E-03   
2.4323E-02   -1.6258E-03   
5.7060E-03   -7.1089E-03   
7.2912E-03   -9.3043E-03   
2.2069E-02   -1.4917E-03   
2.5117E-02   -1.2096E-03   
7.4564E-03   -8.3037E-03   
6.5075E-03   -7.9392E-03   
6.8500E-03   -8.0827E-03   
2.2755E-02   -1.8073E-03   
1.5960E-02   -1.1431E-03   
9.1438E-03   -4.3019E-03   
8.5239E-03   -4.6294E-03   
6.0167E-03   -5.9373E-03   
1.4437E-02   -1.7449E-03   
1.6480E-02   -1.0002E-03   
6.6789E-03   -5.5998E-03   
1.1780E-02   -2.9559E-03   
1.5450E-02   -1.3320E-03   
1.2417E-02   -2.6492E-03   
1.4900E-02   -1.5528E-03   
7.2920E-03   -5.2797E-03   
1.1118E-02   -3.2834E-03   
9.7861E-03   -3.9651E-03   
1.0448E-02   -3.6229E-03   
5.9658E-03   -5.9831E-03   
1.3549E-02   -2.1294E-03   
1.3024E-02   -2.3660E-03   
6.1057E-03   -6.0053E-03   
6.0163E-03   -5.9951E-03   
5.3729E-03   -6.6380E-03   
5.7531E-03   -6.3050E-03   
1.6431E-02   -9.7773E-04   
6.2826E-03   -6.8149E-03   
1.6605E-02   -1.0225E-03   
1.6239E-02   -1.5544E-03   
6.2031E-03   -7.0381E-03   
1.6415E-02   -1.2597E-03   
1.7200E-02   -1.4467E-03   
2.1313E-02   -1.4337E-03   
1.8316E-02   -1.3517E-03   
7.1332E-03   -7.2612E-03   
5.3671E-03   -6.7717E-03   
5.1976E-03   -7.0890E-03   
2.0897E-02   -1.2698E-03   
1.9341E-02   -1.5135E-03   
7.2964E-03   -7.5876E-03   
8.2115E-03   -9.1846E-03   
8.4634E-03   -8.4600E-03   
6.8217E-03   -6.9572E-03   
2.2131E-02   -1.2473E-03   
2.3553E-02   -1.8317E-03   
2.5092E-02   -1.4320E-03   
2.5825E-02   -1.0720E-03   
7.4701E-03   -7.7404E-03   
8.3013E-03   -8.0324E-03   
1.4638E-02   -1.6579E-03   
8.2064E-03   -4.7989E-03   
8.8135E-03   -4.4755E-03   
1.5956E-02   -1.1646E-03   
1.3356E-02   -2.2127E-03   
1.2738E-02   -2.4951E-03   
1.5091E-02   -1.4747E-03   
9.4451E-03   -4.1411E-03   
1.2105E-02   -2.7944E-03   
1.1448E-02   -3.1147E-03   
7.6094E-03   -5.1176E-03   
1.0775E-02   -3.4521E-03   
1.0103E-02   -3.7972E-03   
6.4184E-03   -5.7425E-03   
6.4836E-03   -5.7313E-03   
6.5656E-03   -5.7321E-03   
6.2198E-03   -6.0218E-03   
5.8569E-03   -6.3525E-03   
6.9758E-03   -5.4550E-03   
1.5950E-02   -1.1424E-03   
1.5761E-02   -1.4623E-03   
1.4011E-02   -1.9210E-03   
1.5989E-02   -1.5009E-03   
6.2335E-03   -6.6740E-03   
5.7184E-03   -6.7814E-03   
8.0586E-03   -7.3635E-03   
1.6499E-02   -1.6246E-03   
5.9331E-03   -6.4340E-03   
1.5939E-02   -1.2302E-03   
7.5462E-03   -6.8766E-03   
1.7490E-02   -1.5536E-03   
7.0312E-03   -6.6299E-03   
1.9787E-02   -1.5955E-03   
2.0720E-02   -1.6676E-03   
1.8820E-02   -1.4261E-03   
2.6586E-02   -1.0683E-03   
8.7820E-03   -7.6403E-03   
8.3912E-03   -7.5020E-03   
9.1385E-03   -8.4931E-03   
2.2786E-02   -2.0722E-03   
8.4627E-03   -9.4802E-03   
2.4279E-02   -1.8661E-03   
2.5882E-02   -1.2562E-03   
1.4973E-02   -1.5354E-03   
8.4802E-03   -4.6705E-03   
7.8910E-03   -4.9845E-03   
1.3091E-02   -2.3482E-03   
1.5474E-02   -1.3296E-03   
1.2454E-02   -2.6443E-03   
9.1065E-03   -4.3374E-03   
1.1802E-02   -2.9574E-03   
9.7648E-03   -3.9905E-03   
1.1127E-02   -3.2916E-03   
7.0130E-03   -5.4676E-03   
1.0442E-02   -3.6395E-03   
6.6845E-03   -5.7339E-03   
1.4379E-02   -1.7821E-03   
1.5301E-02   -1.7227E-03   
7.4034E-03   -5.2437E-03   
6.4471E-03   -6.1186E-03   
6.8236E-03   -5.7485E-03   
6.5609E-03   -6.3815E-03   
1.3733E-02   -2.0592E-03   
1.5556E-02   -1.7603E-03   
1.9894E-02   -1.8090E-03   
1.5418E-02   -1.3853E-03   
1.5810E-02   -1.8164E-03   
6.9370E-03   -6.4217E-03   
1.6737E-02   -1.7224E-03   
1.7930E-02   -1.6472E-03   
1.5544E-02   -1.4460E-03   
9.3458E-03   -7.2308E-03   
7.6425E-03   -6.5833E-03   
8.4929E-03   -6.5833E-03   
2.0459E-02   -1.5193E-03   
2.6856E-02   -1.3015E-03   
8.9824E-03   -7.0764E-03   
1.8513E-02   -1.7201E-03   
2.0552E-02   -1.9084E-03   
2.2013E-02   -2.3785E-03   
9.3358E-03   -7.7413E-03   
9.5128E-03   -8.0478E-03   
2.1750E-02   -2.0883E-03   
2.7163E-02   -8.9361E-04   
2.5095E-02   -1.6602E-03   
7.3304E-03   -9.9258E-03   
7.6327E-03   -7.2937E-03   
8.1239E-03   -4.8952E-03   
7.5427E-03   -5.1991E-03   
1.2830E-02   -2.5052E-03   
1.4798E-02   -1.6473E-03   
1.2180E-02   -2.8127E-03   
9.4198E-03   -4.2097E-03   
7.1315E-03   -5.4543E-03   
1.1503E-02   -3.1429E-03   
6.9620E-03   -5.7900E-03   
1.0108E-02   -3.8502E-03   
6.5299E-03   -6.2167E-03   
1.0806E-02   -3.4922E-03   
1.3474E-02   -2.2108E-03   
7.2936E-03   -5.4417E-03   
1.4831E-02   -2.0080E-03   
1.5329E-02   -1.4676E-03   
1.4111E-02   -1.9309E-03   
1.5082E-02   -1.6928E-03   
1.5193E-02   -1.9969E-03   
1.6077E-02   -1.8855E-03   
9.9991E-03   -6.7892E-03   
7.9251E-03   -6.2570E-03   
8.8191E-03   -6.6739E-03   
8.1987E-03   -6.5034E-03   
1.8921E-02   -2.0829E-03   
2.4974E-02   -1.8877E-03   
9.7414E-03   -8.5677E-03   
7.3540E-03   -6.0641E-03   
8.5133E-03   -6.9921E-03   
1.8249E-02   -2.0280E-03   
2.1224E-02   -1.9323E-03   
2.7473E-02   -1.0325E-03   
2.6082E-02   -1.6971E-03   
2.2294E-02   -2.6161E-03   
1.0621E-02   -7.7188E-03   
8.2707E-03   -9.9224E-03   
1.7592E-02   -1.9769E-03   
6.6406E-03   -9.8913E-03   
1.2580E-02   -2.6809E-03   
1.4921E-02   -1.6675E-03   
1.3228E-02   -2.3785E-03   
1.1909E-02   -3.0043E-03   
9.7669E-03   -4.0871E-03   
7.7300E-03   -5.1530E-03   
6.0162E-03   -6.5184E-03   
7.0714E-03   -5.8737E-03   
1.3869E-02   -2.0899E-03   
7.4892E-03   -5.4420E-03   
1.4580E-02   -1.9753E-03   
8.7529E-03   -4.5625E-03   
1.0485E-02   -3.7163E-03   
9.5678E-03   -6.5907E-03   
8.9240E-03   -6.2238E-03   
1.5330E-02   -2.0975E-03   
8.4378E-03   -6.2248E-03   
7.1553E-03   -5.9912E-03   
7.6333E-03   -6.0829E-03   
7.5480E-03   -6.2628E-03   
9.4686E-03   -6.2629E-03   
1.0274E-02   -7.0164E-03   
1.9622E-02   -2.1564E-03   
2.4121E-02   -2.1603E-03   
1.7973E-02   -2.3545E-03   
1.3961E-02   -2.3230E-03   
1.6672E-02   -2.2858E-03   
2.0459E-02   -2.2410E-03   
1.0786E-02   -8.2360E-03   
8.8733E-03   -8.8266E-03   
1.7331E-02   -2.3065E-03   
2.1990E-02   -1.7560E-03   
1.1189E-02   -7.8139E-03   
1.0159E-02   -7.6252E-03   
2.3292E-02   -2.5310E-03   
2.1266E-02   -2.7301E-03   
1.2996E-02   -2.5588E-03   
1.2363E-02   -2.8639E-03   
1.4354E-02   -1.9512E-03   
7.6545E-03   -5.4960E-03   
1.4408E-02   -1.8518E-03   
1.3636E-02   -2.2645E-03   
1.1667E-02   -3.2090E-03   
7.9708E-03   -5.1078E-03   
1.0160E-02   -3.9651E-03   
1.0909E-02   -3.5857E-03   
9.7616E-03   -5.8727E-03   
9.2456E-03   -5.8729E-03   
8.3785E-03   -4.8175E-03   
7.7309E-03   -5.7715E-03   
7.7199E-03   -5.6271E-03   
8.1218E-03   -5.7294E-03   
9.0625E-03   -4.4576E-03   
1.5740E-02   -2.1668E-03   
1.3462E-02   -2.6740E-03   
1.6435E-02   -2.6070E-03   
8.2519E-03   -5.8994E-03   
1.5889E-02   -2.3789E-03   
1.1028E-02   -7.3033E-03   
1.8616E-02   -2.4248E-03   
1.1061E-02   -6.5452E-03   
8.6940E-03   -8.1395E-03   
1.1851E-02   -7.8693E-03   
1.4712E-02   -2.4505E-03   
1.7040E-02   -2.6428E-03   
1.0467E-02   -6.0496E-03   
1.1641E-02   -7.3919E-03   
1.0294E-02   -8.6860E-03   
2.1605E-02   -2.9596E-03   
2.4382E-02   -2.4499E-03   
1.2819E-02   -2.7191E-03   
1.3409E-02   -2.4520E-03   
9.4305E-03   -4.3453E-03   
8.3097E-03   -5.4400E-03   
1.0598E-02   -3.8475E-03   
9.1061E-03   -5.5239E-03   
8.3127E-03   -5.0560E-03   
1.3758E-02   -2.7440E-03   
8.6993E-03   -4.7315E-03   
8.4452E-03   -5.1777E-03   
1.6344E-02   -1.9280E-03   
1.1402E-02   -3.4549E-03   
1.3985E-02   -2.1871E-03   
9.5804E-03   -5.5079E-03   
1.6138E-02   -2.9474E-03   
1.0091E-02   -5.5004E-03   
1.5927E-02   -2.5909E-03   
7.8686E-03   -8.4038E-03   
1.2729E-02   -7.8669E-03   
1.7645E-02   -2.7044E-03   
9.2100E-03   -8.9865E-03   
1.1656E-02   -5.7180E-03   
1.1353E-02   -6.8399E-03   
1.4969E-02   -2.5953E-03   
1.9276E-02   -2.5175E-03   
1.0905E-02   -8.8214E-03   
1.1866E-02   -6.0398E-03   
1.2119E-02   -6.9361E-03   
1.1492E-02   -8.3159E-03   
2.0532E-02   -3.1069E-03   
1.0280E-02   -5.8563E-03   
2.5539E-02   -2.3398E-03   
9.8490E-03   -4.2284E-03   
9.9305E-03   -5.1258E-03   
1.2279E-02   -3.0253E-03   
9.1220E-03   -4.6111E-03   
1.2840E-02   -3.0573E-03   
1.0619E-02   -5.5106E-03   
8.7540E-03   -5.5248E-03   
1.7288E-02   -3.0732E-03   
1.1052E-02   -3.7514E-03   
1.0431E-02   -5.1155E-03   
8.9318E-03   -4.8207E-03   
1.4019E-02   -2.8685E-03   
1.6705E-02   -3.0022E-03   
1.3107E-02   -2.6829E-03   
8.8674E-03   -5.2991E-03   
1.5173E-02   -2.7745E-03   
9.6042E-03   -7.3900E-03   
1.1110E-02   -5.5802E-03   
1.2138E-02   -6.2977E-03   
1.2602E-02   -6.4640E-03   
1.2848E-02   -7.0655E-03   
1.3886E-02   -7.3804E-03   
2.0910E-02   -3.3825E-03   
1.0203E-02   -9.3157E-03   
1.8861E-02   -2.8919E-03   
2.6328E-02   -1.9953E-03   
1.0281E-02   -4.1289E-03   
9.5602E-03   -4.4939E-03   
1.1961E-02   -3.3433E-03   
1.0777E-02   -4.7274E-03   
1.3073E-02   -3.1736E-03   
1.5466E-02   -2.9474E-03   
1.4271E-02   -3.0184E-03   
1.0973E-02   -5.1115E-03   
1.6364E-02   -3.3774E-03   
1.5799E-02   -3.3110E-03   
1.9520E-02   -3.2179E-03   
1.7889E-02   -3.1672E-03   
1.3697E-02   -6.0975E-03   
1.2913E-02   -5.8247E-03   
9.4224E-03   -5.1758E-03   
1.9861E-02   -2.6578E-03   
2.2535E-02   -2.8155E-03   
1.9815E-02   -3.8856E-03   
1.3938E-02   -6.9990E-03   
1.3920E-02   -7.7707E-03   
1.4087E-02   -6.6015E-03   
1.2142E-02   -5.2036E-03   
1.1436E-02   -9.0204E-03   
2.6636E-02   -2.2342E-03   
9.9605E-03   -4.4252E-03   
1.2728E-02   -2.9512E-03   
9.5944E-03   -4.8884E-03   
1.1402E-02   -3.7217E-03   
1.5346E-02   -3.7667E-03   
1.2083E-02   -3.5235E-03   
1.0703E-02   -4.0630E-03   
1.3326E-02   -3.3169E-03   
1.1311E-02   -4.7074E-03   
1.4684E-02   -3.3788E-03   
1.1921E-02   -4.6951E-03   
1.4888E-02   -3.5847E-03   
2.0252E-02   -2.8590E-03   
1.6951E-02   -3.4474E-03   
1.8546E-02   -3.2882E-03   
2.3328E-02   -2.8643E-03   
1.2704E-02   -5.5573E-03   
1.9409E-02   -2.9798E-03   
1.2650E-02   -5.2845E-03   
1.8731E-02   -3.5873E-03   
1.0309E-02   -4.7049E-03   
1.2681E-02   -4.6816E-03   
1.4437E-02   -6.1633E-03   
1.8784E-02   -3.9096E-03   
2.0935E-02   -3.6946E-03   
1.3075E-02   -6.0623E-03   
1.4884E-02   -6.5988E-03   
1.4776E-02   -7.2992E-03   
1.0627E-02   -9.4822E-03   
1.0344E-02   -4.4211E-03   
1.2236E-02   -4.2768E-03   
1.1213E-02   -3.9657E-03   
1.2413E-02   -3.6178E-03   
1.3471E-02   -5.1146E-03   
1.1620E-02   -4.3251E-03   
1.4264E-02   -4.0265E-03   
1.6157E-02   -3.6991E-03   
1.5794E-02   -7.0330E-03   
1.7893E-02   -3.9554E-03   
9.2520E-03   -4.7755E-03   
1.3299E-02   -4.8217E-03   
1.7503E-02   -3.5514E-03   
1.3639E-02   -3.4475E-03   
1.3896E-02   -3.8364E-03   
1.4848E-02   -5.7104E-03   
1.0354E-02   -9.8668E-03   
1.5226E-02   -6.2142E-03   
1.8719E-02   -4.2213E-03   
2.1667E-02   -3.4301E-03   
1.4532E-02   -3.1763E-03   
9.0092E-03   -5.0460E-03   
1.1100E-02   -4.3997E-03   
1.2886E-02   -4.2622E-03   
1.1741E-02   -4.0388E-03   
1.6557E-02   -3.8346E-03   
1.3195E-02   -3.8609E-03   
1.3622E-02   -4.4195E-03   
1.1698E-02   -3.8707E-03   
1.7983E-02   -4.6202E-03   
1.1059E-02   -4.2303E-03   
2.2584E-02   -3.2905E-03   
1.7837E-02   -4.3071E-03   
1.4047E-02   -5.6251E-03   
1.3465E-02   -4.2442E-03   
1.6501E-02   -6.5629E-03   
9.1854E-03   -1.0296E-02   
1.3986E-02   -3.5361E-03   
1.4750E-02   -5.1019E-03   
1.5579E-02   -4.0732E-03   
1.6020E-02   -4.3090E-03   
1.5371E-02   -5.2216E-03   
1.8306E-02   -4.8997E-03   
1.4106E-02   -4.7427E-03   
1.6083E-02   -6.2873E-03   
1.6874E-02   -6.7711E-03   
1.5825E-02   -4.7493E-03   
1.4360E-02   -4.9262E-03   
1.7872E-02   -6.7380E-03   
1.6021E-02   -5.3539E-03   
1.7961E-02   -3.6624E-03   
1.9558E-02   -4.6593E-03   
1.7148E-02   -5.0939E-03   
1.4947E-02   -4.5160E-03   
1.6904E-02   -4.3423E-03   
1.5556E-02   -5.7944E-03   
1.7367E-02   -5.3895E-03   
2.0520E-02   -4.1100E-03   
1.8932E-02   -6.2073E-03   
1.6483E-02   -5.4917E-03   
1.5179E-02   -4.7194E-03   
1.7321E-02   -5.7743E-03   
1.8304E-02   -5.7592E-03   
1.9569E-02   -5.3284E-03   
2.0024E-02   -4.8747E-03   
1.9217E-02   -5.7957E-03   
9.4319E-04   -1.2237E-02   
1.7216E-02   -6.1314E-03   
1.6232E-02   -7.2670E-03   
2.8295E-02   -1.0230E-03   
2.1277E-03   -1.0267E-02   
3.0870E-02   -1.5258E-04   
2.7744E-02   -2.1248E-03   
1.7136E-03   -1.2378E-02   
8.2006E-03   -1.0321E-02   
1.9337E-02   -6.4403E-03   
2.8772E-02   -5.4487E-04   
2.6189E-03   -1.2271E-02   
9.2106E-03   -9.5435E-03   
3.7191E-03   -1.2117E-02   
4.8429E-03   -1.1950E-02   
5.9647E-03   -1.1749E-02   
7.1222E-03   -1.1519E-02   
3.1858E-02   -1.3961E-04   
8.3041E-03   -1.1266E-02   
9.5440E-03   -1.0975E-02   
2.7025E-02   -1.7332E-03   
1.0822E-02   -1.0674E-02   
3.2875E-02   -1.3457E-04   
1.2120E-02   -1.0358E-02   
1.3456E-02   -1.0029E-02   
2.0692E-02   -4.4603E-03   
1.4963E-02   -9.6359E-03   
3.3946E-02   -1.2480E-04   
2.3555E-02   -2.0439E-03   
1.6167E-02   -9.4523E-03   
1.2079E-02   -7.5199E-03   
6.2377E-03   -1.0906E-02   
2.7221E-02   -1.5109E-03   
1.7570E-02   -8.9979E-03   
1.9145E-02   -8.6759E-03   
3.5050E-02   -1.1049E-04   
2.0613E-02   -8.3459E-03   
1.2781E-02   -8.7187E-03   
2.2244E-02   -7.9456E-03   
2.3515E-02   -7.7601E-03   
3.6194E-02   -9.5993E-05   
2.4988E-02   -7.2950E-03   
2.6650E-02   -6.9021E-03   
2.7540E-03   -1.1659E-02   
2.8209E-02   -6.4802E-03   
3.7514E-02   -8.6781E-05   
2.9169E-02   -3.3987E-04   
1.3657E-02   -8.2098E-03   
2.9897E-02   -5.9483E-03   
3.1508E-02   -5.4700E-03   
2.5883E-02   -2.5393E-03   
3.8982E-02   -4.7066E-05   
2.3606E-02   -3.1274E-03   
2.1737E-02   -3.6833E-03   
3.4679E-02   -4.2868E-03   
4.0560E-02   -6.8056E-04   
4.0850E-02   -6.7828E-04   
4.0693E-02   -1.9319E-04   
4.0815E-02   -8.0737E-05   
4.0599E-02   -4.3243E-04   
1.1141E-02   -9.9313E-03   
3.8226E-02   -2.4818E-03   
3.1904E-03   -1.1887E-02   
2.4405E-02   -3.1844E-03   
2.2986E-02   -3.5623E-03   
5.6112E-03   -1.1288E-02   
2.1537E-02   -4.4439E-03   
7.2456E-03   -1.0716E-02   
2.9058E-02   -8.6122E-04   
2.0314E-02   -5.3977E-03   
2.8509E-02   -1.7905E-03   
8.0429E-03   -1.0736E-02   
1.4311E-02   -8.3664E-03   
5.5198E-03   -1.1569E-02   
1.5822E-02   -7.7917E-03   
7.8488E-03   -1.1097E-02   
2.5628E-02   -2.8490E-03   
2.7749E-02   -6.2292E-03   
2.0187E-02   -8.0893E-03   
1.0381E-02   -1.0454E-02   
1.3155E-02   -8.9597E-03   
1.2997E-02   -9.8103E-03   
1.2686E-02   -9.4882E-03   
3.3373E-02   -2.6227E-04   
2.0739E-02   -6.1582E-03   
2.9640E-02   -4.8732E-04   
2.8088E-02   -2.3211E-03   
3.1406E-02   -2.7172E-04   
3.7351E-02   -1.8730E-04   
1.8425E-02   -6.9528E-03   
2.2753E-02   -7.4545E-03   
2.7670E-02   -1.1537E-03   
2.8061E-02   -1.5686E-03   
2.0786E-02   -4.6709E-03   
1.5116E-02   -7.4335E-03   
3.9867E-02   -1.8837E-05   
3.3155E-02   -4.8819E-03   
1.5374E-02   -9.1708E-03   
3.0269E-02   -5.4656E-03   
4.0899E-02   -4.5981E-04   
4.1084E-02   -4.2330E-05   
4.1023E-02   -1.1871E-04   
4.0944E-02   -2.7788E-04   
2.5156E-02   -6.8234E-03   
1.7676E-02   -8.5089E-03   
3.5551E-02   -2.0723E-04   
3.6102E-02   -3.1166E-03   
3.9153E-02   -1.3726E-04   
3.8041E-02   -2.2669E-03   
3.8897E-02   -9.9550E-04   
3.9335E-02   -1.9167E-04   
3.9138E-02   -4.2865E-04   
3.8653E-02   -1.5492E-03   
2.5412E-02   -3.2215E-03   
1.9872E-02   -7.8163E-03   
2.9369E-02   -6.6850E-04   
3.0376E-02   -5.6029E-04   
3.2774E-02   -4.1791E-04   
3.5611E-03   -1.1576E-02   
1.7993E-02   -7.4660E-03   
2.2755E-02   -4.0444E-03   
1.3828E-02   -9.3344E-03   
2.9246E-02   -1.0578E-03   
3.4931E-02   -3.4140E-04   
3.2623E-02   -4.7478E-03   
1.0024E-02   -1.0260E-02   
1.8796E-02   -8.0439E-03   
1.4953E-02   -9.0089E-03   
2.2429E-02   -7.2322E-03   
1.6672E-02   -7.7805E-03   
2.6633E-02   -6.2603E-03   
2.1591E-02   -5.1545E-03   
1.6394E-02   -8.6244E-03   
2.7732E-02   -2.6732E-03   
2.8875E-02   -2.0090E-03   
2.3912E-02   -6.9057E-03   
2.1780E-02   -5.5669E-03   
3.6172E-02   -2.9038E-04   
2.1167E-02   -6.4638E-03   
3.3850E-02   -3.7849E-04   
1.5569E-02   -8.2424E-03   
2.8904E-02   -1.3144E-03   
2.1132E-02   -7.5311E-03   
2.2412E-02   -4.5652E-03   
3.1527E-02   -4.4836E-04   
2.9240E-02   -1.4845E-03   
3.7293E-02   -1.5168E-03   
3.7910E-02   -3.2957E-04   
3.7682E-02   -6.9103E-04   
3.8131E-02   -1.9160E-04   
2.6474E-02   -2.8853E-03   
3.4069E-02   -3.9335E-03   
3.6421E-02   -2.5835E-03   
3.9066E-02   -3.5536E-04   
3.8736E-02   -1.3270E-03   
3.8776E-02   -6.8869E-04   
3.8616E-02   -8.3236E-04   
2.0748E-02   -7.2781E-03   
1.5589E-02   -8.5651E-03   
3.5330E-02   -4.4034E-04   
3.1440E-02   -4.9926E-03   
1.8035E-02   -7.9547E-03   
2.2116E-02   -5.8961E-03   
2.0302E-02   -7.0385E-03   
3.0060E-02   -1.8759E-03   
3.1093E-02   -6.4859E-04   
2.5507E-02   -6.3248E-03   
3.3304E-02   -5.2003E-04   
3.7548E-02   -9.2919E-04   
3.8027E-02   -4.7736E-04   
3.0376E-02   -1.3708E-03   
2.5208E-02   -3.6242E-03   
3.0310E-02   -9.8806E-04   
2.3850E-02   -4.0682E-03   
3.7217E-02   -1.2219E-03   
3.4548E-02   -3.2507E-03   
2.8746E-02   -2.6365E-03   
2.8151E-02   -5.6797E-03   
2.2829E-02   -5.0452E-03   
1.9092E-02   -7.3726E-03   
2.3337E-02   -6.6857E-03   
2.7974E-02   -2.9189E-03   
3.7270E-02   -2.9388E-04   
3.3785E-02   -3.7602E-03   
3.6633E-02   -2.0469E-03   
2.5783E-02   -5.7981E-03   
2.4225E-02   -4.8422E-03   
2.7781E-02   -3.2585E-03   
2.9903E-02   -2.4522E-03   
2.4249E-02   -6.1371E-03   
2.1611E-02   -6.7315E-03   
3.5713E-02   -5.2443E-04   
3.2982E-02   -3.8343E-03   
3.3400E-02   -6.8701E-04   
3.4666E-02   -6.0294E-04   
2.2925E-02   -6.4375E-03   
3.1089E-02   -1.0761E-03   
3.1178E-02   -8.2934E-04   
3.0811E-02   -1.5508E-03   
2.2626E-02   -4.8224E-03   
2.3379E-02   -5.6592E-03   
3.0533E-02   -2.0556E-03   
2.8524E-02   -5.2010E-03   
2.6295E-02   -3.6363E-03   
2.4991E-02   -4.0436E-03   
2.4108E-02   -5.2331E-03   
2.9009E-02   -3.0638E-03   
2.9784E-02   -2.7553E-03   
2.9282E-02   -5.5670E-03   
3.1257E-02   -1.7167E-03   
2.3802E-02   -5.9009E-03   
3.6745E-02   -4.3709E-04   
3.2179E-02   -8.6120E-04   
3.1514E-02   -1.2688E-03   
3.1331E-02   -4.4323E-03   
3.3030E-02   -9.1693E-04   
2.4922E-02   -4.3784E-03   
2.7119E-02   -3.6827E-03   
3.0052E-02   -2.9741E-03   
2.4595E-02   -5.3952E-03   
3.2721E-02   -1.1475E-03   
3.3720E-02   -3.2790E-03   
3.1051E-02   -2.1633E-03   
3.2440E-02   -1.5485E-03   
3.0742E-02   -4.9943E-03   
3.5184E-02   -6.8496E-04   
2.5712E-02   -4.4412E-03   
2.7059E-02   -4.0045E-03   
3.7203E-02   -5.0354E-04   
3.2084E-02   -2.0112E-03   
3.5859E-02   -7.4000E-04   
2.5901E-02   -5.0704E-03   
3.2954E-02   -1.3085E-03   
3.4582E-02   -8.7959E-04   
3.2880E-02   -1.6706E-03   
2.8231E-02   -3.9240E-03   
3.3644E-02   -9.6666E-04   
2.9602E-02   -3.4421E-03   
3.1602E-02   -2.6214E-03   
3.3839E-02   -1.3221E-03   
3.2126E-02   -2.8098E-03   
2.6357E-02   -5.2669E-03   
3.0693E-02   -3.3670E-03   
2.6793E-02   -4.4849E-03   
2.9313E-02   -3.8684E-03   
3.4874E-02   -1.0002E-03   
3.7045E-02   -6.7374E-04   
3.3011E-02   -2.7858E-03   
3.1832E-02   -3.2378E-03   
3.5214E-02   -1.1100E-03   
2.7277E-02   -4.7654E-03   
2.8811E-02   -4.3772E-03   
3.4617E-02   -1.3369E-03   
3.4321E-02   -2.4747E-03   
3.1727E-02   -3.6106E-03   
3.6408E-02   -9.1282E-04   
3.4572E-02   -1.5127E-03   
3.4246E-02   -2.8052E-03   
3.6947E-02   -9.5237E-04   
3.2964E-02   -3.3141E-03   
3.3320E-02   -1.7868E-03   
3.2525E-02   -2.1639E-03   
3.3109E-02   -2.2827E-03   
3.4572E-02   -1.9158E-03   
