51 
1844 
5.5448E-03   -6.1324E-03   
1.0546E-02   -5.1912E-03   
1.4508E-02   -3.7475E-03   
1.7052E-02   -1.9570E-03   
3.2196E-37   -6.4272E-03   
1.7910E-02   -1.6468E-37   
1.8311E-02   -7.8570E-35   
1.8967E-02   -7.4156E-37   
2.0407E-02   3.2765E-35   
2.1711E-02   4.8160E-35   
2.3369E-02   1.0229E-34   
2.5391E-02   1.4103E-34   
2.6947E-02   1.7072E-34   
2.9595E-02   2.5966E-34   
3.1567E-02   3.1488E-34   
3.3701E-02   2.7582E-34   
3.4826E-02   4.2751E-34   
3.7188E-02   6.3358E-34   
3.9694E-02   9.2246E-34   
4.1000E-02   -8.0506E-30   
4.1000E-02   -5.2983E-34   
4.1000E-02   -5.2983E-34   
4.1000E-02   -5.2983E-34   
4.1000E-02   -5.2983E-34   
4.1000E-02   -5.2983E-34   
4.1000E-02   -5.2983E-34   
4.1000E-02   -5.2983E-34   
4.1000E-02   -5.2983E-34   
4.1000E-02   -5.2983E-34   
4.1000E-02   -5.2983E-34   
4.1000E-02   -5.2983E-34   
4.1000E-02   -5.2983E-34   
3.8520E-02   -1.7748E-03   
3.4480E-02   -4.0499E-03   
3.2775E-02   -4.8325E-03   
3.1148E-02   -5.4782E-03   
2.8015E-02   -6.5177E-03   
2.6488E-02   -6.9528E-03   
2.3486E-02   -7.7188E-03   
2.2011E-02   -8.0692E-03   
1.9108E-02   -8.7362E-03   
1.6285E-02   -9.3816E-03   
1.4910E-02   -9.7024E-03   
1.2246E-02   -1.0332E-02   
9.7152E-03   -1.0932E-02   
8.5037E-03   -1.1212E-02   
6.1916E-03   -1.1710E-02   
4.0185E-03   -1.2091E-02   
1.9642E-03   -1.2327E-02   
4.4720E-37   -1.2399E-02   
9.2372E-34   -1.1746E-02   
9.7200E-34   -1.1124E-02   
9.1583E-34   -1.0298E-02   
8.6823E-34   -9.8230E-03   
7.6441E-34   -9.0495E-03   
6.9732E-34   -8.6089E-03   
6.2813E-34   -8.1793E-03   
5.7080E-34   -7.8324E-03   
5.5835E-34   -7.5286E-03   
4.2038E-03   -6.5467E-03   
3.9394E-02   -1.5706E-04   
3.7710E-02   -3.2829E-04   
3.5275E-02   -5.6752E-04   
3.3279E-02   -7.7185E-04   
3.1347E-02   -1.0263E-03   
2.9169E-02   -1.1780E-03   
2.7385E-02   -1.2401E-03   
2.5181E-02   -1.4308E-03   
2.2995E-02   -1.5486E-03   
2.0819E-02   -1.6519E-03   
1.8661E-02   -1.7441E-03   
1.6414E-02   -1.8916E-03   
1.4103E-02   -2.2657E-03   
1.0944E-02   -3.2695E-03   
7.7248E-03   -4.8348E-03   
1.1463E-02   -3.8093E-03   
1.3667E-02   -1.8958E-03   
1.5804E-02   -1.2014E-03   
1.7826E-02   -1.0171E-03   
1.9769E-02   -9.9210E-04   
2.1617E-02   -1.0014E-03   
2.3727E-02   -9.1884E-04   
2.5690E-02   -8.5225E-04   
2.7518E-02   -7.6627E-04   
2.9405E-02   -7.7151E-04   
3.1458E-02   -6.1128E-04   
3.3433E-02   -4.8216E-04   
3.5365E-02   -3.8822E-04   
3.7411E-02   -2.2563E-04   
3.9187E-02   -9.5170E-05   
1.6773E-02   -8.4756E-04   
1.7805E-02   -4.0103E-04   
1.8980E-02   -3.7706E-04   
2.0609E-02   -3.8716E-04   
2.2168E-02   -3.9423E-04   
2.4089E-02   -4.1529E-04   
2.5805E-02   -4.2638E-04   
2.7511E-02   -4.1702E-04   
2.9705E-02   -3.3527E-04   
3.1541E-02   -2.7107E-04   
3.3619E-02   -2.3280E-04   
3.5660E-02   -1.6804E-04   
3.7655E-02   -1.1028E-04   
3.9487E-02   -3.6008E-05   
3.9092E-02   -2.4393E-04   
3.7271E-02   -5.1451E-04   
3.5039E-02   -8.6329E-04   
3.2978E-02   -1.0789E-03   
3.1195E-02   -1.3868E-03   
2.8956E-02   -1.6345E-03   
2.6748E-02   -1.8581E-03   
2.4654E-02   -2.0321E-03   
2.2478E-02   -2.2440E-03   
2.0437E-02   -2.4288E-03   
1.7820E-02   -2.7190E-03   
1.5025E-02   -3.1480E-03   
1.2282E-02   -3.7389E-03   
9.4077E-03   -4.5916E-03   
6.1940E-03   -5.9089E-03   
3.0812E-03   -7.1702E-03   
3.8977E-02   -3.6175E-04   
3.7429E-02   -6.5720E-04   
3.4776E-02   -1.1706E-03   
3.3037E-02   -1.4925E-03   
3.0960E-02   -1.8142E-03   
2.8463E-02   -2.2290E-03   
2.6254E-02   -2.4559E-03   
2.4110E-02   -2.6957E-03   
2.1590E-02   -3.0444E-03   
1.9230E-02   -3.4290E-03   
1.6728E-02   -3.8464E-03   
1.4101E-02   -4.2324E-03   
1.1278E-02   -5.0123E-03   
8.5281E-03   -5.7530E-03   
5.5430E-03   -6.8058E-03   
2.6418E-03   -7.7223E-03   
3.9543E-02   -3.1624E-04   
3.6737E-02   -9.8787E-04   
3.5139E-02   -1.3370E-03   
3.3191E-02   -1.7989E-03   
3.0282E-02   -2.3871E-03   
2.8212E-02   -2.7790E-03   
2.6060E-02   -3.0999E-03   
2.3515E-02   -3.5263E-03   
2.1196E-02   -3.9434E-03   
1.8693E-02   -4.2926E-03   
1.6334E-02   -4.6975E-03   
1.3378E-02   -5.2339E-03   
1.0512E-02   -6.1370E-03   
7.8370E-03   -6.7839E-03   
5.3256E-03   -7.5995E-03   
2.6187E-03   -8.2481E-03   
3.8645E-02   -6.4680E-04   
3.7000E-02   -1.1385E-03   
3.5009E-02   -1.7264E-03   
3.3003E-02   -2.2927E-03   
3.0094E-02   -2.9709E-03   
2.7757E-02   -3.3945E-03   
2.5383E-02   -3.9377E-03   
2.3109E-02   -4.4269E-03   
2.0394E-02   -4.7957E-03   
1.8187E-02   -5.1190E-03   
1.5941E-02   -5.6919E-03   
1.2961E-02   -6.3975E-03   
1.0052E-02   -7.1406E-03   
7.5084E-03   -7.7748E-03   
4.8025E-03   -8.4263E-03   
2.5082E-03   -8.8433E-03   
3.9142E-02   -6.8448E-04   
3.6906E-02   -1.5087E-03   
3.5075E-02   -2.0705E-03   
3.2207E-02   -2.9720E-03   
2.9682E-02   -3.7254E-03   
2.7428E-02   -4.1811E-03   
2.4632E-02   -4.7911E-03   
2.2536E-02   -5.2360E-03   
1.9816E-02   -5.6693E-03   
1.7444E-02   -6.1282E-03   
1.4758E-02   -6.7194E-03   
1.2567E-02   -7.2733E-03   
9.9294E-03   -7.9526E-03   
7.3146E-03   -8.5648E-03   
4.7779E-03   -9.1242E-03   
2.2463E-03   -9.5258E-03   
3.8826E-02   -9.2283E-04   
3.6375E-02   -1.9211E-03   
3.4663E-02   -2.5365E-03   
3.1335E-02   -3.7383E-03   
2.9320E-02   -4.3299E-03   
2.7029E-02   -4.9737E-03   
2.4517E-02   -5.4670E-03   
2.1980E-02   -6.0270E-03   
1.9167E-02   -6.6601E-03   
1.6815E-02   -7.1426E-03   
1.4507E-02   -7.6155E-03   
1.2104E-02   -8.1962E-03   
9.4612E-03   -8.9328E-03   
7.2115E-03   -9.3576E-03   
4.6649E-03   -9.8846E-03   
2.3154E-03   -1.0191E-02   
3.9013E-02   -1.0972E-03   
3.6915E-02   -2.1163E-03   
3.4098E-02   -3.2722E-03   
3.1635E-02   -4.2992E-03   
2.8968E-02   -4.9356E-03   
2.6393E-02   -5.6028E-03   
2.3943E-02   -6.2350E-03   
2.1488E-02   -6.8231E-03   
1.9034E-02   -7.3978E-03   
1.6336E-02   -7.9031E-03   
1.3950E-02   -8.6423E-03   
1.1448E-02   -9.1382E-03   
9.1974E-03   -9.5974E-03   
6.8577E-03   -1.0146E-02   
4.4481E-03   -1.0642E-02   
2.4718E-03   -1.0842E-02   
3.8435E-02   -1.6646E-03   
3.5871E-02   -3.1390E-03   
3.3738E-02   -3.9798E-03   
3.0408E-02   -5.2037E-03   
2.8396E-02   -5.7982E-03   
2.5600E-02   -6.5518E-03   
2.3175E-02   -7.1986E-03   
2.1015E-02   -7.5933E-03   
1.8414E-02   -8.1664E-03   
1.5959E-02   -8.8563E-03   
1.3899E-02   -9.2787E-03   
1.1405E-02   -9.8866E-03   
8.8380E-03   -1.0478E-02   
6.5495E-03   -1.0939E-02   
4.3623E-03   -1.1335E-02   
1.9516E-03   -1.1725E-02   
6.9638E-04   -6.4489E-03   
1.4014E-03   -6.4360E-03   
2.1030E-03   -6.4112E-03   
2.8024E-03   -6.3766E-03   
3.4973E-03   -6.3314E-03   
4.1869E-03   -6.2754E-03   
4.8698E-03   -6.2088E-03   
6.2110E-03   -6.0465E-03   
6.8674E-03   -5.9512E-03   
7.5131E-03   -5.8467E-03   
8.1470E-03   -5.7331E-03   
8.7682E-03   -5.6106E-03   
9.3757E-03   -5.4792E-03   
9.9687E-03   -5.3394E-03   
1.1107E-02   -5.0350E-03   
1.1650E-02   -4.8713E-03   
1.2175E-02   -4.7004E-03   
1.2682E-02   -4.5226E-03   
1.3169E-02   -4.3384E-03   
1.3637E-02   -4.1472E-03   
1.4083E-02   -3.9501E-03   
1.4910E-02   -3.5396E-03   
1.5289E-02   -3.3265E-03   
1.5645E-02   -3.1085E-03   
1.5977E-02   -2.8859E-03   
1.6283E-02   -2.6591E-03   
1.6565E-02   -2.4285E-03   
1.6821E-02   -2.1944E-03   
1.7256E-02   -1.7166E-03   
1.7433E-02   -1.4734E-03   
1.7583E-02   -1.2271E-03   
1.7695E-02   -9.7874E-04   
1.7808E-02   -7.3491E-04   
1.7860E-02   -4.9346E-04   
1.7913E-02   -2.3958E-04   
1.8028E-02   -3.8978E-34   
1.8093E-02   -3.6267E-34   
1.8145E-02   -2.6814E-34   
1.8194E-02   -1.4167E-34   
1.8247E-02   -1.0613E-34   
1.8392E-02   -5.6191E-35   
1.8495E-02   -3.7975E-35   
1.8624E-02   -2.3130E-35   
1.8780E-02   -1.0920E-35   
1.9186E-02   7.7774E-36   
1.9438E-02   1.4945E-35   
1.9725E-02   2.1178E-35   
2.0048E-02   2.6993E-35   
2.0804E-02   3.7976E-35   
2.1238E-02   4.3138E-35   
2.2224E-02   5.3738E-35   
2.2776E-02   5.9468E-35   
2.4002E-02   1.0773E-34   
2.4676E-02   8.0945E-35   
2.6148E-02   1.5254E-34   
2.7788E-02   1.9751E-34   
2.8671E-02   2.2298E-34   
3.0561E-02   2.6873E-34   
3.2614E-02   3.5924E-34   
3.5989E-02   5.3686E-34   
3.8423E-02   5.6202E-34   
4.1000E-02   -5.2983E-34   
4.1000E-02   -5.2983E-34   
4.1000E-02   -5.2983E-34   
4.1000E-02   -5.2983E-34   
4.1000E-02   -5.2983E-34   
3.6316E-02   -3.1115E-03   
2.9568E-02   -6.0326E-03   
2.4979E-02   -7.3491E-03   
2.0550E-02   -8.4071E-03   
1.7686E-02   -9.0606E-03   
1.3563E-02   -1.0019E-02   
1.0963E-02   -1.0638E-02   
7.3291E-03   -1.1472E-02   
5.0886E-03   -1.1916E-02   
2.9773E-03   -1.2228E-02   
9.7595E-04   -1.2389E-02   
6.8408E-34   -1.2073E-02   
9.6078E-34   -1.1429E-02   
9.4159E-34   -1.0833E-02   
1.3719E-33   -1.0558E-02   
1.3849E-33   -1.0053E-02   
8.4810E-34   -9.6082E-03   
8.2509E-34   -9.4079E-03   
7.9339E-34   -9.2219E-03   
7.4042E-34   -8.8902E-03   
7.1795E-34   -8.7435E-03   
6.7987E-34   -8.4858E-03   
6.6268E-34   -8.3736E-03   
6.4455E-34   -8.2717E-03   
6.1380E-34   -8.0957E-03   
6.0081E-34   -8.0200E-03   
5.8924E-34   -7.9516E-03   
5.7921E-34   -7.8894E-03   
5.6403E-34   -7.7795E-03   
5.5894E-34   -7.7295E-03   
5.5568E-34   -7.6810E-03   
5.5444E-34   -7.6325E-03   
5.5532E-34   -7.5823E-03   
5.6338E-34   -7.4694E-03   
5.7011E-34   -7.4022E-03   
5.7951E-34   -7.3246E-03   
5.9206E-34   -7.2341E-03   
6.1174E-34   -7.1283E-03   
9.6436E-34   -6.9998E-03   
9.7208E-34   -6.8500E-03   
7.9771E-34   -6.6518E-03   
7.5072E-03   -5.7829E-03   
1.1588E-02   -4.5948E-03   
1.3115E-02   -3.9944E-03   
8.7309E-03   -5.4822E-03   
1.6631E-02   -2.0629E-03   
5.6083E-03   -6.1601E-03   
2.3148E-03   -6.5599E-03   
1.5673E-02   -2.7175E-03   
1.7528E-02   -1.1844E-03   
1.4496E-02   -3.3652E-03   
9.9133E-03   -5.1477E-03   
1.7136E-02   -1.6247E-03   
1.0487E-02   -4.9698E-03   
4.9618E-03   -6.2641E-03   
1.4059E-02   -3.5781E-03   
1.6018E-02   -2.4998E-03   
1.7962E-02   -3.3124E-04   
8.9131E-04   -6.6347E-03   
4.3097E-03   -6.3566E-03   
1.2111E-02   -4.3988E-03   
1.2616E-02   -4.1980E-03   
1.6898E-02   -1.8440E-03   
2.9875E-03   -6.5046E-03   
1.7683E-02   -9.6070E-04   
1.6136E-03   -6.6071E-03   
3.6522E-03   -6.4370E-03   
1.6338E-02   -2.2816E-03   
1.7346E-02   -1.4048E-03   
6.2490E-03   -6.0448E-03   
1.5304E-02   -2.9346E-03   
1.4911E-02   -3.1508E-03   
9.3281E-03   -5.3189E-03   
6.8824E-03   -5.9190E-03   
8.1241E-03   -5.6372E-03   
1.1046E-02   -4.7855E-03   
1.3598E-02   -3.7879E-03   
5.1540E-04   -7.0574E-03   
4.9021E-04   -7.1737E-03   
4.7213E-04   -7.2720E-03   
4.5545E-04   -7.3558E-03   
4.4250E-04   -7.4274E-03   
4.3456E-04   -7.4898E-03   
4.3020E-04   -7.5455E-03   
4.2837E-04   -7.5968E-03   
4.2856E-04   -7.6456E-03   
1.8096E-02   -1.5960E-04   
4.3060E-04   -7.6937E-03   
1.8143E-02   -1.2596E-04   
4.3443E-04   -7.7427E-03   
1.8191E-02   -1.0166E-04   
4.4000E-04   -7.7940E-03   
1.8248E-02   -8.3568E-05   
4.4722E-04   -7.8487E-03   
1.8320E-02   -7.1031E-05   
4.5594E-04   -7.9082E-03   
1.8413E-02   -6.2837E-05   
4.6611E-04   -7.9735E-03   
1.8529E-02   -5.8259E-05   
4.7759E-04   -8.0455E-03   
1.8672E-02   -5.6611E-05   
4.9032E-04   -8.1252E-03   
1.8844E-02   -5.7221E-05   
5.0428E-04   -8.2132E-03   
1.9048E-02   -5.9555E-05   
5.1886E-04   -8.3103E-03   
1.9284E-02   -6.3411E-05   
5.3378E-04   -8.4171E-03   
1.9556E-02   -6.8478E-05   
5.5061E-04   -8.5347E-03   
1.9863E-02   -7.4360E-05   
5.7000E-04   -8.6638E-03   
2.0205E-02   -8.0749E-05   
5.9038E-04   -8.8046E-03   
2.0585E-02   -8.6884E-05   
6.1109E-04   -8.9576E-03   
2.1000E-02   -9.3926E-05   
6.3200E-04   -9.1232E-03   
2.1449E-02   -1.0156E-04   
6.5242E-04   -9.3008E-03   
2.1936E-02   -1.1045E-04   
6.8002E-04   -9.4901E-03   
2.2464E-02   -1.1849E-04   
7.1265E-04   -9.6943E-03   
2.3036E-02   -1.2431E-04   
7.3004E-04   -9.9146E-03   
2.3649E-02   -1.2980E-04   
7.4808E-04   -1.0148E-02   
2.4309E-02   -1.3526E-04   
8.0106E-04   -1.0399E-02   
2.5018E-02   -1.3772E-04   
8.3224E-04   -1.0674E-02   
2.5751E-02   -1.3475E-04   
8.3782E-04   -1.0964E-02   
2.6513E-02   -1.3944E-04   
8.7005E-04   -1.1266E-02   
2.7330E-02   -1.4114E-04   
9.2129E-04   -1.1591E-02   
9.3194E-03   -5.1414E-03   
1.4524E-02   -3.0124E-03   
1.6088E-02   -2.1558E-03   
6.9179E-03   -5.8556E-03   
1.7921E-02   -4.8547E-04   
1.8721E-03   -6.7308E-03   
1.2063E-02   -4.1027E-03   
1.7625E-02   -9.3977E-04   
3.1591E-03   -6.5957E-03   
5.0596E-03   -6.2825E-03   
4.4327E-03   -6.3998E-03   
1.3602E-02   -3.4495E-03   
1.0472E-02   -4.7408E-03   
1.6988E-02   -1.5397E-03   
1.7230E-02   -1.3387E-03   
1.1026E-02   -4.5334E-03   
1.3101E-02   -3.6657E-03   
1.6417E-02   -1.9481E-03   
1.5734E-02   -2.3663E-03   
7.5276E-03   -5.6908E-03   
5.6837E-03   -6.1521E-03   
1.1507E-03   -6.7997E-03   
8.1315E-03   -5.5161E-03   
1.1550E-02   -4.3195E-03   
1.2584E-02   -3.8826E-03   
1.6717E-02   -1.7427E-03   
1.7442E-02   -1.1389E-03   
8.7295E-03   -5.3327E-03   
1.4950E-02   -2.7949E-03   
3.7987E-03   -6.5046E-03   
6.3037E-03   -6.0095E-03   
1.5354E-02   -2.5794E-03   
1.7784E-02   -7.3394E-04   
2.5117E-03   -6.6713E-03   
1.4074E-02   -3.2316E-03   
9.9018E-03   -4.9440E-03   
5.3709E-04   -6.9179E-03   
1.0270E-03   -7.0803E-03   
9.8046E-04   -7.1936E-03   
9.3859E-04   -7.2842E-03   
9.0025E-04   -7.3617E-03   
8.7642E-04   -7.4275E-03   
8.6355E-04   -7.4852E-03   
8.5752E-04   -7.5373E-03   
1.8040E-02   -2.1709E-04   
8.5623E-04   -7.5863E-03   
8.5881E-04   -7.6339E-03   
1.8044E-02   -2.7627E-04   
8.6500E-04   -7.6817E-03   
1.8083E-02   -2.2663E-04   
8.7469E-04   -7.7313E-03   
1.8132E-02   -1.8406E-04   
8.8775E-04   -7.7839E-03   
1.8195E-02   -1.5433E-04   
9.0389E-04   -7.8407E-03   
1.8277E-02   -1.3456E-04   
9.2248E-04   -7.9029E-03   
1.8381E-02   -1.2228E-04   
9.4611E-04   -7.9709E-03   
1.8511E-02   -1.1646E-04   
9.7413E-04   -8.0461E-03   
1.8670E-02   -1.1582E-04   
1.0007E-03   -8.1301E-03   
1.8859E-02   -1.1909E-04   
1.0254E-03   -8.2229E-03   
1.9082E-02   -1.2527E-04   
1.0515E-03   -8.3243E-03   
1.9341E-02   -1.3438E-04   
1.0824E-03   -8.4358E-03   
1.9632E-02   -1.4580E-04   
1.1189E-03   -8.5586E-03   
1.9961E-02   -1.5873E-04   
1.1596E-03   -8.6933E-03   
2.0330E-02   -1.7032E-04   
1.2020E-03   -8.8405E-03   
2.0729E-02   -1.7957E-04   
1.2441E-03   -9.0000E-03   
2.1145E-02   -1.9617E-04   
1.2786E-03   -9.1718E-03   
2.1601E-02   -2.1119E-04   
1.3040E-03   -9.3514E-03   
2.2099E-02   -2.3257E-04   
1.3837E-03   -9.5369E-03   
2.2652E-02   -2.4564E-04   
1.4549E-03   -9.7479E-03   
2.3247E-02   -2.5422E-04   
1.4542E-03   -9.9779E-03   
2.3884E-02   -2.6681E-04   
1.5198E-03   -1.0206E-02   
2.4591E-02   -2.7557E-04   
1.7327E-03   -1.0463E-02   
2.5352E-02   -2.7511E-04   
1.6689E-03   -1.0772E-02   
2.6051E-02   -2.5533E-04   
1.6988E-03   -1.1062E-02   
2.6799E-02   -3.0602E-04   
1.7853E-03   -1.1366E-02   
2.8192E-02   -1.4875E-04   
1.2063E-02   -3.8192E-03   
1.2617E-02   -3.5808E-03   
1.0498E-02   -4.5141E-03   
1.3142E-02   -3.3570E-03   
9.9313E-03   -4.7333E-03   
4.5585E-03   -6.4103E-03   
5.1668E-03   -6.2687E-03   
5.7728E-03   -6.1137E-03   
6.3761E-03   -5.9461E-03   
6.9767E-03   -5.7664E-03   
3.9399E-03   -6.5398E-03   
7.5750E-03   -5.5756E-03   
9.3511E-03   -4.9522E-03   
1.3649E-02   -3.1355E-03   
8.1708E-03   -5.3753E-03   
8.7638E-03   -5.1670E-03   
3.3024E-03   -6.6583E-03   
1.4130E-02   -2.9112E-03   
1.6818E-02   -1.4634E-03   
1.7091E-02   -1.2761E-03   
1.7329E-02   -1.0943E-03   
1.6514E-02   -1.6553E-03   
2.6668E-03   -6.7584E-03   
1.4588E-02   -2.6890E-03   
1.6182E-02   -1.8516E-03   
1.5435E-02   -2.2591E-03   
1.5023E-02   -2.4715E-03   
1.5822E-02   -2.0529E-03   
2.0684E-03   -6.8214E-03   
1.5575E-03   -6.8682E-03   
1.7535E-02   -9.1390E-04   
1.7718E-02   -7.3052E-04   
1.7875E-02   -5.4297E-04   
1.0689E-03   -6.9644E-03   
1.4776E-03   -7.1811E-03   
1.3856E-03   -7.2708E-03   
1.3315E-03   -7.3424E-03   
1.3031E-03   -7.4025E-03   
1.2893E-03   -7.4554E-03   
1.2845E-03   -7.5042E-03   
1.8000E-02   -3.4473E-04   
1.2861E-03   -7.5509E-03   
1.2933E-03   -7.5974E-03   
1.7919E-02   -3.9269E-04   
1.3057E-03   -7.6451E-03   
1.7968E-02   -3.0831E-04   
1.3233E-03   -7.6954E-03   
1.8022E-02   -2.5500E-04   
1.3456E-03   -7.7496E-03   
1.8092E-02   -2.1937E-04   
1.3709E-03   -7.8086E-03   
1.8184E-02   -1.9679E-04   
1.4048E-03   -7.8719E-03   
1.8303E-02   -1.8329E-04   
1.4592E-03   -7.9397E-03   
1.8448E-02   -1.7919E-04   
1.5013E-03   -8.0197E-03   
1.8622E-02   -1.8223E-04   
1.5261E-03   -8.1107E-03   
1.8831E-02   -1.8946E-04   
1.5596E-03   -8.2079E-03   
1.9079E-02   -2.0040E-04   
1.5961E-03   -8.3145E-03   
1.9355E-02   -2.1668E-04   
1.6447E-03   -8.4299E-03   
1.9667E-02   -2.3639E-04   
1.7098E-03   -8.5564E-03   
2.0029E-02   -2.5511E-04   
1.7763E-03   -8.6972E-03   
2.0440E-02   -2.6879E-04   
1.8403E-03   -8.8522E-03   
2.0832E-02   -2.6885E-04   
1.8941E-03   -9.0218E-03   
2.1214E-02   -3.1994E-04   
1.9120E-03   -9.2050E-03   
1.8758E-03   -9.3772E-03   
2.1952E-03   -9.8016E-03   
2.3390E-02   -3.9481E-04   
2.4469E-03   -1.0584E-02   
2.5518E-03   -1.1113E-02   
2.4866E-02   -4.2497E-04   
2.9140E-02   -1.5952E-04   
1.7422E-02   -8.9154E-04   
1.7623E-02   -7.2450E-04   
1.7807E-02   -5.5474E-04   
1.1057E-02   -4.0885E-03   
1.0572E-02   -4.2828E-03   
4.0842E-03   -6.5464E-03   
3.4528E-03   -6.6924E-03   
6.4679E-03   -5.8592E-03   
4.6902E-03   -6.3926E-03   
7.0589E-03   -5.6560E-03   
5.2860E-03   -6.2274E-03   
1.0004E-02   -4.5177E-03   
1.3237E-02   -3.0810E-03   
5.8777E-03   -6.0500E-03   
1.6631E-02   -1.3974E-03   
1.6296E-02   -1.5829E-03   
7.6504E-03   -5.4420E-03   
8.2425E-03   -5.2190E-03   
1.5125E-02   -2.1787E-03   
1.5542E-02   -1.9727E-03   
1.6937E-02   -1.2168E-03   
2.7954E-03   -6.8245E-03   
1.7200E-02   -1.0519E-03   
9.4219E-03   -4.7542E-03   
1.4685E-02   -2.3937E-03   
8.8343E-03   -4.9890E-03   
1.5933E-02   -1.7744E-03   
1.3737E-02   -2.8464E-03   
1.4221E-02   -2.6170E-03   
1.9007E-03   -7.1589E-03   
1.7990E-03   -7.2375E-03   
1.7501E-03   -7.2998E-03   
1.7250E-03   -7.3529E-03   
1.7144E-03   -7.4009E-03   
1.7136E-03   -7.4463E-03   
1.7207E-03   -7.4910E-03   
1.7347E-03   -7.5366E-03   
1.7937E-02   -4.1892E-04   
1.7763E-02   -4.5865E-04   
1.7552E-03   -7.5844E-03   
1.7804E-02   -3.7935E-04   
1.7823E-03   -7.6357E-03   
1.7865E-02   -3.2153E-04   
1.8143E-03   -7.6914E-03   
1.7943E-02   -2.8505E-04   
1.8513E-03   -7.7512E-03   
1.8047E-02   -2.6364E-04   
1.9025E-03   -7.8132E-03   
1.8188E-02   -2.4955E-04   
2.0429E-03   -7.8719E-03   
1.8341E-02   -2.5163E-04   
2.0217E-03   -7.9749E-03   
1.8527E-02   -2.6031E-04   
2.0632E-03   -8.0684E-03   
1.8770E-02   -2.7178E-04   
2.1043E-03   -8.1735E-03   
1.9040E-02   -2.8671E-04   
2.2282E-03   -8.3979E-03   
2.5311E-03   -9.2524E-03   
1.9658E-02   -3.4419E-04   
2.3411E-03   -8.5255E-03   
2.4267E-03   -8.6772E-03   
2.5772E-03   -9.0320E-03   
2.1722E-02   -3.1577E-04   
2.2843E-02   -3.6276E-04   
2.3511E-02   -5.5519E-04   
2.0079E-02   -3.6846E-04   
3.3762E-03   -1.0847E-02   
2.4266E-02   -5.7481E-04   
2.5565E-03   -1.0363E-02   
2.1032E-02   -4.5076E-04   
3.0363E-03   -9.6023E-03   
1.7707E-02   -5.6918E-04   
1.7493E-02   -7.3291E-04   
1.7299E-02   -8.8068E-04   
1.2368E-02   -3.2690E-03   
1.2166E-02   -3.5302E-03   
1.2828E-02   -3.0501E-03   
1.0140E-02   -4.2972E-03   
1.6766E-02   -1.1687E-03   
4.2552E-03   -6.5201E-03   
1.7074E-02   -9.9695E-04   
3.6347E-03   -6.6898E-03   
2.9899E-03   -6.8468E-03   
4.8479E-03   -6.3445E-03   
6.5802E-03   -5.7530E-03   
5.9994E-03   -5.9649E-03   
9.5359E-03   -4.5494E-03   
5.4258E-03   -6.1610E-03   
7.1658E-03   -5.5284E-03   
1.3343E-02   -2.8135E-03   
1.5253E-02   -1.9159E-03   
1.6427E-02   -1.3464E-03   
7.7549E-03   -5.2935E-03   
1.5671E-02   -1.7176E-03   
1.6063E-02   -1.5284E-03   
1.4808E-02   -2.1254E-03   
8.3471E-03   -5.0504E-03   
8.9413E-03   -4.8017E-03   
1.4340E-02   -2.3459E-03   
1.3850E-02   -2.5764E-03   
1.8815E-03   -7.0107E-03   
2.2582E-03   -7.1206E-03   
2.1992E-03   -7.1808E-03   
2.1640E-03   -7.2326E-03   
2.1463E-03   -7.2789E-03   
2.1419E-03   -7.3221E-03   
2.1480E-03   -7.3642E-03   
2.1626E-03   -7.4071E-03   
2.1851E-03   -7.4521E-03   
1.7525E-02   -5.4426E-04   
2.2159E-03   -7.5002E-03   
1.7600E-02   -4.4491E-04   
2.2545E-03   -7.5521E-03   
2.2953E-03   -7.6098E-03   
1.7667E-02   -3.8972E-04   
1.7749E-02   -3.5778E-04   
2.3243E-03   -7.6755E-03   
1.7856E-02   -3.4518E-04   
2.4562E-03   -7.8405E-03   
1.8141E-02   -3.4755E-04   
2.5556E-03   -7.9061E-03   
1.8690E-02   -3.6814E-04   
1.8407E-02   -3.5424E-04   
2.6388E-03   -8.0054E-03   
2.9224E-03   -8.3109E-03   
2.1389E-03   -8.2867E-03   
3.0167E-03   -8.4729E-03   
3.1296E-03   -8.6328E-03   
3.1546E-03   -1.0405E-02   
3.1087E-03   -1.0164E-02   
3.2528E-03   -8.8096E-03   
1.9625E-02   -4.7410E-04   
2.1523E-02   -4.2544E-04   
2.0581E-02   -5.4717E-04   
2.2735E-02   -5.2021E-04   
2.0085E-02   -5.0410E-04   
1.9321E-02   -3.1489E-04   
3.4083E-03   -9.0223E-03   
2.9027E-03   -9.9134E-03   
3.1963E-03   -9.3185E-03   
2.5051E-02   -5.8980E-04   
3.2266E-03   -1.1136E-02   
3.0551E-03   -1.0637E-02   
2.3635E-02   -7.2846E-04   
1.1791E-02   -3.4345E-03   
1.7562E-02   -6.0737E-04   
1.6908E-02   -9.6722E-04   
4.4672E-03   -6.4580E-03   
1.6563E-02   -1.1412E-03   
3.8786E-03   -6.6438E-03   
2.6818E-03   -6.9589E-03   
9.6933E-03   -4.3326E-03   
6.1375E-03   -5.8621E-03   
5.5731E-03   -6.0774E-03   
5.0256E-03   -6.2730E-03   
1.2947E-02   -2.8255E-03   
6.7145E-03   -5.6306E-03   
1.5401E-02   -1.6813E-03   
7.2987E-03   -5.3867E-03   
1.5817E-02   -1.4923E-03   
1.6203E-02   -1.3134E-03   
1.4955E-02   -1.8834E-03   
7.8892E-03   -5.1330E-03   
9.0841E-03   -4.6052E-03   
1.3476E-02   -2.5694E-03   
1.4484E-02   -2.0991E-03   
8.4851E-03   -4.8719E-03   
1.3990E-02   -2.3282E-03   
2.7109E-03   -6.9930E-03   
2.6569E-03   -7.0457E-03   
1.1019E-02   -3.7636E-03   
2.6122E-03   -7.0952E-03   
1.0330E-02   -4.0507E-03   
2.5830E-03   -7.1399E-03   
2.5721E-03   -7.1806E-03   
2.5756E-03   -7.2195E-03   
2.5902E-03   -7.2588E-03   
2.6145E-03   -7.3001E-03   
2.6483E-03   -7.3444E-03   
3.0290E-03   -7.7084E-03   
1.7318E-02   -5.8099E-04   
2.6920E-03   -7.3923E-03   
2.7445E-03   -7.4455E-03   
1.7371E-02   -5.1097E-04   
2.7976E-03   -7.5092E-03   
1.7430E-02   -4.6678E-04   
1.7503E-02   -4.4549E-04   
2.3362E-03   -7.7398E-03   
1.8001E-02   -4.5015E-04   
3.1603E-03   -7.8050E-03   
3.1524E-03   -8.1104E-03   
2.1241E-02   -5.8798E-04   
2.0021E-02   -6.6129E-04   
1.8634E-02   -4.9034E-04   
3.7324E-03   -8.3958E-03   
1.8276E-02   -4.6580E-04   
3.9039E-03   -8.5522E-03   
2.6590E-03   -8.1292E-03   
3.8033E-03   -1.0491E-02   
4.0402E-03   -8.7304E-03   
2.1975E-02   -5.7327E-04   
3.9117E-03   -9.3751E-03   
3.7851E-03   -9.6573E-03   
1.9176E-02   -4.4572E-04   
3.9017E-03   -1.0182E-02   
3.5981E-03   -8.2497E-03   
1.9566E-02   -6.2213E-04   
2.4408E-02   -7.4722E-04   
2.2910E-02   -6.9930E-04   
1.6999E-02   -8.1622E-04   
1.6680E-02   -9.7394E-04   
1.7277E-02   -7.6260E-04   
3.5983E-03   -6.7432E-03   
4.7051E-03   -6.3720E-03   
1.2524E-02   -2.8626E-03   
5.7264E-03   -5.9801E-03   
1.6335E-02   -1.1339E-03   
5.1731E-03   -6.1980E-03   
6.2938E-03   -5.7449E-03   
2.1863E-03   -7.0214E-03   
6.8715E-03   -5.4952E-03   
9.2646E-03   -4.4008E-03   
1.5122E-02   -1.6667E-03   
1.5962E-02   -1.3008E-03   
1.5558E-02   -1.4773E-03   
1.3092E-02   -2.5922E-03   
7.4585E-03   -5.2334E-03   
1.4651E-02   -1.8753E-03   
8.0532E-03   -4.9627E-03   
8.6554E-03   -4.6848E-03   
1.3634E-02   -2.3384E-03   
1.4154E-02   -2.0998E-03   
9.9000E-03   -4.1061E-03   
3.1434E-03   -6.8914E-03   
3.0862E-03   -6.9383E-03   
3.0305E-03   -6.9853E-03   
3.2229E-03   -6.8340E-03   
3.0068E-03   -7.0241E-03   
1.0563E-02   -3.8021E-03   
1.1253E-02   -3.4857E-03   
3.0050E-03   -7.0591E-03   
1.7239E-02   -6.7694E-04   
1.1916E-02   -3.1659E-03   
3.0186E-03   -7.0939E-03   
3.0443E-03   -7.1305E-03   
3.1288E-03   -7.2134E-03   
1.7074E-02   -6.4352E-04   
3.1927E-03   -7.2600E-03   
3.2816E-03   -7.3103E-03   
1.7095E-02   -5.9356E-04   
1.7149E-02   -5.5887E-04   
3.2132E-03   -7.5438E-03   
3.3217E-03   -7.9158E-03   
1.7802E-02   -5.7347E-04   
1.9149E-02   -5.8852E-04   
4.4886E-03   -8.2749E-03   
2.7808E-03   -7.6003E-03   
2.0507E-02   -7.1128E-04   
3.6380E-03   -7.5918E-03   
1.9450E-02   -7.8801E-04   
3.5321E-03   -8.1232E-03   
4.6255E-03   -9.4241E-03   
4.2704E-03   -8.1462E-03   
4.2236E-03   -8.8684E-03   
1.8802E-02   -5.7204E-04   
2.2307E-02   -6.7801E-04   
1.8082E-02   -6.0346E-04   
4.0721E-03   -9.0936E-03   
3.8014E-03   -9.9189E-03   
2.2971E-02   -8.8549E-04   
2.5122E-02   -7.5103E-04   
3.9884E-03   -1.1024E-02   
4.8672E-03   -1.0209E-02   
2.1729E-02   -4.9112E-04   
1.6444E-02   -9.9279E-04   
4.7288E-03   -6.3506E-03   
9.4819E-03   -4.1902E-03   
5.3386E-03   -6.1067E-03   
5.9021E-03   -5.8679E-03   
1.6093E-02   -1.1478E-03   
6.4715E-03   -5.6154E-03   
1.2700E-02   -2.6451E-03   
1.5304E-02   -1.4768E-03   
1.5721E-02   -1.3061E-03   
7.0532E-03   -5.3487E-03   
1.4839E-02   -1.6742E-03   
8.8567E-03   -4.4913E-03   
7.6457E-03   -5.0707E-03   
1.3271E-02   -2.3768E-03   
8.2474E-03   -4.7842E-03   
1.4342E-02   -1.8913E-03   
1.3818E-02   -2.1262E-03   
3.6406E-03   -6.7474E-03   
3.4887E-03   -6.8184E-03   
1.7045E-02   -7.1322E-04   
3.4485E-03   -6.8548E-03   
1.1463E-02   -3.2420E-03   
1.0134E-02   -3.8785E-03   
1.2098E-02   -2.9344E-03   
3.4402E-03   -6.8847E-03   
3.4498E-03   -6.9144E-03   
1.0800E-02   -3.5606E-03   
3.4756E-03   -6.9454E-03   
3.5152E-03   -6.9792E-03   
3.5667E-03   -7.0169E-03   
1.7221E-02   -5.4642E-04   
3.6361E-03   -7.0571E-03   
3.4000E-03   -7.3752E-03   
3.7362E-03   -7.0962E-03   
1.6724E-02   -7.5059E-04   
1.8655E-02   -7.0452E-04   
1.6772E-02   -6.9393E-04   
3.7970E-03   -7.6713E-03   
3.8744E-03   -7.9107E-03   
1.7561E-02   -5.5691E-04   
3.5718E-03   -7.5085E-03   
1.8357E-02   -6.5472E-04   
4.8975E-03   -8.0270E-03   
4.9434E-03   -8.8150E-03   
4.1115E-03   -8.0169E-03   
4.6827E-03   -8.6673E-03   
1.7546E-02   -7.2515E-04   
2.1609E-02   -7.7142E-04   
5.5125E-03   -9.1604E-03   
2.2287E-02   -8.4343E-04   
4.4434E-03   -9.6837E-03   
2.2998E-02   -1.0905E-03   
4.9912E-03   -1.0852E-02   
2.4635E-02   -9.4305E-04   
2.5824E-02   -6.3634E-04   
5.5560E-03   -1.0422E-02   
2.0918E-02   -7.8693E-04   
1.6548E-02   -8.7639E-04   
4.1630E-03   -6.5601E-03   
5.0160E-03   -6.2212E-03   
5.5464E-03   -5.9924E-03   
9.0859E-03   -4.2942E-03   
6.1000E-03   -5.7426E-03   
1.5873E-02   -1.1754E-03   
1.5517E-02   -1.3050E-03   
6.6723E-03   -5.4751E-03   
3.8933E-03   -6.6673E-03   
1.5054E-02   -1.4907E-03   
1.2906E-02   -2.4392E-03   
7.2602E-03   -5.1930E-03   
8.4671E-03   -4.6006E-03   
1.4553E-02   -1.7011E-03   
7.8598E-03   -4.9003E-03   
1.3478E-02   -2.1753E-03   
1.4027E-02   -1.9295E-03   
3.8883E-03   -6.6794E-03   
9.7266E-03   -3.9780E-03   
1.1687E-02   -3.0206E-03   
1.2308E-02   -2.7218E-03   
3.8873E-03   -6.6970E-03   
1.1040E-02   -3.3348E-03   
3.8859E-03   -6.7228E-03   
3.9095E-03   -6.7474E-03   
1.0382E-02   -3.6562E-03   
1.6835E-02   -7.6097E-04   
4.0776E-03   -6.8393E-03   
3.9510E-03   -6.7740E-03   
1.6824E-02   -6.6922E-04   
4.0071E-03   -6.8044E-03   
1.7554E-02   -4.5108E-04   
3.8854E-03   -7.3133E-03   
3.8704E-03   -7.1349E-03   
4.1066E-03   -7.3640E-03   
4.1757E-03   -6.8728E-03   
1.6378E-02   -8.4833E-04   
1.7817E-02   -7.6925E-04   
1.7297E-02   -6.9699E-04   
4.1774E-03   -7.4601E-03   
4.8011E-03   -7.8861E-03   
5.4165E-03   -8.4805E-03   
2.2294E-02   -1.0472E-03   
1.8108E-02   -8.2305E-04   
4.6026E-03   -7.7622E-03   
2.0340E-02   -8.9609E-04   
5.6807E-03   -8.8441E-03   
2.0864E-02   -9.8540E-04   
5.3503E-03   -9.5135E-03   
3.9825E-03   -7.7358E-03   
2.3770E-02   -1.1288E-03   
1.9024E-02   -7.4601E-04   
2.6644E-02   -5.0897E-04   
6.0840E-03   -9.9941E-03   
4.2742E-03   -6.5213E-03   
1.6184E-02   -1.0323E-03   
5.2362E-03   -6.1117E-03   
5.7685E-03   -5.8685E-03   
6.3234E-03   -5.6059E-03   
8.7108E-03   -4.4144E-03   
1.5831E-02   -1.1175E-03   
4.5853E-03   -6.3968E-03   
1.5304E-02   -1.3177E-03   
9.3409E-03   -4.0956E-03   
6.9010E-03   -5.3240E-03   
1.4787E-02   -1.5274E-03   
7.4959E-03   -5.0280E-03   
8.0999E-03   -4.7238E-03   
1.3136E-02   -2.2460E-03   
1.4259E-02   -1.7481E-03   
1.3708E-02   -1.9870E-03   
4.3885E-03   -6.4803E-03   
1.1292E-02   -3.1238E-03   
1.2541E-02   -2.5231E-03   
1.1926E-02   -2.8162E-03   
1.7358E-02   -5.4398E-04   
4.3296E-03   -6.5211E-03   
9.9873E-03   -3.7702E-03   
4.3482E-03   -6.5386E-03   
1.0641E-02   -3.4442E-03   
1.6415E-02   -8.1132E-04   
4.5202E-03   -6.6078E-03   
4.3898E-03   -6.5570E-03   
4.6142E-03   -6.6377E-03   
4.4477E-03   -6.5797E-03   
4.8466E-03   -7.1655E-03   
1.6288E-02   -9.2705E-04   
1.6883E-02   -6.6836E-04   
4.3033E-03   -6.9050E-03   
1.8070E-02   -3.1478E-04   
5.1071E-03   -7.4590E-03   
1.7084E-02   -6.8312E-04   
1.8842E-02   -9.2806E-04   
1.8443E-02   -8.7640E-04   
1.7519E-02   -9.5541E-04   
1.7242E-02   -9.0306E-04   
2.0042E-02   -1.1008E-03   
1.6991E-02   -8.6328E-04   
4.4134E-03   -7.6744E-03   
5.6218E-03   -7.7394E-03   
4.0074E-03   -7.1691E-03   
4.5295E-03   -7.1213E-03   
5.8332E-03   -8.1448E-03   
2.1057E-02   -1.1645E-03   
5.8264E-03   -8.5743E-03   
4.5133E-03   -7.4844E-03   
2.3008E-02   -1.3124E-03   
5.6253E-03   -9.7894E-03   
2.7669E-02   -2.6793E-04   
6.4050E-03   -8.8546E-03   
2.6586E-02   -7.0041E-04   
2.2286E-02   -1.2679E-03   
1.9904E-02   -8.3083E-04   
6.2815E-03   -9.1606E-03   
4.7349E-03   -6.3306E-03   
5.4851E-03   -5.9870E-03   
6.0139E-03   -5.7348E-03   
8.9762E-03   -4.2279E-03   
1.5573E-02   -1.1524E-03   
6.5697E-03   -5.4601E-03   
8.3609E-03   -4.5454E-03   
1.5029E-02   -1.3730E-03   
7.1578E-03   -5.1631E-03   
7.7571E-03   -4.8564E-03   
1.4515E-02   -1.5823E-03   
1.1557E-02   -2.9278E-03   
1.3384E-02   -2.0672E-03   
1.3965E-02   -1.8115E-03   
1.2788E-02   -2.3413E-03   
4.7379E-03   -6.3341E-03   
1.2181E-02   -2.6273E-03   
1.6019E-02   -9.9637E-04   
9.6124E-03   -3.9011E-03   
1.0913E-02   -3.2445E-03   
4.7917E-03   -6.3229E-03   
1.0261E-02   -3.5711E-03   
4.8362E-03   -6.3297E-03   
5.0589E-03   -6.3892E-03   
4.9662E-03   -6.3644E-03   
1.6003E-02   -9.6922E-04   
4.8924E-03   -6.3443E-03   
1.6453E-02   -8.0044E-04   
1.7780E-02   -4.5391E-04   
4.7203E-03   -6.6726E-03   
1.6770E-02   -8.3732E-04   
1.6901E-02   -1.1049E-03   
4.3651E-03   -7.0828E-03   
1.6891E-02   -6.9971E-04   
1.6644E-02   -1.0559E-03   
1.7179E-02   -1.1681E-03   
5.7606E-03   -7.3387E-03   
1.9306E-02   -9.7142E-04   
1.8186E-02   -1.0794E-03   
4.5000E-03   -6.9297E-03   
1.9233E-02   -1.1929E-03   
6.4535E-03   -8.2161E-03   
5.3271E-03   -8.0667E-03   
6.1106E-03   -7.3851E-03   
5.3186E-03   -7.1816E-03   
2.2260E-02   -1.5060E-03   
2.3756E-02   -1.3559E-03   
6.6599E-03   -8.4866E-03   
6.3382E-03   -9.4336E-03   
2.7278E-02   -5.8282E-04   
6.9979E-03   -8.8725E-03   
4.9665E-03   -6.2270E-03   
5.7653E-03   -5.8484E-03   
8.6373E-03   -4.3695E-03   
6.2522E-03   -5.6053E-03   
1.5211E-02   -1.2695E-03   
9.2577E-03   -4.0455E-03   
6.8359E-03   -5.3080E-03   
8.0331E-03   -4.6857E-03   
1.4778E-02   -1.4390E-03   
1.1834E-02   -2.7481E-03   
7.4320E-03   -4.9992E-03   
1.1199E-02   -3.0578E-03   
5.2635E-03   -6.0909E-03   
1.4265E-02   -1.6487E-03   
1.3038E-02   -2.1825E-03   
1.2444E-02   -2.4578E-03   
5.3092E-03   -6.0853E-03   
1.0549E-02   -3.3824E-03   
9.8981E-03   -3.7141E-03   
1.6017E-02   -9.5006E-04   
1.6596E-02   -8.2424E-04   
5.5084E-03   -6.1293E-03   
5.3483E-03   -6.0980E-03   
4.8833E-03   -6.8803E-03   
5.4168E-03   -6.1114E-03   
1.6498E-02   -8.1220E-04   
5.1630E-03   -6.4218E-03   
6.4421E-03   -7.0839E-03   
1.6263E-02   -1.2739E-03   
4.8062E-03   -6.7175E-03   
1.6519E-02   -1.3343E-03   
1.6412E-02   -1.0206E-03   
1.7492E-02   -1.2431E-03   
5.8781E-03   -7.1291E-03   
7.8914E-03   -8.6729E-03   
6.6037E-03   -7.4190E-03   
1.9638E-02   -1.3360E-03   
1.8637E-02   -1.1396E-03   
2.3744E-02   -1.5871E-03   
5.5700E-03   -6.9400E-03   
7.1176E-03   -9.0830E-03   
2.1543E-02   -1.4562E-03   
2.4519E-02   -1.1808E-03   
7.2788E-03   -8.1062E-03   
6.3525E-03   -7.7504E-03   
6.6869E-03   -7.8905E-03   
2.2214E-02   -1.7643E-03   
1.5580E-02   -1.1160E-03   
8.9260E-03   -4.1997E-03   
8.3209E-03   -4.5193E-03   
5.8733E-03   -5.7963E-03   
1.4094E-02   -1.7034E-03   
1.6088E-02   -9.7638E-04   
6.5198E-03   -5.4668E-03   
1.1500E-02   -2.8856E-03   
1.5083E-02   -1.3004E-03   
1.2122E-02   -2.5862E-03   
1.4545E-02   -1.5159E-03   
7.1183E-03   -5.1543E-03   
1.0853E-02   -3.2054E-03   
9.5530E-03   -3.8709E-03   
1.0199E-02   -3.5368E-03   
5.8237E-03   -5.8409E-03   
1.3226E-02   -2.0788E-03   
1.2714E-02   -2.3098E-03   
5.9602E-03   -5.8626E-03   
5.8730E-03   -5.8527E-03   
5.2449E-03   -6.4803E-03   
5.6160E-03   -6.1551E-03   
1.6040E-02   -9.5449E-04   
6.1330E-03   -6.6529E-03   
1.6210E-02   -9.9821E-04   
1.5853E-02   -1.5174E-03   
6.0553E-03   -6.8708E-03   
1.6024E-02   -1.2298E-03   
1.6790E-02   -1.4123E-03   
2.0805E-02   -1.3996E-03   
1.7880E-02   -1.3195E-03   
6.9633E-03   -7.0886E-03   
5.2392E-03   -6.6108E-03   
5.0738E-03   -6.9205E-03   
2.0400E-02   -1.2396E-03   
1.8880E-02   -1.4775E-03   
7.1226E-03   -7.4072E-03   
8.0159E-03   -8.9662E-03   
8.2619E-03   -8.2589E-03   
6.6592E-03   -6.7918E-03   
2.1604E-02   -1.2176E-03   
2.2993E-02   -1.7881E-03   
2.4494E-02   -1.3979E-03   
2.5210E-02   -1.0465E-03   
7.2921E-03   -7.5564E-03   
8.1036E-03   -7.8415E-03   
1.4289E-02   -1.6185E-03   
8.0110E-03   -4.6849E-03   
8.6035E-03   -4.3691E-03   
1.5576E-02   -1.1369E-03   
1.3038E-02   -2.1601E-03   
1.2435E-02   -2.4358E-03   
1.4732E-02   -1.4396E-03   
9.2202E-03   -4.0427E-03   
1.1817E-02   -2.7280E-03   
1.1176E-02   -3.0406E-03   
7.4282E-03   -4.9960E-03   
1.0519E-02   -3.3700E-03   
9.8625E-03   -3.7070E-03   
6.2655E-03   -5.6061E-03   
6.3292E-03   -5.5951E-03   
6.4092E-03   -5.5959E-03   
6.0716E-03   -5.8787E-03   
5.7174E-03   -6.2015E-03   
6.8096E-03   -5.3254E-03   
1.5571E-02   -1.1152E-03   
1.5386E-02   -1.4275E-03   
1.3678E-02   -1.8754E-03   
1.5608E-02   -1.4652E-03   
6.0850E-03   -6.5154E-03   
5.5821E-03   -6.6202E-03   
7.8666E-03   -7.1885E-03   
1.6106E-02   -1.5860E-03   
5.7918E-03   -6.2811E-03   
1.5559E-02   -1.2009E-03   
7.3664E-03   -6.7131E-03   
1.7074E-02   -1.5167E-03   
6.8637E-03   -6.4723E-03   
1.9316E-02   -1.5576E-03   
2.0227E-02   -1.6279E-03   
1.8372E-02   -1.3922E-03   
2.5953E-02   -1.0429E-03   
8.5728E-03   -7.4586E-03   
8.1913E-03   -7.3236E-03   
8.9208E-03   -8.2912E-03   
2.2243E-02   -2.0229E-03   
8.2611E-03   -9.2547E-03   
2.3701E-02   -1.8217E-03   
2.5266E-02   -1.2263E-03   
1.4616E-02   -1.4989E-03   
8.2782E-03   -4.5595E-03   
7.7030E-03   -4.8661E-03   
1.2779E-02   -2.2923E-03   
1.5106E-02   -1.2980E-03   
1.2157E-02   -2.5815E-03   
8.8896E-03   -4.2344E-03   
1.1521E-02   -2.8871E-03   
9.5322E-03   -3.8957E-03   
1.0862E-02   -3.2133E-03   
6.8459E-03   -5.3377E-03   
1.0193E-02   -3.5530E-03   
6.5252E-03   -5.5977E-03   
1.4037E-02   -1.7397E-03   
1.4937E-02   -1.6817E-03   
7.2270E-03   -5.1191E-03   
6.2935E-03   -5.9732E-03   
6.6610E-03   -5.6118E-03   
6.4046E-03   -6.2298E-03   
1.3406E-02   -2.0102E-03   
1.5185E-02   -1.7184E-03   
1.9420E-02   -1.7659E-03   
1.5051E-02   -1.3524E-03   
1.5434E-02   -1.7732E-03   
6.7718E-03   -6.2691E-03   
1.6339E-02   -1.6814E-03   
1.7503E-02   -1.6080E-03   
1.5174E-02   -1.4117E-03   
9.1232E-03   -7.0589E-03   
7.4605E-03   -6.4268E-03   
8.2906E-03   -6.4268E-03   
1.9972E-02   -1.4831E-03   
2.6217E-02   -1.2705E-03   
8.7685E-03   -6.9081E-03   
1.8072E-02   -1.6792E-03   
2.0062E-02   -1.8630E-03   
2.1489E-02   -2.3219E-03   
9.1135E-03   -7.5572E-03   
9.2863E-03   -7.8565E-03   
2.1232E-02   -2.0386E-03   
2.6516E-02   -8.7233E-04   
2.4498E-02   -1.6207E-03   
7.1558E-03   -9.6898E-03   
7.4509E-03   -7.1203E-03   
7.9304E-03   -4.7789E-03   
7.3630E-03   -5.0756E-03   
1.2524E-02   -2.4456E-03   
1.4445E-02   -1.6081E-03   
1.1890E-02   -2.7459E-03   
9.1954E-03   -4.1096E-03   
6.9616E-03   -5.3247E-03   
1.1229E-02   -3.0682E-03   
6.7961E-03   -5.6524E-03   
9.8668E-03   -3.7587E-03   
6.3743E-03   -6.0689E-03   
1.0549E-02   -3.4092E-03   
1.3154E-02   -2.1583E-03   
7.1199E-03   -5.3124E-03   
1.4478E-02   -1.9603E-03   
1.4964E-02   -1.4327E-03   
1.3775E-02   -1.8850E-03   
1.4723E-02   -1.6526E-03   
1.4832E-02   -1.9494E-03   
1.5694E-02   -1.8407E-03   
9.7610E-03   -6.6278E-03   
7.7363E-03   -6.1083E-03   
8.6091E-03   -6.5152E-03   
8.0035E-03   -6.3488E-03   
1.8470E-02   -2.0334E-03   
2.4380E-02   -1.8428E-03   
9.5094E-03   -8.3640E-03   
7.1788E-03   -5.9200E-03   
8.3106E-03   -6.8259E-03   
1.7815E-02   -1.9797E-03   
2.0719E-02   -1.8863E-03   
2.6819E-02   -1.0079E-03   
2.5461E-02   -1.6567E-03   
2.1764E-02   -2.5539E-03   
1.0368E-02   -7.5353E-03   
8.0738E-03   -9.6865E-03   
1.7173E-02   -1.9299E-03   
6.4825E-03   -9.6561E-03   
1.2280E-02   -2.6172E-03   
1.4566E-02   -1.6279E-03   
1.2913E-02   -2.3220E-03   
1.1626E-02   -2.9329E-03   
9.5343E-03   -3.9900E-03   
7.5459E-03   -5.0306E-03   
5.8729E-03   -6.3635E-03   
6.9029E-03   -5.7341E-03   
1.3538E-02   -2.0402E-03   
7.3107E-03   -5.3126E-03   
1.4233E-02   -1.9284E-03   
8.5444E-03   -4.4541E-03   
1.0235E-02   -3.6280E-03   
9.3399E-03   -6.4340E-03   
8.7114E-03   -6.0758E-03   
1.4965E-02   -2.0476E-03   
8.2368E-03   -6.0768E-03   
6.9848E-03   -5.8488E-03   
7.4514E-03   -5.9383E-03   
7.3682E-03   -6.1139E-03   
9.2431E-03   -6.1140E-03   
1.0030E-02   -6.8495E-03   
1.9154E-02   -2.1051E-03   
2.3547E-02   -2.1089E-03   
1.7545E-02   -2.2985E-03   
1.3629E-02   -2.2678E-03   
1.6275E-02   -2.2314E-03   
1.9972E-02   -2.1877E-03   
1.0530E-02   -8.0402E-03   
8.6620E-03   -8.6167E-03   
1.6918E-02   -2.2517E-03   
2.1466E-02   -1.7142E-03   
1.0923E-02   -7.6281E-03   
9.9167E-03   -7.4439E-03   
2.2737E-02   -2.4708E-03   
2.0760E-02   -2.6652E-03   
1.2686E-02   -2.4980E-03   
1.2068E-02   -2.7959E-03   
1.4012E-02   -1.9049E-03   
7.4721E-03   -5.3654E-03   
1.4065E-02   -1.8077E-03   
1.3311E-02   -2.2107E-03   
1.1389E-02   -3.1327E-03   
7.7809E-03   -4.9864E-03   
9.9183E-03   -3.8708E-03   
1.0649E-02   -3.5005E-03   
9.5291E-03   -5.7331E-03   
9.0254E-03   -5.7333E-03   
8.1789E-03   -4.7030E-03   
7.5467E-03   -5.6343E-03   
7.5360E-03   -5.4934E-03   
7.9284E-03   -5.5932E-03   
8.8466E-03   -4.3517E-03   
1.5366E-02   -2.1153E-03   
1.3141E-02   -2.6104E-03   
1.6044E-02   -2.5450E-03   
8.0554E-03   -5.7592E-03   
1.5511E-02   -2.3223E-03   
1.0765E-02   -7.1297E-03   
1.8173E-02   -2.3671E-03   
1.0798E-02   -6.3896E-03   
8.4870E-03   -7.9460E-03   
1.1569E-02   -7.6822E-03   
1.4362E-02   -2.3922E-03   
1.6635E-02   -2.5799E-03   
1.0218E-02   -5.9058E-03   
1.1363E-02   -7.2161E-03   
1.0049E-02   -8.4794E-03   
2.1090E-02   -2.8891E-03   
2.3802E-02   -2.3916E-03   
1.2513E-02   -2.6545E-03   
1.3090E-02   -2.3937E-03   
9.2059E-03   -4.2420E-03   
8.1118E-03   -5.3107E-03   
1.0346E-02   -3.7561E-03   
8.8892E-03   -5.3926E-03   
8.1147E-03   -4.9358E-03   
1.3430E-02   -2.6788E-03   
8.4921E-03   -4.6191E-03   
8.2440E-03   -5.0546E-03   
1.5955E-02   -1.8822E-03   
1.1130E-02   -3.3727E-03   
1.3652E-02   -2.1351E-03   
9.3522E-03   -5.3770E-03   
1.5754E-02   -2.8774E-03   
9.8504E-03   -5.3697E-03   
1.5548E-02   -2.5293E-03   
7.6812E-03   -8.2040E-03   
1.2426E-02   -7.6798E-03   
1.7225E-02   -2.6401E-03   
8.9906E-03   -8.7728E-03   
1.1379E-02   -5.5821E-03   
1.1083E-02   -6.6772E-03   
1.4613E-02   -2.5336E-03   
1.8817E-02   -2.4576E-03   
1.0646E-02   -8.6116E-03   
1.1583E-02   -5.8962E-03   
1.1831E-02   -6.7712E-03   
1.1219E-02   -8.1182E-03   
2.0044E-02   -3.0330E-03   
1.0035E-02   -5.7171E-03   
2.4931E-02   -2.2841E-03   
9.6144E-03   -4.1279E-03   
9.6940E-03   -5.0040E-03   
1.1987E-02   -2.9534E-03   
8.9047E-03   -4.5015E-03   
1.2534E-02   -2.9846E-03   
1.0366E-02   -5.3797E-03   
8.5455E-03   -5.3935E-03   
1.6876E-02   -3.0001E-03   
1.0789E-02   -3.6622E-03   
1.0182E-02   -4.9939E-03   
8.7191E-03   -4.7061E-03   
1.3685E-02   -2.8003E-03   
1.6307E-02   -2.9309E-03   
1.2795E-02   -2.6191E-03   
8.6562E-03   -5.1731E-03   
1.4812E-02   -2.7085E-03   
9.3754E-03   -7.2143E-03   
1.0845E-02   -5.4475E-03   
1.1849E-02   -6.1480E-03   
1.2302E-02   -6.3103E-03   
1.2542E-02   -6.8975E-03   
1.3556E-02   -7.2049E-03   
2.0412E-02   -3.3021E-03   
9.9598E-03   -9.0942E-03   
1.8412E-02   -2.8231E-03   
2.5701E-02   -1.9478E-03   
1.0036E-02   -4.0307E-03   
9.3324E-03   -4.3871E-03   
1.1676E-02   -3.2638E-03   
1.0521E-02   -4.6150E-03   
1.2762E-02   -3.0982E-03   
1.5098E-02   -2.8773E-03   
1.3932E-02   -2.9467E-03   
1.0712E-02   -4.9900E-03   
1.5974E-02   -3.2971E-03   
1.5423E-02   -3.2323E-03   
1.9055E-02   -3.1414E-03   
1.7463E-02   -3.0919E-03   
1.3371E-02   -5.9526E-03   
1.2605E-02   -5.6862E-03   
9.1980E-03   -5.0528E-03   
1.9388E-02   -2.5946E-03   
2.1998E-02   -2.7485E-03   
1.9343E-02   -3.7932E-03   
1.3606E-02   -6.8326E-03   
1.3588E-02   -7.5859E-03   
1.3751E-02   -6.4445E-03   
1.1852E-02   -5.0799E-03   
1.1164E-02   -8.8059E-03   
2.6001E-02   -2.1810E-03   
9.7232E-03   -4.3201E-03   
1.2425E-02   -2.8810E-03   
9.3659E-03   -4.7722E-03   
1.1130E-02   -3.6332E-03   
1.4981E-02   -3.6771E-03   
1.1795E-02   -3.4397E-03   
1.0448E-02   -3.9664E-03   
1.3008E-02   -3.2381E-03   
1.1042E-02   -4.5955E-03   
1.4334E-02   -3.2984E-03   
1.1637E-02   -4.5835E-03   
1.4534E-02   -3.4995E-03   
1.9770E-02   -2.7910E-03   
1.6548E-02   -3.3654E-03   
1.8104E-02   -3.2100E-03   
2.2773E-02   -2.7962E-03   
1.2401E-02   -5.4252E-03   
1.8947E-02   -2.9090E-03   
1.2349E-02   -5.1589E-03   
1.8285E-02   -3.5020E-03   
1.0064E-02   -4.5931E-03   
1.2379E-02   -4.5703E-03   
1.4093E-02   -6.0167E-03   
1.8336E-02   -3.8166E-03   
2.0436E-02   -3.6068E-03   
1.2763E-02   -5.9181E-03   
1.4530E-02   -6.4419E-03   
1.4424E-02   -7.1256E-03   
1.0374E-02   -9.2568E-03   
1.0098E-02   -4.3160E-03   
1.1945E-02   -4.1751E-03   
1.0946E-02   -3.8714E-03   
1.2117E-02   -3.5318E-03   
1.3150E-02   -4.9930E-03   
1.1344E-02   -4.2223E-03   
1.3924E-02   -3.9308E-03   
1.5773E-02   -3.6112E-03   
1.5418E-02   -6.8658E-03   
1.7467E-02   -3.8613E-03   
9.0316E-03   -4.6620E-03   
1.2982E-02   -4.7071E-03   
1.7086E-02   -3.4669E-03   
1.3314E-02   -3.3656E-03   
1.3565E-02   -3.7452E-03   
1.4494E-02   -5.5746E-03   
1.0107E-02   -9.6321E-03   
1.4863E-02   -6.0665E-03   
1.8273E-02   -4.1209E-03   
2.1151E-02   -3.3485E-03   
1.4186E-02   -3.1007E-03   
8.7946E-03   -4.9261E-03   
1.0836E-02   -4.2951E-03   
1.2579E-02   -4.1609E-03   
1.1462E-02   -3.9428E-03   
1.6163E-02   -3.7434E-03   
1.2881E-02   -3.7691E-03   
1.3298E-02   -4.3144E-03   
1.1419E-02   -3.7787E-03   
1.7555E-02   -4.5103E-03   
1.0796E-02   -4.1298E-03   
2.2046E-02   -3.2122E-03   
1.7412E-02   -4.2047E-03   
1.3712E-02   -5.4913E-03   
1.3144E-02   -4.1433E-03   
1.6108E-02   -6.4069E-03   
8.9667E-03   -1.0051E-02   
1.3653E-02   -3.4520E-03   
1.4398E-02   -4.9806E-03   
1.5208E-02   -3.9764E-03   
1.5638E-02   -4.2066E-03   
1.5005E-02   -5.0974E-03   
1.7870E-02   -4.7832E-03   
1.3770E-02   -4.6299E-03   
1.5700E-02   -6.1378E-03   
1.6472E-02   -6.6101E-03   
1.5448E-02   -4.6363E-03   
1.4018E-02   -4.8091E-03   
1.7446E-02   -6.5778E-03   
1.5640E-02   -5.2266E-03   
1.7534E-02   -3.5753E-03   
1.9092E-02   -4.5485E-03   
1.6740E-02   -4.9728E-03   
1.4591E-02   -4.4086E-03   
1.6502E-02   -4.2390E-03   
1.5185E-02   -5.6566E-03   
1.6953E-02   -5.2613E-03   
2.0032E-02   -4.0123E-03   
1.8481E-02   -6.0596E-03   
1.6091E-02   -5.3611E-03   
1.4817E-02   -4.6072E-03   
1.6909E-02   -5.6369E-03   
1.7868E-02   -5.6223E-03   
1.9103E-02   -5.2016E-03   
1.9547E-02   -4.7587E-03   
1.8759E-02   -5.6579E-03   
9.2072E-04   -1.1946E-02   
1.6806E-02   -5.9856E-03   
1.5845E-02   -7.0941E-03   
2.7622E-02   -9.9866E-04   
2.0771E-03   -1.0022E-02   
3.0135E-02   -1.4894E-04   
2.7084E-02   -2.0742E-03   
1.6727E-03   -1.2083E-02   
8.0053E-03   -1.0075E-02   
1.8877E-02   -6.2871E-03   
2.8087E-02   -5.3189E-04   
2.5565E-03   -1.1979E-02   
8.9912E-03   -9.3166E-03   
3.6305E-03   -1.1829E-02   
4.7276E-03   -1.1665E-02   
5.8226E-03   -1.1469E-02   
6.9525E-03   -1.1245E-02   
3.1099E-02   -1.3628E-04   
8.1063E-03   -1.0998E-02   
9.3167E-03   -1.0714E-02   
2.6382E-02   -1.6919E-03   
1.0564E-02   -1.0420E-02   
3.2092E-02   -1.3136E-04   
1.1831E-02   -1.0111E-02   
1.3135E-02   -9.7903E-03   
2.0199E-02   -4.3542E-03   
1.4607E-02   -9.4068E-03   
3.3138E-02   -1.2182E-04   
2.2994E-02   -1.9953E-03   
1.5782E-02   -9.2275E-03   
1.1791E-02   -7.3411E-03   
6.0891E-03   -1.0646E-02   
2.6572E-02   -1.4749E-03   
1.7151E-02   -8.7839E-03   
1.8689E-02   -8.4695E-03   
3.4216E-02   -1.0786E-04   
2.0122E-02   -8.1474E-03   
1.2477E-02   -8.5114E-03   
2.1714E-02   -7.7566E-03   
2.2955E-02   -7.5754E-03   
3.5333E-02   -9.3704E-05   
2.4393E-02   -7.1214E-03   
2.6016E-02   -6.7379E-03   
2.6884E-03   -1.1382E-02   
2.7537E-02   -6.3260E-03   
3.6621E-02   -8.4711E-05   
2.8475E-02   -3.3177E-04   
1.3332E-02   -8.0146E-03   
2.9185E-02   -5.8067E-03   
3.0758E-02   -5.3399E-03   
2.5266E-02   -2.4789E-03   
3.8054E-02   -4.5942E-05   
2.3044E-02   -3.0529E-03   
2.1220E-02   -3.5956E-03   
3.3854E-02   -4.1847E-03   
3.9594E-02   -6.6434E-04   
3.9878E-02   -6.6212E-04   
3.9724E-02   -1.8858E-04   
3.9843E-02   -7.8809E-05   
3.9632E-02   -4.2213E-04   
1.0876E-02   -9.6951E-03   
3.7316E-02   -2.4227E-03   
3.1144E-03   -1.1604E-02   
2.3824E-02   -3.1086E-03   
2.2438E-02   -3.4775E-03   
5.4776E-03   -1.1020E-02   
2.1024E-02   -4.3382E-03   
7.0730E-03   -1.0462E-02   
2.8366E-02   -8.4070E-04   
1.9830E-02   -5.2693E-03   
2.7830E-02   -1.7479E-03   
7.8513E-03   -1.0481E-02   
1.3970E-02   -8.1674E-03   
5.3883E-03   -1.1294E-02   
1.5445E-02   -7.6064E-03   
7.6618E-03   -1.0833E-02   
2.5018E-02   -2.7812E-03   
2.7088E-02   -6.0810E-03   
1.9706E-02   -7.8969E-03   
1.0133E-02   -1.0206E-02   
1.2841E-02   -8.7466E-03   
1.2687E-02   -9.5770E-03   
1.2384E-02   -9.2626E-03   
3.2578E-02   -2.5602E-04   
2.0245E-02   -6.0117E-03   
2.8934E-02   -4.7571E-04   
2.7419E-02   -2.2659E-03   
3.0658E-02   -2.6524E-04   
3.6462E-02   -1.8284E-04   
1.7987E-02   -6.7875E-03   
2.2211E-02   -7.2772E-03   
2.7011E-02   -1.1262E-03   
2.7393E-02   -1.5313E-03   
2.0291E-02   -4.5598E-03   
1.4756E-02   -7.2567E-03   
3.8917E-02   -1.8387E-05   
3.2366E-02   -4.7657E-03   
1.5008E-02   -8.9527E-03   
2.9548E-02   -5.3355E-03   
3.9925E-02   -4.4885E-04   
4.0106E-02   -4.1320E-05   
4.0046E-02   -1.1588E-04   
3.9969E-02   -2.7125E-04   
2.4556E-02   -6.6611E-03   
1.7255E-02   -8.3065E-03   
3.4704E-02   -2.0229E-04   
3.5242E-02   -3.0424E-03   
3.8220E-02   -1.3398E-04   
3.7136E-02   -2.2129E-03   
3.7971E-02   -9.7178E-04   
3.8398E-02   -1.8709E-04   
3.8206E-02   -4.1843E-04   
3.7733E-02   -1.5123E-03   
2.4807E-02   -3.1448E-03   
1.9398E-02   -7.6304E-03   
2.8670E-02   -6.5258E-04   
2.9653E-02   -5.4694E-04   
3.1994E-02   -4.0795E-04   
3.4763E-03   -1.1301E-02   
1.7565E-02   -7.2884E-03   
2.2213E-02   -3.9482E-03   
1.3499E-02   -9.1124E-03   
2.8549E-02   -1.0326E-03   
3.4099E-02   -3.3326E-04   
3.1847E-02   -4.6348E-03   
9.7853E-03   -1.0016E-02   
1.8348E-02   -7.8526E-03   
1.4597E-02   -8.7947E-03   
2.1895E-02   -7.0602E-03   
1.6275E-02   -7.5955E-03   
2.5998E-02   -6.1113E-03   
2.1077E-02   -5.0319E-03   
1.6003E-02   -8.4193E-03   
2.7072E-02   -2.6096E-03   
2.8188E-02   -1.9612E-03   
2.3343E-02   -6.7414E-03   
2.1262E-02   -5.4345E-03   
3.5310E-02   -2.8346E-04   
2.0663E-02   -6.3100E-03   
3.3045E-02   -3.6947E-04   
1.5198E-02   -8.0464E-03   
2.8216E-02   -1.2831E-03   
2.0629E-02   -7.3519E-03   
2.1878E-02   -4.4566E-03   
3.0776E-02   -4.3768E-04   
2.8544E-02   -1.4491E-03   
3.6405E-02   -1.4806E-03   
3.7008E-02   -3.2171E-04   
3.6784E-02   -6.7456E-04   
3.7223E-02   -1.8703E-04   
2.5844E-02   -2.8166E-03   
3.3258E-02   -3.8398E-03   
3.5554E-02   -2.5220E-03   
3.8135E-02   -3.4689E-04   
3.7814E-02   -1.2954E-03   
3.7852E-02   -6.7228E-04   
3.7697E-02   -8.1252E-04   
2.0254E-02   -7.1049E-03   
1.5218E-02   -8.3614E-03   
3.4489E-02   -4.2984E-04   
3.0692E-02   -4.8738E-03   
1.7605E-02   -7.7655E-03   
2.1590E-02   -5.7558E-03   
1.9818E-02   -6.8711E-03   
2.9345E-02   -1.8312E-03   
3.0353E-02   -6.3314E-04   
2.4900E-02   -6.1743E-03   
3.2511E-02   -5.0763E-04   
3.6654E-02   -9.0704E-04   
3.7121E-02   -4.6597E-04   
2.9652E-02   -1.3382E-03   
2.4607E-02   -3.5380E-03   
2.9588E-02   -9.6452E-04   
2.3282E-02   -3.9714E-03   
3.6331E-02   -1.1928E-03   
3.3726E-02   -3.1733E-03   
2.8062E-02   -2.5737E-03   
2.7481E-02   -5.5446E-03   
2.2285E-02   -4.9252E-03   
1.8637E-02   -7.1973E-03   
2.2782E-02   -6.5267E-03   
2.7308E-02   -2.8494E-03   
3.6382E-02   -2.8687E-04   
3.2981E-02   -3.6706E-03   
3.5761E-02   -1.9981E-03   
2.5169E-02   -5.6602E-03   
2.3648E-02   -4.7270E-03   
2.7120E-02   -3.1809E-03   
2.9191E-02   -2.3938E-03   
2.3672E-02   -5.9911E-03   
2.1096E-02   -6.5714E-03   
3.4863E-02   -5.1193E-04   
3.2196E-02   -3.7431E-03   
3.2605E-02   -6.7064E-04   
3.3841E-02   -5.8857E-04   
2.2379E-02   -6.2843E-03   
3.0348E-02   -1.0505E-03   
3.0435E-02   -8.0958E-04   
3.0077E-02   -1.5139E-03   
2.2088E-02   -4.7077E-03   
2.2823E-02   -5.5245E-03   
2.9806E-02   -2.0067E-03   
2.7844E-02   -5.0772E-03   
2.5669E-02   -3.5497E-03   
2.4396E-02   -3.9474E-03   
2.3534E-02   -5.1086E-03   
2.8318E-02   -2.9909E-03   
2.9075E-02   -2.6897E-03   
2.8584E-02   -5.4345E-03   
3.0513E-02   -1.6758E-03   
2.3235E-02   -5.7605E-03   
3.5870E-02   -4.2666E-04   
3.1413E-02   -8.4068E-04   
3.0763E-02   -1.2386E-03   
3.0585E-02   -4.3268E-03   
3.2244E-02   -8.9508E-04   
2.4328E-02   -4.2742E-03   
2.6473E-02   -3.5951E-03   
2.9337E-02   -2.9033E-03   
2.4009E-02   -5.2668E-03   
3.1942E-02   -1.1202E-03   
3.2917E-02   -3.2009E-03   
3.0312E-02   -2.1118E-03   
3.1668E-02   -1.5117E-03   
3.0010E-02   -4.8754E-03   
3.4346E-02   -6.6864E-04   
2.5100E-02   -4.3355E-03   
2.6415E-02   -3.9092E-03   
3.6317E-02   -4.9153E-04   
3.1320E-02   -1.9633E-03   
3.5006E-02   -7.2236E-04   
2.5284E-02   -4.9498E-03   
3.2169E-02   -1.2773E-03   
3.3758E-02   -8.5862E-04   
3.2097E-02   -1.6308E-03   
2.7558E-02   -3.8306E-03   
3.2843E-02   -9.4362E-04   
2.8897E-02   -3.3601E-03   
3.0850E-02   -2.5590E-03   
3.3034E-02   -1.2906E-03   
3.1361E-02   -2.7429E-03   
2.5730E-02   -5.1415E-03   
2.9962E-02   -3.2869E-03   
2.6155E-02   -4.3781E-03   
2.8615E-02   -3.7763E-03   
3.4043E-02   -9.7634E-04   
3.6163E-02   -6.5768E-04   
3.2225E-02   -2.7195E-03   
3.1075E-02   -3.1607E-03   
3.4376E-02   -1.0835E-03   
2.6627E-02   -4.6520E-03   
2.8125E-02   -4.2730E-03   
3.3793E-02   -1.3050E-03   
3.3504E-02   -2.4158E-03   
3.0972E-02   -3.5246E-03   
3.5541E-02   -8.9106E-04   
3.3749E-02   -1.4767E-03   
3.3430E-02   -2.7384E-03   
3.6068E-02   -9.2967E-04   
3.2179E-02   -3.2352E-03   
3.2527E-02   -1.7442E-03   
3.1750E-02   -2.1123E-03   
3.2321E-02   -2.2283E-03   
3.3749E-02   -1.8702E-03   
