51 
1844 
4.4629E-03   -4.9390E-03   
8.4885E-03   -4.1806E-03   
1.1678E-02   -3.0177E-03   
1.3725E-02   -1.5759E-03   
6.0765E-37   -5.1767E-03   
1.4417E-02   -3.1237E-37   
1.4739E-02   -6.9267E-35   
1.5267E-02   -6.7569E-37   
1.6426E-02   2.8858E-35   
1.7476E-02   4.2423E-35   
1.8810E-02   9.0083E-35   
2.0438E-02   1.2420E-34   
2.1690E-02   1.5035E-34   
2.3821E-02   2.2866E-34   
2.5408E-02   2.7729E-34   
2.7125E-02   2.4295E-34   
2.8030E-02   3.7647E-34   
2.9932E-02   5.5786E-34   
3.1949E-02   8.1209E-34   
3.3000E-02   -5.2469E-30   
3.3000E-02   -4.2643E-34   
3.3000E-02   -4.2643E-34   
3.3000E-02   -4.2643E-34   
3.3000E-02   -4.2643E-34   
3.3000E-02   -4.2643E-34   
3.3000E-02   -4.2643E-34   
3.3000E-02   -4.2643E-34   
3.3000E-02   -4.2643E-34   
3.3000E-02   -4.2643E-34   
3.3000E-02   -4.2643E-34   
3.3000E-02   -4.2643E-34   
3.3000E-02   -4.2643E-34   
3.1004E-02   -1.4283E-03   
2.7751E-02   -3.2597E-03   
2.6379E-02   -3.8898E-03   
2.5070E-02   -4.4096E-03   
2.2548E-02   -5.2465E-03   
2.1319E-02   -5.5967E-03   
1.8902E-02   -6.2135E-03   
1.7715E-02   -6.4957E-03   
1.5378E-02   -7.0327E-03   
1.3106E-02   -7.5524E-03   
1.2000E-02   -7.8108E-03   
9.8555E-03   -8.3177E-03   
7.8187E-03   -8.8011E-03   
6.8437E-03   -9.0261E-03   
4.9829E-03   -9.4269E-03   
3.2340E-03   -9.7338E-03   
1.5808E-03   -9.9243E-03   
8.4377E-37   -9.9816E-03   
8.1378E-34   -9.4566E-03   
8.5627E-34   -8.9554E-03   
8.0678E-34   -8.2904E-03   
7.6485E-34   -7.9084E-03   
6.7340E-34   -7.2858E-03   
6.1430E-34   -6.9312E-03   
5.5334E-34   -6.5855E-03   
5.0283E-34   -6.3066E-03   
4.9189E-34   -6.0626E-03   
3.3828E-03   -5.2719E-03   
3.1707E-02   -1.2636E-04   
3.0352E-02   -2.6414E-04   
2.8392E-02   -4.5667E-04   
2.6786E-02   -6.2113E-04   
2.5230E-02   -8.2594E-04   
2.3477E-02   -9.4806E-04   
2.2042E-02   -9.9807E-04   
2.0268E-02   -1.1516E-03   
1.8508E-02   -1.2465E-03   
1.6757E-02   -1.3297E-03   
1.5020E-02   -1.4040E-03   
1.3211E-02   -1.5228E-03   
1.1351E-02   -1.8242E-03   
8.8082E-03   -2.6325E-03   
6.2169E-03   -3.8929E-03   
9.2269E-03   -3.0672E-03   
1.1001E-02   -1.5265E-03   
1.2721E-02   -9.6724E-04   
1.4348E-02   -8.1878E-04   
1.5912E-02   -7.9858E-04   
1.7399E-02   -8.0603E-04   
1.9098E-02   -7.3954E-04   
2.0678E-02   -6.8592E-04   
2.2149E-02   -6.1670E-04   
2.3667E-02   -6.2090E-04   
2.5320E-02   -4.9192E-04   
2.6909E-02   -3.8799E-04   
2.8464E-02   -3.1238E-04   
3.0111E-02   -1.8153E-04   
3.1541E-02   -7.6562E-05   
1.3502E-02   -6.8261E-04   
1.4332E-02   -3.2290E-04   
1.5278E-02   -3.0351E-04   
1.6588E-02   -3.1160E-04   
1.7843E-02   -3.1729E-04   
1.9389E-02   -3.3423E-04   
2.0770E-02   -3.4315E-04   
2.2143E-02   -3.3561E-04   
2.3910E-02   -2.6981E-04   
2.5387E-02   -2.1814E-04   
2.7059E-02   -1.8732E-04   
2.8702E-02   -1.3521E-04   
3.0308E-02   -8.8726E-05   
3.1782E-02   -2.8965E-05   
3.1465E-02   -1.9626E-04   
2.9998E-02   -4.1400E-04   
2.8202E-02   -6.9470E-04   
2.6543E-02   -8.6829E-04   
2.5108E-02   -1.1161E-03   
2.3306E-02   -1.3155E-03   
2.1529E-02   -1.4955E-03   
1.9844E-02   -1.6357E-03   
1.8092E-02   -1.8064E-03   
1.6449E-02   -1.9552E-03   
1.4343E-02   -2.1889E-03   
1.2093E-02   -2.5344E-03   
9.8849E-03   -3.0103E-03   
7.5715E-03   -3.6969E-03   
4.9848E-03   -4.7577E-03   
2.4795E-03   -5.7735E-03   
3.1371E-02   -2.9107E-04   
3.0126E-02   -5.2884E-04   
2.7991E-02   -9.4203E-04   
2.6591E-02   -1.2011E-03   
2.4919E-02   -1.4601E-03   
2.2909E-02   -1.7941E-03   
2.1131E-02   -1.9768E-03   
1.9406E-02   -2.1699E-03   
1.7377E-02   -2.4507E-03   
1.5477E-02   -2.7604E-03   
1.3464E-02   -3.0966E-03   
1.1349E-02   -3.4075E-03   
9.0767E-03   -4.0355E-03   
6.8635E-03   -4.6320E-03   
4.4610E-03   -5.4797E-03   
2.1260E-03   -6.2176E-03   
3.1827E-02   -2.5446E-04   
2.9569E-02   -7.9497E-04   
2.8283E-02   -1.0760E-03   
2.6715E-02   -1.4477E-03   
2.4374E-02   -1.9213E-03   
2.2707E-02   -2.2368E-03   
2.0975E-02   -2.4952E-03   
1.8927E-02   -2.8386E-03   
1.7060E-02   -3.1745E-03   
1.5045E-02   -3.4557E-03   
1.3146E-02   -3.7818E-03   
1.0767E-02   -4.2138E-03   
8.4602E-03   -4.9410E-03   
6.3074E-03   -5.4619E-03   
4.2861E-03   -6.1186E-03   
2.1076E-03   -6.6408E-03   
3.1104E-02   -5.2048E-04   
2.9780E-02   -9.1623E-04   
2.8178E-02   -1.3894E-03   
2.6563E-02   -1.8452E-03   
2.4222E-02   -2.3912E-03   
2.2341E-02   -2.7323E-03   
2.0430E-02   -3.1697E-03   
1.8599E-02   -3.5636E-03   
1.6415E-02   -3.8607E-03   
1.4638E-02   -4.1211E-03   
1.2830E-02   -4.5824E-03   
1.0432E-02   -5.1506E-03   
8.0903E-03   -5.7489E-03   
6.0430E-03   -6.2595E-03   
3.8652E-03   -6.7841E-03   
2.0187E-03   -7.1198E-03   
3.1504E-02   -5.5082E-04   
2.9705E-02   -1.2142E-03   
2.8231E-02   -1.6664E-03   
2.5923E-02   -2.3921E-03   
2.3890E-02   -2.9986E-03   
2.2076E-02   -3.3655E-03   
1.9826E-02   -3.8567E-03   
1.8138E-02   -4.2150E-03   
1.5949E-02   -4.5640E-03   
1.4040E-02   -4.9335E-03   
1.1878E-02   -5.4096E-03   
1.0115E-02   -5.8557E-03   
7.9916E-03   -6.4026E-03   
5.8871E-03   -6.8955E-03   
3.8454E-03   -7.3458E-03   
1.8079E-03   -7.6691E-03   
3.1250E-02   -7.4264E-04   
2.9277E-02   -1.5461E-03   
2.7899E-02   -2.0415E-03   
2.5221E-02   -3.0090E-03   
2.3599E-02   -3.4853E-03   
2.1754E-02   -4.0036E-03   
1.9733E-02   -4.4008E-03   
1.7691E-02   -4.8518E-03   
1.5426E-02   -5.3616E-03   
1.3533E-02   -5.7502E-03   
1.1676E-02   -6.1310E-03   
9.7419E-03   -6.5986E-03   
7.6148E-03   -7.1917E-03   
5.8041E-03   -7.5336E-03   
3.7544E-03   -7.9580E-03   
1.8635E-03   -8.2047E-03   
3.1401E-02   -8.8301E-04   
2.9712E-02   -1.7032E-03   
2.7444E-02   -2.6337E-03   
2.5462E-02   -3.4604E-03   
2.3315E-02   -3.9728E-03   
2.1243E-02   -4.5100E-03   
1.9270E-02   -5.0191E-03   
1.7295E-02   -5.4927E-03   
1.5319E-02   -5.9554E-03   
1.3147E-02   -6.3624E-03   
1.1227E-02   -6.9576E-03   
9.2134E-03   -7.3569E-03   
7.4024E-03   -7.7267E-03   
5.5193E-03   -8.1686E-03   
3.5800E-03   -8.5677E-03   
1.9894E-03   -8.7288E-03   
3.0935E-02   -1.3397E-03   
2.8871E-02   -2.5265E-03   
2.7154E-02   -3.2033E-03   
2.4474E-02   -4.1886E-03   
2.2854E-02   -4.6672E-03   
2.0605E-02   -5.2740E-03   
1.8652E-02   -5.7948E-03   
1.6914E-02   -6.1127E-03   
1.4820E-02   -6.5741E-03   
1.2844E-02   -7.1296E-03   
1.1186E-02   -7.4698E-03   
9.1792E-03   -7.9593E-03   
7.1130E-03   -8.4355E-03   
5.2711E-03   -8.8069E-03   
3.5109E-03   -9.1254E-03   
1.5706E-03   -9.4393E-03   
5.6048E-04   -5.1942E-03   
1.1280E-03   -5.1838E-03   
1.6926E-03   -5.1638E-03   
2.2555E-03   -5.1359E-03   
2.8148E-03   -5.0995E-03   
3.3699E-03   -5.0543E-03   
3.9196E-03   -5.0006E-03   
4.9991E-03   -4.8697E-03   
5.5274E-03   -4.7930E-03   
6.0472E-03   -4.7088E-03   
6.5574E-03   -4.6172E-03   
7.0575E-03   -4.5185E-03   
7.5465E-03   -4.4126E-03   
8.0238E-03   -4.2999E-03   
8.9398E-03   -4.0547E-03   
9.3771E-03   -3.9228E-03   
9.7995E-03   -3.7852E-03   
1.0208E-02   -3.6419E-03   
1.0600E-02   -3.4936E-03   
1.0977E-02   -3.3396E-03   
1.1336E-02   -3.1809E-03   
1.2002E-02   -2.8503E-03   
1.2307E-02   -2.6787E-03   
1.2593E-02   -2.5031E-03   
1.2860E-02   -2.3239E-03   
1.3107E-02   -2.1413E-03   
1.3334E-02   -1.9555E-03   
1.3540E-02   -1.7670E-03   
1.3890E-02   -1.3823E-03   
1.4032E-02   -1.1864E-03   
1.4153E-02   -9.8809E-04   
1.4243E-02   -7.8814E-04   
1.4334E-02   -5.9180E-04   
1.4376E-02   -3.9737E-04   
1.4419E-02   -1.9292E-04   
1.4511E-02   -3.4330E-34   
1.4564E-02   -3.1944E-34   
1.4606E-02   -2.3622E-34   
1.4645E-02   -1.2486E-34   
1.4687E-02   -9.3553E-35   
1.4805E-02   -4.9546E-35   
1.4888E-02   -3.3493E-35   
1.4991E-02   -2.0409E-35   
1.5117E-02   -9.6474E-36   
1.5443E-02   6.8334E-36   
1.5646E-02   1.3151E-35   
1.5877E-02   1.8646E-35   
1.6137E-02   2.3771E-35   
1.6745E-02   3.3450E-35   
1.7095E-02   3.7999E-35   
1.7888E-02   4.7338E-35   
1.8333E-02   5.2387E-35   
1.9319E-02   9.4869E-35   
1.9862E-02   7.1310E-35   
2.1047E-02   1.3434E-34   
2.2366E-02   1.7393E-34   
2.3077E-02   1.9636E-34   
2.4598E-02   2.3665E-34   
2.6251E-02   3.1634E-34   
2.8967E-02   4.7272E-34   
3.0926E-02   4.9491E-34   
3.3000E-02   -4.2643E-34   
3.3000E-02   -4.2643E-34   
3.3000E-02   -4.2643E-34   
3.3000E-02   -4.2643E-34   
3.3000E-02   -4.2643E-34   
2.9229E-02   -2.5044E-03   
2.3797E-02   -4.8559E-03   
2.0104E-02   -5.9158E-03   
1.6539E-02   -6.7678E-03   
1.4234E-02   -7.2940E-03   
1.0915E-02   -8.0657E-03   
8.8230E-03   -8.5639E-03   
5.8984E-03   -9.2359E-03   
4.0952E-03   -9.5928E-03   
2.3961E-03   -9.8442E-03   
7.8542E-04   -9.9740E-03   
6.0290E-34   -9.7193E-03   
8.4640E-34   -9.2009E-03   
8.2949E-34   -8.7216E-03   
1.2081E-33   -8.5000E-03   
1.2196E-33   -8.0932E-03   
7.4711E-34   -7.7355E-03   
7.2684E-34   -7.5742E-03   
6.9893E-34   -7.4245E-03   
6.5226E-34   -7.1576E-03   
6.3247E-34   -7.0395E-03   
5.9893E-34   -6.8321E-03   
5.8377E-34   -6.7418E-03   
5.6781E-34   -6.6598E-03   
5.4072E-34   -6.5182E-03   
5.2927E-34   -6.4574E-03   
5.1908E-34   -6.4024E-03   
5.1024E-34   -6.3524E-03   
4.9686E-34   -6.2641E-03   
4.9238E-34   -6.2239E-03   
4.8952E-34   -6.1849E-03   
4.8842E-34   -6.1460E-03   
4.8921E-34   -6.1057E-03   
4.9633E-34   -6.0150E-03   
5.0228E-34   -5.9611E-03   
5.1058E-34   -5.8987E-03   
5.2166E-34   -5.8260E-03   
5.3904E-34   -5.7409E-03   
8.4953E-34   -5.6376E-03   
8.5643E-34   -5.5170E-03   
7.0305E-34   -5.3575E-03   
6.0422E-03   -4.6572E-03   
9.3272E-03   -3.7001E-03   
1.0557E-02   -3.2165E-03   
7.0272E-03   -4.4149E-03   
1.3387E-02   -1.6612E-03   
4.5138E-03   -4.9612E-03   
1.8630E-03   -5.2834E-03   
1.2616E-02   -2.1883E-03   
1.4109E-02   -9.5381E-04   
1.1668E-02   -2.7098E-03   
7.9791E-03   -4.1454E-03   
1.3794E-02   -1.3083E-03   
8.4409E-03   -4.0021E-03   
3.9934E-03   -5.0451E-03   
1.1316E-02   -2.8812E-03   
1.2894E-02   -2.0130E-03   
1.4458E-02   -2.6676E-04   
7.1733E-04   -5.3438E-03   
3.4685E-03   -5.1196E-03   
9.7479E-03   -3.5422E-03   
1.0154E-02   -3.3804E-03   
1.3602E-02   -1.4849E-03   
2.4044E-03   -5.2389E-03   
1.4234E-02   -7.7366E-04   
1.2987E-03   -5.3215E-03   
2.9393E-03   -5.1844E-03   
1.3151E-02   -1.8373E-03   
1.3963E-02   -1.1312E-03   
5.0295E-03   -4.8683E-03   
1.2319E-02   -2.3631E-03   
1.2002E-02   -2.5371E-03   
7.5080E-03   -4.2833E-03   
5.5393E-03   -4.7669E-03   
6.5388E-03   -4.5398E-03   
8.8911E-03   -3.8536E-03   
1.0945E-02   -3.0502E-03   
4.1474E-04   -5.6839E-03   
3.9446E-04   -5.7774E-03   
3.7990E-04   -5.8565E-03   
3.6648E-04   -5.9238E-03   
3.5605E-04   -5.9813E-03   
3.4967E-04   -6.0314E-03   
3.4616E-04   -6.0761E-03   
3.4469E-04   -6.1173E-03   
3.4485E-04   -6.1565E-03   
1.4566E-02   -1.2856E-04   
3.4649E-04   -6.1952E-03   
1.4604E-02   -1.0147E-04   
3.4958E-04   -6.2345E-03   
1.4643E-02   -8.1895E-05   
3.5407E-04   -6.2757E-03   
1.4689E-02   -6.7322E-05   
3.5988E-04   -6.3197E-03   
1.4747E-02   -5.7220E-05   
3.6691E-04   -6.3675E-03   
1.4821E-02   -5.0613E-05   
3.7510E-04   -6.4200E-03   
1.4915E-02   -4.6919E-05   
3.8434E-04   -6.4779E-03   
1.5030E-02   -4.5585E-05   
3.9459E-04   -6.5420E-03   
1.5168E-02   -4.6069E-05   
4.0583E-04   -6.6128E-03   
1.5332E-02   -4.7943E-05   
4.1757E-04   -6.6909E-03   
1.5523E-02   -5.1042E-05   
4.2958E-04   -6.7769E-03   
1.5741E-02   -5.5116E-05   
4.4313E-04   -6.8715E-03   
1.5988E-02   -5.9848E-05   
4.5874E-04   -6.9753E-03   
1.6264E-02   -6.4989E-05   
4.7514E-04   -7.0887E-03   
1.6570E-02   -6.9925E-05   
4.9182E-04   -7.2118E-03   
1.6903E-02   -7.5592E-05   
5.0865E-04   -7.3451E-03   
1.7265E-02   -8.1734E-05   
5.2508E-04   -7.4880E-03   
1.7656E-02   -8.8889E-05   
5.4730E-04   -7.6405E-03   
1.8082E-02   -9.5363E-05   
5.7357E-04   -7.8048E-03   
1.8542E-02   -1.0004E-04   
5.8756E-04   -7.9821E-03   
1.9035E-02   -1.0446E-04   
6.0208E-04   -8.1703E-03   
1.9566E-02   -1.0885E-04   
6.4472E-04   -8.3723E-03   
2.0137E-02   -1.1084E-04   
6.6981E-04   -8.5932E-03   
2.0727E-02   -1.0844E-04   
6.7430E-04   -8.8266E-03   
2.1340E-02   -1.1222E-04   
7.0024E-04   -9.0699E-03   
2.1998E-02   -1.1358E-04   
7.4147E-04   -9.3317E-03   
7.5009E-03   -4.1403E-03   
1.1691E-02   -2.4257E-03   
1.2950E-02   -1.7360E-03   
5.5678E-03   -4.7156E-03   
1.4425E-02   -3.9099E-04   
1.5066E-03   -5.4210E-03   
9.7096E-03   -3.3037E-03   
1.4187E-02   -7.5685E-04   
2.5424E-03   -5.3121E-03   
4.0719E-03   -5.0597E-03   
3.5674E-03   -5.1543E-03   
1.0948E-02   -2.7777E-03   
8.4291E-03   -3.8176E-03   
1.3675E-02   -1.2399E-03   
1.3869E-02   -1.0781E-03   
8.8747E-03   -3.6505E-03   
1.0545E-02   -2.9518E-03   
1.3214E-02   -1.5688E-03   
1.2665E-02   -1.9055E-03   
6.0585E-03   -4.5829E-03   
4.5743E-03   -4.9546E-03   
9.2604E-04   -5.4765E-03   
6.5446E-03   -4.4421E-03   
9.2969E-03   -3.4783E-03   
1.0129E-02   -3.1264E-03   
1.3456E-02   -1.4034E-03   
1.4039E-02   -9.1719E-04   
7.0260E-03   -4.2944E-03   
1.2034E-02   -2.2506E-03   
3.0571E-03   -5.2387E-03   
5.0733E-03   -4.8397E-03   
1.2359E-02   -2.0771E-03   
1.4315E-02   -5.9110E-04   
2.0213E-03   -5.3731E-03   
1.1329E-02   -2.6022E-03   
7.9698E-03   -3.9812E-03   
4.3221E-04   -5.5717E-03   
8.2643E-04   -5.7022E-03   
7.8894E-04   -5.7934E-03   
7.5523E-04   -5.8662E-03   
7.2438E-04   -5.9284E-03   
7.0520E-04   -5.9813E-03   
6.9486E-04   -6.0276E-03   
6.9001E-04   -6.0695E-03   
1.4521E-02   -1.7485E-04   
6.8898E-04   -6.1088E-03   
6.9107E-04   -6.1470E-03   
1.4525E-02   -2.2254E-04   
6.9605E-04   -6.1854E-03   
1.4555E-02   -1.8257E-04   
7.0387E-04   -6.2252E-03   
1.4596E-02   -1.4828E-04   
7.1438E-04   -6.2675E-03   
1.4646E-02   -1.2432E-04   
7.2738E-04   -6.3132E-03   
1.4712E-02   -1.0838E-04   
7.4235E-04   -6.3631E-03   
1.4796E-02   -9.8482E-05   
7.6139E-04   -6.4178E-03   
1.4900E-02   -9.3781E-05   
7.8394E-04   -6.4783E-03   
1.5028E-02   -9.3256E-05   
8.0534E-04   -6.5459E-03   
1.5180E-02   -9.5873E-05   
8.2520E-04   -6.6206E-03   
1.5360E-02   -1.0084E-04   
8.4626E-04   -6.7022E-03   
1.5568E-02   -1.0817E-04   
8.7108E-04   -6.7919E-03   
1.5803E-02   -1.1735E-04   
9.0050E-04   -6.8907E-03   
1.6067E-02   -1.2775E-04   
9.3328E-04   -6.9991E-03   
1.6364E-02   -1.3708E-04   
9.6737E-04   -7.1175E-03   
1.6685E-02   -1.4452E-04   
1.0013E-03   -7.2460E-03   
1.7020E-02   -1.5788E-04   
1.0291E-03   -7.3842E-03   
1.7387E-02   -1.6997E-04   
1.0495E-03   -7.5288E-03   
1.7788E-02   -1.8718E-04   
1.1136E-03   -7.6781E-03   
1.8233E-02   -1.9769E-04   
1.1709E-03   -7.8480E-03   
1.8712E-02   -2.0460E-04   
1.1704E-03   -8.0331E-03   
1.9224E-02   -2.1473E-04   
1.2232E-03   -8.2165E-03   
1.9794E-02   -2.2178E-04   
1.3945E-03   -8.4239E-03   
2.0406E-02   -2.2140E-04   
1.3432E-03   -8.6725E-03   
2.0968E-02   -2.0549E-04   
1.3672E-03   -8.9061E-03   
2.1571E-02   -2.4628E-04   
1.4368E-03   -9.1505E-03   
2.2691E-02   -1.1971E-04   
9.7096E-03   -3.0753E-03   
1.0156E-02   -2.8833E-03   
8.4500E-03   -3.6349E-03   
1.0579E-02   -2.7031E-03   
7.9935E-03   -3.8114E-03   
3.6685E-03   -5.1625E-03   
4.1582E-03   -5.0485E-03   
4.6459E-03   -4.9236E-03   
5.1315E-03   -4.7885E-03   
5.6150E-03   -4.6437E-03   
3.1706E-03   -5.2670E-03   
6.0965E-03   -4.4900E-03   
7.5264E-03   -3.9877E-03   
1.0987E-02   -2.5248E-03   
6.5762E-03   -4.3286E-03   
7.0536E-03   -4.1608E-03   
2.6576E-03   -5.3624E-03   
1.1374E-02   -2.3442E-03   
1.3538E-02   -1.1785E-03   
1.3757E-02   -1.0277E-03   
1.3948E-02   -8.8133E-04   
1.3293E-02   -1.3331E-03   
2.1460E-03   -5.4431E-03   
1.1743E-02   -2.1653E-03   
1.3026E-02   -1.4911E-03   
1.2424E-02   -1.8191E-03   
1.2093E-02   -1.9902E-03   
1.2736E-02   -1.6531E-03   
1.6645E-03   -5.4938E-03   
1.2533E-03   -5.5316E-03   
1.4115E-02   -7.3605E-04   
1.4262E-02   -5.8837E-04   
1.4388E-02   -4.3733E-04   
8.6017E-04   -5.6091E-03   
1.1889E-03   -5.7832E-03   
1.1149E-03   -5.8553E-03   
1.0714E-03   -5.9128E-03   
1.0485E-03   -5.9611E-03   
1.0374E-03   -6.0036E-03   
1.0336E-03   -6.0427E-03   
1.4489E-02   -2.7767E-04   
1.0349E-03   -6.0802E-03   
1.0407E-03   -6.1176E-03   
1.4424E-02   -3.1632E-04   
1.0507E-03   -6.1559E-03   
1.4463E-02   -2.4836E-04   
1.0649E-03   -6.1963E-03   
1.4506E-02   -2.0541E-04   
1.0828E-03   -6.2398E-03   
1.4563E-02   -1.7670E-04   
1.1032E-03   -6.2873E-03   
1.4637E-02   -1.5850E-04   
1.1305E-03   -6.3382E-03   
1.4733E-02   -1.4760E-04   
1.1743E-03   -6.3927E-03   
1.4850E-02   -1.4428E-04   
1.2082E-03   -6.4571E-03   
1.4989E-02   -1.4672E-04   
1.2282E-03   -6.5302E-03   
1.5158E-02   -1.5252E-04   
1.2552E-03   -6.6085E-03   
1.5357E-02   -1.6131E-04   
1.2845E-03   -6.6942E-03   
1.5580E-02   -1.7440E-04   
1.3237E-03   -6.7871E-03   
1.5831E-02   -1.9027E-04   
1.3761E-03   -6.8889E-03   
1.6122E-02   -2.0532E-04   
1.4296E-03   -7.0023E-03   
1.6453E-02   -2.1633E-04   
1.4811E-03   -7.1269E-03   
1.6768E-02   -2.1637E-04   
1.5244E-03   -7.2635E-03   
1.7075E-02   -2.5750E-04   
1.5388E-03   -7.4110E-03   
1.5097E-03   -7.5496E-03   
1.7668E-03   -7.8911E-03   
1.8827E-02   -3.1775E-04   
1.9693E-03   -8.5209E-03   
2.0538E-03   -8.9470E-03   
2.0015E-02   -3.4202E-04   
2.3454E-02   -1.2838E-04   
1.4024E-02   -7.1806E-04   
1.4186E-02   -5.8354E-04   
1.4334E-02   -4.4682E-04   
8.8994E-03   -3.2921E-03   
8.5089E-03   -3.4485E-03   
3.2867E-03   -5.2721E-03   
2.7786E-03   -5.3897E-03   
5.2053E-03   -4.7184E-03   
3.7745E-03   -5.1482E-03   
5.6810E-03   -4.5547E-03   
4.2540E-03   -5.0151E-03   
8.0520E-03   -3.6377E-03   
1.0655E-02   -2.4809E-03   
4.7303E-03   -4.8721E-03   
1.3387E-02   -1.1254E-03   
1.3117E-02   -1.2747E-03   
6.1572E-03   -4.3822E-03   
6.6338E-03   -4.2026E-03   
1.2175E-02   -1.7544E-03   
1.2510E-02   -1.5886E-03   
1.3633E-02   -9.8001E-04   
2.2495E-03   -5.4962E-03   
1.3845E-02   -8.4716E-04   
7.5833E-03   -3.8282E-03   
1.1820E-02   -1.9275E-03   
7.1103E-03   -4.0174E-03   
1.2825E-02   -1.4290E-03   
1.1057E-02   -2.2920E-03   
1.1447E-02   -2.1073E-03   
1.5294E-03   -5.7652E-03   
1.4476E-03   -5.8284E-03   
1.4082E-03   -5.8784E-03   
1.3881E-03   -5.9211E-03   
1.3795E-03   -5.9596E-03   
1.3789E-03   -5.9960E-03   
1.3846E-03   -6.0319E-03   
1.3959E-03   -6.0685E-03   
1.4439E-02   -3.3743E-04   
1.4298E-02   -3.6945E-04   
1.4124E-03   -6.1070E-03   
1.4331E-02   -3.0558E-04   
1.4343E-03   -6.1482E-03   
1.4380E-02   -2.5899E-04   
1.4600E-03   -6.1929E-03   
1.4443E-02   -2.2959E-04   
1.4898E-03   -6.2410E-03   
1.4527E-02   -2.1232E-04   
1.5310E-03   -6.2909E-03   
1.4640E-02   -2.0095E-04   
1.6441E-03   -6.3381E-03   
1.4763E-02   -2.0260E-04   
1.6270E-03   -6.4209E-03   
1.4913E-02   -2.0957E-04   
1.6604E-03   -6.4961E-03   
1.5108E-02   -2.1878E-04   
1.6935E-03   -6.5807E-03   
1.5326E-02   -2.3079E-04   
1.7933E-03   -6.7613E-03   
2.0371E-03   -7.4491E-03   
1.5823E-02   -2.7703E-04   
1.8841E-03   -6.8640E-03   
1.9530E-03   -6.9861E-03   
2.0742E-03   -7.2717E-03   
1.7485E-02   -2.5414E-04   
1.8387E-02   -2.9195E-04   
1.8924E-02   -4.4683E-04   
1.6162E-02   -2.9655E-04   
2.7173E-03   -8.7330E-03   
1.9532E-02   -4.6262E-04   
2.0575E-03   -8.3433E-03   
1.6929E-02   -3.6279E-04   
2.4437E-03   -7.7307E-03   
1.4253E-02   -4.5847E-04   
1.4081E-02   -5.9032E-04   
1.3925E-02   -7.0932E-04   
9.9553E-03   -2.6322E-03   
9.7924E-03   -2.8425E-03   
1.0326E-02   -2.4560E-03   
8.1611E-03   -3.4601E-03   
1.3496E-02   -9.4127E-04   
3.4243E-03   -5.2508E-03   
1.3743E-02   -8.0295E-04   
2.9249E-03   -5.3875E-03   
2.4060E-03   -5.5140E-03   
3.9013E-03   -5.1093E-03   
5.2956E-03   -4.6327E-03   
4.8282E-03   -4.8035E-03   
7.6751E-03   -3.6632E-03   
4.3664E-03   -4.9615E-03   
5.7671E-03   -4.4518E-03   
1.0740E-02   -2.2654E-03   
1.2277E-02   -1.5428E-03   
1.3223E-02   -1.0843E-03   
6.2413E-03   -4.2626E-03   
1.2615E-02   -1.3831E-03   
1.2930E-02   -1.2308E-03   
1.1920E-02   -1.7115E-03   
6.7180E-03   -4.0668E-03   
7.1963E-03   -3.8664E-03   
1.1543E-02   -1.8890E-03   
1.1148E-02   -2.0745E-03   
1.5141E-03   -5.6461E-03   
1.8171E-03   -5.7342E-03   
1.7696E-03   -5.7826E-03   
1.7413E-03   -5.8242E-03   
1.7271E-03   -5.8614E-03   
1.7235E-03   -5.8960E-03   
1.7285E-03   -5.9299E-03   
1.7402E-03   -5.9643E-03   
1.7583E-03   -6.0005E-03   
1.4107E-02   -4.3839E-04   
1.7831E-03   -6.0391E-03   
1.4167E-02   -3.5836E-04   
1.8143E-03   -6.0808E-03   
1.8471E-03   -6.1272E-03   
1.4221E-02   -3.1389E-04   
1.4287E-02   -2.8814E-04   
1.8704E-03   -6.1801E-03   
1.4373E-02   -2.7796E-04   
1.9767E-03   -6.3128E-03   
1.4603E-02   -2.7982E-04   
2.0567E-03   -6.3656E-03   
1.5044E-02   -2.9634E-04   
1.4816E-02   -2.8517E-04   
2.1237E-03   -6.4454E-03   
2.3519E-03   -6.6913E-03   
1.7214E-03   -6.6718E-03   
2.4279E-03   -6.8217E-03   
2.5188E-03   -6.9504E-03   
2.5389E-03   -8.3768E-03   
2.5019E-03   -8.1828E-03   
2.6180E-03   -7.0926E-03   
1.5796E-02   -3.8160E-04   
1.7324E-02   -3.4241E-04   
1.6566E-02   -4.4040E-04   
1.8300E-02   -4.1868E-04   
1.6166E-02   -4.0574E-04   
1.5552E-02   -2.5345E-04   
2.7431E-03   -7.2639E-03   
2.3362E-03   -7.9811E-03   
2.5725E-03   -7.5023E-03   
2.0164E-02   -4.7468E-04   
2.5968E-03   -8.9656E-03   
2.4588E-03   -8.5633E-03   
1.9024E-02   -5.8630E-04   
9.4904E-03   -2.7654E-03   
1.4136E-02   -4.8922E-04   
1.3610E-02   -7.7900E-04   
3.5948E-03   -5.2006E-03   
1.3333E-02   -9.1905E-04   
3.1211E-03   -5.3503E-03   
2.1580E-03   -5.6042E-03   
7.8018E-03   -3.4886E-03   
4.9393E-03   -4.7206E-03   
4.4850E-03   -4.8940E-03   
4.0443E-03   -5.0516E-03   
1.0421E-02   -2.2751E-03   
5.4037E-03   -4.5341E-03   
1.2397E-02   -1.3539E-03   
5.8740E-03   -4.3376E-03   
1.2732E-02   -1.2017E-03   
1.3042E-02   -1.0577E-03   
1.2038E-02   -1.5167E-03   
6.3493E-03   -4.1332E-03   
7.3113E-03   -3.7082E-03   
1.0847E-02   -2.0688E-03   
1.1659E-02   -1.6902E-03   
6.8291E-03   -3.9229E-03   
1.1261E-02   -1.8747E-03   
2.1814E-03   -5.6315E-03   
2.1379E-03   -5.6738E-03   
8.8688E-03   -3.0304E-03   
2.1020E-03   -5.7136E-03   
8.3146E-03   -3.2616E-03   
2.0785E-03   -5.7495E-03   
2.0697E-03   -5.7821E-03   
2.0726E-03   -5.8133E-03   
2.0843E-03   -5.8449E-03   
2.1039E-03   -5.8781E-03   
2.1312E-03   -5.9137E-03   
2.4376E-03   -6.2064E-03   
1.3940E-02   -4.6796E-04   
2.1664E-03   -5.9522E-03   
2.2086E-03   -5.9950E-03   
1.3983E-02   -4.1155E-04   
2.2513E-03   -6.0461E-03   
1.4030E-02   -3.7593E-04   
1.4089E-02   -3.5875E-04   
1.8801E-03   -6.2318E-03   
1.4490E-02   -3.6240E-04   
2.5433E-03   -6.2842E-03   
2.5371E-03   -6.5299E-03   
1.7097E-02   -4.7323E-04   
1.6115E-02   -5.3227E-04   
1.4999E-02   -3.9471E-04   
3.0039E-03   -6.7596E-03   
1.4711E-02   -3.7498E-04   
3.1420E-03   -6.8854E-03   
2.1400E-03   -6.5450E-03   
3.0610E-03   -8.4463E-03   
3.2517E-03   -7.0289E-03   
1.7688E-02   -4.6139E-04   
3.1482E-03   -7.5478E-03   
3.0464E-03   -7.7750E-03   
1.5436E-02   -3.5876E-04   
3.1402E-03   -8.1976E-03   
2.8958E-03   -6.6420E-03   
1.5749E-02   -5.0076E-04   
1.9646E-02   -6.0139E-04   
1.8441E-02   -5.6283E-04   
1.3683E-02   -6.5739E-04   
1.3426E-02   -7.8439E-04   
1.3907E-02   -6.1423E-04   
2.8955E-03   -5.4303E-03   
3.7863E-03   -5.1313E-03   
1.0081E-02   -2.3049E-03   
4.6083E-03   -4.8155E-03   
1.3149E-02   -9.1318E-04   
4.1630E-03   -4.9911E-03   
5.0650E-03   -4.6261E-03   
1.7593E-03   -5.6547E-03   
5.5301E-03   -4.4249E-03   
7.4566E-03   -3.5435E-03   
1.2173E-02   -1.3422E-03   
1.2849E-02   -1.0475E-03   
1.2524E-02   -1.1896E-03   
1.0538E-02   -2.0872E-03   
6.0026E-03   -4.2141E-03   
1.1793E-02   -1.5101E-03   
6.4813E-03   -3.9960E-03   
6.9662E-03   -3.7722E-03   
1.0974E-02   -1.8829E-03   
1.1393E-02   -1.6908E-03   
7.9682E-03   -3.3062E-03   
2.5294E-03   -5.5496E-03   
2.4834E-03   -5.5873E-03   
2.4386E-03   -5.6250E-03   
2.5934E-03   -5.5035E-03   
2.4195E-03   -5.6561E-03   
8.5021E-03   -3.0614E-03   
9.0572E-03   -2.8066E-03   
2.4181E-03   -5.6843E-03   
1.3876E-02   -5.4524E-04   
9.5910E-03   -2.5491E-03   
2.4290E-03   -5.7122E-03   
2.4498E-03   -5.7416E-03   
2.5178E-03   -5.8082E-03   
1.3744E-02   -5.1828E-04   
2.5693E-03   -5.8456E-03   
2.6409E-03   -5.8861E-03   
1.3760E-02   -4.7803E-04   
1.3804E-02   -4.5006E-04   
2.5859E-03   -6.0740E-03   
2.6733E-03   -6.3733E-03   
1.4329E-02   -4.6167E-04   
1.5414E-02   -4.7371E-04   
3.6125E-03   -6.6622E-03   
2.2379E-03   -6.1195E-03   
1.6507E-02   -5.7250E-04   
2.9278E-03   -6.1125E-03   
1.5655E-02   -6.3429E-04   
2.8427E-03   -6.5402E-03   
3.7228E-03   -7.5872E-03   
3.4369E-03   -6.5586E-03   
3.3993E-03   -7.1400E-03   
1.5134E-02   -4.6046E-04   
1.7955E-02   -5.4570E-04   
1.4554E-02   -4.8579E-04   
3.2774E-03   -7.3212E-03   
3.0595E-03   -7.9855E-03   
1.8490E-02   -7.1270E-04   
2.0221E-02   -6.0445E-04   
3.2099E-03   -8.8748E-03   
3.9173E-03   -8.2193E-03   
1.7490E-02   -3.9527E-04   
1.3237E-02   -7.9955E-04   
3.8054E-03   -5.1140E-03   
7.6316E-03   -3.3739E-03   
4.2962E-03   -4.9175E-03   
4.7497E-03   -4.7251E-03   
1.2954E-02   -9.2436E-04   
5.2081E-03   -4.5217E-03   
1.0223E-02   -2.1298E-03   
1.2319E-02   -1.1892E-03   
1.2654E-02   -1.0518E-03   
5.6763E-03   -4.3069E-03   
1.1944E-02   -1.3481E-03   
7.1282E-03   -3.6163E-03   
6.1533E-03   -4.0830E-03   
1.0682E-02   -1.9137E-03   
6.6377E-03   -3.8523E-03   
1.1544E-02   -1.5229E-03   
1.1122E-02   -1.7120E-03   
2.9295E-03   -5.4335E-03   
2.8073E-03   -5.4906E-03   
1.3721E-02   -5.7444E-04   
2.7750E-03   -5.5198E-03   
9.2265E-03   -2.6104E-03   
8.1563E-03   -3.1229E-03   
9.7377E-03   -2.3627E-03   
2.7683E-03   -5.5438E-03   
2.7760E-03   -5.5677E-03   
8.6925E-03   -2.8669E-03   
2.7969E-03   -5.5926E-03   
2.8288E-03   -5.6197E-03   
2.8702E-03   -5.6500E-03   
1.3862E-02   -4.4000E-04   
2.9261E-03   -5.6822E-03   
2.7362E-03   -5.9382E-03   
3.0067E-03   -5.7137E-03   
1.3462E-02   -6.0448E-04   
1.5016E-02   -5.6711E-04   
1.3500E-02   -5.5882E-04   
3.0558E-03   -6.1765E-03   
3.1182E-03   -6.3691E-03   
1.4135E-02   -4.4837E-04   
2.8745E-03   -6.0455E-03   
1.4776E-02   -5.2704E-04   
3.9416E-03   -6.4627E-03   
3.9786E-03   -7.0970E-03   
3.3090E-03   -6.4546E-03   
3.7688E-03   -6.9781E-03   
1.4123E-02   -5.8378E-04   
1.7393E-02   -6.2089E-04   
4.4366E-03   -7.3750E-03   
1.7939E-02   -6.7885E-04   
3.5762E-03   -7.7962E-03   
1.8511E-02   -8.7774E-04   
4.0170E-03   -8.7370E-03   
1.9828E-02   -7.5902E-04   
2.0786E-02   -5.1214E-04   
4.4717E-03   -8.3907E-03   
1.6837E-02   -6.3339E-04   
1.3320E-02   -7.0580E-04   
3.3500E-03   -5.2827E-03   
4.0365E-03   -5.0096E-03   
4.4634E-03   -4.8253E-03   
7.3127E-03   -3.4576E-03   
4.9091E-03   -4.6241E-03   
1.2777E-02   -9.4653E-04   
1.2490E-02   -1.0509E-03   
5.3697E-03   -4.4087E-03   
3.1329E-03   -5.3690E-03   
1.2117E-02   -1.2004E-03   
1.0388E-02   -1.9640E-03   
5.8430E-03   -4.1814E-03   
6.8145E-03   -3.7044E-03   
1.1714E-02   -1.3697E-03   
6.3256E-03   -3.9457E-03   
1.0849E-02   -1.7515E-03   
1.1290E-02   -1.5536E-03   
3.1289E-03   -5.3786E-03   
7.8285E-03   -3.2030E-03   
9.4064E-03   -2.4320E-03   
9.9068E-03   -2.1915E-03   
3.1281E-03   -5.3927E-03   
8.8855E-03   -2.6851E-03   
3.1270E-03   -5.4134E-03   
3.1460E-03   -5.4331E-03   
8.3560E-03   -2.9439E-03   
1.3551E-02   -6.1287E-04   
3.2814E-03   -5.5069E-03   
3.1795E-03   -5.4544E-03   
1.3542E-02   -5.3889E-04   
3.2246E-03   -5.4789E-03   
1.4130E-02   -3.6322E-04   
3.1269E-03   -5.8883E-03   
3.1147E-03   -5.7448E-03   
3.3049E-03   -5.9291E-03   
3.3604E-03   -5.5338E-03   
1.3183E-02   -6.8315E-04   
1.4341E-02   -6.1925E-04   
1.3923E-02   -5.6113E-04   
3.3619E-03   -6.0064E-03   
3.8640E-03   -6.3493E-03   
4.3594E-03   -6.8277E-03   
1.7944E-02   -8.4289E-04   
1.4576E-02   -6.6254E-04   
3.7042E-03   -6.2496E-03   
1.6372E-02   -7.2127E-04   
4.5720E-03   -7.1204E-03   
1.6793E-02   -7.9315E-04   
4.3061E-03   -7.6592E-03   
3.2051E-03   -6.2283E-03   
1.9132E-02   -9.0858E-04   
1.5312E-02   -6.0049E-04   
2.1445E-02   -4.0962E-04   
4.8966E-03   -8.0461E-03   
3.4395E-03   -5.2513E-03   
1.3027E-02   -8.3133E-04   
4.2138E-03   -4.9214E-03   
4.6422E-03   -4.7255E-03   
5.0888E-03   -4.5140E-03   
7.0107E-03   -3.5544E-03   
1.2743E-02   -8.9993E-04   
3.6899E-03   -5.1511E-03   
1.2319E-02   -1.0611E-03   
7.5179E-03   -3.2977E-03   
5.5538E-03   -4.2870E-03   
1.1902E-02   -1.2299E-03   
6.0327E-03   -4.0485E-03   
6.5189E-03   -3.8036E-03   
1.0573E-02   -1.8084E-03   
1.1477E-02   -1.4076E-03   
1.1034E-02   -1.5999E-03   
3.5315E-03   -5.2182E-03   
9.0885E-03   -2.5152E-03   
1.0094E-02   -2.0315E-03   
9.5990E-03   -2.2675E-03   
1.3972E-02   -4.3799E-04   
3.4841E-03   -5.2509E-03   
8.0384E-03   -3.0357E-03   
3.4991E-03   -5.2650E-03   
8.5646E-03   -2.7732E-03   
1.3213E-02   -6.5331E-04   
3.6376E-03   -5.3206E-03   
3.5326E-03   -5.2798E-03   
3.7133E-03   -5.3445E-03   
3.5792E-03   -5.2979E-03   
3.9005E-03   -5.7693E-03   
1.3111E-02   -7.4656E-04   
1.3590E-02   -5.3816E-04   
3.4632E-03   -5.5597E-03   
1.4545E-02   -2.5346E-04   
4.1103E-03   -6.0055E-03   
1.3751E-02   -5.5000E-04   
1.5166E-02   -7.4705E-04   
1.4845E-02   -7.0548E-04   
1.4101E-02   -7.6913E-04   
1.3878E-02   -7.2700E-04   
1.6132E-02   -8.8605E-04   
1.3676E-02   -6.9500E-04   
3.5519E-03   -6.1789E-03   
4.5245E-03   -6.2312E-03   
3.2250E-03   -5.7723E-03   
3.6453E-03   -5.7337E-03   
4.6947E-03   -6.5574E-03   
1.6949E-02   -9.3734E-04   
4.6893E-03   -6.9032E-03   
3.6323E-03   -6.0260E-03   
1.8519E-02   -1.0564E-03   
4.5275E-03   -7.8813E-03   
2.2270E-02   -2.1563E-04   
5.1549E-03   -7.1288E-03   
2.1399E-02   -5.6369E-04   
1.7938E-02   -1.0206E-03   
1.6021E-02   -6.6875E-04   
5.0556E-03   -7.3751E-03   
3.8102E-03   -5.0977E-03   
4.4141E-03   -4.8209E-03   
4.8397E-03   -4.6177E-03   
7.2243E-03   -3.4042E-03   
1.2535E-02   -9.2795E-04   
5.2871E-03   -4.3965E-03   
6.7290E-03   -3.6598E-03   
1.2097E-02   -1.1056E-03   
5.7605E-03   -4.1573E-03   
6.2429E-03   -3.9103E-03   
1.1683E-02   -1.2741E-03   
9.3021E-03   -2.3574E-03   
1.0773E-02   -1.6644E-03   
1.1241E-02   -1.4586E-03   
1.0293E-02   -1.8851E-03   
3.8127E-03   -5.1004E-03   
9.8042E-03   -2.1154E-03   
1.2894E-02   -8.0235E-04   
7.7365E-03   -3.1410E-03   
8.7835E-03   -2.6123E-03   
3.8560E-03   -5.0913E-03   
8.2587E-03   -2.8753E-03   
3.8918E-03   -5.0967E-03   
4.0712E-03   -5.1445E-03   
3.9966E-03   -5.1245E-03   
1.2881E-02   -7.8047E-04   
3.9371E-03   -5.1084E-03   
1.3244E-02   -6.4453E-04   
1.4311E-02   -3.6546E-04   
3.7987E-03   -5.3726E-03   
1.3499E-02   -6.7413E-04   
1.3604E-02   -8.8954E-04   
3.5129E-03   -5.7028E-03   
1.3596E-02   -5.6338E-04   
1.3397E-02   -8.5005E-04   
1.3827E-02   -9.4038E-04   
4.6362E-03   -5.9086E-03   
1.5540E-02   -7.8194E-04   
1.4638E-02   -8.6891E-04   
3.6215E-03   -5.5795E-03   
1.5480E-02   -9.6025E-04   
5.1940E-03   -6.6148E-03   
4.2874E-03   -6.4946E-03   
4.9179E-03   -5.9460E-03   
4.2805E-03   -5.7822E-03   
1.7917E-02   -1.2122E-03   
1.9121E-02   -1.0914E-03   
5.3601E-03   -6.8326E-03   
5.1012E-03   -7.5949E-03   
2.1956E-02   -4.6905E-04   
5.6322E-03   -7.1432E-03   
3.9967E-03   -5.0142E-03   
4.6397E-03   -4.7092E-03   
6.9515E-03   -3.5182E-03   
5.0315E-03   -4.5135E-03   
1.2244E-02   -1.0222E-03   
7.4509E-03   -3.2573E-03   
5.5014E-03   -4.2740E-03   
6.4651E-03   -3.7728E-03   
1.1895E-02   -1.1586E-03   
9.5250E-03   -2.2127E-03   
5.9813E-03   -4.0253E-03   
9.0138E-03   -2.4620E-03   
4.2357E-03   -4.9045E-03   
1.1482E-02   -1.3275E-03   
1.0494E-02   -1.7572E-03   
1.0016E-02   -1.9789E-03   
4.2726E-03   -4.8999E-03   
8.4904E-03   -2.7234E-03   
7.9665E-03   -2.9905E-03   
1.2893E-02   -7.6500E-04   
1.3359E-02   -6.6363E-04   
4.4329E-03   -4.9352E-03   
4.3040E-03   -4.9101E-03   
3.9300E-03   -5.5397E-03   
4.3592E-03   -4.9209E-03   
1.3280E-02   -6.5396E-04   
4.1550E-03   -5.1707E-03   
5.1847E-03   -5.7035E-03   
1.3090E-02   -1.0256E-03   
3.8679E-03   -5.4088E-03   
1.3296E-02   -1.0742E-03   
1.3210E-02   -8.2164E-04   
1.4079E-02   -1.0007E-03   
4.7308E-03   -5.7399E-03   
6.3513E-03   -6.9825E-03   
5.3148E-03   -5.9732E-03   
1.5807E-02   -1.0754E-03   
1.5001E-02   -9.1737E-04   
1.9111E-02   -1.2775E-03   
4.4827E-03   -5.5877E-03   
5.7285E-03   -7.3127E-03   
1.7340E-02   -1.1722E-03   
1.9735E-02   -9.5042E-04   
5.8582E-03   -6.5264E-03   
5.1127E-03   -6.2400E-03   
5.3818E-03   -6.3528E-03   
1.7879E-02   -1.4202E-03   
1.2541E-02   -8.9859E-04   
7.1839E-03   -3.3815E-03   
6.6967E-03   -3.6389E-03   
4.7266E-03   -4.6672E-03   
1.1344E-02   -1.3715E-03   
1.2949E-02   -7.8614E-04   
5.2469E-03   -4.4018E-03   
9.2557E-03   -2.3234E-03   
1.2140E-02   -1.0471E-03   
9.7565E-03   -2.0823E-03   
1.1708E-02   -1.2205E-03   
5.7287E-03   -4.1502E-03   
8.7352E-03   -2.5809E-03   
7.6886E-03   -3.1167E-03   
8.2089E-03   -2.8477E-03   
4.6866E-03   -4.7031E-03   
1.0646E-02   -1.6738E-03   
1.0233E-02   -1.8597E-03   
4.7966E-03   -4.7205E-03   
4.7263E-03   -4.7125E-03   
4.2210E-03   -5.2177E-03   
4.5196E-03   -4.9560E-03   
1.2911E-02   -7.6854E-04   
4.9358E-03   -5.3566E-03   
1.3048E-02   -8.0368E-04   
1.2760E-02   -1.2217E-03   
4.8733E-03   -5.5320E-03   
1.2898E-02   -9.9008E-04   
1.3514E-02   -1.1370E-03   
1.6746E-02   -1.1266E-03   
1.4392E-02   -1.0622E-03   
5.6042E-03   -5.7072E-03   
4.2164E-03   -5.3227E-03   
4.0833E-03   -5.5720E-03   
1.6420E-02   -9.9777E-04   
1.5197E-02   -1.1894E-03   
5.7324E-03   -5.9637E-03   
6.4515E-03   -7.2186E-03   
6.6494E-03   -6.6492E-03   
5.3594E-03   -5.4683E-03   
1.7389E-02   -9.8009E-04   
1.8506E-02   -1.4393E-03   
1.9715E-02   -1.1252E-03   
2.0291E-02   -8.4226E-04   
5.8689E-03   -6.0837E-03   
6.5221E-03   -6.3132E-03   
1.1502E-02   -1.3032E-03   
6.4473E-03   -3.7721E-03   
6.9243E-03   -3.5179E-03   
1.2537E-02   -9.1542E-04   
1.0494E-02   -1.7392E-03   
1.0009E-02   -1.9612E-03   
1.1858E-02   -1.1591E-03   
7.4207E-03   -3.2551E-03   
9.5109E-03   -2.1964E-03   
8.9948E-03   -2.4482E-03   
5.9781E-03   -4.0227E-03   
8.4661E-03   -2.7134E-03   
7.9377E-03   -2.9847E-03   
5.0423E-03   -4.5140E-03   
5.0935E-03   -4.5051E-03   
5.1579E-03   -4.5057E-03   
4.8863E-03   -4.7334E-03   
4.6012E-03   -4.9933E-03   
5.4802E-03   -4.2879E-03   
1.2533E-02   -8.9795E-04   
1.2384E-02   -1.1493E-03   
1.1009E-02   -1.5100E-03   
1.2563E-02   -1.1796E-03   
4.8971E-03   -5.2459E-03   
4.4924E-03   -5.3303E-03   
6.3313E-03   -5.7876E-03   
1.2964E-02   -1.2768E-03   
4.6611E-03   -5.0573E-03   
1.2524E-02   -9.6691E-04   
5.9286E-03   -5.4050E-03   
1.3743E-02   -1.2210E-03   
5.5239E-03   -5.2111E-03   
1.5548E-02   -1.2538E-03   
1.6280E-02   -1.3104E-03   
1.4787E-02   -1.1207E-03   
2.0889E-02   -8.3934E-04   
6.8997E-03   -6.0050E-03   
6.5926E-03   -5.8964E-03   
7.1798E-03   -6.6752E-03   
1.7903E-02   -1.6283E-03   
6.6488E-03   -7.4508E-03   
1.9076E-02   -1.4663E-03   
2.0336E-02   -9.8700E-04   
1.1765E-02   -1.2069E-03   
6.6624E-03   -3.6712E-03   
6.1994E-03   -3.9181E-03   
1.0286E-02   -1.8457E-03   
1.2159E-02   -1.0451E-03   
9.7851E-03   -2.0785E-03   
7.1545E-03   -3.4094E-03   
9.2729E-03   -2.3246E-03   
7.6719E-03   -3.1367E-03   
8.7423E-03   -2.5872E-03   
5.5095E-03   -4.2978E-03   
8.2039E-03   -2.8608E-03   
5.2514E-03   -4.5071E-03   
1.1298E-02   -1.4008E-03   
1.2022E-02   -1.3540E-03   
5.8162E-03   -4.1218E-03   
5.0649E-03   -4.8094E-03   
5.3607E-03   -4.5185E-03   
5.1544E-03   -5.0160E-03   
1.0791E-02   -1.6185E-03   
1.2222E-02   -1.3835E-03   
1.5631E-02   -1.4216E-03   
1.2114E-02   -1.0889E-03   
1.2422E-02   -1.4276E-03   
5.4500E-03   -5.0475E-03   
1.3151E-02   -1.3536E-03   
1.4088E-02   -1.2945E-03   
1.2214E-02   -1.1366E-03   
7.3427E-03   -5.6832E-03   
6.0043E-03   -5.1745E-03   
6.6725E-03   -5.1744E-03   
1.6075E-02   -1.1939E-03   
2.1101E-02   -1.0226E-03   
7.0572E-03   -5.5619E-03   
1.4546E-02   -1.3518E-03   
1.6148E-02   -1.4997E-03   
1.7296E-02   -1.8691E-03   
7.3349E-03   -6.0843E-03   
7.4740E-03   -6.3253E-03   
1.7089E-02   -1.6410E-03   
2.1343E-02   -7.0207E-04   
1.9718E-02   -1.3045E-03   
5.7592E-03   -7.8011E-03   
5.9967E-03   -5.7327E-03   
6.3824E-03   -3.8478E-03   
5.9257E-03   -4.0868E-03   
1.0081E-02   -1.9691E-03   
1.1627E-02   -1.2948E-03   
9.5698E-03   -2.2108E-03   
7.4007E-03   -3.3089E-03   
5.6026E-03   -4.2873E-03   
9.0381E-03   -2.4704E-03   
5.4694E-03   -4.5512E-03   
7.9412E-03   -3.0264E-03   
5.1300E-03   -4.8865E-03   
8.4902E-03   -2.7449E-03   
1.0587E-02   -1.7377E-03   
5.7300E-03   -4.2774E-03   
1.1653E-02   -1.5783E-03   
1.2045E-02   -1.1535E-03   
1.1088E-02   -1.5177E-03   
1.1850E-02   -1.3305E-03   
1.1938E-02   -1.5695E-03   
1.2632E-02   -1.4819E-03   
7.8560E-03   -5.3362E-03   
6.2263E-03   -4.9180E-03   
6.9288E-03   -5.2456E-03   
6.4413E-03   -5.1117E-03   
1.4866E-02   -1.6369E-03   
1.9623E-02   -1.4833E-03   
7.6535E-03   -6.7338E-03   
5.7775E-03   -4.7665E-03   
6.6886E-03   -5.4957E-03   
1.4339E-02   -1.5938E-03   
1.6676E-02   -1.5184E-03   
2.1586E-02   -8.1121E-04   
2.0493E-02   -1.3335E-03   
1.7517E-02   -2.0558E-03   
8.3448E-03   -6.0666E-03   
6.4980E-03   -7.7984E-03   
1.3822E-02   -1.5537E-03   
5.2173E-03   -7.7740E-03   
9.8842E-03   -2.1072E-03   
1.1724E-02   -1.3107E-03   
1.0393E-02   -1.8695E-03   
9.3572E-03   -2.3614E-03   
7.6735E-03   -3.2126E-03   
6.0729E-03   -4.0505E-03   
4.7264E-03   -5.1236E-03   
5.5554E-03   -4.6169E-03   
1.0897E-02   -1.6426E-03   
5.8836E-03   -4.2776E-03   
1.1456E-02   -1.5526E-03   
6.8767E-03   -3.5863E-03   
8.2378E-03   -2.9211E-03   
7.5170E-03   -5.1802E-03   
7.0112E-03   -4.8919E-03   
1.2045E-02   -1.6485E-03   
6.6291E-03   -4.8927E-03   
5.6213E-03   -4.7092E-03   
5.9970E-03   -4.7813E-03   
5.9300E-03   -4.9226E-03   
7.4391E-03   -4.9225E-03   
8.0723E-03   -5.5146E-03   
1.5417E-02   -1.6946E-03   
1.8952E-02   -1.6975E-03   
1.4122E-02   -1.8504E-03   
1.0969E-02   -1.8258E-03   
1.3099E-02   -1.7964E-03   
1.6075E-02   -1.7611E-03   
8.4746E-03   -6.4731E-03   
6.9715E-03   -6.9372E-03   
1.3617E-02   -1.8127E-03   
1.7278E-02   -1.3799E-03   
8.7912E-03   -6.1413E-03   
7.9813E-03   -5.9931E-03   
1.8301E-02   -1.9889E-03   
1.6709E-02   -2.1455E-03   
1.0211E-02   -2.0112E-03   
9.7135E-03   -2.2511E-03   
1.1278E-02   -1.5337E-03   
6.0135E-03   -4.3201E-03   
1.1321E-02   -1.4555E-03   
1.0714E-02   -1.7799E-03   
9.1664E-03   -2.5223E-03   
6.2621E-03   -4.0149E-03   
7.9826E-03   -3.1166E-03   
8.5708E-03   -2.8184E-03   
7.6693E-03   -4.6159E-03   
7.2639E-03   -4.6161E-03   
6.5824E-03   -3.7867E-03   
6.0736E-03   -4.5365E-03   
6.0650E-03   -4.4231E-03   
6.3808E-03   -4.5034E-03   
7.1199E-03   -3.5038E-03   
1.2367E-02   -1.7030E-03   
1.0577E-02   -2.1017E-03   
1.2913E-02   -2.0489E-03   
6.4831E-03   -4.6370E-03   
1.2484E-02   -1.8697E-03   
8.6642E-03   -5.7401E-03   
1.4627E-02   -1.9056E-03   
8.6907E-03   -5.1443E-03   
6.8306E-03   -6.3973E-03   
9.3112E-03   -6.1848E-03   
1.1559E-02   -1.9260E-03   
1.3389E-02   -2.0770E-03   
8.2237E-03   -4.7549E-03   
9.1457E-03   -5.8096E-03   
8.0875E-03   -6.8267E-03   
1.6975E-02   -2.3258E-03   
1.9158E-02   -1.9251E-03   
1.0072E-02   -2.1372E-03   
1.0535E-02   -1.9273E-03   
7.4091E-03   -3.4155E-03   
6.5284E-03   -4.2760E-03   
8.3267E-03   -3.0242E-03   
7.1542E-03   -4.3418E-03   
6.5307E-03   -3.9742E-03   
1.0810E-02   -2.1568E-03   
6.8345E-03   -3.7191E-03   
6.6348E-03   -4.0698E-03   
1.2842E-02   -1.5153E-03   
8.9581E-03   -2.7156E-03   
1.0988E-02   -1.7190E-03   
7.5269E-03   -4.3292E-03   
1.2680E-02   -2.3165E-03   
7.9279E-03   -4.3233E-03   
1.2514E-02   -2.0363E-03   
6.1821E-03   -6.6050E-03   
1.0001E-02   -6.1829E-03   
1.3864E-02   -2.1254E-03   
7.2360E-03   -7.0629E-03   
9.1579E-03   -4.4942E-03   
8.9199E-03   -5.3759E-03   
1.1761E-02   -2.0398E-03   
1.5145E-02   -1.9784E-03   
8.5680E-03   -6.9331E-03   
9.3229E-03   -4.7471E-03   
9.5219E-03   -5.4515E-03   
9.0293E-03   -6.5358E-03   
1.6133E-02   -2.4416E-03   
8.0767E-03   -4.6030E-03   
2.0066E-02   -1.8385E-03   
7.7379E-03   -3.3237E-03   
7.8019E-03   -4.0289E-03   
9.6478E-03   -2.3779E-03   
7.1666E-03   -3.6245E-03   
1.0088E-02   -2.4030E-03   
8.3430E-03   -4.3313E-03   
6.8776E-03   -4.3426E-03   
1.3583E-02   -2.4153E-03   
8.6831E-03   -2.9486E-03   
8.1949E-03   -4.0208E-03   
7.0172E-03   -3.7892E-03   
1.1015E-02   -2.2546E-03   
1.3125E-02   -2.3596E-03   
1.0298E-02   -2.1087E-03   
6.9666E-03   -4.1652E-03   
1.1922E-02   -2.1806E-03   
7.5457E-03   -5.8083E-03   
8.7286E-03   -4.3859E-03   
9.5362E-03   -4.9498E-03   
9.9014E-03   -5.0805E-03   
1.0094E-02   -5.5531E-03   
1.0910E-02   -5.8005E-03   
1.6429E-02   -2.6582E-03   
8.0160E-03   -7.3215E-03   
1.4819E-02   -2.2727E-03   
2.0686E-02   -1.5678E-03   
8.0772E-03   -3.2454E-03   
7.5110E-03   -3.5323E-03   
9.3975E-03   -2.6279E-03   
8.4674E-03   -3.7157E-03   
1.0271E-02   -2.4945E-03   
1.2152E-02   -2.3165E-03   
1.1213E-02   -2.3724E-03   
8.6215E-03   -4.0176E-03   
1.2857E-02   -2.6544E-03   
1.2413E-02   -2.6023E-03   
1.5337E-02   -2.5289E-03   
1.4055E-02   -2.4892E-03   
1.0762E-02   -4.7924E-03   
1.0145E-02   -4.5780E-03   
7.4027E-03   -4.0683E-03   
1.5605E-02   -2.0887E-03   
1.7706E-02   -2.2125E-03   
1.5569E-02   -3.0537E-03   
1.0951E-02   -5.5008E-03   
1.0937E-02   -6.1072E-03   
1.1068E-02   -5.1884E-03   
9.5393E-03   -4.0900E-03   
8.9849E-03   -7.0894E-03   
2.0928E-02   -1.7555E-03   
7.8255E-03   -3.4783E-03   
1.0000E-02   -2.3196E-03   
7.5379E-03   -3.8423E-03   
8.9582E-03   -2.9253E-03   
1.2057E-02   -2.9604E-03   
9.4930E-03   -2.7695E-03   
8.4091E-03   -3.1936E-03   
1.0470E-02   -2.6071E-03   
8.8867E-03   -3.7000E-03   
1.1537E-02   -2.6556E-03   
9.3663E-03   -3.6903E-03   
1.1697E-02   -2.8175E-03   
1.5912E-02   -2.2468E-03   
1.3319E-02   -2.7094E-03   
1.4572E-02   -2.5842E-03   
1.8329E-02   -2.2508E-03   
9.9811E-03   -4.3679E-03   
1.5250E-02   -2.3418E-03   
9.9389E-03   -4.1535E-03   
1.4717E-02   -2.8193E-03   
8.0997E-03   -3.6981E-03   
9.9629E-03   -3.6796E-03   
1.1343E-02   -4.8440E-03   
1.4758E-02   -3.0726E-03   
1.6448E-02   -2.9035E-03   
1.0272E-02   -4.7647E-03   
1.1694E-02   -5.1863E-03   
1.1609E-02   -5.7367E-03   
8.3495E-03   -7.4524E-03   
8.1272E-03   -3.4751E-03   
9.6136E-03   -3.3615E-03   
8.8097E-03   -3.1171E-03   
9.7524E-03   -2.8436E-03   
1.0584E-02   -4.0199E-03   
9.1298E-03   -3.3995E-03   
1.1207E-02   -3.1647E-03   
1.2695E-02   -2.9073E-03   
1.2409E-02   -5.5274E-03   
1.4058E-02   -3.1086E-03   
7.2688E-03   -3.7537E-03   
1.0449E-02   -3.7898E-03   
1.3752E-02   -2.7911E-03   
1.0716E-02   -2.7097E-03   
1.0918E-02   -3.0153E-03   
1.1666E-02   -4.4881E-03   
8.1348E-03   -7.7545E-03   
1.1963E-02   -4.8840E-03   
1.4707E-02   -3.3176E-03   
1.7024E-02   -2.6956E-03   
1.1418E-02   -2.4964E-03   
7.0780E-03   -3.9663E-03   
8.7211E-03   -3.4582E-03   
1.0124E-02   -3.3501E-03   
9.2249E-03   -3.1745E-03   
1.3009E-02   -3.0137E-03   
1.0367E-02   -3.0346E-03   
1.0703E-02   -3.4736E-03   
9.1909E-03   -3.0424E-03   
1.4129E-02   -3.6311E-03   
8.6891E-03   -3.3251E-03   
1.7744E-02   -2.5858E-03   
1.4014E-02   -3.3851E-03   
1.1036E-02   -4.4210E-03   
1.0579E-02   -3.3358E-03   
1.2964E-02   -5.1580E-03   
7.2166E-03   -8.0919E-03   
1.0988E-02   -2.7793E-03   
1.1588E-02   -4.0099E-03   
1.2241E-02   -3.2013E-03   
1.2586E-02   -3.3867E-03   
1.2077E-02   -4.1039E-03   
1.4383E-02   -3.8508E-03   
1.1083E-02   -3.7276E-03   
1.2636E-02   -4.9413E-03   
1.3258E-02   -5.3215E-03   
1.2433E-02   -3.7327E-03   
1.1283E-02   -3.8718E-03   
1.4042E-02   -5.2955E-03   
1.2588E-02   -4.2078E-03   
1.4112E-02   -2.8784E-03   
1.5366E-02   -3.6617E-03   
1.3473E-02   -4.0034E-03   
1.1743E-02   -3.5494E-03   
1.3281E-02   -3.4128E-03   
1.2222E-02   -4.5540E-03   
1.3645E-02   -4.2357E-03   
1.6123E-02   -3.2300E-03   
1.4875E-02   -4.8783E-03   
1.2951E-02   -4.3161E-03   
1.1926E-02   -3.7092E-03   
1.3609E-02   -4.5381E-03   
1.4381E-02   -4.5262E-03   
1.5375E-02   -4.1875E-03   
1.5733E-02   -3.8310E-03   
1.5098E-02   -4.5548E-03   
7.4099E-04   -9.6174E-03   
1.3526E-02   -4.8188E-03   
1.2753E-02   -5.7112E-03   
2.2232E-02   -8.0375E-04   
1.6717E-03   -8.0689E-03   
2.4255E-02   -1.1986E-04   
2.1799E-02   -1.6695E-03   
1.3462E-03   -9.7279E-03   
6.4429E-03   -8.1114E-03   
1.5193E-02   -5.0614E-03   
2.2607E-02   -4.2805E-04   
2.0575E-03   -9.6436E-03   
7.2364E-03   -7.5006E-03   
2.9218E-03   -9.5230E-03   
3.8047E-03   -9.3914E-03   
4.6861E-03   -9.2335E-03   
5.5954E-03   -9.0529E-03   
2.5031E-02   -1.0967E-04   
6.5239E-03   -8.8540E-03   
7.4981E-03   -8.6252E-03   
2.1234E-02   -1.3618E-03   
8.5023E-03   -8.3885E-03   
2.5831E-02   -1.0570E-04   
9.5221E-03   -8.1401E-03   
1.0571E-02   -7.8817E-03   
1.6257E-02   -3.5053E-03   
1.1756E-02   -7.5728E-03   
2.6672E-02   -9.8027E-05   
1.8508E-02   -1.6061E-03   
1.2702E-02   -7.4285E-03   
9.4899E-03   -5.9102E-03   
4.9007E-03   -8.5710E-03   
2.1388E-02   -1.1871E-03   
1.3804E-02   -7.0713E-03   
1.5041E-02   -6.8181E-03   
2.7540E-02   -8.6788E-05   
1.6195E-02   -6.5587E-03   
1.0042E-02   -6.8522E-03   
1.7476E-02   -6.2440E-03   
1.8475E-02   -6.0982E-03   
2.8438E-02   -7.5396E-05   
1.9632E-02   -5.7326E-03   
2.0938E-02   -5.4238E-03   
2.1637E-03   -9.1634E-03   
2.2163E-02   -5.0922E-03   
2.9476E-02   -6.8156E-05   
2.2919E-02   -2.6700E-04   
1.0730E-02   -6.4523E-03   
2.3489E-02   -4.6741E-03   
2.4756E-02   -4.2982E-03   
2.0336E-02   -1.9953E-03   
3.0629E-02   -3.6961E-05   
1.8547E-02   -2.4576E-03   
1.7079E-02   -2.8945E-03   
2.7248E-02   -3.3683E-03   
3.1868E-02   -5.3462E-04   
3.2097E-02   -5.3284E-04   
3.1973E-02   -1.5173E-04   
3.2069E-02   -6.3399E-05   
3.1899E-02   -3.3968E-04   
8.7531E-03   -7.8052E-03   
3.0035E-02   -1.9498E-03   
2.5065E-03   -9.3419E-03   
1.9175E-02   -2.5024E-03   
1.8060E-02   -2.7994E-03   
4.4084E-03   -8.8717E-03   
1.6921E-02   -3.4923E-03   
5.6925E-03   -8.4223E-03   
2.2832E-02   -6.7660E-04   
1.5960E-02   -4.2420E-03   
2.2400E-02   -1.4068E-03   
6.3189E-03   -8.4376E-03   
1.1244E-02   -6.5753E-03   
4.3365E-03   -9.0921E-03   
1.2431E-02   -6.1236E-03   
6.1663E-03   -8.7215E-03   
2.0136E-02   -2.2387E-03   
2.1802E-02   -4.8950E-03   
1.5860E-02   -6.3571E-03   
8.1555E-03   -8.2162E-03   
1.0335E-02   -7.0416E-03   
1.0211E-02   -7.7100E-03   
9.9671E-03   -7.4569E-03   
2.6222E-02   -2.0602E-04   
1.6294E-02   -4.8396E-03   
2.3289E-02   -3.8284E-04   
2.2069E-02   -1.8238E-03   
2.4677E-02   -2.1345E-04   
2.9348E-02   -1.4711E-04   
1.4477E-02   -5.4642E-03   
1.7877E-02   -5.8581E-03   
2.1741E-02   -9.0642E-04   
2.2048E-02   -1.2325E-03   
1.6331E-02   -3.6708E-03   
1.1876E-02   -5.8422E-03   
3.1324E-02   -1.4791E-05   
2.6050E-02   -3.8360E-03   
1.2079E-02   -7.2073E-03   
2.3782E-02   -4.2947E-03   
3.2135E-02   -3.6120E-04   
3.2280E-02   -3.3238E-05   
3.2232E-02   -9.3226E-05   
3.2171E-02   -2.1827E-04   
1.9764E-02   -5.3620E-03   
1.3888E-02   -6.6871E-03   
2.7933E-02   -1.6277E-04   
2.8366E-02   -2.4487E-03   
3.0763E-02   -1.0779E-04   
2.9890E-02   -1.7810E-03   
3.0562E-02   -7.8203E-04   
3.0906E-02   -1.5052E-04   
3.0751E-02   -3.3668E-04   
3.0370E-02   -1.2171E-03   
1.9966E-02   -2.5315E-03   
1.5613E-02   -6.1427E-03   
2.3076E-02   -5.2518E-04   
2.3867E-02   -4.4015E-04   
2.5751E-02   -3.2828E-04   
2.7978E-03   -9.0977E-03   
1.4137E-02   -5.8675E-03   
1.7879E-02   -3.1783E-03   
1.0864E-02   -7.3360E-03   
2.2979E-02   -8.3105E-04   
2.7446E-02   -2.6816E-04   
2.5632E-02   -3.7306E-03   
7.8754E-03   -8.0636E-03   
1.4767E-02   -6.3216E-03   
1.1748E-02   -7.0801E-03   
1.7622E-02   -5.6835E-03   
1.3099E-02   -6.1147E-03   
2.0925E-02   -4.9194E-03   
1.6964E-02   -4.0508E-03   
1.2880E-02   -6.7779E-03   
2.1790E-02   -2.1005E-03   
2.2688E-02   -1.5785E-03   
1.8788E-02   -5.4267E-03   
1.7113E-02   -4.3749E-03   
2.8421E-02   -2.2808E-04   
1.6631E-02   -5.0797E-03   
2.6597E-02   -2.9731E-04   
1.2232E-02   -6.4778E-03   
2.2711E-02   -1.0327E-03   
1.6603E-02   -5.9184E-03   
1.7609E-02   -3.5876E-03   
2.4771E-02   -3.5222E-04   
2.2975E-02   -1.1663E-03   
2.9302E-02   -1.1916E-03   
2.9787E-02   -2.5885E-04   
2.9607E-02   -5.4280E-04   
2.9960E-02   -1.5048E-04   
2.0801E-02   -2.2672E-03   
2.6768E-02   -3.0906E-03   
2.8616E-02   -2.0298E-03   
3.0694E-02   -2.7911E-04   
3.0435E-02   -1.0425E-03   
3.0466E-02   -5.4097E-04   
3.0341E-02   -6.5384E-04   
1.6301E-02   -5.7196E-03   
1.2248E-02   -6.7314E-03   
2.7759E-02   -3.4588E-04   
2.4703E-02   -3.9230E-03   
1.4169E-02   -6.2515E-03   
1.7377E-02   -4.6335E-03   
1.5951E-02   -5.5314E-03   
2.3619E-02   -1.4738E-03   
2.4431E-02   -5.0952E-04   
2.0041E-02   -4.9702E-03   
2.6167E-02   -4.0850E-04   
2.9502E-02   -7.2991E-04   
2.9878E-02   -3.7494E-04   
2.3867E-02   -1.0770E-03   
1.9806E-02   -2.8479E-03   
2.3815E-02   -7.7624E-04   
1.8739E-02   -3.1970E-03   
2.9242E-02   -9.5988E-04   
2.7145E-02   -2.5541E-03   
2.2586E-02   -2.0716E-03   
2.2118E-02   -4.4631E-03   
1.7937E-02   -3.9648E-03   
1.5000E-02   -5.7940E-03   
1.8336E-02   -5.2540E-03   
2.1979E-02   -2.2935E-03   
2.9283E-02   -2.3081E-04   
2.6545E-02   -2.9544E-03   
2.8783E-02   -1.6081E-03   
2.0258E-02   -4.5563E-03   
1.9033E-02   -3.8052E-03   
2.1828E-02   -2.5604E-03   
2.3495E-02   -1.9267E-03   
1.9052E-02   -4.8227E-03   
1.6980E-02   -5.2900E-03   
2.8060E-02   -4.1194E-04   
2.5914E-02   -3.0128E-03   
2.6243E-02   -5.3968E-04   
2.7238E-02   -4.7362E-04   
1.8012E-02   -5.0589E-03   
2.4427E-02   -8.4543E-04   
2.4497E-02   -6.5153E-04   
2.4209E-02   -1.2184E-03   
1.7778E-02   -3.7897E-03   
1.8369E-02   -4.4473E-03   
2.3990E-02   -1.6151E-03   
2.2411E-02   -4.0869E-03   
2.0660E-02   -2.8574E-03   
1.9636E-02   -3.1775E-03   
1.8942E-02   -4.1124E-03   
2.2792E-02   -2.4074E-03   
2.3401E-02   -2.1649E-03   
2.3006E-02   -4.3745E-03   
2.4559E-02   -1.3488E-03   
1.8701E-02   -4.6372E-03   
2.8871E-02   -3.4331E-04   
2.5284E-02   -6.7654E-04   
2.4761E-02   -9.9680E-04   
2.4617E-02   -3.4827E-03   
2.5953E-02   -7.2031E-04   
1.9581E-02   -3.4407E-03   
2.1307E-02   -2.8938E-03   
2.3612E-02   -2.3368E-03   
1.9324E-02   -4.2397E-03   
2.5709E-02   -9.0151E-04   
2.6494E-02   -2.5763E-03   
2.4397E-02   -1.6997E-03   
2.5489E-02   -1.2166E-03   
2.4154E-02   -3.9243E-03   
2.7644E-02   -5.3805E-04   
2.0202E-02   -3.4900E-03   
2.1261E-02   -3.1467E-03   
2.9231E-02   -3.9551E-04   
2.5209E-02   -1.5801E-03   
2.8175E-02   -5.8128E-04   
2.0350E-02   -3.9844E-03   
2.5893E-02   -1.0280E-03   
2.7172E-02   -6.9096E-04   
2.5835E-02   -1.3125E-03   
2.2181E-02   -3.0834E-03   
2.6435E-02   -7.5938E-04   
2.3259E-02   -2.7046E-03   
2.4830E-02   -2.0596E-03   
2.6588E-02   -1.0386E-03   
2.5242E-02   -2.2077E-03   
2.0709E-02   -4.1388E-03   
2.4116E-02   -2.6456E-03   
2.1051E-02   -3.5242E-03   
2.3031E-02   -3.0396E-03   
2.7401E-02   -7.8570E-04   
2.9107E-02   -5.2922E-04   
2.5937E-02   -2.1888E-03   
2.5011E-02   -2.5440E-03   
2.7668E-02   -8.7196E-04   
2.1432E-02   -3.7446E-03   
2.2637E-02   -3.4395E-03   
2.7199E-02   -1.0503E-03   
2.6966E-02   -1.9443E-03   
2.4928E-02   -2.8370E-03   
2.8606E-02   -7.1705E-04   
2.7164E-02   -1.1884E-03   
2.6907E-02   -2.2040E-03   
2.9030E-02   -7.4813E-04   
2.5900E-02   -2.6039E-03   
2.6180E-02   -1.4038E-03   
2.5555E-02   -1.7001E-03   
2.6014E-02   -1.7935E-03   
2.7164E-02   -1.5052E-03   
