51 
1844 
6.6268E-03   -7.3242E-03   
1.2603E-02   -6.2008E-03   
1.7338E-02   -4.4766E-03   
2.0377E-02   -2.3377E-03   
3.5895E-38   -7.6760E-03   
2.1403E-02   -1.7984E-38   
2.1882E-02   -3.2381E-35   
2.2666E-02   -2.8959E-37   
2.4388E-02   1.3523E-35   
2.5947E-02   1.9872E-35   
2.7928E-02   4.2212E-35   
3.0345E-02   5.8197E-35   
3.2205E-02   7.0452E-35   
3.5369E-02   1.0716E-34   
3.7726E-02   1.2995E-34   
4.0276E-02   1.1382E-34   
4.1621E-02   1.7644E-34   
4.4444E-02   2.6153E-34   
4.7439E-02   3.8082E-34   
4.9000E-02   -1.1451E-29   
4.9000E-02   -6.3324E-34   
4.9000E-02   -6.3324E-34   
4.9000E-02   -6.3324E-34   
4.9000E-02   -6.3324E-34   
4.9000E-02   -6.3324E-34   
4.9000E-02   -6.3324E-34   
4.9000E-02   -6.3324E-34   
4.9000E-02   -6.3324E-34   
4.9000E-02   -6.3324E-34   
4.9000E-02   -6.3324E-34   
4.9000E-02   -6.3324E-34   
4.9000E-02   -6.3324E-34   
4.6037E-02   -2.1213E-03   
4.1208E-02   -4.8400E-03   
3.9171E-02   -5.7752E-03   
3.7227E-02   -6.5467E-03   
3.3483E-02   -7.7887E-03   
3.1658E-02   -8.3085E-03   
2.8070E-02   -9.2237E-03   
2.6307E-02   -9.6423E-03   
2.2838E-02   -1.0439E-02   
1.9464E-02   -1.1210E-02   
1.7821E-02   -1.1593E-02   
1.4637E-02   -1.2345E-02   
1.1612E-02   -1.3063E-02   
1.0164E-02   -1.3397E-02   
7.4006E-03   -1.3991E-02   
4.8032E-03   -1.4447E-02   
2.3478E-03   -1.4730E-02   
4.9917E-38   -1.4814E-02   
3.8113E-34   -1.4035E-02   
4.0106E-34   -1.3291E-02   
3.7788E-34   -1.2304E-02   
3.5823E-34   -1.1737E-02   
3.1539E-34   -1.0812E-02   
2.8771E-34   -1.0286E-02   
2.5917E-34   -9.7720E-03   
2.3552E-34   -9.3571E-03   
2.3037E-34   -8.9932E-03   
5.0251E-03   -7.8203E-03   
4.7081E-02   -1.8780E-04   
4.5068E-02   -3.9249E-04   
4.2158E-02   -6.7843E-04   
3.9773E-02   -9.2263E-04   
3.7463E-02   -1.2267E-03   
3.4860E-02   -1.4079E-03   
3.2728E-02   -1.4821E-03   
3.0094E-02   -1.7100E-03   
2.7481E-02   -1.8506E-03   
2.4881E-02   -1.9741E-03   
2.2302E-02   -2.0840E-03   
1.9616E-02   -2.2602E-03   
1.6854E-02   -2.7070E-03   
1.3080E-02   -3.9061E-03   
9.2330E-03   -5.7760E-03   
1.3700E-02   -4.5507E-03   
1.6333E-02   -2.2650E-03   
1.8887E-02   -1.4354E-03   
2.1303E-02   -1.2154E-03   
2.3625E-02   -1.1856E-03   
2.5834E-02   -1.1968E-03   
2.8356E-02   -1.0981E-03   
3.0703E-02   -1.0186E-03   
3.2887E-02   -9.1586E-04   
3.5142E-02   -9.2216E-04   
3.7596E-02   -7.3068E-04   
3.9956E-02   -5.7637E-04   
4.2265E-02   -4.6410E-04   
4.4710E-02   -2.6975E-04   
4.6833E-02   -1.1380E-04   
2.0045E-02   -1.0123E-03   
2.1277E-02   -4.7910E-04   
2.2682E-02   -4.5060E-04   
2.4629E-02   -4.6273E-04   
2.6492E-02   -4.7119E-04   
2.8788E-02   -4.9637E-04   
3.0839E-02   -5.0962E-04   
3.2878E-02   -4.9844E-04   
3.5501E-02   -4.0075E-04   
3.7695E-02   -3.2403E-04   
4.0179E-02   -2.7829E-04   
4.2618E-02   -2.0089E-04   
4.5002E-02   -1.3186E-04   
4.7191E-02   -4.3060E-05   
4.6720E-02   -2.9164E-04   
4.4543E-02   -6.1508E-04   
4.1875E-02   -1.0319E-03   
3.9412E-02   -1.2897E-03   
3.7282E-02   -1.6576E-03   
3.4606E-02   -1.9535E-03   
3.1966E-02   -2.2206E-03   
2.9465E-02   -2.4285E-03   
2.6863E-02   -2.6816E-03   
2.4425E-02   -2.9023E-03   
2.1298E-02   -3.2489E-03   
1.7958E-02   -3.7612E-03   
1.4679E-02   -4.4670E-03   
1.1244E-02   -5.4856E-03   
7.4035E-03   -7.0593E-03   
3.6831E-03   -8.5658E-03   
4.6582E-02   -4.3247E-04   
4.4732E-02   -7.8563E-04   
4.1562E-02   -1.3992E-03   
3.9483E-02   -1.7839E-03   
3.7001E-02   -2.1683E-03   
3.4016E-02   -2.6640E-03   
3.1377E-02   -2.9350E-03   
2.8815E-02   -3.2214E-03   
2.5803E-02   -3.6379E-03   
2.2982E-02   -4.0972E-03   
1.9993E-02   -4.5958E-03   
1.6853E-02   -5.0568E-03   
1.3479E-02   -5.9884E-03   
1.0193E-02   -6.8733E-03   
6.6253E-03   -8.1310E-03   
3.1577E-03   -9.2259E-03   
4.7258E-02   -3.7805E-04   
4.3905E-02   -1.1808E-03   
4.1996E-02   -1.5981E-03   
3.9667E-02   -2.1501E-03   
3.6191E-02   -2.8529E-03   
3.3717E-02   -3.3211E-03   
3.1145E-02   -3.7045E-03   
2.8104E-02   -4.2139E-03   
2.5332E-02   -4.7120E-03   
2.2341E-02   -5.1290E-03   
1.9521E-02   -5.6127E-03   
1.5988E-02   -6.2534E-03   
1.2563E-02   -7.3323E-03   
9.3668E-03   -8.1051E-03   
6.3652E-03   -9.0796E-03   
3.1300E-03   -9.8545E-03   
4.6185E-02   -7.7317E-04   
4.4219E-02   -1.3609E-03   
4.1840E-02   -2.0635E-03   
3.9443E-02   -2.7402E-03   
3.5966E-02   -3.5505E-03   
3.3173E-02   -4.0566E-03   
3.0336E-02   -4.7055E-03   
2.7618E-02   -5.2899E-03   
2.4374E-02   -5.7304E-03   
2.1736E-02   -6.1165E-03   
1.9052E-02   -6.8009E-03   
1.5491E-02   -7.6437E-03   
1.2014E-02   -8.5315E-03   
8.9739E-03   -9.2891E-03   
5.7399E-03   -1.0068E-02   
2.9979E-03   -1.0566E-02   
4.6779E-02   -8.1820E-04   
4.4108E-02   -1.8033E-03   
4.1919E-02   -2.4747E-03   
3.8491E-02   -3.5520E-03   
3.5474E-02   -4.4521E-03   
3.2781E-02   -4.9966E-03   
2.9439E-02   -5.7252E-03   
2.6934E-02   -6.2567E-03   
2.3683E-02   -6.7742E-03   
2.0849E-02   -7.3223E-03   
1.7639E-02   -8.0285E-03   
1.5020E-02   -8.6903E-03   
1.1867E-02   -9.5018E-03   
8.7423E-03   -1.0233E-02   
5.7106E-03   -1.0902E-02   
2.6847E-03   -1.1381E-02   
4.6402E-02   -1.1031E-03   
4.3472E-02   -2.2962E-03   
4.1426E-02   -3.0316E-03   
3.7450E-02   -4.4677E-03   
3.5041E-02   -5.1745E-03   
3.2303E-02   -5.9437E-03   
2.9302E-02   -6.5329E-03   
2.6270E-02   -7.2019E-03   
2.2907E-02   -7.9581E-03   
2.0096E-02   -8.5345E-03   
1.7339E-02   -9.0993E-03   
1.4467E-02   -9.7930E-03   
1.1308E-02   -1.0673E-02   
8.6191E-03   -1.1181E-02   
5.5754E-03   -1.1810E-02   
2.7673E-03   -1.2176E-02   
4.6626E-02   -1.3115E-03   
4.4118E-02   -2.5295E-03   
4.0751E-02   -3.9107E-03   
3.7808E-02   -5.1379E-03   
3.4621E-02   -5.8982E-03   
3.1544E-02   -6.6953E-03   
2.8615E-02   -7.4506E-03   
2.5682E-02   -8.1532E-03   
2.2749E-02   -8.8396E-03   
1.9524E-02   -9.4432E-03   
1.6673E-02   -1.0326E-02   
1.3682E-02   -1.0919E-02   
1.0993E-02   -1.1467E-02   
8.1963E-03   -1.2123E-02   
5.3164E-03   -1.2715E-02   
2.9543E-03   -1.2955E-02   
4.5934E-02   -1.9897E-03   
4.2870E-02   -3.7516E-03   
4.0321E-02   -4.7562E-03   
3.6342E-02   -6.2186E-03   
3.3937E-02   -6.9289E-03   
3.0597E-02   -7.8293E-03   
2.7698E-02   -8.6020E-03   
2.5117E-02   -9.0735E-03   
2.2008E-02   -9.7580E-03   
1.9074E-02   -1.0582E-02   
1.6612E-02   -1.1087E-02   
1.3632E-02   -1.1813E-02   
1.0563E-02   -1.2520E-02   
7.8280E-03   -1.3071E-02   
5.2140E-03   -1.3543E-02   
2.3326E-03   -1.4009E-02   
8.3229E-04   -7.7019E-03   
1.6749E-03   -7.6865E-03   
2.5135E-03   -7.6569E-03   
3.3493E-03   -7.6157E-03   
4.1798E-03   -7.5617E-03   
5.0040E-03   -7.4949E-03   
5.8201E-03   -7.4154E-03   
7.4229E-03   -7.2217E-03   
8.2074E-03   -7.1080E-03   
8.9790E-03   -6.9833E-03   
9.7365E-03   -6.8477E-03   
1.0479E-02   -6.7014E-03   
1.1205E-02   -6.5447E-03   
1.1913E-02   -6.3777E-03   
1.3273E-02   -6.0143E-03   
1.3922E-02   -5.8187E-03   
1.4549E-02   -5.6147E-03   
1.5155E-02   -5.4023E-03   
1.5738E-02   -5.1824E-03   
1.6297E-02   -4.9540E-03   
1.6830E-02   -4.7186E-03   
1.7818E-02   -4.2283E-03   
1.8271E-02   -3.9738E-03   
1.8696E-02   -3.7133E-03   
1.9093E-02   -3.4474E-03   
1.9459E-02   -3.1765E-03   
1.9796E-02   -2.9010E-03   
2.0102E-02   -2.6213E-03   
2.0621E-02   -2.0506E-03   
2.0833E-02   -1.7600E-03   
2.1012E-02   -1.4658E-03   
2.1146E-02   -1.1692E-03   
2.1281E-02   -8.7789E-04   
2.1343E-02   -5.8946E-04   
2.1406E-02   -2.8618E-04   
2.1544E-02   -1.6084E-34   
2.1622E-02   -1.4963E-34   
2.1684E-02   -1.1060E-34   
2.1742E-02   -5.8413E-35   
2.1805E-02   -4.3750E-35   
2.1979E-02   -2.3151E-35   
2.2102E-02   -1.5640E-35   
2.2256E-02   -9.5193E-36   
2.2443E-02   -4.4857E-36   
2.2928E-02   3.2222E-36   
2.3229E-02   6.1767E-36   
2.3572E-02   8.7463E-36   
2.3958E-02   1.1144E-35   
2.4861E-02   1.5672E-35   
2.5381E-02   1.7801E-35   
2.6559E-02   2.2173E-35   
2.7219E-02   2.4537E-35   
2.8684E-02   4.4459E-35   
2.9490E-02   3.3397E-35   
3.1249E-02   6.2954E-35   
3.3209E-02   8.1513E-35   
3.4265E-02   9.2027E-35   
3.6523E-02   1.1090E-34   
3.8977E-02   1.4827E-34   
4.3011E-02   2.2160E-34   
4.5920E-02   2.3198E-34   
4.9000E-02   -6.3324E-34   
4.9000E-02   -6.3324E-34   
4.9000E-02   -6.3324E-34   
4.9000E-02   -6.3324E-34   
4.9000E-02   -6.3324E-34   
4.3402E-02   -3.7187E-03   
3.5338E-02   -7.2091E-03   
2.9855E-02   -8.7819E-03   
2.4562E-02   -1.0046E-02   
2.1138E-02   -1.0827E-02   
1.6211E-02   -1.1972E-02   
1.3104E-02   -1.2711E-02   
8.7602E-03   -1.3708E-02   
6.0822E-03   -1.4237E-02   
3.5587E-03   -1.4611E-02   
1.1665E-03   -1.4803E-02   
2.8219E-34   -1.4425E-02   
3.9643E-34   -1.3655E-02   
3.8851E-34   -1.2944E-02   
5.6616E-34   -1.2615E-02   
5.7153E-34   -1.2011E-02   
3.4993E-34   -1.1480E-02   
3.4043E-34   -1.1240E-02   
3.2735E-34   -1.1018E-02   
3.0549E-34   -1.0622E-02   
2.9622E-34   -1.0447E-02   
2.8052E-34   -1.0138E-02   
2.7342E-34   -1.0004E-02   
2.6595E-34   -9.8825E-03   
2.5326E-34   -9.6720E-03   
2.4790E-34   -9.5816E-03   
2.4313E-34   -9.4997E-03   
2.3899E-34   -9.4253E-03   
2.3272E-34   -9.2937E-03   
2.3062E-34   -9.2338E-03   
2.2928E-34   -9.1757E-03   
2.2876E-34   -9.1176E-03   
2.2912E-34   -9.0575E-03   
2.3243E-34   -8.9222E-03   
2.3520E-34   -8.8418E-03   
2.3906E-34   -8.7489E-03   
2.4422E-34   -8.6405E-03   
2.5231E-34   -8.5140E-03   
3.9779E-34   -8.3603E-03   
4.0089E-34   -8.1811E-03   
3.2887E-34   -7.9443E-03   
8.9722E-03   -6.9074E-03   
1.3849E-02   -5.4887E-03   
1.5674E-02   -4.7716E-03   
1.0435E-02   -6.5484E-03   
1.9875E-02   -2.4641E-03   
6.7030E-03   -7.3575E-03   
2.7667E-03   -7.8346E-03   
1.8730E-02   -3.2462E-03   
2.0947E-02   -1.4148E-03   
1.7323E-02   -4.0200E-03   
1.1848E-02   -6.1490E-03   
2.0478E-02   -1.9407E-03   
1.2533E-02   -5.9365E-03   
5.9303E-03   -7.4817E-03   
1.6801E-02   -4.2743E-03   
1.9142E-02   -2.9861E-03   
2.1465E-02   -3.9565E-04   
1.0653E-03   -7.9240E-03   
5.1509E-03   -7.5921E-03   
1.4473E-02   -5.2546E-03   
1.5076E-02   -5.0148E-03   
2.0193E-02   -2.2027E-03   
3.5707E-03   -7.7687E-03   
2.1132E-02   -1.1475E-03   
1.9287E-03   -7.8910E-03   
4.3651E-03   -7.6880E-03   
1.9524E-02   -2.7254E-03   
2.0730E-02   -1.6780E-03   
7.4687E-03   -7.2200E-03   
1.8289E-02   -3.5056E-03   
1.7819E-02   -3.7638E-03   
1.1148E-02   -6.3534E-03   
8.2256E-03   -7.0698E-03   
9.7094E-03   -6.7334E-03   
1.3201E-02   -5.7164E-03   
1.6250E-02   -4.5249E-03   
6.1610E-04   -8.4292E-03   
5.8602E-04   -8.5683E-03   
5.6441E-04   -8.6860E-03   
5.4448E-04   -8.7862E-03   
5.2899E-04   -8.8720E-03   
5.1951E-04   -8.9467E-03   
5.1429E-04   -9.0134E-03   
5.1209E-04   -9.0749E-03   
5.1232E-04   -9.1334E-03   
2.1625E-02   -1.9059E-04   
5.1475E-04   -9.1910E-03   
2.1681E-02   -1.5041E-04   
5.1931E-04   -9.2497E-03   
2.1739E-02   -1.2139E-04   
5.2597E-04   -9.3111E-03   
2.1807E-02   -9.9785E-05   
5.3458E-04   -9.3766E-03   
2.1893E-02   -8.4820E-05   
5.4500E-04   -9.4478E-03   
2.2004E-02   -7.5042E-05   
5.5715E-04   -9.5259E-03   
2.2142E-02   -6.9585E-05   
5.7086E-04   -9.6120E-03   
2.2313E-02   -6.7628E-05   
5.8607E-04   -9.7073E-03   
2.2519E-02   -6.8366E-05   
6.0275E-04   -9.8126E-03   
2.2763E-02   -7.1164E-05   
6.2017E-04   -9.9287E-03   
2.3046E-02   -7.5779E-05   
6.3799E-04   -1.0056E-02   
2.3370E-02   -8.1839E-05   
6.5810E-04   -1.0197E-02   
2.3737E-02   -8.8873E-05   
6.8128E-04   -1.0351E-02   
2.4147E-02   -9.6512E-05   
7.0563E-04   -1.0520E-02   
2.4601E-02   -1.0385E-04   
7.3038E-04   -1.0702E-02   
2.5096E-02   -1.1226E-04   
7.5537E-04   -1.0900E-02   
2.5633E-02   -1.2139E-04   
7.7977E-04   -1.1113E-02   
2.6214E-02   -1.3201E-04   
8.1276E-04   -1.1339E-02   
2.6846E-02   -1.4163E-04   
8.5176E-04   -1.1583E-02   
2.7529E-02   -1.4858E-04   
8.7253E-04   -1.1846E-02   
2.8262E-02   -1.5514E-04   
8.9410E-04   -1.2125E-02   
2.9051E-02   -1.6166E-04   
9.5742E-04   -1.2425E-02   
2.9898E-02   -1.6461E-04   
9.9469E-04   -1.2753E-02   
3.0775E-02   -1.6106E-04   
1.0014E-03   -1.3100E-02   
3.1685E-02   -1.6666E-04   
1.0399E-03   -1.3461E-02   
3.2662E-02   -1.6870E-04   
1.1011E-03   -1.3850E-02   
1.1138E-02   -6.1416E-03   
1.7357E-02   -3.5985E-03   
1.9226E-02   -2.5751E-03   
8.2683E-03   -6.9942E-03   
2.1416E-02   -5.7983E-04   
2.2377E-03   -8.0389E-03   
1.4416E-02   -4.9011E-03   
2.1063E-02   -1.1225E-03   
3.7759E-03   -7.8776E-03   
6.0474E-03   -7.5038E-03   
5.2982E-03   -7.6439E-03   
1.6255E-02   -4.1207E-03   
1.2516E-02   -5.6632E-03   
2.0302E-02   -1.8391E-03   
2.0590E-02   -1.5990E-03   
1.3177E-02   -5.4155E-03   
1.5656E-02   -4.3791E-03   
1.9618E-02   -2.3270E-03   
1.8802E-02   -2.8266E-03   
8.9968E-03   -6.7975E-03   
6.7933E-03   -7.3482E-03   
1.3754E-03   -8.1211E-03   
9.7185E-03   -6.5890E-03   
1.3804E-02   -5.1600E-03   
1.5038E-02   -4.6382E-03   
1.9977E-02   -2.0817E-03   
2.0843E-02   -1.3603E-03   
1.0433E-02   -6.3700E-03   
1.7866E-02   -3.3387E-03   
4.5404E-03   -7.7689E-03   
7.5342E-03   -7.1780E-03   
1.8349E-02   -3.0813E-03   
2.1253E-02   -8.7662E-04   
3.0021E-03   -7.9679E-03   
1.6819E-02   -3.8604E-03   
1.1834E-02   -5.9058E-03   
6.4201E-04   -8.2624E-03   
1.2277E-03   -8.4566E-03   
1.1721E-03   -8.5922E-03   
1.1220E-03   -8.7007E-03   
1.0762E-03   -8.7934E-03   
1.0477E-03   -8.8723E-03   
1.0323E-03   -8.9413E-03   
1.0251E-03   -9.0038E-03   
2.1558E-02   -2.5927E-04   
1.0236E-03   -9.0624E-03   
1.0266E-03   -9.1195E-03   
2.1563E-02   -3.2991E-04   
1.0340E-03   -9.1768E-03   
2.1609E-02   -2.7062E-04   
1.0456E-03   -9.2361E-03   
2.1669E-02   -2.1978E-04   
1.0612E-03   -9.2991E-03   
2.1744E-02   -1.8429E-04   
1.0805E-03   -9.3671E-03   
2.1841E-02   -1.6069E-04   
1.1027E-03   -9.4414E-03   
2.1966E-02   -1.4604E-04   
1.1309E-03   -9.5228E-03   
2.2121E-02   -1.3911E-04   
1.1644E-03   -9.6128E-03   
2.2311E-02   -1.3837E-04   
1.1961E-03   -9.7133E-03   
2.2537E-02   -1.4229E-04   
1.2256E-03   -9.8242E-03   
2.2804E-02   -1.4970E-04   
1.2568E-03   -9.9455E-03   
2.3113E-02   -1.6060E-04   
1.2937E-03   -1.0079E-02   
2.3462E-02   -1.7425E-04   
1.3374E-03   -1.0225E-02   
2.3854E-02   -1.8971E-04   
1.3860E-03   -1.0386E-02   
2.4296E-02   -2.0357E-04   
1.4366E-03   -1.0562E-02   
2.4772E-02   -2.1463E-04   
1.4869E-03   -1.0753E-02   
2.5269E-02   -2.3447E-04   
1.5282E-03   -1.0958E-02   
2.5815E-02   -2.5243E-04   
1.5585E-03   -1.1173E-02   
2.6410E-02   -2.7798E-04   
1.6538E-03   -1.1395E-02   
2.7071E-02   -2.9360E-04   
1.7388E-03   -1.1647E-02   
2.7782E-02   -3.0385E-04   
1.7381E-03   -1.1922E-02   
2.8543E-02   -3.1890E-04   
1.8164E-03   -1.2194E-02   
2.9389E-02   -3.2937E-04   
2.0709E-03   -1.2502E-02   
3.0298E-02   -3.2882E-04   
1.9946E-03   -1.2871E-02   
3.1133E-02   -3.0518E-04   
2.0304E-03   -1.3218E-02   
3.2028E-02   -3.6577E-04   
2.1338E-03   -1.3581E-02   
3.3692E-02   -1.7780E-04   
1.4416E-02   -4.5626E-03   
1.5078E-02   -4.2777E-03   
1.2547E-02   -5.3925E-03   
1.5706E-02   -4.0103E-03   
1.1869E-02   -5.6543E-03   
5.4487E-03   -7.6566E-03   
6.1758E-03   -7.4876E-03   
6.9000E-03   -7.3026E-03   
7.6209E-03   -7.1024E-03   
8.3386E-03   -6.8879E-03   
4.7093E-03   -7.8112E-03   
9.0536E-03   -6.6602E-03   
1.1176E-02   -5.9157E-03   
1.6311E-02   -3.7457E-03   
9.7655E-03   -6.4210E-03   
1.0474E-02   -6.1722E-03   
3.9474E-03   -7.9526E-03   
1.6886E-02   -3.4777E-03   
2.0098E-02   -1.7480E-03   
2.0424E-02   -1.5242E-03   
2.0708E-02   -1.3070E-03   
1.9735E-02   -1.9772E-03   
3.1876E-03   -8.0721E-03   
1.7433E-02   -3.2123E-03   
1.9338E-02   -2.2117E-03   
1.8445E-02   -2.6985E-03   
1.7953E-02   -2.9524E-03   
1.8907E-02   -2.4522E-03   
2.4724E-03   -8.1472E-03   
1.8617E-03   -8.2031E-03   
2.0955E-02   -1.0915E-03   
2.1173E-02   -8.7248E-04   
2.1361E-02   -6.4847E-04   
1.2777E-03   -8.3180E-03   
1.7664E-03   -8.5774E-03   
1.6564E-03   -8.6848E-03   
1.5917E-03   -8.7705E-03   
1.5578E-03   -8.8425E-03   
1.5413E-03   -8.9059E-03   
1.5355E-03   -8.9643E-03   
2.1510E-02   -4.1169E-04   
1.5375E-03   -9.0203E-03   
1.5460E-03   -9.0760E-03   
2.1414E-02   -4.6893E-04   
1.5609E-03   -9.1331E-03   
2.1472E-02   -3.6815E-04   
1.5818E-03   -9.1934E-03   
2.1536E-02   -3.0450E-04   
1.6085E-03   -9.2582E-03   
2.1620E-02   -2.6197E-04   
1.6387E-03   -9.3288E-03   
2.1730E-02   -2.3503E-04   
1.6792E-03   -9.4045E-03   
2.1872E-02   -2.1893E-04   
1.7442E-03   -9.4856E-03   
2.2047E-02   -2.1406E-04   
1.7944E-03   -9.5814E-03   
2.2254E-02   -2.1773E-04   
1.8241E-03   -9.6901E-03   
2.2504E-02   -2.2639E-04   
1.8642E-03   -9.8064E-03   
2.2800E-02   -2.3948E-04   
1.9077E-03   -9.9338E-03   
2.3131E-02   -2.5895E-04   
1.9658E-03   -1.0072E-02   
2.3503E-02   -2.8252E-04   
2.0436E-03   -1.0223E-02   
2.3936E-02   -3.0490E-04   
2.1230E-03   -1.0391E-02   
2.4427E-02   -3.2125E-04   
2.1995E-03   -1.0576E-02   
2.4896E-02   -3.2133E-04   
2.2639E-03   -1.0779E-02   
2.5352E-02   -3.8240E-04   
2.2852E-03   -1.0998E-02   
2.2420E-03   -1.1204E-02   
2.6237E-03   -1.1711E-02   
2.7953E-02   -4.7188E-04   
2.9245E-03   -1.2646E-02   
3.0500E-03   -1.3278E-02   
2.9717E-02   -5.0794E-04   
3.4825E-02   -1.9068E-04   
2.0820E-02   -1.0648E-03   
2.1060E-02   -8.6526E-04   
2.1280E-02   -6.6249E-04   
1.3214E-02   -4.8842E-03   
1.2634E-02   -5.1163E-03   
4.8819E-03   -7.8193E-03   
4.1273E-03   -7.9935E-03   
7.7308E-03   -6.9989E-03   
5.6063E-03   -7.6356E-03   
8.4370E-03   -6.7563E-03   
6.3183E-03   -7.4385E-03   
1.1956E-02   -5.3968E-03   
1.5819E-02   -3.6807E-03   
7.0255E-03   -7.2266E-03   
1.9875E-02   -1.6690E-03   
1.9474E-02   -1.8907E-03   
9.1438E-03   -6.5007E-03   
9.8513E-03   -6.2344E-03   
1.8075E-02   -2.6025E-03   
1.8573E-02   -2.3564E-03   
2.0240E-02   -1.4534E-03   
3.3415E-03   -8.1513E-03   
2.0554E-02   -1.2563E-03   
1.1261E-02   -5.6793E-03   
1.7549E-02   -2.8595E-03   
1.0558E-02   -5.9598E-03   
1.9040E-02   -2.1196E-03   
1.6417E-02   -3.4004E-03   
1.6995E-02   -3.1263E-03   
2.2722E-03   -8.5511E-03   
2.1506E-03   -8.6451E-03   
2.0921E-03   -8.7197E-03   
2.0622E-03   -8.7834E-03   
2.0494E-03   -8.8409E-03   
2.0485E-03   -8.8952E-03   
2.0570E-03   -8.9488E-03   
2.0737E-03   -9.0034E-03   
2.1436E-02   -5.0028E-04   
2.1227E-02   -5.4771E-04   
2.0982E-03   -9.0607E-03   
2.1276E-02   -4.5301E-04   
2.1305E-03   -9.1221E-03   
2.1349E-02   -3.8398E-04   
2.1687E-03   -9.1887E-03   
2.1442E-02   -3.4044E-04   
2.2129E-03   -9.2602E-03   
2.1567E-02   -3.1490E-04   
2.2740E-03   -9.3345E-03   
2.1735E-02   -2.9810E-04   
2.4419E-03   -9.4047E-03   
2.1918E-02   -3.0063E-04   
2.4165E-03   -9.5278E-03   
2.2140E-02   -3.1103E-04   
2.4661E-03   -9.6395E-03   
2.2431E-02   -3.2477E-04   
2.5151E-03   -9.7652E-03   
2.2754E-02   -3.4263E-04   
2.6632E-03   -1.0034E-02   
3.0252E-03   -1.1055E-02   
2.3493E-02   -4.1135E-04   
2.7981E-03   -1.0186E-02   
2.9004E-03   -1.0367E-02   
3.0802E-03   -1.0791E-02   
2.5960E-02   -3.7742E-04   
2.7299E-02   -4.3357E-04   
2.8097E-02   -6.6356E-04   
2.3996E-02   -4.4036E-04   
4.0353E-03   -1.2961E-02   
2.9001E-02   -6.8702E-04   
3.0555E-03   -1.2382E-02   
2.5135E-02   -5.3874E-04   
3.6290E-03   -1.1473E-02   
2.1160E-02   -6.7973E-04   
2.0905E-02   -8.7529E-04   
2.0673E-02   -1.0518E-03   
1.4781E-02   -3.9053E-03   
1.4539E-02   -4.2173E-03   
1.5330E-02   -3.6438E-03   
1.2118E-02   -5.1336E-03   
2.0036E-02   -1.3959E-03   
5.0865E-03   -7.7881E-03   
2.0403E-02   -1.1907E-03   
4.3448E-03   -7.9906E-03   
3.5741E-03   -8.1781E-03   
5.7948E-03   -7.5784E-03   
7.8650E-03   -6.8722E-03   
7.1710E-03   -7.1252E-03   
1.1397E-02   -5.4348E-03   
6.4854E-03   -7.3594E-03   
8.5648E-03   -6.6040E-03   
1.5946E-02   -3.3611E-03   
1.8227E-02   -2.2886E-03   
1.9631E-02   -1.6082E-03   
9.2688E-03   -6.3235E-03   
1.8728E-02   -2.0517E-03   
1.9196E-02   -1.8256E-03   
1.7696E-02   -2.5389E-03   
9.9764E-03   -6.0332E-03   
1.0686E-02   -5.7361E-03   
1.7137E-02   -2.8024E-03   
1.6552E-02   -3.0778E-03   
2.2492E-03   -8.3736E-03   
2.6995E-03   -8.5054E-03   
2.6291E-03   -8.5775E-03   
2.5870E-03   -8.6396E-03   
2.5658E-03   -8.6950E-03   
2.5605E-03   -8.7468E-03   
2.5678E-03   -8.7973E-03   
2.5852E-03   -8.8487E-03   
2.6120E-03   -8.9026E-03   
2.0943E-02   -6.4997E-04   
2.6488E-03   -8.9602E-03   
2.1033E-02   -5.3133E-04   
2.6949E-03   -9.0223E-03   
2.7437E-03   -9.0913E-03   
2.1113E-02   -4.6545E-04   
2.1211E-02   -4.2734E-04   
2.7782E-03   -9.1699E-03   
2.1338E-02   -4.1233E-04   
2.9358E-03   -9.3672E-03   
2.1680E-02   -4.1525E-04   
3.0546E-03   -9.4457E-03   
2.2336E-02   -4.3992E-04   
2.1997E-02   -4.2327E-04   
3.1540E-03   -9.5643E-03   
3.4929E-03   -9.9296E-03   
2.5565E-03   -9.9005E-03   
3.6056E-03   -1.0123E-02   
3.7405E-03   -1.0314E-02   
3.7704E-03   -1.2432E-02   
3.7154E-03   -1.2144E-02   
3.8878E-03   -1.0526E-02   
2.3453E-02   -5.6660E-04   
2.5722E-02   -5.0849E-04   
2.4596E-02   -6.5394E-04   
2.7171E-02   -6.2175E-04   
2.4002E-02   -6.0247E-04   
2.3090E-02   -3.7632E-04   
4.0735E-03   -1.0780E-02   
3.4692E-03   -1.1845E-02   
3.8202E-03   -1.1134E-02   
2.9939E-02   -7.0493E-04   
3.8565E-03   -1.3306E-02   
3.6514E-03   -1.2709E-02   
2.8246E-02   -8.7064E-04   
1.4091E-02   -4.1030E-03   
2.0987E-02   -7.2533E-04   
2.0205E-02   -1.1552E-03   
5.3398E-03   -7.7140E-03   
1.9794E-02   -1.3630E-03   
4.6364E-03   -7.9359E-03   
3.2059E-03   -8.3121E-03   
1.1585E-02   -5.1760E-03   
7.3361E-03   -7.0026E-03   
6.6616E-03   -7.2596E-03   
6.0072E-03   -7.4932E-03   
1.5472E-02   -3.3755E-03   
8.0256E-03   -6.7261E-03   
1.8404E-02   -2.0084E-03   
8.7237E-03   -6.4349E-03   
1.8902E-02   -1.7825E-03   
1.9363E-02   -1.5687E-03   
1.7872E-02   -2.2499E-03   
9.4292E-03   -6.1318E-03   
1.0857E-02   -5.5016E-03   
1.6105E-02   -3.0695E-03   
1.7309E-02   -2.5075E-03   
1.0141E-02   -5.8200E-03   
1.6719E-02   -2.7814E-03   
3.2407E-03   -8.3530E-03   
3.1761E-03   -8.4161E-03   
1.3169E-02   -4.4962E-03   
3.1228E-03   -8.4754E-03   
1.2346E-02   -4.8392E-03   
3.0878E-03   -8.5291E-03   
3.0747E-03   -8.5778E-03   
3.0789E-03   -8.6243E-03   
3.0964E-03   -8.6715E-03   
3.1253E-03   -8.7210E-03   
3.1657E-03   -8.7740E-03   
3.6204E-03   -9.2094E-03   
2.0696E-02   -6.9387E-04   
3.2179E-03   -8.8313E-03   
3.2806E-03   -8.8950E-03   
2.0759E-02   -6.1027E-04   
3.3440E-03   -8.9711E-03   
2.0830E-02   -5.5753E-04   
2.0917E-02   -5.3214E-04   
2.7925E-03   -9.2468E-03   
2.1513E-02   -5.3786E-04   
3.7773E-03   -9.3250E-03   
3.7679E-03   -9.6900E-03   
2.5384E-02   -7.0272E-04   
2.3926E-02   -7.9031E-04   
2.2268E-02   -5.8596E-04   
4.4611E-03   -1.0031E-02   
2.1841E-02   -5.5660E-04   
4.6660E-03   -1.0218E-02   
3.1782E-03   -9.7123E-03   
4.5457E-03   -1.2535E-02   
4.8289E-03   -1.0431E-02   
2.6262E-02   -6.8515E-04   
4.6752E-03   -1.1201E-02   
4.5239E-03   -1.1539E-02   
2.2917E-02   -5.3266E-04   
4.6633E-03   -1.2166E-02   
4.3005E-03   -9.8564E-03   
2.3383E-02   -7.4350E-04   
2.9170E-02   -8.9306E-04   
2.7380E-02   -8.3578E-04   
2.0314E-02   -9.7483E-04   
1.9933E-02   -1.1633E-03   
2.0646E-02   -9.1076E-04   
4.3013E-03   -8.0548E-03   
5.6242E-03   -7.6115E-03   
1.4967E-02   -3.4199E-03   
6.8448E-03   -7.1435E-03   
1.9521E-02   -1.3544E-03   
6.1836E-03   -7.4038E-03   
7.5229E-03   -6.8627E-03   
2.6136E-03   -8.3866E-03   
8.2133E-03   -6.5645E-03   
1.1073E-02   -5.2575E-03   
1.8072E-02   -1.9910E-03   
1.9075E-02   -1.5538E-03   
1.8593E-02   -1.7646E-03   
1.5646E-02   -3.0968E-03   
8.9147E-03   -6.2519E-03   
1.7509E-02   -2.2402E-03   
9.6253E-03   -5.9285E-03   
1.0345E-02   -5.5966E-03   
1.6293E-02   -2.7935E-03   
1.6915E-02   -2.5084E-03   
1.1832E-02   -4.9055E-03   
3.7577E-03   -8.2318E-03   
3.6893E-03   -8.2880E-03   
3.6227E-03   -8.3443E-03   
3.8526E-03   -8.1631E-03   
3.5943E-03   -8.3908E-03   
1.2624E-02   -4.5423E-03   
1.3448E-02   -4.1643E-03   
3.5922E-03   -8.4328E-03   
2.0601E-02   -8.0846E-04   
1.4240E-02   -3.7822E-03   
3.6084E-03   -8.4745E-03   
3.6391E-03   -8.5183E-03   
3.7400E-03   -8.6176E-03   
2.0404E-02   -7.6859E-04   
3.8163E-03   -8.6733E-03   
3.9226E-03   -8.7335E-03   
2.0429E-02   -7.0896E-04   
2.0494E-02   -6.6757E-04   
3.8406E-03   -9.0127E-03   
3.9702E-03   -9.4574E-03   
2.1275E-02   -6.8522E-04   
2.2885E-02   -7.0331E-04   
5.3648E-03   -9.8866E-03   
3.3239E-03   -9.0802E-03   
2.4508E-02   -8.5006E-04   
4.3483E-03   -9.0702E-03   
2.3244E-02   -9.4172E-04   
4.2217E-03   -9.7053E-03   
5.5284E-03   -1.1260E-02   
5.1040E-03   -9.7328E-03   
5.0481E-03   -1.0596E-02   
2.2469E-02   -6.8361E-04   
2.6659E-02   -8.1033E-04   
2.1609E-02   -7.2109E-04   
4.8669E-03   -1.0865E-02   
4.5434E-03   -1.1851E-02   
2.7453E-02   -1.0583E-03   
3.0024E-02   -8.9762E-04   
4.7669E-03   -1.3171E-02   
5.8172E-03   -1.2198E-02   
2.5968E-02   -5.8698E-04   
1.9652E-02   -1.1858E-03   
5.6526E-03   -7.5861E-03   
1.1332E-02   -5.0059E-03   
6.3813E-03   -7.2948E-03   
7.0548E-03   -7.0096E-03   
1.9231E-02   -1.3710E-03   
7.7353E-03   -6.7081E-03   
1.5178E-02   -3.1600E-03   
1.8289E-02   -1.7641E-03   
1.8787E-02   -1.5602E-03   
8.4304E-03   -6.3896E-03   
1.7733E-02   -2.0000E-03   
1.0585E-02   -5.3655E-03   
9.1383E-03   -6.0576E-03   
1.5860E-02   -2.8394E-03   
9.8574E-03   -5.7155E-03   
1.7139E-02   -2.2594E-03   
1.6513E-02   -2.5401E-03   
4.3519E-03   -8.0600E-03   
4.1704E-03   -8.1449E-03   
2.0370E-02   -8.5182E-04   
4.1224E-03   -8.1885E-03   
1.3700E-02   -3.8732E-03   
1.2111E-02   -4.6335E-03   
1.4458E-02   -3.5057E-03   
4.1125E-03   -8.2244E-03   
4.1238E-03   -8.2600E-03   
1.2907E-02   -4.2538E-03   
4.1547E-03   -8.2972E-03   
4.2020E-03   -8.3376E-03   
4.2634E-03   -8.3827E-03   
2.0580E-02   -6.5275E-04   
4.3464E-03   -8.4308E-03   
4.0641E-03   -8.8111E-03   
4.4660E-03   -8.4777E-03   
1.9986E-02   -8.9652E-04   
2.2294E-02   -8.4191E-04   
2.0043E-02   -8.2889E-04   
4.5383E-03   -9.1652E-03   
4.6308E-03   -9.4513E-03   
2.0986E-02   -6.6540E-04   
4.2693E-03   -8.9706E-03   
2.1938E-02   -7.8238E-04   
5.8535E-03   -9.5904E-03   
5.9084E-03   -1.0532E-02   
4.9142E-03   -9.5783E-03   
5.5967E-03   -1.0356E-02   
2.0969E-02   -8.6647E-04   
2.5825E-02   -9.2195E-04   
6.5885E-03   -1.0945E-02   
2.6635E-02   -1.0080E-03   
5.3107E-03   -1.1570E-02   
2.7485E-02   -1.3033E-03   
5.9655E-03   -1.2967E-02   
2.9441E-02   -1.1271E-03   
3.0863E-02   -7.6057E-04   
6.6406E-03   -1.2453E-02   
2.4999E-02   -9.4047E-04   
1.9776E-02   -1.0468E-03   
4.9764E-03   -7.8361E-03   
5.9958E-03   -7.4317E-03   
6.6298E-03   -7.1584E-03   
1.0859E-02   -5.1301E-03   
7.2914E-03   -6.8601E-03   
1.8969E-02   -1.4040E-03   
1.8543E-02   -1.5589E-03   
7.9752E-03   -6.5407E-03   
4.6540E-03   -7.9645E-03   
1.7990E-02   -1.7808E-03   
1.5424E-02   -2.9141E-03   
8.6778E-03   -6.2037E-03   
1.0120E-02   -5.4962E-03   
1.7392E-02   -2.0321E-03   
9.3942E-03   -5.8541E-03   
1.6107E-02   -2.5988E-03   
1.6763E-02   -2.3050E-03   
4.6480E-03   -7.9789E-03   
1.1625E-02   -4.7525E-03   
1.3967E-02   -3.6086E-03   
1.4709E-02   -3.2517E-03   
4.6468E-03   -8.0002E-03   
1.3194E-02   -3.9841E-03   
4.6452E-03   -8.0310E-03   
4.6733E-03   -8.0606E-03   
1.2408E-02   -4.3680E-03   
2.0118E-02   -9.0889E-04   
4.8741E-03   -8.1706E-03   
4.7229E-03   -8.0924E-03   
2.0105E-02   -7.9942E-04   
4.7898E-03   -8.1288E-03   
2.0978E-02   -5.3887E-04   
4.6441E-03   -8.7373E-03   
4.6262E-03   -8.5240E-03   
4.9084E-03   -8.7979E-03   
4.9913E-03   -8.2107E-03   
1.9572E-02   -1.0133E-03   
2.1293E-02   -9.1919E-04   
2.0671E-02   -8.3278E-04   
4.9930E-03   -8.9128E-03   
5.7383E-03   -9.4220E-03   
6.4738E-03   -1.0132E-02   
2.6643E-02   -1.2515E-03   
2.1641E-02   -9.8350E-04   
5.5011E-03   -9.2740E-03   
2.4308E-02   -1.0709E-03   
6.7895E-03   -1.0567E-02   
2.4934E-02   -1.1776E-03   
6.3946E-03   -1.1367E-02   
4.7600E-03   -9.2423E-03   
2.8407E-02   -1.3491E-03   
2.2735E-02   -8.9151E-04   
3.1842E-02   -6.0834E-04   
7.2715E-03   -1.1941E-02   
5.1092E-03   -7.7901E-03   
1.9341E-02   -1.2330E-03   
6.2590E-03   -7.3010E-03   
6.8952E-03   -7.0105E-03   
7.5583E-03   -6.6969E-03   
1.0411E-02   -5.2737E-03   
1.8918E-02   -1.3349E-03   
5.4811E-03   -7.6414E-03   
1.8289E-02   -1.5741E-03   
1.1164E-02   -4.8929E-03   
8.2485E-03   -6.3603E-03   
1.7671E-02   -1.8246E-03   
8.9594E-03   -6.0066E-03   
9.6811E-03   -5.6434E-03   
1.5698E-02   -2.6832E-03   
1.7040E-02   -2.0884E-03   
1.6382E-02   -2.3738E-03   
5.2459E-03   -7.7413E-03   
1.3495E-02   -3.7321E-03   
1.4988E-02   -3.0143E-03   
1.4253E-02   -3.3645E-03   
2.0744E-02   -6.4989E-04   
5.1755E-03   -7.7901E-03   
1.1936E-02   -4.5043E-03   
5.1976E-03   -7.8112E-03   
1.2717E-02   -4.1148E-03   
1.9616E-02   -9.6917E-04   
5.4031E-03   -7.8941E-03   
5.2474E-03   -7.8332E-03   
5.5154E-03   -7.9298E-03   
5.3165E-03   -7.8604E-03   
5.7929E-03   -8.5609E-03   
1.9465E-02   -1.1073E-03   
2.0176E-02   -7.9845E-04   
5.1438E-03   -8.2493E-03   
2.1594E-02   -3.7606E-04   
6.1042E-03   -8.9117E-03   
2.0416E-02   -8.1617E-04   
2.2518E-02   -1.1090E-03   
2.2041E-02   -1.0473E-03   
2.0936E-02   -1.1416E-03   
2.0606E-02   -1.0790E-03   
2.3952E-02   -1.3155E-03   
2.0305E-02   -1.0315E-03   
5.2750E-03   -9.1690E-03   
6.7192E-03   -9.2468E-03   
4.7899E-03   -8.5650E-03   
5.4140E-03   -8.5079E-03   
6.9718E-03   -9.7312E-03   
2.5165E-02   -1.3917E-03   
6.9637E-03   -1.0245E-02   
5.3945E-03   -8.9419E-03   
2.7497E-02   -1.5685E-03   
6.7233E-03   -1.1697E-02   
3.3067E-02   -3.2025E-04   
7.6551E-03   -1.0579E-02   
3.1773E-02   -8.3714E-04   
2.6634E-02   -1.5153E-03   
2.3787E-02   -9.9290E-04   
7.5076E-03   -1.0945E-02   
5.6599E-03   -7.5624E-03   
6.5564E-03   -7.1521E-03   
7.1885E-03   -6.8508E-03   
1.0728E-02   -5.0510E-03   
1.8611E-02   -1.3766E-03   
7.8526E-03   -6.5228E-03   
9.9930E-03   -5.4302E-03   
1.7961E-02   -1.6403E-03   
8.5554E-03   -6.1681E-03   
9.2716E-03   -5.8018E-03   
1.7346E-02   -1.8903E-03   
1.3812E-02   -3.4979E-03   
1.5995E-02   -2.4696E-03   
1.6690E-02   -2.1642E-03   
1.5283E-02   -2.7971E-03   
5.6634E-03   -7.5667E-03   
1.4557E-02   -3.1388E-03   
1.9143E-02   -1.1902E-03   
1.1488E-02   -4.6606E-03   
1.3042E-02   -3.8762E-03   
5.7277E-03   -7.5535E-03   
1.2263E-02   -4.2663E-03   
5.7808E-03   -7.5616E-03   
6.0469E-03   -7.6330E-03   
5.9362E-03   -7.6032E-03   
1.9124E-02   -1.1578E-03   
5.8480E-03   -7.5791E-03   
1.9662E-02   -9.5623E-04   
2.1247E-02   -5.4232E-04   
5.6421E-03   -7.9716E-03   
2.0042E-02   -1.0004E-03   
2.0198E-02   -1.3203E-03   
5.2175E-03   -8.4619E-03   
2.0186E-02   -8.3595E-04   
1.9891E-02   -1.2616E-03   
2.0530E-02   -1.3958E-03   
6.8852E-03   -8.7679E-03   
2.3073E-02   -1.1609E-03   
2.1734E-02   -1.2898E-03   
5.3788E-03   -8.2789E-03   
2.2985E-02   -1.4255E-03   
7.7131E-03   -9.8165E-03   
6.3670E-03   -9.6378E-03   
7.3034E-03   -8.8234E-03   
6.3570E-03   -8.5801E-03   
2.6603E-02   -1.7998E-03   
2.8391E-02   -1.6205E-03   
7.9599E-03   -1.0140E-02   
7.5753E-03   -1.1271E-02   
3.2600E-02   -6.9661E-04   
8.3638E-03   -1.0601E-02   
5.9367E-03   -7.4387E-03   
6.8914E-03   -6.9866E-03   
1.0323E-02   -5.2201E-03   
7.4732E-03   -6.6963E-03   
1.8178E-02   -1.5166E-03   
1.1065E-02   -4.8332E-03   
8.1707E-03   -6.3412E-03   
9.6013E-03   -5.5978E-03   
1.7661E-02   -1.7191E-03   
1.4143E-02   -3.2832E-03   
8.8831E-03   -5.9724E-03   
1.3384E-02   -3.6531E-03   
6.2916E-03   -7.2763E-03   
1.7048E-02   -1.9696E-03   
1.5581E-02   -2.6074E-03   
1.4872E-02   -2.9363E-03   
6.3463E-03   -7.2697E-03   
1.2608E-02   -4.0410E-03   
1.1830E-02   -4.4373E-03   
1.9141E-02   -1.1350E-03   
1.9834E-02   -9.8475E-04   
6.5842E-03   -7.3225E-03   
6.3929E-03   -7.2850E-03   
5.8369E-03   -8.2199E-03   
6.4747E-03   -7.3010E-03   
1.9716E-02   -9.7032E-04   
6.1714E-03   -7.6720E-03   
7.6997E-03   -8.4635E-03   
1.9436E-02   -1.5221E-03   
5.7448E-03   -8.0254E-03   
1.9742E-02   -1.5943E-03   
1.9614E-02   -1.2194E-03   
2.0905E-02   -1.4854E-03   
7.0257E-03   -8.5174E-03   
9.4317E-03   -1.0362E-02   
7.8928E-03   -8.8640E-03   
2.3469E-02   -1.5965E-03   
2.2273E-02   -1.3618E-03   
2.8377E-02   -1.8967E-03   
6.6575E-03   -8.2914E-03   
8.5068E-03   -1.0852E-02   
2.5746E-02   -1.7403E-03   
2.9303E-02   -1.4112E-03   
8.6996E-03   -9.6852E-03   
7.5925E-03   -9.2600E-03   
7.9921E-03   -9.4274E-03   
2.6548E-02   -2.1084E-03   
1.8619E-02   -1.3332E-03   
1.0668E-02   -5.0173E-03   
9.9452E-03   -5.3992E-03   
7.0204E-03   -6.9244E-03   
1.6843E-02   -2.0350E-03   
1.9226E-02   -1.1665E-03   
7.7929E-03   -6.5309E-03   
1.3743E-02   -3.4475E-03   
1.8025E-02   -1.5535E-03   
1.4487E-02   -3.0898E-03   
1.7383E-02   -1.8110E-03   
8.5082E-03   -6.1576E-03   
1.2971E-02   -3.8295E-03   
1.1418E-02   -4.6246E-03   
1.2190E-02   -4.2254E-03   
6.9610E-03   -6.9779E-03   
1.5807E-02   -2.4835E-03   
1.5194E-02   -2.7595E-03   
7.1242E-03   -7.0038E-03   
7.0199E-03   -6.9919E-03   
6.2692E-03   -7.7419E-03   
6.7128E-03   -7.3534E-03   
1.9169E-02   -1.1403E-03   
7.3304E-03   -7.9484E-03   
1.9372E-02   -1.1926E-03   
1.8946E-02   -1.8130E-03   
7.2375E-03   -8.2088E-03   
1.9150E-02   -1.4693E-03   
2.0066E-02   -1.6875E-03   
2.4864E-02   -1.6725E-03   
2.1369E-02   -1.5767E-03   
8.3226E-03   -8.4691E-03   
6.2623E-03   -7.8979E-03   
6.0645E-03   -8.2680E-03   
2.4380E-02   -1.4813E-03   
2.2564E-02   -1.7655E-03   
8.5129E-03   -8.8499E-03   
9.5805E-03   -1.0713E-02   
9.8744E-03   -9.8677E-03   
7.9593E-03   -8.1144E-03   
2.5819E-02   -1.4551E-03   
2.7479E-02   -2.1368E-03   
2.9273E-02   -1.6706E-03   
3.0129E-02   -1.2507E-03   
8.7155E-03   -9.0281E-03   
9.6853E-03   -9.3689E-03   
1.7077E-02   -1.9336E-03   
9.5749E-03   -5.5969E-03   
1.0283E-02   -5.2197E-03   
1.8614E-02   -1.3583E-03   
1.5582E-02   -2.5807E-03   
1.4861E-02   -2.9100E-03   
1.7606E-02   -1.7199E-03   
1.1020E-02   -4.8298E-03   
1.4122E-02   -3.2592E-03   
1.3356E-02   -3.6327E-03   
8.8785E-03   -5.9685E-03   
1.2572E-02   -4.0262E-03   
1.1787E-02   -4.4287E-03   
7.4891E-03   -6.6973E-03   
7.5651E-03   -6.6842E-03   
7.6608E-03   -6.6852E-03   
7.2573E-03   -7.0231E-03   
6.8339E-03   -7.4089E-03   
8.1393E-03   -6.3620E-03   
1.8608E-02   -1.3323E-03   
1.8387E-02   -1.7056E-03   
1.6346E-02   -2.2405E-03   
1.8653E-02   -1.7506E-03   
7.2730E-03   -7.7841E-03   
6.6721E-03   -7.9093E-03   
9.4022E-03   -8.5885E-03   
1.9249E-02   -1.8950E-03   
6.9227E-03   -7.5040E-03   
1.8595E-02   -1.4348E-03   
8.8044E-03   -8.0205E-03   
2.0405E-02   -1.8122E-03   
8.2036E-03   -7.7326E-03   
2.3085E-02   -1.8612E-03   
2.4173E-02   -1.9454E-03   
2.1956E-02   -1.6636E-03   
3.1016E-02   -1.2464E-03   
1.0246E-02   -8.9114E-03   
9.7902E-03   -8.7501E-03   
1.0662E-02   -9.9063E-03   
2.6584E-02   -2.4174E-03   
9.8736E-03   -1.1058E-02   
2.8325E-02   -2.1770E-03   
3.0195E-02   -1.4656E-03   
1.7468E-02   -1.7908E-03   
9.8943E-03   -5.4471E-03   
9.2069E-03   -5.8134E-03   
1.5272E-02   -2.7387E-03   
1.8053E-02   -1.5507E-03   
1.4529E-02   -3.0841E-03   
1.0625E-02   -5.0588E-03   
1.3769E-02   -3.4493E-03   
1.1393E-02   -4.6542E-03   
1.2982E-02   -3.8390E-03   
8.1827E-03   -6.3767E-03   
1.2182E-02   -4.2448E-03   
7.7994E-03   -6.6874E-03   
1.6775E-02   -2.0785E-03   
1.7851E-02   -2.0093E-03   
8.6381E-03   -6.1156E-03   
7.5224E-03   -7.1361E-03   
7.9617E-03   -6.7044E-03   
7.6551E-03   -7.4428E-03   
1.6022E-02   -2.4017E-03   
1.8148E-02   -2.0532E-03   
2.3209E-02   -2.1102E-03   
1.7987E-02   -1.6158E-03   
1.8445E-02   -2.1187E-03   
8.0939E-03   -7.4898E-03   
1.9527E-02   -2.0090E-03   
2.0918E-02   -1.9214E-03   
1.8135E-02   -1.6866E-03   
1.0904E-02   -8.4337E-03   
8.9169E-03   -7.6784E-03   
9.9090E-03   -7.6784E-03   
2.3868E-02   -1.7723E-03   
3.1332E-02   -1.5185E-03   
1.0480E-02   -8.2536E-03   
2.1599E-02   -2.0064E-03   
2.3977E-02   -2.2262E-03   
2.5682E-02   -2.7746E-03   
1.0892E-02   -9.0293E-03   
1.1099E-02   -9.3869E-03   
2.5375E-02   -2.4361E-03   
3.1690E-02   -1.0426E-03   
2.9277E-02   -1.9369E-03   
8.5525E-03   -1.1578E-02   
8.9054E-03   -8.5070E-03   
9.4787E-03   -5.7092E-03   
8.8007E-03   -6.0637E-03   
1.4968E-02   -2.9218E-03   
1.7263E-02   -1.9213E-03   
1.4210E-02   -3.2806E-03   
1.0990E-02   -4.9097E-03   
8.3209E-03   -6.3612E-03   
1.3421E-02   -3.6657E-03   
8.1231E-03   -6.7529E-03   
1.1793E-02   -4.4905E-03   
7.6189E-03   -7.2505E-03   
1.2608E-02   -4.0730E-03   
1.5720E-02   -2.5785E-03   
8.5101E-03   -6.3466E-03   
1.7303E-02   -2.3421E-03   
1.7883E-02   -1.7117E-03   
1.6463E-02   -2.2521E-03   
1.7595E-02   -1.9744E-03   
1.7726E-02   -2.3291E-03   
1.8756E-02   -2.1993E-03   
1.1666E-02   -7.9187E-03   
9.2466E-03   -7.2977E-03   
1.0290E-02   -7.7841E-03   
9.5658E-03   -7.5852E-03   
2.2074E-02   -2.4297E-03   
2.9136E-02   -2.2023E-03   
1.1365E-02   -9.9934E-03   
8.5804E-03   -7.0727E-03   
9.9328E-03   -8.1553E-03   
2.1290E-02   -2.3656E-03   
2.4761E-02   -2.2541E-03   
3.2051E-02   -1.2047E-03   
3.0428E-02   -1.9800E-03   
2.6010E-02   -3.0518E-03   
1.2392E-02   -9.0031E-03   
9.6497E-03   -1.1574E-02   
2.0524E-02   -2.3060E-03   
7.7478E-03   -1.1537E-02   
1.4677E-02   -3.1268E-03   
1.7407E-02   -1.9449E-03   
1.5433E-02   -2.7741E-03   
1.3895E-02   -3.5040E-03   
1.1395E-02   -4.7668E-03   
9.0192E-03   -6.0099E-03   
7.0196E-03   -7.6025E-03   
8.2507E-03   -6.8505E-03   
1.6180E-02   -2.4375E-03   
8.7381E-03   -6.3470E-03   
1.7010E-02   -2.3040E-03   
1.0212E-02   -5.3212E-03   
1.2233E-02   -4.3343E-03   
1.1163E-02   -7.6871E-03   
1.0412E-02   -7.2591E-03   
1.7885E-02   -2.4465E-03   
9.8447E-03   -7.2602E-03   
8.3485E-03   -6.9876E-03   
8.9062E-03   -7.0947E-03   
8.8066E-03   -7.3045E-03   
1.1047E-02   -7.3047E-03   
1.1987E-02   -8.1837E-03   
2.2892E-02   -2.5154E-03   
2.8141E-02   -2.5202E-03   
2.0969E-02   -2.7464E-03   
1.6288E-02   -2.7094E-03   
1.9451E-02   -2.6662E-03   
2.3868E-02   -2.6142E-03   
1.2585E-02   -9.6065E-03   
1.0353E-02   -1.0295E-02   
2.0219E-02   -2.6904E-03   
2.5655E-02   -2.0485E-03   
1.3055E-02   -9.1141E-03   
1.1852E-02   -8.8939E-03   
2.7174E-02   -2.9526E-03   
2.4811E-02   -3.1847E-03   
1.5162E-02   -2.9844E-03   
1.4424E-02   -3.3403E-03   
1.6746E-02   -2.2758E-03   
8.9310E-03   -6.4101E-03   
1.6809E-02   -2.1598E-03   
1.5908E-02   -2.6412E-03   
1.3612E-02   -3.7427E-03   
9.3000E-03   -5.9572E-03   
1.1854E-02   -4.6245E-03   
1.2727E-02   -4.1821E-03   
1.1389E-02   -6.8495E-03   
1.0787E-02   -6.8497E-03   
9.7756E-03   -5.6186E-03   
9.0201E-03   -6.7314E-03   
9.0073E-03   -6.5630E-03   
9.4762E-03   -6.6823E-03   
1.0574E-02   -5.1989E-03   
1.8364E-02   -2.5273E-03   
1.5706E-02   -3.1188E-03   
1.9174E-02   -3.0408E-03   
9.6279E-03   -6.8806E-03   
1.8537E-02   -2.7748E-03   
1.2866E-02   -8.5185E-03   
2.1718E-02   -2.8284E-03   
1.2906E-02   -7.6341E-03   
1.0144E-02   -9.4938E-03   
1.3827E-02   -9.1787E-03   
1.7164E-02   -2.8581E-03   
1.9880E-02   -3.0826E-03   
1.2212E-02   -7.0560E-03   
1.3581E-02   -8.6218E-03   
1.2010E-02   -1.0131E-02   
2.5206E-02   -3.4524E-03   
2.8446E-02   -2.8580E-03   
1.4955E-02   -3.1714E-03   
1.5644E-02   -2.8598E-03   
1.1003E-02   -5.0679E-03   
9.6954E-03   -6.3448E-03   
1.2365E-02   -4.4874E-03   
1.0624E-02   -6.4427E-03   
9.6989E-03   -5.8968E-03   
1.6051E-02   -3.2005E-03   
1.0150E-02   -5.5184E-03   
9.8534E-03   -6.0388E-03   
1.9068E-02   -2.2489E-03   
1.3302E-02   -4.0295E-03   
1.6315E-02   -2.5509E-03   
1.1178E-02   -6.4240E-03   
1.8828E-02   -3.4379E-03   
1.1773E-02   -6.4154E-03   
1.8582E-02   -3.0220E-03   
9.1805E-03   -9.8021E-03   
1.4851E-02   -9.1760E-03   
2.0586E-02   -3.1545E-03   
1.0745E-02   -1.0482E-02   
1.3599E-02   -6.6693E-03   
1.3246E-02   -7.9779E-03   
1.7464E-02   -3.0271E-03   
2.2488E-02   -2.9366E-03   
1.2723E-02   -1.0289E-02   
1.3844E-02   -7.0447E-03   
1.4140E-02   -8.0902E-03   
1.3408E-02   -9.6997E-03   
2.3955E-02   -3.6242E-03   
1.1994E-02   -6.8305E-03   
2.9795E-02   -2.7296E-03   
1.1491E-02   -4.9317E-03   
1.1586E-02   -5.9784E-03   
1.4326E-02   -3.5285E-03   
1.0643E-02   -5.3780E-03   
1.4980E-02   -3.5658E-03   
1.2389E-02   -6.4273E-03   
1.0214E-02   -6.4437E-03   
2.0170E-02   -3.5847E-03   
1.2894E-02   -4.3753E-03   
1.2170E-02   -5.9664E-03   
1.0421E-02   -5.6224E-03   
1.6356E-02   -3.3457E-03   
1.9490E-02   -3.5019E-03   
1.5292E-02   -3.1291E-03   
1.0346E-02   -6.1804E-03   
1.7703E-02   -3.2361E-03   
1.1205E-02   -8.6195E-03   
1.2962E-02   -6.5084E-03   
1.4161E-02   -7.3455E-03   
1.4703E-02   -7.5395E-03   
1.4990E-02   -8.2412E-03   
1.6201E-02   -8.6086E-03   
2.4395E-02   -3.9457E-03   
1.1904E-02   -1.0866E-02   
2.2005E-02   -3.3733E-03   
3.0715E-02   -2.3278E-03   
1.1995E-02   -4.8155E-03   
1.1154E-02   -5.2413E-03   
1.3955E-02   -3.8994E-03   
1.2574E-02   -5.5137E-03   
1.5252E-02   -3.7015E-03   
1.8044E-02   -3.4378E-03   
1.6650E-02   -3.5206E-03   
1.2803E-02   -5.9618E-03   
1.9091E-02   -3.9394E-03   
1.8432E-02   -3.8620E-03   
2.2773E-02   -3.7536E-03   
2.0871E-02   -3.6944E-03   
1.5981E-02   -7.1121E-03   
1.5066E-02   -6.7938E-03   
1.0994E-02   -6.0367E-03   
2.3171E-02   -3.1003E-03   
2.6291E-02   -3.2843E-03   
2.3118E-02   -4.5324E-03   
1.6262E-02   -8.1637E-03   
1.6240E-02   -9.0639E-03   
1.6435E-02   -7.7000E-03   
1.4166E-02   -6.0693E-03   
1.3343E-02   -1.0522E-02   
3.1075E-02   -2.6065E-03   
1.1621E-02   -5.1612E-03   
1.4850E-02   -3.4420E-03   
1.1194E-02   -5.7014E-03   
1.3303E-02   -4.3407E-03   
1.7904E-02   -4.3934E-03   
1.4097E-02   -4.1095E-03   
1.2488E-02   -4.7388E-03   
1.5547E-02   -3.8687E-03   
1.3197E-02   -5.4904E-03   
1.7131E-02   -3.9409E-03   
1.3909E-02   -5.4761E-03   
1.7370E-02   -4.1812E-03   
2.3628E-02   -3.3350E-03   
1.9777E-02   -4.0211E-03   
2.1637E-02   -3.8355E-03   
2.7217E-02   -3.3413E-03   
1.4822E-02   -6.4819E-03   
2.2644E-02   -3.4759E-03   
1.4759E-02   -6.1637E-03   
2.1853E-02   -4.1844E-03   
1.2028E-02   -5.4874E-03   
1.4795E-02   -5.4604E-03   
1.6844E-02   -7.1888E-03   
2.1915E-02   -4.5603E-03   
2.4424E-02   -4.3097E-03   
1.5254E-02   -7.0709E-03   
1.7365E-02   -7.6970E-03   
1.7239E-02   -8.5139E-03   
1.2399E-02   -1.1060E-02   
1.2069E-02   -5.1564E-03   
1.4276E-02   -4.9882E-03   
1.3082E-02   -4.6253E-03   
1.4482E-02   -4.2196E-03   
1.5717E-02   -5.9655E-03   
1.3558E-02   -5.0445E-03   
1.6642E-02   -4.6964E-03   
1.8851E-02   -4.3147E-03   
1.8427E-02   -8.2035E-03   
2.0875E-02   -4.6137E-03   
1.0795E-02   -5.5697E-03   
1.5516E-02   -5.6239E-03   
2.0421E-02   -4.1424E-03   
1.5912E-02   -4.0210E-03   
1.6212E-02   -4.4747E-03   
1.7323E-02   -6.6606E-03   
1.2080E-02   -1.1509E-02   
1.7764E-02   -7.2483E-03   
2.1839E-02   -4.9240E-03   
2.5278E-02   -4.0012E-03   
1.6954E-02   -3.7047E-03   
1.0511E-02   -5.8852E-03   
1.2951E-02   -5.1315E-03   
1.5034E-02   -4.9713E-03   
1.3699E-02   -4.7106E-03   
1.9317E-02   -4.4727E-03   
1.5395E-02   -4.5031E-03   
1.5893E-02   -5.1547E-03   
1.3648E-02   -4.5146E-03   
2.0981E-02   -5.3892E-03   
1.2903E-02   -4.9339E-03   
2.6348E-02   -3.8384E-03   
2.0810E-02   -5.0240E-03   
1.6388E-02   -6.5610E-03   
1.5710E-02   -4.9503E-03   
1.9252E-02   -7.6552E-03   
1.0717E-02   -1.2009E-02   
1.6317E-02   -4.1243E-03   
1.7208E-02   -5.9509E-03   
1.8176E-02   -4.7510E-03   
1.8690E-02   -5.0261E-03   
1.7933E-02   -6.0904E-03   
2.1358E-02   -5.7153E-03   
1.6457E-02   -5.5317E-03   
1.8764E-02   -7.3336E-03   
1.9687E-02   -7.8981E-03   
1.8463E-02   -5.5396E-03   
1.6754E-02   -5.7458E-03   
2.0851E-02   -7.8596E-03   
1.8692E-02   -6.2448E-03   
2.0955E-02   -4.2720E-03   
2.2818E-02   -5.4348E-03   
2.0006E-02   -5.9416E-03   
1.7438E-02   -5.2674E-03   
1.9722E-02   -5.0649E-03   
1.8149E-02   -6.7586E-03   
2.0262E-02   -6.2864E-03   
2.3941E-02   -4.7942E-03   
2.2088E-02   -7.2405E-03   
1.9231E-02   -6.4056E-03   
1.7709E-02   -5.5047E-03   
2.0209E-02   -6.7353E-03   
2.1355E-02   -6.7178E-03   
2.2831E-02   -6.2153E-03   
2.3362E-02   -5.6861E-03   
2.2420E-02   -6.7604E-03   
1.1005E-03   -1.4274E-02   
2.0085E-02   -7.1519E-03   
1.8938E-02   -8.4764E-03   
3.3011E-02   -1.1936E-03   
2.4825E-03   -1.1975E-02   
3.6014E-02   -1.7803E-04   
3.2368E-02   -2.4789E-03   
1.9993E-03   -1.4438E-02   
9.5680E-03   -1.2038E-02   
2.2561E-02   -7.5124E-03   
3.3567E-02   -6.3575E-04   
3.0556E-03   -1.4313E-02   
1.0746E-02   -1.1132E-02   
4.3393E-03   -1.4134E-02   
5.6506E-03   -1.3938E-02   
6.9595E-03   -1.3704E-02   
8.3099E-03   -1.3436E-02   
3.7167E-02   -1.6291E-04   
9.6889E-03   -1.3141E-02   
1.1136E-02   -1.2801E-02   
3.1529E-02   -2.0220E-03   
1.2627E-02   -1.2450E-02   
3.8354E-02   -1.5702E-04   
1.4141E-02   -1.2082E-02   
1.5699E-02   -1.1698E-02   
2.4140E-02   -5.2028E-03   
1.7458E-02   -1.1240E-02   
3.9603E-02   -1.4563E-04   
2.7481E-02   -2.3844E-03   
1.8863E-02   -1.1026E-02   
1.4092E-02   -8.7712E-03   
7.2778E-03   -1.2720E-02   
3.1757E-02   -1.7627E-03   
2.0499E-02   -1.0496E-02   
2.2337E-02   -1.0120E-02   
4.0892E-02   -1.2894E-04   
2.4050E-02   -9.7355E-03   
1.4912E-02   -1.0170E-02   
2.5953E-02   -9.2686E-03   
2.7435E-02   -9.0523E-03   
4.2226E-02   -1.1202E-04   
2.9154E-02   -8.5098E-03   
3.1093E-02   -8.0516E-03   
3.2132E-03   -1.3600E-02   
3.2911E-02   -7.5596E-03   
4.3767E-02   -1.0128E-04   
3.4030E-02   -3.9656E-04   
1.5934E-02   -9.5761E-03   
3.4880E-02   -6.9392E-03   
3.6761E-02   -6.3814E-03   
3.0196E-02   -2.9623E-03   
4.5479E-02   -5.4932E-05   
2.7540E-02   -3.6482E-03   
2.5361E-02   -4.2965E-03   
4.0460E-02   -5.0011E-03   
4.7320E-02   -7.9411E-04   
4.7659E-02   -7.9144E-04   
4.7475E-02   -2.2547E-04   
4.7617E-02   -9.4236E-05   
4.7365E-02   -5.0461E-04   
1.2999E-02   -1.1584E-02   
4.4597E-02   -2.8956E-03   
3.7224E-03   -1.3865E-02   
2.8473E-02   -3.7148E-03   
2.6817E-02   -4.1555E-03   
6.5469E-03   -1.3167E-02   
2.5127E-02   -5.1838E-03   
8.4537E-03   -1.2500E-02   
3.3901E-02   -1.0048E-03   
2.3700E-02   -6.2962E-03   
3.3260E-02   -2.0890E-03   
9.3840E-03   -1.2523E-02   
1.6697E-02   -9.7588E-03   
6.4402E-03   -1.3494E-02   
1.8459E-02   -9.0886E-03   
9.1576E-03   -1.2944E-02   
2.9900E-02   -3.3236E-03   
3.2374E-02   -7.2668E-03   
2.3552E-02   -9.4361E-03   
1.2112E-02   -1.2194E-02   
1.5348E-02   -1.0451E-02   
1.5164E-02   -1.1443E-02   
1.4801E-02   -1.1067E-02   
3.8935E-02   -3.0604E-04   
2.4196E-02   -7.1834E-03   
3.4580E-02   -5.6861E-04   
3.2769E-02   -2.7079E-03   
3.6640E-02   -3.1705E-04   
4.3577E-02   -2.1859E-04   
2.1497E-02   -8.1102E-03   
2.6546E-02   -8.6958E-03   
3.2281E-02   -1.3460E-03   
3.2737E-02   -1.8301E-03   
2.4250E-02   -5.4486E-03   
1.7636E-02   -8.6706E-03   
4.6511E-02   -2.1986E-05   
3.8682E-02   -5.6953E-03   
1.7938E-02   -1.0697E-02   
3.5315E-02   -6.3761E-03   
4.7715E-02   -5.3653E-04   
4.7931E-02   -4.9410E-05   
4.7860E-02   -1.3855E-04   
4.7768E-02   -3.2427E-04   
2.9349E-02   -7.9598E-03   
2.0623E-02   -9.9254E-03   
4.1476E-02   -2.4183E-04   
4.2119E-02   -3.6361E-03   
4.5678E-02   -1.6020E-04   
4.4382E-02   -2.6449E-03   
4.5380E-02   -1.1616E-03   
4.5891E-02   -2.2370E-04   
4.5661E-02   -5.0023E-04   
4.5095E-02   -1.8076E-03   
2.9648E-02   -3.7581E-03   
2.3184E-02   -9.1176E-03   
3.4264E-02   -7.8000E-04   
3.5439E-02   -6.5375E-04   
3.8236E-02   -4.8765E-04   
4.1549E-03   -1.3502E-02   
2.0993E-02   -8.7087E-03   
2.6548E-02   -4.7178E-03   
1.6134E-02   -1.0888E-02   
3.4119E-02   -1.2342E-03   
4.0752E-02   -3.9839E-04   
3.8061E-02   -5.5389E-03   
1.1695E-02   -1.1968E-02   
2.1929E-02   -9.3830E-03   
1.7446E-02   -1.0508E-02   
2.6168E-02   -8.4365E-03   
1.9451E-02   -9.0755E-03   
3.1072E-02   -7.3030E-03   
2.5190E-02   -6.0127E-03   
1.9127E-02   -1.0060E-02   
3.2355E-02   -3.1186E-03   
3.3687E-02   -2.3439E-03   
2.7899E-02   -8.0556E-03   
2.5411E-02   -6.4938E-03   
4.2200E-02   -3.3887E-04   
2.4696E-02   -7.5399E-03   
3.9492E-02   -4.4166E-04   
1.8165E-02   -9.6143E-03   
3.3722E-02   -1.5336E-03   
2.4656E-02   -8.7850E-03   
2.6148E-02   -5.3253E-03   
3.6781E-02   -5.2317E-04   
3.4114E-02   -1.7320E-03   
4.3509E-02   -1.7698E-03   
4.4229E-02   -3.8462E-04   
4.3962E-02   -8.0638E-04   
4.4487E-02   -2.2361E-04   
3.0887E-02   -3.3659E-03   
3.9748E-02   -4.5890E-03   
4.2491E-02   -3.0142E-03   
4.5576E-02   -4.1472E-04   
4.5192E-02   -1.5483E-03   
4.5238E-02   -8.0364E-04   
4.5052E-02   -9.7126E-04   
2.4207E-02   -8.4898E-03   
1.8188E-02   -9.9908E-03   
4.1218E-02   -5.1385E-04   
3.6681E-02   -5.8244E-03   
2.1041E-02   -9.2789E-03   
2.5803E-02   -6.8777E-03   
2.3686E-02   -8.2103E-03   
3.5070E-02   -2.1886E-03   
3.6275E-02   -7.5679E-04   
2.9759E-02   -7.3781E-03   
3.8854E-02   -6.0681E-04   
4.3806E-02   -1.0842E-03   
4.4364E-02   -5.5706E-04   
3.5438E-02   -1.5994E-03   
2.9409E-02   -4.2278E-03   
3.5361E-02   -1.1528E-03   
2.7826E-02   -4.7457E-03   
4.3420E-02   -1.4257E-03   
4.0307E-02   -3.7926E-03   
3.3537E-02   -3.0758E-03   
3.2844E-02   -6.6258E-03   
2.6634E-02   -5.8852E-03   
2.2275E-02   -8.6000E-03   
2.7228E-02   -7.7990E-03   
3.2636E-02   -3.4052E-03   
4.3481E-02   -3.4296E-04   
3.9417E-02   -4.3868E-03   
4.2739E-02   -2.3882E-03   
3.0081E-02   -6.7638E-03   
2.8263E-02   -5.6485E-03   
3.2411E-02   -3.8013E-03   
3.4886E-02   -2.8609E-03   
2.8291E-02   -7.1590E-03   
2.5214E-02   -7.8522E-03   
4.1665E-02   -6.1198E-04   
3.8479E-02   -4.4734E-03   
3.8966E-02   -8.0165E-04   
4.0444E-02   -7.0357E-04   
2.6746E-02   -7.5094E-03   
3.6270E-02   -1.2556E-03   
3.6374E-02   -9.6768E-04   
3.5946E-02   -1.8094E-03   
2.6398E-02   -5.6254E-03   
2.7276E-02   -6.6015E-03   
3.5622E-02   -2.3983E-03   
3.3278E-02   -6.0674E-03   
3.0678E-02   -4.2420E-03   
2.9156E-02   -4.7170E-03   
2.8127E-02   -6.1046E-03   
3.3844E-02   -3.5743E-03   
3.4748E-02   -3.2144E-03   
3.4163E-02   -6.4944E-03   
3.6466E-02   -2.0030E-03   
2.7770E-02   -6.8835E-03   
4.2868E-02   -5.1007E-04   
3.7542E-02   -1.0049E-03   
3.6766E-02   -1.4804E-03   
3.6554E-02   -5.1708E-03   
3.8535E-02   -1.0699E-03   
2.9076E-02   -5.1076E-03   
3.1639E-02   -4.2962E-03   
3.5061E-02   -3.4697E-03   
2.8694E-02   -6.2936E-03   
3.8174E-02   -1.3389E-03   
3.9340E-02   -3.8255E-03   
3.6227E-02   -2.5240E-03   
3.7847E-02   -1.8068E-03   
3.5866E-02   -5.8263E-03   
4.1047E-02   -7.9928E-04   
2.9998E-02   -5.1809E-03   
3.1569E-02   -4.6716E-03   
4.3403E-02   -5.8761E-04   
3.7431E-02   -2.3465E-03   
4.1836E-02   -8.6350E-04   
3.0218E-02   -5.9149E-03   
3.8446E-02   -1.5267E-03   
4.0345E-02   -1.0264E-03   
3.8360E-02   -1.9492E-03   
3.2936E-02   -4.5777E-03   
3.9251E-02   -1.1279E-03   
3.4536E-02   -4.0156E-03   
3.6869E-02   -3.0584E-03   
3.9479E-02   -1.5426E-03   
3.7481E-02   -3.2782E-03   
3.0751E-02   -6.1441E-03   
3.5809E-02   -3.9281E-03   
3.1259E-02   -5.2319E-03   
3.4199E-02   -4.5129E-03   
4.0686E-02   -1.1671E-03   
4.3219E-02   -7.8620E-04   
3.8513E-02   -3.2502E-03   
3.7138E-02   -3.7774E-03   
4.1083E-02   -1.2952E-03   
3.1824E-02   -5.5592E-03   
3.3613E-02   -5.1064E-03   
4.0387E-02   -1.5599E-03   
4.0041E-02   -2.8873E-03   
3.7015E-02   -4.2123E-03   
4.2476E-02   -1.0651E-03   
4.0334E-02   -1.7650E-03   
3.9954E-02   -3.2728E-03   
4.3105E-02   -1.1113E-03   
3.8458E-02   -3.8665E-03   
3.8873E-02   -2.0848E-03   
3.7945E-02   -2.5246E-03   
3.8628E-02   -2.6633E-03   
4.0334E-02   -2.2353E-03   
