51 
1844 
2.4343E-03   -2.6973E-03   
4.6304E-03   -2.2826E-03   
6.3705E-03   -1.6475E-03   
7.4876E-03   -8.6030E-04   
1.1429E-36   -2.8273E-03   
7.8646E-03   -5.9038E-37   
8.0407E-03   -2.7580E-35   
8.3287E-03   -2.8219E-37   
8.9607E-03   1.1474E-35   
9.5331E-03   1.6870E-35   
1.0261E-02   3.5740E-35   
1.1148E-02   4.9279E-35   
1.1831E-02   5.9662E-35   
1.2994E-02   9.0709E-35   
1.3859E-02   1.1002E-34   
1.4796E-02   9.6597E-35   
1.5290E-02   1.4940E-34   
1.6326E-02   2.2120E-34   
1.7427E-02   3.2177E-34   
1.8000E-02   -1.6001E-30   
1.8000E-02   -2.3258E-34   
1.8000E-02   -2.3258E-34   
1.8000E-02   -2.3258E-34   
1.8000E-02   -2.3258E-34   
1.8000E-02   -2.3258E-34   
1.8000E-02   -2.3258E-34   
1.8000E-02   -2.3258E-34   
1.8000E-02   -2.3258E-34   
1.8000E-02   -2.3258E-34   
1.8000E-02   -2.3258E-34   
1.8000E-02   -2.3258E-34   
1.8000E-02   -2.3258E-34   
1.6911E-02   -7.7895E-04   
1.5136E-02   -1.7781E-03   
1.4388E-02   -2.1219E-03   
1.3674E-02   -2.4055E-03   
1.2298E-02   -2.8622E-03   
1.1627E-02   -3.0534E-03   
1.0309E-02   -3.3900E-03   
9.6615E-03   -3.5441E-03   
8.3871E-03   -3.8373E-03   
7.1478E-03   -4.1209E-03   
6.5442E-03   -4.2620E-03   
5.3747E-03   -4.5387E-03   
4.2639E-03   -4.8026E-03   
3.7321E-03   -4.9254E-03   
2.7174E-03   -5.1441E-03   
1.7636E-03   -5.3116E-03   
8.6204E-04   -5.4156E-03   
1.5865E-36   -5.4468E-03   
3.2388E-34   -5.1604E-03   
3.4057E-34   -4.8870E-03   
3.2086E-34   -4.5242E-03   
3.0417E-34   -4.3158E-03   
2.6781E-34   -3.9762E-03   
2.4431E-34   -3.7828E-03   
2.2006E-34   -3.5943E-03   
1.9997E-34   -3.4425E-03   
1.9564E-34   -3.3099E-03   
1.8444E-03   -2.8782E-03   
1.7295E-02   -6.8864E-05   
1.6556E-02   -1.4398E-04   
1.5487E-02   -2.4897E-04   
1.4611E-02   -3.3868E-04   
1.3762E-02   -4.5040E-04   
1.2806E-02   -5.1705E-04   
1.2023E-02   -5.4435E-04   
1.1055E-02   -6.2818E-04   
1.0096E-02   -6.7996E-04   
9.1404E-03   -7.2545E-04   
8.1929E-03   -7.6604E-04   
7.2061E-03   -8.3100E-04   
6.1913E-03   -9.9555E-04   
4.8042E-03   -1.4368E-03   
3.3904E-03   -2.1249E-03   
5.0331E-03   -1.6743E-03   
6.0008E-03   -8.3319E-04   
6.9391E-03   -5.2788E-04   
7.8267E-03   -4.4674E-04   
8.6797E-03   -4.3564E-04   
9.4909E-03   -4.3967E-04   
1.0418E-02   -4.0337E-04   
1.1279E-02   -3.7410E-04   
1.2082E-02   -3.3632E-04   
1.2910E-02   -3.3860E-04   
1.3811E-02   -2.6823E-04   
1.4678E-02   -2.1154E-04   
1.5526E-02   -1.7030E-04   
1.6424E-02   -9.8945E-05   
1.7204E-02   -4.1721E-05   
7.3656E-03   -3.7277E-04   
7.8182E-03   -1.7625E-04   
8.3341E-03   -1.6557E-04   
9.0490E-03   -1.6995E-04   
9.7332E-03   -1.7304E-04   
1.0576E-02   -1.8228E-04   
1.1330E-02   -1.8714E-04   
1.2078E-02   -1.8302E-04   
1.3042E-02   -1.4712E-04   
1.3848E-02   -1.1894E-04   
1.4760E-02   -1.0213E-04   
1.5656E-02   -7.3703E-05   
1.6532E-02   -4.8357E-05   
1.7336E-02   -1.5781E-05   
1.7162E-02   -1.0698E-04   
1.6363E-02   -2.2569E-04   
1.5383E-02   -3.7878E-04   
1.4478E-02   -4.7348E-04   
1.3696E-02   -6.0868E-04   
1.2712E-02   -7.1750E-04   
1.1743E-02   -8.1576E-04   
1.0824E-02   -8.9228E-04   
9.8683E-03   -9.8548E-04   
8.9722E-03   -1.0668E-03   
7.8234E-03   -1.1944E-03   
6.5961E-03   -1.3831E-03   
5.3913E-03   -1.6429E-03   
4.1294E-03   -2.0178E-03   
2.7183E-03   -2.5969E-03   
1.3519E-03   -3.1515E-03   
1.7112E-02   -1.5867E-04   
1.6432E-02   -2.8832E-04   
1.5268E-02   -5.1368E-04   
1.4504E-02   -6.5502E-04   
1.3592E-02   -7.9633E-04   
1.2496E-02   -9.7861E-04   
1.1526E-02   -1.0784E-03   
1.0585E-02   -1.1838E-03   
9.4782E-03   -1.3371E-03   
8.4420E-03   -1.5063E-03   
7.3437E-03   -1.6898E-03   
6.1902E-03   -1.8596E-03   
4.9504E-03   -2.2025E-03   
3.7432E-03   -2.5281E-03   
2.4328E-03   -2.9908E-03   
1.1594E-03   -3.3936E-03   
1.7360E-02   -1.3872E-04   
1.6128E-02   -4.3347E-04   
1.5427E-02   -5.8674E-04   
1.4572E-02   -7.8955E-04   
1.3295E-02   -1.0479E-03   
1.2386E-02   -1.2202E-03   
1.1441E-02   -1.3612E-03   
1.0324E-02   -1.5487E-03   
9.3051E-03   -1.7321E-03   
8.2061E-03   -1.8857E-03   
7.1703E-03   -2.0638E-03   
5.8724E-03   -2.2997E-03   
4.6142E-03   -2.6966E-03   
3.4400E-03   -2.9809E-03   
2.3375E-03   -3.3393E-03   
1.1494E-03   -3.6243E-03   
1.6966E-02   -2.8379E-04   
1.6244E-02   -4.9961E-04   
1.5370E-02   -7.5770E-04   
1.4489E-02   -1.0064E-03   
1.3212E-02   -1.3043E-03   
1.2186E-02   -1.4905E-03   
1.1143E-02   -1.7293E-03   
1.0145E-02   -1.9443E-03   
8.9532E-03   -2.1066E-03   
7.9840E-03   -2.2488E-03   
6.9978E-03   -2.5006E-03   
5.6895E-03   -2.8108E-03   
4.4125E-03   -3.1374E-03   
3.2958E-03   -3.4161E-03   
2.1080E-03   -3.7024E-03   
1.1010E-03   -3.8856E-03   
1.7184E-02   -3.0034E-04   
1.6203E-02   -6.6211E-04   
1.5399E-02   -9.0880E-04   
1.4139E-02   -1.3047E-03   
1.3031E-02   -1.6357E-03   
1.2041E-02   -1.8360E-03   
1.0814E-02   -2.1041E-03   
9.8933E-03   -2.2997E-03   
8.6990E-03   -2.4903E-03   
7.6579E-03   -2.6921E-03   
6.4786E-03   -2.9521E-03   
5.5167E-03   -3.1955E-03   
4.3587E-03   -3.4941E-03   
3.2108E-03   -3.7631E-03   
2.0973E-03   -4.0088E-03   
9.8600E-04   -4.1853E-03   
1.7046E-02   -4.0496E-04   
1.5969E-02   -8.4320E-04   
1.5218E-02   -1.1134E-03   
1.3757E-02   -1.6413E-03   
1.2872E-02   -1.9013E-03   
1.1866E-02   -2.1842E-03   
1.0763E-02   -2.4010E-03   
9.6491E-03   -2.6472E-03   
8.4138E-03   -2.9256E-03   
7.3812E-03   -3.1377E-03   
6.3682E-03   -3.3457E-03   
5.3133E-03   -3.6009E-03   
4.1531E-03   -3.9246E-03   
3.1655E-03   -4.1112E-03   
2.0477E-03   -4.3428E-03   
1.0163E-03   -4.4774E-03   
1.7128E-02   -4.8150E-04   
1.6206E-02   -9.2890E-04   
1.4969E-02   -1.4365E-03   
1.3888E-02   -1.8876E-03   
1.2717E-02   -2.1673E-03   
1.1586E-02   -2.4605E-03   
1.0511E-02   -2.7384E-03   
9.4328E-03   -2.9969E-03   
8.3553E-03   -3.2496E-03   
7.1707E-03   -3.4718E-03   
6.1234E-03   -3.7966E-03   
5.0250E-03   -4.0146E-03   
4.0372E-03   -4.2165E-03   
3.0102E-03   -4.4577E-03   
1.9525E-03   -4.6754E-03   
1.0850E-03   -4.7634E-03   
1.6874E-02   -7.3058E-04   
1.5748E-02   -1.3780E-03   
1.4811E-02   -1.7473E-03   
1.3349E-02   -2.2850E-03   
1.2465E-02   -2.5462E-03   
1.1238E-02   -2.8774E-03   
1.0173E-02   -3.1616E-03   
9.2248E-03   -3.3352E-03   
8.0827E-03   -3.5871E-03   
7.0050E-03   -3.8904E-03   
6.1007E-03   -4.0761E-03   
5.0061E-03   -4.3433E-03   
3.8792E-03   -4.6032E-03   
2.8747E-03   -4.8059E-03   
1.9147E-03   -4.9797E-03   
8.5656E-04   -5.1510E-03   
3.0569E-04   -2.8368E-03   
6.1521E-04   -2.8312E-03   
9.2321E-04   -2.8202E-03   
1.2302E-03   -2.8050E-03   
1.5353E-03   -2.7850E-03   
1.8381E-03   -2.7603E-03   
2.1379E-03   -2.7310E-03   
2.7268E-03   -2.6594E-03   
3.0150E-03   -2.6174E-03   
3.2985E-03   -2.5713E-03   
3.5768E-03   -2.5213E-03   
3.8496E-03   -2.4673E-03   
4.1164E-03   -2.4094E-03   
4.3768E-03   -2.3479E-03   
4.8766E-03   -2.2139E-03   
5.1152E-03   -2.1418E-03   
5.3457E-03   -2.0666E-03   
5.5684E-03   -1.9884E-03   
5.7825E-03   -1.9073E-03   
5.9879E-03   -1.8233E-03   
6.1840E-03   -1.7366E-03   
6.5471E-03   -1.5561E-03   
6.7137E-03   -1.4624E-03   
6.8699E-03   -1.3665E-03   
7.0155E-03   -1.2687E-03   
7.1503E-03   -1.1690E-03   
7.2740E-03   -1.0676E-03   
7.3865E-03   -9.6465E-04   
7.5772E-03   -7.5463E-04   
7.6550E-03   -6.4771E-04   
7.7208E-03   -5.3943E-04   
7.7701E-03   -4.3027E-04   
7.8197E-03   -3.2309E-04   
7.8426E-03   -2.1694E-04   
7.8657E-03   -1.0533E-04   
7.9164E-03   -1.3632E-34   
7.9450E-03   -1.2677E-34   
7.9679E-03   -9.3786E-35   
7.9893E-03   -4.9693E-35   
8.0125E-03   -3.7242E-35   
8.0765E-03   -1.9733E-35   
8.1218E-03   -1.3344E-35   
8.1781E-03   -8.1370E-36   
8.2468E-03   -3.8535E-36   
8.4247E-03   2.7070E-36   
8.5354E-03   5.2223E-36   
8.6613E-03   7.4094E-36   
8.8030E-03   9.4496E-36   
9.1346E-03   1.3301E-35   
9.3254E-03   1.5110E-35   
9.7581E-03   1.8825E-35   
1.0000E-02   2.0834E-35   
1.0539E-02   3.7645E-35   
1.0834E-02   2.8365E-35   
1.1480E-02   5.3304E-35   
1.2200E-02   6.9007E-35   
1.2588E-02   7.7904E-35   
1.3417E-02   9.3910E-35   
1.4319E-02   1.2550E-34   
1.5800E-02   1.8749E-34   
1.6869E-02   1.9644E-34   
1.8000E-02   -2.3258E-34   
1.8000E-02   -2.3258E-34   
1.8000E-02   -2.3258E-34   
1.8000E-02   -2.3258E-34   
1.8000E-02   -2.3258E-34   
1.5943E-02   -1.3660E-03   
1.2980E-02   -2.6491E-03   
1.0965E-02   -3.2276E-03   
9.0203E-03   -3.6926E-03   
7.7626E-03   -3.9799E-03   
5.9527E-03   -4.4012E-03   
4.8116E-03   -4.6731E-03   
3.2166E-03   -5.0399E-03   
2.2332E-03   -5.2346E-03   
1.3067E-03   -5.3718E-03   
4.2831E-04   -5.4427E-03   
2.4063E-34   -5.3037E-03   
3.3672E-34   -5.0209E-03   
3.2994E-34   -4.7595E-03   
4.7943E-34   -4.6385E-03   
4.8382E-34   -4.4166E-03   
2.9710E-34   -4.2215E-03   
2.8904E-34   -4.1335E-03   
2.7795E-34   -4.0518E-03   
2.5941E-34   -3.9062E-03   
2.5154E-34   -3.8418E-03   
2.3819E-34   -3.7287E-03   
2.3216E-34   -3.6795E-03   
2.2582E-34   -3.6348E-03   
2.1504E-34   -3.5577E-03   
2.1049E-34   -3.5246E-03   
2.0644E-34   -3.4946E-03   
2.0292E-34   -3.4674E-03   
1.9760E-34   -3.4194E-03   
1.9582E-34   -3.3975E-03   
1.9468E-34   -3.3764E-03   
1.9425E-34   -3.3552E-03   
1.9456E-34   -3.3333E-03   
1.9741E-34   -3.2841E-03   
1.9979E-34   -3.2548E-03   
2.0311E-34   -3.2209E-03   
2.0753E-34   -3.1813E-03   
2.1447E-34   -3.1350E-03   
3.3724E-34   -3.0787E-03   
3.4007E-34   -3.0130E-03   
2.7962E-34   -2.9260E-03   
3.2956E-03   -2.5430E-03   
5.0879E-03   -2.0200E-03   
5.7589E-03   -1.7560E-03   
3.8330E-03   -2.4106E-03   
7.3032E-03   -9.0693E-04   
2.4618E-03   -2.7092E-03   
1.0160E-03   -2.8855E-03   
6.8824E-03   -1.1947E-03   
7.6971E-03   -5.2078E-04   
6.3652E-03   -1.4794E-03   
4.3523E-03   -2.2633E-03   
7.5248E-03   -7.1433E-04   
4.6043E-03   -2.1850E-03   
2.1780E-03   -2.7551E-03   
6.1733E-03   -1.5729E-03   
7.0340E-03   -1.0990E-03   
7.8872E-03   -1.4566E-04   
3.9120E-04   -2.9185E-03   
1.8917E-03   -2.7959E-03   
5.3175E-03   -1.9338E-03   
5.5393E-03   -1.8455E-03   
7.4201E-03   -8.1072E-04   
1.3113E-03   -2.8611E-03   
7.7648E-03   -4.2242E-04   
7.0824E-04   -2.9063E-03   
1.6030E-03   -2.8313E-03   
7.1743E-03   -1.0031E-03   
7.6171E-03   -6.1765E-04   
2.7431E-03   -2.6584E-03   
6.7202E-03   -1.2901E-03   
6.5476E-03   -1.3851E-03   
4.0953E-03   -2.3387E-03   
3.0212E-03   -2.6030E-03   
3.5665E-03   -2.4788E-03   
4.8499E-03   -2.1039E-03   
5.9707E-03   -1.6652E-03   
2.2613E-04   -3.1039E-03   
2.1505E-04   -3.1549E-03   
2.0711E-04   -3.1979E-03   
1.9979E-04   -3.2345E-03   
1.9410E-04   -3.2658E-03   
1.9062E-04   -3.2930E-03   
1.8871E-04   -3.3173E-03   
1.8791E-04   -3.3396E-03   
1.8801E-04   -3.3609E-03   
7.9463E-03   -7.0223E-05   
1.8891E-04   -3.3819E-03   
7.9670E-03   -5.5433E-05   
1.9060E-04   -3.4033E-03   
7.9882E-03   -4.4745E-05   
1.9305E-04   -3.4256E-03   
8.0133E-03   -3.6782E-05   
1.9623E-04   -3.4496E-03   
8.0450E-03   -3.1260E-05   
2.0006E-04   -3.4756E-03   
8.0855E-03   -2.7645E-05   
2.0454E-04   -3.5041E-03   
8.1364E-03   -2.5621E-05   
2.0958E-04   -3.5357E-03   
8.1991E-03   -2.4885E-05   
2.1518E-04   -3.5706E-03   
8.2747E-03   -2.5142E-05   
2.2131E-04   -3.6092E-03   
8.3641E-03   -2.6159E-05   
2.2772E-04   -3.6518E-03   
8.4679E-03   -2.7845E-05   
2.3427E-04   -3.6986E-03   
8.5871E-03   -3.0064E-05   
2.4166E-04   -3.7502E-03   
8.7217E-03   -3.2642E-05   
2.5018E-04   -3.8068E-03   
8.8721E-03   -3.5443E-05   
2.5913E-04   -3.8687E-03   
9.0388E-03   -3.8134E-05   
2.6823E-04   -3.9358E-03   
9.2208E-03   -4.1224E-05   
2.7741E-04   -4.0085E-03   
9.4181E-03   -4.4574E-05   
2.8638E-04   -4.0865E-03   
9.6315E-03   -4.8476E-05   
2.9849E-04   -4.1696E-03   
9.8635E-03   -5.2006E-05   
3.1282E-04   -4.2593E-03   
1.0114E-02   -5.4558E-05   
3.2045E-04   -4.3560E-03   
1.0383E-02   -5.6968E-05   
3.2837E-04   -4.4587E-03   
1.0673E-02   -5.9363E-05   
3.5163E-04   -4.5689E-03   
1.0984E-02   -6.0445E-05   
3.6531E-04   -4.6894E-03   
1.1306E-02   -5.9138E-05   
3.6776E-04   -4.8167E-03   
1.1641E-02   -6.1196E-05   
3.8190E-04   -4.9494E-03   
1.1999E-02   -6.1939E-05   
4.0437E-04   -5.0923E-03   
4.0913E-03   -2.2604E-03   
6.3776E-03   -1.3242E-03   
7.0648E-03   -9.4781E-04   
3.0366E-03   -2.5748E-03   
7.8694E-03   -2.1352E-04   
8.2157E-04   -2.9606E-03   
5.2965E-03   -1.8035E-03   
7.7396E-03   -4.1329E-04   
1.3864E-03   -2.9010E-03   
2.2207E-03   -2.7630E-03   
1.9455E-03   -2.8147E-03   
5.9725E-03   -1.5163E-03   
4.5978E-03   -2.0842E-03   
7.4600E-03   -6.7703E-04   
7.5660E-03   -5.8866E-04   
4.8409E-03   -1.9929E-03   
5.7525E-03   -1.6114E-03   
7.2089E-03   -8.5651E-04   
6.9091E-03   -1.0403E-03   
3.3044E-03   -2.5023E-03   
2.4947E-03   -2.7055E-03   
5.0498E-04   -2.9909E-03   
3.5696E-03   -2.4254E-03   
5.0713E-03   -1.8988E-03   
5.5253E-03   -1.7067E-03   
7.3408E-03   -7.6628E-04   
7.6590E-03   -5.0083E-04   
3.8322E-03   -2.3446E-03   
6.5649E-03   -1.2287E-03   
1.6672E-03   -2.8608E-03   
2.7669E-03   -2.6427E-03   
6.7423E-03   -1.1340E-03   
7.8094E-03   -3.2278E-04   
1.1023E-03   -2.9344E-03   
6.1801E-03   -1.4206E-03   
4.3472E-03   -2.1735E-03   
2.3567E-04   -3.0428E-03   
4.5058E-04   -3.1139E-03   
4.3012E-04   -3.1635E-03   
4.1173E-04   -3.2031E-03   
3.9490E-04   -3.2369E-03   
3.8445E-04   -3.2657E-03   
3.7881E-04   -3.2908E-03   
3.7617E-04   -3.3136E-03   
7.9217E-03   -9.5493E-05   
3.7562E-04   -3.3349E-03   
3.7677E-04   -3.3556E-03   
7.9237E-03   -1.2157E-04   
3.7949E-04   -3.3765E-03   
7.9405E-03   -9.9741E-05   
3.8377E-04   -3.3982E-03   
7.9624E-03   -8.1011E-05   
3.8951E-04   -3.4211E-03   
7.9900E-03   -6.7921E-05   
3.9661E-04   -3.4460E-03   
8.0258E-03   -5.9204E-05   
4.0479E-04   -3.4732E-03   
8.0715E-03   -5.3783E-05   
4.1518E-04   -3.5029E-03   
8.1286E-03   -5.1201E-05   
4.2749E-04   -3.5359E-03   
8.1983E-03   -5.0901E-05   
4.3917E-04   -3.5727E-03   
8.2813E-03   -5.2317E-05   
4.5001E-04   -3.6134E-03   
8.3792E-03   -5.5017E-05   
4.6150E-04   -3.6579E-03   
8.4926E-03   -5.9005E-05   
4.7505E-04   -3.7068E-03   
8.6207E-03   -6.4006E-05   
4.9110E-04   -3.7607E-03   
8.7648E-03   -6.9676E-05   
5.0898E-04   -3.8198E-03   
8.9270E-03   -7.4760E-05   
5.2758E-04   -3.8844E-03   
9.1017E-03   -7.8818E-05   
5.4608E-04   -3.9544E-03   
9.2843E-03   -8.6102E-05   
5.6125E-04   -4.0298E-03   
9.4848E-03   -9.2694E-05   
5.7238E-04   -4.1087E-03   
9.7033E-03   -1.0208E-04   
6.0737E-04   -4.1902E-03   
9.9458E-03   -1.0781E-04   
6.3861E-04   -4.2828E-03   
1.0207E-02   -1.1158E-04   
6.3834E-04   -4.3838E-03   
1.0486E-02   -1.1711E-04   
6.6712E-04   -4.4839E-03   
1.0797E-02   -1.2095E-04   
7.6056E-04   -4.5970E-03   
1.1131E-02   -1.2074E-04   
7.3255E-04   -4.7327E-03   
1.1438E-02   -1.1206E-04   
7.4567E-04   -4.8601E-03   
1.1766E-02   -1.3431E-04   
7.8361E-04   -4.9934E-03   
1.2377E-02   -6.5279E-05   
5.2966E-03   -1.6788E-03   
5.5401E-03   -1.5740E-03   
4.6092E-03   -1.9843E-03   
5.7707E-03   -1.4756E-03   
4.3600E-03   -2.0807E-03   
2.0005E-03   -2.8191E-03   
2.2676E-03   -2.7567E-03   
2.5336E-03   -2.6884E-03   
2.7985E-03   -2.6145E-03   
3.0623E-03   -2.5354E-03   
1.7290E-03   -2.8761E-03   
3.3250E-03   -2.4514E-03   
4.1052E-03   -2.1770E-03   
5.9934E-03   -1.3783E-03   
3.5867E-03   -2.3632E-03   
3.8472E-03   -2.2716E-03   
1.4492E-03   -2.9283E-03   
6.2047E-03   -1.2797E-03   
7.3852E-03   -6.4353E-04   
7.5049E-03   -5.6121E-04   
7.6094E-03   -4.8128E-04   
7.2519E-03   -7.2788E-04   
1.1702E-03   -2.9725E-03   
6.4059E-03   -1.1821E-03   
7.1059E-03   -8.1411E-04   
6.7778E-03   -9.9317E-04   
6.5970E-03   -1.0865E-03   
6.9477E-03   -9.0256E-04   
9.0763E-04   -3.0002E-03   
6.8342E-04   -3.0209E-03   
7.7002E-03   -4.0196E-04   
7.7802E-03   -3.2133E-04   
7.8494E-03   -2.3885E-04   
4.6901E-04   -3.0631E-03   
6.4819E-04   -3.1578E-03   
6.0780E-04   -3.1971E-03   
5.8406E-04   -3.2283E-03   
5.7163E-04   -3.2546E-03   
5.6558E-04   -3.2776E-03   
5.6347E-04   -3.2989E-03   
7.9040E-03   -1.5166E-04   
5.6422E-04   -3.3192E-03   
5.6739E-04   -3.3395E-03   
7.8687E-03   -1.7280E-04   
5.7288E-04   -3.3603E-03   
7.8901E-03   -1.3568E-04   
5.8060E-04   -3.3823E-03   
7.9138E-03   -1.1222E-04   
5.9042E-04   -3.4060E-03   
7.9446E-03   -9.6524E-05   
6.0154E-04   -3.4318E-03   
7.9849E-03   -8.6564E-05   
6.1644E-04   -3.4595E-03   
8.0372E-03   -8.0594E-05   
6.4036E-04   -3.4892E-03   
8.1010E-03   -7.8761E-05   
6.5884E-04   -3.5243E-03   
8.1770E-03   -8.0071E-05   
6.6975E-04   -3.5641E-03   
8.2689E-03   -8.3219E-05   
6.8450E-04   -3.6068E-03   
8.3776E-03   -8.8003E-05   
7.0050E-04   -3.6535E-03   
8.4990E-03   -9.5134E-05   
7.2187E-04   -3.7042E-03   
8.6358E-03   -1.0378E-04   
7.5046E-04   -3.7597E-03   
8.7945E-03   -1.1199E-04   
7.7965E-04   -3.8215E-03   
8.9751E-03   -1.1798E-04   
8.0775E-04   -3.8895E-03   
9.1471E-03   -1.1801E-04   
8.3140E-04   -3.9640E-03   
9.3147E-03   -1.4043E-04   
8.3925E-04   -4.0444E-03   
8.2339E-04   -4.1200E-03   
9.6359E-04   -4.3064E-03   
1.0270E-02   -1.7329E-04   
1.0741E-03   -4.6500E-03   
1.1201E-03   -4.8824E-03   
1.0918E-02   -1.8653E-04   
1.2794E-02   -7.0004E-05   
7.6507E-03   -3.9216E-04   
7.7389E-03   -3.1871E-04   
7.8194E-03   -2.4406E-04   
4.8544E-03   -1.7971E-03   
4.6413E-03   -1.8825E-03   
1.7922E-03   -2.8788E-03   
1.5150E-03   -2.9431E-03   
2.8387E-03   -2.5762E-03   
2.0582E-03   -2.8111E-03   
3.0982E-03   -2.4867E-03   
2.3198E-03   -2.7383E-03   
4.3920E-03   -1.9858E-03   
5.8125E-03   -1.3543E-03   
2.5796E-03   -2.6601E-03   
7.3032E-03   -6.1450E-04   
7.1560E-03   -6.9602E-04   
3.3580E-03   -2.3925E-03   
3.6181E-03   -2.2943E-03   
6.6419E-03   -9.5779E-04   
6.8248E-03   -8.6730E-04   
7.4376E-03   -5.3516E-04   
1.2266E-03   -3.0013E-03   
7.5529E-03   -4.6264E-04   
4.1362E-03   -2.0898E-03   
6.4482E-03   -1.0523E-03   
3.8780E-03   -2.1931E-03   
6.9965E-03   -7.8020E-04   
6.0321E-03   -1.2512E-03   
6.2446E-03   -1.1504E-03   
8.3380E-04   -3.1479E-03   
7.8917E-04   -3.1823E-03   
7.6770E-04   -3.2094E-03   
7.5673E-04   -3.2326E-03   
7.5207E-04   -3.2535E-03   
7.5175E-04   -3.2733E-03   
7.5490E-04   -3.2928E-03   
7.6107E-04   -3.3127E-03   
7.8767E-03   -1.8432E-04   
7.8001E-03   -2.0182E-04   
7.7011E-04   -3.3336E-03   
7.8181E-03   -1.6693E-04   
7.8204E-04   -3.3560E-03   
7.8448E-03   -1.4147E-04   
7.9611E-04   -3.3803E-03   
7.8791E-03   -1.2539E-04   
8.1237E-04   -3.4065E-03   
7.9247E-03   -1.1594E-04   
8.3485E-04   -3.4337E-03   
7.9866E-03   -1.0970E-04   
8.9653E-04   -3.4594E-03   
8.0536E-03   -1.1058E-04   
8.8726E-04   -3.5045E-03   
8.1352E-03   -1.1436E-04   
9.0550E-04   -3.5455E-03   
8.2419E-03   -1.1937E-04   
9.2355E-04   -3.5916E-03   
8.3604E-03   -1.2590E-04   
9.7799E-04   -3.6901E-03   
1.1110E-03   -4.0652E-03   
8.6318E-03   -1.5111E-04   
1.0275E-03   -3.7461E-03   
1.0651E-03   -3.8127E-03   
1.1312E-03   -3.9685E-03   
9.5378E-03   -1.3860E-04   
1.0030E-02   -1.5922E-04   
1.0323E-02   -2.4370E-04   
8.8165E-03   -1.6175E-04   
1.4820E-03   -4.7657E-03   
1.0654E-02   -2.5231E-04   
1.1222E-03   -4.5530E-03   
9.2347E-03   -1.9787E-04   
1.3328E-03   -4.2188E-03   
7.7755E-03   -2.5043E-04   
7.6817E-03   -3.2243E-04   
7.5964E-03   -3.8739E-04   
5.4306E-03   -1.4368E-03   
5.3417E-03   -1.5516E-03   
5.6326E-03   -1.3406E-03   
4.4515E-03   -1.8888E-03   
7.3624E-03   -5.1401E-04   
1.8672E-03   -2.8670E-03   
7.4975E-03   -4.3851E-04   
1.5948E-03   -2.9417E-03   
1.3118E-03   -3.0109E-03   
2.1273E-03   -2.7897E-03   
2.8879E-03   -2.5293E-03   
2.6329E-03   -2.6226E-03   
4.1862E-03   -1.9997E-03   
2.3810E-03   -2.7089E-03   
3.1451E-03   -2.4304E-03   
5.8590E-03   -1.2366E-03   
6.6977E-03   -8.4229E-04   
7.2135E-03   -5.9208E-04   
3.4039E-03   -2.3270E-03   
6.8817E-03   -7.5517E-04   
7.0536E-03   -6.7205E-04   
6.5025E-03   -9.3433E-04   
3.6640E-03   -2.2201E-03   
3.9250E-03   -2.1106E-03   
6.2967E-03   -1.0312E-03   
6.0817E-03   -1.1325E-03   
8.2549E-04   -3.0832E-03   
9.9063E-04   -3.1309E-03   
9.6477E-04   -3.1572E-03   
9.4932E-04   -3.1798E-03   
9.4157E-04   -3.1999E-03   
9.3965E-04   -3.2188E-03   
9.4237E-04   -3.2371E-03   
9.4881E-04   -3.2558E-03   
9.5870E-04   -3.2755E-03   
7.6956E-03   -2.3946E-04   
9.7226E-04   -3.2965E-03   
7.7287E-03   -1.9574E-04   
9.8927E-04   -3.3192E-03   
1.0072E-03   -3.3444E-03   
7.7581E-03   -1.7143E-04   
7.7941E-03   -1.5734E-04   
1.0199E-03   -3.3732E-03   
7.8408E-03   -1.5175E-04   
1.0779E-03   -3.4455E-03   
7.9660E-03   -1.5271E-04   
1.1216E-03   -3.4743E-03   
8.2068E-03   -1.6168E-04   
8.0826E-03   -1.5560E-04   
1.1581E-03   -3.5178E-03   
1.2827E-03   -3.6519E-03   
9.3876E-04   -3.6413E-03   
1.3241E-03   -3.7230E-03   
1.3737E-03   -3.7932E-03   
1.3847E-03   -4.5713E-03   
1.3646E-03   -4.4655E-03   
1.4278E-03   -3.8708E-03   
8.6170E-03   -2.0815E-04   
9.4502E-03   -1.8675E-04   
9.0368E-03   -2.4021E-04   
9.9824E-03   -2.2834E-04   
8.8187E-03   -2.2131E-04   
8.4839E-03   -1.3826E-04   
1.4960E-03   -3.9642E-03   
1.2741E-03   -4.3555E-03   
1.4030E-03   -4.0942E-03   
1.0999E-02   -2.5888E-04   
1.4163E-03   -4.8925E-03   
1.3410E-03   -4.6731E-03   
1.0377E-02   -3.1977E-04   
5.1768E-03   -1.5095E-03   
7.7118E-03   -2.6722E-04   
7.4246E-03   -4.2542E-04   
1.9601E-03   -2.8395E-03   
7.2734E-03   -5.0187E-04   
1.7018E-03   -2.9213E-03   
1.1765E-03   -3.0600E-03   
4.2553E-03   -1.9043E-03   
2.6935E-03   -2.5772E-03   
2.4456E-03   -2.6719E-03   
2.2053E-03   -2.7581E-03   
5.6848E-03   -1.2419E-03   
2.9469E-03   -2.4753E-03   
6.7628E-03   -7.3920E-04   
3.2034E-03   -2.3680E-03   
6.9456E-03   -6.5615E-04   
7.1151E-03   -5.7753E-04   
6.5672E-03   -8.2799E-04   
3.4628E-03   -2.2563E-03   
3.9877E-03   -2.0242E-03   
5.9174E-03   -1.1293E-03   
6.3602E-03   -9.2271E-04   
3.7246E-03   -2.1415E-03   
6.1430E-03   -1.0234E-03   
1.1893E-03   -3.0748E-03   
1.1656E-03   -3.0978E-03   
4.8376E-03   -1.6541E-03   
1.1460E-03   -3.1194E-03   
4.5352E-03   -1.7804E-03   
1.1332E-03   -3.1389E-03   
1.1284E-03   -3.1566E-03   
1.1300E-03   -3.1735E-03   
1.1364E-03   -3.1907E-03   
1.1471E-03   -3.2087E-03   
1.1620E-03   -3.2281E-03   
1.3293E-03   -3.3874E-03   
7.6049E-03   -2.5558E-04   
1.1812E-03   -3.2490E-03   
1.2043E-03   -3.2723E-03   
7.6281E-03   -2.2476E-04   
1.2276E-03   -3.3001E-03   
7.6539E-03   -2.0528E-04   
7.6859E-03   -1.9587E-04   
1.0252E-03   -3.4014E-03   
7.9045E-03   -1.9776E-04   
1.3870E-03   -3.4298E-03   
1.3836E-03   -3.5638E-03   
9.3262E-03   -2.5811E-04   
8.7907E-03   -2.9034E-04   
8.1818E-03   -2.1534E-04   
1.6383E-03   -3.6891E-03   
8.0249E-03   -2.0460E-04   
1.7136E-03   -3.7577E-03   
1.1670E-03   -3.5721E-03   
1.6695E-03   -4.6092E-03   
1.7734E-03   -3.8359E-03   
9.6486E-03   -2.5165E-04   
1.7170E-03   -4.1191E-03   
1.6615E-03   -4.2430E-03   
8.4202E-03   -1.9570E-04   
1.7126E-03   -4.4735E-03   
1.5793E-03   -3.6249E-03   
8.5911E-03   -2.7316E-04   
1.0716E-02   -3.2800E-04   
1.0059E-02   -3.0698E-04   
7.4647E-03   -3.5903E-04   
7.3246E-03   -4.2835E-04   
7.5866E-03   -3.3548E-04   
1.5787E-03   -2.9649E-03   
2.0645E-03   -2.8015E-03   
5.4989E-03   -1.2581E-03   
2.5129E-03   -2.6290E-03   
7.1731E-03   -4.9864E-04   
2.2700E-03   -2.7249E-03   
2.7620E-03   -2.5255E-03   
9.5917E-04   -3.0877E-03   
3.0158E-03   -2.4156E-03   
4.0669E-03   -1.9343E-03   
6.6405E-03   -7.3274E-04   
7.0093E-03   -5.7197E-04   
6.8320E-03   -6.4950E-04   
5.7486E-03   -1.1393E-03   
3.2736E-03   -2.3005E-03   
6.4335E-03   -8.2435E-04   
3.5348E-03   -2.1813E-03   
3.7993E-03   -2.0591E-03   
5.9867E-03   -1.0278E-03   
6.2151E-03   -9.2297E-04   
4.3461E-03   -1.8047E-03   
1.3791E-03   -3.0300E-03   
1.3539E-03   -3.0504E-03   
1.3295E-03   -3.0709E-03   
1.4140E-03   -3.0050E-03   
1.3191E-03   -3.0878E-03   
4.6375E-03   -1.6710E-03   
4.9404E-03   -1.5319E-03   
1.3184E-03   -3.1031E-03   
7.5699E-03   -2.9779E-04   
5.2318E-03   -1.3914E-03   
1.3244E-03   -3.1182E-03   
1.3357E-03   -3.1342E-03   
1.3729E-03   -3.1704E-03   
7.4976E-03   -2.8304E-04   
1.4010E-03   -3.1908E-03   
1.4400E-03   -3.2128E-03   
7.5066E-03   -2.6103E-04   
7.5304E-03   -2.4573E-04   
1.4101E-03   -3.3152E-03   
1.4579E-03   -3.4784E-03   
7.8168E-03   -2.5192E-04   
8.4081E-03   -2.5841E-04   
1.9702E-03   -3.6359E-03   
1.2203E-03   -3.3401E-03   
9.0042E-03   -3.1228E-04   
1.5966E-03   -3.3362E-03   
8.5399E-03   -3.4601E-04   
1.5503E-03   -3.5694E-03   
2.0304E-03   -4.1405E-03   
1.8744E-03   -3.5794E-03   
1.8540E-03   -3.8966E-03   
8.2556E-03   -2.5120E-04   
9.7944E-03   -2.9764E-04   
7.9394E-03   -2.6505E-04   
1.7875E-03   -3.9954E-03   
1.6686E-03   -4.3579E-03   
1.0086E-02   -3.8873E-04   
1.1030E-02   -3.2966E-04   
1.7506E-03   -4.8430E-03   
2.1364E-03   -4.4854E-03   
9.5406E-03   -2.1558E-04   
7.2211E-03   -4.3660E-04   
2.0749E-03   -2.7920E-03   
4.1624E-03   -1.8416E-03   
2.3426E-03   -2.6846E-03   
2.5900E-03   -2.5795E-03   
7.0666E-03   -5.0471E-04   
2.8401E-03   -2.4684E-03   
5.5764E-03   -1.1625E-03   
6.7203E-03   -6.4925E-04   
6.9032E-03   -5.7428E-04   
3.0955E-03   -2.3511E-03   
6.5160E-03   -7.3597E-04   
3.8877E-03   -1.9740E-03   
3.3557E-03   -2.2288E-03   
5.8273E-03   -1.0446E-03   
3.6201E-03   -2.1028E-03   
6.2974E-03   -8.3135E-04   
6.0673E-03   -9.3453E-04   
1.5972E-03   -2.9665E-03   
1.5306E-03   -2.9976E-03   
7.4850E-03   -3.1372E-04   
1.5130E-03   -3.0134E-03   
5.0328E-03   -1.4248E-03   
4.4488E-03   -1.7046E-03   
5.3118E-03   -1.2896E-03   
1.5094E-03   -3.0265E-03   
1.5136E-03   -3.0394E-03   
4.7414E-03   -1.5648E-03   
1.5250E-03   -3.0529E-03   
1.5424E-03   -3.0676E-03   
1.5650E-03   -3.0841E-03   
7.5619E-03   -2.4020E-04   
1.5956E-03   -3.1016E-03   
1.4921E-03   -3.2412E-03   
1.6395E-03   -3.1187E-03   
7.3438E-03   -3.3007E-04   
8.1911E-03   -3.0939E-04   
7.3646E-03   -3.0511E-04   
1.6665E-03   -3.3710E-03   
1.7005E-03   -3.4761E-03   
7.7108E-03   -2.4469E-04   
1.5676E-03   -3.2996E-03   
8.0604E-03   -2.8754E-04   
2.1497E-03   -3.5271E-03   
2.1699E-03   -3.8731E-03   
1.8046E-03   -3.5227E-03   
2.0555E-03   -3.8082E-03   
7.7041E-03   -3.1854E-04   
9.4878E-03   -3.3866E-04   
2.4197E-03   -4.0247E-03   
9.7853E-03   -3.7028E-04   
1.9504E-03   -4.2546E-03   
1.0097E-02   -4.7877E-04   
2.1908E-03   -4.7678E-03   
1.0816E-02   -4.1398E-04   
1.1338E-02   -2.7931E-04   
2.4388E-03   -4.5789E-03   
9.1846E-03   -3.4549E-04   
7.2667E-03   -3.8541E-04   
1.8266E-03   -2.8842E-03   
2.2010E-03   -2.7349E-03   
2.4338E-03   -2.6342E-03   
3.9884E-03   -1.8873E-03   
2.6769E-03   -2.5243E-03   
6.9701E-03   -5.1679E-04   
6.8137E-03   -5.7374E-04   
2.9282E-03   -2.4067E-03   
1.7081E-03   -2.9312E-03   
6.6103E-03   -6.5532E-04   
5.6667E-03   -1.0720E-03   
3.1864E-03   -2.2826E-03   
3.7165E-03   -2.0220E-03   
6.3903E-03   -7.4772E-04   
3.4498E-03   -2.1538E-03   
5.9179E-03   -9.5606E-04   
6.1590E-03   -8.4805E-04   
1.7060E-03   -2.9363E-03   
4.2698E-03   -1.7483E-03   
5.1309E-03   -1.3275E-03   
5.4040E-03   -1.1962E-03   
1.7056E-03   -2.9440E-03   
4.8467E-03   -1.4656E-03   
1.7050E-03   -2.9551E-03   
1.7154E-03   -2.9658E-03   
4.5577E-03   -1.6068E-03   
7.3925E-03   -3.3468E-04   
1.7893E-03   -3.0059E-03   
1.7336E-03   -2.9774E-03   
7.3875E-03   -2.9419E-04   
1.7583E-03   -2.9907E-03   
7.7083E-03   -1.9828E-04   
1.7051E-03   -3.2139E-03   
1.6985E-03   -3.1356E-03   
1.8023E-03   -3.2361E-03   
1.8324E-03   -3.0206E-03   
7.1918E-03   -3.7298E-04   
7.8231E-03   -3.3788E-04   
7.5950E-03   -3.0621E-04   
1.8334E-03   -3.2783E-03   
2.1073E-03   -3.4652E-03   
2.3776E-03   -3.7262E-03   
9.7881E-03   -4.5977E-04   
7.9509E-03   -3.6148E-04   
2.0202E-03   -3.4108E-03   
8.9306E-03   -3.9345E-04   
2.4936E-03   -3.8858E-03   
9.1603E-03   -4.3266E-04   
2.3485E-03   -4.1798E-03   
1.7479E-03   -3.3993E-03   
1.0436E-02   -4.9559E-04   
8.3528E-03   -3.2759E-04   
1.1698E-02   -2.2339E-04   
2.6706E-03   -4.3908E-03   
1.8753E-03   -2.8668E-03   
7.1069E-03   -4.5392E-04   
2.2976E-03   -2.6866E-03   
2.5314E-03   -2.5796E-03   
2.7750E-03   -2.4641E-03   
3.8236E-03   -1.9401E-03   
6.9514E-03   -4.9133E-04   
2.0119E-03   -2.8122E-03   
6.7200E-03   -5.7928E-04   
4.1004E-03   -1.8000E-03   
3.0286E-03   -2.3402E-03   
6.4929E-03   -6.7137E-04   
3.2899E-03   -2.2099E-03   
3.5552E-03   -2.0762E-03   
5.7676E-03   -9.8708E-04   
6.2610E-03   -7.6835E-04   
6.0190E-03   -8.7331E-04   
1.9255E-03   -2.8487E-03   
4.9574E-03   -1.3728E-03   
5.5063E-03   -1.1088E-03   
5.2360E-03   -1.2376E-03   
7.6220E-03   -2.3907E-04   
1.8997E-03   -2.8665E-03   
4.3844E-03   -1.6569E-03   
1.9079E-03   -2.8741E-03   
4.6715E-03   -1.5137E-03   
7.2078E-03   -3.5666E-04   
1.9835E-03   -2.9042E-03   
1.9262E-03   -2.8821E-03   
2.0248E-03   -2.9173E-03   
1.9516E-03   -2.8919E-03   
2.1271E-03   -3.1489E-03   
7.1523E-03   -4.0762E-04   
7.4134E-03   -2.9377E-04   
1.8885E-03   -3.0346E-03   
7.9348E-03   -1.3835E-04   
2.2416E-03   -3.2777E-03   
7.5014E-03   -3.0017E-04   
8.2729E-03   -4.0756E-04   
8.0979E-03   -3.8489E-04   
7.6920E-03   -4.1966E-04   
7.5706E-03   -3.9670E-04   
8.7996E-03   -4.8337E-04   
7.4602E-03   -3.7926E-04   
1.9371E-03   -3.3723E-03   
2.4676E-03   -3.4007E-03   
1.7586E-03   -3.1506E-03   
1.9879E-03   -3.1295E-03   
2.5604E-03   -3.5787E-03   
9.2452E-03   -5.1133E-04   
2.5575E-03   -3.7673E-03   
1.9809E-03   -3.2889E-03   
1.0102E-02   -5.7624E-04   
2.4693E-03   -4.3009E-03   
1.2148E-02   -1.1759E-04   
2.8115E-03   -3.8904E-03   
1.1673E-02   -3.0742E-04   
9.7847E-03   -5.5672E-04   
8.7392E-03   -3.6480E-04   
2.7573E-03   -4.0248E-03   
2.0776E-03   -2.7830E-03   
2.4069E-03   -2.6317E-03   
2.6391E-03   -2.5208E-03   
3.9401E-03   -1.8581E-03   
6.8382E-03   -5.0659E-04   
2.8832E-03   -2.3999E-03   
3.6698E-03   -1.9977E-03   
6.5993E-03   -6.0353E-04   
3.1414E-03   -2.2693E-03   
3.4046E-03   -2.1345E-03   
6.3732E-03   -6.9546E-04   
5.0740E-03   -1.2867E-03   
5.8766E-03   -9.0849E-04   
6.1319E-03   -7.9618E-04   
5.6147E-03   -1.0289E-03   
2.0789E-03   -2.7843E-03   
5.3479E-03   -1.1546E-03   
7.0341E-03   -4.3805E-04   
4.2196E-03   -1.7144E-03   
4.7909E-03   -1.4258E-03   
2.1025E-03   -2.7793E-03   
4.5045E-03   -1.5694E-03   
2.1221E-03   -2.7822E-03   
2.2200E-03   -2.8081E-03   
2.1793E-03   -2.7972E-03   
7.0269E-03   -4.2608E-04   
2.1468E-03   -2.7885E-03   
7.2247E-03   -3.5183E-04   
7.8071E-03   -1.9945E-04   
2.0714E-03   -2.9325E-03   
7.3637E-03   -3.6790E-04   
7.4207E-03   -4.8540E-04   
1.9157E-03   -3.1127E-03   
7.4169E-03   -3.0750E-04   
7.3081E-03   -4.6387E-04   
7.5425E-03   -5.1312E-04   
2.5284E-03   -3.2248E-03   
8.4767E-03   -4.2658E-04   
7.9847E-03   -4.7407E-04   
1.9748E-03   -3.0454E-03   
8.4442E-03   -5.2388E-04   
2.8328E-03   -3.6100E-03   
2.3383E-03   -3.5445E-03   
2.6821E-03   -3.2451E-03   
2.3344E-03   -3.1558E-03   
9.7729E-03   -6.6129E-04   
1.0430E-02   -5.9532E-04   
2.9234E-03   -3.7288E-03   
2.7822E-03   -4.1447E-03   
1.1976E-02   -2.5580E-04   
3.0718E-03   -3.8982E-03   
2.1792E-03   -2.7373E-03   
2.5300E-03   -2.5707E-03   
3.7912E-03   -1.9203E-03   
2.7437E-03   -2.4638E-03   
6.6792E-03   -5.5802E-04   
4.0638E-03   -1.7779E-03   
3.0000E-03   -2.3330E-03   
3.5258E-03   -2.0594E-03   
6.4890E-03   -6.3246E-04   
5.1955E-03   -1.2077E-03   
3.2619E-03   -2.1972E-03   
4.9166E-03   -1.3438E-03   
2.3096E-03   -2.6773E-03   
6.2635E-03   -7.2459E-04   
5.7244E-03   -9.5912E-04   
5.4635E-03   -1.0801E-03   
2.3298E-03   -2.6748E-03   
4.6310E-03   -1.4865E-03   
4.3451E-03   -1.6323E-03   
7.0331E-03   -4.1760E-04   
7.2873E-03   -3.6220E-04   
2.4173E-03   -2.6939E-03   
2.3469E-03   -2.6803E-03   
2.1431E-03   -3.0236E-03   
2.3770E-03   -2.6861E-03   
7.2442E-03   -3.5695E-04   
2.2658E-03   -2.8224E-03   
2.8276E-03   -3.1128E-03   
7.1406E-03   -5.5967E-04   
2.1092E-03   -2.9522E-03   
7.2529E-03   -5.8617E-04   
7.2061E-03   -4.4839E-04   
7.6800E-03   -5.4603E-04   
2.5800E-03   -3.1327E-03   
3.4640E-03   -3.8105E-03   
2.8986E-03   -3.2600E-03   
8.6221E-03   -5.8671E-04   
8.1826E-03   -5.0050E-04   
1.0425E-02   -6.9687E-04   
2.4447E-03   -3.0497E-03   
3.1243E-03   -3.9907E-03   
9.4584E-03   -6.3946E-04   
1.0765E-02   -5.1840E-04   
3.1951E-03   -3.5617E-03   
2.7884E-03   -3.4055E-03   
2.9352E-03   -3.4670E-03   
9.7526E-03   -7.7475E-04   
6.8413E-03   -4.9053E-04   
3.9180E-03   -1.8457E-03   
3.6522E-03   -1.9862E-03   
2.5774E-03   -2.5477E-03   
6.1881E-03   -7.4862E-04   
7.0640E-03   -4.2907E-04   
2.8612E-03   -2.4028E-03   
5.0485E-03   -1.2681E-03   
6.6226E-03   -5.7154E-04   
5.3218E-03   -1.1365E-03   
6.3865E-03   -6.6621E-04   
3.1241E-03   -2.2654E-03   
4.7645E-03   -1.4087E-03   
4.1934E-03   -1.7012E-03   
4.4773E-03   -1.5543E-03   
2.5556E-03   -2.5673E-03   
5.8072E-03   -9.1356E-04   
5.5820E-03   -1.0150E-03   
2.6156E-03   -2.5766E-03   
2.5773E-03   -2.5724E-03   
2.3018E-03   -2.8480E-03   
2.4646E-03   -2.7052E-03   
7.0430E-03   -4.1950E-04   
2.6918E-03   -2.9236E-03   
7.1174E-03   -4.3862E-04   
6.9601E-03   -6.6667E-04   
2.6577E-03   -3.0193E-03   
7.0355E-03   -5.4031E-04   
7.3717E-03   -6.2040E-04   
9.1344E-03   -6.1459E-04   
7.8503E-03   -5.7957E-04   
3.0564E-03   -3.1148E-03   
2.2993E-03   -2.9053E-03   
2.2268E-03   -3.0412E-03   
8.9566E-03   -5.4432E-04   
8.2894E-03   -6.4892E-04   
3.1264E-03   -3.2547E-03   
3.5187E-03   -3.9393E-03   
3.6266E-03   -3.6287E-03   
2.9229E-03   -2.9845E-03   
9.4854E-03   -5.3464E-04   
1.0095E-02   -7.8516E-04   
1.0754E-02   -6.1373E-04   
1.1068E-02   -4.5939E-04   
3.2009E-03   -3.3202E-03   
3.5571E-03   -3.4454E-03   
6.2741E-03   -7.1128E-04   
3.5161E-03   -2.0590E-03   
3.7764E-03   -1.9202E-03   
6.8392E-03   -4.9965E-04   
5.7243E-03   -9.4927E-04   
5.4593E-03   -1.0704E-03   
6.4684E-03   -6.3269E-04   
4.0472E-03   -1.7767E-03   
5.1877E-03   -1.1988E-03   
4.9061E-03   -1.3362E-03   
3.2602E-03   -2.1958E-03   
4.6176E-03   -1.4810E-03   
4.3293E-03   -1.6291E-03   
2.7496E-03   -2.4640E-03   
2.7776E-03   -2.4591E-03   
2.8127E-03   -2.4594E-03   
2.6646E-03   -2.5837E-03   
2.5091E-03   -2.7255E-03   
2.9885E-03   -2.3406E-03   
6.8369E-03   -4.9015E-04   
6.7552E-03   -6.2724E-04   
6.0054E-03   -8.2417E-04   
6.8527E-03   -6.4375E-04   
2.6707E-03   -2.8632E-03   
2.4499E-03   -2.9093E-03   
3.4530E-03   -3.1586E-03   
7.0714E-03   -6.9678E-04   
2.5418E-03   -2.7604E-03   
6.8317E-03   -5.2772E-04   
3.2334E-03   -2.9499E-03   
7.4962E-03   -6.6625E-04   
3.0126E-03   -2.8442E-03   
8.4807E-03   -6.8407E-04   
8.8803E-03   -7.1494E-04   
8.0660E-03   -6.1146E-04   
1.1394E-02   -4.5778E-04   
3.7631E-03   -3.2772E-03   
3.5956E-03   -3.2180E-03   
3.9159E-03   -3.6428E-03   
9.7656E-03   -8.8835E-04   
3.6263E-03   -4.0660E-03   
1.0405E-02   -7.9989E-04   
1.1093E-02   -5.3835E-04   
6.4176E-03   -6.5873E-04   
3.6335E-03   -2.0038E-03   
3.3809E-03   -2.1386E-03   
5.6104E-03   -1.0074E-03   
6.6327E-03   -5.7045E-04   
5.3373E-03   -1.1344E-03   
3.9020E-03   -1.8609E-03   
5.0578E-03   -1.2688E-03   
4.1842E-03   -1.7121E-03   
4.7683E-03   -1.4121E-03   
3.0045E-03   -2.3459E-03   
4.4745E-03   -1.5614E-03   
2.8637E-03   -2.4602E-03   
6.1630E-03   -7.6454E-04   
6.5579E-03   -7.3893E-04   
3.1718E-03   -2.2499E-03   
2.7621E-03   -2.6251E-03   
2.9234E-03   -2.4664E-03   
2.8109E-03   -2.7378E-03   
5.8861E-03   -8.8340E-04   
6.6669E-03   -7.5504E-04   
8.5262E-03   -7.7560E-04   
6.6083E-03   -5.9432E-04   
6.7760E-03   -7.7909E-04   
2.9722E-03   -2.7549E-03   
7.1734E-03   -7.3867E-04   
7.6846E-03   -7.0633E-04   
6.6625E-03   -6.2029E-04   
4.0047E-03   -3.1016E-03   
3.2746E-03   -2.8242E-03   
3.6391E-03   -2.8241E-03   
8.7685E-03   -6.5134E-04   
1.1510E-02   -5.5775E-04   
3.8489E-03   -3.0354E-03   
7.9345E-03   -7.3756E-04   
8.8081E-03   -8.1820E-04   
9.4343E-03   -1.0197E-03   
4.0005E-03   -3.3205E-03   
4.0763E-03   -3.4519E-03   
9.3215E-03   -8.9529E-04   
1.1642E-02   -3.8290E-04   
1.0755E-02   -7.1159E-04   
3.1410E-03   -4.2572E-03   
3.2705E-03   -3.1287E-03   
3.4807E-03   -2.1003E-03   
3.2316E-03   -2.2307E-03   
5.4985E-03   -1.0747E-03   
6.3424E-03   -7.0669E-04   
5.2198E-03   -1.2067E-03   
4.0363E-03   -1.8061E-03   
3.0553E-03   -2.3402E-03   
4.9297E-03   -1.3484E-03   
2.9827E-03   -2.4841E-03   
4.3312E-03   -1.6518E-03   
2.7976E-03   -2.6671E-03   
4.6307E-03   -1.4982E-03   
5.7749E-03   -9.4843E-04   
3.1248E-03   -2.3347E-03   
6.3564E-03   -8.6135E-04   
6.5702E-03   -6.2958E-04   
6.0480E-03   -8.2836E-04   
6.4640E-03   -7.2615E-04   
6.5115E-03   -8.5652E-04   
6.8901E-03   -8.0869E-04   
4.2847E-03   -2.9122E-03   
3.3957E-03   -2.6842E-03   
3.7789E-03   -2.8629E-03   
3.5130E-03   -2.7899E-03   
8.1090E-03   -8.9316E-04   
1.0703E-02   -8.0914E-04   
4.1743E-03   -3.6748E-03   
3.1508E-03   -2.6016E-03   
3.6479E-03   -2.9994E-03   
7.8211E-03   -8.6964E-04   
9.0963E-03   -8.2842E-04   
1.1775E-02   -4.4243E-04   
1.1178E-02   -7.2738E-04   
9.5547E-03   -1.1216E-03   
4.5513E-03   -3.3108E-03   
3.5440E-03   -4.2556E-03   
7.5395E-03   -8.4779E-04   
2.8455E-03   -4.2424E-03   
5.3913E-03   -1.1501E-03   
6.3951E-03   -7.1534E-04   
5.6691E-03   -1.0204E-03   
5.1037E-03   -1.2889E-03   
4.1851E-03   -1.7535E-03   
3.3119E-03   -2.2109E-03   
2.5775E-03   -2.7966E-03   
3.0296E-03   -2.5200E-03   
5.9438E-03   -8.9653E-04   
3.2086E-03   -2.3348E-03   
6.2489E-03   -8.4735E-04   
3.7504E-03   -1.9575E-03   
4.4930E-03   -1.5944E-03   
4.0998E-03   -2.8272E-03   
3.8238E-03   -2.6699E-03   
6.5700E-03   -8.9966E-04   
3.6154E-03   -2.6704E-03   
3.0656E-03   -2.5703E-03   
3.2705E-03   -2.6096E-03   
3.2340E-03   -2.6867E-03   
4.0572E-03   -2.6866E-03   
4.4026E-03   -3.0096E-03   
8.4093E-03   -9.2463E-04   
1.0338E-02   -9.2605E-04   
7.7028E-03   -1.0097E-03   
5.9832E-03   -9.9650E-04   
7.1450E-03   -9.8032E-04   
8.7680E-03   -9.6087E-04   
4.6221E-03   -3.5325E-03   
3.8023E-03   -3.7858E-03   
7.4274E-03   -9.8917E-04   
9.4245E-03   -7.5279E-04   
4.7948E-03   -3.3515E-03   
4.3531E-03   -3.2707E-03   
9.9822E-03   -1.0851E-03   
9.1141E-03   -1.1706E-03   
5.5696E-03   -1.0977E-03   
5.2981E-03   -1.2286E-03   
6.1518E-03   -8.3704E-04   
3.2795E-03   -2.3580E-03   
6.1752E-03   -7.9438E-04   
5.8438E-03   -9.7146E-04   
4.9996E-03   -1.3767E-03   
3.4151E-03   -2.1914E-03   
4.3537E-03   -1.7011E-03   
4.6746E-03   -1.5383E-03   
4.1828E-03   -2.5192E-03   
3.9616E-03   -2.5194E-03   
3.5898E-03   -2.0669E-03   
3.3123E-03   -2.4761E-03   
3.3076E-03   -2.4142E-03   
3.4799E-03   -2.4580E-03   
3.8831E-03   -1.9125E-03   
6.7458E-03   -9.2936E-04   
5.7691E-03   -1.1471E-03   
7.0434E-03   -1.1181E-03   
3.5357E-03   -2.5309E-03   
6.8094E-03   -1.0203E-03   
4.7255E-03   -3.1326E-03   
7.9781E-03   -1.0398E-03   
4.7399E-03   -2.8075E-03   
3.7254E-03   -3.4913E-03   
5.0784E-03   -3.3752E-03   
6.3051E-03   -1.0511E-03   
7.3028E-03   -1.1334E-03   
4.4852E-03   -2.5951E-03   
4.9882E-03   -3.1705E-03   
4.4109E-03   -3.7254E-03   
9.2591E-03   -1.2690E-03   
1.0450E-02   -1.0502E-03   
5.4935E-03   -1.1665E-03   
5.7465E-03   -1.0519E-03   
4.0408E-03   -1.8642E-03   
3.5604E-03   -2.3339E-03   
4.5414E-03   -1.6507E-03   
3.9018E-03   -2.3698E-03   
3.5616E-03   -2.1692E-03   
5.8960E-03   -1.1771E-03   
3.7274E-03   -2.0300E-03   
3.6184E-03   -2.2214E-03   
7.0048E-03   -8.2691E-04   
4.8859E-03   -1.4822E-03   
5.9935E-03   -9.3822E-04   
4.1051E-03   -2.3628E-03   
6.9160E-03   -1.2642E-03   
4.3238E-03   -2.3596E-03   
6.8257E-03   -1.1112E-03   
3.3717E-03   -3.6046E-03   
5.4545E-03   -3.3741E-03   
7.5621E-03   -1.1598E-03   
3.9465E-03   -3.8544E-03   
4.9948E-03   -2.4528E-03   
4.8650E-03   -2.9339E-03   
6.4152E-03   -1.1132E-03   
8.2609E-03   -1.0795E-03   
4.6730E-03   -3.7835E-03   
5.0848E-03   -2.5908E-03   
5.1933E-03   -2.9751E-03   
4.9246E-03   -3.5667E-03   
8.7994E-03   -1.3322E-03   
4.4050E-03   -2.5122E-03   
1.0945E-02   -1.0029E-03   
4.2202E-03   -1.8141E-03   
4.2551E-03   -2.1990E-03   
5.2622E-03   -1.2979E-03   
3.9085E-03   -1.9783E-03   
5.5023E-03   -1.3115E-03   
4.5502E-03   -2.3639E-03   
3.7509E-03   -2.3702E-03   
7.4089E-03   -1.3180E-03   
4.7358E-03   -1.6094E-03   
4.4694E-03   -2.1945E-03   
3.8270E-03   -2.0682E-03   
6.0078E-03   -1.2305E-03   
7.1591E-03   -1.2876E-03   
5.6172E-03   -1.1509E-03   
3.7994E-03   -2.2734E-03   
6.5026E-03   -1.1901E-03   
4.1154E-03   -3.1699E-03   
4.7606E-03   -2.3937E-03   
5.2011E-03   -2.7013E-03   
5.4003E-03   -2.7726E-03   
5.5056E-03   -3.0305E-03   
5.9506E-03   -3.1654E-03   
8.9611E-03   -1.4504E-03   
4.3719E-03   -3.9954E-03   
8.0831E-03   -1.2401E-03   
1.1283E-02   -8.5522E-04   
4.4053E-03   -1.7713E-03   
4.0964E-03   -1.9280E-03   
5.1256E-03   -1.4343E-03   
4.6181E-03   -2.0280E-03   
5.6022E-03   -1.3614E-03   
6.6280E-03   -1.2642E-03   
6.1159E-03   -1.2948E-03   
4.7021E-03   -2.1927E-03   
7.0125E-03   -1.4486E-03   
6.7705E-03   -1.4201E-03   
8.3653E-03   -1.3799E-03   
7.6663E-03   -1.3583E-03   
5.8695E-03   -2.6154E-03   
5.5334E-03   -2.4984E-03   
4.0373E-03   -2.2205E-03   
8.5117E-03   -1.1397E-03   
9.6578E-03   -1.2071E-03   
8.4918E-03   -1.6663E-03   
5.9728E-03   -3.0019E-03   
5.9649E-03   -3.3328E-03   
6.0365E-03   -2.8314E-03   
5.2028E-03   -2.2322E-03   
4.9004E-03   -3.8687E-03   
1.1415E-02   -9.5764E-04   
4.2680E-03   -1.8985E-03   
5.4545E-03   -1.2660E-03   
4.1110E-03   -2.0972E-03   
4.8859E-03   -1.5966E-03   
6.5765E-03   -1.6156E-03   
5.1776E-03   -1.5115E-03   
4.5863E-03   -1.7431E-03   
5.7105E-03   -1.4229E-03   
4.8468E-03   -2.0194E-03   
6.2925E-03   -1.4493E-03   
5.1084E-03   -2.0141E-03   
6.3801E-03   -1.5376E-03   
8.6794E-03   -1.2259E-03   
7.2645E-03   -1.4785E-03   
7.9479E-03   -1.4101E-03   
9.9978E-03   -1.2280E-03   
5.4438E-03   -2.3838E-03   
8.3179E-03   -1.2778E-03   
5.4208E-03   -2.2668E-03   
8.0273E-03   -1.5384E-03   
4.4175E-03   -2.0184E-03   
5.4339E-03   -2.0082E-03   
6.1866E-03   -2.6435E-03   
8.0498E-03   -1.6766E-03   
8.9716E-03   -1.5843E-03   
5.6027E-03   -2.6003E-03   
6.3782E-03   -2.8302E-03   
6.3316E-03   -3.1305E-03   
4.5538E-03   -4.0668E-03   
4.4325E-03   -1.8967E-03   
5.2433E-03   -1.8346E-03   
4.8048E-03   -1.7013E-03   
5.3191E-03   -1.5520E-03   
5.7726E-03   -2.1939E-03   
4.9794E-03   -1.8554E-03   
6.1125E-03   -1.7272E-03   
6.9241E-03   -1.5866E-03   
6.7680E-03   -3.0163E-03   
7.6679E-03   -1.6963E-03   
3.9643E-03   -2.0488E-03   
5.6989E-03   -2.0683E-03   
7.5009E-03   -1.5231E-03   
5.8446E-03   -1.4789E-03   
5.9548E-03   -1.6456E-03   
6.3628E-03   -2.4492E-03   
4.4366E-03   -4.2317E-03   
6.5248E-03   -2.6653E-03   
8.0219E-03   -1.8103E-03   
9.2854E-03   -1.4708E-03   
6.2275E-03   -1.3624E-03   
3.8602E-03   -2.1648E-03   
4.7565E-03   -1.8875E-03   
5.5217E-03   -1.8284E-03   
5.0313E-03   -1.7326E-03   
7.0953E-03   -1.6446E-03   
5.6546E-03   -1.6562E-03   
5.8375E-03   -1.8957E-03   
5.0128E-03   -1.6605E-03   
7.7066E-03   -1.9814E-03   
4.7390E-03   -1.8148E-03   
9.6785E-03   -1.4108E-03   
7.6437E-03   -1.8472E-03   
6.0193E-03   -2.4127E-03   
5.7700E-03   -1.8206E-03   
7.0711E-03   -2.8147E-03   
3.9358E-03   -4.4157E-03   
5.9934E-03   -1.5168E-03   
6.3206E-03   -2.1883E-03   
6.6764E-03   -1.7471E-03   
6.8650E-03   -1.8482E-03   
6.5868E-03   -2.2396E-03   
7.8450E-03   -2.1013E-03   
6.0447E-03   -2.0343E-03   
6.8919E-03   -2.6965E-03   
7.2311E-03   -2.9039E-03   
6.7815E-03   -2.0370E-03   
6.1537E-03   -2.1130E-03   
7.6586E-03   -2.8896E-03   
6.8657E-03   -2.2963E-03   
7.6972E-03   -1.5707E-03   
8.3813E-03   -1.9981E-03   
7.3485E-03   -2.1847E-03   
6.4051E-03   -1.9370E-03   
7.2441E-03   -1.8624E-03   
6.6661E-03   -2.4852E-03   
7.4424E-03   -2.3114E-03   
8.7941E-03   -1.7624E-03   
8.1131E-03   -2.6619E-03   
7.0637E-03   -2.3553E-03   
6.5046E-03   -2.0242E-03   
7.4228E-03   -2.4764E-03   
7.8440E-03   -2.4699E-03   
8.3860E-03   -2.2850E-03   
8.5812E-03   -2.0904E-03   
8.2351E-03   -2.4854E-03   
4.0410E-04   -5.2481E-03   
7.3775E-03   -2.6296E-03   
6.9556E-03   -3.1165E-03   
1.2127E-02   -4.3835E-04   
9.1174E-04   -4.4034E-03   
1.3230E-02   -6.5356E-05   
1.1891E-02   -9.1068E-04   
7.3415E-04   -5.3084E-03   
3.5139E-03   -4.4264E-03   
8.2866E-03   -2.7618E-03   
1.2331E-02   -2.3343E-04   
1.1220E-03   -5.2624E-03   
3.9467E-03   -4.0932E-03   
1.5934E-03   -5.1966E-03   
2.0749E-03   -5.1248E-03   
2.5556E-03   -5.0386E-03   
3.0515E-03   -4.9401E-03   
1.3654E-02   -5.9799E-05   
3.5579E-03   -4.8315E-03   
4.0891E-03   -4.7066E-03   
1.1582E-02   -7.4280E-04   
4.6368E-03   -4.5774E-03   
1.4090E-02   -5.7633E-05   
5.1930E-03   -4.4419E-03   
5.7653E-03   -4.3008E-03   
8.8673E-03   -1.9126E-03   
6.4112E-03   -4.1322E-03   
1.4549E-02   -5.3444E-05   
1.0095E-02   -8.7619E-04   
6.9272E-03   -4.0534E-03   
5.1759E-03   -3.2254E-03   
2.6727E-03   -4.6772E-03   
1.1666E-02   -6.4748E-04   
7.5283E-03   -3.8584E-03   
8.2033E-03   -3.7202E-03   
1.5022E-02   -4.7314E-05   
8.8325E-03   -3.5786E-03   
5.4768E-03   -3.7393E-03   
9.5316E-03   -3.4068E-03   
1.0076E-02   -3.3271E-03   
1.5512E-02   -4.1100E-05   
1.0708E-02   -3.1276E-03   
1.1420E-02   -2.9590E-03   
1.1800E-03   -5.0005E-03   
1.2088E-02   -2.7781E-03   
1.6078E-02   -3.7150E-05   
1.2502E-02   -1.4560E-04   
5.8521E-03   -3.5210E-03   
1.2812E-02   -2.5499E-03   
1.3502E-02   -2.3448E-03   
1.1092E-02   -1.0885E-03   
1.6707E-02   -2.0143E-05   
1.0117E-02   -1.3408E-03   
9.3157E-03   -1.5793E-03   
1.4862E-02   -1.8374E-03   
1.7383E-02   -2.9151E-04   
1.7507E-02   -2.9055E-04   
1.7440E-02   -8.2703E-05   
1.7492E-02   -3.4547E-05   
1.7399E-02   -1.8520E-04   
4.7738E-03   -4.2593E-03   
1.6382E-02   -1.0634E-03   
1.3669E-03   -5.0979E-03   
1.0459E-02   -1.3652E-03   
9.8507E-03   -1.5273E-03   
2.4042E-03   -4.8413E-03   
9.2296E-03   -1.9055E-03   
3.1046E-03   -4.5960E-03   
1.2454E-02   -3.6899E-04   
8.7052E-03   -2.3146E-03   
1.2218E-02   -7.6734E-04   
3.4462E-03   -4.6044E-03   
6.1325E-03   -3.5881E-03   
2.3650E-03   -4.9615E-03   
6.7799E-03   -3.3416E-03   
3.3629E-03   -4.7593E-03   
1.0983E-02   -1.2213E-03   
1.1891E-02   -2.6705E-03   
8.6500E-03   -3.4686E-03   
4.4478E-03   -4.4835E-03   
5.6368E-03   -3.8425E-03   
5.5689E-03   -4.2072E-03   
5.4360E-03   -4.0692E-03   
1.4303E-02   -1.1233E-04   
8.8872E-03   -2.6407E-03   
1.2703E-02   -2.0877E-04   
1.2038E-02   -9.9484E-04   
1.3460E-02   -1.1639E-04   
1.6008E-02   -8.0186E-05   
7.8958E-03   -2.9816E-03   
9.7500E-03   -3.1962E-03   
1.1859E-02   -4.9436E-04   
1.2026E-02   -6.7222E-04   
8.9077E-03   -2.0030E-03   
6.4774E-03   -3.1881E-03   
1.7086E-02   -8.0598E-06   
1.4208E-02   -2.0925E-03   
6.5876E-03   -3.9328E-03   
1.2972E-02   -2.3429E-03   
1.7528E-02   -1.9695E-04   
1.7607E-02   -1.8110E-05   
1.7581E-02   -5.0810E-05   
1.7548E-02   -1.1900E-04   
1.0780E-02   -2.9254E-03   
7.5743E-03   -3.6488E-03   
1.5236E-02   -8.8733E-05   
1.5472E-02   -1.3356E-03   
1.6780E-02   -5.8746E-05   
1.6303E-02   -9.7131E-04   
1.6670E-02   -4.2642E-04   
1.6858E-02   -8.2036E-05   
1.6773E-02   -1.8353E-04   
1.6565E-02   -6.6369E-04   
1.0891E-02   -1.3810E-03   
8.5152E-03   -3.3517E-03   
1.2587E-02   -2.8640E-04   
1.3019E-02   -2.4002E-04   
1.4047E-02   -1.7900E-04   
1.5258E-03   -4.9646E-03   
7.7104E-03   -3.2017E-03   
9.7518E-03   -1.7341E-03   
5.9251E-03   -4.0031E-03   
1.2534E-02   -4.5323E-04   
1.4971E-02   -1.4620E-04   
1.3981E-02   -2.0351E-03   
4.2951E-03   -4.4002E-03   
8.0541E-03   -3.4493E-03   
6.4074E-03   -3.8635E-03   
9.6112E-03   -3.1010E-03   
7.1442E-03   -3.3367E-03   
1.1413E-02   -2.6839E-03   
9.2528E-03   -2.2102E-03   
7.0246E-03   -3.6985E-03   
1.1885E-02   -1.1458E-03   
1.2375E-02   -8.6099E-04   
1.0247E-02   -2.9608E-03   
9.3339E-03   -2.3871E-03   
1.5502E-02   -1.2434E-04   
9.0708E-03   -2.7717E-03   
1.4508E-02   -1.6210E-04   
6.6715E-03   -3.5348E-03   
1.2388E-02   -5.6322E-04   
9.0556E-03   -3.2292E-03   
9.6048E-03   -1.9574E-03   
1.3512E-02   -1.9206E-04   
1.2532E-02   -6.3612E-04   
1.5983E-02   -6.4979E-04   
1.6247E-02   -1.4110E-04   
1.6149E-02   -2.9594E-04   
1.6342E-02   -8.2018E-05   
1.1346E-02   -1.2368E-03   
1.4601E-02   -1.6858E-03   
1.5609E-02   -1.1070E-03   
1.6742E-02   -1.5214E-04   
1.6601E-02   -5.6848E-04   
1.6618E-02   -2.9495E-04   
1.6550E-02   -3.5650E-04   
8.8908E-03   -3.1208E-03   
6.6799E-03   -3.6731E-03   
1.5142E-02   -1.8857E-04   
1.3474E-02   -2.1401E-03   
7.7280E-03   -3.4112E-03   
9.4777E-03   -2.5281E-03   
8.6999E-03   -3.0182E-03   
1.2883E-02   -8.0386E-04   
1.3326E-02   -2.7784E-04   
1.0931E-02   -2.7116E-03   
1.4273E-02   -2.2273E-04   
1.6092E-02   -3.9798E-04   
1.6297E-02   -2.0439E-04   
1.3018E-02   -5.8735E-04   
1.0803E-02   -1.5537E-03   
1.2990E-02   -4.2332E-04   
1.0221E-02   -1.7442E-03   
1.5950E-02   -5.2342E-04   
1.4806E-02   -1.3931E-03   
1.2320E-02   -1.1300E-03   
1.2064E-02   -2.4348E-03   
9.7833E-03   -2.1632E-03   
8.1813E-03   -3.1615E-03   
1.0001E-02   -2.8666E-03   
1.1989E-02   -1.2511E-03   
1.5973E-02   -1.2582E-04   
1.4479E-02   -1.6115E-03   
1.5700E-02   -8.7700E-04   
1.1049E-02   -2.4858E-03   
1.0382E-02   -2.0761E-03   
1.1906E-02   -1.3967E-03   
1.2815E-02   -1.0509E-03   
1.0392E-02   -2.6313E-03   
9.2610E-03   -2.8864E-03   
1.5306E-02   -2.2458E-04   
1.4135E-02   -1.6434E-03   
1.4314E-02   -2.9427E-04   
1.4857E-02   -2.5823E-04   
9.8239E-03   -2.7602E-03   
1.3324E-02   -4.6105E-04   
1.3362E-02   -3.5529E-04   
1.3205E-02   -6.6449E-04   
9.6965E-03   -2.0677E-03   
1.0019E-02   -2.4265E-03   
1.3086E-02   -8.8089E-04   
1.2224E-02   -2.2296E-03   
1.1269E-02   -1.5588E-03   
1.0710E-02   -1.7336E-03   
1.0331E-02   -2.2437E-03   
1.2432E-02   -1.3132E-03   
1.2764E-02   -1.1809E-03   
1.2548E-02   -2.3865E-03   
1.3396E-02   -7.3560E-04   
1.0200E-02   -2.5301E-03   
1.5748E-02   -1.8716E-04   
1.3791E-02   -3.6892E-04   
1.3506E-02   -5.4361E-04   
1.3427E-02   -1.8998E-03   
1.4156E-02   -3.9278E-04   
1.0680E-02   -1.8772E-03   
1.1622E-02   -1.5787E-03   
1.2879E-02   -1.2747E-03   
1.0540E-02   -2.3131E-03   
1.4023E-02   -4.9161E-04   
1.4451E-02   -1.4052E-03   
1.3308E-02   -9.2706E-04   
1.3903E-02   -6.6348E-04   
1.3174E-02   -2.1408E-03   
1.5079E-02   -2.9336E-04   
1.1019E-02   -1.9040E-03   
1.1597E-02   -1.7167E-03   
1.5944E-02   -2.1561E-04   
1.3750E-02   -8.6180E-04   
1.5368E-02   -3.1693E-04   
1.1100E-02   -2.1738E-03   
1.4123E-02   -5.6059E-04   
1.4821E-02   -3.7675E-04   
1.4092E-02   -7.1578E-04   
1.2099E-02   -1.6821E-03   
1.4419E-02   -4.1408E-04   
1.2686E-02   -1.4753E-03   
1.3544E-02   -1.1234E-03   
1.4503E-02   -5.6640E-04   
1.3768E-02   -1.2042E-03   
1.1295E-02   -2.2580E-03   
1.3154E-02   -1.4431E-03   
1.1482E-02   -1.9226E-03   
1.2562E-02   -1.6581E-03   
1.4946E-02   -4.2842E-04   
1.5877E-02   -2.8853E-04   
1.4147E-02   -1.1938E-03   
1.3642E-02   -1.3877E-03   
1.5092E-02   -4.7547E-04   
1.1690E-02   -2.0429E-03   
1.2347E-02   -1.8763E-03   
1.4836E-02   -5.7272E-04   
1.4709E-02   -1.0604E-03   
1.3597E-02   -1.5475E-03   
1.5603E-02   -3.9097E-04   
1.4817E-02   -6.4809E-04   
1.4677E-02   -1.2021E-03   
1.5835E-02   -4.0792E-04   
1.4127E-02   -1.4203E-03   
1.4280E-02   -7.6558E-04   
1.3939E-02   -9.2723E-04   
1.4190E-02   -9.7816E-04   
1.4817E-02   -8.2087E-04   
