51 
1844 
5.0039E-03   -5.5359E-03   
9.5172E-03   -4.6860E-03   
1.3093E-02   -3.3827E-03   
1.5389E-02   -1.7665E-03   
4.6483E-37   -5.8022E-03   
1.6163E-02   -2.3845E-37   
1.6525E-02   -7.6748E-35   
1.7117E-02   -7.3711E-37   
1.8417E-02   3.1989E-35   
1.9594E-02   4.7023E-35   
2.1089E-02   9.9867E-35   
2.2914E-02   1.3769E-34   
2.4319E-02   1.6668E-34   
2.6708E-02   2.5350E-34   
2.8488E-02   3.0741E-34   
3.0413E-02   2.6930E-34   
3.1428E-02   4.1736E-34   
3.3560E-02   6.1851E-34   
3.5822E-02   9.0046E-34   
3.7000E-02   -6.5741E-30   
3.7000E-02   -4.7813E-34   
3.7000E-02   -4.7813E-34   
3.7000E-02   -4.7813E-34   
3.7000E-02   -4.7813E-34   
3.7000E-02   -4.7813E-34   
3.7000E-02   -4.7813E-34   
3.7000E-02   -4.7813E-34   
3.7000E-02   -4.7813E-34   
3.7000E-02   -4.7813E-34   
3.7000E-02   -4.7813E-34   
3.7000E-02   -4.7813E-34   
3.7000E-02   -4.7813E-34   
3.4762E-02   -1.6016E-03   
3.1115E-02   -3.6548E-03   
2.9577E-02   -4.3612E-03   
2.8109E-02   -4.9439E-03   
2.5281E-02   -5.8821E-03   
2.3903E-02   -6.2748E-03   
2.1194E-02   -6.9662E-03   
1.9863E-02   -7.2825E-03   
1.7243E-02   -7.8845E-03   
1.4696E-02   -8.4671E-03   
1.3455E-02   -8.7567E-03   
1.1051E-02   -9.3250E-03   
8.7669E-03   -9.8668E-03   
7.6736E-03   -1.0119E-02   
5.5872E-03   -1.0568E-02   
3.6262E-03   -1.0912E-02   
1.7725E-03   -1.1126E-02   
6.4554E-37   -1.1190E-02   
9.0197E-34   -1.0602E-02   
9.4909E-34   -1.0040E-02   
8.9425E-34   -9.2941E-03   
8.4777E-34   -8.8658E-03   
7.4640E-34   -8.1678E-03   
6.8089E-34   -7.7701E-03   
6.1332E-34   -7.3825E-03   
5.5735E-34   -7.0697E-03   
5.4520E-34   -6.7958E-03   
3.7932E-03   -5.9094E-03   
3.5551E-02   -1.4171E-04   
3.4031E-02   -2.9621E-04   
3.1834E-02   -5.1209E-04   
3.0033E-02   -6.9648E-04   
2.8289E-02   -9.2611E-04   
2.6323E-02   -1.0630E-03   
2.4713E-02   -1.1191E-03   
2.2724E-02   -1.2912E-03   
2.0751E-02   -1.3975E-03   
1.8788E-02   -1.4908E-03   
1.6841E-02   -1.5740E-03   
1.4812E-02   -1.7072E-03   
1.2727E-02   -2.0450E-03   
9.8760E-03   -2.9510E-03   
6.9708E-03   -4.3639E-03   
1.0345E-02   -3.4383E-03   
1.2334E-02   -1.7112E-03   
1.4263E-02   -1.0843E-03   
1.6087E-02   -9.1795E-04   
1.7840E-02   -8.9534E-04   
1.9508E-02   -9.0372E-04   
2.1413E-02   -8.2919E-04   
2.3184E-02   -7.6908E-04   
2.4833E-02   -6.9148E-04   
2.6536E-02   -6.9620E-04   
2.8389E-02   -5.5159E-04   
3.0171E-02   -4.3507E-04   
3.1915E-02   -3.5029E-04   
3.3761E-02   -2.0357E-04   
3.5364E-02   -8.5864E-05   
1.5138E-02   -7.6512E-04   
1.6068E-02   -3.6197E-04   
1.7129E-02   -3.4028E-04   
1.8599E-02   -3.4938E-04   
2.0005E-02   -3.5576E-04   
2.1739E-02   -3.7476E-04   
2.3288E-02   -3.8476E-04   
2.4827E-02   -3.7631E-04   
2.6807E-02   -3.0253E-04   
2.8464E-02   -2.4460E-04   
3.0339E-02   -2.1006E-04   
3.2181E-02   -1.5162E-04   
3.3981E-02   -9.9502E-05   
3.5634E-02   -3.2486E-05   
3.5278E-02   -2.2009E-04   
3.3634E-02   -4.6425E-04   
3.1620E-02   -7.7899E-04   
2.9761E-02   -9.7361E-04   
2.8152E-02   -1.2515E-03   
2.6131E-02   -1.4750E-03   
2.4138E-02   -1.6768E-03   
2.2249E-02   -1.8339E-03   
2.0285E-02   -2.0252E-03   
1.8443E-02   -2.1920E-03   
1.6082E-02   -2.4540E-03   
1.3559E-02   -2.8412E-03   
1.1083E-02   -3.3746E-03   
8.4896E-03   -4.1443E-03   
5.5893E-03   -5.3334E-03   
2.7803E-03   -6.4720E-03   
3.5174E-02   -3.2640E-04   
3.3777E-02   -5.9301E-04   
3.1383E-02   -1.0563E-03   
2.9814E-02   -1.3468E-03   
2.7939E-02   -1.6371E-03   
2.5686E-02   -2.0116E-03   
2.3693E-02   -2.2164E-03   
2.1758E-02   -2.4328E-03   
1.9483E-02   -2.7476E-03   
1.7354E-02   -3.0947E-03   
1.5096E-02   -3.4715E-03   
1.2725E-02   -3.8200E-03   
1.0177E-02   -4.5240E-03   
7.6958E-03   -5.1926E-03   
5.0020E-03   -6.1428E-03   
2.3839E-03   -6.9701E-03   
3.5685E-02   -2.8535E-04   
3.3153E-02   -8.9141E-04   
3.1711E-02   -1.2065E-03   
2.9953E-02   -1.6233E-03   
2.7328E-02   -2.1542E-03   
2.5460E-02   -2.5079E-03   
2.3517E-02   -2.7976E-03   
2.1221E-02   -3.1825E-03   
1.9128E-02   -3.5589E-03   
1.6869E-02   -3.8742E-03   
1.4740E-02   -4.2397E-03   
1.2072E-02   -4.7239E-03   
9.4860E-03   -5.5391E-03   
7.0722E-03   -6.1230E-03   
4.8058E-03   -6.8592E-03   
2.3631E-03   -7.4446E-03   
3.4874E-02   -5.8364E-04   
3.3390E-02   -1.0274E-03   
3.1594E-02   -1.5579E-03   
2.9783E-02   -2.0689E-03   
2.7158E-02   -2.6811E-03   
2.5049E-02   -3.0634E-03   
2.2906E-02   -3.5537E-03   
2.0854E-02   -3.9953E-03   
1.8405E-02   -4.3282E-03   
1.6412E-02   -4.6201E-03   
1.4385E-02   -5.1372E-03   
1.1696E-02   -5.7741E-03   
9.0711E-03   -6.4449E-03   
6.7757E-03   -7.0172E-03   
4.3338E-03   -7.6053E-03   
2.2635E-03   -7.9817E-03   
3.5323E-02   -6.1764E-04   
3.3306E-02   -1.3614E-03   
3.1653E-02   -1.8684E-03   
2.9065E-02   -2.6821E-03   
2.6786E-02   -3.3620E-03   
2.4752E-02   -3.7733E-03   
2.2229E-02   -4.3239E-03   
2.0337E-02   -4.7255E-03   
1.7882E-02   -5.1167E-03   
1.5742E-02   -5.5309E-03   
1.3318E-02   -6.0646E-03   
1.1341E-02   -6.5646E-03   
8.9605E-03   -7.1777E-03   
6.6008E-03   -7.7302E-03   
4.3117E-03   -8.2351E-03   
2.0271E-03   -8.5976E-03   
3.5038E-02   -8.3273E-04   
3.2826E-02   -1.7336E-03   
3.1281E-02   -2.2890E-03   
2.8278E-02   -3.3737E-03   
2.6459E-02   -3.9076E-03   
2.4392E-02   -4.4887E-03   
2.2125E-02   -4.9339E-03   
1.9835E-02   -5.4395E-03   
1.7296E-02   -6.0109E-03   
1.5174E-02   -6.4465E-03   
1.3092E-02   -6.8734E-03   
1.0923E-02   -7.3975E-03   
8.5380E-03   -8.0624E-03   
6.5078E-03   -8.4457E-03   
4.2096E-03   -8.9214E-03   
2.0894E-03   -9.1980E-03   
3.5207E-02   -9.9012E-04   
3.3313E-02   -1.9098E-03   
3.0771E-02   -2.9529E-03   
2.8548E-02   -3.8798E-03   
2.6141E-02   -4.4542E-03   
2.3818E-02   -5.0564E-03   
2.1607E-02   -5.6271E-03   
1.9391E-02   -6.1580E-03   
1.7177E-02   -6.6767E-03   
1.4741E-02   -7.1328E-03   
1.2589E-02   -7.8001E-03   
1.0331E-02   -8.2477E-03   
8.2999E-03   -8.6622E-03   
6.1885E-03   -9.1576E-03   
4.0140E-03   -9.6050E-03   
2.2306E-03   -9.7857E-03   
3.4685E-02   -1.5021E-03   
3.2371E-02   -2.8328E-03   
3.0446E-02   -3.5915E-03   
2.7441E-02   -4.6962E-03   
2.5625E-02   -5.2327E-03   
2.3102E-02   -5.9129E-03   
2.0914E-02   -6.4968E-03   
1.8964E-02   -6.8530E-03   
1.6617E-02   -7.3703E-03   
1.4401E-02   -7.9930E-03   
1.2542E-02   -8.3744E-03   
1.0292E-02   -8.9230E-03   
7.9755E-03   -9.4569E-03   
5.9102E-03   -9.8732E-03   
3.9366E-03   -1.0230E-02   
1.7611E-03   -1.0582E-02   
6.2843E-04   -5.8217E-03   
1.2647E-03   -5.8101E-03   
1.8978E-03   -5.7877E-03   
2.5290E-03   -5.7565E-03   
3.1561E-03   -5.7156E-03   
3.7784E-03   -5.6651E-03   
4.3947E-03   -5.6049E-03   
5.6050E-03   -5.4583E-03   
6.1974E-03   -5.3723E-03   
6.7801E-03   -5.2779E-03   
7.3522E-03   -5.1753E-03   
7.9128E-03   -5.0647E-03   
8.4611E-03   -4.9461E-03   
8.9962E-03   -4.8198E-03   
1.0023E-02   -4.5450E-03   
1.0513E-02   -4.3972E-03   
1.0987E-02   -4.2429E-03   
1.1445E-02   -4.0824E-03   
1.1885E-02   -3.9161E-03   
1.2307E-02   -3.7435E-03   
1.2710E-02   -3.5656E-03   
1.3456E-02   -3.1951E-03   
1.3798E-02   -3.0027E-03   
1.4119E-02   -2.8059E-03   
1.4418E-02   -2.6050E-03   
1.4695E-02   -2.4003E-03   
1.4950E-02   -2.1921E-03   
1.5181E-02   -1.9807E-03   
1.5573E-02   -1.5495E-03   
1.5733E-02   -1.3299E-03   
1.5868E-02   -1.1076E-03   
1.5969E-02   -8.8346E-04   
1.6071E-02   -6.6337E-04   
1.6118E-02   -4.4543E-04   
1.6166E-02   -2.1626E-04   
1.6270E-02   -3.8057E-34   
1.6328E-02   -3.5411E-34   
1.6375E-02   -2.6183E-34   
1.6419E-02   -1.3837E-34   
1.6467E-02   -1.0366E-34   
1.6599E-02   -5.4893E-35   
1.6692E-02   -3.7103E-35   
1.6807E-02   -2.2604E-35   
1.6949E-02   -1.0679E-35   
1.7315E-02   7.5836E-36   
1.7542E-02   1.4585E-35   
1.7801E-02   2.0673E-35   
1.8093E-02   2.6352E-35   
1.8774E-02   3.7078E-35   
1.9167E-02   4.2119E-35   
2.0056E-02   5.2470E-35   
2.0555E-02   5.8066E-35   
2.1661E-02   1.0517E-34   
2.2269E-02   7.9039E-35   
2.3597E-02   1.4893E-34   
2.5077E-02   1.9283E-34   
2.5874E-02   2.1769E-34   
2.7579E-02   2.6235E-34   
2.9432E-02   3.5071E-34   
3.2478E-02   5.2410E-34   
3.4675E-02   5.4867E-34   
3.7000E-02   -4.7813E-34   
3.7000E-02   -4.7813E-34   
3.7000E-02   -4.7813E-34   
3.7000E-02   -4.7813E-34   
3.7000E-02   -4.7813E-34   
3.2773E-02   -2.8080E-03   
2.6683E-02   -5.4443E-03   
2.2542E-02   -6.6325E-03   
1.8545E-02   -7.5875E-03   
1.5959E-02   -8.1774E-03   
1.2239E-02   -9.0425E-03   
9.8929E-03   -9.6010E-03   
6.6137E-03   -1.0354E-02   
4.5919E-03   -1.0754E-02   
2.6867E-03   -1.1036E-02   
8.8068E-04   -1.1182E-02   
6.6808E-34   -1.0896E-02   
9.3814E-34   -1.0315E-02   
9.1941E-34   -9.7776E-03   
1.3394E-33   -9.5291E-03   
1.3520E-33   -9.0730E-03   
8.2811E-34   -8.6719E-03   
8.0564E-34   -8.4912E-03   
7.7469E-34   -8.3233E-03   
7.2297E-34   -8.0240E-03   
7.0103E-34   -7.8916E-03   
6.6385E-34   -7.6591E-03   
6.4706E-34   -7.5578E-03   
6.2936E-34   -7.4659E-03   
5.9933E-34   -7.3071E-03   
5.8665E-34   -7.2389E-03   
5.7535E-34   -7.1771E-03   
5.6555E-34   -7.1211E-03   
5.5073E-34   -7.0220E-03   
5.4576E-34   -6.9769E-03   
5.4259E-34   -6.9331E-03   
5.4137E-34   -6.8894E-03   
5.4223E-34   -6.8442E-03   
5.5012E-34   -6.7424E-03   
5.5670E-34   -6.6819E-03   
5.6590E-34   -6.6119E-03   
5.7816E-34   -6.5302E-03   
5.9741E-34   -6.4348E-03   
9.4166E-34   -6.3189E-03   
9.4926E-34   -6.1837E-03   
7.7911E-34   -6.0048E-03   
6.7747E-03   -5.2202E-03   
1.0458E-02   -4.1475E-03   
1.1836E-02   -3.6055E-03   
7.8791E-03   -4.9487E-03   
1.5009E-02   -1.8621E-03   
5.0610E-03   -5.5608E-03   
2.0889E-03   -5.9219E-03   
1.4145E-02   -2.4529E-03   
1.5819E-02   -1.0691E-03   
1.3082E-02   -3.0376E-03   
8.9462E-03   -4.6467E-03   
1.5465E-02   -1.4666E-03   
9.4640E-03   -4.4861E-03   
4.4776E-03   -5.6548E-03   
1.2688E-02   -3.2297E-03   
1.4456E-02   -2.2564E-03   
1.6210E-02   -2.9901E-04   
8.0432E-04   -5.9895E-03   
3.8891E-03   -5.7383E-03   
1.0929E-02   -3.9706E-03   
1.1385E-02   -3.7893E-03   
1.5250E-02   -1.6645E-03   
2.6959E-03   -5.8720E-03   
1.5958E-02   -8.6721E-04   
1.4561E-03   -5.9645E-03   
3.2957E-03   -5.8109E-03   
1.4745E-02   -2.0595E-03   
1.5655E-02   -1.2680E-03   
5.6392E-03   -5.4567E-03   
1.3811E-02   -2.6489E-03   
1.3457E-02   -2.8440E-03   
8.4181E-03   -4.8013E-03   
6.2108E-03   -5.3431E-03   
7.3314E-03   -5.0886E-03   
9.9686E-03   -4.3197E-03   
1.2271E-02   -3.4191E-03   
4.6506E-04   -6.3709E-03   
4.4233E-04   -6.4758E-03   
4.2601E-04   -6.5644E-03   
4.1096E-04   -6.6400E-03   
3.9927E-04   -6.7046E-03   
3.9211E-04   -6.7608E-03   
3.8817E-04   -6.8110E-03   
3.8652E-04   -6.8572E-03   
3.8670E-04   -6.9012E-03   
1.6331E-02   -1.4408E-04   
3.8854E-04   -6.9446E-03   
1.6374E-02   -1.1372E-04   
3.9200E-04   -6.9888E-03   
1.6417E-02   -9.1781E-05   
3.9703E-04   -7.0350E-03   
1.6469E-02   -7.5448E-05   
4.0354E-04   -7.0844E-03   
1.6534E-02   -6.4128E-05   
4.1142E-04   -7.1380E-03   
1.6617E-02   -5.6727E-05   
4.2060E-04   -7.1969E-03   
1.6722E-02   -5.2590E-05   
4.3096E-04   -7.2618E-03   
1.6851E-02   -5.1099E-05   
4.4245E-04   -7.3337E-03   
1.7006E-02   -5.1646E-05   
4.5506E-04   -7.4131E-03   
1.7190E-02   -5.3749E-05   
4.6821E-04   -7.5008E-03   
1.7403E-02   -5.7227E-05   
4.8167E-04   -7.5971E-03   
1.7648E-02   -6.1797E-05   
4.9687E-04   -7.7032E-03   
1.7925E-02   -6.7104E-05   
5.1437E-04   -7.8197E-03   
1.8235E-02   -7.2869E-05   
5.3276E-04   -7.9468E-03   
1.8577E-02   -7.8404E-05   
5.5145E-04   -8.0848E-03   
1.8952E-02   -8.4759E-05   
5.7033E-04   -8.2342E-03   
1.9357E-02   -9.1646E-05   
5.8875E-04   -8.3945E-03   
1.9796E-02   -9.9669E-05   
6.1366E-04   -8.5654E-03   
2.0273E-02   -1.0693E-04   
6.4311E-04   -8.7497E-03   
2.0789E-02   -1.1217E-04   
6.5880E-04   -8.9485E-03   
2.1342E-02   -1.1713E-04   
6.7508E-04   -9.1594E-03   
2.1938E-02   -1.2205E-04   
7.2289E-04   -9.3859E-03   
2.2577E-02   -1.2428E-04   
7.5102E-04   -9.6336E-03   
2.3239E-02   -1.2160E-04   
7.5606E-04   -9.8953E-03   
2.3927E-02   -1.2583E-04   
7.8514E-04   -1.0168E-02   
2.4664E-02   -1.2736E-04   
8.3137E-04   -1.0462E-02   
8.4101E-03   -4.6410E-03   
1.3107E-02   -2.7191E-03   
1.4519E-02   -1.9460E-03   
6.2428E-03   -5.2858E-03   
1.6173E-02   -4.3824E-04   
1.6893E-03   -6.0761E-03   
1.0886E-02   -3.7033E-03   
1.5906E-02   -8.4834E-04   
2.8507E-03   -5.9541E-03   
4.5657E-03   -5.6713E-03   
4.0000E-03   -5.7772E-03   
1.2275E-02   -3.1137E-03   
9.4507E-03   -4.2793E-03   
1.5332E-02   -1.3899E-03   
1.5550E-02   -1.2084E-03   
9.9503E-03   -4.0920E-03   
1.1823E-02   -3.3088E-03   
1.4816E-02   -1.7585E-03   
1.4199E-02   -2.1359E-03   
6.7930E-03   -5.1370E-03   
5.1290E-03   -5.5535E-03   
1.0384E-03   -6.1383E-03   
7.3380E-03   -4.9793E-03   
1.0424E-02   -3.8990E-03   
1.1356E-02   -3.5046E-03   
1.5087E-02   -1.5731E-03   
1.5741E-02   -1.0281E-03   
7.8778E-03   -4.8137E-03   
1.3492E-02   -2.5228E-03   
3.4279E-03   -5.8718E-03   
5.6885E-03   -5.4248E-03   
1.3857E-02   -2.3283E-03   
1.6050E-02   -6.6254E-04   
2.2665E-03   -6.0224E-03   
1.2702E-02   -2.9170E-03   
8.9358E-03   -4.4627E-03   
4.8465E-04   -6.2450E-03   
9.2672E-04   -6.3915E-03   
8.8469E-04   -6.4937E-03   
8.4690E-04   -6.5754E-03   
8.1231E-04   -6.6452E-03   
7.9080E-04   -6.7046E-03   
7.7919E-04   -6.7566E-03   
7.7375E-04   -6.8036E-03   
1.6280E-02   -1.9597E-04   
7.7259E-04   -6.8477E-03   
7.7493E-04   -6.8906E-03   
1.6284E-02   -2.4942E-04   
7.8051E-04   -6.9337E-03   
1.6319E-02   -2.0461E-04   
7.8927E-04   -6.9784E-03   
1.6364E-02   -1.6618E-04   
8.0106E-04   -7.0258E-03   
1.6421E-02   -1.3933E-04   
8.1563E-04   -7.0771E-03   
1.6494E-02   -1.2147E-04   
8.3241E-04   -7.1331E-03   
1.6588E-02   -1.1038E-04   
8.5374E-04   -7.1945E-03   
1.6706E-02   -1.0512E-04   
8.7903E-04   -7.2624E-03   
1.6849E-02   -1.0454E-04   
9.0302E-04   -7.3381E-03   
1.7020E-02   -1.0748E-04   
9.2528E-04   -7.4219E-03   
1.7221E-02   -1.1306E-04   
9.4889E-04   -7.5134E-03   
1.7454E-02   -1.2128E-04   
9.7672E-04   -7.6140E-03   
1.7718E-02   -1.3157E-04   
1.0097E-03   -7.7247E-03   
1.8014E-02   -1.4324E-04   
1.0464E-03   -7.8463E-03   
1.8347E-02   -1.5370E-04   
1.0847E-03   -7.9791E-03   
1.8707E-02   -1.6205E-04   
1.1227E-03   -8.1231E-03   
1.9082E-02   -1.7702E-04   
1.1539E-03   -8.2781E-03   
1.9494E-02   -1.9058E-04   
1.1767E-03   -8.4402E-03   
1.9944E-02   -2.0987E-04   
1.2487E-03   -8.6077E-03   
2.0442E-02   -2.2167E-04   
1.3129E-03   -8.7981E-03   
2.0979E-02   -2.2941E-04   
1.3123E-03   -9.0056E-03   
2.1554E-02   -2.4077E-04   
1.3715E-03   -9.2113E-03   
2.2193E-02   -2.4867E-04   
1.5636E-03   -9.4438E-03   
2.2879E-02   -2.4825E-04   
1.5060E-03   -9.7225E-03   
2.3509E-02   -2.3041E-04   
1.5330E-03   -9.9844E-03   
2.4185E-02   -2.7615E-04   
1.6111E-03   -1.0258E-02   
2.5441E-02   -1.3423E-04   
1.0886E-02   -3.4474E-03   
1.1387E-02   -3.2322E-03   
9.4742E-03   -4.0746E-03   
1.1861E-02   -3.0301E-03   
8.9624E-03   -4.2725E-03   
4.1135E-03   -5.7866E-03   
4.6625E-03   -5.6588E-03   
5.2093E-03   -5.5188E-03   
5.7538E-03   -5.3674E-03   
6.2958E-03   -5.2052E-03   
3.5552E-03   -5.9036E-03   
6.8357E-03   -5.0330E-03   
8.4387E-03   -4.4701E-03   
1.2318E-02   -2.8302E-03   
7.3734E-03   -4.8521E-03   
7.9087E-03   -4.6640E-03   
2.9800E-03   -6.0106E-03   
1.2752E-02   -2.6277E-03   
1.5178E-02   -1.3210E-03   
1.5424E-02   -1.1520E-03   
1.5639E-02   -9.8785E-04   
1.4904E-02   -1.4942E-03   
2.4064E-03   -6.1010E-03   
1.3165E-02   -2.4273E-03   
1.4604E-02   -1.6714E-03   
1.3930E-02   -2.0392E-03   
1.3558E-02   -2.2309E-03   
1.4279E-02   -1.8530E-03   
1.8665E-03   -6.1578E-03   
1.4054E-03   -6.2001E-03   
1.5825E-02   -8.2500E-04   
1.5990E-02   -6.5947E-04   
1.6132E-02   -4.9017E-04   
9.6454E-04   -6.2869E-03   
1.3332E-03   -6.4823E-03   
1.2502E-03   -6.5632E-03   
1.2014E-03   -6.6278E-03   
1.1758E-03   -6.6820E-03   
1.1633E-03   -6.7297E-03   
1.1590E-03   -6.7736E-03   
1.6244E-02   -3.1121E-04   
1.1605E-03   -6.8157E-03   
1.1670E-03   -6.8576E-03   
1.6171E-02   -3.5452E-04   
1.1782E-03   -6.9007E-03   
1.6216E-02   -2.7834E-04   
1.1940E-03   -6.9460E-03   
1.6264E-02   -2.3022E-04   
1.2142E-03   -6.9949E-03   
1.6327E-02   -1.9804E-04   
1.2370E-03   -7.0481E-03   
1.6410E-02   -1.7765E-04   
1.2676E-03   -7.1052E-03   
1.6518E-02   -1.6545E-04   
1.3168E-03   -7.1663E-03   
1.6649E-02   -1.6174E-04   
1.3547E-03   -7.2385E-03   
1.6805E-02   -1.6448E-04   
1.3771E-03   -7.3206E-03   
1.6994E-02   -1.7099E-04   
1.4074E-03   -7.4083E-03   
1.7218E-02   -1.8086E-04   
1.4403E-03   -7.5045E-03   
1.7468E-02   -1.9554E-04   
1.4842E-03   -7.6086E-03   
1.7749E-02   -2.1333E-04   
1.5429E-03   -7.7228E-03   
1.8075E-02   -2.3022E-04   
1.6029E-03   -7.8499E-03   
1.8447E-02   -2.4255E-04   
1.6607E-03   -7.9897E-03   
1.8800E-02   -2.4261E-04   
1.7093E-03   -8.1428E-03   
1.9145E-02   -2.8872E-04   
1.7254E-03   -8.3081E-03   
1.6928E-03   -8.4635E-03   
1.9810E-03   -8.8465E-03   
2.1109E-02   -3.5628E-04   
2.2081E-03   -9.5526E-03   
2.3028E-03   -1.0030E-02   
2.2440E-02   -3.8349E-04   
2.6297E-02   -1.4395E-04   
1.5723E-02   -8.0483E-04   
1.5905E-02   -6.5404E-04   
1.6070E-02   -5.0080E-04   
9.9780E-03   -3.6904E-03   
9.5402E-03   -3.8657E-03   
3.6854E-03   -5.9094E-03   
3.1156E-03   -6.0412E-03   
5.8366E-03   -5.2890E-03   
4.2323E-03   -5.7706E-03   
6.3699E-03   -5.1055E-03   
4.7700E-03   -5.6214E-03   
9.0280E-03   -4.0778E-03   
1.1946E-02   -2.7810E-03   
5.3040E-03   -5.4612E-03   
1.5009E-02   -1.2614E-03   
1.4707E-02   -1.4288E-03   
6.9038E-03   -4.9122E-03   
7.4381E-03   -4.7109E-03   
1.3650E-02   -1.9666E-03   
1.4026E-02   -1.7807E-03   
1.5285E-02   -1.0985E-03   
2.5225E-03   -6.1606E-03   
1.5522E-02   -9.4955E-04   
8.5026E-03   -4.2913E-03   
1.3252E-02   -2.1607E-03   
7.9723E-03   -4.5033E-03   
1.4379E-02   -1.6017E-03   
1.2397E-02   -2.5692E-03   
1.2834E-02   -2.3622E-03   
1.7150E-03   -6.4622E-03   
1.6233E-03   -6.5331E-03   
1.5791E-03   -6.5892E-03   
1.5565E-03   -6.6372E-03   
1.5469E-03   -6.6804E-03   
1.5462E-03   -6.7213E-03   
1.5526E-03   -6.7616E-03   
1.5653E-03   -6.8027E-03   
1.6188E-02   -3.7819E-04   
1.6030E-02   -4.1407E-04   
1.5838E-03   -6.8458E-03   
1.6067E-02   -3.4248E-04   
1.6083E-03   -6.8921E-03   
1.6122E-02   -2.9028E-04   
1.6372E-03   -6.9423E-03   
1.6193E-02   -2.5733E-04   
1.6705E-03   -6.9962E-03   
1.6287E-02   -2.3799E-04   
1.7167E-03   -7.0522E-03   
1.6414E-02   -2.2525E-04   
1.8435E-03   -7.1051E-03   
1.6552E-02   -2.2712E-04   
1.8244E-03   -7.1980E-03   
1.6720E-02   -2.3494E-04   
1.8618E-03   -7.2824E-03   
1.6939E-02   -2.4528E-04   
1.8989E-03   -7.3772E-03   
1.7183E-02   -2.5875E-04   
2.0107E-03   -7.5797E-03   
2.2841E-03   -8.3509E-03   
1.7741E-02   -3.1061E-04   
2.1126E-03   -7.6949E-03   
2.1898E-03   -7.8318E-03   
2.3257E-03   -8.1520E-03   
1.9603E-02   -2.8496E-04   
2.0615E-02   -3.2735E-04   
2.1217E-02   -5.0101E-04   
1.8121E-02   -3.3250E-04   
3.0468E-03   -9.7904E-03   
2.1899E-02   -5.1871E-04   
2.3070E-03   -9.3534E-03   
1.8981E-02   -4.0677E-04   
2.7400E-03   -8.6666E-03   
1.5980E-02   -5.1384E-04   
1.5787E-02   -6.6164E-04   
1.5612E-02   -7.9503E-04   
1.1162E-02   -2.9507E-03   
1.0979E-02   -3.1864E-03   
1.1577E-02   -2.7531E-03   
9.1504E-03   -3.8787E-03   
1.5131E-02   -1.0550E-03   
3.8397E-03   -5.8857E-03   
1.5409E-02   -8.9998E-04   
3.2798E-03   -6.0388E-03   
2.6979E-03   -6.1806E-03   
4.3745E-03   -5.7270E-03   
5.9379E-03   -5.1930E-03   
5.4137E-03   -5.3844E-03   
8.6055E-03   -4.1064E-03   
4.8961E-03   -5.5614E-03   
6.4664E-03   -4.9902E-03   
1.2042E-02   -2.5395E-03   
1.3765E-02   -1.7294E-03   
1.4825E-02   -1.2154E-03   
6.9981E-03   -4.7781E-03   
1.4143E-02   -1.5504E-03   
1.4496E-02   -1.3797E-03   
1.3364E-02   -1.9185E-03   
7.5325E-03   -4.5587E-03   
8.0688E-03   -4.3341E-03   
1.2941E-02   -2.1175E-03   
1.2499E-02   -2.3255E-03   
1.6978E-03   -6.3286E-03   
2.0376E-03   -6.4276E-03   
1.9844E-03   -6.4819E-03   
1.9526E-03   -6.5286E-03   
1.9367E-03   -6.5703E-03   
1.9327E-03   -6.6092E-03   
1.9382E-03   -6.6472E-03   
1.9514E-03   -6.6859E-03   
1.9717E-03   -6.7264E-03   
1.5816E-02   -4.9135E-04   
1.9995E-03   -6.7698E-03   
1.5884E-02   -4.0165E-04   
2.0344E-03   -6.8166E-03   
2.0712E-03   -6.8686E-03   
1.5944E-02   -3.5182E-04   
1.6018E-02   -3.2297E-04   
2.0973E-03   -6.9279E-03   
1.6114E-02   -3.1157E-04   
2.2164E-03   -7.0768E-03   
1.6372E-02   -3.1369E-04   
2.3062E-03   -7.1360E-03   
1.6867E-02   -3.3224E-04   
1.6612E-02   -3.1971E-04   
2.3812E-03   -7.2255E-03   
2.6371E-03   -7.5012E-03   
1.9301E-03   -7.4794E-03   
2.7222E-03   -7.6474E-03   
2.8242E-03   -7.7917E-03   
2.8468E-03   -9.3910E-03   
2.8053E-03   -9.1735E-03   
2.9354E-03   -7.9512E-03   
1.7711E-02   -4.2785E-04   
1.9424E-02   -3.8393E-04   
1.8574E-02   -4.9378E-04   
2.0518E-02   -4.6944E-04   
1.8125E-02   -4.5492E-04   
1.7437E-02   -2.8417E-04   
3.0757E-03   -8.1432E-03   
2.6194E-03   -8.9474E-03   
2.8844E-03   -8.4105E-03   
2.2608E-02   -5.3224E-04   
2.9117E-03   -1.0051E-02   
2.7569E-03   -9.6001E-03   
2.1329E-02   -6.5738E-04   
1.0641E-02   -3.1000E-03   
1.5849E-02   -5.4831E-04   
1.5259E-02   -8.7314E-04   
4.0310E-03   -5.8295E-03   
1.4948E-02   -1.0301E-03   
3.4998E-03   -5.9972E-03   
2.4199E-03   -6.2817E-03   
8.7475E-03   -3.9107E-03   
5.5384E-03   -5.2915E-03   
5.0290E-03   -5.4858E-03   
4.5349E-03   -5.6624E-03   
1.1684E-02   -2.5504E-03   
6.0591E-03   -5.0825E-03   
1.3899E-02   -1.5177E-03   
6.5864E-03   -4.8623E-03   
1.4274E-02   -1.3471E-03   
1.4623E-02   -1.1856E-03   
1.3497E-02   -1.7001E-03   
7.1192E-03   -4.6332E-03   
8.1977E-03   -4.1568E-03   
1.2162E-02   -2.3192E-03   
1.3072E-02   -1.8947E-03   
7.6571E-03   -4.3975E-03   
1.2625E-02   -2.1015E-03   
2.4461E-03   -6.3124E-03   
2.3974E-03   -6.3599E-03   
9.9437E-03   -3.3970E-03   
2.3571E-03   -6.4046E-03   
9.3224E-03   -3.6562E-03   
2.3307E-03   -6.4449E-03   
2.3209E-03   -6.4815E-03   
2.3241E-03   -6.5165E-03   
2.3373E-03   -6.5520E-03   
2.3592E-03   -6.5893E-03   
2.3897E-03   -6.6292E-03   
2.7333E-03   -6.9575E-03   
1.5629E-02   -5.2449E-04   
2.4292E-03   -6.6724E-03   
2.4766E-03   -6.7204E-03   
1.5677E-02   -4.6128E-04   
2.5244E-03   -6.7778E-03   
1.5730E-02   -4.2137E-04   
1.5796E-02   -4.0213E-04   
2.1082E-03   -6.9860E-03   
1.6246E-02   -4.0628E-04   
2.8518E-03   -7.0447E-03   
2.8447E-03   -7.3203E-03   
1.9169E-02   -5.3060E-04   
1.8068E-02   -5.9678E-04   
1.6816E-02   -4.4253E-04   
3.3682E-03   -7.5778E-03   
1.6493E-02   -4.2039E-04   
3.5229E-03   -7.7189E-03   
2.3995E-03   -7.3372E-03   
3.4322E-03   -9.4689E-03   
3.6459E-03   -7.8797E-03   
1.9832E-02   -5.1733E-04   
3.5300E-03   -8.4616E-03   
3.4158E-03   -8.7162E-03   
1.7306E-02   -4.0224E-04   
3.5209E-03   -9.1900E-03   
3.2469E-03   -7.4459E-03   
1.7658E-02   -5.6144E-04   
2.2027E-02   -6.7430E-04   
2.0676E-02   -6.3107E-04   
1.5341E-02   -7.3683E-04   
1.5053E-02   -8.7920E-04   
1.5592E-02   -6.8844E-04   
3.2468E-03   -6.0869E-03   
4.2456E-03   -5.7518E-03   
1.1302E-02   -2.5838E-03   
5.1673E-03   -5.3980E-03   
1.4742E-02   -1.0236E-03   
4.6680E-03   -5.5947E-03   
5.6794E-03   -5.1856E-03   
1.9728E-03   -6.3383E-03   
6.2008E-03   -4.9601E-03   
8.3606E-03   -3.9723E-03   
1.3648E-02   -1.5045E-03   
1.4405E-02   -1.1742E-03   
1.4041E-02   -1.3335E-03   
1.1815E-02   -2.3398E-03   
6.7305E-03   -4.7239E-03   
1.3222E-02   -1.6927E-03   
7.2672E-03   -4.4794E-03   
7.8108E-03   -4.2286E-03   
1.2304E-02   -2.1107E-03   
1.2773E-02   -1.8953E-03   
8.9341E-03   -3.7063E-03   
2.8364E-03   -6.2207E-03   
2.7848E-03   -6.2630E-03   
2.7345E-03   -6.3053E-03   
2.9081E-03   -6.1690E-03   
2.7131E-03   -6.3403E-03   
9.5327E-03   -3.4318E-03   
1.0155E-02   -3.1462E-03   
2.7115E-03   -6.3719E-03   
1.5557E-02   -6.1111E-04   
1.0753E-02   -2.8575E-03   
2.7238E-03   -6.4032E-03   
2.7470E-03   -6.4362E-03   
2.8233E-03   -6.5109E-03   
1.5409E-02   -5.8092E-04   
2.8809E-03   -6.5529E-03   
2.9612E-03   -6.5983E-03   
1.5427E-02   -5.3581E-04   
1.5477E-02   -5.0448E-04   
2.8995E-03   -6.8090E-03   
2.9974E-03   -7.1447E-03   
1.6066E-02   -5.1758E-04   
1.7281E-02   -5.3111E-04   
4.0506E-03   -7.4687E-03   
2.5093E-03   -6.8601E-03   
1.8507E-02   -6.4189E-04   
3.2828E-03   -6.8523E-03   
1.7553E-02   -7.1115E-04   
3.1874E-03   -7.3318E-03   
4.1741E-03   -8.5058E-03   
3.8536E-03   -7.3525E-03   
3.8115E-03   -8.0043E-03   
1.6968E-02   -5.1626E-04   
2.0131E-02   -6.1185E-04   
1.6318E-02   -5.4463E-04   
3.6747E-03   -8.2075E-03   
3.4304E-03   -8.9523E-03   
2.0730E-02   -7.9909E-04   
2.2672E-02   -6.7774E-04   
3.5991E-03   -9.9494E-03   
4.3922E-03   -9.2144E-03   
1.9609E-02   -4.4320E-04   
1.4841E-02   -8.9620E-04   
4.2670E-03   -5.7325E-03   
8.5567E-03   -3.7821E-03   
4.8173E-03   -5.5122E-03   
5.3258E-03   -5.2966E-03   
1.4523E-02   -1.0361E-03   
5.8398E-03   -5.0687E-03   
1.1462E-02   -2.3875E-03   
1.3812E-02   -1.3331E-03   
1.4187E-02   -1.1790E-03   
6.3647E-03   -4.8279E-03   
1.3392E-02   -1.5112E-03   
7.9924E-03   -4.0539E-03   
6.8994E-03   -4.5769E-03   
1.1977E-02   -2.1453E-03   
7.4425E-03   -4.3183E-03   
1.2943E-02   -1.7072E-03   
1.2470E-02   -1.9192E-03   
3.2850E-03   -6.0906E-03   
3.1480E-03   -6.1547E-03   
1.5383E-02   -6.4385E-04   
3.1117E-03   -6.1875E-03   
1.0345E-02   -2.9262E-03   
9.1451E-03   -3.5007E-03   
1.0918E-02   -2.6486E-03   
3.1043E-03   -6.2144E-03   
3.1129E-03   -6.2412E-03   
9.7461E-03   -3.2138E-03   
3.1362E-03   -6.2691E-03   
3.1720E-03   -6.2996E-03   
3.2184E-03   -6.3336E-03   
1.5541E-02   -4.9322E-04   
3.2811E-03   -6.3698E-03   
3.0681E-03   -6.6568E-03   
3.3714E-03   -6.4051E-03   
1.5093E-02   -6.7755E-04   
1.6835E-02   -6.3582E-04   
1.5136E-02   -6.2639E-04   
3.4264E-03   -6.9240E-03   
3.4963E-03   -7.1400E-03   
1.5848E-02   -5.0265E-04   
3.2232E-03   -6.7771E-03   
1.6567E-02   -5.9088E-04   
4.4195E-03   -7.2450E-03   
4.4610E-03   -7.9561E-03   
3.7103E-03   -7.2359E-03   
4.2257E-03   -7.8228E-03   
1.5835E-02   -6.5447E-04   
1.9501E-02   -6.9615E-04   
4.9746E-03   -8.2678E-03   
2.0113E-02   -7.6114E-04   
4.0098E-03   -8.7401E-03   
2.0755E-02   -9.8412E-04   
4.5041E-03   -9.7949E-03   
2.2231E-02   -8.5103E-04   
2.3305E-02   -5.7424E-04   
5.0138E-03   -9.4066E-03   
1.8878E-02   -7.1016E-04   
1.4934E-02   -7.9112E-04   
3.7565E-03   -5.9216E-03   
4.5262E-03   -5.6156E-03   
5.0049E-03   -5.4090E-03   
8.1993E-03   -3.8760E-03   
5.5045E-03   -5.1835E-03   
1.4325E-02   -1.0610E-03   
1.4004E-02   -1.1780E-03   
6.0210E-03   -4.9420E-03   
3.5130E-03   -6.0183E-03   
1.3586E-02   -1.3456E-03   
1.1647E-02   -2.2017E-03   
6.5516E-03   -4.6873E-03   
7.6408E-03   -4.1526E-03   
1.3134E-02   -1.5354E-03   
7.0927E-03   -4.4231E-03   
1.2163E-02   -1.9635E-03   
1.2659E-02   -1.7416E-03   
3.5086E-03   -6.0291E-03   
8.7775E-03   -3.5906E-03   
1.0546E-02   -2.7264E-03   
1.1108E-02   -2.4567E-03   
3.5077E-03   -6.0450E-03   
9.9625E-03   -3.0100E-03   
3.5065E-03   -6.0682E-03   
3.5277E-03   -6.0904E-03   
9.3689E-03   -3.3001E-03   
1.5193E-02   -6.8695E-04   
3.6795E-03   -6.1732E-03   
3.5652E-03   -6.1143E-03   
1.5183E-02   -6.0407E-04   
3.6158E-03   -6.1418E-03   
1.5842E-02   -4.0716E-04   
3.5061E-03   -6.6009E-03   
3.4925E-03   -6.4399E-03   
3.7057E-03   -6.6467E-03   
3.7680E-03   -6.2034E-03   
1.4781E-02   -7.6576E-04   
1.6079E-02   -6.9426E-04   
1.5610E-02   -6.2907E-04   
3.7696E-03   -6.7334E-03   
4.3325E-03   -7.1178E-03   
4.8879E-03   -7.6542E-03   
2.0119E-02   -9.4505E-04   
1.6342E-02   -7.4280E-04   
4.1534E-03   -7.0060E-03   
1.8356E-02   -8.0869E-04   
5.1263E-03   -7.9824E-03   
1.8828E-02   -8.8928E-04   
4.8282E-03   -8.5865E-03   
3.5938E-03   -6.9822E-03   
2.1451E-02   -1.0187E-03   
1.7168E-02   -6.7326E-04   
2.4045E-02   -4.5929E-04   
5.4903E-03   -9.0202E-03   
3.8568E-03   -5.8864E-03   
1.4606E-02   -9.3184E-04   
4.7249E-03   -5.5167E-03   
5.2053E-03   -5.2971E-03   
5.7061E-03   -5.0600E-03   
7.8607E-03   -3.9845E-03   
1.4287E-02   -1.0088E-03   
4.1375E-03   -5.7741E-03   
1.3811E-02   -1.1895E-03   
8.4294E-03   -3.6967E-03   
6.2273E-03   -4.8056E-03   
1.3345E-02   -1.3786E-03   
6.7642E-03   -4.5383E-03   
7.3094E-03   -4.2638E-03   
1.1855E-02   -2.0272E-03   
1.2868E-02   -1.5779E-03   
1.2371E-02   -1.7935E-03   
3.9600E-03   -5.8494E-03   
1.0190E-02   -2.8196E-03   
1.1318E-02   -2.2773E-03   
1.0762E-02   -2.5419E-03   
1.5665E-02   -4.9100E-04   
3.9068E-03   -5.8861E-03   
9.0128E-03   -3.4030E-03   
3.9236E-03   -5.9020E-03   
9.6028E-03   -3.1088E-03   
1.4814E-02   -7.3233E-04   
4.0789E-03   -5.9643E-03   
3.9612E-03   -5.9185E-03   
4.1637E-03   -5.9912E-03   
4.0134E-03   -5.9389E-03   
4.3735E-03   -6.4675E-03   
1.4699E-02   -8.3683E-04   
1.5236E-02   -6.0328E-04   
3.8832E-03   -6.2325E-03   
1.6308E-02   -2.8413E-04   
4.6087E-03   -6.7324E-03   
1.5417E-02   -6.1657E-04   
1.7004E-02   -8.3756E-04   
1.6644E-02   -7.9095E-04   
1.5810E-02   -8.6228E-04   
1.5560E-02   -8.1504E-04   
1.8087E-02   -9.9341E-04   
1.5333E-02   -7.7915E-04   
3.9826E-03   -6.9268E-03   
5.0731E-03   -6.9854E-03   
3.6161E-03   -6.4708E-03   
4.0874E-03   -6.4276E-03   
5.2639E-03   -7.3512E-03   
1.9003E-02   -1.0509E-03   
5.2578E-03   -7.7389E-03   
4.0728E-03   -6.7553E-03   
2.0764E-02   -1.1844E-03   
5.0764E-03   -8.8355E-03   
2.4969E-02   -2.4178E-04   
5.7799E-03   -7.9918E-03   
2.3993E-02   -6.3205E-04   
2.0112E-02   -1.1443E-03   
1.7962E-02   -7.4979E-04   
5.6685E-03   -8.2679E-03   
4.2725E-03   -5.7143E-03   
4.9495E-03   -5.4041E-03   
5.4268E-03   -5.1764E-03   
8.1002E-03   -3.8161E-03   
1.4054E-02   -1.0402E-03   
5.9283E-03   -4.9284E-03   
7.5449E-03   -4.1027E-03   
1.3563E-02   -1.2394E-03   
6.4591E-03   -4.6603E-03   
7.0000E-03   -4.3835E-03   
1.3099E-02   -1.4282E-03   
1.0430E-02   -2.6426E-03   
1.2079E-02   -1.8658E-03   
1.2603E-02   -1.6351E-03   
1.1541E-02   -2.1133E-03   
4.2752E-03   -5.7174E-03   
1.0992E-02   -2.3714E-03   
1.4457E-02   -8.9939E-04   
8.6744E-03   -3.5211E-03   
9.8481E-03   -2.9284E-03   
4.3238E-03   -5.7073E-03   
9.2598E-03   -3.2232E-03   
4.3639E-03   -5.7133E-03   
4.5650E-03   -5.7669E-03   
4.4814E-03   -5.7446E-03   
1.4442E-02   -8.7487E-04   
4.4147E-03   -5.7264E-03   
1.4849E-02   -7.2250E-04   
1.6045E-02   -4.0969E-04   
4.2594E-03   -6.0227E-03   
1.5135E-02   -7.5574E-04   
1.5253E-02   -9.9726E-04   
3.9390E-03   -6.3929E-03   
1.5244E-02   -6.3155E-04   
1.5021E-02   -9.5297E-04   
1.5503E-02   -1.0543E-03   
5.1984E-03   -6.6238E-03   
1.7423E-02   -8.7669E-04   
1.6412E-02   -9.7416E-04   
4.0607E-03   -6.2547E-03   
1.7357E-02   -1.0766E-03   
5.8237E-03   -7.4156E-03   
4.8072E-03   -7.2808E-03   
5.5142E-03   -6.6657E-03   
4.7995E-03   -6.4820E-03   
2.0088E-02   -1.3591E-03   
2.1439E-02   -1.2237E-03   
6.0100E-03   -7.6597E-03   
5.7197E-03   -8.5144E-03   
2.4617E-02   -5.2593E-04   
6.3150E-03   -8.0079E-03   
4.4816E-03   -5.6207E-03   
5.2025E-03   -5.2789E-03   
7.7943E-03   -3.9439E-03   
5.6418E-03   -5.0595E-03   
1.3728E-02   -1.1459E-03   
8.3543E-03   -3.6515E-03   
6.1686E-03   -4.7911E-03   
7.2490E-03   -4.2293E-03   
1.3337E-02   -1.2988E-03   
1.0679E-02   -2.4804E-03   
6.7066E-03   -4.5124E-03   
1.0106E-02   -2.7599E-03   
4.7496E-03   -5.4978E-03   
1.2874E-02   -1.4881E-03   
1.1766E-02   -1.9699E-03   
1.1230E-02   -2.2184E-03   
4.7909E-03   -5.4927E-03   
9.5197E-03   -3.0530E-03   
8.9323E-03   -3.3524E-03   
1.4455E-02   -8.5755E-04   
1.4978E-02   -7.4395E-04   
4.9706E-03   -5.5324E-03   
4.8261E-03   -5.5042E-03   
4.4066E-03   -6.2101E-03   
4.8879E-03   -5.5162E-03   
1.4889E-02   -7.3310E-04   
4.6590E-03   -5.7964E-03   
5.8133E-03   -6.3938E-03   
1.4677E-02   -1.1498E-03   
4.3370E-03   -6.0633E-03   
1.4908E-02   -1.2042E-03   
1.4811E-02   -9.2111E-04   
1.5786E-02   -1.1219E-03   
5.3044E-03   -6.4346E-03   
7.1213E-03   -7.8278E-03   
5.9592E-03   -6.6962E-03   
1.7722E-02   -1.2057E-03   
1.6819E-02   -1.0285E-03   
2.1428E-02   -1.4323E-03   
5.0264E-03   -6.2639E-03   
6.4230E-03   -8.1980E-03   
1.9442E-02   -1.3142E-03   
2.2127E-02   -1.0656E-03   
6.5685E-03   -7.3164E-03   
5.7326E-03   -6.9953E-03   
6.0343E-03   -7.1218E-03   
2.0047E-02   -1.5922E-03   
1.4061E-02   -1.0073E-03   
8.0549E-03   -3.7906E-03   
7.5088E-03   -4.0792E-03   
5.2999E-03   -5.2318E-03   
1.2719E-02   -1.5375E-03   
1.4519E-02   -8.8128E-04   
5.8833E-03   -4.9344E-03   
1.0378E-02   -2.6045E-03   
1.3611E-02   -1.1737E-03   
1.0939E-02   -2.3343E-03   
1.3126E-02   -1.3682E-03   
6.4234E-03   -4.6523E-03   
9.7941E-03   -2.8932E-03   
8.6208E-03   -3.4939E-03   
9.2041E-03   -3.1923E-03   
5.2551E-03   -5.2721E-03   
1.1936E-02   -1.8763E-03   
1.1474E-02   -2.0848E-03   
5.3784E-03   -5.2916E-03   
5.2996E-03   -5.2827E-03   
4.7329E-03   -5.8491E-03   
5.0678E-03   -5.5557E-03   
1.4475E-02   -8.6154E-04   
5.5344E-03   -6.0049E-03   
1.4629E-02   -9.0096E-04   
1.4306E-02   -1.3696E-03   
5.4643E-03   -6.2015E-03   
1.4461E-02   -1.1099E-03   
1.5152E-02   -1.2746E-03   
1.8776E-02   -1.2631E-03   
1.6136E-02   -1.1909E-03   
6.2837E-03   -6.3980E-03   
4.7278E-03   -5.9669E-03   
4.5785E-03   -6.2464E-03   
1.8410E-02   -1.1187E-03   
1.7039E-02   -1.3334E-03   
6.4275E-03   -6.6856E-03   
7.2337E-03   -8.0925E-03   
7.4556E-03   -7.4541E-03   
6.0093E-03   -6.1302E-03   
1.9497E-02   -1.0989E-03   
2.0750E-02   -1.6137E-03   
2.2105E-02   -1.2615E-03   
2.2751E-02   -9.4437E-04   
6.5805E-03   -6.8202E-03   
7.3128E-03   -7.0775E-03   
1.2896E-02   -1.4609E-03   
7.2291E-03   -4.2286E-03   
7.7639E-03   -3.9436E-03   
1.4057E-02   -1.0262E-03   
1.1766E-02   -1.9497E-03   
1.1222E-02   -2.1985E-03   
1.3295E-02   -1.2994E-03   
8.3204E-03   -3.6490E-03   
1.0664E-02   -2.4623E-03   
1.0085E-02   -2.7445E-03   
6.7031E-03   -4.5094E-03   
9.4924E-03   -3.0418E-03   
8.9001E-03   -3.3459E-03   
5.6539E-03   -5.0601E-03   
5.7113E-03   -5.0502E-03   
5.7835E-03   -5.0509E-03   
5.4789E-03   -5.3062E-03   
5.1593E-03   -5.5975E-03   
6.1449E-03   -4.8068E-03   
1.4052E-02   -1.0066E-03   
1.3885E-02   -1.2885E-03   
1.2344E-02   -1.6927E-03   
1.4085E-02   -1.3224E-03   
5.4910E-03   -5.8808E-03   
5.0372E-03   -5.9754E-03   
7.0989E-03   -6.4881E-03   
1.4535E-02   -1.4314E-03   
5.2264E-03   -5.6693E-03   
1.4042E-02   -1.0839E-03   
6.6475E-03   -6.0592E-03   
1.5408E-02   -1.3688E-03   
6.1938E-03   -5.8418E-03   
1.7432E-02   -1.4057E-03   
1.8253E-02   -1.4692E-03   
1.6579E-02   -1.2565E-03   
2.3421E-02   -9.4110E-04   
7.7362E-03   -6.7319E-03   
7.3920E-03   -6.6101E-03   
8.0503E-03   -7.4833E-03   
2.0073E-02   -1.8256E-03   
7.4550E-03   -8.3529E-03   
2.1388E-02   -1.6440E-03   
2.2801E-02   -1.1066E-03   
1.3191E-02   -1.3529E-03   
7.4703E-03   -4.1154E-03   
6.9512E-03   -4.3922E-03   
1.1532E-02   -2.0691E-03   
1.3633E-02   -1.1716E-03   
1.0971E-02   -2.3300E-03   
8.0220E-03   -3.8219E-03   
1.0397E-02   -2.6059E-03   
8.6020E-03   -3.5163E-03   
9.8021E-03   -2.9003E-03   
6.1776E-03   -4.8178E-03   
9.1984E-03   -3.2070E-03   
5.8883E-03   -5.0525E-03   
1.2667E-02   -1.5703E-03   
1.3480E-02   -1.5179E-03   
6.5216E-03   -4.6205E-03   
5.6792E-03   -5.3914E-03   
6.0108E-03   -5.0653E-03   
5.7795E-03   -5.6230E-03   
1.2099E-02   -1.8144E-03   
1.3704E-02   -1.5510E-03   
1.7526E-02   -1.5938E-03   
1.3582E-02   -1.2207E-03   
1.3928E-02   -1.6004E-03   
6.1108E-03   -5.6584E-03   
1.4745E-02   -1.5175E-03   
1.5796E-02   -1.4513E-03   
1.3694E-02   -1.2741E-03   
8.2329E-03   -6.3711E-03   
6.7323E-03   -5.8008E-03   
7.4815E-03   -5.8007E-03   
1.8023E-02   -1.3385E-03   
2.3659E-02   -1.1465E-03   
7.9128E-03   -6.2351E-03   
1.6309E-02   -1.5155E-03   
1.8105E-02   -1.6813E-03   
1.9393E-02   -2.0955E-03   
8.2242E-03   -6.8209E-03   
8.3801E-03   -7.0910E-03   
1.9161E-02   -1.8398E-03   
2.3930E-02   -7.8720E-04   
2.2108E-02   -1.4626E-03   
6.4575E-03   -8.7456E-03   
6.7238E-03   -6.4266E-03   
7.1564E-03   -4.3134E-03   
6.6443E-03   -4.5813E-03   
1.1302E-02   -2.2074E-03   
1.3036E-02   -1.4515E-03   
1.0730E-02   -2.4784E-03   
8.2980E-03   -3.7093E-03   
6.2821E-03   -4.8061E-03   
1.0134E-02   -2.7694E-03   
6.1327E-03   -5.1019E-03   
8.9040E-03   -3.3926E-03   
5.7521E-03   -5.4778E-03   
9.5195E-03   -3.0771E-03   
1.1870E-02   -1.9480E-03   
6.4249E-03   -4.7950E-03   
1.3066E-02   -1.7693E-03   
1.3504E-02   -1.2932E-03   
1.2432E-02   -1.7014E-03   
1.3287E-02   -1.4916E-03   
1.3385E-02   -1.7594E-03   
1.4163E-02   -1.6613E-03   
8.8085E-03   -5.9821E-03   
6.9813E-03   -5.5132E-03   
7.7689E-03   -5.8805E-03   
7.2224E-03   -5.7304E-03   
1.6668E-02   -1.8352E-03   
2.2001E-02   -1.6630E-03   
8.5815E-03   -7.5490E-03   
6.4781E-03   -5.3433E-03   
7.4996E-03   -6.1609E-03   
1.6077E-02   -1.7868E-03   
1.8698E-02   -1.7024E-03   
2.4203E-02   -9.0956E-04   
2.2977E-02   -1.4951E-03   
1.9640E-02   -2.3049E-03   
9.3565E-03   -6.8010E-03   
7.2859E-03   -8.7425E-03   
1.5498E-02   -1.7418E-03   
5.8499E-03   -8.7152E-03   
1.1082E-02   -2.3622E-03   
1.3145E-02   -1.4693E-03   
1.1653E-02   -2.0958E-03   
1.0491E-02   -2.6472E-03   
8.6039E-03   -3.6014E-03   
6.8094E-03   -4.5406E-03   
5.2996E-03   -5.7437E-03   
6.2292E-03   -5.1756E-03   
1.2218E-02   -1.8414E-03   
6.5972E-03   -4.7952E-03   
1.2845E-02   -1.7405E-03   
7.7105E-03   -4.0203E-03   
9.2365E-03   -3.2746E-03   
8.4284E-03   -5.8072E-03   
7.8613E-03   -5.4839E-03   
1.3505E-02   -1.8481E-03   
7.4329E-03   -5.4849E-03   
6.3030E-03   -5.2791E-03   
6.7242E-03   -5.3599E-03   
6.6490E-03   -5.5184E-03   
8.3411E-03   -5.5184E-03   
9.0510E-03   -6.1822E-03   
1.7286E-02   -1.8999E-03   
2.1249E-02   -1.9032E-03   
1.5834E-02   -2.0745E-03   
1.2299E-02   -2.0468E-03   
1.4687E-02   -2.0139E-03   
1.8023E-02   -1.9744E-03   
9.5021E-03   -7.2567E-03   
7.8167E-03   -7.7771E-03   
1.5267E-02   -2.0322E-03   
1.9372E-02   -1.5471E-03   
9.8570E-03   -6.8848E-03   
8.9490E-03   -6.7186E-03   
2.0519E-02   -2.2299E-03   
1.8735E-02   -2.4054E-03   
1.1449E-02   -2.2546E-03   
1.0891E-02   -2.5235E-03   
1.2645E-02   -1.7193E-03   
6.7428E-03   -4.8428E-03   
1.2693E-02   -1.6316E-03   
1.2012E-02   -1.9954E-03   
1.0278E-02   -2.8276E-03   
7.0215E-03   -4.5007E-03   
8.9504E-03   -3.4938E-03   
9.6099E-03   -3.1595E-03   
8.5992E-03   -5.1746E-03   
8.1446E-03   -5.1748E-03   
7.3806E-03   -4.2449E-03   
6.8101E-03   -5.0855E-03   
6.8004E-03   -4.9583E-03   
7.1546E-03   -5.0484E-03   
7.9832E-03   -3.9278E-03   
1.3866E-02   -1.9092E-03   
1.1859E-02   -2.3561E-03   
1.4478E-02   -2.2970E-03   
7.2692E-03   -5.1982E-03   
1.3997E-02   -2.0960E-03   
9.7147E-03   -6.4350E-03   
1.6400E-02   -2.1364E-03   
9.7443E-03   -5.7670E-03   
7.6588E-03   -7.1718E-03   
1.0440E-02   -6.9336E-03   
1.2961E-02   -2.1591E-03   
1.5012E-02   -2.3285E-03   
9.2208E-03   -5.3304E-03   
1.0255E-02   -6.5130E-03   
9.0680E-03   -7.6532E-03   
1.9033E-02   -2.6075E-03   
2.1480E-02   -2.1584E-03   
1.1292E-02   -2.3959E-03   
1.1812E-02   -2.1605E-03   
8.3075E-03   -3.8288E-03   
7.3201E-03   -4.7934E-03   
9.3362E-03   -3.3902E-03   
8.0217E-03   -4.8673E-03   
7.3227E-03   -4.4551E-03   
1.2120E-02   -2.4178E-03   
7.6633E-03   -4.1692E-03   
7.4394E-03   -4.5623E-03   
1.4399E-02   -1.6988E-03   
1.0044E-02   -3.0442E-03   
1.2320E-02   -1.9271E-03   
8.4395E-03   -4.8532E-03   
1.4217E-02   -2.5970E-03   
8.8891E-03   -4.8466E-03   
1.4031E-02   -2.2828E-03   
6.9317E-03   -7.4046E-03   
1.1213E-02   -6.9314E-03   
1.5545E-02   -2.3828E-03   
8.1133E-03   -7.9180E-03   
1.0268E-02   -5.0382E-03   
1.0001E-02   -6.0267E-03   
1.3187E-02   -2.2867E-03   
1.6981E-02   -2.2181E-03   
9.6068E-03   -7.7725E-03   
1.0453E-02   -5.3218E-03   
1.0676E-02   -6.1114E-03   
1.0124E-02   -7.3271E-03   
1.8088E-02   -2.7374E-03   
9.0560E-03   -5.1602E-03   
2.2498E-02   -2.0613E-03   
8.6761E-03   -3.7259E-03   
8.7479E-03   -4.5166E-03   
1.0817E-02   -2.6657E-03   
8.0356E-03   -4.0631E-03   
1.1311E-02   -2.6938E-03   
9.3545E-03   -4.8556E-03   
7.7115E-03   -4.8681E-03   
1.5230E-02   -2.7078E-03   
9.7359E-03   -3.3055E-03   
9.1885E-03   -4.5074E-03   
7.8681E-03   -4.2477E-03   
1.2350E-02   -2.5275E-03   
1.4716E-02   -2.6452E-03   
1.1547E-02   -2.3639E-03   
7.8114E-03   -4.6692E-03   
1.3367E-02   -2.4446E-03   
8.4605E-03   -6.5114E-03   
9.7869E-03   -4.9168E-03   
1.0692E-02   -5.5490E-03   
1.1102E-02   -5.6955E-03   
1.1318E-02   -6.2254E-03   
1.2233E-02   -6.5028E-03   
1.8420E-02   -2.9802E-03   
8.9879E-03   -8.2080E-03   
1.6616E-02   -2.5479E-03   
2.3193E-02   -1.7578E-03   
9.0565E-03   -3.6381E-03   
8.4217E-03   -3.9598E-03   
1.0537E-02   -2.9459E-03   
9.4940E-03   -4.1654E-03   
1.1516E-02   -2.7964E-03   
1.3625E-02   -2.5970E-03   
1.2572E-02   -2.6596E-03   
9.6668E-03   -4.5039E-03   
1.4415E-02   -2.9758E-03   
1.3918E-02   -2.9173E-03   
1.7196E-02   -2.8352E-03   
1.5759E-02   -2.7906E-03   
1.2066E-02   -5.3725E-03   
1.1375E-02   -5.1322E-03   
8.3003E-03   -4.5606E-03   
1.7496E-02   -2.3417E-03   
1.9852E-02   -2.4805E-03   
1.7456E-02   -3.4235E-03   
1.2279E-02   -6.1668E-03   
1.2262E-02   -6.8467E-03   
1.2410E-02   -5.8165E-03   
1.0696E-02   -4.5850E-03   
1.0074E-02   -7.9478E-03   
2.3465E-02   -1.9683E-03   
8.7743E-03   -3.8993E-03   
1.1213E-02   -2.6004E-03   
8.4518E-03   -4.3073E-03   
1.0044E-02   -3.2793E-03   
1.3519E-02   -3.3188E-03   
1.0644E-02   -3.1046E-03   
9.4286E-03   -3.5801E-03   
1.1739E-02   -2.9226E-03   
9.9642E-03   -4.1478E-03   
1.2935E-02   -2.9771E-03   
1.0502E-02   -4.1370E-03   
1.3116E-02   -3.1585E-03   
1.7841E-02   -2.5189E-03   
1.4933E-02   -3.0375E-03   
1.6338E-02   -2.8971E-03   
2.0551E-02   -2.5235E-03   
1.1191E-02   -4.8966E-03   
1.7098E-02   -2.6254E-03   
1.1144E-02   -4.6562E-03   
1.6501E-02   -3.1607E-03   
9.0818E-03   -4.1457E-03   
1.1171E-02   -4.1250E-03   
1.2718E-02   -5.4304E-03   
1.6547E-02   -3.4446E-03   
1.8442E-02   -3.2552E-03   
1.1518E-02   -5.3415E-03   
1.3112E-02   -5.8142E-03   
1.3016E-02   -6.4312E-03   
9.3618E-03   -8.3547E-03   
9.1126E-03   -3.8956E-03   
1.0779E-02   -3.7684E-03   
9.8777E-03   -3.4943E-03   
1.0935E-02   -3.1877E-03   
1.1867E-02   -4.5065E-03   
1.0237E-02   -3.8110E-03   
1.2566E-02   -3.5478E-03   
1.4234E-02   -3.2593E-03   
1.3913E-02   -6.1967E-03   
1.5762E-02   -3.4850E-03   
8.1502E-03   -4.2079E-03   
1.1716E-02   -4.2485E-03   
1.5419E-02   -3.1290E-03   
1.2015E-02   -3.0377E-03   
1.2241E-02   -3.3803E-03   
1.3080E-02   -5.0314E-03   
9.1211E-03   -8.6935E-03   
1.3413E-02   -5.4753E-03   
1.6490E-02   -3.7193E-03   
1.9087E-02   -3.0221E-03   
1.2802E-02   -2.7986E-03   
7.9363E-03   -4.4463E-03   
9.7784E-03   -3.8767E-03   
1.1351E-02   -3.7556E-03   
1.0343E-02   -3.5587E-03   
1.4586E-02   -3.3786E-03   
1.1624E-02   -3.4019E-03   
1.2000E-02   -3.8941E-03   
1.0305E-02   -3.4106E-03   
1.5842E-02   -4.0708E-03   
9.7426E-03   -3.7275E-03   
1.9895E-02   -2.8990E-03   
1.5713E-02   -3.7949E-03   
1.2374E-02   -4.9562E-03   
1.1862E-02   -3.7396E-03   
1.4536E-02   -5.7825E-03   
8.0916E-03   -9.0716E-03   
1.2321E-02   -3.1157E-03   
1.2993E-02   -4.4953E-03   
1.3725E-02   -3.5889E-03   
1.4112E-02   -3.7967E-03   
1.3541E-02   -4.6007E-03   
1.6127E-02   -4.3170E-03   
1.2426E-02   -4.1788E-03   
1.4168E-02   -5.5396E-03   
1.4865E-02   -5.9659E-03   
1.3941E-02   -4.1846E-03   
1.2650E-02   -4.3405E-03   
1.5744E-02   -5.9367E-03   
1.4114E-02   -4.7173E-03   
1.5823E-02   -3.2269E-03   
1.7229E-02   -4.1051E-03   
1.5106E-02   -4.4881E-03   
1.3167E-02   -3.9791E-03   
1.4891E-02   -3.8259E-03   
1.3704E-02   -5.1054E-03   
1.5299E-02   -4.7486E-03   
1.8077E-02   -3.6212E-03   
1.6678E-02   -5.4690E-03   
1.4521E-02   -4.8387E-03   
1.3372E-02   -4.1583E-03   
1.5259E-02   -5.0876E-03   
1.6125E-02   -5.0743E-03   
1.7239E-02   -4.6946E-03   
1.7640E-02   -4.2949E-03   
1.6929E-02   -5.1064E-03   
8.3085E-04   -1.0782E-02   
1.5166E-02   -5.4022E-03   
1.4299E-02   -6.4028E-03   
2.4927E-02   -9.0120E-04   
1.8744E-03   -9.0458E-03   
2.7195E-02   -1.3440E-04   
2.4442E-02   -1.8719E-03   
1.5095E-03   -1.0906E-02   
7.2241E-03   -9.0934E-03   
1.7035E-02   -5.6743E-03   
2.5347E-02   -4.7997E-04   
2.3070E-03   -1.0811E-02   
8.1138E-03   -8.4087E-03   
3.2761E-03   -1.0676E-02   
4.2661E-03   -1.0528E-02   
5.2543E-03   -1.0352E-02   
6.2739E-03   -1.0149E-02   
2.8065E-02   -1.2298E-04   
7.3151E-03   -9.9261E-03   
8.4073E-03   -9.6696E-03   
2.3808E-02   -1.5269E-03   
9.5333E-03   -9.4042E-03   
2.8962E-02   -1.1853E-04   
1.0677E-02   -9.1258E-03   
1.1853E-02   -8.8361E-03   
1.8228E-02   -3.9298E-03   
1.3181E-02   -8.4899E-03   
2.9905E-02   -1.0992E-04   
2.0751E-02   -1.8007E-03   
1.4242E-02   -8.3281E-03   
1.0640E-02   -6.6257E-03   
5.4949E-03   -9.6087E-03   
2.3980E-02   -1.3310E-03   
1.5477E-02   -7.9277E-03   
1.6865E-02   -7.6439E-03   
3.0878E-02   -9.7322E-05   
1.8158E-02   -7.3531E-03   
1.1259E-02   -7.6819E-03   
1.9595E-02   -7.0004E-03   
2.0715E-02   -6.8368E-03   
3.1886E-02   -8.4548E-05   
2.2012E-02   -6.4270E-03   
2.3477E-02   -6.0808E-03   
2.4260E-03   -1.0273E-02   
2.4850E-02   -5.7091E-03   
3.3048E-02   -7.6432E-05   
2.5697E-02   -2.9938E-04   
1.2031E-02   -7.2335E-03   
2.6337E-02   -5.2404E-03   
2.7757E-02   -4.8191E-03   
2.2801E-02   -2.2371E-03   
3.4341E-02   -4.1451E-05   
2.0796E-02   -2.7553E-03   
1.9150E-02   -3.2451E-03   
3.0551E-02   -3.7765E-03   
3.5731E-02   -5.9947E-04   
3.5987E-02   -5.9748E-04   
3.5848E-02   -1.7015E-04   
3.5956E-02   -7.1102E-05   
3.5766E-02   -3.8090E-04   
9.8144E-03   -8.7503E-03   
3.3675E-02   -2.1862E-03   
2.8104E-03   -1.0473E-02   
2.1500E-02   -2.8055E-03   
2.0249E-02   -3.1385E-03   
4.9430E-03   -9.9459E-03   
1.8973E-02   -3.9153E-03   
6.3828E-03   -9.4420E-03   
2.5599E-02   -7.5865E-04   
1.7895E-02   -4.7557E-03   
2.5115E-02   -1.5774E-03   
7.0851E-03   -9.4592E-03   
1.2607E-02   -7.3715E-03   
4.8624E-03   -1.0193E-02   
1.3938E-02   -6.8651E-03   
6.9141E-03   -9.7775E-03   
2.2577E-02   -2.5099E-03   
2.4445E-02   -5.4880E-03   
1.7783E-02   -7.1271E-03   
9.1444E-03   -9.2111E-03   
1.1588E-02   -7.8942E-03   
1.1449E-02   -8.6436E-03   
1.1176E-02   -8.3599E-03   
2.9400E-02   -2.3102E-04   
1.8269E-02   -5.4257E-03   
2.6112E-02   -4.2927E-04   
2.4744E-02   -2.0448E-03   
2.7668E-02   -2.3934E-04   
3.2905E-02   -1.6497E-04   
1.6232E-02   -6.1259E-03   
2.0044E-02   -6.5677E-03   
2.4376E-02   -1.0163E-03   
2.4720E-02   -1.3819E-03   
1.8311E-02   -4.1154E-03   
1.3316E-02   -6.5495E-03   
3.5121E-02   -1.6589E-05   
2.9208E-02   -4.3008E-03   
1.3543E-02   -8.0801E-03   
2.6665E-02   -4.8151E-03   
3.6030E-02   -4.0502E-04   
3.6193E-02   -3.7278E-05   
3.6139E-02   -1.0455E-04   
3.6070E-02   -2.4476E-04   
2.2160E-02   -6.0116E-03   
1.5572E-02   -7.4969E-03   
3.1319E-02   -1.8252E-04   
3.1804E-02   -2.7455E-03   
3.4492E-02   -1.2089E-04   
3.3513E-02   -1.9969E-03   
3.4266E-02   -8.7689E-04   
3.4652E-02   -1.6880E-04   
3.4479E-02   -3.7755E-04   
3.4051E-02   -1.3647E-03   
2.2387E-02   -2.8382E-03   
1.7505E-02   -6.8866E-03   
2.5873E-02   -5.8888E-04   
2.6760E-02   -4.9354E-04   
2.8873E-02   -3.6811E-04   
3.1370E-03   -1.0199E-02   
1.5851E-02   -6.5780E-03   
2.0046E-02   -3.5633E-03   
1.2181E-02   -8.2243E-03   
2.5764E-02   -9.3182E-04   
3.0773E-02   -3.0071E-04   
2.8739E-02   -4.1827E-03   
8.8303E-03   -9.0399E-03   
1.6558E-02   -7.0871E-03   
1.3173E-02   -7.9375E-03   
1.9758E-02   -6.3719E-03   
1.4687E-02   -6.8552E-03   
2.3462E-02   -5.5154E-03   
1.9020E-02   -4.5414E-03   
1.4441E-02   -7.5987E-03   
2.4431E-02   -2.3550E-03   
2.5438E-02   -1.7699E-03   
2.1065E-02   -6.0841E-03   
1.9187E-02   -4.9047E-03   
3.1866E-02   -2.5576E-04   
1.8647E-02   -5.6949E-03   
2.9821E-02   -3.3338E-04   
1.3715E-02   -7.2622E-03   
2.5464E-02   -1.1579E-03   
1.8616E-02   -6.6352E-03   
1.9744E-02   -4.0221E-03   
2.7774E-02   -3.9494E-04   
2.5759E-02   -1.3077E-03   
3.2853E-02   -1.3361E-03   
3.3397E-02   -2.9027E-04   
3.3196E-02   -6.0867E-04   
3.3592E-02   -1.6875E-04   
2.3322E-02   -2.5419E-03   
3.0013E-02   -3.4652E-03   
3.2085E-02   -2.2758E-03   
3.4415E-02   -3.1299E-04   
3.4125E-02   -1.1689E-03   
3.4159E-02   -6.0662E-04   
3.4019E-02   -7.3317E-04   
1.8277E-02   -6.4123E-03   
1.3733E-02   -7.5465E-03   
3.1124E-02   -3.8786E-04   
2.7697E-02   -4.3984E-03   
1.5887E-02   -7.0086E-03   
1.9483E-02   -5.1947E-03   
1.7885E-02   -6.2013E-03   
2.6482E-02   -1.6525E-03   
2.7392E-02   -5.7132E-04   
2.2470E-02   -5.5723E-03   
2.9339E-02   -4.5806E-04   
3.3078E-02   -8.1847E-04   
3.3500E-02   -4.2045E-04   
2.6760E-02   -1.2076E-03   
2.2207E-02   -3.1930E-03   
2.6702E-02   -8.7037E-04   
2.1011E-02   -3.5842E-03   
3.2786E-02   -1.0763E-03   
3.0435E-02   -2.8637E-03   
2.5324E-02   -2.3226E-03   
2.4800E-02   -5.0039E-03   
2.0111E-02   -4.4450E-03   
1.6819E-02   -6.4957E-03   
2.0559E-02   -5.8904E-03   
2.4644E-02   -2.5715E-03   
3.2833E-02   -2.5884E-04   
2.9763E-02   -3.3125E-03   
3.2272E-02   -1.8031E-03   
2.2713E-02   -5.1083E-03   
2.1341E-02   -4.2661E-03   
2.4474E-02   -2.8707E-03   
2.6343E-02   -2.1603E-03   
2.1362E-02   -5.4069E-03   
1.9038E-02   -5.9307E-03   
3.1462E-02   -4.6193E-04   
2.9055E-02   -3.3779E-03   
2.9424E-02   -6.0516E-04   
3.0540E-02   -5.3109E-04   
2.0195E-02   -5.6717E-03   
2.7388E-02   -9.4796E-04   
2.7466E-02   -7.3055E-04   
2.7143E-02   -1.3661E-03   
1.9933E-02   -4.2488E-03   
2.0596E-02   -4.9859E-03   
2.6898E-02   -1.8109E-03   
2.5128E-02   -4.5821E-03   
2.3164E-02   -3.2036E-03   
2.2016E-02   -3.5625E-03   
2.1238E-02   -4.6105E-03   
2.5555E-02   -2.6991E-03   
2.6238E-02   -2.4273E-03   
2.5795E-02   -4.9045E-03   
2.7536E-02   -1.5123E-03   
2.0968E-02   -5.1989E-03   
3.2370E-02   -3.8498E-04   
2.8349E-02   -7.5860E-04   
2.7762E-02   -1.1177E-03   
2.7601E-02   -3.9048E-03   
2.9098E-02   -8.0769E-04   
2.1955E-02   -3.8575E-03   
2.3890E-02   -3.2445E-03   
2.6474E-02   -2.6201E-03   
2.1666E-02   -4.7533E-03   
2.8825E-02   -1.0108E-03   
2.9705E-02   -2.8886E-03   
2.7355E-02   -1.9058E-03   
2.8578E-02   -1.3641E-03   
2.7082E-02   -4.3999E-03   
3.0995E-02   -6.0334E-04   
2.2651E-02   -3.9128E-03   
2.3838E-02   -3.5280E-03   
3.2774E-02   -4.4351E-04   
2.8264E-02   -1.7717E-03   
3.1591E-02   -6.5181E-04   
2.2817E-02   -4.4671E-03   
2.9031E-02   -1.1526E-03   
3.0465E-02   -7.7478E-04   
2.8966E-02   -1.4716E-03   
2.4870E-02   -3.4570E-03   
2.9639E-02   -8.5149E-04   
2.6078E-02   -3.0324E-03   
2.7840E-02   -2.3093E-03   
2.9811E-02   -1.1646E-03   
2.8302E-02   -2.4753E-03   
2.3219E-02   -4.6402E-03   
2.7039E-02   -2.9662E-03   
2.3603E-02   -3.9512E-03   
2.5823E-02   -3.4080E-03   
3.0722E-02   -8.8101E-04   
3.2635E-02   -5.9344E-04   
2.9081E-02   -2.4541E-03   
2.8043E-02   -2.8524E-03   
3.1022E-02   -9.7773E-04   
2.4029E-02   -4.1983E-03   
2.5381E-02   -3.8562E-03   
3.0496E-02   -1.1776E-03   
3.0235E-02   -2.1801E-03   
2.7950E-02   -3.1808E-03   
3.2074E-02   -8.0405E-04   
3.0456E-02   -1.3326E-03   
3.0169E-02   -2.4712E-03   
3.2549E-02   -8.3889E-04   
2.9039E-02   -2.9196E-03   
2.9353E-02   -1.5740E-03   
2.8653E-02   -1.9062E-03   
2.9168E-02   -2.0109E-03   
3.0457E-02   -1.6877E-03   
