51 
1844 
4.1924E-03   -4.6404E-03   
7.9741E-03   -3.9277E-03   
1.0970E-02   -2.8351E-03   
1.2894E-02   -1.4805E-03   
6.7904E-37   -4.8638E-03   
1.3543E-02   -3.4937E-37   
1.3846E-02   -6.4323E-35   
1.4342E-02   -6.3204E-37   
1.5431E-02   2.6792E-35   
1.6417E-02   3.9388E-35   
1.7670E-02   8.3629E-35   
1.9199E-02   1.1530E-34   
2.0375E-02   1.3958E-34   
2.2377E-02   2.1227E-34   
2.3868E-02   2.5742E-34   
2.5481E-02   2.2557E-34   
2.6332E-02   3.4949E-34   
2.8118E-02   5.1786E-34   
3.0013E-02   7.5383E-34   
3.1000E-02   -4.6392E-30   
3.1000E-02   -4.0058E-34   
3.1000E-02   -4.0058E-34   
3.1000E-02   -4.0058E-34   
3.1000E-02   -4.0058E-34   
3.1000E-02   -4.0058E-34   
3.1000E-02   -4.0058E-34   
3.1000E-02   -4.0058E-34   
3.1000E-02   -4.0058E-34   
3.1000E-02   -4.0058E-34   
3.1000E-02   -4.0058E-34   
3.1000E-02   -4.0058E-34   
3.1000E-02   -4.0058E-34   
2.9125E-02   -1.3417E-03   
2.6069E-02   -3.0622E-03   
2.4780E-02   -3.6541E-03   
2.3550E-02   -4.1424E-03   
2.1181E-02   -4.9286E-03   
2.0026E-02   -5.2577E-03   
1.7756E-02   -5.8371E-03   
1.6641E-02   -6.1022E-03   
1.4446E-02   -6.6068E-03   
1.2312E-02   -7.0950E-03   
1.1272E-02   -7.3378E-03   
9.2580E-03   -7.8140E-03   
7.3446E-03   -8.2681E-03   
6.4287E-03   -8.4796E-03   
4.6808E-03   -8.8561E-03   
3.0379E-03   -9.1444E-03   
1.4849E-03   -9.3234E-03   
9.4286E-37   -9.3772E-03   
7.5559E-34   -8.8840E-03   
7.9502E-34   -8.4132E-03   
7.4907E-34   -7.7884E-03   
7.1014E-34   -7.4296E-03   
6.2523E-34   -6.8447E-03   
5.7036E-34   -6.5116E-03   
5.1375E-34   -6.1869E-03   
4.6686E-34   -5.9250E-03   
4.5670E-34   -5.6959E-03   
3.1776E-03   -4.9530E-03   
2.9786E-02   -1.1869E-04   
2.8513E-02   -2.4811E-04   
2.6672E-02   -4.2896E-04   
2.5163E-02   -5.8346E-04   
2.3701E-02   -7.7586E-04   
2.2055E-02   -8.9058E-04   
2.0706E-02   -9.3757E-04   
1.9039E-02   -1.0819E-03   
1.7386E-02   -1.1709E-03   
1.5741E-02   -1.2492E-03   
1.4110E-02   -1.3190E-03   
1.2410E-02   -1.4306E-03   
1.0663E-02   -1.7137E-03   
8.2743E-03   -2.4731E-03   
5.8400E-03   -3.6573E-03   
8.6678E-03   -2.8816E-03   
1.0334E-02   -1.4341E-03   
1.1950E-02   -9.0869E-04   
1.3479E-02   -7.6918E-04   
1.4948E-02   -7.5019E-04   
1.6345E-02   -7.5719E-04   
1.7941E-02   -6.9471E-04   
1.9425E-02   -6.4434E-04   
2.0807E-02   -5.7931E-04   
2.2233E-02   -5.8325E-04   
2.3785E-02   -4.6208E-04   
2.5279E-02   -3.6446E-04   
2.6739E-02   -2.9342E-04   
2.8286E-02   -1.7051E-04   
2.9629E-02   -7.1913E-05   
1.2684E-02   -6.4134E-04   
1.3463E-02   -3.0336E-04   
1.4352E-02   -2.8512E-04   
1.5583E-02   -2.9272E-04   
1.6762E-02   -2.9805E-04   
1.8214E-02   -3.1397E-04   
1.9512E-02   -3.2234E-04   
2.0801E-02   -3.1526E-04   
2.2461E-02   -2.5344E-04   
2.3849E-02   -2.0491E-04   
2.5419E-02   -1.7596E-04   
2.6963E-02   -1.2700E-04   
2.8471E-02   -8.3340E-05   
2.9856E-02   -2.7205E-05   
2.9558E-02   -1.8435E-04   
2.8180E-02   -3.8888E-04   
2.6493E-02   -6.5257E-04   
2.4935E-02   -8.1563E-04   
2.3587E-02   -1.0484E-03   
2.1894E-02   -1.2358E-03   
2.0224E-02   -1.4049E-03   
1.8641E-02   -1.5366E-03   
1.6995E-02   -1.6969E-03   
1.5452E-02   -1.8368E-03   
1.3474E-02   -2.0564E-03   
1.1360E-02   -2.3810E-03   
9.2857E-03   -2.8281E-03   
7.1125E-03   -3.4732E-03   
4.6825E-03   -4.4698E-03   
2.3291E-03   -5.4241E-03   
2.9470E-02   -2.7341E-04   
2.8300E-02   -4.9676E-04   
2.6294E-02   -8.8491E-04   
2.4979E-02   -1.1283E-03   
2.3409E-02   -1.3716E-03   
2.1521E-02   -1.6854E-03   
1.9851E-02   -1.8570E-03   
1.8230E-02   -2.0385E-03   
1.6324E-02   -2.3023E-03   
1.4539E-02   -2.5933E-03   
1.2648E-02   -2.9091E-03   
1.0661E-02   -3.2012E-03   
8.5265E-03   -3.7913E-03   
6.4474E-03   -4.3516E-03   
4.1905E-03   -5.1480E-03   
1.9971E-03   -5.8413E-03   
2.9898E-02   -2.3902E-04   
2.7777E-02   -7.4676E-04   
2.6569E-02   -1.0107E-03   
2.5096E-02   -1.3600E-03   
2.2896E-02   -1.8048E-03   
2.1331E-02   -2.1013E-03   
1.9704E-02   -2.3441E-03   
1.7780E-02   -2.6667E-03   
1.6026E-02   -2.9822E-03   
1.4133E-02   -3.2464E-03   
1.2349E-02   -3.5529E-03   
1.0114E-02   -3.9587E-03   
7.9474E-03   -4.6419E-03   
5.9250E-03   -5.1313E-03   
4.0263E-03   -5.7482E-03   
1.9798E-03   -6.2388E-03   
2.9219E-02   -4.8891E-04   
2.7975E-02   -8.6066E-04   
2.6470E-02   -1.3051E-03   
2.4953E-02   -1.7334E-03   
2.2754E-02   -2.2463E-03   
2.0987E-02   -2.5667E-03   
1.9192E-02   -2.9777E-03   
1.7472E-02   -3.3478E-03   
1.5420E-02   -3.6269E-03   
1.3751E-02   -3.8715E-03   
1.2052E-02   -4.3049E-03   
9.7993E-03   -4.8388E-03   
7.5999E-03   -5.4009E-03   
5.6767E-03   -5.8806E-03   
3.6309E-03   -6.3734E-03   
1.8963E-03   -6.6888E-03   
2.9595E-02   -5.1741E-04   
2.7905E-02   -1.1405E-03   
2.6520E-02   -1.5654E-03   
2.4351E-02   -2.2471E-03   
2.2442E-02   -2.8169E-03   
2.0738E-02   -3.1616E-03   
1.8624E-02   -3.6231E-03   
1.7039E-02   -3.9597E-03   
1.4982E-02   -4.2876E-03   
1.3189E-02   -4.6348E-03   
1.1158E-02   -5.0821E-03   
9.5016E-03   -5.5011E-03   
7.5072E-03   -6.0150E-03   
5.5302E-03   -6.4780E-03   
3.6123E-03   -6.9011E-03   
1.6983E-03   -7.2048E-03   
2.9356E-02   -6.9761E-04   
2.7503E-02   -1.4524E-03   
2.6208E-02   -1.9177E-03   
2.3692E-02   -2.8266E-03   
2.2168E-02   -3.2741E-03   
2.0436E-02   -3.7611E-03   
1.8537E-02   -4.1342E-03   
1.6619E-02   -4.5579E-03   
1.4491E-02   -5.0369E-03   
1.2713E-02   -5.4020E-03   
1.0968E-02   -5.7598E-03   
9.1514E-03   -6.1990E-03   
7.1532E-03   -6.7562E-03   
5.4523E-03   -7.0775E-03   
3.5268E-03   -7.4761E-03   
1.7505E-03   -7.7079E-03   
2.9498E-02   -8.2946E-04   
2.7911E-02   -1.6000E-03   
2.5781E-02   -2.4740E-03   
2.3918E-02   -3.2507E-03   
2.1902E-02   -3.7321E-03   
1.9955E-02   -4.2368E-03   
1.8102E-02   -4.7151E-03   
1.6246E-02   -5.1600E-03   
1.4391E-02   -5.5948E-03   
1.2351E-02   -5.9771E-03   
1.0547E-02   -6.5363E-03   
8.6549E-03   -6.9114E-03   
6.9536E-03   -7.2588E-03   
5.1847E-03   -7.6740E-03   
3.3630E-03   -8.0489E-03   
1.8688E-03   -8.2003E-03   
2.9060E-02   -1.2584E-03   
2.7122E-02   -2.3734E-03   
2.5508E-02   -3.0092E-03   
2.2991E-02   -3.9348E-03   
2.1469E-02   -4.3845E-03   
1.9356E-02   -4.9545E-03   
1.7522E-02   -5.4438E-03   
1.5888E-02   -5.7424E-03   
1.3922E-02   -6.1760E-03   
1.2065E-02   -6.6979E-03   
1.0508E-02   -7.0175E-03   
8.6228E-03   -7.4773E-03   
6.6818E-03   -7.9247E-03   
4.9515E-03   -8.2736E-03   
3.2980E-03   -8.5729E-03   
1.4754E-03   -8.8677E-03   
5.2650E-04   -4.8802E-03   
1.0596E-03   -4.8704E-03   
1.5900E-03   -4.8516E-03   
2.1188E-03   -4.8254E-03   
2.6442E-03   -4.7912E-03   
3.1657E-03   -4.7488E-03   
3.6820E-03   -4.6983E-03   
4.6961E-03   -4.5753E-03   
5.1924E-03   -4.5032E-03   
5.6807E-03   -4.4240E-03   
6.1600E-03   -4.3380E-03   
6.6298E-03   -4.2452E-03   
7.0892E-03   -4.1458E-03   
7.5375E-03   -4.0399E-03   
8.3981E-03   -3.8095E-03   
8.8088E-03   -3.6855E-03   
9.2057E-03   -3.5562E-03   
9.5892E-03   -3.4216E-03   
9.9578E-03   -3.2823E-03   
1.0312E-02   -3.1376E-03   
1.0649E-02   -2.9884E-03   
1.1274E-02   -2.6779E-03   
1.1561E-02   -2.5167E-03   
1.1830E-02   -2.3517E-03   
1.2081E-02   -2.1833E-03   
1.2313E-02   -2.0117E-03   
1.2526E-02   -1.8372E-03   
1.2720E-02   -1.6601E-03   
1.3048E-02   -1.2987E-03   
1.3182E-02   -1.1146E-03   
1.3295E-02   -9.2832E-04   
1.3380E-02   -7.4046E-04   
1.3466E-02   -5.5600E-04   
1.3505E-02   -3.7333E-04   
1.3545E-02   -1.8125E-04   
1.3632E-02   -3.1872E-34   
1.3681E-02   -2.9656E-34   
1.3721E-02   -2.1931E-34   
1.3758E-02   -1.1594E-34   
1.3798E-02   -8.6872E-35   
1.3908E-02   -4.6012E-35   
1.3986E-02   -3.1105E-35   
1.4083E-02   -1.8956E-35   
1.4201E-02   -8.9630E-36   
1.4508E-02   6.3408E-36   
1.4698E-02   1.2208E-35   
1.4915E-02   1.7310E-35   
1.5159E-02   2.2069E-35   
1.5731E-02   3.1056E-35   
1.6059E-02   3.5280E-35   
1.6804E-02   4.3952E-35   
1.7222E-02   4.8639E-35   
1.8149E-02   8.8071E-35   
1.8658E-02   6.6210E-35   
1.9771E-02   1.2471E-34   
2.1011E-02   1.6147E-34   
2.1678E-02   1.8229E-34   
2.3107E-02   2.1969E-34   
2.4660E-02   2.9367E-34   
2.7211E-02   4.3883E-34   
2.9052E-02   4.5945E-34   
3.1000E-02   -4.0058E-34   
3.1000E-02   -4.0058E-34   
3.1000E-02   -4.0058E-34   
3.1000E-02   -4.0058E-34   
3.1000E-02   -4.0058E-34   
2.7458E-02   -2.3526E-03   
2.2355E-02   -4.5617E-03   
1.8885E-02   -5.5575E-03   
1.5537E-02   -6.3579E-03   
1.3371E-02   -6.8522E-03   
1.0253E-02   -7.5773E-03   
8.2880E-03   -8.0453E-03   
5.5407E-03   -8.6766E-03   
3.8469E-03   -9.0119E-03   
2.2508E-03   -9.2481E-03   
7.3780E-04   -9.3701E-03   
5.5988E-34   -9.1308E-03   
7.8586E-34   -8.6438E-03   
7.7016E-34   -8.1935E-03   
1.1216E-33   -7.9853E-03   
1.1322E-33   -7.6032E-03   
6.9367E-34   -7.2671E-03   
6.7485E-34   -7.1157E-03   
6.4893E-34   -6.9751E-03   
6.0561E-34   -6.7243E-03   
5.8723E-34   -6.6134E-03   
5.5608E-34   -6.4185E-03   
5.4201E-34   -6.3337E-03   
5.2719E-34   -6.2567E-03   
5.0203E-34   -6.1237E-03   
4.9141E-34   -6.0666E-03   
4.8194E-34   -6.0149E-03   
4.7374E-34   -5.9680E-03   
4.6132E-34   -5.8851E-03   
4.5716E-34   -5.8473E-03   
4.5450E-34   -5.8107E-03   
4.5349E-34   -5.7742E-03   
4.5421E-34   -5.7363E-03   
4.6083E-34   -5.6512E-03   
4.6636E-34   -5.6006E-03   
4.7407E-34   -5.5420E-03   
4.8436E-34   -5.4737E-03   
5.0051E-34   -5.3938E-03   
7.8871E-34   -5.2968E-03   
7.9515E-34   -5.1835E-03   
6.5281E-34   -5.0336E-03   
5.6760E-03   -4.3756E-03   
8.7620E-03   -3.4762E-03   
9.9172E-03   -3.0219E-03   
6.6013E-03   -4.1479E-03   
1.2576E-02   -1.5607E-03   
4.2402E-03   -4.6612E-03   
1.7500E-03   -4.9641E-03   
1.1852E-02   -2.0559E-03   
1.3254E-02   -8.9612E-04   
1.0961E-02   -2.5459E-03   
7.4956E-03   -3.8947E-03   
1.2958E-02   -1.2292E-03   
7.9294E-03   -3.7600E-03   
3.7513E-03   -4.7400E-03   
1.0631E-02   -2.7069E-03   
1.2113E-02   -1.8912E-03   
1.3582E-02   -2.5062E-04   
6.7384E-04   -5.0208E-03   
3.2583E-03   -4.8101E-03   
9.1572E-03   -3.3279E-03   
9.5391E-03   -3.1759E-03   
1.2777E-02   -1.3951E-03   
2.2586E-03   -4.9222E-03   
1.3371E-02   -7.2687E-04   
1.2199E-03   -4.9998E-03   
2.7611E-03   -4.8710E-03   
1.2354E-02   -1.7261E-03   
1.3117E-02   -1.0628E-03   
4.7246E-03   -4.5739E-03   
1.1572E-02   -2.2201E-03   
1.1275E-02   -2.3837E-03   
7.0530E-03   -4.0243E-03   
5.2035E-03   -4.4786E-03   
6.1425E-03   -4.2652E-03   
8.3523E-03   -3.6205E-03   
1.0282E-02   -2.8657E-03   
3.8958E-04   -5.3403E-03   
3.7053E-04   -5.4281E-03   
3.5685E-04   -5.5023E-03   
3.4424E-04   -5.5655E-03   
3.3445E-04   -5.6196E-03   
3.2845E-04   -5.6666E-03   
3.2516E-04   -5.7086E-03   
3.2377E-04   -5.7472E-03   
3.2393E-04   -5.7840E-03   
1.3684E-02   -1.2079E-04   
3.2547E-04   -5.8203E-03   
1.3719E-02   -9.5336E-05   
3.2837E-04   -5.8573E-03   
1.3756E-02   -7.6949E-05   
3.3260E-04   -5.8959E-03   
1.3799E-02   -6.3256E-05   
3.3805E-04   -5.9372E-03   
1.3853E-02   -5.3763E-05   
3.4465E-04   -5.9821E-03   
1.3923E-02   -4.7554E-05   
3.5235E-04   -6.0314E-03   
1.4011E-02   -4.4082E-05   
3.6103E-04   -6.0858E-03   
1.4119E-02   -4.2827E-05   
3.7066E-04   -6.1460E-03   
1.4249E-02   -4.3280E-05   
3.8123E-04   -6.2125E-03   
1.4403E-02   -4.5039E-05   
3.9225E-04   -6.2859E-03   
1.4582E-02   -4.7949E-05   
4.0353E-04   -6.3666E-03   
1.4787E-02   -5.1776E-05   
4.1626E-04   -6.4555E-03   
1.5019E-02   -5.6220E-05   
4.3093E-04   -6.5531E-03   
1.5278E-02   -6.1049E-05   
4.4634E-04   -6.6595E-03   
1.5566E-02   -6.5685E-05   
4.6200E-04   -6.7752E-03   
1.5879E-02   -7.1009E-05   
4.7782E-04   -6.9004E-03   
1.6219E-02   -7.6779E-05   
4.9325E-04   -7.0347E-03   
1.6586E-02   -8.3500E-05   
5.1412E-04   -7.1779E-03   
1.6986E-02   -8.9581E-05   
5.3880E-04   -7.3323E-03   
1.7418E-02   -9.3976E-05   
5.5194E-04   -7.4988E-03   
1.7882E-02   -9.8128E-05   
5.6558E-04   -7.6756E-03   
1.8381E-02   -1.0225E-04   
6.0564E-04   -7.8654E-03   
1.8917E-02   -1.0412E-04   
6.2921E-04   -8.0729E-03   
1.9471E-02   -1.0187E-04   
6.3343E-04   -8.2922E-03   
2.0047E-02   -1.0541E-04   
6.5779E-04   -8.5207E-03   
2.0665E-02   -1.0670E-04   
6.9651E-04   -8.7667E-03   
7.0463E-03   -3.8898E-03   
1.0982E-02   -2.2789E-03   
1.2166E-02   -1.6310E-03   
5.2302E-03   -4.4305E-03   
1.3551E-02   -3.6735E-04   
1.4152E-03   -5.0933E-03   
9.1212E-03   -3.1038E-03   
1.3328E-02   -7.1109E-04   
2.3882E-03   -4.9910E-03   
3.8251E-03   -4.7538E-03   
3.3511E-03   -4.8426E-03   
1.0285E-02   -2.6096E-03   
7.9183E-03   -3.5866E-03   
1.2846E-02   -1.1650E-03   
1.3029E-02   -1.0129E-03   
8.3368E-03   -3.4297E-03   
9.9062E-03   -2.7732E-03   
1.2414E-02   -1.4739E-03   
1.1897E-02   -1.7902E-03   
5.6913E-03   -4.3057E-03   
4.2970E-03   -4.6550E-03   
8.6988E-04   -5.1455E-03   
6.1479E-03   -4.1735E-03   
8.7335E-03   -3.2678E-03   
9.5151E-03   -2.9373E-03   
1.2641E-02   -1.3186E-03   
1.3189E-02   -8.6172E-04   
6.6002E-03   -4.0346E-03   
1.1305E-02   -2.1144E-03   
2.8718E-03   -4.9220E-03   
4.7657E-03   -4.5470E-03   
1.1610E-02   -1.9515E-03   
1.3448E-02   -5.5536E-04   
1.8988E-03   -5.0483E-03   
1.0642E-02   -2.4448E-03   
7.4868E-03   -3.7404E-03   
4.0600E-04   -5.2349E-03   
7.7630E-04   -5.3575E-03   
7.4108E-04   -5.4430E-03   
7.0941E-04   -5.5114E-03   
6.8043E-04   -5.5699E-03   
6.6242E-04   -5.6195E-03   
6.5270E-04   -5.6630E-03   
6.4814E-04   -5.7023E-03   
1.3641E-02   -1.6428E-04   
6.4718E-04   -5.7392E-03   
6.4914E-04   -5.7751E-03   
1.3645E-02   -2.0910E-04   
6.5383E-04   -5.8112E-03   
1.3674E-02   -1.7154E-04   
6.6117E-04   -5.8485E-03   
1.3711E-02   -1.3932E-04   
6.7105E-04   -5.8882E-03   
1.3759E-02   -1.1681E-04   
6.8327E-04   -5.9311E-03   
1.3820E-02   -1.0183E-04   
6.9733E-04   -5.9780E-03   
1.3899E-02   -9.2529E-05   
7.1521E-04   -6.0294E-03   
1.3998E-02   -8.8108E-05   
7.3640E-04   -6.0862E-03   
1.4118E-02   -8.7612E-05   
7.5651E-04   -6.1497E-03   
1.4261E-02   -9.0068E-05   
7.7517E-04   -6.2198E-03   
1.4429E-02   -9.4733E-05   
7.9495E-04   -6.2965E-03   
1.4625E-02   -1.0161E-04   
8.1827E-04   -6.3807E-03   
1.4845E-02   -1.1023E-04   
8.4591E-04   -6.4735E-03   
1.5093E-02   -1.2001E-04   
8.7670E-04   -6.5754E-03   
1.5373E-02   -1.2877E-04   
9.0873E-04   -6.6866E-03   
1.5674E-02   -1.3576E-04   
9.4057E-04   -6.8073E-03   
1.5988E-02   -1.4831E-04   
9.6670E-04   -6.9372E-03   
1.6334E-02   -1.5967E-04   
9.8587E-04   -7.0730E-03   
1.6710E-02   -1.7583E-04   
1.0461E-03   -7.2133E-03   
1.7128E-02   -1.8571E-04   
1.0999E-03   -7.3728E-03   
1.7578E-02   -1.9219E-04   
1.0995E-03   -7.5467E-03   
1.8059E-02   -2.0171E-04   
1.1490E-03   -7.7191E-03   
1.8594E-02   -2.0833E-04   
1.3100E-03   -7.9139E-03   
1.9170E-02   -2.0798E-04   
1.2617E-03   -8.1474E-03   
1.9697E-02   -1.9303E-04   
1.2844E-03   -8.3669E-03   
2.0263E-02   -2.3135E-04   
1.3497E-03   -8.5964E-03   
2.1316E-02   -1.1245E-04   
9.1213E-03   -2.8892E-03   
9.5405E-03   -2.7089E-03   
7.9379E-03   -3.4150E-03   
9.9376E-03   -2.5396E-03   
7.5090E-03   -3.5808E-03   
3.4461E-03   -4.8504E-03   
3.9060E-03   -4.7432E-03   
4.3642E-03   -4.6258E-03   
4.8204E-03   -4.4989E-03   
5.2746E-03   -4.3628E-03   
2.9784E-03   -4.9485E-03   
5.7270E-03   -4.2184E-03   
7.0702E-03   -3.7465E-03   
1.0321E-02   -2.3720E-03   
6.1775E-03   -4.0668E-03   
6.6260E-03   -3.9091E-03   
2.4965E-03   -5.0382E-03   
1.0685E-02   -2.2024E-03   
1.2717E-02   -1.1073E-03   
1.2923E-02   -9.6559E-04   
1.3103E-02   -8.2804E-04   
1.2488E-02   -1.2525E-03   
2.0159E-03   -5.1140E-03   
1.1031E-02   -2.0343E-03   
1.2236E-02   -1.4009E-03   
1.1671E-02   -1.7091E-03   
1.1360E-02   -1.8698E-03   
1.1964E-02   -1.5531E-03   
1.5636E-03   -5.1617E-03   
1.1773E-03   -5.1972E-03   
1.3260E-02   -6.9155E-04   
1.3397E-02   -5.5280E-04   
1.3517E-02   -4.1089E-04   
8.0800E-04   -5.2699E-03   
1.1168E-03   -5.4334E-03   
1.0473E-03   -5.5012E-03   
1.0064E-03   -5.5552E-03   
9.8492E-04   -5.6005E-03   
9.7449E-04   -5.6404E-03   
9.7085E-04   -5.6771E-03   
1.3611E-02   -2.6089E-04   
9.7211E-04   -5.7124E-03   
9.7756E-04   -5.7474E-03   
1.3550E-02   -2.9721E-04   
9.8699E-04   -5.7834E-03   
1.3587E-02   -2.3335E-04   
1.0003E-03   -5.8214E-03   
1.3628E-02   -1.9300E-04   
1.0172E-03   -5.8622E-03   
1.3681E-02   -1.6603E-04   
1.0363E-03   -5.9068E-03   
1.3750E-02   -1.4892E-04   
1.0619E-03   -5.9546E-03   
1.3840E-02   -1.3868E-04   
1.1031E-03   -6.0058E-03   
1.3950E-02   -1.3555E-04   
1.1349E-03   -6.0663E-03   
1.4081E-02   -1.3784E-04   
1.1537E-03   -6.1350E-03   
1.4239E-02   -1.4328E-04   
1.1791E-03   -6.2085E-03   
1.4427E-02   -1.5154E-04   
1.2066E-03   -6.2890E-03   
1.4636E-02   -1.6383E-04   
1.2434E-03   -6.3762E-03   
1.4871E-02   -1.7873E-04   
1.2926E-03   -6.4719E-03   
1.5145E-02   -1.9288E-04   
1.3429E-03   -6.5784E-03   
1.5456E-02   -2.0321E-04   
1.3913E-03   -6.6955E-03   
1.5752E-02   -2.0326E-04   
1.4320E-03   -6.8238E-03   
1.6041E-02   -2.4189E-04   
1.4455E-03   -6.9623E-03   
1.4182E-03   -7.0925E-03   
1.6597E-03   -7.4134E-03   
1.7686E-02   -2.9848E-04   
1.8500E-03   -8.0050E-03   
1.9293E-03   -8.4053E-03   
1.8802E-02   -3.2129E-04   
2.2033E-02   -1.2059E-04   
1.3174E-02   -6.7465E-04   
1.3326E-02   -5.4827E-04   
1.3465E-02   -4.1982E-04   
8.3601E-03   -3.0929E-03   
7.9932E-03   -3.2399E-03   
3.0874E-03   -4.9533E-03   
2.6100E-03   -5.0638E-03   
4.8897E-03   -4.4330E-03   
3.5456E-03   -4.8368E-03   
5.3366E-03   -4.2792E-03   
3.9961E-03   -4.7118E-03   
7.5640E-03   -3.4176E-03   
1.0009E-02   -2.3308E-03   
4.4435E-03   -4.5774E-03   
1.2576E-02   -1.0573E-03   
1.2323E-02   -1.1976E-03   
5.7839E-03   -4.1172E-03   
6.2317E-03   -3.9483E-03   
1.1437E-02   -1.6483E-03   
1.1752E-02   -1.4925E-03   
1.2807E-02   -9.2075E-04   
2.1131E-03   -5.1639E-03   
1.3006E-02   -7.9595E-04   
7.1237E-03   -3.5966E-03   
1.1104E-02   -1.8109E-03   
6.6793E-03   -3.7743E-03   
1.2048E-02   -1.3425E-03   
1.0387E-02   -2.1533E-03   
1.0753E-02   -1.9798E-03   
1.4366E-03   -5.4165E-03   
1.3597E-03   -5.4759E-03   
1.3228E-03   -5.5228E-03   
1.3038E-03   -5.5629E-03   
1.2958E-03   -5.5991E-03   
1.2952E-03   -5.6333E-03   
1.3006E-03   -5.6669E-03   
1.3112E-03   -5.7013E-03   
1.3564E-02   -3.1704E-04   
1.3432E-02   -3.4713E-04   
1.3268E-03   -5.7374E-03   
1.3463E-02   -2.8712E-04   
1.3473E-03   -5.7761E-03   
1.3509E-02   -2.4334E-04   
1.3715E-03   -5.8182E-03   
1.3568E-02   -2.1571E-04   
1.3995E-03   -5.8633E-03   
1.3646E-02   -1.9948E-04   
1.4382E-03   -5.9102E-03   
1.3753E-02   -1.8879E-04   
1.5444E-03   -5.9545E-03   
1.3869E-02   -1.9034E-04   
1.5284E-03   -6.0323E-03   
1.4009E-02   -1.9688E-04   
1.5598E-03   -6.1029E-03   
1.4193E-02   -2.0553E-04   
1.5908E-03   -6.1824E-03   
1.4397E-02   -2.1680E-04   
1.6846E-03   -6.3520E-03   
1.9136E-03   -6.9981E-03   
1.4865E-02   -2.6024E-04   
1.7699E-03   -6.4485E-03   
1.8346E-03   -6.5632E-03   
1.9484E-03   -6.8315E-03   
1.6425E-02   -2.3873E-04   
1.7272E-02   -2.7425E-04   
1.7777E-02   -4.1974E-04   
1.5183E-02   -2.7858E-04   
2.5526E-03   -8.2043E-03   
1.8348E-02   -4.3458E-04   
1.9328E-03   -7.8381E-03   
1.5903E-02   -3.4080E-04   
2.2956E-03   -7.2626E-03   
1.3389E-02   -4.3076E-04   
1.3228E-02   -5.5465E-04   
1.3081E-02   -6.6644E-04   
9.3521E-03   -2.4729E-03   
9.1990E-03   -2.6705E-03   
9.6998E-03   -2.3073E-03   
7.6665E-03   -3.2508E-03   
1.2678E-02   -8.8436E-04   
3.2166E-03   -4.9333E-03   
1.2911E-02   -7.5441E-04   
2.7475E-03   -5.0617E-03   
2.2600E-03   -5.1805E-03   
3.6647E-03   -4.8003E-03   
4.9746E-03   -4.3525E-03   
4.5354E-03   -4.5129E-03   
7.2099E-03   -3.4416E-03   
4.1017E-03   -4.6614E-03   
5.4174E-03   -4.1825E-03   
1.0090E-02   -2.1283E-03   
1.1534E-02   -1.4495E-03   
1.2422E-02   -1.0187E-03   
5.8629E-03   -4.0047E-03   
1.1850E-02   -1.2995E-03   
1.2146E-02   -1.1564E-03   
1.1197E-02   -1.6079E-03   
6.3108E-03   -3.8207E-03   
6.7601E-03   -3.6325E-03   
1.0843E-02   -1.7747E-03   
1.0473E-02   -1.9490E-03   
1.4222E-03   -5.3047E-03   
1.7068E-03   -5.3874E-03   
1.6623E-03   -5.4328E-03   
1.6357E-03   -5.4719E-03   
1.6223E-03   -5.5068E-03   
1.6190E-03   -5.5393E-03   
1.6236E-03   -5.5711E-03   
1.6347E-03   -5.6034E-03   
1.6517E-03   -5.6374E-03   
1.3252E-02   -4.1190E-04   
1.6750E-03   -5.6737E-03   
1.3309E-02   -3.3670E-04   
1.7043E-03   -5.7128E-03   
1.7351E-03   -5.7564E-03   
1.3359E-02   -2.9492E-04   
1.3421E-02   -2.7072E-04   
1.7570E-03   -5.8060E-03   
1.3502E-02   -2.6114E-04   
1.8568E-03   -5.9307E-03   
1.3718E-02   -2.6288E-04   
1.9320E-03   -5.9803E-03   
1.4133E-02   -2.7839E-04   
1.3919E-02   -2.6790E-04   
1.9949E-03   -6.0553E-03   
2.2094E-03   -6.2862E-03   
1.6170E-03   -6.2679E-03   
2.2807E-03   -6.4087E-03   
2.3661E-03   -6.5296E-03   
2.3850E-03   -7.8696E-03   
2.3503E-03   -7.6874E-03   
2.4592E-03   -6.6632E-03   
1.4839E-02   -3.5847E-04   
1.6274E-02   -3.2165E-04   
1.5562E-02   -4.1370E-04   
1.7191E-02   -3.9330E-04   
1.5187E-02   -3.8115E-04   
1.4610E-02   -2.3810E-04   
2.5768E-03   -6.8241E-03   
2.1945E-03   -7.4979E-03   
2.4165E-03   -7.0481E-03   
1.8942E-02   -4.4590E-04   
2.4394E-03   -8.4227E-03   
2.3097E-03   -8.0448E-03   
1.7871E-02   -5.5076E-04   
8.9153E-03   -2.5980E-03   
1.3280E-02   -4.5966E-04   
1.2785E-02   -7.3190E-04   
3.3768E-03   -4.8861E-03   
1.2525E-02   -8.6348E-04   
2.9318E-03   -5.0267E-03   
2.0271E-03   -5.2653E-03   
7.3289E-03   -3.2775E-03   
4.6398E-03   -4.4350E-03   
4.2130E-03   -4.5980E-03   
3.7990E-03   -4.7460E-03   
9.7897E-03   -2.1374E-03   
5.0761E-03   -4.2598E-03   
1.1646E-02   -1.2720E-03   
5.5179E-03   -4.0752E-03   
1.1960E-02   -1.1291E-03   
1.2252E-02   -9.9372E-04   
1.1309E-02   -1.4249E-03   
5.9644E-03   -3.8831E-03   
6.8681E-03   -3.4838E-03   
1.0190E-02   -1.9437E-03   
1.0952E-02   -1.5880E-03   
6.4151E-03   -3.6855E-03   
1.0579E-02   -1.7613E-03   
2.0491E-03   -5.2909E-03   
2.0082E-03   -5.3306E-03   
8.3313E-03   -2.8470E-03   
1.9745E-03   -5.3680E-03   
7.8107E-03   -3.0642E-03   
1.9524E-03   -5.4017E-03   
1.9441E-03   -5.4323E-03   
1.9468E-03   -5.4616E-03   
1.9579E-03   -5.4913E-03   
1.9763E-03   -5.5224E-03   
2.0019E-03   -5.5559E-03   
2.2898E-03   -5.8307E-03   
1.3096E-02   -4.3967E-04   
2.0350E-03   -5.5920E-03   
2.0747E-03   -5.6322E-03   
1.3136E-02   -3.8667E-04   
2.1148E-03   -5.6802E-03   
1.3180E-02   -3.5320E-04   
1.3235E-02   -3.3705E-04   
1.7661E-03   -5.8546E-03   
1.3612E-02   -3.4046E-04   
2.3891E-03   -5.9038E-03   
2.3832E-03   -6.1346E-03   
1.6061E-02   -4.4455E-04   
1.5138E-02   -5.0001E-04   
1.4090E-02   -3.7079E-04   
2.8218E-03   -6.3504E-03   
1.3819E-02   -3.5227E-04   
2.9515E-03   -6.4686E-03   
2.0102E-03   -6.1488E-03   
2.8755E-03   -7.9349E-03   
3.0546E-03   -6.6033E-03   
1.6616E-02   -4.3342E-04   
2.9574E-03   -7.0909E-03   
2.8617E-03   -7.3042E-03   
1.4500E-02   -3.3702E-04   
2.9498E-03   -7.7012E-03   
2.7202E-03   -6.2399E-03   
1.4795E-02   -4.7041E-04   
1.8455E-02   -5.6493E-04   
1.7323E-02   -5.2872E-04   
1.2854E-02   -6.1765E-04   
1.2613E-02   -7.3697E-04   
1.3064E-02   -5.7711E-04   
2.7199E-03   -5.1018E-03   
3.5566E-03   -4.8209E-03   
9.4697E-03   -2.1654E-03   
4.3289E-03   -4.5242E-03   
1.2352E-02   -8.5796E-04   
3.9105E-03   -4.6892E-03   
4.7579E-03   -4.3462E-03   
1.6526E-03   -5.3127E-03   
5.1948E-03   -4.1572E-03   
7.0046E-03   -3.3291E-03   
1.1435E-02   -1.2610E-03   
1.2070E-02   -9.8419E-04   
1.1765E-02   -1.1177E-03   
9.8996E-03   -1.9609E-03   
5.6387E-03   -3.9591E-03   
1.1079E-02   -1.4187E-03   
6.0884E-03   -3.7542E-03   
6.5439E-03   -3.5440E-03   
1.0309E-02   -1.7689E-03   
1.0703E-02   -1.5885E-03   
7.4852E-03   -3.1061E-03   
2.3760E-03   -5.2140E-03   
2.3327E-03   -5.2493E-03   
2.2906E-03   -5.2847E-03   
2.4361E-03   -5.1707E-03   
2.2727E-03   -5.3140E-03   
7.9868E-03   -2.8761E-03   
8.5083E-03   -2.6367E-03   
2.2714E-03   -5.3404E-03   
1.3035E-02   -5.1228E-04   
9.0098E-03   -2.3948E-03   
2.2817E-03   -5.3666E-03   
2.3012E-03   -5.3942E-03   
2.3651E-03   -5.4567E-03   
1.2911E-02   -4.8695E-04   
2.4134E-03   -5.4918E-03   
2.4807E-03   -5.5299E-03   
1.2926E-02   -4.4913E-04   
1.2968E-02   -4.2284E-04   
2.4291E-03   -5.7063E-03   
2.5112E-03   -5.9875E-03   
1.3461E-02   -4.3371E-04   
1.4480E-02   -4.4501E-04   
3.3935E-03   -6.2589E-03   
2.1022E-03   -5.7491E-03   
1.5506E-02   -5.3780E-04   
2.7502E-03   -5.7425E-03   
1.4707E-02   -5.9586E-04   
2.6704E-03   -6.1443E-03   
3.4971E-03   -7.1279E-03   
3.2285E-03   -6.1616E-03   
3.1932E-03   -6.7077E-03   
1.4217E-02   -4.3257E-04   
1.6867E-02   -5.1262E-04   
1.3672E-02   -4.5636E-04   
3.0787E-03   -6.8780E-03   
2.8740E-03   -7.5020E-03   
1.7369E-02   -6.6950E-04   
1.8996E-02   -5.6781E-04   
3.0153E-03   -8.3375E-03   
3.6798E-03   -7.7217E-03   
1.6430E-02   -3.7131E-04   
1.2435E-02   -7.5120E-04   
3.5746E-03   -4.8046E-03   
7.1690E-03   -3.1697E-03   
4.0356E-03   -4.6200E-03   
4.4617E-03   -4.4392E-03   
1.2169E-02   -8.6845E-04   
4.8923E-03   -4.2481E-03   
9.6032E-03   -2.0009E-03   
1.1573E-02   -1.1173E-03   
1.1887E-02   -9.8821E-04   
5.3322E-03   -4.0463E-03   
1.1221E-02   -1.2666E-03   
6.6961E-03   -3.3975E-03   
5.7802E-03   -3.8359E-03   
1.0035E-02   -1.7979E-03   
6.2353E-03   -3.6192E-03   
1.0844E-02   -1.4308E-03   
1.0448E-02   -1.6084E-03   
2.7518E-03   -5.1049E-03   
2.6370E-03   -5.1585E-03   
1.2889E-02   -5.3971E-04   
2.6067E-03   -5.1859E-03   
8.6674E-03   -2.4524E-03   
7.6620E-03   -2.9339E-03   
9.1476E-03   -2.2197E-03   
2.6004E-03   -5.2084E-03   
2.6076E-03   -5.2308E-03   
8.1657E-03   -2.6934E-03   
2.6272E-03   -5.2542E-03   
2.6572E-03   -5.2796E-03   
2.6961E-03   -5.3081E-03   
1.3022E-02   -4.1338E-04   
2.7487E-03   -5.3384E-03   
2.5703E-03   -5.5788E-03   
2.8244E-03   -5.3679E-03   
1.2646E-02   -5.6793E-04   
1.4106E-02   -5.3275E-04   
1.2682E-02   -5.2502E-04   
2.8705E-03   -5.8026E-03   
2.9291E-03   -5.9836E-03   
1.3279E-02   -4.2122E-04   
2.7002E-03   -5.6796E-03   
1.3881E-02   -4.9511E-04   
3.7026E-03   -6.0715E-03   
3.7374E-03   -6.6673E-03   
3.1084E-03   -6.0639E-03   
3.5403E-03   -6.5556E-03   
1.3267E-02   -5.4842E-04   
1.6339E-02   -5.8326E-04   
4.1677E-03   -6.9285E-03   
1.6852E-02   -6.3771E-04   
3.3594E-03   -7.3242E-03   
1.7389E-02   -8.2454E-04   
3.7735E-03   -8.2080E-03   
1.8627E-02   -7.1301E-04   
1.9526E-02   -4.8109E-04   
4.2006E-03   -7.8827E-03   
1.5817E-02   -5.9501E-04   
1.2513E-02   -6.6312E-04   
3.1468E-03   -4.9632E-03   
3.7917E-03   -4.7066E-03   
4.1928E-03   -4.5334E-03   
6.8694E-03   -3.2483E-03   
4.6114E-03   -4.3444E-03   
1.2003E-02   -8.8928E-04   
1.1733E-02   -9.8733E-04   
5.0441E-03   -4.1420E-03   
2.9429E-03   -5.0442E-03   
1.1383E-02   -1.1278E-03   
9.7587E-03   -1.8452E-03   
5.4887E-03   -3.9284E-03   
6.4014E-03   -3.4802E-03   
1.1004E-02   -1.2869E-03   
5.9421E-03   -3.7070E-03   
1.0191E-02   -1.6455E-03   
1.0606E-02   -1.4596E-03   
2.9391E-03   -5.0532E-03   
7.3540E-03   -3.0092E-03   
8.8363E-03   -2.2849E-03   
9.3065E-03   -2.0589E-03   
2.9384E-03   -5.0665E-03   
8.3470E-03   -2.5226E-03   
2.9374E-03   -5.0858E-03   
2.9552E-03   -5.1044E-03   
7.8496E-03   -2.7657E-03   
1.2730E-02   -5.7582E-04   
3.0824E-03   -5.1736E-03   
2.9866E-03   -5.1244E-03   
1.2721E-02   -5.0629E-04   
3.0290E-03   -5.1473E-03   
1.3274E-02   -3.4125E-04   
2.9373E-03   -5.5320E-03   
2.9258E-03   -5.3971E-03   
3.1045E-03   -5.5702E-03   
3.1566E-03   -5.1989E-03   
1.2384E-02   -6.4183E-04   
1.3472E-02   -5.8175E-04   
1.3079E-02   -5.2716E-04   
3.1581E-03   -5.6429E-03   
3.6297E-03   -5.9649E-03   
4.0951E-03   -6.4144E-03   
1.6857E-02   -7.9180E-04   
1.3692E-02   -6.2241E-04   
3.4796E-03   -5.8713E-03   
1.5380E-02   -6.7757E-04   
4.2949E-03   -6.6893E-03   
1.5775E-02   -7.4509E-04   
4.0450E-03   -7.1955E-03   
3.0108E-03   -5.8513E-03   
1.7973E-02   -8.5351E-04   
1.4384E-02   -5.6411E-04   
2.0146E-02   -3.8478E-04   
4.5998E-03   -7.5589E-03   
3.2308E-03   -4.9336E-03   
1.2238E-02   -7.8105E-04   
3.9582E-03   -4.6236E-03   
4.3607E-03   -4.4396E-03   
4.7802E-03   -4.2408E-03   
6.5857E-03   -3.3393E-03   
1.1970E-02   -8.4549E-04   
3.4661E-03   -4.8395E-03   
1.1572E-02   -9.9691E-04   
7.0622E-03   -3.0981E-03   
5.2170E-03   -4.0276E-03   
1.1181E-02   -1.1554E-03   
5.6669E-03   -3.8035E-03   
6.1237E-03   -3.5734E-03   
9.9325E-03   -1.6989E-03   
1.0782E-02   -1.3224E-03   
1.0365E-02   -1.5031E-03   
3.3173E-03   -4.9025E-03   
8.5377E-03   -2.3630E-03   
9.4827E-03   -1.9086E-03   
9.0173E-03   -2.1302E-03   
1.3125E-02   -4.1148E-04   
3.2728E-03   -4.9332E-03   
7.5511E-03   -2.8520E-03   
3.2868E-03   -4.9465E-03   
8.0455E-03   -2.6053E-03   
1.2412E-02   -6.1379E-04   
3.4170E-03   -4.9986E-03   
3.3184E-03   -4.9603E-03   
3.4881E-03   -5.0211E-03   
3.3621E-03   -4.9773E-03   
3.6640E-03   -5.4201E-03   
1.2316E-02   -7.0141E-04   
1.2766E-02   -5.0560E-04   
3.2531E-03   -5.2232E-03   
1.3664E-02   -2.3812E-04   
3.8611E-03   -5.6420E-03   
1.2918E-02   -5.1670E-04   
1.4247E-02   -7.0179E-04   
1.3945E-02   -6.6274E-04   
1.3246E-02   -7.2254E-04   
1.3037E-02   -6.8298E-04   
1.5154E-02   -8.3237E-04   
1.2847E-02   -6.5292E-04   
3.3366E-03   -5.8049E-03   
4.2502E-03   -5.8540E-03   
3.0294E-03   -5.4229E-03   
3.4242E-03   -5.3867E-03   
4.4101E-03   -6.1604E-03   
1.5922E-02   -8.8054E-04   
4.4050E-03   -6.4853E-03   
3.4121E-03   -5.6612E-03   
1.7397E-02   -9.9237E-04   
4.2530E-03   -7.4041E-03   
2.0921E-02   -2.0255E-04   
4.8425E-03   -6.6972E-03   
2.0102E-02   -5.2952E-04   
1.6851E-02   -9.5873E-04   
1.5050E-02   -6.2823E-04   
4.7491E-03   -6.9286E-03   
3.5791E-03   -4.7893E-03   
4.1464E-03   -4.5292E-03   
4.5463E-03   -4.3383E-03   
6.7864E-03   -3.1982E-03   
1.1776E-02   -8.7181E-04   
4.9665E-03   -4.1305E-03   
6.3210E-03   -3.4384E-03   
1.1364E-02   -1.0387E-03   
5.4112E-03   -3.9058E-03   
5.8645E-03   -3.6737E-03   
1.0975E-02   -1.1970E-03   
8.7384E-03   -2.2147E-03   
1.0120E-02   -1.5637E-03   
1.0560E-02   -1.3704E-03   
9.6693E-03   -1.7710E-03   
3.5814E-03   -4.7918E-03   
9.2100E-03   -1.9873E-03   
1.2113E-02   -7.5382E-04   
7.2675E-03   -2.9509E-03   
8.2511E-03   -2.4542E-03   
3.6222E-03   -4.7833E-03   
7.7581E-03   -2.7013E-03   
3.6558E-03   -4.7883E-03   
3.8243E-03   -4.8331E-03   
3.7542E-03   -4.8144E-03   
1.2101E-02   -7.3325E-04   
3.6984E-03   -4.7993E-03   
1.2441E-02   -6.0553E-04   
1.3444E-02   -3.4333E-04   
3.5683E-03   -5.0474E-03   
1.2681E-02   -6.3332E-04   
1.2779E-02   -8.3567E-04   
3.2999E-03   -5.3577E-03   
1.2772E-02   -5.2928E-04   
1.2585E-02   -7.9858E-04   
1.2989E-02   -8.8343E-04   
4.3551E-03   -5.5509E-03   
1.4598E-02   -7.3457E-04   
1.3751E-02   -8.1627E-04   
3.4019E-03   -5.2418E-03   
1.4542E-02   -9.0208E-04   
4.8791E-03   -6.2144E-03   
4.0275E-03   -6.1014E-03   
4.6198E-03   -5.5860E-03   
4.0209E-03   -5.4322E-03   
1.6831E-02   -1.1388E-03   
1.7962E-02   -1.0252E-03   
5.0352E-03   -6.4189E-03   
4.7920E-03   -7.1350E-03   
2.0625E-02   -4.4061E-04   
5.2908E-03   -6.7107E-03   
3.7543E-03   -4.7108E-03   
4.3583E-03   -4.4242E-03   
6.5301E-03   -3.3053E-03   
4.7264E-03   -4.2403E-03   
1.1502E-02   -9.6038E-04   
6.9993E-03   -3.0602E-03   
5.1678E-03   -4.0154E-03   
6.0731E-03   -3.5445E-03   
1.1175E-02   -1.0885E-03   
8.9477E-03   -2.0788E-03   
5.6186E-03   -3.7817E-03   
8.4675E-03   -2.3130E-03   
3.9788E-03   -4.6078E-03   
1.0786E-02   -1.2471E-03   
9.8582E-03   -1.6509E-03   
9.4091E-03   -1.8591E-03   
4.0135E-03   -4.6035E-03   
7.9758E-03   -2.5586E-03   
7.4836E-03   -2.8095E-03   
1.2111E-02   -7.1872E-04   
1.2549E-02   -6.2346E-04   
4.1641E-03   -4.6366E-03   
4.0430E-03   -4.6130E-03   
3.6917E-03   -5.2044E-03   
4.0948E-03   -4.6231E-03   
1.2475E-02   -6.1438E-04   
3.9031E-03   -4.8578E-03   
4.8704E-03   -5.3582E-03   
1.2297E-02   -9.6349E-04   
3.6333E-03   -5.0814E-03   
1.2491E-02   -1.0091E-03   
1.2410E-02   -7.7189E-04   
1.3226E-02   -9.4010E-04   
4.4440E-03   -5.3924E-03   
5.9663E-03   -6.5597E-03   
4.9926E-03   -5.6116E-03   
1.4849E-02   -1.0103E-03   
1.4092E-02   -8.6180E-04   
1.7953E-02   -1.2001E-03   
4.2110E-03   -5.2495E-03   
5.3812E-03   -6.8699E-03   
1.6289E-02   -1.1012E-03   
1.8539E-02   -8.9282E-04   
5.5031E-03   -6.1313E-03   
4.8027E-03   -5.8622E-03   
5.0556E-03   -5.9682E-03   
1.6796E-02   -1.3341E-03   
1.1781E-02   -8.4422E-04   
6.7484E-03   -3.1768E-03   
6.2908E-03   -3.4187E-03   
4.4400E-03   -4.3848E-03   
1.0657E-02   -1.2885E-03   
1.2165E-02   -7.3855E-04   
4.9288E-03   -4.1355E-03   
8.6947E-03   -2.1828E-03   
1.1405E-02   -9.8370E-04   
9.1653E-03   -1.9563E-03   
1.0998E-02   -1.1467E-03   
5.3813E-03   -3.8990E-03   
8.2058E-03   -2.4246E-03   
7.2226E-03   -2.9281E-03   
7.7114E-03   -2.6753E-03   
4.4024E-03   -4.4185E-03   
1.0001E-02   -1.5725E-03   
9.6132E-03   -1.7472E-03   
4.5057E-03   -4.4348E-03   
4.4397E-03   -4.4274E-03   
3.9650E-03   -4.9019E-03   
4.2455E-03   -4.6561E-03   
1.2129E-02   -7.2203E-04   
4.6366E-03   -5.0324E-03   
1.2257E-02   -7.5503E-04   
1.1986E-02   -1.1477E-03   
4.5779E-03   -5.1971E-03   
1.2116E-02   -9.3013E-04   
1.2695E-02   -1.0681E-03   
1.5731E-02   -1.0583E-03   
1.3520E-02   -9.9789E-04   
5.2645E-03   -5.3617E-03   
3.9607E-03   -5.0006E-03   
3.8357E-03   -5.2348E-03   
1.5425E-02   -9.3731E-04   
1.4276E-02   -1.1173E-03   
5.3849E-03   -5.6027E-03   
6.0604E-03   -6.7815E-03   
6.2464E-03   -6.2466E-03   
5.0345E-03   -5.1373E-03   
1.6335E-02   -9.2070E-04   
1.7385E-02   -1.3521E-03   
1.8520E-02   -1.0570E-03   
1.9062E-02   -7.9121E-04   
5.5132E-03   -5.7155E-03   
6.1267E-03   -5.9310E-03   
1.0805E-02   -1.2243E-03   
6.0564E-03   -3.5439E-03   
6.5045E-03   -3.3050E-03   
1.1778E-02   -8.6002E-04   
9.8582E-03   -1.6339E-03   
9.4021E-03   -1.8425E-03   
1.1139E-02   -1.0890E-03   
6.9708E-03   -3.0581E-03   
8.9345E-03   -2.0635E-03   
8.4496E-03   -2.3000E-03   
5.6157E-03   -3.7792E-03   
7.9529E-03   -2.5492E-03   
7.4566E-03   -2.8041E-03   
4.7365E-03   -4.2408E-03   
4.7846E-03   -4.2325E-03   
4.8452E-03   -4.2331E-03   
4.5900E-03   -4.4469E-03   
4.3222E-03   -4.6911E-03   
5.1480E-03   -4.0285E-03   
1.1774E-02   -8.4361E-04   
1.1634E-02   -1.0797E-03   
1.0342E-02   -1.4186E-03   
1.1801E-02   -1.1082E-03   
4.6002E-03   -4.9284E-03   
4.2200E-03   -5.0077E-03   
5.9475E-03   -5.4372E-03   
1.2178E-02   -1.1995E-03   
4.3785E-03   -4.7512E-03   
1.1765E-02   -9.0838E-04   
5.5692E-03   -5.0778E-03   
1.2910E-02   -1.1470E-03   
5.1891E-03   -4.8957E-03   
1.4605E-02   -1.1779E-03   
1.5293E-02   -1.2311E-03   
1.3891E-02   -1.0528E-03   
1.9623E-02   -7.8846E-04   
6.4815E-03   -5.6415E-03   
6.1930E-03   -5.5394E-03   
6.7446E-03   -6.2710E-03   
1.6818E-02   -1.5297E-03   
6.2458E-03   -6.9997E-03   
1.7920E-02   -1.3775E-03   
1.9104E-02   -9.2718E-04   
1.1052E-02   -1.1338E-03   
6.2585E-03   -3.4490E-03   
5.8235E-03   -3.6810E-03   
9.6622E-03   -1.7340E-03   
1.1422E-02   -9.8187E-04   
9.1920E-03   -1.9527E-03   
6.7208E-03   -3.2030E-03   
8.7109E-03   -2.1839E-03   
7.2068E-03   -2.9468E-03   
8.2124E-03   -2.4306E-03   
5.1754E-03   -4.0377E-03   
7.7066E-03   -2.6876E-03   
4.9330E-03   -4.2344E-03   
1.0613E-02   -1.3160E-03   
1.1294E-02   -1.2720E-03   
5.4636E-03   -3.8724E-03   
4.7578E-03   -4.5183E-03   
5.0356E-03   -4.2451E-03   
4.8419E-03   -4.7124E-03   
1.0137E-02   -1.5206E-03   
1.1482E-02   -1.2998E-03   
1.4684E-02   -1.3355E-03   
1.1380E-02   -1.0230E-03   
1.1670E-02   -1.3412E-03   
5.1195E-03   -4.7420E-03   
1.2354E-02   -1.2717E-03   
1.3234E-02   -1.2161E-03   
1.1474E-02   -1.0678E-03   
6.8976E-03   -5.3391E-03   
5.6403E-03   -4.8613E-03   
6.2680E-03   -4.8612E-03   
1.5101E-02   -1.1215E-03   
1.9823E-02   -9.6060E-04   
6.6294E-03   -5.2252E-03   
1.3665E-02   -1.2699E-03   
1.5169E-02   -1.4088E-03   
1.6248E-02   -1.7559E-03   
6.8902E-03   -5.7160E-03   
7.0209E-03   -5.9423E-03   
1.6054E-02   -1.5416E-03   
2.0049E-02   -6.5951E-04   
1.8523E-02   -1.2255E-03   
5.4101E-03   -7.3288E-03   
5.6332E-03   -5.3857E-03   
5.9955E-03   -3.6150E-03   
5.5664E-03   -3.8394E-03   
9.4696E-03   -1.8499E-03   
1.0922E-02   -1.2164E-03   
8.9898E-03   -2.0770E-03   
6.9521E-03   -3.1086E-03   
5.2629E-03   -4.0278E-03   
8.4903E-03   -2.3209E-03   
5.1378E-03   -4.2757E-03   
7.4598E-03   -2.8432E-03   
4.8189E-03   -4.5907E-03   
7.9755E-03   -2.5788E-03   
9.9455E-03   -1.6325E-03   
5.3826E-03   -4.0185E-03   
1.0947E-02   -1.4827E-03   
1.1315E-02   -1.0837E-03   
1.0416E-02   -1.4259E-03   
1.1132E-02   -1.2500E-03   
1.1214E-02   -1.4744E-03   
1.1866E-02   -1.3922E-03   
7.3798E-03   -5.0131E-03   
5.8488E-03   -4.6203E-03   
6.5088E-03   -4.9280E-03   
6.0508E-03   -4.8023E-03   
1.3965E-02   -1.5378E-03   
1.8434E-02   -1.3934E-03   
7.1896E-03   -6.3261E-03   
5.4272E-03   -4.4780E-03   
6.2831E-03   -5.1630E-03   
1.3470E-02   -1.4972E-03   
1.5666E-02   -1.4264E-03   
2.0278E-02   -7.6203E-04   
1.9251E-02   -1.2527E-03   
1.6455E-02   -1.9313E-03   
7.8390E-03   -5.6993E-03   
6.1041E-03   -7.3262E-03   
1.2985E-02   -1.4596E-03   
4.9010E-03   -7.3033E-03   
9.2851E-03   -1.9797E-03   
1.1013E-02   -1.2313E-03   
9.7635E-03   -1.7564E-03   
8.7900E-03   -2.2185E-03   
7.2083E-03   -3.0181E-03   
5.7047E-03   -3.8054E-03   
4.4398E-03   -4.8135E-03   
5.2186E-03   -4.3375E-03   
1.0236E-02   -1.5432E-03   
5.5269E-03   -4.0187E-03   
1.0762E-02   -1.4586E-03   
6.4598E-03   -3.3692E-03   
7.7384E-03   -2.7443E-03   
7.0614E-03   -4.8666E-03   
6.5861E-03   -4.5958E-03   
1.1315E-02   -1.5487E-03   
6.2272E-03   -4.5965E-03   
5.2805E-03   -4.4242E-03   
5.6334E-03   -4.4919E-03   
5.5704E-03   -4.6247E-03   
6.9882E-03   -4.6246E-03   
7.5829E-03   -5.1808E-03   
1.4483E-02   -1.5920E-03   
1.7804E-02   -1.5947E-03   
1.3266E-02   -1.7384E-03   
1.0304E-02   -1.7153E-03   
1.2305E-02   -1.6877E-03   
1.5100E-02   -1.6544E-03   
7.9609E-03   -6.0812E-03   
6.5489E-03   -6.5172E-03   
1.2792E-02   -1.7029E-03   
1.6231E-02   -1.2963E-03   
8.2583E-03   -5.7695E-03   
7.4975E-03   -5.6303E-03   
1.7192E-02   -1.8684E-03   
1.5697E-02   -2.0155E-03   
9.5921E-03   -1.8895E-03   
9.1247E-03   -2.1148E-03   
1.0595E-02   -1.4408E-03   
5.6490E-03   -4.0586E-03   
1.0635E-02   -1.3674E-03   
1.0064E-02   -1.6722E-03   
8.6108E-03   -2.3696E-03   
5.8824E-03   -3.7719E-03   
7.4987E-03   -2.9280E-03   
8.0513E-03   -2.6479E-03   
7.2044E-03   -4.3365E-03   
6.8235E-03   -4.3367E-03   
6.1834E-03   -3.5575E-03   
5.7054E-03   -4.2620E-03   
5.6973E-03   -4.1554E-03   
5.9940E-03   -4.2308E-03   
6.6883E-03   -3.2917E-03   
1.1618E-02   -1.5999E-03   
9.9360E-03   -1.9745E-03   
1.2130E-02   -1.9248E-03   
6.0900E-03   -4.3563E-03   
1.1727E-02   -1.7565E-03   
8.1390E-03   -5.3926E-03   
1.3740E-02   -1.7902E-03   
8.1639E-03   -4.8329E-03   
6.4166E-03   -6.0100E-03   
8.7468E-03   -5.8103E-03   
1.0859E-02   -1.8094E-03   
1.2577E-02   -1.9513E-03   
7.7252E-03   -4.4671E-03   
8.5913E-03   -5.4579E-03   
7.5972E-03   -6.4134E-03   
1.5946E-02   -2.1849E-03   
1.7996E-02   -1.8085E-03   
9.4612E-03   -2.0079E-03   
9.8969E-03   -1.8106E-03   
6.9600E-03   -3.2088E-03   
6.1326E-03   -4.0172E-03   
7.8219E-03   -2.8412E-03   
6.7205E-03   -4.0790E-03   
6.1348E-03   -3.7336E-03   
1.0154E-02   -2.0262E-03   
6.4202E-03   -3.4940E-03   
6.2326E-03   -3.8235E-03   
1.2064E-02   -1.4236E-03   
8.4151E-03   -2.5512E-03   
1.0322E-02   -1.6150E-03   
7.0706E-03   -4.0672E-03   
1.1911E-02   -2.1763E-03   
7.4473E-03   -4.0616E-03   
1.1756E-02   -1.9130E-03   
5.8074E-03   -6.2052E-03   
9.3944E-03   -5.8085E-03   
1.3024E-02   -1.9967E-03   
6.7974E-03   -6.6353E-03   
8.6028E-03   -4.2222E-03   
8.3792E-03   -5.0504E-03   
1.1049E-02   -1.9163E-03   
1.4227E-02   -1.8586E-03   
8.0486E-03   -6.5133E-03   
8.7577E-03   -4.4598E-03   
8.9447E-03   -5.1215E-03   
8.4820E-03   -6.1401E-03   
1.5155E-02   -2.2938E-03   
7.5871E-03   -4.3244E-03   
1.8850E-02   -1.7271E-03   
7.2689E-03   -3.1225E-03   
7.3290E-03   -3.7851E-03   
9.0630E-03   -2.2340E-03   
6.7322E-03   -3.4051E-03   
9.4766E-03   -2.2575E-03   
7.8372E-03   -4.0691E-03   
6.4606E-03   -4.0797E-03   
1.2760E-02   -2.2691E-03   
8.1568E-03   -2.7702E-03   
7.6981E-03   -3.7774E-03   
6.5918E-03   -3.5598E-03   
1.0347E-02   -2.1181E-03   
1.2330E-02   -2.2167E-03   
9.6743E-03   -1.9811E-03   
6.5443E-03   -3.9131E-03   
1.1199E-02   -2.0486E-03   
7.0883E-03   -5.4567E-03   
8.1995E-03   -4.1204E-03   
8.9581E-03   -4.6501E-03   
9.3012E-03   -4.7729E-03   
9.4824E-03   -5.2169E-03   
1.0249E-02   -5.4493E-03   
1.5433E-02   -2.4972E-03   
7.5301E-03   -6.8782E-03   
1.3921E-02   -2.1351E-03   
1.9432E-02   -1.4728E-03   
7.5876E-03   -3.0489E-03   
7.0556E-03   -3.3185E-03   
8.8279E-03   -2.4688E-03   
7.9541E-03   -3.4908E-03   
9.6487E-03   -2.3435E-03   
1.1415E-02   -2.1763E-03   
1.0533E-02   -2.2288E-03   
8.0988E-03   -3.7744E-03   
1.2078E-02   -2.4937E-03   
1.1661E-02   -2.4447E-03   
1.4407E-02   -2.3758E-03   
1.3203E-02   -2.3384E-03   
1.0109E-02   -4.5022E-03   
9.5305E-03   -4.3008E-03   
6.9540E-03   -3.8220E-03   
1.4659E-02   -1.9622E-03   
1.6633E-02   -2.0785E-03   
1.4625E-02   -2.8687E-03   
1.0287E-02   -5.1678E-03   
1.0274E-02   -5.7375E-03   
1.0397E-02   -4.8743E-03   
8.9610E-03   -3.8424E-03   
8.4402E-03   -6.6602E-03   
1.9660E-02   -1.6492E-03   
7.3511E-03   -3.2678E-03   
9.3941E-03   -2.1792E-03   
7.0809E-03   -3.6098E-03   
8.4152E-03   -2.7482E-03   
1.1327E-02   -2.7812E-03   
8.9176E-03   -2.6018E-03   
7.8993E-03   -3.0003E-03   
9.8352E-03   -2.4493E-03   
8.3480E-03   -3.4760E-03   
1.0837E-02   -2.4948E-03   
8.7985E-03   -3.4669E-03   
1.0988E-02   -2.6469E-03   
1.4948E-02   -2.1107E-03   
1.2511E-02   -2.5454E-03   
1.3688E-02   -2.4277E-03   
1.7219E-02   -2.1145E-03   
9.3761E-03   -4.1035E-03   
1.4326E-02   -2.2000E-03   
9.3364E-03   -3.9020E-03   
1.3825E-02   -2.6486E-03   
7.6087E-03   -3.4743E-03   
9.3590E-03   -3.4569E-03   
1.0655E-02   -4.5507E-03   
1.3864E-02   -2.8865E-03   
1.5451E-02   -2.7277E-03   
9.6498E-03   -4.4762E-03   
1.0985E-02   -4.8723E-03   
1.0905E-02   -5.3893E-03   
7.8433E-03   -7.0011E-03   
7.6345E-03   -3.2647E-03   
9.0309E-03   -3.1580E-03   
8.2756E-03   -2.9284E-03   
9.1613E-03   -2.6715E-03   
9.9423E-03   -3.7766E-03   
8.5764E-03   -3.1938E-03   
1.0528E-02   -2.9732E-03   
1.1925E-02   -2.7313E-03   
1.1657E-02   -5.1927E-03   
1.3206E-02   -2.9204E-03   
6.8282E-03   -3.5265E-03   
9.8154E-03   -3.5603E-03   
1.2919E-02   -2.6221E-03   
1.0066E-02   -2.5457E-03   
1.0256E-02   -2.8328E-03   
1.0959E-02   -4.2163E-03   
7.6416E-03   -7.2850E-03   
1.1238E-02   -4.5883E-03   
1.3816E-02   -3.1167E-03   
1.5992E-02   -2.5323E-03   
1.0726E-02   -2.3453E-03   
6.6489E-03   -3.7262E-03   
8.1924E-03   -3.2489E-03   
9.5103E-03   -3.1473E-03   
8.6657E-03   -2.9824E-03   
1.2220E-02   -2.8312E-03   
9.7390E-03   -2.8509E-03   
1.0054E-02   -3.2633E-03   
8.6338E-03   -2.8583E-03   
1.3273E-02   -3.4112E-03   
8.1624E-03   -3.1238E-03   
1.6669E-02   -2.4292E-03   
1.3165E-02   -3.1801E-03   
1.0367E-02   -4.1534E-03   
9.9379E-03   -3.1339E-03   
1.2179E-02   -4.8456E-03   
6.7791E-03   -7.6019E-03   
1.0322E-02   -2.6110E-03   
1.0886E-02   -3.7671E-03   
1.1499E-02   -3.0075E-03   
1.1824E-02   -3.1816E-03   
1.1345E-02   -3.8554E-03   
1.3511E-02   -3.6176E-03   
1.0411E-02   -3.5019E-03   
1.1870E-02   -4.6421E-03   
1.2454E-02   -4.9993E-03   
1.1680E-02   -3.5067E-03   
1.0599E-02   -3.6374E-03   
1.3191E-02   -4.9748E-03   
1.1825E-02   -3.9530E-03   
1.3257E-02   -2.7041E-03   
1.4435E-02   -3.4400E-03   
1.2656E-02   -3.7610E-03   
1.1032E-02   -3.3345E-03   
1.2476E-02   -3.2061E-03   
1.1481E-02   -4.2783E-03   
1.2818E-02   -3.9792E-03   
1.5146E-02   -3.0344E-03   
1.3973E-02   -4.5829E-03   
1.2166E-02   -4.0548E-03   
1.1203E-02   -3.4847E-03   
1.2784E-02   -4.2633E-03   
1.3510E-02   -4.2521E-03   
1.4443E-02   -3.9339E-03   
1.4779E-02   -3.5990E-03   
1.4183E-02   -4.2790E-03   
6.9607E-04   -9.0350E-03   
1.2706E-02   -4.5270E-03   
1.1980E-02   -5.3654E-03   
2.0885E-02   -7.5502E-04   
1.5704E-03   -7.5804E-03   
2.2785E-02   -1.1259E-04   
2.0478E-02   -1.5684E-03   
1.2646E-03   -9.1389E-03   
6.0523E-03   -7.6202E-03   
1.4272E-02   -4.7549E-03   
2.1237E-02   -4.0210E-04   
1.9327E-03   -9.0597E-03   
6.7978E-03   -7.0465E-03   
2.7447E-03   -8.9464E-03   
3.5741E-03   -8.8227E-03   
4.4019E-03   -8.6744E-03   
5.2562E-03   -8.5047E-03   
2.3514E-02   -1.0302E-04   
6.1284E-03   -8.3179E-03   
7.0435E-03   -8.1029E-03   
1.9947E-02   -1.2793E-03   
7.9868E-03   -7.8805E-03   
2.4265E-02   -9.9292E-05   
8.9448E-03   -7.6472E-03   
9.9304E-03   -7.4044E-03   
1.5272E-02   -3.2930E-03   
1.1043E-02   -7.1142E-03   
2.5056E-02   -9.2080E-05   
1.7386E-02   -1.5088E-03   
1.1932E-02   -6.9786E-03   
8.9146E-03   -5.5524E-03   
4.6036E-03   -8.0520E-03   
2.0092E-02   -1.1151E-03   
1.2967E-02   -6.6430E-03   
1.4129E-02   -6.4052E-03   
2.5871E-02   -8.1523E-05   
1.5213E-02   -6.1615E-03   
9.4330E-03   -6.4373E-03   
1.6417E-02   -5.8658E-03   
1.7355E-02   -5.7288E-03   
2.6715E-02   -7.0821E-05   
1.8442E-02   -5.3853E-03   
1.9669E-02   -5.0952E-03   
2.0325E-03   -8.6086E-03   
2.0820E-02   -4.7837E-03   
2.7689E-02   -6.4019E-05   
2.1530E-02   -2.5081E-04   
1.0079E-02   -6.0616E-03   
2.2066E-02   -4.3909E-03   
2.3255E-02   -4.0378E-03   
1.9104E-02   -1.8744E-03   
2.8772E-02   -3.4717E-05   
1.7423E-02   -2.3087E-03   
1.6044E-02   -2.7192E-03   
2.5596E-02   -3.1642E-03   
2.9937E-02   -5.0219E-04   
3.0151E-02   -5.0053E-04   
3.0035E-02   -1.4252E-04   
3.0125E-02   -5.9548E-05   
2.9966E-02   -3.1908E-04   
8.2224E-03   -7.3326E-03   
2.8214E-02   -1.8316E-03   
2.3545E-03   -8.7763E-03   
1.8013E-02   -2.3508E-03   
1.6965E-02   -2.6298E-03   
4.1412E-03   -8.3345E-03   
1.5896E-02   -3.2808E-03   
5.3474E-03   -7.9123E-03   
2.1448E-02   -6.3558E-04   
1.4993E-02   -3.9851E-03   
2.1042E-02   -1.3216E-03   
5.9358E-03   -7.9267E-03   
1.0562E-02   -6.1772E-03   
4.0736E-03   -8.5416E-03   
1.1677E-02   -5.7528E-03   
5.7925E-03   -8.1934E-03   
1.8916E-02   -2.1030E-03   
2.0480E-02   -4.5984E-03   
1.4899E-02   -5.9721E-03   
7.6611E-03   -7.7187E-03   
9.7086E-03   -6.6152E-03   
9.5920E-03   -7.2431E-03   
9.3629E-03   -7.0054E-03   
2.4633E-02   -1.9352E-04   
1.5306E-02   -4.5465E-03   
2.1878E-02   -3.5962E-04   
2.0732E-02   -1.7133E-03   
2.3181E-02   -2.0050E-04   
2.7569E-02   -1.3818E-04   
1.3599E-02   -5.1333E-03   
1.6793E-02   -5.5033E-03   
2.0423E-02   -8.5147E-04   
2.0712E-02   -1.1578E-03   
1.5341E-02   -3.4485E-03   
1.1156E-02   -5.4884E-03   
2.9425E-02   -1.3893E-05   
2.4471E-02   -3.6035E-03   
1.1347E-02   -6.7709E-03   
2.2341E-02   -4.0345E-03   
3.0187E-02   -3.3929E-04   
3.0324E-02   -3.1219E-05   
3.0279E-02   -8.7567E-05   
3.0221E-02   -2.0503E-04   
1.8566E-02   -5.0372E-03   
1.3046E-02   -6.2821E-03   
2.6240E-02   -1.5289E-04   
2.6646E-02   -2.3003E-03   
2.8898E-02   -1.0125E-04   
2.8078E-02   -1.6730E-03   
2.8710E-02   -7.3460E-04   
2.9033E-02   -1.4138E-04   
2.8888E-02   -3.1625E-04   
2.8530E-02   -1.1433E-03   
1.8756E-02   -2.3781E-03   
1.4666E-02   -5.7706E-03   
2.1678E-02   -4.9334E-04   
2.2421E-02   -4.1346E-04   
2.4191E-02   -3.0837E-04   
2.6281E-03   -8.5469E-03   
1.3280E-02   -5.5121E-03   
1.6795E-02   -2.9858E-03   
1.0205E-02   -6.8918E-03   
2.1586E-02   -7.8066E-04   
2.5782E-02   -2.5189E-04   
2.4079E-02   -3.5046E-03   
7.3980E-03   -7.5753E-03   
1.3872E-02   -5.9387E-03   
1.1036E-02   -6.6514E-03   
1.6554E-02   -5.3392E-03   
1.2305E-02   -5.7445E-03   
1.9657E-02   -4.6214E-03   
1.5936E-02   -3.8054E-03   
1.2099E-02   -6.3674E-03   
2.0469E-02   -1.9732E-03   
2.1313E-02   -1.4828E-03   
1.7649E-02   -5.0980E-03   
1.6076E-02   -4.1099E-03   
2.6698E-02   -2.1424E-04   
1.5623E-02   -4.7720E-03   
2.4985E-02   -2.7927E-04   
1.1491E-02   -6.0855E-03   
2.1334E-02   -9.7009E-04   
1.5597E-02   -5.5600E-03   
1.6542E-02   -3.3703E-03   
2.3270E-02   -3.3086E-04   
2.1582E-02   -1.0956E-03   
2.7526E-02   -1.1193E-03   
2.7981E-02   -2.4314E-04   
2.7813E-02   -5.0987E-04   
2.8145E-02   -1.4134E-04   
1.9540E-02   -2.1298E-03   
2.5146E-02   -2.9033E-03   
2.6882E-02   -1.9067E-03   
2.8834E-02   -2.6217E-04   
2.8591E-02   -9.7926E-04   
2.8620E-02   -5.0816E-04   
2.8502E-02   -6.1419E-04   
1.5313E-02   -5.3732E-03   
1.1505E-02   -6.3238E-03   
2.6077E-02   -3.2490E-04   
2.3205E-02   -3.6853E-03   
1.3310E-02   -5.8729E-03   
1.6323E-02   -4.3528E-03   
1.4984E-02   -5.1964E-03   
2.2188E-02   -1.3845E-03   
2.2950E-02   -4.7862E-04   
1.8826E-02   -4.6691E-03   
2.4582E-02   -3.8372E-04   
2.7714E-02   -6.8564E-04   
2.8067E-02   -3.5219E-04   
2.2420E-02   -1.0117E-03   
1.8605E-02   -2.6754E-03   
2.2372E-02   -7.2917E-04   
1.7603E-02   -3.0033E-03   
2.7470E-02   -9.0167E-04   
2.5500E-02   -2.3993E-03   
2.1217E-02   -1.9460E-03   
2.0778E-02   -4.1927E-03   
1.6850E-02   -3.7246E-03   
1.4091E-02   -5.4432E-03   
1.7224E-02   -4.9357E-03   
2.0647E-02   -2.1545E-03   
2.7509E-02   -2.1681E-04   
2.4937E-02   -2.7754E-03   
2.7039E-02   -1.5106E-03   
1.9030E-02   -4.2803E-03   
1.7880E-02   -3.5747E-03   
2.0505E-02   -2.4053E-03   
2.2071E-02   -1.8100E-03   
1.7898E-02   -4.5306E-03   
1.5950E-02   -4.9696E-03   
2.6360E-02   -3.8695E-04   
2.4343E-02   -2.8302E-03   
2.4652E-02   -5.0695E-04   
2.5587E-02   -4.4489E-04   
1.6920E-02   -4.7525E-03   
2.2947E-02   -7.9417E-04   
2.3012E-02   -6.1202E-04   
2.2741E-02   -1.1445E-03   
1.6700E-02   -3.5602E-03   
1.7256E-02   -4.1779E-03   
2.2536E-02   -1.5172E-03   
2.1053E-02   -3.8393E-03   
1.9408E-02   -2.6842E-03   
1.8445E-02   -2.9850E-03   
1.7794E-02   -3.8633E-03   
2.1411E-02   -2.2615E-03   
2.1983E-02   -2.0337E-03   
2.1612E-02   -4.1095E-03   
2.3071E-02   -1.2670E-03   
1.7568E-02   -4.3563E-03   
2.7121E-02   -3.2248E-04   
2.3752E-02   -6.3551E-04   
2.3260E-02   -9.3637E-04   
2.3125E-02   -3.2717E-03   
2.4380E-02   -6.7663E-04   
1.8394E-02   -3.2322E-03   
2.0016E-02   -2.7185E-03   
2.2181E-02   -2.1952E-03   
1.8153E-02   -3.9829E-03   
2.4151E-02   -8.4684E-04   
2.4888E-02   -2.4202E-03   
2.2919E-02   -1.5967E-03   
2.3944E-02   -1.1428E-03   
2.2690E-02   -3.6865E-03   
2.5969E-02   -5.0541E-04   
1.8978E-02   -3.2785E-03   
1.9972E-02   -2.9561E-03   
2.7459E-02   -3.7151E-04   
2.3681E-02   -1.4843E-03   
2.6468E-02   -5.4602E-04   
1.9117E-02   -3.7431E-03   
2.4323E-02   -9.6564E-04   
2.5525E-02   -6.4905E-04   
2.4269E-02   -1.2329E-03   
2.0837E-02   -2.8966E-03   
2.4833E-02   -7.1333E-04   
2.1849E-02   -2.5407E-03   
2.3325E-02   -1.9348E-03   
2.4977E-02   -9.7567E-04   
2.3712E-02   -2.0739E-03   
1.9454E-02   -3.8880E-03   
2.2654E-02   -2.4853E-03   
1.9776E-02   -3.3107E-03   
2.1636E-02   -2.8555E-03   
2.5740E-02   -7.3805E-04   
2.7343E-02   -4.9711E-04   
2.4365E-02   -2.0561E-03   
2.3495E-02   -2.3898E-03   
2.5991E-02   -8.1908E-04   
2.0133E-02   -3.5178E-03   
2.1265E-02   -3.2311E-03   
2.5551E-02   -9.8657E-04   
2.5332E-02   -1.8265E-03   
2.3418E-02   -2.6650E-03   
2.6872E-02   -6.7356E-04   
2.5517E-02   -1.1164E-03   
2.5276E-02   -2.0704E-03   
2.7271E-02   -7.0275E-04   
2.4330E-02   -2.4461E-03   
2.4593E-02   -1.3187E-03   
2.4006E-02   -1.5970E-03   
2.4438E-02   -1.6847E-03   
2.5518E-02   -1.4139E-03   
