51 
1844 
5.8153E-03   -6.4305E-03   
1.1060E-02   -5.4437E-03   
1.5215E-02   -3.9298E-03   
1.7883E-02   -2.0522E-03   
2.5050E-37   -6.7396E-03   
1.8783E-02   -1.2787E-37   
1.9204E-02   -7.5867E-35   
1.9892E-02   -7.0905E-37   
2.1402E-02   3.1647E-35   
2.2770E-02   4.6514E-35   
2.4508E-02   9.8798E-35   
2.6630E-02   1.3621E-34   
2.8262E-02   1.6489E-34   
3.1039E-02   2.5080E-34   
3.3107E-02   3.0413E-34   
3.5344E-02   2.6639E-34   
3.6524E-02   4.1292E-34   
3.9002E-02   6.1198E-34   
4.1630E-02   8.9103E-34   
4.3000E-02   -8.8449E-30   
4.3000E-02   -5.5568E-34   
4.3000E-02   -5.5568E-34   
4.3000E-02   -5.5568E-34   
4.3000E-02   -5.5568E-34   
4.3000E-02   -5.5568E-34   
4.3000E-02   -5.5568E-34   
4.3000E-02   -5.5568E-34   
4.3000E-02   -5.5568E-34   
4.3000E-02   -5.5568E-34   
4.3000E-02   -5.5568E-34   
4.3000E-02   -5.5568E-34   
4.3000E-02   -5.5568E-34   
4.0399E-02   -1.8614E-03   
3.6162E-02   -4.2474E-03   
3.4374E-02   -5.0682E-03   
3.2668E-02   -5.7453E-03   
2.9382E-02   -6.8355E-03   
2.7781E-02   -7.2917E-03   
2.4632E-02   -8.0950E-03   
2.3085E-02   -8.4625E-03   
2.0041E-02   -9.1620E-03   
1.7080E-02   -9.8387E-03   
1.5638E-02   -1.0175E-02   
1.2844E-02   -1.0835E-02   
1.0189E-02   -1.1465E-02   
8.9188E-03   -1.1758E-02   
6.4938E-03   -1.2280E-02   
4.2146E-03   -1.2680E-02   
2.0601E-03   -1.2928E-02   
3.4798E-37   -1.3003E-02   
8.9213E-34   -1.2319E-02   
9.3877E-34   -1.1666E-02   
8.8452E-34   -1.0799E-02   
8.3854E-34   -1.0302E-02   
7.3827E-34   -9.4903E-03   
6.7348E-34   -9.0281E-03   
6.0665E-34   -8.5776E-03   
5.5129E-34   -8.2137E-03   
5.3926E-34   -7.8949E-03   
4.4091E-03   -6.8652E-03   
4.1316E-02   -1.6474E-04   
3.9550E-02   -3.4434E-04   
3.6996E-02   -5.9524E-04   
3.4903E-02   -8.0954E-04   
3.2876E-02   -1.0764E-03   
3.0591E-02   -1.2355E-03   
2.8720E-02   -1.3006E-03   
2.6409E-02   -1.5006E-03   
2.4116E-02   -1.6241E-03   
2.1835E-02   -1.7325E-03   
1.9571E-02   -1.8291E-03   
1.7214E-02   -1.9837E-03   
1.4791E-02   -2.3760E-03   
1.1478E-02   -3.4287E-03   
8.1018E-03   -5.0702E-03   
1.2023E-02   -3.9947E-03   
1.4334E-02   -1.9881E-03   
1.6575E-02   -1.2599E-03   
1.8695E-02   -1.0667E-03   
2.0733E-02   -1.0405E-03   
2.2671E-02   -1.0503E-03   
2.4885E-02   -9.6367E-04   
2.6943E-02   -8.9384E-04   
2.8860E-02   -8.0366E-04   
3.0839E-02   -8.0917E-04   
3.2992E-02   -6.4112E-04   
3.5063E-02   -5.0571E-04   
3.7090E-02   -4.0718E-04   
3.9235E-02   -2.3666E-04   
4.1098E-02   -9.9825E-05   
1.7591E-02   -8.8877E-04   
1.8673E-02   -4.2055E-04   
1.9906E-02   -3.9544E-04   
2.1614E-02   -4.0605E-04   
2.3249E-02   -4.1347E-04   
2.5263E-02   -4.3556E-04   
2.7064E-02   -4.4719E-04   
2.8852E-02   -4.3737E-04   
3.1154E-02   -3.5163E-04   
3.3080E-02   -2.8431E-04   
3.5259E-02   -2.4417E-04   
3.7400E-02   -1.7625E-04   
3.9492E-02   -1.1568E-04   
4.1413E-02   -3.7770E-05   
4.0999E-02   -2.5586E-04   
3.9089E-02   -5.3965E-04   
3.6748E-02   -9.0545E-04   
3.4586E-02   -1.1316E-03   
3.2717E-02   -1.4545E-03   
3.0368E-02   -1.7142E-03   
2.8052E-02   -1.9487E-03   
2.5857E-02   -2.1312E-03   
2.3574E-02   -2.3534E-03   
2.1434E-02   -2.5472E-03   
1.8690E-02   -2.8515E-03   
1.5758E-02   -3.3013E-03   
1.2881E-02   -3.9209E-03   
9.8668E-03   -4.8151E-03   
6.4963E-03   -6.1966E-03   
3.2317E-03   -7.5192E-03   
4.0878E-02   -3.7942E-04   
3.9254E-02   -6.8930E-04   
3.6473E-02   -1.2277E-03   
3.4648E-02   -1.5653E-03   
3.2470E-02   -1.9027E-03   
2.9851E-02   -2.3378E-03   
2.7535E-02   -2.5757E-03   
2.5286E-02   -2.8271E-03   
2.2643E-02   -3.1928E-03   
2.0168E-02   -3.5961E-03   
1.7544E-02   -4.0338E-03   
1.4789E-02   -4.4385E-03   
1.1828E-02   -5.2564E-03   
8.9442E-03   -6.0332E-03   
5.8136E-03   -7.1372E-03   
2.7708E-03   -8.0983E-03   
4.1472E-02   -3.3169E-04   
3.8529E-02   -1.0361E-03   
3.6853E-02   -1.4023E-03   
3.4810E-02   -1.8867E-03   
3.1760E-02   -2.5035E-03   
2.9588E-02   -2.9145E-03   
2.7331E-02   -3.2511E-03   
2.4663E-02   -3.6982E-03   
2.2230E-02   -4.1355E-03   
1.9605E-02   -4.5017E-03   
1.7130E-02   -4.9263E-03   
1.4030E-02   -5.4888E-03   
1.1025E-02   -6.4359E-03   
8.2194E-03   -7.1142E-03   
5.5855E-03   -7.9696E-03   
2.7465E-03   -8.6498E-03   
4.0530E-02   -6.7839E-04   
3.8804E-02   -1.1941E-03   
3.6717E-02   -1.8107E-03   
3.4613E-02   -2.4045E-03   
3.1562E-02   -3.1158E-03   
2.9111E-02   -3.5600E-03   
2.6621E-02   -4.1297E-03   
2.4236E-02   -4.6427E-03   
2.1389E-02   -5.0294E-03   
1.9074E-02   -5.3684E-03   
1.6719E-02   -5.9692E-03   
1.3593E-02   -6.7091E-03   
1.0543E-02   -7.4884E-03   
7.8747E-03   -8.1534E-03   
5.0368E-03   -8.8367E-03   
2.6306E-03   -9.2740E-03   
4.1051E-02   -7.1791E-04   
3.8707E-02   -1.5823E-03   
3.6786E-02   -2.1716E-03   
3.3778E-02   -3.1170E-03   
3.1130E-02   -3.9071E-03   
2.8766E-02   -4.3850E-03   
2.5834E-02   -5.0246E-03   
2.3636E-02   -5.4912E-03   
2.0782E-02   -5.9456E-03   
1.8296E-02   -6.4268E-03   
1.5479E-02   -7.0467E-03   
1.3181E-02   -7.6276E-03   
1.0414E-02   -8.3400E-03   
7.6715E-03   -8.9820E-03   
5.0111E-03   -9.5686E-03   
2.3559E-03   -9.9898E-03   
4.0720E-02   -9.6788E-04   
3.8149E-02   -2.0149E-03   
3.6354E-02   -2.6603E-03   
3.2864E-02   -3.9207E-03   
3.0750E-02   -4.5411E-03   
2.8347E-02   -5.2162E-03   
2.5714E-02   -5.7335E-03   
2.3053E-02   -6.3208E-03   
2.0102E-02   -6.9847E-03   
1.7635E-02   -7.4907E-03   
1.5215E-02   -7.9865E-03   
1.2695E-02   -8.5955E-03   
9.9229E-03   -9.3680E-03   
7.5634E-03   -9.8134E-03   
4.8925E-03   -1.0366E-02   
2.4284E-03   -1.0687E-02   
4.0916E-02   -1.1508E-03   
3.8715E-02   -2.2196E-03   
3.5761E-02   -3.4318E-03   
3.3178E-02   -4.5089E-03   
3.0381E-02   -5.1762E-03   
2.7681E-02   -5.8759E-03   
2.5111E-02   -6.5389E-03   
2.2537E-02   -7.1557E-03   
1.9963E-02   -7.7583E-03   
1.7133E-02   -8.2882E-03   
1.4631E-02   -9.0634E-03   
1.2006E-02   -9.5834E-03   
9.6462E-03   -1.0065E-02   
7.1923E-03   -1.0641E-02   
4.6652E-03   -1.1161E-02   
2.5924E-03   -1.1370E-02   
4.0309E-02   -1.7459E-03   
3.7621E-02   -3.2922E-03   
3.5383E-02   -4.1739E-03   
3.1892E-02   -5.4574E-03   
2.9781E-02   -6.0809E-03   
2.6850E-02   -6.8712E-03   
2.4306E-02   -7.5495E-03   
2.2040E-02   -7.9634E-03   
1.9312E-02   -8.5643E-03   
1.6738E-02   -9.2878E-03   
1.4577E-02   -9.7308E-03   
1.1962E-02   -1.0368E-02   
9.2694E-03   -1.0989E-02   
6.8691E-03   -1.1472E-02   
4.5752E-03   -1.1887E-02   
2.0468E-03   -1.2296E-02   
7.3035E-04   -6.7623E-03   
1.4698E-03   -6.7488E-03   
2.2056E-03   -6.7228E-03   
2.9391E-03   -6.6865E-03   
3.6679E-03   -6.6392E-03   
4.3912E-03   -6.5804E-03   
5.1074E-03   -6.5106E-03   
6.5140E-03   -6.3404E-03   
7.2024E-03   -6.2405E-03   
7.8796E-03   -6.1310E-03   
8.5444E-03   -6.0119E-03   
9.1959E-03   -5.8834E-03   
9.8330E-03   -5.7457E-03   
1.0455E-02   -5.5990E-03   
1.1648E-02   -5.2800E-03   
1.2218E-02   -5.1082E-03   
1.2768E-02   -4.9291E-03   
1.3300E-02   -4.7426E-03   
1.3811E-02   -4.5495E-03   
1.4302E-02   -4.3490E-03   
1.4770E-02   -4.1423E-03   
1.5637E-02   -3.7119E-03   
1.6035E-02   -3.4884E-03   
1.6408E-02   -3.2598E-03   
1.6756E-02   -3.0263E-03   
1.7077E-02   -2.7885E-03   
1.7373E-02   -2.5467E-03   
1.7642E-02   -2.3011E-03   
1.8097E-02   -1.8001E-03   
1.8283E-02   -1.5450E-03   
1.8440E-02   -1.2868E-03   
1.8558E-02   -1.0264E-03   
1.8676E-02   -7.7067E-04   
1.8731E-02   -5.1747E-04   
1.8786E-02   -2.5123E-04   
1.8907E-02   -3.7647E-34   
1.8975E-02   -3.5027E-34   
1.9030E-02   -2.5896E-34   
1.9081E-02   -1.3681E-34   
1.9136E-02   -1.0249E-34   
1.9289E-02   -5.4255E-35   
1.9397E-02   -3.6664E-35   
1.9532E-02   -2.2329E-35   
1.9696E-02   -1.0538E-35   
2.0121E-02   7.5172E-36   
2.0386E-02   1.4439E-35   
2.0687E-02   2.0458E-35   
2.1026E-02   2.6073E-35   
2.1818E-02   3.6679E-35   
2.2274E-02   4.1664E-35   
2.3308E-02   5.1901E-35   
2.3887E-02   5.7435E-35   
2.5173E-02   1.0405E-34   
2.5880E-02   7.8177E-35   
2.7423E-02   1.4734E-34   
2.9143E-02   1.9077E-34   
3.0069E-02   2.1537E-34   
3.2051E-02   2.5955E-34   
3.4205E-02   3.4698E-34   
3.7744E-02   5.1855E-34   
4.0297E-02   5.4285E-34   
4.3000E-02   -5.5568E-34   
4.3000E-02   -5.5568E-34   
4.3000E-02   -5.5568E-34   
4.3000E-02   -5.5568E-34   
4.3000E-02   -5.5568E-34   
3.8087E-02   -3.2633E-03   
3.1010E-02   -6.3267E-03   
2.6198E-02   -7.7073E-03   
2.1553E-02   -8.8169E-03   
1.8549E-02   -9.5022E-03   
1.4225E-02   -1.0507E-02   
1.1498E-02   -1.1156E-02   
7.6869E-03   -1.2031E-02   
5.3370E-03   -1.2496E-02   
3.1227E-03   -1.2824E-02   
1.0236E-03   -1.2993E-02   
6.6065E-34   -1.2661E-02   
9.2793E-34   -1.1985E-02   
9.0940E-34   -1.1361E-02   
1.3250E-33   -1.1072E-02   
1.3376E-33   -1.0542E-02   
8.1910E-34   -1.0076E-02   
7.9688E-34   -9.8661E-03   
7.6626E-34   -9.6711E-03   
7.1510E-34   -9.3232E-03   
6.9340E-34   -9.1693E-03   
6.5663E-34   -8.8990E-03   
6.4002E-34   -8.7814E-03   
6.2252E-34   -8.6745E-03   
5.9282E-34   -8.4899E-03   
5.8027E-34   -8.4105E-03   
5.6910E-34   -8.3387E-03   
5.5941E-34   -8.2735E-03   
5.4474E-34   -8.1582E-03   
5.3983E-34   -8.1057E-03   
5.3669E-34   -8.0548E-03   
5.3548E-34   -8.0039E-03   
5.3633E-34   -7.9512E-03   
5.4411E-34   -7.8327E-03   
5.5061E-34   -7.7623E-03   
5.5968E-34   -7.6808E-03   
5.7178E-34   -7.5859E-03   
5.9078E-34   -7.4749E-03   
9.3136E-34   -7.3401E-03   
9.3877E-34   -7.1829E-03   
7.7033E-34   -6.9751E-03   
7.8735E-03   -6.0642E-03   
1.2153E-02   -4.8184E-03   
1.3755E-02   -4.1888E-03   
9.1568E-03   -5.7489E-03   
1.7442E-02   -2.1632E-03   
5.8820E-03   -6.4596E-03   
2.4278E-03   -6.8787E-03   
1.6438E-02   -2.8497E-03   
1.8383E-02   -1.2420E-03   
1.5202E-02   -3.5290E-03   
1.0397E-02   -5.3981E-03   
1.7972E-02   -1.7037E-03   
1.0998E-02   -5.2116E-03   
5.2039E-03   -6.5687E-03   
1.4744E-02   -3.7522E-03   
1.6799E-02   -2.6214E-03   
1.8837E-02   -3.4735E-04   
9.3481E-04   -6.9572E-03   
4.5200E-03   -6.6657E-03   
1.2701E-02   -4.6128E-03   
1.3231E-02   -4.4023E-03   
1.7722E-02   -1.9337E-03   
3.1333E-03   -6.8208E-03   
1.8545E-02   -1.0074E-03   
1.6924E-03   -6.9282E-03   
3.8304E-03   -6.7499E-03   
1.7135E-02   -2.3926E-03   
1.8192E-02   -1.4731E-03   
6.5539E-03   -6.3387E-03   
1.6050E-02   -3.0774E-03   
1.5638E-02   -3.3041E-03   
9.7831E-03   -5.5776E-03   
7.2182E-03   -6.2068E-03   
8.5204E-03   -5.9113E-03   
1.1585E-02   -5.0183E-03   
1.4261E-02   -3.9722E-03   
5.4057E-04   -7.4005E-03   
5.1416E-04   -7.5225E-03   
4.9520E-04   -7.6257E-03   
4.7770E-04   -7.7135E-03   
4.6412E-04   -7.7887E-03   
4.5579E-04   -7.8541E-03   
4.5122E-04   -7.9126E-03   
4.4929E-04   -7.9664E-03   
4.4950E-04   -8.0177E-03   
1.8978E-02   -1.6735E-04   
4.5163E-04   -8.0682E-03   
1.9028E-02   -1.3207E-04   
4.5564E-04   -8.1196E-03   
1.9078E-02   -1.0659E-04   
4.6149E-04   -8.1733E-03   
1.9138E-02   -8.7625E-05   
4.6905E-04   -8.2308E-03   
1.9214E-02   -7.4481E-05   
4.7820E-04   -8.2932E-03   
1.9310E-02   -6.5890E-05   
4.8887E-04   -8.3617E-03   
1.9432E-02   -6.1091E-05   
5.0090E-04   -8.4372E-03   
1.9582E-02   -5.9366E-05   
5.1425E-04   -8.5208E-03   
1.9763E-02   -6.0008E-05   
5.2890E-04   -8.6132E-03   
1.9976E-02   -6.2458E-05   
5.4419E-04   -8.7150E-03   
2.0225E-02   -6.6503E-05   
5.5983E-04   -8.8270E-03   
2.0509E-02   -7.1818E-05   
5.7748E-04   -8.9503E-03   
2.0831E-02   -7.7988E-05   
5.9782E-04   -9.0857E-03   
2.1191E-02   -8.4690E-05   
6.1919E-04   -9.2334E-03   
2.1589E-02   -9.1124E-05   
6.4091E-04   -9.3939E-03   
2.2024E-02   -9.8510E-05   
6.6284E-04   -9.5675E-03   
2.2495E-02   -1.0652E-04   
6.8426E-04   -9.7538E-03   
2.3005E-02   -1.1584E-04   
7.1321E-04   -9.9524E-03   
2.3560E-02   -1.2428E-04   
7.4743E-04   -1.0167E-02   
2.4159E-02   -1.3037E-04   
7.6566E-04   -1.0398E-02   
2.4802E-02   -1.3613E-04   
7.8459E-04   -1.0643E-02   
2.5494E-02   -1.4186E-04   
8.4015E-04   -1.0906E-02   
2.6238E-02   -1.4445E-04   
8.7285E-04   -1.1194E-02   
2.7007E-02   -1.4133E-04   
8.7871E-04   -1.1498E-02   
2.7806E-02   -1.4624E-04   
9.1251E-04   -1.1815E-02   
2.8663E-02   -1.4803E-04   
9.6625E-04   -1.2156E-02   
9.7740E-03   -5.3916E-03   
1.5232E-02   -3.1590E-03   
1.6873E-02   -2.2607E-03   
7.2555E-03   -6.1404E-03   
1.8795E-02   -5.0907E-04   
1.9635E-03   -7.0580E-03   
1.2651E-02   -4.3024E-03   
1.8485E-02   -9.8547E-04   
3.3133E-03   -6.9163E-03   
5.3065E-03   -6.5880E-03   
4.6490E-03   -6.7110E-03   
1.4265E-02   -3.6174E-03   
1.0983E-02   -4.9715E-03   
1.7817E-02   -1.6146E-03   
1.8070E-02   -1.4038E-03   
1.1564E-02   -4.7540E-03   
1.3740E-02   -3.8441E-03   
1.7217E-02   -2.0428E-03   
1.6501E-02   -2.4814E-03   
7.8949E-03   -5.9676E-03   
5.9611E-03   -6.4512E-03   
1.2069E-03   -7.1302E-03   
8.5282E-03   -5.7845E-03   
1.2114E-02   -4.5297E-03   
1.3197E-02   -4.0716E-03   
1.7532E-02   -1.8275E-03   
1.8292E-02   -1.1943E-03   
9.1554E-03   -5.5922E-03   
1.5679E-02   -2.9309E-03   
3.9841E-03   -6.8208E-03   
6.6113E-03   -6.3018E-03   
1.6103E-02   -2.7049E-03   
1.8651E-02   -7.6963E-04   
2.6343E-03   -6.9956E-03   
1.4761E-02   -3.3888E-03   
1.0385E-02   -5.1845E-03   
5.6332E-04   -7.2542E-03   
1.0772E-03   -7.4245E-03   
1.0284E-03   -7.5434E-03   
9.8444E-04   -7.6385E-03   
9.4424E-04   -7.7197E-03   
9.1924E-04   -7.7888E-03   
9.0574E-04   -7.8493E-03   
8.9942E-04   -7.9041E-03   
1.8920E-02   -2.2764E-04   
8.9806E-04   -7.9555E-03   
9.0076E-04   -8.0054E-03   
1.8924E-02   -2.8969E-04   
9.0725E-04   -8.0556E-03   
1.8964E-02   -2.3763E-04   
9.1741E-04   -8.1076E-03   
1.9016E-02   -1.9300E-04   
9.3110E-04   -8.1628E-03   
1.9083E-02   -1.6183E-04   
9.4803E-04   -8.2224E-03   
1.9168E-02   -1.4109E-04   
9.6752E-04   -8.2876E-03   
1.9277E-02   -1.2822E-04   
9.9230E-04   -8.3590E-03   
1.9414E-02   -1.2212E-04   
1.0217E-03   -8.4379E-03   
1.9580E-02   -1.2146E-04   
1.0496E-03   -8.5260E-03   
1.9779E-02   -1.2489E-04   
1.0754E-03   -8.6233E-03   
2.0013E-02   -1.3138E-04   
1.1029E-03   -8.7297E-03   
2.0284E-02   -1.4094E-04   
1.1352E-03   -8.8466E-03   
2.0590E-02   -1.5291E-04   
1.1735E-03   -8.9754E-03   
2.0934E-02   -1.6647E-04   
1.2162E-03   -9.1167E-03   
2.1322E-02   -1.7863E-04   
1.2606E-03   -9.2710E-03   
2.1739E-02   -1.8834E-04   
1.3048E-03   -9.4384E-03   
2.2176E-02   -2.0574E-04   
1.3410E-03   -9.6185E-03   
2.2655E-02   -2.2150E-04   
1.3676E-03   -9.8069E-03   
2.3177E-02   -2.4393E-04   
1.4512E-03   -1.0001E-02   
2.3756E-02   -2.5763E-04   
1.5259E-03   -1.0223E-02   
2.4381E-02   -2.6663E-04   
1.5252E-03   -1.0464E-02   
2.5048E-02   -2.7984E-04   
1.5940E-03   -1.0703E-02   
2.5791E-02   -2.8902E-04   
1.8172E-03   -1.0973E-02   
2.6589E-02   -2.8853E-04   
1.7503E-03   -1.1297E-02   
2.7321E-02   -2.6779E-04   
1.7817E-03   -1.1601E-02   
2.8106E-02   -3.2096E-04   
1.8724E-03   -1.1920E-02   
2.9567E-02   -1.5601E-04   
1.2651E-02   -4.0051E-03   
1.3233E-02   -3.7551E-03   
1.1010E-02   -4.7337E-03   
1.3783E-02   -3.5204E-03   
1.0416E-02   -4.9636E-03   
4.7810E-03   -6.7220E-03   
5.4190E-03   -6.5736E-03   
6.0546E-03   -6.4111E-03   
6.6873E-03   -6.2353E-03   
7.3172E-03   -6.0468E-03   
4.1322E-03   -6.8578E-03   
7.9446E-03   -5.8469E-03   
9.8073E-03   -5.1931E-03   
1.4315E-02   -3.2881E-03   
8.5694E-03   -5.6368E-03   
9.1914E-03   -5.4184E-03   
3.4637E-03   -6.9820E-03   
1.4819E-02   -3.0529E-03   
1.7638E-02   -1.5346E-03   
1.7924E-02   -1.3382E-03   
1.8174E-02   -1.1475E-03   
1.7320E-02   -1.7358E-03   
2.7970E-03   -7.0870E-03   
1.5299E-02   -2.8199E-03   
1.6971E-02   -1.9416E-03   
1.6188E-02   -2.3690E-03   
1.5756E-02   -2.5918E-03   
1.6593E-02   -2.1527E-03   
2.1694E-03   -7.1530E-03   
1.6335E-03   -7.2021E-03   
1.8391E-02   -9.5833E-04   
1.8581E-02   -7.6603E-04   
1.8747E-02   -5.6936E-04   
1.1211E-03   -7.3030E-03   
1.5498E-03   -7.5303E-03   
1.4533E-03   -7.6245E-03   
1.3965E-03   -7.6996E-03   
1.3668E-03   -7.7627E-03   
1.3523E-03   -7.8182E-03   
1.3472E-03   -7.8693E-03   
1.8877E-02   -3.6148E-04   
1.3489E-03   -7.9184E-03   
1.3565E-03   -7.9671E-03   
1.8793E-02   -4.1176E-04   
1.3695E-03   -8.0172E-03   
1.8844E-02   -3.2328E-04   
1.3879E-03   -8.0700E-03   
1.8900E-02   -2.6738E-04   
1.4113E-03   -8.1268E-03   
1.8974E-02   -2.3003E-04   
1.4378E-03   -8.1888E-03   
1.9070E-02   -2.0635E-04   
1.4734E-03   -8.2552E-03   
1.9195E-02   -1.9220E-04   
1.5305E-03   -8.3263E-03   
1.9348E-02   -1.8791E-04   
1.5746E-03   -8.4102E-03   
1.9530E-02   -1.9111E-04   
1.6006E-03   -8.5056E-03   
1.9749E-02   -1.9869E-04   
1.6358E-03   -8.6076E-03   
2.0009E-02   -2.1017E-04   
1.6739E-03   -8.7194E-03   
2.0299E-02   -2.2724E-04   
1.7250E-03   -8.8404E-03   
2.0626E-02   -2.4793E-04   
1.7933E-03   -8.9731E-03   
2.1006E-02   -2.6756E-04   
1.8630E-03   -9.1208E-03   
2.1437E-02   -2.8190E-04   
1.9301E-03   -9.2833E-03   
2.1848E-02   -2.8197E-04   
1.9865E-03   -9.4613E-03   
2.2249E-02   -3.3556E-04   
2.0053E-03   -9.6534E-03   
1.9674E-03   -9.8340E-03   
2.3023E-03   -1.0279E-02   
2.4531E-02   -4.1408E-04   
2.5663E-03   -1.1100E-02   
2.6764E-03   -1.1655E-02   
2.6079E-02   -4.4571E-04   
3.0561E-02   -1.6731E-04   
1.8272E-02   -9.3487E-04   
1.8483E-02   -7.5971E-04   
1.8675E-02   -5.8169E-04   
1.1596E-02   -4.2875E-03   
1.1087E-02   -4.4912E-03   
4.2836E-03   -6.8648E-03   
3.6214E-03   -7.0178E-03   
6.7836E-03   -6.1443E-03   
4.9192E-03   -6.7035E-03   
7.4034E-03   -5.9312E-03   
5.5441E-03   -6.5303E-03   
1.0492E-02   -4.7375E-03   
1.3883E-02   -3.2310E-03   
6.1646E-03   -6.3442E-03   
1.7442E-02   -1.4653E-03   
1.7091E-02   -1.6599E-03   
8.0237E-03   -5.7068E-03   
8.6447E-03   -5.4729E-03   
1.5863E-02   -2.2847E-03   
1.6300E-02   -2.0687E-03   
1.7763E-02   -1.2760E-03   
2.9319E-03   -7.1564E-03   
1.8038E-02   -1.1030E-03   
9.8815E-03   -4.9855E-03   
1.5401E-02   -2.5102E-03   
9.2653E-03   -5.2318E-03   
1.6710E-02   -1.8608E-03   
1.4407E-02   -2.9849E-03   
1.4914E-02   -2.7443E-03   
1.9935E-03   -7.5071E-03   
1.8869E-03   -7.5895E-03   
1.8356E-03   -7.6549E-03   
1.8093E-03   -7.7107E-03   
1.7981E-03   -7.7610E-03   
1.7973E-03   -7.8086E-03   
1.8047E-03   -7.8555E-03   
1.8194E-03   -7.9034E-03   
1.8812E-02   -4.3927E-04   
1.8629E-02   -4.8093E-04   
1.8409E-03   -7.9536E-03   
1.8672E-02   -3.9778E-04   
1.8694E-03   -8.0074E-03   
1.8736E-02   -3.3715E-04   
1.9029E-03   -8.0658E-03   
1.8818E-02   -2.9890E-04   
1.9417E-03   -8.1285E-03   
1.8927E-02   -2.7646E-04   
1.9953E-03   -8.1936E-03   
1.9075E-02   -2.6169E-04   
2.1426E-03   -8.2552E-03   
1.9235E-02   -2.6388E-04   
2.1204E-03   -8.3632E-03   
1.9430E-02   -2.7299E-04   
2.1639E-03   -8.4612E-03   
1.9685E-02   -2.8503E-04   
2.2070E-03   -8.5715E-03   
1.9968E-02   -3.0069E-04   
2.3370E-03   -8.8069E-03   
2.6546E-03   -9.7031E-03   
2.0617E-02   -3.6098E-04   
2.4553E-03   -8.9407E-03   
2.5451E-03   -9.0998E-03   
2.7029E-03   -9.4720E-03   
2.2782E-02   -3.3118E-04   
2.3957E-02   -3.8046E-04   
2.4657E-02   -5.8228E-04   
2.1058E-02   -3.8643E-04   
3.5410E-03   -1.1376E-02   
2.5450E-02   -6.0286E-04   
2.6812E-03   -1.0868E-02   
2.2058E-02   -4.7275E-04   
3.1845E-03   -1.0070E-02   
1.8570E-02   -5.9683E-04   
1.8346E-02   -7.6853E-04   
1.8142E-02   -9.2348E-04   
1.2971E-02   -3.4281E-03   
1.2759E-02   -3.7020E-03   
1.3454E-02   -3.1986E-03   
1.0634E-02   -4.5064E-03   
1.7583E-02   -1.2256E-03   
4.4630E-03   -6.8373E-03   
1.7906E-02   -1.0454E-03   
3.8122E-03   -7.0151E-03   
3.1359E-03   -7.1798E-03   
5.0846E-03   -6.6531E-03   
6.9013E-03   -6.0329E-03   
6.2923E-03   -6.2551E-03   
1.0001E-02   -4.7708E-03   
5.6907E-03   -6.4607E-03   
7.5155E-03   -5.7974E-03   
1.3994E-02   -2.9504E-03   
1.5996E-02   -2.0091E-03   
1.7228E-02   -1.4119E-03   
8.1334E-03   -5.5511E-03   
1.6436E-02   -1.8011E-03   
1.6846E-02   -1.6027E-03   
1.5530E-02   -2.2288E-03   
8.7544E-03   -5.2962E-03   
9.3775E-03   -5.0353E-03   
1.5039E-02   -2.4600E-03   
1.4526E-02   -2.7018E-03   
1.9734E-03   -7.3515E-03   
2.3685E-03   -7.4669E-03   
2.3067E-03   -7.5301E-03   
2.2697E-03   -7.5845E-03   
2.2512E-03   -7.6330E-03   
2.2465E-03   -7.6784E-03   
2.2529E-03   -7.7226E-03   
2.2682E-03   -7.7676E-03   
2.2918E-03   -7.8148E-03   
1.8379E-02   -5.7070E-04   
2.3241E-03   -7.8653E-03   
1.8458E-02   -4.6652E-04   
2.3646E-03   -7.9198E-03   
2.4074E-03   -7.9802E-03   
1.8529E-02   -4.0866E-04   
1.8615E-02   -3.7518E-04   
2.4377E-03   -8.0492E-03   
1.8727E-02   -3.6197E-04   
2.5761E-03   -8.2223E-03   
1.9026E-02   -3.6448E-04   
2.6804E-03   -8.2911E-03   
1.9602E-02   -3.8608E-04   
1.9305E-02   -3.7150E-04   
2.7676E-03   -8.3952E-03   
3.0650E-03   -8.7157E-03   
2.2433E-03   -8.6902E-03   
3.1639E-03   -8.8856E-03   
3.2823E-03   -9.0533E-03   
3.3085E-03   -1.0912E-02   
3.2604E-03   -1.0659E-02   
3.4116E-03   -9.2387E-03   
2.0582E-02   -4.9723E-04   
2.2573E-02   -4.4620E-04   
2.1585E-02   -5.7386E-04   
2.3844E-02   -5.4559E-04   
2.1064E-02   -5.2869E-04   
2.0264E-02   -3.3025E-04   
3.5746E-03   -9.4618E-03   
3.0443E-03   -1.0396E-02   
3.3522E-03   -9.7724E-03   
2.6273E-02   -6.1858E-04   
3.3841E-03   -1.1679E-02   
3.2041E-03   -1.1155E-02   
2.4787E-02   -7.6401E-04   
1.2366E-02   -3.6017E-03   
1.8418E-02   -6.3687E-04   
1.7732E-02   -1.0142E-03   
4.6853E-03   -6.7721E-03   
1.7371E-02   -1.1966E-03   
4.0680E-03   -6.9670E-03   
2.8128E-03   -7.2973E-03   
1.0166E-02   -4.5435E-03   
6.4371E-03   -6.1473E-03   
5.8452E-03   -6.3731E-03   
5.2710E-03   -6.5782E-03   
1.3578E-02   -2.9631E-03   
7.0422E-03   -5.9046E-03   
1.6152E-02   -1.7631E-03   
7.6550E-03   -5.6488E-03   
1.6588E-02   -1.5649E-03   
1.6993E-02   -1.3772E-03   
1.5685E-02   -1.9751E-03   
8.2742E-03   -5.3828E-03   
9.5273E-03   -4.8294E-03   
1.4134E-02   -2.6944E-03   
1.5191E-02   -2.2012E-03   
8.8992E-03   -5.1090E-03   
1.4672E-02   -2.4416E-03   
2.8434E-03   -7.3331E-03   
2.7867E-03   -7.3884E-03   
1.1556E-02   -3.9468E-03   
2.7399E-03   -7.4404E-03   
1.0834E-02   -4.2479E-03   
2.7092E-03   -7.4873E-03   
2.6977E-03   -7.5300E-03   
2.7014E-03   -7.5708E-03   
2.7167E-03   -7.6121E-03   
2.7422E-03   -7.6554E-03   
2.7777E-03   -7.7019E-03   
3.1768E-03   -8.0838E-03   
1.8163E-02   -6.0923E-04   
2.8235E-03   -7.7521E-03   
2.8785E-03   -7.8080E-03   
1.8218E-02   -5.3581E-04   
2.9342E-03   -7.8747E-03   
1.8280E-02   -4.8948E-04   
1.8357E-02   -4.6716E-04   
2.4503E-03   -8.1167E-03   
1.8879E-02   -4.7208E-04   
3.3145E-03   -8.1851E-03   
3.3063E-03   -8.5054E-03   
2.2277E-02   -6.1666E-04   
2.0997E-02   -6.9355E-04   
1.9542E-02   -5.1425E-04   
3.9146E-03   -8.8047E-03   
1.9167E-02   -4.8851E-04   
4.0944E-03   -8.9687E-03   
2.7888E-03   -8.5251E-03   
3.9889E-03   -1.1002E-02   
4.2374E-03   -9.1556E-03   
2.3047E-02   -6.0124E-04   
4.1025E-03   -9.8318E-03   
3.9698E-03   -1.0128E-02   
2.0112E-02   -4.6745E-04   
4.0921E-03   -1.0678E-02   
3.7736E-03   -8.6515E-03   
2.0520E-02   -6.5247E-04   
2.5598E-02   -7.8368E-04   
2.4028E-02   -7.3342E-04   
1.7828E-02   -8.5589E-04   
1.7493E-02   -1.0213E-03   
1.8119E-02   -7.9966E-04   
3.7740E-03   -7.0712E-03   
4.9348E-03   -6.6820E-03   
1.3135E-02   -3.0020E-03   
6.0060E-03   -6.2711E-03   
1.7132E-02   -1.1890E-03   
5.4257E-03   -6.4996E-03   
6.6010E-03   -6.0245E-03   
2.2931E-03   -7.3629E-03   
7.2069E-03   -5.7626E-03   
9.7166E-03   -4.6150E-03   
1.5860E-02   -1.7478E-03   
1.6740E-02   -1.3641E-03   
1.6317E-02   -1.5491E-03   
1.3731E-02   -2.7184E-03   
7.8225E-03   -5.4881E-03   
1.5366E-02   -1.9666E-03   
8.4462E-03   -5.2042E-03   
9.0778E-03   -4.9128E-03   
1.4299E-02   -2.4522E-03   
1.4844E-02   -2.2020E-03   
1.0383E-02   -4.3060E-03   
3.2969E-03   -7.2266E-03   
3.2369E-03   -7.2759E-03   
3.1785E-03   -7.3251E-03   
3.3803E-03   -7.1664E-03   
3.1536E-03   -7.3659E-03   
1.1079E-02   -3.9872E-03   
1.1802E-02   -3.6554E-03   
3.1518E-03   -7.4027E-03   
1.8079E-02   -7.0984E-04   
1.2497E-02   -3.3200E-03   
3.1660E-03   -7.4392E-03   
3.1930E-03   -7.4776E-03   
3.2815E-03   -7.5645E-03   
1.7907E-02   -6.7480E-04   
3.3485E-03   -7.6134E-03   
3.4418E-03   -7.6662E-03   
1.7928E-02   -6.2243E-04   
1.7985E-02   -5.8605E-04   
3.3700E-03   -7.9111E-03   
3.4838E-03   -8.3013E-03   
1.8670E-02   -6.0141E-04   
2.0083E-02   -6.1722E-04   
4.7077E-03   -8.6779E-03   
2.9165E-03   -7.9704E-03   
2.1508E-02   -7.4597E-04   
3.8155E-03   -7.9615E-03   
2.0399E-02   -8.2644E-04   
3.7045E-03   -8.5188E-03   
4.8512E-03   -9.8831E-03   
4.4787E-03   -8.5429E-03   
4.4297E-03   -9.3004E-03   
1.9719E-02   -5.9994E-04   
2.3395E-02   -7.1109E-04   
1.8963E-02   -6.3287E-04   
4.2708E-03   -9.5365E-03   
3.9869E-03   -1.0402E-02   
2.4092E-02   -9.2868E-04   
2.6348E-02   -7.8767E-04   
4.1830E-03   -1.1561E-02   
5.1047E-03   -1.0707E-02   
2.2789E-02   -5.1509E-04   
1.7246E-02   -1.0411E-03   
4.9597E-03   -6.6596E-03   
9.9446E-03   -4.3942E-03   
5.5992E-03   -6.4039E-03   
6.1902E-03   -6.1534E-03   
1.6877E-02   -1.2036E-03   
6.7874E-03   -5.8887E-03   
1.3320E-02   -2.7739E-03   
1.6050E-02   -1.5487E-03   
1.6487E-02   -1.3697E-03   
7.3975E-03   -5.6090E-03   
1.5563E-02   -1.7557E-03   
9.2889E-03   -4.7099E-03   
8.0188E-03   -5.3175E-03   
1.3919E-02   -2.4925E-03   
8.6499E-03   -5.0171E-03   
1.5041E-02   -1.9834E-03   
1.4492E-02   -2.2297E-03   
3.8184E-03   -7.0757E-03   
3.6591E-03   -7.1502E-03   
1.7876E-02   -7.4789E-04   
3.6170E-03   -7.1883E-03   
1.2022E-02   -3.3998E-03   
1.0628E-02   -4.0673E-03   
1.2688E-02   -3.0772E-03   
3.6083E-03   -7.2198E-03   
3.6182E-03   -7.2509E-03   
1.1327E-02   -3.7340E-03   
3.6454E-03   -7.2835E-03   
3.6869E-03   -7.3189E-03   
3.7408E-03   -7.3584E-03   
1.8061E-02   -5.7301E-04   
3.8137E-03   -7.4006E-03   
3.5660E-03   -7.7343E-03   
3.9186E-03   -7.4417E-03   
1.7539E-02   -7.8709E-04   
1.9565E-02   -7.3887E-04   
1.7589E-02   -7.2768E-04   
3.9823E-03   -8.0449E-03   
4.0635E-03   -8.2959E-03   
1.8417E-02   -5.8404E-04   
3.7462E-03   -7.8741E-03   
1.9253E-02   -6.8664E-04   
5.1365E-03   -8.4180E-03   
5.1847E-03   -9.2444E-03   
4.3122E-03   -8.4073E-03   
4.9112E-03   -9.0895E-03   
1.8402E-02   -7.6049E-04   
2.2663E-02   -8.0905E-04   
5.7815E-03   -9.6066E-03   
2.3374E-02   -8.8458E-04   
4.6602E-03   -1.0155E-02   
2.4120E-02   -1.1437E-03   
5.2348E-03   -1.1381E-02   
2.5836E-02   -9.8906E-04   
2.7084E-02   -6.6740E-04   
5.8272E-03   -1.0930E-02   
2.1939E-02   -8.2531E-04   
1.7355E-02   -9.1901E-04   
4.3663E-03   -6.8792E-03   
5.2609E-03   -6.5239E-03   
5.8172E-03   -6.2840E-03   
9.5292E-03   -4.5032E-03   
6.3978E-03   -6.0221E-03   
1.6647E-02   -1.2326E-03   
1.6274E-02   -1.3685E-03   
6.9980E-03   -5.7416E-03   
4.0834E-03   -6.9917E-03   
1.5788E-02   -1.5633E-03   
1.3536E-02   -2.5580E-03   
7.6146E-03   -5.4457E-03   
8.8803E-03   -4.8246E-03   
1.5263E-02   -1.7839E-03   
8.2434E-03   -5.1388E-03   
1.4135E-02   -2.2812E-03   
1.4711E-02   -2.0234E-03   
4.0782E-03   -7.0044E-03   
1.0201E-02   -4.1717E-03   
1.2257E-02   -3.1676E-03   
1.2908E-02   -2.8543E-03   
4.0772E-03   -7.0229E-03   
1.1578E-02   -3.4972E-03   
4.0757E-03   -7.0499E-03   
4.1004E-03   -7.0758E-03   
1.0888E-02   -3.8342E-03   
1.7656E-02   -7.9797E-04   
4.2767E-03   -7.1722E-03   
4.1439E-03   -7.1037E-03   
1.7644E-02   -7.0178E-04   
4.2027E-03   -7.1356E-03   
1.8410E-02   -4.7304E-04   
4.0751E-03   -7.6694E-03   
4.0593E-03   -7.4822E-03   
4.3070E-03   -7.7226E-03   
4.3796E-03   -7.2074E-03   
1.7177E-02   -8.8960E-04   
1.8686E-02   -8.0674E-04   
1.8141E-02   -7.3094E-04   
4.3813E-03   -7.8233E-03   
5.0354E-03   -8.2702E-03   
5.6808E-03   -8.8936E-03   
2.3381E-02   -1.0983E-03   
1.8992E-02   -8.6317E-04   
4.8272E-03   -8.1403E-03   
2.1332E-02   -9.3979E-04   
5.9579E-03   -9.2749E-03   
2.1881E-02   -1.0335E-03   
5.6113E-03   -9.9769E-03   
4.1769E-03   -8.1125E-03   
2.4929E-02   -1.1839E-03   
1.9951E-02   -7.8239E-04   
2.7943E-02   -5.3381E-04   
6.3809E-03   -1.0481E-02   
4.4829E-03   -6.8386E-03   
1.6974E-02   -1.0825E-03   
5.4919E-03   -6.4091E-03   
6.0502E-03   -6.1541E-03   
6.6321E-03   -5.8787E-03   
9.1358E-03   -4.6293E-03   
1.6602E-02   -1.1719E-03   
4.8092E-03   -6.7081E-03   
1.6050E-02   -1.3819E-03   
9.7966E-03   -4.2950E-03   
7.2378E-03   -5.5832E-03   
1.5508E-02   -1.6017E-03   
7.8617E-03   -5.2727E-03   
8.4952E-03   -4.9538E-03   
1.3777E-02   -2.3553E-03   
1.4954E-02   -1.8332E-03   
1.4377E-02   -2.0838E-03   
4.6029E-03   -6.7957E-03   
1.1843E-02   -3.2759E-03   
1.3153E-02   -2.6459E-03   
1.2508E-02   -2.9533E-03   
1.8205E-02   -5.7046E-04   
4.5411E-03   -6.8384E-03   
1.0475E-02   -3.9538E-03   
4.5605E-03   -6.8569E-03   
1.1160E-02   -3.6119E-03   
1.7215E-02   -8.5079E-04   
4.7409E-03   -6.9295E-03   
4.6042E-03   -6.8762E-03   
4.8394E-03   -6.9608E-03   
4.6648E-03   -6.8999E-03   
5.0831E-03   -7.5145E-03   
1.7082E-02   -9.7214E-04   
1.7706E-02   -7.0089E-04   
4.5134E-03   -7.2412E-03   
1.8951E-02   -3.3011E-04   
5.3564E-03   -7.8223E-03   
1.7917E-02   -7.1639E-04   
1.9761E-02   -9.7330E-04   
1.9343E-02   -9.1913E-04   
1.8373E-02   -1.0020E-03   
1.8083E-02   -9.4706E-04   
2.1020E-02   -1.1544E-03   
1.7819E-02   -9.0533E-04   
4.6288E-03   -8.0481E-03   
5.8961E-03   -8.1163E-03   
4.2030E-03   -7.5182E-03   
4.7506E-03   -7.4680E-03   
6.1178E-03   -8.5414E-03   
2.2084E-02   -1.2213E-03   
6.1107E-03   -8.9919E-03   
4.7336E-03   -7.8489E-03   
2.4130E-02   -1.3764E-03   
5.8998E-03   -1.0266E-02   
2.9018E-02   -2.8101E-04   
6.7175E-03   -9.2859E-03   
2.7883E-02   -7.3459E-04   
2.3373E-02   -1.3298E-03   
2.0875E-02   -8.7135E-04   
6.5880E-03   -9.6068E-03   
4.9661E-03   -6.6387E-03   
5.7529E-03   -6.2784E-03   
6.3075E-03   -6.0139E-03   
9.4142E-03   -4.4338E-03   
1.6332E-02   -1.2085E-03   
6.8904E-03   -5.7258E-03   
8.7689E-03   -4.7666E-03   
1.5762E-02   -1.4399E-03   
7.5072E-03   -5.4144E-03   
8.1357E-03   -5.0928E-03   
1.5222E-02   -1.6593E-03   
1.2121E-02   -3.0704E-03   
1.4037E-02   -2.1678E-03   
1.4646E-02   -1.8997E-03   
1.3412E-02   -2.4553E-03   
4.9692E-03   -6.6423E-03   
1.2775E-02   -2.7552E-03   
1.6800E-02   -1.0448E-03   
1.0081E-02   -4.0910E-03   
1.1445E-02   -3.4024E-03   
5.0257E-03   -6.6307E-03   
1.0762E-02   -3.7449E-03   
5.0723E-03   -6.6378E-03   
5.3059E-03   -6.7002E-03   
5.2087E-03   -6.6742E-03   
1.6783E-02   -1.0164E-03   
5.1313E-03   -6.6531E-03   
1.7256E-02   -8.3940E-04   
1.8647E-02   -4.7602E-04   
4.9507E-03   -6.9974E-03   
1.7588E-02   -8.7811E-04   
1.7725E-02   -1.1588E-03   
4.5781E-03   -7.4277E-03   
1.7715E-02   -7.3378E-04   
1.7456E-02   -1.1073E-03   
1.8017E-02   -1.2250E-03   
6.0417E-03   -7.6961E-03   
2.0248E-02   -1.0188E-03   
1.9073E-02   -1.1320E-03   
4.7197E-03   -7.2671E-03   
2.0171E-02   -1.2511E-03   
6.7684E-03   -8.6163E-03   
5.5871E-03   -8.4596E-03   
6.4088E-03   -7.7448E-03   
5.5782E-03   -7.5313E-03   
2.3345E-02   -1.5795E-03   
2.4915E-02   -1.4221E-03   
6.9849E-03   -8.9000E-03   
6.6474E-03   -9.8931E-03   
2.8609E-02   -6.1127E-04   
7.3394E-03   -9.3046E-03   
5.2090E-03   -6.5300E-03   
6.0468E-03   -6.1330E-03   
9.0588E-03   -4.5822E-03   
6.5574E-03   -5.8782E-03   
1.5953E-02   -1.3313E-03   
9.7094E-03   -4.2425E-03   
7.1695E-03   -5.5664E-03   
8.4251E-03   -4.9138E-03   
1.5499E-02   -1.5090E-03   
1.2411E-02   -2.8819E-03   
7.7948E-03   -5.2426E-03   
1.1745E-02   -3.2066E-03   
5.5205E-03   -6.3874E-03   
1.4961E-02   -1.7289E-03   
1.3674E-02   -2.2887E-03   
1.3051E-02   -2.5774E-03   
5.5685E-03   -6.3815E-03   
1.1064E-02   -3.5471E-03   
1.0381E-02   -3.8950E-03   
1.6798E-02   -9.9630E-04   
1.7406E-02   -8.6438E-04   
5.7773E-03   -6.4277E-03   
5.6094E-03   -6.3948E-03   
5.1217E-03   -7.2153E-03   
5.6812E-03   -6.4089E-03   
1.7303E-02   -8.5174E-04   
5.4151E-03   -6.7345E-03   
6.7564E-03   -7.4289E-03   
1.7057E-02   -1.3360E-03   
5.0408E-03   -7.0446E-03   
1.7325E-02   -1.3993E-03   
1.7213E-02   -1.0703E-03   
1.8345E-02   -1.3037E-03   
6.1650E-03   -7.4763E-03   
8.2765E-03   -9.0954E-03   
6.9259E-03   -7.7803E-03   
2.0596E-02   -1.4011E-03   
1.9546E-02   -1.1952E-03   
2.4902E-02   -1.6645E-03   
5.8419E-03   -7.2779E-03   
7.4649E-03   -9.5255E-03   
2.2594E-02   -1.5273E-03   
2.5715E-02   -1.2384E-03   
7.6340E-03   -8.5011E-03   
6.6625E-03   -8.1279E-03   
7.0132E-03   -8.2749E-03   
2.3297E-02   -1.8503E-03   
1.6340E-02   -1.1703E-03   
9.3616E-03   -4.4041E-03   
8.7269E-03   -4.7394E-03   
6.1601E-03   -6.0784E-03   
1.4781E-02   -1.7863E-03   
1.6872E-02   -1.0239E-03   
6.8380E-03   -5.7329E-03   
1.2060E-02   -3.0261E-03   
1.5818E-02   -1.3637E-03   
1.2713E-02   -2.7121E-03   
1.5255E-02   -1.5896E-03   
7.4657E-03   -5.4052E-03   
1.1383E-02   -3.3615E-03   
1.0019E-02   -4.0594E-03   
1.0697E-02   -3.7090E-03   
6.1080E-03   -6.1253E-03   
1.3872E-02   -2.1800E-03   
1.3334E-02   -2.4222E-03   
6.2512E-03   -6.1480E-03   
6.1597E-03   -6.1376E-03   
5.5010E-03   -6.7958E-03   
5.8902E-03   -6.4548E-03   
1.6822E-02   -1.0010E-03   
6.4323E-03   -6.9769E-03   
1.7000E-02   -1.0468E-03   
1.6626E-02   -1.5913E-03   
6.3508E-03   -7.2054E-03   
1.6805E-02   -1.2897E-03   
1.7609E-02   -1.4811E-03   
2.1820E-02   -1.4678E-03   
1.8752E-02   -1.3838E-03   
7.3031E-03   -7.4338E-03   
5.4950E-03   -6.9326E-03   
5.3214E-03   -7.2574E-03   
2.1395E-02   -1.3000E-03   
1.9801E-02   -1.5495E-03   
7.4701E-03   -7.7680E-03   
8.4070E-03   -9.4030E-03   
8.6650E-03   -8.6612E-03   
6.9842E-03   -7.1225E-03   
2.2658E-02   -1.2770E-03   
2.4114E-02   -1.8753E-03   
2.5689E-02   -1.4661E-03   
2.6440E-02   -1.0975E-03   
7.6480E-03   -7.9244E-03   
8.4990E-03   -8.2234E-03   
1.4986E-02   -1.6973E-03   
8.4019E-03   -4.9129E-03   
9.0234E-03   -4.5818E-03   
1.6336E-02   -1.1923E-03   
1.3674E-02   -2.2653E-03   
1.3041E-02   -2.5544E-03   
1.5450E-02   -1.5097E-03   
9.6701E-03   -4.2396E-03   
1.2393E-02   -2.8608E-03   
1.1721E-02   -3.1887E-03   
7.7907E-03   -5.2392E-03   
1.1032E-02   -3.5341E-03   
1.0344E-02   -3.8875E-03   
6.5714E-03   -5.8789E-03   
6.6381E-03   -5.8675E-03   
6.7220E-03   -5.8683E-03   
6.3680E-03   -6.1649E-03   
5.9965E-03   -6.5035E-03   
7.1420E-03   -5.5846E-03   
1.6330E-02   -1.1695E-03   
1.6136E-02   -1.4971E-03   
1.4345E-02   -1.9667E-03   
1.6369E-02   -1.5366E-03   
6.3819E-03   -6.8327E-03   
5.8546E-03   -6.9426E-03   
8.2505E-03   -7.5386E-03   
1.6892E-02   -1.6633E-03   
6.0745E-03   -6.5869E-03   
1.6318E-02   -1.2594E-03   
7.7259E-03   -7.0401E-03   
1.7907E-02   -1.5906E-03   
7.1987E-03   -6.7874E-03   
2.0259E-02   -1.6335E-03   
2.1213E-02   -1.7073E-03   
1.9268E-02   -1.4600E-03   
2.7219E-02   -1.0937E-03   
8.9911E-03   -7.8219E-03   
8.5910E-03   -7.6803E-03   
9.3561E-03   -8.6950E-03   
2.3329E-02   -2.1215E-03   
8.6642E-03   -9.7056E-03   
2.4857E-02   -1.9105E-03   
2.6498E-02   -1.2861E-03   
1.5329E-02   -1.5719E-03   
8.6822E-03   -4.7815E-03   
8.0790E-03   -5.1030E-03   
1.3402E-02   -2.4040E-03   
1.5843E-02   -1.3612E-03   
1.2750E-02   -2.7072E-03   
9.3234E-03   -4.4405E-03   
1.2083E-02   -3.0277E-03   
9.9974E-03   -4.0854E-03   
1.1392E-02   -3.3698E-03   
7.1801E-03   -5.5975E-03   
1.0690E-02   -3.7260E-03   
6.8438E-03   -5.8702E-03   
1.4721E-02   -1.8245E-03   
1.5665E-02   -1.7636E-03   
7.5797E-03   -5.3683E-03   
6.6007E-03   -6.2640E-03   
6.9861E-03   -5.8851E-03   
6.7172E-03   -6.5331E-03   
1.4060E-02   -2.1081E-03   
1.5926E-02   -1.8021E-03   
2.0368E-02   -1.8520E-03   
1.5785E-02   -1.4183E-03   
1.6187E-02   -1.8596E-03   
7.1023E-03   -6.5743E-03   
1.7136E-02   -1.7633E-03   
1.8357E-02   -1.6864E-03   
1.5914E-02   -1.4804E-03   
9.5684E-03   -7.4026E-03   
7.8245E-03   -6.7398E-03   
8.6952E-03   -6.7397E-03   
2.0946E-02   -1.5554E-03   
2.7495E-02   -1.3325E-03   
9.1964E-03   -7.2446E-03   
1.8954E-02   -1.7610E-03   
2.1041E-02   -1.9538E-03   
2.2537E-02   -2.4351E-03   
9.5582E-03   -7.9253E-03   
9.7394E-03   -8.2392E-03   
2.2268E-02   -2.1380E-03   
2.7810E-02   -9.1489E-04   
2.5693E-02   -1.6997E-03   
7.5049E-03   -1.0162E-02   
7.8145E-03   -7.4670E-03   
8.3175E-03   -5.0115E-03   
7.7224E-03   -5.3227E-03   
1.3135E-02   -2.5647E-03   
1.5150E-02   -1.6865E-03   
1.2470E-02   -2.8796E-03   
9.6441E-03   -4.3097E-03   
7.3014E-03   -5.5839E-03   
1.1777E-02   -3.2176E-03   
7.1278E-03   -5.9276E-03   
1.0348E-02   -3.9417E-03   
6.6854E-03   -6.3644E-03   
1.1063E-02   -3.5752E-03   
1.3795E-02   -2.2633E-03   
7.4674E-03   -5.5710E-03   
1.5185E-02   -2.0558E-03   
1.5694E-02   -1.5025E-03   
1.4447E-02   -1.9768E-03   
1.5441E-02   -1.7330E-03   
1.5555E-02   -2.0443E-03   
1.6459E-02   -1.9303E-03   
1.0237E-02   -6.9506E-03   
8.1139E-03   -6.4057E-03   
9.0292E-03   -6.8325E-03   
8.3940E-03   -6.6580E-03   
1.9371E-02   -2.1325E-03   
2.5569E-02   -1.9327E-03   
9.9734E-03   -8.7714E-03   
7.5292E-03   -6.2082E-03   
8.7161E-03   -7.1583E-03   
1.8684E-02   -2.0762E-03   
2.1729E-02   -1.9783E-03   
2.8127E-02   -1.0571E-03   
2.6703E-02   -1.7375E-03   
2.2825E-02   -2.6784E-03   
1.0874E-02   -7.9023E-03   
8.4677E-03   -1.0158E-02   
1.8011E-02   -2.0240E-03   
6.7988E-03   -1.0126E-02   
1.2880E-02   -2.7446E-03   
1.5276E-02   -1.7072E-03   
1.3543E-02   -2.4350E-03   
1.2193E-02   -3.0757E-03   
9.9996E-03   -4.1842E-03   
7.9142E-03   -5.2755E-03   
6.1595E-03   -6.6733E-03   
7.2399E-03   -6.0133E-03   
1.4199E-02   -2.1395E-03   
7.6676E-03   -5.5713E-03   
1.4928E-02   -2.0223E-03   
8.9614E-03   -4.6709E-03   
1.0735E-02   -3.8046E-03   
9.7956E-03   -6.7474E-03   
9.1365E-03   -6.3717E-03   
1.5695E-02   -2.1473E-03   
8.6387E-03   -6.3727E-03   
7.3257E-03   -6.1336E-03   
7.8151E-03   -6.2275E-03   
7.7277E-03   -6.4116E-03   
9.6941E-03   -6.4117E-03   
1.0519E-02   -7.1831E-03   
2.0089E-02   -2.2077E-03   
2.4695E-02   -2.2117E-03   
1.8401E-02   -2.4105E-03   
1.4293E-02   -2.3782E-03   
1.7069E-02   -2.3401E-03   
2.0946E-02   -2.2943E-03   
1.1043E-02   -8.4318E-03   
9.0846E-03   -9.0365E-03   
1.7743E-02   -2.3614E-03   
2.2513E-02   -1.7978E-03   
1.1456E-02   -7.9997E-03   
1.0401E-02   -7.8065E-03   
2.3846E-02   -2.5913E-03   
2.1773E-02   -2.7951E-03   
1.3305E-02   -2.6196E-03   
1.2657E-02   -2.9320E-03   
1.4695E-02   -1.9976E-03   
7.8368E-03   -5.6267E-03   
1.4751E-02   -1.8958E-03   
1.3960E-02   -2.3184E-03   
1.1945E-02   -3.2853E-03   
8.1607E-03   -5.2291E-03   
1.0402E-02   -4.0593E-03   
1.1169E-02   -3.6709E-03   
9.9941E-03   -6.0122E-03   
9.4659E-03   -6.0125E-03   
8.5781E-03   -4.9319E-03   
7.9150E-03   -5.9087E-03   
7.9038E-03   -5.7608E-03   
8.3153E-03   -5.8656E-03   
9.2783E-03   -4.5635E-03   
1.6115E-02   -2.2183E-03   
1.3782E-02   -2.7376E-03   
1.6826E-02   -2.6690E-03   
8.4485E-03   -6.0396E-03   
1.6267E-02   -2.4355E-03   
1.1290E-02   -7.4770E-03   
1.9059E-02   -2.4825E-03   
1.1325E-02   -6.7008E-03   
8.9011E-03   -8.3330E-03   
1.2133E-02   -8.0564E-03   
1.5063E-02   -2.5087E-03   
1.7446E-02   -2.7056E-03   
1.0716E-02   -6.1934E-03   
1.1918E-02   -7.5676E-03   
1.0539E-02   -8.8925E-03   
2.2119E-02   -3.0300E-03   
2.4963E-02   -2.5082E-03   
1.3124E-02   -2.7837E-03   
1.3728E-02   -2.5103E-03   
9.6552E-03   -4.4485E-03   
8.5076E-03   -5.5693E-03   
1.0851E-02   -3.9390E-03   
9.3230E-03   -5.6552E-03   
8.5107E-03   -5.1761E-03   
1.4086E-02   -2.8093E-03   
8.9065E-03   -4.8440E-03   
8.6463E-03   -5.3007E-03   
1.6733E-02   -1.9739E-03   
1.1673E-02   -3.5370E-03   
1.4318E-02   -2.2391E-03   
9.8086E-03   -5.6388E-03   
1.6522E-02   -3.0175E-03   
1.0331E-02   -5.6312E-03   
1.6306E-02   -2.6525E-03   
8.0560E-03   -8.6036E-03   
1.3032E-02   -8.0539E-03   
1.8065E-02   -2.7687E-03   
9.4293E-03   -9.2002E-03   
1.1934E-02   -5.8539E-03   
1.1624E-02   -7.0025E-03   
1.5326E-02   -2.6570E-03   
1.9734E-02   -2.5774E-03   
1.1165E-02   -9.0311E-03   
1.2149E-02   -6.1834E-03   
1.2408E-02   -7.1010E-03   
1.1766E-02   -8.5136E-03   
2.1021E-02   -3.1808E-03   
1.0525E-02   -5.9955E-03   
2.6147E-02   -2.3955E-03   
1.0084E-02   -4.3289E-03   
1.0167E-02   -5.2477E-03   
1.2572E-02   -3.0972E-03   
9.3392E-03   -4.7207E-03   
1.3145E-02   -3.1299E-03   
1.0872E-02   -5.6416E-03   
8.9626E-03   -5.6561E-03   
1.7700E-02   -3.1463E-03   
1.1315E-02   -3.8405E-03   
1.0679E-02   -5.2371E-03   
9.1446E-03   -4.9352E-03   
1.4353E-02   -2.9367E-03   
1.7103E-02   -3.0736E-03   
1.3419E-02   -2.7466E-03   
9.0786E-03   -5.4250E-03   
1.5535E-02   -2.8405E-03   
9.8329E-03   -7.5657E-03   
1.1374E-02   -5.7128E-03   
1.2427E-02   -6.4474E-03   
1.2903E-02   -6.6177E-03   
1.3154E-02   -7.2335E-03   
1.4217E-02   -7.5559E-03   
2.1408E-02   -3.4630E-03   
1.0446E-02   -9.5372E-03   
1.9310E-02   -2.9607E-03   
2.6954E-02   -2.0428E-03   
1.0526E-02   -4.2270E-03   
9.7879E-03   -4.6007E-03   
1.2246E-02   -3.4228E-03   
1.1034E-02   -4.8397E-03   
1.3384E-02   -3.2491E-03   
1.5835E-02   -3.0175E-03   
1.4611E-02   -3.0902E-03   
1.1235E-02   -5.2330E-03   
1.6753E-02   -3.4577E-03   
1.6175E-02   -3.3898E-03   
1.9984E-02   -3.2945E-03   
1.8315E-02   -3.2425E-03   
1.4023E-02   -6.2425E-03   
1.3221E-02   -5.9631E-03   
9.6468E-03   -5.2989E-03   
2.0334E-02   -2.7211E-03   
2.3072E-02   -2.8824E-03   
2.0287E-02   -3.9780E-03   
1.4270E-02   -7.1654E-03   
1.4251E-02   -7.9555E-03   
1.4422E-02   -6.7584E-03   
1.2431E-02   -5.3273E-03   
1.1708E-02   -9.2349E-03   
2.7270E-02   -2.2874E-03   
1.0198E-02   -4.5304E-03   
1.3031E-02   -3.0213E-03   
9.8229E-03   -5.0045E-03   
1.1673E-02   -3.8101E-03   
1.5712E-02   -3.8562E-03   
1.2370E-02   -3.6072E-03   
1.0958E-02   -4.1596E-03   
1.3643E-02   -3.3958E-03   
1.1580E-02   -4.8193E-03   
1.5033E-02   -3.4591E-03   
1.2205E-02   -4.8067E-03   
1.5243E-02   -3.6700E-03   
2.0735E-02   -2.9270E-03   
1.7355E-02   -3.5294E-03   
1.8987E-02   -3.3664E-03   
2.3884E-02   -2.9325E-03   
1.3006E-02   -5.6894E-03   
1.9871E-02   -3.0507E-03   
1.2951E-02   -5.4101E-03   
1.9177E-02   -3.6727E-03   
1.0555E-02   -4.8167E-03   
1.2983E-02   -4.7929E-03   
1.4781E-02   -6.3098E-03   
1.9231E-02   -4.0025E-03   
2.1433E-02   -3.7825E-03   
1.3386E-02   -6.2064E-03   
1.5239E-02   -6.7557E-03   
1.5127E-02   -7.4728E-03   
1.0880E-02   -9.7077E-03   
1.0591E-02   -4.5262E-03   
1.2528E-02   -4.3784E-03   
1.1480E-02   -4.0599E-03   
1.2708E-02   -3.7038E-03   
1.3792E-02   -5.2362E-03   
1.1897E-02   -4.4279E-03   
1.4604E-02   -4.1223E-03   
1.6542E-02   -3.7871E-03   
1.6170E-02   -7.2003E-03   
1.8319E-02   -4.0494E-03   
9.4724E-03   -4.8890E-03   
1.3616E-02   -4.9363E-03   
1.7920E-02   -3.6358E-03   
1.3963E-02   -3.5295E-03   
1.4227E-02   -3.9276E-03   
1.5202E-02   -5.8462E-03   
1.0601E-02   -1.0101E-02   
1.5589E-02   -6.3620E-03   
1.9164E-02   -4.3217E-03   
2.2183E-02   -3.5117E-03   
1.4878E-02   -3.2518E-03   
9.2238E-03   -5.1659E-03   
1.1365E-02   -4.5043E-03   
1.3192E-02   -4.3636E-03   
1.2021E-02   -4.1348E-03   
1.6951E-02   -3.9257E-03   
1.3510E-02   -3.9526E-03   
1.3947E-02   -4.5245E-03   
1.1977E-02   -3.9627E-03   
1.8411E-02   -4.7301E-03   
1.1323E-02   -4.3309E-03   
2.3121E-02   -3.3688E-03   
1.8261E-02   -4.4096E-03   
1.4381E-02   -5.7588E-03   
1.3786E-02   -4.3451E-03   
1.6894E-02   -6.7190E-03   
9.4042E-03   -1.0541E-02   
1.4319E-02   -3.6201E-03   
1.5101E-02   -5.2232E-03   
1.5950E-02   -4.1700E-03   
1.6401E-02   -4.4115E-03   
1.5737E-02   -5.3457E-03   
1.8742E-02   -5.0163E-03   
1.4442E-02   -4.8554E-03   
1.6466E-02   -6.4368E-03   
1.7276E-02   -6.9322E-03   
1.6202E-02   -4.8622E-03   
1.4702E-02   -5.0433E-03   
1.8297E-02   -6.8983E-03   
1.6403E-02   -5.4812E-03   
1.8389E-02   -3.7495E-03   
2.0023E-02   -4.7701E-03   
1.7556E-02   -5.2150E-03   
1.5303E-02   -4.6234E-03   
1.7307E-02   -4.4456E-03   
1.5926E-02   -5.9321E-03   
1.7781E-02   -5.5176E-03   
2.1009E-02   -4.2078E-03   
1.9383E-02   -6.3549E-03   
1.6876E-02   -5.6223E-03   
1.5540E-02   -4.8316E-03   
1.7734E-02   -5.9116E-03   
1.8740E-02   -5.8962E-03   
2.0035E-02   -5.4551E-03   
2.0501E-02   -4.9906E-03   
1.9674E-02   -5.9336E-03   
9.6565E-04   -1.2528E-02   
1.7626E-02   -6.2772E-03   
1.6618E-02   -7.4398E-03   
2.8969E-02   -1.0474E-03   
2.1784E-03   -1.0511E-02   
3.1605E-02   -1.5621E-04   
2.8405E-02   -2.1754E-03   
1.7544E-03   -1.2672E-02   
8.3960E-03   -1.0566E-02   
1.9798E-02   -6.5935E-03   
2.9457E-02   -5.5785E-04   
2.6813E-03   -1.2562E-02   
9.4299E-03   -9.7704E-03   
3.8077E-03   -1.2405E-02   
4.9583E-03   -1.2234E-02   
6.1068E-03   -1.2028E-02   
7.2919E-03   -1.1793E-02   
3.2616E-02   -1.4294E-04   
8.5019E-03   -1.1534E-02   
9.7713E-03   -1.1236E-02   
2.7668E-02   -1.7744E-03   
1.1080E-02   -1.0927E-02   
3.3658E-02   -1.3777E-04   
1.2409E-02   -1.0604E-02   
1.3776E-02   -1.0267E-02   
2.1184E-02   -4.5664E-03   
1.5319E-02   -9.8651E-03   
3.4754E-02   -1.2777E-04   
2.4116E-02   -2.0926E-03   
1.6552E-02   -9.6771E-03   
1.2366E-02   -7.6987E-03   
6.3863E-03   -1.1165E-02   
2.7869E-02   -1.5468E-03   
1.7988E-02   -9.2119E-03   
1.9601E-02   -8.8823E-03   
3.5885E-02   -1.1313E-04   
2.1104E-02   -8.5445E-03   
1.3085E-02   -8.9260E-03   
2.2774E-02   -8.1346E-03   
2.4075E-02   -7.9447E-03   
3.7056E-02   -9.8283E-05   
2.5583E-02   -7.4685E-03   
2.7285E-02   -7.0663E-03   
2.8196E-03   -1.1937E-02   
2.8880E-02   -6.6345E-03   
3.8407E-02   -8.8852E-05   
2.9864E-02   -3.4796E-04   
1.3982E-02   -8.4050E-03   
3.0609E-02   -6.0898E-03   
3.2259E-02   -5.6002E-03   
2.6499E-02   -2.5997E-03   
3.9910E-02   -4.8189E-05   
2.4168E-02   -3.2018E-03   
2.2255E-02   -3.7709E-03   
3.5505E-02   -4.3888E-03   
4.1526E-02   -6.9678E-04   
4.1823E-02   -6.9445E-04   
4.1662E-02   -1.9780E-04   
4.1787E-02   -8.2665E-05   
4.1566E-02   -4.4274E-04   
1.1406E-02   -1.0167E-02   
3.9136E-02   -2.5409E-03   
3.2664E-03   -1.2169E-02   
2.4986E-02   -3.2602E-03   
2.3533E-02   -3.6470E-03   
5.7449E-03   -1.1557E-02   
2.2050E-02   -4.5496E-03   
7.4182E-03   -1.0971E-02   
2.9750E-02   -8.8174E-04   
2.0797E-02   -5.5261E-03   
2.9187E-02   -1.8332E-03   
8.2344E-03   -1.0991E-02   
1.4652E-02   -8.5653E-03   
5.6513E-03   -1.1844E-02   
1.6199E-02   -7.9770E-03   
8.0358E-03   -1.1361E-02   
2.6238E-02   -2.9168E-03   
2.8409E-02   -6.3775E-03   
2.0667E-02   -8.2818E-03   
1.0628E-02   -1.0703E-02   
1.3468E-02   -9.1727E-03   
1.3306E-02   -1.0044E-02   
1.2988E-02   -9.7138E-03   
3.4168E-02   -2.6852E-04   
2.1232E-02   -6.3047E-03   
3.0346E-02   -4.9893E-04   
2.8757E-02   -2.3764E-03   
3.2154E-02   -2.7819E-04   
3.8241E-02   -1.9177E-04   
1.8864E-02   -7.1182E-03   
2.3295E-02   -7.6318E-03   
2.8329E-02   -1.1812E-03   
2.8729E-02   -1.6060E-03   
2.1281E-02   -4.7821E-03   
1.5476E-02   -7.6103E-03   
4.0816E-02   -1.9286E-05   
3.3945E-02   -4.9981E-03   
1.5740E-02   -9.3889E-03   
3.0990E-02   -5.5957E-03   
4.1873E-02   -4.7077E-04   
4.2062E-02   -4.3341E-05   
4.2000E-02   -1.2154E-04   
4.1919E-02   -2.8450E-04   
2.5755E-02   -6.9858E-03   
1.8097E-02   -8.7113E-03   
3.6397E-02   -2.1217E-04   
3.6962E-02   -3.1908E-03   
4.0085E-02   -1.4054E-04   
3.8947E-02   -2.3209E-03   
3.9823E-02   -1.0192E-03   
4.0272E-02   -1.9624E-04   
4.0070E-02   -4.3887E-04   
3.9573E-02   -1.5861E-03   
2.6017E-02   -3.2982E-03   
2.0345E-02   -8.0023E-03   
3.0068E-02   -6.8443E-04   
3.1099E-02   -5.7364E-04   
3.3555E-02   -4.2787E-04   
3.6459E-03   -1.1851E-02   
1.8422E-02   -7.6435E-03   
2.3297E-02   -4.1406E-03   
1.4157E-02   -9.5564E-03   
2.9942E-02   -1.0830E-03   
3.5763E-02   -3.4954E-04   
3.3400E-02   -4.8608E-03   
1.0263E-02   -1.0504E-02   
1.9243E-02   -8.2352E-03   
1.5309E-02   -9.2232E-03   
2.2963E-02   -7.4043E-03   
1.7069E-02   -7.9655E-03   
2.7267E-02   -6.4093E-03   
2.2105E-02   -5.2771E-03   
1.6784E-02   -8.8295E-03   
2.8393E-02   -2.7368E-03   
2.9562E-02   -2.0569E-03   
2.4482E-02   -7.0700E-03   
2.2299E-02   -5.6994E-03   
3.7033E-02   -2.9731E-04   
2.1671E-02   -6.6175E-03   
3.4656E-02   -3.8751E-04   
1.5940E-02   -8.4384E-03   
2.9593E-02   -1.3457E-03   
2.1636E-02   -7.7103E-03   
2.2946E-02   -4.6738E-03   
3.2277E-02   -4.5905E-04   
2.9936E-02   -1.5198E-03   
3.8181E-02   -1.5529E-03   
3.8813E-02   -3.3743E-04   
3.8579E-02   -7.0751E-04   
3.9039E-02   -1.9617E-04   
2.7105E-02   -2.9539E-03   
3.4880E-02   -4.0271E-03   
3.7288E-02   -2.6450E-03   
3.9996E-02   -3.6384E-04   
3.9658E-02   -1.3586E-03   
3.9699E-02   -7.0511E-04   
3.9536E-02   -8.5220E-04   
2.1242E-02   -7.4512E-03   
1.5960E-02   -8.7688E-03   
3.6171E-02   -4.5084E-04   
3.2189E-02   -5.1115E-03   
1.8464E-02   -8.1439E-03   
2.2643E-02   -6.0363E-03   
2.0785E-02   -7.2059E-03   
3.0776E-02   -1.9205E-03   
3.1833E-02   -6.6405E-04   
2.6115E-02   -6.4753E-03   
3.4097E-02   -5.3242E-04   
3.8442E-02   -9.5134E-04   
3.8932E-02   -4.8874E-04   
3.1099E-02   -1.4035E-03   
2.5808E-02   -3.7105E-03   
3.1032E-02   -1.0116E-03   
2.4418E-02   -4.1650E-03   
3.8103E-02   -1.2510E-03   
3.5371E-02   -3.3281E-03   
2.9431E-02   -2.6992E-03   
2.8822E-02   -5.8149E-03   
2.3373E-02   -5.1652E-03   
1.9547E-02   -7.5480E-03   
2.3893E-02   -6.8448E-03   
2.8640E-02   -2.9883E-03   
3.8157E-02   -3.0088E-04   
3.4590E-02   -3.8497E-03   
3.7505E-02   -2.0956E-03   
2.6397E-02   -5.9361E-03   
2.4802E-02   -4.9574E-03   
2.8442E-02   -3.3360E-03   
3.0615E-02   -2.5106E-03   
2.4827E-02   -6.2831E-03   
2.2126E-02   -6.8916E-03   
3.6563E-02   -5.3694E-04   
3.3767E-02   -3.9256E-03   
3.4195E-02   -7.0339E-04   
3.5492E-02   -6.1732E-04   
2.3470E-02   -6.5906E-03   
3.1829E-02   -1.1018E-03   
3.1920E-02   -8.4910E-04   
3.1544E-02   -1.5877E-03   
2.3165E-02   -4.9372E-03   
2.3936E-02   -5.7938E-03   
3.1260E-02   -2.1046E-03   
2.9203E-02   -5.3248E-03   
2.6921E-02   -3.7228E-03   
2.5586E-02   -4.1398E-03   
2.4682E-02   -5.3576E-03   
2.9699E-02   -3.1367E-03   
3.0493E-02   -2.8209E-03   
2.9979E-02   -5.6995E-03   
3.2001E-02   -1.7576E-03   
2.4369E-02   -6.0413E-03   
3.7619E-02   -4.4751E-04   
3.2945E-02   -8.8172E-04   
3.2264E-02   -1.2990E-03   
3.2077E-02   -4.5378E-03   
3.3817E-02   -9.3878E-04   
2.5515E-02   -4.4826E-03   
2.7764E-02   -3.7704E-03   
3.0768E-02   -3.0449E-03   
2.5180E-02   -5.5235E-03   
3.3500E-02   -1.1749E-03   
3.4522E-02   -3.3570E-03   
3.1791E-02   -2.2149E-03   
3.3213E-02   -1.5854E-03   
3.1474E-02   -5.1131E-03   
3.6021E-02   -7.0129E-04   
2.6324E-02   -4.5469E-03   
2.7704E-02   -4.0998E-03   
3.8089E-02   -5.1555E-04   
3.2848E-02   -2.0591E-03   
3.6713E-02   -7.5764E-04   
2.6517E-02   -5.1911E-03   
3.3739E-02   -1.3397E-03   
3.5405E-02   -9.0055E-04   
3.3663E-02   -1.7104E-03   
2.8903E-02   -4.0174E-03   
3.4445E-02   -9.8969E-04   
3.0307E-02   -3.5240E-03   
3.2355E-02   -2.6838E-03   
3.4645E-02   -1.3536E-03   
3.2891E-02   -2.8767E-03   
2.6985E-02   -5.3922E-03   
3.1424E-02   -3.4472E-03   
2.7431E-02   -4.5916E-03   
3.0011E-02   -3.9605E-03   
3.5704E-02   -1.0240E-03   
3.7927E-02   -6.8980E-04   
3.3797E-02   -2.8521E-03   
3.2590E-02   -3.3149E-03   
3.6052E-02   -1.1364E-03   
2.7926E-02   -4.8788E-03   
2.9497E-02   -4.4814E-03   
3.5441E-02   -1.3687E-03   
3.5138E-02   -2.5337E-03   
3.2483E-02   -3.6966E-03   
3.7275E-02   -9.3457E-04   
3.5395E-02   -1.5488E-03   
3.5061E-02   -2.8720E-03   
3.7827E-02   -9.7507E-04   
3.3748E-02   -3.3930E-03   
3.4113E-02   -1.8294E-03   
3.3299E-02   -2.2154E-03   
3.3898E-02   -2.3371E-03   
3.5395E-02   -1.9615E-03   
