51 
1844 
6.3563E-03   -7.0264E-03   
1.2089E-02   -5.9485E-03   
1.6630E-02   -4.2943E-03   
1.9546E-02   -2.2426E-03   
1.0748E-37   -7.3640E-03   
2.0530E-02   -5.4472E-38   
2.0989E-02   -5.6652E-35   
2.1742E-02   -5.1676E-37   
2.3393E-02   2.3647E-35   
2.4888E-02   3.4752E-35   
2.6788E-02   7.3819E-35   
2.9107E-02   1.0177E-34   
3.0890E-02   1.2320E-34   
3.3926E-02   1.8739E-34   
3.6186E-02   2.2725E-34   
3.8632E-02   1.9904E-34   
3.9922E-02   3.0854E-34   
4.2630E-02   4.5731E-34   
4.5503E-02   6.6587E-34   
4.7000E-02   -1.0545E-29   
4.7000E-02   -6.0739E-34   
4.7000E-02   -6.0739E-34   
4.7000E-02   -6.0739E-34   
4.7000E-02   -6.0739E-34   
4.7000E-02   -6.0739E-34   
4.7000E-02   -6.0739E-34   
4.7000E-02   -6.0739E-34   
4.7000E-02   -6.0739E-34   
4.7000E-02   -6.0739E-34   
4.7000E-02   -6.0739E-34   
4.7000E-02   -6.0739E-34   
4.7000E-02   -6.0739E-34   
4.4158E-02   -2.0347E-03   
3.9526E-02   -4.6425E-03   
3.7572E-02   -5.5395E-03   
3.5707E-02   -6.2795E-03   
3.2116E-02   -7.4710E-03   
3.0366E-02   -7.9696E-03   
2.6924E-02   -8.8475E-03   
2.5233E-02   -9.2491E-03   
2.1906E-02   -1.0013E-02   
1.8670E-02   -1.0753E-02   
1.7093E-02   -1.1121E-02   
1.4039E-02   -1.1842E-02   
1.1138E-02   -1.2530E-02   
9.7490E-03   -1.2850E-02   
7.0983E-03   -1.3421E-02   
4.6070E-03   -1.3858E-02   
2.2519E-03   -1.4129E-02   
1.4937E-37   -1.4211E-02   
6.6652E-34   -1.3463E-02   
7.0138E-34   -1.2749E-02   
6.6084E-34   -1.1802E-02   
6.2649E-34   -1.1258E-02   
5.5157E-34   -1.0372E-02   
5.0316E-34   -9.8665E-03   
4.5324E-34   -9.3739E-03   
4.1188E-34   -8.9760E-03   
4.0288E-34   -8.6272E-03   
4.8197E-03   -7.5020E-03   
4.5159E-02   -1.8011E-04   
4.3229E-02   -3.7643E-04   
4.0437E-02   -6.5069E-04   
3.8149E-02   -8.8493E-04   
3.5934E-02   -1.1766E-03   
3.3437E-02   -1.3505E-03   
3.1392E-02   -1.4216E-03   
2.8866E-02   -1.6402E-03   
2.6360E-02   -1.7751E-03   
2.3866E-02   -1.8935E-03   
2.1392E-02   -1.9991E-03   
1.8816E-02   -2.1680E-03   
1.6166E-02   -2.5967E-03   
1.2546E-02   -3.7470E-03   
8.8559E-03   -5.5407E-03   
1.3141E-02   -4.3654E-03   
1.5667E-02   -2.1727E-03   
1.8117E-02   -1.3769E-03   
2.0434E-02   -1.1658E-03   
2.2661E-02   -1.1372E-03   
2.4780E-02   -1.1479E-03   
2.7199E-02   -1.0533E-03   
2.9450E-02   -9.7701E-04   
3.1544E-02   -8.7846E-04   
3.3707E-02   -8.8450E-04   
3.6061E-02   -7.0082E-04   
3.8325E-02   -5.5281E-04   
4.0540E-02   -4.4513E-04   
4.2885E-02   -2.5872E-04   
4.4921E-02   -1.0914E-04   
1.9227E-02   -9.7114E-04   
2.0409E-02   -4.5959E-04   
2.1757E-02   -4.3221E-04   
2.3624E-02   -4.4384E-04   
2.5411E-02   -4.5195E-04   
2.7613E-02   -4.7610E-04   
2.9581E-02   -4.8881E-04   
3.1536E-02   -4.7809E-04   
3.4052E-02   -3.8437E-04   
3.6157E-02   -3.1079E-04   
3.8539E-02   -2.6691E-04   
4.0879E-02   -1.9268E-04   
4.3165E-02   -1.2646E-04   
4.5265E-02   -4.1296E-05   
4.4813E-02   -2.7971E-04   
4.2725E-02   -5.8993E-04   
4.0166E-02   -9.8977E-04   
3.7804E-02   -1.2370E-03   
3.5760E-02   -1.5899E-03   
3.3193E-02   -1.8737E-03   
3.0662E-02   -2.1300E-03   
2.8262E-02   -2.3294E-03   
2.5767E-02   -2.5722E-03   
2.3428E-02   -2.7839E-03   
2.0428E-02   -3.1164E-03   
1.7224E-02   -3.6079E-03   
1.4079E-02   -4.2850E-03   
1.0785E-02   -5.2621E-03   
7.1011E-03   -6.7718E-03   
3.5326E-03   -8.2170E-03   
4.4680E-02   -4.1478E-04   
4.2906E-02   -7.5352E-04   
3.9865E-02   -1.3421E-03   
3.7872E-02   -1.7110E-03   
3.5490E-02   -2.0797E-03   
3.2628E-02   -2.5552E-03   
3.0096E-02   -2.8152E-03   
2.7638E-02   -3.0900E-03   
2.4749E-02   -3.4895E-03   
2.2044E-02   -3.9302E-03   
1.9177E-02   -4.4085E-03   
1.6165E-02   -4.8507E-03   
1.2929E-02   -5.7445E-03   
9.7766E-03   -6.5933E-03   
6.3547E-03   -7.7998E-03   
3.0287E-03   -8.8501E-03   
4.5329E-02   -3.6260E-04   
4.2113E-02   -1.1326E-03   
4.0281E-02   -1.5328E-03   
3.8048E-02   -2.0623E-03   
3.4714E-02   -2.7364E-03   
3.2341E-02   -3.1856E-03   
2.9874E-02   -3.5534E-03   
2.6957E-02   -4.0420E-03   
2.4298E-02   -4.5199E-03   
2.1429E-02   -4.9199E-03   
1.8724E-02   -5.3839E-03   
1.5336E-02   -5.9986E-03   
1.2051E-02   -7.0335E-03   
8.9843E-03   -7.7748E-03   
6.1053E-03   -8.7097E-03   
3.0022E-03   -9.4530E-03   
4.4300E-02   -7.4157E-04   
4.2414E-02   -1.3053E-03   
4.0133E-02   -1.9792E-03   
3.7833E-02   -2.6283E-03   
3.4498E-02   -3.4056E-03   
3.1819E-02   -3.8910E-03   
2.9098E-02   -4.5136E-03   
2.6491E-02   -5.0742E-03   
2.3379E-02   -5.4967E-03   
2.0849E-02   -5.8672E-03   
1.8274E-02   -6.5237E-03   
1.4858E-02   -7.3322E-03   
1.1523E-02   -8.1838E-03   
8.6075E-03   -8.9106E-03   
5.5056E-03   -9.6574E-03   
2.8755E-03   -1.0135E-02   
4.4870E-02   -7.8477E-04   
4.2307E-02   -1.7296E-03   
4.0208E-02   -2.3737E-03   
3.6920E-02   -3.4070E-03   
3.4026E-02   -4.2704E-03   
3.1442E-02   -4.7927E-03   
2.8237E-02   -5.4917E-03   
2.5834E-02   -6.0015E-03   
2.2716E-02   -6.4981E-03   
1.9998E-02   -7.0238E-03   
1.6919E-02   -7.7013E-03   
1.4407E-02   -8.3361E-03   
1.1383E-02   -9.1146E-03   
8.3854E-03   -9.8162E-03   
5.4774E-03   -1.0457E-02   
2.5751E-03   -1.0918E-02   
4.4508E-02   -1.0580E-03   
4.1698E-02   -2.2024E-03   
3.9736E-02   -2.9078E-03   
3.5921E-02   -4.2853E-03   
3.3611E-02   -4.9634E-03   
3.0985E-02   -5.7012E-03   
2.8106E-02   -6.2664E-03   
2.5197E-02   -6.9082E-03   
2.1972E-02   -7.6337E-03   
1.9276E-02   -8.1866E-03   
1.6631E-02   -8.7285E-03   
1.3876E-02   -9.3939E-03   
1.0846E-02   -1.0238E-02   
8.2672E-03   -1.0725E-02   
5.3477E-03   -1.1329E-02   
2.6544E-03   -1.1680E-02   
4.4723E-02   -1.2580E-03   
4.2317E-02   -2.4262E-03   
3.9088E-02   -3.7511E-03   
3.6265E-02   -4.9282E-03   
3.3207E-02   -5.6575E-03   
3.0256E-02   -6.4222E-03   
2.7447E-02   -7.1467E-03   
2.4633E-02   -7.8207E-03   
2.1820E-02   -8.4792E-03   
1.8727E-02   -9.0583E-03   
1.5992E-02   -9.9054E-03   
1.3123E-02   -1.0474E-02   
1.0544E-02   -1.1000E-02   
7.8616E-03   -1.1629E-02   
5.0993E-03   -1.2197E-02   
2.8336E-03   -1.2427E-02   
4.4059E-02   -1.9084E-03   
4.1121E-02   -3.5985E-03   
3.8675E-02   -4.5621E-03   
3.4859E-02   -5.9649E-03   
3.2552E-02   -6.6462E-03   
2.9348E-02   -7.5099E-03   
2.6567E-02   -8.2512E-03   
2.4091E-02   -8.7035E-03   
2.1109E-02   -9.3602E-03   
1.8295E-02   -1.0151E-02   
1.5934E-02   -1.0635E-02   
1.3075E-02   -1.1331E-02   
1.0132E-02   -1.2009E-02   
7.5084E-03   -1.2538E-02   
5.0010E-03   -1.2991E-02   
2.2373E-03   -1.3438E-02   
7.9831E-04   -7.3888E-03   
1.6066E-03   -7.3740E-03   
2.4109E-03   -7.3457E-03   
3.2126E-03   -7.3061E-03   
4.0092E-03   -7.2543E-03   
4.7997E-03   -7.1902E-03   
5.5825E-03   -7.1139E-03   
7.1199E-03   -6.9280E-03   
7.8724E-03   -6.8189E-03   
8.6125E-03   -6.6993E-03   
9.3391E-03   -6.5692E-03   
1.0051E-02   -6.4288E-03   
1.0748E-02   -6.2784E-03   
1.1427E-02   -6.1182E-03   
1.2732E-02   -5.7696E-03   
1.3354E-02   -5.5820E-03   
1.3956E-02   -5.3862E-03   
1.4537E-02   -5.1825E-03   
1.5096E-02   -4.9714E-03   
1.5632E-02   -4.7524E-03   
1.6144E-02   -4.5265E-03   
1.7091E-02   -4.0562E-03   
1.7526E-02   -3.8120E-03   
1.7934E-02   -3.5622E-03   
1.8314E-02   -3.3071E-03   
1.8665E-02   -3.0472E-03   
1.8988E-02   -2.7829E-03   
1.9282E-02   -2.5146E-03   
1.9780E-02   -1.9671E-03   
1.9983E-02   -1.6884E-03   
2.0155E-02   -1.4061E-03   
2.0283E-02   -1.1216E-03   
2.0413E-02   -8.4216E-04   
2.0473E-02   -5.6547E-04   
2.0533E-02   -2.7454E-04   
2.0665E-02   -2.8128E-34   
2.0740E-02   -2.6169E-34   
2.0799E-02   -1.9345E-34   
2.0855E-02   -1.0218E-34   
2.0915E-02   -7.6537E-35   
2.1082E-02   -4.0509E-35   
2.1201E-02   -2.7369E-35   
2.1348E-02   -1.6663E-35   
2.1527E-02   -7.8572E-36   
2.1992E-02   5.6267E-36   
2.2281E-02   1.0795E-35   
2.2611E-02   1.5291E-35   
2.2981E-02   1.9484E-35   
2.3847E-02   2.7406E-35   
2.4345E-02   3.1130E-35   
2.5475E-02   3.8776E-35   
2.6109E-02   4.2910E-35   
2.7514E-02   7.7746E-35   
2.8287E-02   5.8406E-35   
2.9974E-02   1.1009E-34   
3.1854E-02   1.4254E-34   
3.2866E-02   1.6093E-34   
3.5033E-02   1.9394E-34   
3.7387E-02   2.5927E-34   
4.1255E-02   3.8749E-34   
4.4046E-02   4.0564E-34   
4.7000E-02   -6.0739E-34   
4.7000E-02   -6.0739E-34   
4.7000E-02   -6.0739E-34   
4.7000E-02   -6.0739E-34   
4.7000E-02   -6.0739E-34   
4.1631E-02   -3.5669E-03   
3.3896E-02   -6.9150E-03   
2.8636E-02   -8.4238E-03   
2.3559E-02   -9.6363E-03   
2.0275E-02   -1.0385E-02   
1.5549E-02   -1.1484E-02   
1.2568E-02   -1.2193E-02   
8.4024E-03   -1.3149E-02   
5.8338E-03   -1.3657E-02   
3.4133E-03   -1.4015E-02   
1.1189E-03   -1.4200E-02   
4.9353E-34   -1.3837E-02   
6.9328E-34   -1.3099E-02   
6.7943E-34   -1.2416E-02   
9.9006E-34   -1.2101E-02   
9.9946E-34   -1.1521E-02   
6.1196E-34   -1.1012E-02   
5.9536E-34   -1.0782E-02   
5.7248E-34   -1.0569E-02   
5.3426E-34   -1.0189E-02   
5.1805E-34   -1.0021E-02   
4.9058E-34   -9.7254E-03   
4.7817E-34   -9.5967E-03   
4.6509E-34   -9.4799E-03   
4.4290E-34   -9.2780E-03   
4.3353E-34   -9.1913E-03   
4.2519E-34   -9.1128E-03   
4.1795E-34   -9.0414E-03   
4.0699E-34   -8.9153E-03   
4.0332E-34   -8.8579E-03   
4.0097E-34   -8.8022E-03   
4.0006E-34   -8.7464E-03   
4.0069E-34   -8.6888E-03   
4.0650E-34   -8.5591E-03   
4.1134E-34   -8.4821E-03   
4.1810E-34   -8.3930E-03   
4.2713E-34   -8.2891E-03   
4.4131E-34   -8.1677E-03   
6.9575E-34   -8.0204E-03   
7.0123E-34   -7.8485E-03   
5.7531E-34   -7.6213E-03   
8.6060E-03   -6.6264E-03   
1.3283E-02   -5.2653E-03   
1.5034E-02   -4.5774E-03   
1.0009E-02   -6.2820E-03   
1.9064E-02   -2.3639E-03   
6.4293E-03   -7.0583E-03   
2.6537E-03   -7.5161E-03   
1.7966E-02   -3.1141E-03   
2.0092E-02   -1.3572E-03   
1.6616E-02   -3.8563E-03   
1.1364E-02   -5.8988E-03   
1.9643E-02   -1.8617E-03   
1.2021E-02   -5.6949E-03   
5.6881E-03   -7.1775E-03   
1.6116E-02   -4.1003E-03   
1.8361E-02   -2.8646E-03   
2.0589E-02   -3.7955E-04   
1.0218E-03   -7.6018E-03   
4.9406E-03   -7.2834E-03   
1.3882E-02   -5.0407E-03   
1.4461E-02   -4.8106E-03   
1.9369E-02   -2.1130E-03   
3.4249E-03   -7.4528E-03   
2.0269E-02   -1.1008E-03   
1.8499E-03   -7.5702E-03   
4.1869E-03   -7.3754E-03   
1.8728E-02   -2.6145E-03   
1.9884E-02   -1.6097E-03   
7.1637E-03   -6.9263E-03   
1.7543E-02   -3.3629E-03   
1.7092E-02   -3.6106E-03   
1.0693E-02   -6.0949E-03   
7.8898E-03   -6.7822E-03   
9.3131E-03   -6.4594E-03   
1.2662E-02   -5.4838E-03   
1.5587E-02   -4.3407E-03   
5.9092E-04   -8.0864E-03   
5.6206E-04   -8.2198E-03   
5.4134E-04   -8.3326E-03   
5.2221E-04   -8.4288E-03   
5.0736E-04   -8.5110E-03   
4.9827E-04   -8.5826E-03   
4.9326E-04   -8.6466E-03   
4.9115E-04   -8.7055E-03   
4.9138E-04   -8.7616E-03   
2.0743E-02   -1.8285E-04   
4.9371E-04   -8.8168E-03   
2.0797E-02   -1.4430E-04   
4.9809E-04   -8.8731E-03   
2.0852E-02   -1.1646E-04   
5.0447E-04   -8.9319E-03   
2.0917E-02   -9.5733E-05   
5.1274E-04   -8.9948E-03   
2.1000E-02   -8.1375E-05   
5.2273E-04   -9.0630E-03   
2.1106E-02   -7.1993E-05   
5.3439E-04   -9.1379E-03   
2.1239E-02   -6.6755E-05   
5.4754E-04   -9.2205E-03   
2.1403E-02   -6.4874E-05   
5.6213E-04   -9.3119E-03   
2.1601E-02   -6.5580E-05   
5.7813E-04   -9.4129E-03   
2.1834E-02   -6.8262E-05   
5.9484E-04   -9.5242E-03   
2.2105E-02   -7.2687E-05   
6.1194E-04   -9.6467E-03   
2.2417E-02   -7.8499E-05   
6.3123E-04   -9.7814E-03   
2.2768E-02   -8.5245E-05   
6.5346E-04   -9.9294E-03   
2.3161E-02   -9.2571E-05   
6.7681E-04   -1.0091E-02   
2.3597E-02   -9.9606E-05   
7.0056E-04   -1.0266E-02   
2.4072E-02   -1.0768E-04   
7.2453E-04   -1.0456E-02   
2.4587E-02   -1.1643E-04   
7.4793E-04   -1.0660E-02   
2.5145E-02   -1.2662E-04   
7.7957E-04   -1.0877E-02   
2.5751E-02   -1.3584E-04   
8.1698E-04   -1.1111E-02   
2.6406E-02   -1.4251E-04   
8.3691E-04   -1.1363E-02   
2.7109E-02   -1.4880E-04   
8.5760E-04   -1.1631E-02   
2.7865E-02   -1.5506E-04   
9.1833E-04   -1.1919E-02   
2.8678E-02   -1.5789E-04   
9.5407E-04   -1.2233E-02   
2.9519E-02   -1.5448E-04   
9.6048E-04   -1.2566E-02   
3.0392E-02   -1.5986E-04   
9.9743E-04   -1.2912E-02   
3.1329E-02   -1.6181E-04   
1.0562E-03   -1.3285E-02   
1.0683E-02   -5.8917E-03   
1.6648E-02   -3.4520E-03   
1.8442E-02   -2.4703E-03   
7.9307E-03   -6.7097E-03   
2.0542E-02   -5.5625E-04   
2.1462E-03   -7.7120E-03   
1.3828E-02   -4.7016E-03   
2.0203E-02   -1.0768E-03   
3.6217E-03   -7.5573E-03   
5.8004E-03   -7.1986E-03   
5.0818E-03   -7.3330E-03   
1.5591E-02   -3.9530E-03   
1.2005E-02   -5.4327E-03   
1.9473E-02   -1.7643E-03   
1.9750E-02   -1.5339E-03   
1.2639E-02   -5.1950E-03   
1.5017E-02   -4.2008E-03   
1.8818E-02   -2.2323E-03   
1.8035E-02   -2.7115E-03   
8.6295E-03   -6.5210E-03   
6.5159E-03   -7.0493E-03   
1.3192E-03   -7.7909E-03   
9.3217E-03   -6.3209E-03   
1.3240E-02   -4.9500E-03   
1.4425E-02   -4.4494E-03   
1.9162E-02   -1.9970E-03   
1.9993E-02   -1.3050E-03   
1.0007E-02   -6.1108E-03   
1.7137E-02   -3.2028E-03   
4.3550E-03   -7.4529E-03   
7.2265E-03   -6.8860E-03   
1.7600E-02   -2.9559E-03   
2.0386E-02   -8.4097E-04   
2.8795E-03   -7.6439E-03   
1.6133E-02   -3.7033E-03   
1.1351E-02   -5.6655E-03   
6.1578E-04   -7.9265E-03   
1.1775E-03   -8.1127E-03   
1.1242E-03   -8.2427E-03   
1.0762E-03   -8.3467E-03   
1.0322E-03   -8.4356E-03   
1.0049E-03   -8.5112E-03   
9.9014E-04   -8.5774E-03   
9.8322E-04   -8.6373E-03   
2.0679E-02   -2.4873E-04   
9.8173E-04   -8.6935E-03   
9.8468E-04   -8.7482E-03   
2.0684E-02   -3.1651E-04   
9.9176E-04   -8.8031E-03   
2.0728E-02   -2.5963E-04   
1.0029E-03   -8.8600E-03   
2.0785E-02   -2.1086E-04   
1.0178E-03   -8.9204E-03   
2.0857E-02   -1.7680E-04   
1.0363E-03   -8.9856E-03   
2.0950E-02   -1.5416E-04   
1.0576E-03   -9.0569E-03   
2.1070E-02   -1.4010E-04   
1.0847E-03   -9.1349E-03   
2.1219E-02   -1.3345E-04   
1.1168E-03   -9.2212E-03   
2.1401E-02   -1.3274E-04   
1.1473E-03   -9.3176E-03   
2.1618E-02   -1.3649E-04   
1.1755E-03   -9.4240E-03   
2.1874E-02   -1.4359E-04   
1.2055E-03   -9.5403E-03   
2.2170E-02   -1.5405E-04   
1.2408E-03   -9.6681E-03   
2.2505E-02   -1.6713E-04   
1.2827E-03   -9.8088E-03   
2.2881E-02   -1.8196E-04   
1.3294E-03   -9.9633E-03   
2.3305E-02   -1.9526E-04   
1.3780E-03   -1.0132E-02   
2.3761E-02   -2.0587E-04   
1.4262E-03   -1.0315E-02   
2.4238E-02   -2.2489E-04   
1.4658E-03   -1.0512E-02   
2.4762E-02   -2.4212E-04   
1.4949E-03   -1.0718E-02   
2.5332E-02   -2.6663E-04   
1.5863E-03   -1.0930E-02   
2.5966E-02   -2.8161E-04   
1.6678E-03   -1.1172E-02   
2.6648E-02   -2.9144E-04   
1.6671E-03   -1.1436E-02   
2.7378E-02   -3.0588E-04   
1.7423E-03   -1.1697E-02   
2.8190E-02   -3.1592E-04   
1.9863E-03   -1.1992E-02   
2.9062E-02   -3.1539E-04   
1.9132E-03   -1.2346E-02   
2.9862E-02   -2.9272E-04   
1.9475E-03   -1.2679E-02   
3.0720E-02   -3.5083E-04   
2.0467E-03   -1.3027E-02   
3.2317E-02   -1.7054E-04   
1.3828E-02   -4.3768E-03   
1.4463E-02   -4.1036E-03   
1.2035E-02   -5.1730E-03   
1.5065E-02   -3.8471E-03   
1.1385E-02   -5.4241E-03   
5.2261E-03   -7.3451E-03   
5.9235E-03   -7.1830E-03   
6.6182E-03   -7.0055E-03   
7.3097E-03   -6.8135E-03   
7.9981E-03   -6.6076E-03   
4.5169E-03   -7.4935E-03   
8.6839E-03   -6.3892E-03   
1.0720E-02   -5.6749E-03   
1.5646E-02   -3.5932E-03   
9.3668E-03   -6.1597E-03   
1.0047E-02   -5.9210E-03   
3.7862E-03   -7.6292E-03   
1.6197E-02   -3.3361E-03   
1.9278E-02   -1.6769E-03   
1.9590E-02   -1.4622E-03   
1.9863E-02   -1.2539E-03   
1.8930E-02   -1.8968E-03   
3.0574E-03   -7.7439E-03   
1.6722E-02   -3.0815E-03   
1.8549E-02   -2.1217E-03   
1.7693E-02   -2.5887E-03   
1.7221E-02   -2.8322E-03   
1.8136E-02   -2.3524E-03   
2.3714E-03   -7.8159E-03   
1.7856E-03   -7.8695E-03   
2.0100E-02   -1.0471E-03   
2.0309E-02   -8.3701E-04   
2.0490E-02   -6.2211E-04   
1.2255E-03   -7.9798E-03   
1.6941E-03   -8.2284E-03   
1.5887E-03   -8.3314E-03   
1.5266E-03   -8.4136E-03   
1.4941E-03   -8.4827E-03   
1.4783E-03   -8.5434E-03   
1.4727E-03   -8.5994E-03   
2.0632E-02   -3.9496E-04   
1.4746E-03   -8.6530E-03   
1.4828E-03   -8.7064E-03   
2.0540E-02   -4.4988E-04   
1.4971E-03   -8.7612E-03   
2.0596E-02   -3.5320E-04   
1.5172E-03   -8.8190E-03   
2.0658E-02   -2.9213E-04   
1.5427E-03   -8.8811E-03   
2.0738E-02   -2.5133E-04   
1.5717E-03   -8.9489E-03   
2.0844E-02   -2.2547E-04   
1.6106E-03   -9.0215E-03   
2.0980E-02   -2.1002E-04   
1.6730E-03   -9.0992E-03   
2.1147E-02   -2.0535E-04   
1.7211E-03   -9.1911E-03   
2.1346E-02   -2.0886E-04   
1.7496E-03   -9.2953E-03   
2.1586E-02   -2.1716E-04   
1.7880E-03   -9.4069E-03   
2.1870E-02   -2.2971E-04   
1.8298E-03   -9.5290E-03   
2.2187E-02   -2.4838E-04   
1.8855E-03   -9.6613E-03   
2.2544E-02   -2.7099E-04   
1.9602E-03   -9.8064E-03   
2.2959E-02   -2.9245E-04   
2.0363E-03   -9.9678E-03   
2.3431E-02   -3.0813E-04   
2.1097E-03   -1.0145E-02   
2.3880E-02   -3.0821E-04   
2.1714E-03   -1.0340E-02   
2.4318E-02   -3.6678E-04   
2.1919E-03   -1.0550E-02   
2.1504E-03   -1.0747E-02   
2.5165E-03   -1.1234E-02   
2.6813E-02   -4.5261E-04   
2.8051E-03   -1.2131E-02   
2.9254E-03   -1.2737E-02   
2.8504E-02   -4.8720E-04   
3.3404E-02   -1.8289E-04   
1.9971E-02   -1.0215E-03   
2.0201E-02   -8.3009E-04   
2.0412E-02   -6.3557E-04   
1.2674E-02   -4.6854E-03   
1.2119E-02   -4.9080E-03   
4.6824E-03   -7.5012E-03   
3.9586E-03   -7.6684E-03   
7.4150E-03   -6.7141E-03   
5.3772E-03   -7.3250E-03   
8.0924E-03   -6.4813E-03   
6.0602E-03   -7.1358E-03   
1.1468E-02   -5.1771E-03   
1.5174E-02   -3.5308E-03   
6.7385E-03   -6.9326E-03   
1.9064E-02   -1.6011E-03   
1.8680E-02   -1.8138E-03   
8.7704E-03   -6.2361E-03   
9.4491E-03   -5.9806E-03   
1.7338E-02   -2.4966E-03   
1.7815E-02   -2.2605E-03   
1.9415E-02   -1.3943E-03   
3.2050E-03   -7.8197E-03   
1.9716E-02   -1.2052E-03   
1.0801E-02   -5.4481E-03   
1.6833E-02   -2.7431E-03   
1.0127E-02   -5.7172E-03   
1.8263E-02   -2.0333E-03   
1.5747E-02   -3.2619E-03   
1.6301E-02   -2.9990E-03   
2.1793E-03   -8.2032E-03   
2.0627E-03   -8.2934E-03   
2.0066E-03   -8.3648E-03   
1.9779E-03   -8.4259E-03   
1.9656E-03   -8.4810E-03   
1.9647E-03   -8.5331E-03   
1.9729E-03   -8.5844E-03   
1.9889E-03   -8.6368E-03   
2.0561E-02   -4.7995E-04   
2.0361E-02   -5.2545E-04   
2.0124E-03   -8.6917E-03   
2.0408E-02   -4.3461E-04   
2.0435E-03   -8.7506E-03   
2.0478E-02   -3.6838E-04   
2.0801E-03   -8.8145E-03   
2.0567E-02   -3.2660E-04   
2.1225E-03   -8.8831E-03   
2.0687E-02   -3.0209E-04   
2.1811E-03   -8.9542E-03   
2.0848E-02   -2.8597E-04   
2.3421E-03   -9.0216E-03   
2.1024E-02   -2.8838E-04   
2.3178E-03   -9.1397E-03   
2.1237E-02   -2.9835E-04   
2.3654E-03   -9.2468E-03   
2.1516E-02   -3.1152E-04   
2.4124E-03   -9.3674E-03   
2.1825E-02   -3.2865E-04   
2.5545E-03   -9.6247E-03   
2.9017E-03   -1.0604E-02   
2.2534E-02   -3.9456E-04   
2.6838E-03   -9.7710E-03   
2.7819E-03   -9.9449E-03   
2.9545E-03   -1.0352E-02   
2.4900E-02   -3.6201E-04   
2.6185E-02   -4.1587E-04   
2.6951E-02   -6.3647E-04   
2.3017E-02   -4.2239E-04   
3.8705E-03   -1.2433E-02   
2.7817E-02   -6.5896E-04   
2.9307E-03   -1.1878E-02   
2.4109E-02   -5.1674E-04   
3.4808E-03   -1.1005E-02   
2.0297E-02   -6.5211E-04   
2.0052E-02   -8.3972E-04   
1.9829E-02   -1.0090E-03   
1.4178E-02   -3.7463E-03   
1.3946E-02   -4.0456E-03   
1.4705E-02   -3.4955E-03   
1.1624E-02   -4.9246E-03   
1.9218E-02   -1.3392E-03   
4.8786E-03   -7.4712E-03   
1.9571E-02   -1.1423E-03   
4.1673E-03   -7.6655E-03   
3.4280E-03   -7.8454E-03   
5.5580E-03   -7.2700E-03   
7.5438E-03   -6.5925E-03   
6.8780E-03   -6.8353E-03   
1.0932E-02   -5.2135E-03   
6.2205E-03   -7.0599E-03   
8.2151E-03   -6.3352E-03   
1.5295E-02   -3.2242E-03   
1.7484E-02   -2.1954E-03   
1.8830E-02   -1.5428E-03   
8.8903E-03   -6.0661E-03   
1.7964E-02   -1.9682E-03   
1.8412E-02   -1.7513E-03   
1.6974E-02   -2.4356E-03   
9.5690E-03   -5.7876E-03   
1.0250E-02   -5.5026E-03   
1.6437E-02   -2.6883E-03   
1.5876E-02   -2.9525E-03   
2.1573E-03   -8.0330E-03   
2.5892E-03   -8.1593E-03   
2.5216E-03   -8.2285E-03   
2.4812E-03   -8.2880E-03   
2.4609E-03   -8.3411E-03   
2.4558E-03   -8.3907E-03   
2.4628E-03   -8.4392E-03   
2.4795E-03   -8.4884E-03   
2.5052E-03   -8.5401E-03   
2.0088E-02   -6.2356E-04   
2.5405E-03   -8.5953E-03   
2.0175E-02   -5.0973E-04   
2.5848E-03   -8.6548E-03   
2.6316E-03   -8.7210E-03   
2.0251E-02   -4.4653E-04   
2.0346E-02   -4.0996E-04   
2.6647E-03   -8.7964E-03   
2.0468E-02   -3.9555E-04   
2.8159E-03   -8.9857E-03   
2.0795E-02   -3.9833E-04   
2.9299E-03   -9.0609E-03   
2.1424E-02   -4.2198E-04   
2.1100E-02   -4.0602E-04   
3.0252E-03   -9.1747E-03   
3.3502E-03   -9.5250E-03   
2.4521E-03   -9.4971E-03   
3.4583E-03   -9.7107E-03   
3.5878E-03   -9.8940E-03   
3.6164E-03   -1.1925E-02   
3.5637E-03   -1.1649E-02   
3.7290E-03   -1.0097E-02   
2.2496E-02   -5.4348E-04   
2.4672E-02   -4.8773E-04   
2.3593E-02   -6.2725E-04   
2.6062E-02   -5.9636E-04   
2.3023E-02   -5.7787E-04   
2.2148E-02   -3.6096E-04   
3.9072E-03   -1.0341E-02   
3.3276E-03   -1.1362E-02   
3.6642E-03   -1.0680E-02   
2.8717E-02   -6.7615E-04   
3.6990E-03   -1.2764E-02   
3.5023E-03   -1.2191E-02   
2.7093E-02   -8.3510E-04   
1.3516E-02   -3.9359E-03   
2.0131E-02   -6.9586E-04   
1.9381E-02   -1.1082E-03   
5.1216E-03   -7.4001E-03   
1.8986E-02   -1.3076E-03   
4.4469E-03   -7.6130E-03   
3.0748E-03   -7.9740E-03   
1.1112E-02   -4.9652E-03   
7.0364E-03   -6.7176E-03   
6.3894E-03   -6.9642E-03   
5.7618E-03   -7.1882E-03   
1.4841E-02   -3.2381E-03   
7.6978E-03   -6.4523E-03   
1.7654E-02   -1.9267E-03   
8.3675E-03   -6.1729E-03   
1.8131E-02   -1.7100E-03   
1.8573E-02   -1.5049E-03   
1.7143E-02   -2.1583E-03   
9.0442E-03   -5.8822E-03   
1.0414E-02   -5.2776E-03   
1.5448E-02   -2.9445E-03   
1.6603E-02   -2.4055E-03   
9.7273E-03   -5.5830E-03   
1.6036E-02   -2.6681E-03   
3.1082E-03   -8.0131E-03   
3.0463E-03   -8.0736E-03   
1.2631E-02   -4.3131E-03   
2.9951E-03   -8.1305E-03   
1.1842E-02   -4.6422E-03   
2.9616E-03   -8.1819E-03   
2.9490E-03   -8.2286E-03   
2.9531E-03   -8.2732E-03   
2.9698E-03   -8.3184E-03   
2.9976E-03   -8.3659E-03   
3.0364E-03   -8.4167E-03   
3.4725E-03   -8.8343E-03   
1.9852E-02   -6.6567E-04   
3.0864E-03   -8.4716E-03   
3.1466E-03   -8.5327E-03   
1.9912E-02   -5.8546E-04   
3.2074E-03   -8.6057E-03   
1.9980E-02   -5.3485E-04   
2.0063E-02   -5.1049E-04   
2.6784E-03   -8.8702E-03   
2.0635E-02   -5.1593E-04   
3.6230E-03   -8.9451E-03   
3.6140E-03   -9.2952E-03   
2.4348E-02   -6.7403E-04   
2.2950E-02   -7.5806E-04   
2.1360E-02   -5.6206E-04   
4.2789E-03   -9.6224E-03   
2.0950E-02   -5.3391E-04   
4.4755E-03   -9.8016E-03   
3.0484E-03   -9.3166E-03   
4.3601E-03   -1.2024E-02   
4.6317E-03   -1.0006E-02   
2.5190E-02   -6.5718E-04   
4.4843E-03   -1.0745E-02   
4.3392E-03   -1.1068E-02   
2.1982E-02   -5.1093E-04   
4.4729E-03   -1.1670E-02   
4.1248E-03   -9.4548E-03   
2.2429E-02   -7.1316E-04   
2.7979E-02   -8.5660E-04   
2.6263E-02   -8.0166E-04   
1.9485E-02   -9.3520E-04   
1.9120E-02   -1.1160E-03   
1.9804E-02   -8.7374E-04   
4.1255E-03   -7.7270E-03   
5.3944E-03   -7.3018E-03   
1.4356E-02   -3.2806E-03   
6.5652E-03   -6.8528E-03   
1.8724E-02   -1.2993E-03   
5.9309E-03   -7.1024E-03   
7.2156E-03   -6.5834E-03   
2.5067E-03   -8.0455E-03   
7.8778E-03   -6.2972E-03   
1.0621E-02   -5.0434E-03   
1.7335E-02   -1.9100E-03   
1.8297E-02   -1.4905E-03   
1.7834E-02   -1.6928E-03   
1.5008E-02   -2.9707E-03   
8.5506E-03   -5.9974E-03   
1.6795E-02   -2.1490E-03   
9.2322E-03   -5.6871E-03   
9.9225E-03   -5.3688E-03   
1.5629E-02   -2.6798E-03   
1.6225E-02   -2.4063E-03   
1.1349E-02   -4.7057E-03   
3.6041E-03   -7.8969E-03   
3.5385E-03   -7.9507E-03   
3.4746E-03   -8.0046E-03   
3.6951E-03   -7.8309E-03   
3.4474E-03   -8.0492E-03   
1.2109E-02   -4.3573E-03   
1.2899E-02   -3.9947E-03   
3.4454E-03   -8.0895E-03   
1.9760E-02   -7.7560E-04   
1.3659E-02   -3.6281E-03   
3.4609E-03   -8.1294E-03   
3.4904E-03   -8.1715E-03   
3.5871E-03   -8.2666E-03   
1.9572E-02   -7.3733E-04   
3.6604E-03   -8.3200E-03   
3.7623E-03   -8.3778E-03   
1.9595E-02   -6.8013E-04   
1.9658E-02   -6.4040E-04   
3.6838E-03   -8.6456E-03   
3.8080E-03   -9.0721E-03   
2.0406E-02   -6.5729E-04   
2.1951E-02   -6.7461E-04   
5.1458E-03   -9.4837E-03   
3.1881E-03   -8.7103E-03   
2.3508E-02   -8.1536E-04   
4.1707E-03   -8.7007E-03   
2.2296E-02   -9.0329E-04   
4.0493E-03   -9.3099E-03   
5.3026E-03   -1.0801E-02   
4.8956E-03   -9.3362E-03   
4.8420E-03   -1.0164E-02   
2.1553E-02   -6.5572E-04   
2.5571E-02   -7.7725E-04   
2.0727E-02   -6.9169E-04   
4.6682E-03   -1.0422E-02   
4.3579E-03   -1.1368E-02   
2.6332E-02   -1.0151E-03   
2.8798E-02   -8.6097E-04   
4.5723E-03   -1.2635E-02   
5.5797E-03   -1.1701E-02   
2.4908E-02   -5.6302E-04   
1.8850E-02   -1.1376E-03   
5.4216E-03   -7.2774E-03   
1.0870E-02   -4.8020E-03   
6.1206E-03   -6.9979E-03   
6.7666E-03   -6.7243E-03   
1.8447E-02   -1.3152E-03   
7.4193E-03   -6.4350E-03   
1.4559E-02   -3.0313E-03   
1.7543E-02   -1.6923E-03   
1.8020E-02   -1.4967E-03   
8.0861E-03   -6.1295E-03   
1.7010E-02   -1.9186E-03   
1.0153E-02   -5.1470E-03   
8.7651E-03   -5.8109E-03   
1.5213E-02   -2.7238E-03   
9.4549E-03   -5.4827E-03   
1.6440E-02   -2.1674E-03   
1.5839E-02   -2.4366E-03   
4.1741E-03   -7.7320E-03   
3.9999E-03   -7.8134E-03   
1.9539E-02   -8.1719E-04   
3.9539E-03   -7.8552E-03   
1.3140E-02   -3.7154E-03   
1.1617E-02   -4.4448E-03   
1.3868E-02   -3.3629E-03   
3.9444E-03   -7.8896E-03   
3.9553E-03   -7.9237E-03   
1.2380E-02   -4.0806E-03   
3.9849E-03   -7.9593E-03   
4.0302E-03   -7.9981E-03   
4.0892E-03   -8.0414E-03   
1.9740E-02   -6.2617E-04   
4.1688E-03   -8.0875E-03   
3.8980E-03   -8.4523E-03   
4.2835E-03   -8.1324E-03   
1.9170E-02   -8.6006E-04   
2.1384E-02   -8.0756E-04   
1.9225E-02   -7.9517E-04   
4.3530E-03   -8.7918E-03   
4.4417E-03   -9.0662E-03   
2.0130E-02   -6.3828E-04   
4.0949E-03   -8.6051E-03   
2.1043E-02   -7.5047E-04   
5.6145E-03   -9.1997E-03   
5.6671E-03   -1.0103E-02   
4.7135E-03   -9.1880E-03   
5.3682E-03   -9.9336E-03   
2.0113E-02   -8.3114E-04   
2.4771E-02   -8.8431E-04   
6.3195E-03   -1.0499E-02   
2.5548E-02   -9.6687E-04   
5.0939E-03   -1.1099E-02   
2.6363E-02   -1.2501E-03   
5.7219E-03   -1.2438E-02   
2.8239E-02   -1.0811E-03   
2.9603E-02   -7.2951E-04   
6.3694E-03   -1.1945E-02   
2.3979E-02   -9.0208E-04   
1.8969E-02   -1.0042E-03   
4.7730E-03   -7.5172E-03   
5.7508E-03   -7.1292E-03   
6.3589E-03   -6.8670E-03   
1.0416E-02   -4.9212E-03   
6.9935E-03   -6.5808E-03   
1.8195E-02   -1.3469E-03   
1.7787E-02   -1.4955E-03   
7.6495E-03   -6.2744E-03   
4.4638E-03   -7.6403E-03   
1.7256E-02   -1.7083E-03   
1.4794E-02   -2.7954E-03   
8.3234E-03   -5.9511E-03   
9.7067E-03   -5.2723E-03   
1.6682E-02   -1.9494E-03   
9.0106E-03   -5.6158E-03   
1.5450E-02   -2.4929E-03   
1.6079E-02   -2.2111E-03   
4.4581E-03   -7.6542E-03   
1.1150E-02   -4.5589E-03   
1.3397E-02   -3.4617E-03   
1.4109E-02   -3.1192E-03   
4.4569E-03   -7.6745E-03   
1.2655E-02   -3.8218E-03   
4.4553E-03   -7.7041E-03   
4.4823E-03   -7.7324E-03   
1.1901E-02   -4.1901E-03   
1.9297E-02   -8.7193E-04   
4.6750E-03   -7.8379E-03   
4.5299E-03   -7.7629E-03   
1.9285E-02   -7.6688E-04   
4.5941E-03   -7.7978E-03   
2.0122E-02   -5.1693E-04   
4.4544E-03   -8.3814E-03   
4.4372E-03   -8.1768E-03   
4.7079E-03   -8.4395E-03   
4.7873E-03   -7.8763E-03   
1.8774E-02   -9.7211E-04   
2.0424E-02   -8.8171E-04   
1.9828E-02   -7.9884E-04   
4.7891E-03   -8.5497E-03   
5.5040E-03   -9.0381E-03   
6.2094E-03   -9.7195E-03   
2.5556E-02   -1.2004E-03   
2.0758E-02   -9.4339E-04   
5.2765E-03   -8.8961E-03   
2.3316E-02   -1.0272E-03   
6.5123E-03   -1.0136E-02   
2.3916E-02   -1.1296E-03   
6.1335E-03   -1.0904E-02   
4.5656E-03   -8.8658E-03   
2.7248E-02   -1.2940E-03   
2.1807E-02   -8.5513E-04   
3.0542E-02   -5.8350E-04   
6.9746E-03   -1.1455E-02   
4.9004E-03   -7.4730E-03   
1.8552E-02   -1.1829E-03   
6.0033E-03   -7.0037E-03   
6.6135E-03   -6.7251E-03   
7.2495E-03   -6.4242E-03   
9.9860E-03   -5.0590E-03   
1.8146E-02   -1.2806E-03   
5.2571E-03   -7.3304E-03   
1.7543E-02   -1.5101E-03   
1.0708E-02   -4.6937E-03   
7.9116E-03   -6.1013E-03   
1.6950E-02   -1.7503E-03   
8.5935E-03   -5.7620E-03   
9.2858E-03   -5.4136E-03   
1.5058E-02   -2.5739E-03   
1.6345E-02   -2.0033E-03   
1.5714E-02   -2.2772E-03   
5.0316E-03   -7.4262E-03   
1.2944E-02   -3.5800E-03   
1.4376E-02   -2.8915E-03   
1.3671E-02   -3.2274E-03   
1.9897E-02   -6.2342E-04   
4.9640E-03   -7.4729E-03   
1.1449E-02   -4.3208E-03   
4.9852E-03   -7.4931E-03   
1.2198E-02   -3.9472E-03   
1.8816E-02   -9.2972E-04   
5.1824E-03   -7.5726E-03   
5.0329E-03   -7.5143E-03   
5.2900E-03   -7.6069E-03   
5.0992E-03   -7.5403E-03   
5.5563E-03   -8.2121E-03   
1.8671E-02   -1.0623E-03   
1.9353E-02   -7.6594E-04   
4.9337E-03   -7.9133E-03   
2.0713E-02   -3.6074E-04   
5.8549E-03   -8.5486E-03   
1.9583E-02   -7.8291E-04   
2.1599E-02   -1.0638E-03   
2.1142E-02   -1.0046E-03   
2.0082E-02   -1.0951E-03   
1.9765E-02   -1.0351E-03   
2.2975E-02   -1.2618E-03   
1.9476E-02   -9.8943E-04   
5.0596E-03   -8.7954E-03   
6.4448E-03   -8.8700E-03   
4.5943E-03   -8.2161E-03   
5.1928E-03   -8.1613E-03   
6.6871E-03   -9.3347E-03   
2.4138E-02   -1.3349E-03   
6.6793E-03   -9.8270E-03   
5.1742E-03   -8.5776E-03   
2.6375E-02   -1.5045E-03   
6.4488E-03   -1.1220E-02   
3.1717E-02   -3.0717E-04   
7.3426E-03   -1.0148E-02   
3.0477E-02   -8.0295E-04   
2.5547E-02   -1.4534E-03   
2.2816E-02   -9.5238E-04   
7.2010E-03   -1.0499E-02   
5.4286E-03   -7.2546E-03   
6.2886E-03   -6.8609E-03   
6.8948E-03   -6.5719E-03   
1.0290E-02   -4.8453E-03   
1.7851E-02   -1.3206E-03   
7.5318E-03   -6.2572E-03   
9.5849E-03   -5.2091E-03   
1.7228E-02   -1.5735E-03   
8.2060E-03   -5.9169E-03   
8.8929E-03   -5.5655E-03   
1.6638E-02   -1.8133E-03   
1.3248E-02   -3.3554E-03   
1.5342E-02   -2.3690E-03   
1.6008E-02   -2.0761E-03   
1.4659E-02   -2.6832E-03   
5.4320E-03   -7.2587E-03   
1.3963E-02   -3.0110E-03   
1.8362E-02   -1.1418E-03   
1.1019E-02   -4.4707E-03   
1.2510E-02   -3.7183E-03   
5.4937E-03   -7.2460E-03   
1.1763E-02   -4.0926E-03   
5.5446E-03   -7.2537E-03   
5.7999E-03   -7.3221E-03   
5.6937E-03   -7.2936E-03   
1.8344E-02   -1.1107E-03   
5.6091E-03   -7.2705E-03   
1.8860E-02   -9.1730E-04   
2.0380E-02   -5.2022E-04   
5.4116E-03   -7.6469E-03   
1.9224E-02   -9.5966E-04   
1.9374E-02   -1.2664E-03   
5.0043E-03   -8.1172E-03   
1.9362E-02   -8.0189E-04   
1.9080E-02   -1.2102E-03   
1.9692E-02   -1.3389E-03   
6.6040E-03   -8.4107E-03   
2.2131E-02   -1.1135E-03   
2.0847E-02   -1.2372E-03   
5.1591E-03   -7.9417E-03   
2.2047E-02   -1.3674E-03   
7.3982E-03   -9.4165E-03   
6.1070E-03   -9.2451E-03   
7.0052E-03   -8.4639E-03   
6.0974E-03   -8.2305E-03   
2.5517E-02   -1.7263E-03   
2.7232E-02   -1.5543E-03   
7.6349E-03   -9.7265E-03   
7.2660E-03   -1.0812E-02   
3.1270E-02   -6.6816E-04   
8.0223E-03   -1.0169E-02   
5.6941E-03   -7.1359E-03   
6.6098E-03   -6.7021E-03   
9.9018E-03   -5.0075E-03   
7.1679E-03   -6.4237E-03   
1.7437E-02   -1.4549E-03   
1.0613E-02   -4.6363E-03   
7.8370E-03   -6.0829E-03   
9.2092E-03   -5.3698E-03   
1.6940E-02   -1.6491E-03   
1.3566E-02   -3.1495E-03   
8.5203E-03   -5.7292E-03   
1.2838E-02   -3.5043E-03   
6.0345E-03   -6.9801E-03   
1.6352E-02   -1.8894E-03   
1.4945E-02   -2.5012E-03   
1.4265E-02   -2.8167E-03   
6.0870E-03   -6.9737E-03   
1.2093E-02   -3.8764E-03   
1.1347E-02   -4.2565E-03   
1.8360E-02   -1.0888E-03   
1.9024E-02   -9.4463E-04   
6.3152E-03   -7.0243E-03   
6.1317E-03   -6.9883E-03   
5.5985E-03   -7.8851E-03   
6.2102E-03   -7.0037E-03   
1.8912E-02   -9.3080E-04   
5.9193E-03   -7.3596E-03   
7.3852E-03   -8.1186E-03   
1.8643E-02   -1.4601E-03   
5.5101E-03   -7.6985E-03   
1.8937E-02   -1.5293E-03   
1.8813E-02   -1.1697E-03   
2.0051E-02   -1.4248E-03   
6.7388E-03   -8.1704E-03   
9.0466E-03   -9.9401E-03   
7.5705E-03   -8.5028E-03   
2.2512E-02   -1.5314E-03   
2.1364E-02   -1.3063E-03   
2.7219E-02   -1.8193E-03   
6.3856E-03   -7.9536E-03   
8.1595E-03   -1.0410E-02   
2.4696E-02   -1.6693E-03   
2.8107E-02   -1.3536E-03   
8.3444E-03   -9.2906E-03   
7.2825E-03   -8.8827E-03   
7.6658E-03   -9.0433E-03   
2.5464E-02   -2.0224E-03   
1.7860E-02   -1.2789E-03   
1.0233E-02   -4.8129E-03   
9.5391E-03   -5.1793E-03   
6.7336E-03   -6.6425E-03   
1.6156E-02   -1.9522E-03   
1.8442E-02   -1.1190E-03   
7.4746E-03   -6.2649E-03   
1.3182E-02   -3.3071E-03   
1.7289E-02   -1.4903E-03   
1.3895E-02   -2.9639E-03   
1.6673E-02   -1.7372E-03   
8.1607E-03   -5.9068E-03   
1.2441E-02   -3.6735E-03   
1.0951E-02   -4.4362E-03   
1.1692E-02   -4.0533E-03   
6.6767E-03   -6.6937E-03   
1.5162E-02   -2.3824E-03   
1.4574E-02   -2.6471E-03   
6.8332E-03   -6.7186E-03   
6.7331E-03   -6.7072E-03   
6.0131E-03   -7.4266E-03   
6.4385E-03   -7.0539E-03   
1.8386E-02   -1.0939E-03   
7.0310E-03   -7.6246E-03   
1.8581E-02   -1.1440E-03   
1.8172E-02   -1.7392E-03   
6.9419E-03   -7.8744E-03   
1.8368E-02   -1.4095E-03   
1.9247E-02   -1.6187E-03   
2.3850E-02   -1.6043E-03   
2.0496E-02   -1.5124E-03   
7.9828E-03   -8.1241E-03   
6.0065E-03   -7.5762E-03   
5.8168E-03   -7.9312E-03   
2.3385E-02   -1.4209E-03   
2.1643E-02   -1.6935E-03   
8.1653E-03   -8.4893E-03   
9.1893E-03   -1.0276E-02   
9.4713E-03   -9.4656E-03   
7.6342E-03   -7.7839E-03   
2.4766E-02   -1.3958E-03   
2.6357E-02   -2.0496E-03   
2.8078E-02   -1.6025E-03   
2.8899E-02   -1.1996E-03   
8.3597E-03   -8.6603E-03   
9.2899E-03   -8.9871E-03   
1.6380E-02   -1.8549E-03   
9.1839E-03   -5.3689E-03   
9.8632E-03   -5.0071E-03   
1.7855E-02   -1.3030E-03   
1.4946E-02   -2.4756E-03   
1.4254E-02   -2.7915E-03   
1.6887E-02   -1.6499E-03   
1.0570E-02   -4.6331E-03   
1.3546E-02   -3.1264E-03   
1.2811E-02   -3.4847E-03   
8.5159E-03   -5.7255E-03   
1.2058E-02   -3.8622E-03   
1.1306E-02   -4.2483E-03   
7.1832E-03   -6.4246E-03   
7.2561E-03   -6.4120E-03   
7.3478E-03   -6.4130E-03   
6.9609E-03   -6.7371E-03   
6.5547E-03   -7.1071E-03   
7.8069E-03   -6.1029E-03   
1.7849E-02   -1.2780E-03   
1.7637E-02   -1.6361E-03   
1.5679E-02   -2.1493E-03   
1.7892E-02   -1.6793E-03   
6.9760E-03   -7.4670E-03   
6.3996E-03   -7.5871E-03   
9.0183E-03   -8.2386E-03   
1.8463E-02   -1.8178E-03   
6.6400E-03   -7.1983E-03   
1.7836E-02   -1.3763E-03   
8.4449E-03   -7.6937E-03   
1.9572E-02   -1.7384E-03   
7.8686E-03   -7.4176E-03   
2.2143E-02   -1.7853E-03   
2.3186E-02   -1.8660E-03   
2.1060E-02   -1.5957E-03   
2.9750E-02   -1.1955E-03   
9.8278E-03   -8.5483E-03   
9.3905E-03   -8.3936E-03   
1.0227E-02   -9.5026E-03   
2.5499E-02   -2.3188E-03   
9.4704E-03   -1.0607E-02   
2.7169E-02   -2.0882E-03   
2.8963E-02   -1.4058E-03   
1.6755E-02   -1.7178E-03   
9.4902E-03   -5.2253E-03   
8.8309E-03   -5.5766E-03   
1.4649E-02   -2.6271E-03   
1.7316E-02   -1.4876E-03   
1.3936E-02   -2.9585E-03   
1.0191E-02   -4.8527E-03   
1.3207E-02   -3.3088E-03   
1.0928E-02   -4.4646E-03   
1.2452E-02   -3.6826E-03   
7.8485E-03   -6.1170E-03   
1.1685E-02   -4.0719E-03   
7.4809E-03   -6.4150E-03   
1.6090E-02   -1.9938E-03   
1.7122E-02   -1.9274E-03   
8.2853E-03   -5.8666E-03   
7.2151E-03   -6.8455E-03   
7.6365E-03   -6.4313E-03   
7.3425E-03   -7.1396E-03   
1.5368E-02   -2.3038E-03   
1.7407E-02   -1.9695E-03   
2.2262E-02   -2.0241E-03   
1.7253E-02   -1.5499E-03   
1.7692E-02   -2.0323E-03   
7.7633E-03   -7.1847E-03   
1.8730E-02   -1.9271E-03   
2.0064E-02   -1.8430E-03   
1.7395E-02   -1.6179E-03   
1.0459E-02   -8.0901E-03   
8.5527E-03   -7.3656E-03   
9.5043E-03   -7.3655E-03   
2.2894E-02   -1.7000E-03   
3.0053E-02   -1.4565E-03   
1.0052E-02   -7.9173E-03   
2.0717E-02   -1.9246E-03   
2.2998E-02   -2.1354E-03   
2.4634E-02   -2.6614E-03   
1.0448E-02   -8.6613E-03   
1.0646E-02   -9.0044E-03   
2.4339E-02   -2.3367E-03   
3.0397E-02   -1.0000E-03   
2.8083E-02   -1.8578E-03   
8.2033E-03   -1.1106E-02   
8.5418E-03   -8.1604E-03   
9.0916E-03   -5.4767E-03   
8.4412E-03   -5.8167E-03   
1.4357E-02   -2.8028E-03   
1.6559E-02   -1.8430E-03   
1.3630E-02   -3.1469E-03   
1.0542E-02   -4.7098E-03   
7.9811E-03   -6.1022E-03   
1.2873E-02   -3.5163E-03   
7.7913E-03   -6.4779E-03   
1.1311E-02   -4.3076E-03   
7.3078E-03   -6.9552E-03   
1.2093E-02   -3.9071E-03   
1.5078E-02   -2.4735E-03   
8.1625E-03   -6.0881E-03   
1.6597E-02   -2.2467E-03   
1.7153E-02   -1.6420E-03   
1.5791E-02   -2.1604E-03   
1.6877E-02   -1.8940E-03   
1.7002E-02   -2.2342E-03   
1.7990E-02   -2.1096E-03   
1.1190E-02   -7.5961E-03   
8.8690E-03   -7.0004E-03   
9.8694E-03   -7.4669E-03   
9.1752E-03   -7.2762E-03   
2.1173E-02   -2.3306E-03   
2.7947E-02   -2.1124E-03   
1.0901E-02   -9.5861E-03   
8.2299E-03   -6.7846E-03   
9.5272E-03   -7.8230E-03   
2.0421E-02   -2.2691E-03   
2.3751E-02   -2.1622E-03   
3.0743E-02   -1.1555E-03   
2.9187E-02   -1.8992E-03   
2.4949E-02   -2.9273E-03   
1.1886E-02   -8.6362E-03   
9.2557E-03   -1.1102E-02   
1.9686E-02   -2.2120E-03   
7.4314E-03   -1.1067E-02   
1.4078E-02   -2.9994E-03   
1.6697E-02   -1.8657E-03   
1.4803E-02   -2.6611E-03   
1.3327E-02   -3.3613E-03   
1.0930E-02   -4.5727E-03   
8.6508E-03   -5.7652E-03   
6.7329E-03   -7.2928E-03   
7.9138E-03   -6.5715E-03   
1.5519E-02   -2.3382E-03   
8.3813E-03   -6.0884E-03   
1.6316E-02   -2.2101E-03   
9.7954E-03   -5.1045E-03   
1.1734E-02   -4.1578E-03   
1.0707E-02   -7.3739E-03   
9.9868E-03   -6.9633E-03   
1.7155E-02   -2.3468E-03   
9.4427E-03   -6.9644E-03   
8.0076E-03   -6.7030E-03   
8.5425E-03   -6.8056E-03   
8.4470E-03   -7.0069E-03   
1.0596E-02   -7.0071E-03   
1.1498E-02   -7.8502E-03   
2.1957E-02   -2.4129E-03   
2.6992E-02   -2.4173E-03   
2.0113E-02   -2.6345E-03   
1.5623E-02   -2.5990E-03   
1.8657E-02   -2.5575E-03   
2.2894E-02   -2.5076E-03   
1.2071E-02   -9.2150E-03   
9.9300E-03   -9.8758E-03   
1.9394E-02   -2.5807E-03   
2.4608E-02   -1.9650E-03   
1.2522E-02   -8.7427E-03   
1.1368E-02   -8.5315E-03   
2.6065E-02   -2.8322E-03   
2.3798E-02   -3.0549E-03   
1.4543E-02   -2.8628E-03   
1.3835E-02   -3.2042E-03   
1.6062E-02   -2.1831E-03   
8.5662E-03   -6.1490E-03   
1.6123E-02   -2.0718E-03   
1.5259E-02   -2.5336E-03   
1.3056E-02   -3.5903E-03   
8.9202E-03   -5.7145E-03   
1.1370E-02   -4.4361E-03   
1.2208E-02   -4.0117E-03   
1.0924E-02   -6.5705E-03   
1.0347E-02   -6.5707E-03   
9.3764E-03   -5.3898E-03   
8.6517E-03   -6.4572E-03   
8.6394E-03   -6.2956E-03   
9.0892E-03   -6.4101E-03   
1.0142E-02   -4.9871E-03   
1.7614E-02   -2.4243E-03   
1.5065E-02   -2.9917E-03   
1.8392E-02   -2.9169E-03   
9.2348E-03   -6.6003E-03   
1.7780E-02   -2.6617E-03   
1.2341E-02   -8.1714E-03   
2.0832E-02   -2.7131E-03   
1.2379E-02   -7.3230E-03   
9.7294E-03   -9.1069E-03   
1.3262E-02   -8.8047E-03   
1.6464E-02   -2.7417E-03   
1.9069E-02   -2.9570E-03   
1.1714E-02   -6.7685E-03   
1.3027E-02   -8.2704E-03   
1.1519E-02   -9.7185E-03   
2.4177E-02   -3.3116E-03   
2.7285E-02   -2.7414E-03   
1.4345E-02   -3.0422E-03   
1.5005E-02   -2.7433E-03   
1.0554E-02   -4.8615E-03   
9.2994E-03   -6.0863E-03   
1.1860E-02   -4.3047E-03   
1.0191E-02   -6.1802E-03   
9.3028E-03   -5.6566E-03   
1.5396E-02   -3.0701E-03   
9.7354E-03   -5.2936E-03   
9.4510E-03   -5.7928E-03   
1.8290E-02   -2.1572E-03   
1.2759E-02   -3.8653E-03   
1.5649E-02   -2.4470E-03   
1.0721E-02   -6.1623E-03   
1.8059E-02   -3.2978E-03   
1.1292E-02   -6.1540E-03   
1.7823E-02   -2.8988E-03   
8.8057E-03   -9.4026E-03   
1.4244E-02   -8.8020E-03   
1.9746E-02   -3.0259E-03   
1.0307E-02   -1.0055E-02   
1.3044E-02   -6.3975E-03   
1.2705E-02   -7.6528E-03   
1.6751E-02   -2.9038E-03   
2.1570E-02   -2.8169E-03   
1.2204E-02   -9.8700E-03   
1.3279E-02   -6.7576E-03   
1.3562E-02   -7.7605E-03   
1.2861E-02   -9.3044E-03   
2.2977E-02   -3.4764E-03   
1.1504E-02   -6.5523E-03   
2.8579E-02   -2.6182E-03   
1.1022E-02   -4.7308E-03   
1.1113E-02   -5.7349E-03   
1.3741E-02   -3.3848E-03   
1.0208E-02   -5.1589E-03   
1.4368E-02   -3.4205E-03   
1.1884E-02   -6.1655E-03   
9.7967E-03   -6.1812E-03   
1.9346E-02   -3.4386E-03   
1.2368E-02   -4.1971E-03   
1.1673E-02   -5.7233E-03   
9.9956E-03   -5.3934E-03   
1.5688E-02   -3.2094E-03   
1.8694E-02   -3.3591E-03   
1.4668E-02   -3.0016E-03   
9.9235E-03   -5.9287E-03   
1.6980E-02   -3.1043E-03   
1.0748E-02   -8.2683E-03   
1.2433E-02   -6.2433E-03   
1.3583E-02   -7.0462E-03   
1.4103E-02   -7.2323E-03   
1.4378E-02   -7.9054E-03   
1.5540E-02   -8.2577E-03   
2.3399E-02   -3.7848E-03   
1.1418E-02   -1.0423E-02   
2.1107E-02   -3.2358E-03   
2.9462E-02   -2.2328E-03   
1.1505E-02   -4.6194E-03   
1.0699E-02   -5.0278E-03   
1.3385E-02   -3.7405E-03   
1.2061E-02   -5.2891E-03   
1.4630E-02   -3.5507E-03   
1.7308E-02   -3.2977E-03   
1.5971E-02   -3.3772E-03   
1.2280E-02   -5.7189E-03   
1.8312E-02   -3.7789E-03   
1.7680E-02   -3.7046E-03   
2.1843E-02   -3.6006E-03   
2.0019E-02   -3.5438E-03   
1.5328E-02   -6.8223E-03   
1.4451E-02   -6.5169E-03   
1.0545E-02   -5.7908E-03   
2.2225E-02   -2.9739E-03   
2.5218E-02   -3.1504E-03   
2.2174E-02   -4.3477E-03   
1.5598E-02   -7.8310E-03   
1.5577E-02   -8.6945E-03   
1.5764E-02   -7.3862E-03   
1.3587E-02   -5.8220E-03   
1.2798E-02   -1.0093E-02   
2.9806E-02   -2.5001E-03   
1.1147E-02   -4.9510E-03   
1.4243E-02   -3.3018E-03   
1.0737E-02   -5.4691E-03   
1.2760E-02   -4.1639E-03   
1.7174E-02   -4.2144E-03   
1.3521E-02   -3.9421E-03   
1.1978E-02   -4.5457E-03   
1.4912E-02   -3.7111E-03   
1.2658E-02   -5.2667E-03   
1.6432E-02   -3.7803E-03   
1.3341E-02   -5.2530E-03   
1.6661E-02   -4.0108E-03   
2.2663E-02   -3.1990E-03   
1.8970E-02   -3.8572E-03   
2.0754E-02   -3.6791E-03   
2.6106E-02   -3.2051E-03   
1.4217E-02   -6.2178E-03   
2.1720E-02   -3.3342E-03   
1.4156E-02   -5.9125E-03   
2.0961E-02   -4.0139E-03   
1.1537E-02   -5.2639E-03   
1.4191E-02   -5.2379E-03   
1.6156E-02   -6.8959E-03   
2.1020E-02   -4.3744E-03   
2.3427E-02   -4.1340E-03   
1.4632E-02   -6.7828E-03   
1.6656E-02   -7.3833E-03   
1.6535E-02   -8.1669E-03   
1.1893E-02   -1.0609E-02   
1.1576E-02   -4.9464E-03   
1.3693E-02   -4.7850E-03   
1.2548E-02   -4.4369E-03   
1.3891E-02   -4.0477E-03   
1.5075E-02   -5.7225E-03   
1.3004E-02   -4.8390E-03   
1.5962E-02   -4.5051E-03   
1.8081E-02   -4.1388E-03   
1.7674E-02   -7.8691E-03   
2.0023E-02   -4.4256E-03   
1.0354E-02   -5.3429E-03   
1.4883E-02   -5.3948E-03   
1.9587E-02   -3.9736E-03   
1.5262E-02   -3.8572E-03   
1.5550E-02   -4.2923E-03   
1.6616E-02   -6.3892E-03   
1.1587E-02   -1.1040E-02   
1.7039E-02   -6.9529E-03   
2.0947E-02   -4.7232E-03   
2.4246E-02   -3.8380E-03   
1.6262E-02   -3.5537E-03   
1.0082E-02   -5.6455E-03   
1.2422E-02   -4.9225E-03   
1.4420E-02   -4.7687E-03   
1.3140E-02   -4.5187E-03   
1.8528E-02   -4.2904E-03   
1.4767E-02   -4.3197E-03   
1.5244E-02   -4.9447E-03   
1.3091E-02   -4.3306E-03   
2.0124E-02   -5.1695E-03   
1.2377E-02   -4.7330E-03   
2.5272E-02   -3.6819E-03   
1.9960E-02   -4.8192E-03   
1.5719E-02   -6.2936E-03   
1.5068E-02   -4.7486E-03   
1.8466E-02   -7.3432E-03   
1.0279E-02   -1.1520E-02   
1.5651E-02   -3.9563E-03   
1.6506E-02   -5.7084E-03   
1.7434E-02   -4.5573E-03   
1.7927E-02   -4.8212E-03   
1.7201E-02   -5.8422E-03   
2.0486E-02   -5.4823E-03   
1.5786E-02   -5.3063E-03   
1.7998E-02   -7.0347E-03   
1.8884E-02   -7.5761E-03   
1.7709E-02   -5.3138E-03   
1.6070E-02   -5.5117E-03   
2.0000E-02   -7.5392E-03   
1.7929E-02   -5.9903E-03   
2.0100E-02   -4.0979E-03   
2.1886E-02   -5.2133E-03   
1.9190E-02   -5.6995E-03   
1.6726E-02   -5.0528E-03   
1.8917E-02   -4.8585E-03   
1.7408E-02   -6.4832E-03   
1.9435E-02   -6.0302E-03   
2.2964E-02   -4.5988E-03   
2.1186E-02   -6.9453E-03   
1.8446E-02   -6.1445E-03   
1.6986E-02   -5.2804E-03   
1.9384E-02   -6.4607E-03   
2.0484E-02   -6.4440E-03   
2.1899E-02   -5.9619E-03   
2.2408E-02   -5.4543E-03   
2.1505E-02   -6.4848E-03   
1.0555E-03   -1.3692E-02   
1.9266E-02   -6.8603E-03   
1.8164E-02   -8.1309E-03   
3.1664E-02   -1.1449E-03   
2.3811E-03   -1.1487E-02   
3.4544E-02   -1.7076E-04   
3.1047E-02   -2.3778E-03   
1.9177E-03   -1.3849E-02   
9.1773E-03   -1.1548E-02   
2.1640E-02   -7.2061E-03   
3.2197E-02   -6.0978E-04   
2.9308E-03   -1.3729E-02   
1.0307E-02   -1.0678E-02   
4.1621E-03   -1.3558E-02   
5.4198E-03   -1.3370E-02   
6.6752E-03   -1.3145E-02   
7.9706E-03   -1.2888E-02   
3.5650E-02   -1.5625E-04   
9.2932E-03   -1.2605E-02   
1.0681E-02   -1.2280E-02   
3.0242E-02   -1.9395E-03   
1.2111E-02   -1.1943E-02   
3.6789E-02   -1.5061E-04   
1.3564E-02   -1.1589E-02   
1.5058E-02   -1.1221E-02   
2.3155E-02   -4.9907E-03   
1.6745E-02   -1.0782E-02   
3.7987E-02   -1.3967E-04   
2.6359E-02   -2.2872E-03   
1.8093E-02   -1.0576E-02   
1.3517E-02   -8.4137E-03   
6.9806E-03   -1.2202E-02   
3.0461E-02   -1.6907E-03   
1.9662E-02   -1.0068E-02   
2.1425E-02   -9.7077E-03   
3.9223E-02   -1.2367E-04   
2.3068E-02   -9.3386E-03   
1.4303E-02   -9.7552E-03   
2.4893E-02   -8.8907E-03   
2.6315E-02   -8.6831E-03   
4.0503E-02   -1.0744E-04   
2.7963E-02   -8.1628E-03   
2.9824E-02   -7.7232E-03   
3.0820E-03   -1.3045E-02   
3.1568E-02   -7.2513E-03   
4.1980E-02   -9.7135E-05   
3.2641E-02   -3.8036E-04   
1.5283E-02   -9.1858E-03   
3.3457E-02   -6.6561E-03   
3.5260E-02   -6.1210E-03   
2.8964E-02   -2.8415E-03   
4.3623E-02   -5.2684E-05   
2.6416E-02   -3.4994E-03   
2.4325E-02   -4.1213E-03   
3.8808E-02   -4.7970E-03   
4.5388E-02   -7.6166E-04   
4.5714E-02   -7.5911E-04   
4.5537E-02   -2.1624E-04   
4.5674E-02   -9.0378E-05   
4.5432E-02   -4.8398E-04   
1.2468E-02   -1.1112E-02   
4.2777E-02   -2.7773E-03   
3.5704E-03   -1.3300E-02   
2.7311E-02   -3.5633E-03   
2.5722E-02   -3.9860E-03   
6.2795E-03   -1.2630E-02   
2.4101E-02   -4.9724E-03   
8.1085E-03   -1.1990E-02   
3.2517E-02   -9.6380E-04   
2.2732E-02   -6.0395E-03   
3.1903E-02   -2.0037E-03   
9.0008E-03   -1.2012E-02   
1.6015E-02   -9.3610E-03   
6.1772E-03   -1.2944E-02   
1.7706E-02   -8.7181E-03   
8.7836E-03   -1.2416E-02   
2.8679E-02   -3.1880E-03   
3.1053E-02   -6.9704E-03   
2.2591E-02   -9.0514E-03   
1.1617E-02   -1.1697E-02   
1.4721E-02   -1.0025E-02   
1.4545E-02   -1.0977E-02   
1.4197E-02   -1.0616E-02   
3.7346E-02   -2.9353E-04   
2.3208E-02   -6.8905E-03   
3.3168E-02   -5.4538E-04   
3.1432E-02   -2.5974E-03   
3.5145E-02   -3.0410E-04   
4.1798E-02   -2.0965E-04   
2.0619E-02   -7.7795E-03   
2.5463E-02   -8.3412E-03   
3.0964E-02   -1.2911E-03   
3.1401E-02   -1.7554E-03   
2.3260E-02   -5.2264E-03   
1.6916E-02   -8.3172E-03   
4.4613E-02   -2.1086E-05   
3.7103E-02   -5.4629E-03   
1.7205E-02   -1.0261E-02   
3.3873E-02   -6.1160E-03   
4.5768E-02   -5.1461E-04   
4.5975E-02   -4.7387E-05   
4.5907E-02   -1.3288E-04   
4.5819E-02   -3.1101E-04   
2.8151E-02   -7.6351E-03   
1.9781E-02   -9.5208E-03   
3.9783E-02   -2.3194E-04   
4.0400E-02   -3.4877E-03   
4.3814E-02   -1.5364E-04   
4.2570E-02   -2.5369E-03   
4.3528E-02   -1.1141E-03   
4.4018E-02   -2.1454E-04   
4.3797E-02   -4.7977E-04   
4.3255E-02   -1.7337E-03   
2.8437E-02   -3.6048E-03   
2.2238E-02   -8.7459E-03   
3.2865E-02   -7.4814E-04   
3.3992E-02   -6.2704E-04   
3.6676E-02   -4.6772E-04   
3.9852E-03   -1.2952E-02   
2.0136E-02   -8.3537E-03   
2.5464E-02   -4.5254E-03   
1.5475E-02   -1.0444E-02   
3.2727E-02   -1.1838E-03   
3.9089E-02   -3.8211E-04   
3.6508E-02   -5.3129E-03   
1.1218E-02   -1.1480E-02   
2.1034E-02   -9.0005E-03   
1.6734E-02   -1.0080E-02   
2.5100E-02   -8.0924E-03   
1.8657E-02   -8.7056E-03   
2.9804E-02   -7.0051E-03   
2.4162E-02   -5.7675E-03   
1.8346E-02   -9.6499E-03   
3.1034E-02   -2.9914E-03   
3.2312E-02   -2.2482E-03   
2.6760E-02   -7.7271E-03   
2.4374E-02   -6.2290E-03   
4.0478E-02   -3.2501E-04   
2.3687E-02   -7.2325E-03   
3.7880E-02   -4.2361E-04   
1.7423E-02   -9.2224E-03   
3.2345E-02   -1.4709E-03   
2.3649E-02   -8.4268E-03   
2.5081E-02   -5.1081E-03   
3.5280E-02   -5.0179E-04   
3.2721E-02   -1.6613E-03   
4.1733E-02   -1.6975E-03   
4.2423E-02   -3.6889E-04   
4.2167E-02   -7.7342E-04   
4.2671E-02   -2.1446E-04   
2.9626E-02   -3.2286E-03   
3.8125E-02   -4.4017E-03   
4.0757E-02   -2.8911E-03   
4.3716E-02   -3.9775E-04   
4.3347E-02   -1.4851E-03   
4.3392E-02   -7.7080E-04   
4.3213E-02   -9.3157E-04   
2.3218E-02   -8.1436E-03   
1.7445E-02   -9.5835E-03   
3.9536E-02   -4.9284E-04   
3.5184E-02   -5.5868E-03   
2.0182E-02   -8.9006E-03   
2.4749E-02   -6.5973E-03   
2.2719E-02   -7.8755E-03   
3.3639E-02   -2.0992E-03   
3.4794E-02   -7.2587E-04   
2.8544E-02   -7.0772E-03   
3.7268E-02   -5.8201E-04   
4.2018E-02   -1.0399E-03   
4.2554E-02   -5.3428E-04   
3.3992E-02   -1.5341E-03   
2.8209E-02   -4.0554E-03   
3.3918E-02   -1.1058E-03   
2.6690E-02   -4.5521E-03   
4.1647E-02   -1.3675E-03   
3.8661E-02   -3.6378E-03   
3.2169E-02   -2.9503E-03   
3.1503E-02   -6.3555E-03   
2.5547E-02   -5.6452E-03   
2.1365E-02   -8.2493E-03   
2.6116E-02   -7.4810E-03   
3.1304E-02   -3.2662E-03   
4.1707E-02   -3.2893E-04   
3.7808E-02   -4.2078E-03   
4.0994E-02   -2.2907E-03   
2.8853E-02   -6.4879E-03   
2.7109E-02   -5.4182E-03   
3.1088E-02   -3.6462E-03   
3.3462E-02   -2.7441E-03   
2.7137E-02   -6.8671E-03   
2.4184E-02   -7.5321E-03   
3.9965E-02   -5.8696E-04   
3.6908E-02   -4.2908E-03   
3.7376E-02   -7.6889E-04   
3.8793E-02   -6.7482E-04   
2.5654E-02   -7.2032E-03   
3.4790E-02   -1.2043E-03   
3.4889E-02   -9.2815E-04   
3.4479E-02   -1.7355E-03   
2.5320E-02   -5.3960E-03   
2.6163E-02   -6.3323E-03   
3.4168E-02   -2.3004E-03   
3.1920E-02   -5.8198E-03   
2.9425E-02   -4.0689E-03   
2.7966E-02   -4.5246E-03   
2.6978E-02   -5.8556E-03   
3.2462E-02   -3.4285E-03   
3.3329E-02   -3.0832E-03   
3.2768E-02   -6.2295E-03   
3.4978E-02   -1.9212E-03   
2.6636E-02   -6.6028E-03   
4.1119E-02   -4.8921E-04   
3.6010E-02   -9.6381E-04   
3.5265E-02   -1.4199E-03   
3.5061E-02   -4.9598E-03   
3.6962E-02   -1.0262E-03   
2.7889E-02   -4.8993E-03   
3.0347E-02   -4.1209E-03   
3.3630E-02   -3.3281E-03   
2.7523E-02   -6.0370E-03   
3.6616E-02   -1.2843E-03   
3.7734E-02   -3.6693E-03   
3.4748E-02   -2.4209E-03   
3.6302E-02   -1.7330E-03   
3.4402E-02   -5.5886E-03   
3.9372E-02   -7.6661E-04   
2.8773E-02   -4.9696E-03   
3.0281E-02   -4.4810E-03   
4.1632E-02   -5.6359E-04   
3.5904E-02   -2.2507E-03   
4.0128E-02   -8.2821E-04   
2.8984E-02   -5.6737E-03   
3.6877E-02   -1.4644E-03   
3.8699E-02   -9.8441E-04   
3.6795E-02   -1.8696E-03   
3.1592E-02   -4.3910E-03   
3.7649E-02   -1.0818E-03   
3.3126E-02   -3.8518E-03   
3.5364E-02   -2.9335E-03   
3.7868E-02   -1.4796E-03   
3.5951E-02   -3.1444E-03   
2.9495E-02   -5.8935E-03   
3.4347E-02   -3.7678E-03   
2.9983E-02   -5.0185E-03   
3.2803E-02   -4.3288E-03   
3.9025E-02   -1.1194E-03   
4.1455E-02   -7.5406E-04   
3.6941E-02   -3.1175E-03   
3.5622E-02   -3.6233E-03   
3.9406E-02   -1.2422E-03   
3.0524E-02   -5.3324E-03   
3.2241E-02   -4.8981E-03   
3.8738E-02   -1.4962E-03   
3.8407E-02   -2.7694E-03   
3.5505E-02   -4.0404E-03   
4.0742E-02   -1.0216E-03   
3.8688E-02   -1.6930E-03   
3.8323E-02   -3.1392E-03   
4.1346E-02   -1.0659E-03   
3.6888E-02   -3.7087E-03   
3.7287E-02   -1.9996E-03   
3.6397E-02   -2.4215E-03   
3.7051E-02   -2.5545E-03   
3.8688E-02   -2.1440E-03   
