51 
1844 
1.7581E-03   -1.9488E-03   
3.3442E-03   -1.6491E-03   
4.6011E-03   -1.1902E-03   
5.4080E-03   -6.2151E-04   
1.3212E-36   -2.0428E-03   
5.6802E-03   -6.8326E-37   
5.8075E-03   -1.5634E-35   
6.0155E-03   -1.6172E-37   
6.4719E-03   6.5019E-36   
6.8852E-03   9.5585E-36   
7.4106E-03   2.0187E-35   
8.0517E-03   2.7837E-35   
8.5450E-03   3.3708E-35   
9.3843E-03   5.1230E-35   
1.0009E-02   6.2154E-35   
1.0686E-02   5.4722E-35   
1.1042E-02   8.4427E-35   
1.1791E-02   1.2487E-34   
1.2586E-02   1.8148E-34   
1.3000E-02   -8.5169E-31   
1.3000E-02   -1.6797E-34   
1.3000E-02   -1.6797E-34   
1.3000E-02   -1.6797E-34   
1.3000E-02   -1.6797E-34   
1.3000E-02   -1.6797E-34   
1.3000E-02   -1.6797E-34   
1.3000E-02   -1.6797E-34   
1.3000E-02   -1.6797E-34   
1.3000E-02   -1.6797E-34   
1.3000E-02   -1.6797E-34   
1.3000E-02   -1.6797E-34   
1.3000E-02   -1.6797E-34   
1.2214E-02   -5.6254E-04   
1.0932E-02   -1.2842E-03   
1.0391E-02   -1.5325E-03   
9.8752E-03   -1.7374E-03   
8.8816E-03   -2.0673E-03   
8.3973E-03   -2.2054E-03   
7.4452E-03   -2.4486E-03   
6.9775E-03   -2.5599E-03   
6.0571E-03   -2.7716E-03   
5.1620E-03   -2.9766E-03   
4.7261E-03   -3.0785E-03   
3.8815E-03   -3.2784E-03   
3.0793E-03   -3.4690E-03   
2.6952E-03   -3.5577E-03   
1.9624E-03   -3.7157E-03   
1.2736E-03   -3.8367E-03   
6.2254E-04   -3.9118E-03   
1.8340E-36   -3.9344E-03   
1.8372E-34   -3.7275E-03   
1.9302E-34   -3.5300E-03   
1.8181E-34   -3.2680E-03   
1.7235E-34   -3.1175E-03   
1.5176E-34   -2.8722E-03   
1.3844E-34   -2.7325E-03   
1.2470E-34   -2.5964E-03   
1.1332E-34   -2.4868E-03   
1.1086E-34   -2.3913E-03   
1.3319E-03   -2.0793E-03   
1.2491E-02   -4.9721E-05   
1.1957E-02   -1.0396E-04   
1.1185E-02   -1.7978E-04   
1.0552E-02   -2.4457E-04   
9.9394E-03   -3.2526E-04   
9.2489E-03   -3.7340E-04   
8.6833E-03   -3.9313E-04   
7.9845E-03   -4.5368E-04   
7.2913E-03   -4.9110E-04   
6.6014E-03   -5.2397E-04   
5.9171E-03   -5.5331E-04   
5.2044E-03   -6.0026E-04   
4.4715E-03   -7.1914E-04   
3.4696E-03   -1.0379E-03   
2.4485E-03   -1.5350E-03   
3.6351E-03   -1.2095E-03   
4.3340E-03   -6.0188E-04   
5.0117E-03   -3.8131E-04   
5.6527E-03   -3.2268E-04   
6.2688E-03   -3.1465E-04   
6.8547E-03   -3.1755E-04   
7.5239E-03   -2.9132E-04   
8.1463E-03   -2.7017E-04   
8.7256E-03   -2.4289E-04   
9.3238E-03   -2.4452E-04   
9.9747E-03   -1.9370E-04   
1.0601E-02   -1.5276E-04   
1.1213E-02   -1.2297E-04   
1.1862E-02   -7.1443E-05   
1.2425E-02   -3.0123E-05   
5.3199E-03   -2.6933E-04   
5.6467E-03   -1.2732E-04   
6.0193E-03   -1.1958E-04   
6.5356E-03   -1.2274E-04   
7.0297E-03   -1.2497E-04   
7.6387E-03   -1.3164E-04   
8.1828E-03   -1.3515E-04   
8.7234E-03   -1.3217E-04   
9.4192E-03   -1.0624E-04   
1.0001E-02   -8.5889E-05   
1.0660E-02   -7.3747E-05   
1.1307E-02   -5.3219E-05   
1.1939E-02   -3.4915E-05   
1.2520E-02   -1.1393E-05   
1.2395E-02   -7.7242E-05   
1.1818E-02   -1.6297E-04   
1.1110E-02   -2.7353E-04   
1.0456E-02   -3.4192E-04   
9.8912E-03   -4.3958E-04   
9.1813E-03   -5.1818E-04   
8.4811E-03   -5.8916E-04   
7.8173E-03   -6.4445E-04   
7.1271E-03   -7.1178E-04   
6.4799E-03   -7.7052E-04   
5.6502E-03   -8.6277E-04   
4.7638E-03   -9.9909E-04   
3.8936E-03   -1.1868E-03   
2.9822E-03   -1.4576E-03   
1.9631E-03   -1.8760E-03   
9.7628E-04   -2.2767E-03   
1.2358E-02   -1.1457E-04   
1.1868E-02   -2.0820E-04   
1.1027E-02   -3.7096E-04   
1.0475E-02   -4.7304E-04   
9.8165E-03   -5.7511E-04   
9.0248E-03   -7.0677E-04   
8.3244E-03   -7.7884E-04   
7.6446E-03   -8.5502E-04   
6.8454E-03   -9.6579E-04   
6.0969E-03   -1.0880E-03   
5.3037E-03   -1.2206E-03   
4.4706E-03   -1.3433E-03   
3.5752E-03   -1.5910E-03   
2.7033E-03   -1.8262E-03   
1.7569E-03   -2.1605E-03   
8.3724E-04   -2.4515E-03   
1.2538E-02   -1.0017E-04   
1.1648E-02   -3.1302E-04   
1.1142E-02   -4.2372E-04   
1.0524E-02   -5.7020E-04   
9.6016E-03   -7.5684E-04   
8.9452E-03   -8.8124E-04   
8.2628E-03   -9.8316E-04   
7.4559E-03   -1.1186E-03   
6.7203E-03   -1.2511E-03   
5.9266E-03   -1.3621E-03   
5.1784E-03   -1.4907E-03   
4.2411E-03   -1.6612E-03   
3.3324E-03   -1.9479E-03   
2.4843E-03   -2.1533E-03   
1.6881E-03   -2.4122E-03   
8.3006E-04   -2.6181E-03   
1.2253E-02   -2.0493E-04   
1.1731E-02   -3.6079E-04   
1.1100E-02   -5.4719E-04   
1.0464E-02   -7.2681E-04   
9.5419E-03   -9.4203E-04   
8.8007E-03   -1.0765E-03   
8.0480E-03   -1.2490E-03   
7.3268E-03   -1.4043E-03   
6.4661E-03   -1.5216E-03   
5.7661E-03   -1.6243E-03   
5.0539E-03   -1.8063E-03   
4.1090E-03   -2.0304E-03   
3.1867E-03   -2.2663E-03   
2.3802E-03   -2.4676E-03   
1.5224E-03   -2.6744E-03   
7.9510E-04   -2.8068E-03   
1.2411E-02   -2.1688E-04   
1.1702E-02   -4.7816E-04   
1.1121E-02   -6.5632E-04   
1.0212E-02   -9.4230E-04   
9.4111E-03   -1.1814E-03   
8.6964E-03   -1.3261E-03   
7.8098E-03   -1.5198E-03   
7.1451E-03   -1.6611E-03   
6.2825E-03   -1.7988E-03   
5.5306E-03   -1.9446E-03   
4.6789E-03   -2.1324E-03   
3.9842E-03   -2.3083E-03   
3.1478E-03   -2.5239E-03   
2.3188E-03   -2.7182E-03   
1.5147E-03   -2.8958E-03   
7.1209E-04   -3.0232E-03   
1.2311E-02   -2.9244E-04   
1.1533E-02   -6.0894E-04   
1.0990E-02   -8.0411E-04   
9.9352E-03   -1.1854E-03   
9.2962E-03   -1.3732E-03   
8.5696E-03   -1.5775E-03   
7.7732E-03   -1.7342E-03   
6.9687E-03   -1.9121E-03   
6.0765E-03   -2.1132E-03   
5.3307E-03   -2.2665E-03   
4.5992E-03   -2.4167E-03   
3.8373E-03   -2.6010E-03   
2.9994E-03   -2.8349E-03   
2.2862E-03   -2.9697E-03   
1.4788E-03   -3.1370E-03   
7.3400E-04   -3.2342E-03   
1.2370E-02   -3.4772E-04   
1.1705E-02   -6.7084E-04   
1.0811E-02   -1.0375E-03   
1.0030E-02   -1.3633E-03   
9.1843E-03   -1.5653E-03   
8.3679E-03   -1.7771E-03   
7.5908E-03   -1.9779E-03   
6.8124E-03   -2.1647E-03   
6.0342E-03   -2.3472E-03   
5.1787E-03   -2.5077E-03   
4.4223E-03   -2.7424E-03   
3.6290E-03   -2.8999E-03   
2.9157E-03   -3.0457E-03   
2.1739E-03   -3.2199E-03   
1.4101E-03   -3.3772E-03   
7.8356E-04   -3.4408E-03   
1.2186E-02   -5.2760E-04   
1.1373E-02   -9.9523E-04   
1.0697E-02   -1.2620E-03   
9.6408E-03   -1.6503E-03   
9.0026E-03   -1.8390E-03   
8.1162E-03   -2.0783E-03   
7.3470E-03   -2.2836E-03   
6.6621E-03   -2.4090E-03   
5.8373E-03   -2.5910E-03   
5.0589E-03   -2.8101E-03   
4.4059E-03   -2.9442E-03   
3.6154E-03   -3.1372E-03   
2.8015E-03   -3.3250E-03   
2.0761E-03   -3.4714E-03   
1.3828E-03   -3.5970E-03   
6.1859E-04   -3.7207E-03   
2.2077E-04   -2.0497E-03   
4.4431E-04   -2.0456E-03   
6.6675E-04   -2.0377E-03   
8.8849E-04   -2.0267E-03   
1.1088E-03   -2.0123E-03   
1.3275E-03   -1.9944E-03   
1.5440E-03   -1.9732E-03   
1.9693E-03   -1.9214E-03   
2.1775E-03   -1.8911E-03   
2.3823E-03   -1.8578E-03   
2.5833E-03   -1.8216E-03   
2.7803E-03   -1.7826E-03   
2.9730E-03   -1.7408E-03   
3.1611E-03   -1.6963E-03   
3.5221E-03   -1.5994E-03   
3.6944E-03   -1.5474E-03   
3.8609E-03   -1.4930E-03   
4.0217E-03   -1.4365E-03   
4.1764E-03   -1.3780E-03   
4.3247E-03   -1.3172E-03   
4.4664E-03   -1.2546E-03   
4.7287E-03   -1.1242E-03   
4.8490E-03   -1.0565E-03   
4.9618E-03   -9.8722E-04   
5.0670E-03   -9.1653E-04   
5.1643E-03   -8.4450E-04   
5.2537E-03   -7.7125E-04   
5.3349E-03   -6.9689E-04   
5.4726E-03   -5.4517E-04   
5.5289E-03   -4.6792E-04   
5.5764E-03   -3.8971E-04   
5.6120E-03   -3.1084E-04   
5.6478E-03   -2.3341E-04   
5.6643E-03   -1.5673E-04   
5.6811E-03   -7.6094E-05   
5.7176E-03   -7.7087E-35   
5.7383E-03   -7.1608E-35   
5.7549E-03   -5.2997E-35   
5.7704E-03   -2.8164E-35   
5.7871E-03   -2.1110E-35   
5.8333E-03   -1.1187E-35   
5.8660E-03   -7.5654E-36   
5.9067E-03   -4.6139E-36   
5.9563E-03   -2.1860E-36   
6.0848E-03   1.5326E-36   
6.1647E-03   2.9584E-36   
6.2557E-03   4.1982E-36   
6.3580E-03   5.3546E-36   
6.5975E-03   7.5367E-36   
6.7352E-03   8.5614E-36   
7.0477E-03   1.0667E-35   
7.2228E-03   1.1806E-35   
7.6113E-03   2.1269E-35   
7.8250E-03   1.6076E-35   
8.2916E-03   3.0115E-35   
8.8114E-03   3.8980E-35   
9.0913E-03   4.4005E-35   
9.6904E-03   5.3064E-35   
1.0341E-02   7.0896E-35   
1.1411E-02   1.0588E-34   
1.2183E-02   1.1105E-34   
1.3000E-02   -1.6797E-34   
1.3000E-02   -1.6797E-34   
1.3000E-02   -1.6797E-34   
1.3000E-02   -1.6797E-34   
1.3000E-02   -1.6797E-34   
1.1514E-02   -9.8655E-04   
9.3739E-03   -1.9133E-03   
7.9188E-03   -2.3312E-03   
6.5144E-03   -2.6671E-03   
5.6060E-03   -2.8747E-03   
4.2989E-03   -3.1790E-03   
3.4748E-03   -3.3755E-03   
2.3229E-03   -3.6404E-03   
1.6128E-03   -3.7811E-03   
9.4362E-04   -3.8802E-03   
3.0931E-04   -3.9314E-03   
1.3701E-34   -3.8310E-03   
1.9090E-34   -3.6268E-03   
1.8701E-34   -3.4379E-03   
2.7089E-34   -3.3506E-03   
2.7325E-34   -3.1903E-03   
1.6834E-34   -3.0493E-03   
1.6376E-34   -2.9858E-03   
1.5749E-34   -2.9268E-03   
1.4700E-34   -2.8217E-03   
1.4254E-34   -2.7752E-03   
1.3497E-34   -2.6935E-03   
1.3155E-34   -2.6580E-03   
1.2796E-34   -2.6257E-03   
1.2185E-34   -2.5700E-03   
1.1928E-34   -2.5461E-03   
1.1698E-34   -2.5244E-03   
1.1498E-34   -2.5048E-03   
1.1197E-34   -2.4702E-03   
1.1096E-34   -2.4544E-03   
1.1032E-34   -2.4392E-03   
1.1007E-34   -2.4239E-03   
1.1025E-34   -2.4081E-03   
1.1187E-34   -2.3726E-03   
1.1322E-34   -2.3515E-03   
1.1511E-34   -2.3270E-03   
1.1762E-34   -2.2985E-03   
1.2155E-34   -2.2651E-03   
1.9053E-34   -2.2244E-03   
1.9217E-34   -2.1770E-03   
1.5831E-34   -2.1141E-03   
2.3801E-03   -1.8373E-03   
3.6747E-03   -1.4594E-03   
4.1594E-03   -1.2686E-03   
2.7683E-03   -1.7416E-03   
5.2747E-03   -6.5521E-04   
1.7779E-03   -1.9574E-03   
7.3374E-04   -2.0848E-03   
4.9709E-03   -8.6307E-04   
5.5592E-03   -3.7624E-04   
4.5973E-03   -1.0687E-03   
3.1434E-03   -1.6351E-03   
5.4349E-03   -5.1607E-04   
3.3254E-03   -1.5786E-03   
1.5729E-03   -1.9906E-03   
4.4587E-03   -1.1363E-03   
5.0803E-03   -7.9394E-04   
5.6966E-03   -1.0523E-04   
2.8252E-04   -2.1087E-03   
1.3662E-03   -2.0201E-03   
3.8405E-03   -1.3971E-03   
4.0007E-03   -1.3332E-03   
5.3592E-03   -5.8570E-04   
9.4699E-04   -2.0672E-03   
5.6082E-03   -3.0519E-04   
5.1148E-04   -2.0999E-03   
1.1577E-03   -2.0457E-03   
5.1817E-03   -7.2466E-04   
5.5015E-03   -4.4622E-04   
1.9811E-03   -1.9207E-03   
4.8537E-03   -9.3201E-04   
4.7291E-03   -1.0006E-03   
2.9577E-03   -1.6896E-03   
2.1820E-03   -1.8806E-03   
2.5758E-03   -1.7909E-03   
3.5028E-03   -1.5200E-03   
4.3123E-03   -1.2030E-03   
1.6329E-04   -2.2426E-03   
1.5529E-04   -2.2794E-03   
1.4955E-04   -2.3104E-03   
1.4426E-04   -2.3368E-03   
1.4016E-04   -2.3594E-03   
1.3765E-04   -2.3790E-03   
1.3627E-04   -2.3965E-03   
1.3569E-04   -2.4126E-03   
1.3576E-04   -2.4280E-03   
5.7393E-03   -5.0741E-05   
1.3641E-04   -2.4431E-03   
5.7543E-03   -4.0056E-05   
1.3763E-04   -2.4585E-03   
5.7695E-03   -3.2334E-05   
1.3941E-04   -2.4747E-03   
5.7877E-03   -2.6580E-05   
1.4170E-04   -2.4920E-03   
5.8106E-03   -2.2588E-05   
1.4447E-04   -2.5107E-03   
5.8398E-03   -1.9975E-05   
1.4770E-04   -2.5313E-03   
5.8766E-03   -1.8511E-05   
1.5135E-04   -2.5541E-03   
5.9219E-03   -1.7977E-05   
1.5539E-04   -2.5793E-03   
5.9765E-03   -1.8162E-05   
1.5982E-04   -2.6072E-03   
6.0410E-03   -1.8894E-05   
1.6445E-04   -2.6379E-03   
6.1160E-03   -2.0111E-05   
1.6918E-04   -2.6717E-03   
6.2020E-03   -2.1713E-05   
1.7453E-04   -2.7090E-03   
6.2992E-03   -2.3574E-05   
1.8068E-04   -2.7499E-03   
6.4079E-03   -2.5597E-05   
1.8714E-04   -2.7945E-03   
6.5283E-03   -2.7540E-05   
1.9371E-04   -2.8430E-03   
6.6597E-03   -2.9771E-05   
2.0034E-04   -2.8955E-03   
6.8022E-03   -3.2190E-05   
2.0682E-04   -2.9518E-03   
6.9563E-03   -3.5008E-05   
2.1557E-04   -3.0119E-03   
7.1238E-03   -3.7558E-05   
2.2592E-04   -3.0767E-03   
7.3050E-03   -3.9400E-05   
2.3143E-04   -3.1465E-03   
7.4993E-03   -4.1141E-05   
2.3715E-04   -3.2207E-03   
7.7085E-03   -4.2870E-05   
2.5394E-04   -3.3003E-03   
7.9333E-03   -4.3652E-05   
2.6382E-04   -3.3873E-03   
8.1658E-03   -4.2708E-05   
2.6559E-04   -3.4793E-03   
8.4072E-03   -4.4194E-05   
2.7580E-04   -3.5751E-03   
8.6662E-03   -4.4730E-05   
2.9203E-04   -3.6783E-03   
2.9548E-03   -1.6330E-03   
4.6063E-03   -9.5666E-04   
5.1026E-03   -6.8474E-04   
2.1930E-03   -1.8603E-03   
5.6837E-03   -1.5427E-04   
5.9330E-04   -2.1391E-03   
3.8254E-03   -1.3029E-03   
5.5900E-03   -2.9860E-04   
1.0012E-03   -2.0960E-03   
1.6037E-03   -1.9962E-03   
1.4050E-03   -2.0336E-03   
4.3136E-03   -1.0954E-03   
3.3207E-03   -1.5057E-03   
5.3880E-03   -4.8913E-04   
5.4646E-03   -4.2529E-04   
3.4963E-03   -1.4397E-03   
4.1547E-03   -1.1641E-03   
5.2067E-03   -6.1879E-04   
4.9901E-03   -7.5156E-04   
2.3864E-03   -1.8078E-03   
1.8016E-03   -1.9547E-03   
3.6467E-04   -2.1610E-03   
2.5780E-03   -1.7522E-03   
3.6627E-03   -1.3718E-03   
3.9907E-03   -1.2330E-03   
5.3019E-03   -5.5361E-04   
5.5318E-03   -3.6184E-04   
2.7677E-03   -1.6939E-03   
4.7416E-03   -8.8762E-04   
1.2040E-03   -2.0670E-03   
1.9982E-03   -1.9093E-03   
4.8697E-03   -8.1923E-04   
5.6404E-03   -2.3321E-04   
7.9602E-04   -2.1201E-03   
4.4636E-03   -1.0263E-03   
3.1396E-03   -1.5702E-03   
1.7019E-04   -2.1985E-03   
3.2537E-04   -2.2498E-03   
3.1059E-04   -2.2856E-03   
2.9731E-04   -2.3142E-03   
2.8516E-04   -2.3386E-03   
2.7760E-04   -2.3593E-03   
2.7353E-04   -2.3774E-03   
2.7163E-04   -2.3938E-03   
5.7215E-03   -6.8997E-05   
2.7123E-04   -2.4092E-03   
2.7207E-04   -2.4242E-03   
5.7229E-03   -8.7843E-05   
2.7404E-04   -2.4392E-03   
5.7351E-03   -7.2074E-05   
2.7713E-04   -2.4548E-03   
5.7509E-03   -5.8540E-05   
2.8128E-04   -2.4714E-03   
5.7709E-03   -4.9080E-05   
2.8641E-04   -2.4893E-03   
5.7967E-03   -4.2779E-05   
2.9232E-04   -2.5090E-03   
5.8297E-03   -3.8859E-05   
2.9982E-04   -2.5305E-03   
5.8709E-03   -3.6990E-05   
3.0871E-04   -2.5543E-03   
5.9212E-03   -3.6770E-05   
3.1715E-04   -2.5808E-03   
5.9812E-03   -3.7790E-05   
3.2498E-04   -2.6102E-03   
6.0519E-03   -3.9737E-05   
3.3329E-04   -2.6423E-03   
6.1338E-03   -4.2616E-05   
3.4307E-04   -2.6776E-03   
6.2263E-03   -4.6226E-05   
3.5466E-04   -2.7165E-03   
6.3304E-03   -5.0320E-05   
3.6758E-04   -2.7592E-03   
6.4475E-03   -5.3991E-05   
3.8102E-04   -2.8059E-03   
6.5736E-03   -5.6921E-05   
3.9437E-04   -2.8565E-03   
6.7056E-03   -6.2181E-05   
4.0533E-04   -2.9109E-03   
6.8503E-03   -6.6942E-05   
4.1337E-04   -2.9679E-03   
7.0081E-03   -7.3720E-05   
4.3864E-04   -3.0267E-03   
7.1832E-03   -7.7861E-05   
4.6120E-04   -3.0937E-03   
7.3719E-03   -8.0580E-05   
4.6100E-04   -3.1666E-03   
7.5737E-03   -8.4571E-05   
4.8179E-04   -3.2389E-03   
7.7981E-03   -8.7346E-05   
5.4928E-04   -3.3206E-03   
8.0393E-03   -8.7197E-05   
5.2904E-04   -3.4186E-03   
8.2607E-03   -8.0926E-05   
5.3852E-04   -3.5106E-03   
8.4980E-03   -9.6992E-05   
5.6592E-04   -3.6069E-03   
8.9394E-03   -4.7142E-05   
3.8254E-03   -1.2128E-03   
4.0013E-03   -1.1371E-03   
3.3289E-03   -1.4335E-03   
4.1679E-03   -1.0660E-03   
3.1489E-03   -1.5032E-03   
1.4447E-03   -2.0367E-03   
1.6376E-03   -1.9916E-03   
1.8297E-03   -1.9423E-03   
2.0210E-03   -1.8889E-03   
2.2115E-03   -1.8317E-03   
1.2486E-03   -2.0780E-03   
2.4013E-03   -1.7710E-03   
2.9648E-03   -1.5728E-03   
4.3288E-03   -9.9568E-04   
2.5903E-03   -1.7073E-03   
2.7785E-03   -1.6411E-03   
1.0465E-03   -2.1157E-03   
4.4814E-03   -9.2448E-04   
5.3340E-03   -4.6494E-04   
5.4205E-03   -4.0547E-04   
5.4959E-03   -3.4773E-04   
5.2378E-03   -5.2587E-04   
8.4505E-04   -2.1476E-03   
4.6267E-03   -8.5398E-04   
5.1323E-03   -5.8816E-04   
4.8953E-03   -7.1750E-04   
4.7647E-03   -7.8494E-04   
5.0180E-03   -6.5206E-04   
6.5544E-04   -2.1677E-03   
4.9353E-04   -2.1826E-03   
5.5616E-03   -2.9042E-04   
5.6193E-03   -2.3217E-04   
5.6693E-03   -1.7258E-04   
3.3868E-04   -2.2131E-03   
4.6806E-04   -2.2815E-03   
4.3889E-04   -2.3098E-03   
4.2175E-04   -2.3323E-03   
4.1277E-04   -2.3512E-03   
4.0840E-04   -2.3679E-03   
4.0689E-04   -2.3832E-03   
5.7087E-03   -1.0958E-04   
4.0743E-04   -2.3979E-03   
4.0972E-04   -2.4125E-03   
5.6832E-03   -1.2486E-04   
4.1369E-04   -2.4275E-03   
5.6987E-03   -9.8044E-05   
4.1927E-04   -2.4434E-03   
5.7158E-03   -8.1089E-05   
4.2636E-04   -2.4605E-03   
5.7381E-03   -6.9745E-05   
4.3440E-04   -2.4791E-03   
5.7672E-03   -6.2545E-05   
4.4516E-04   -2.4991E-03   
5.8049E-03   -5.8227E-05   
4.6244E-04   -2.5205E-03   
5.8510E-03   -5.6898E-05   
4.7579E-04   -2.5458E-03   
5.9059E-03   -5.7839E-05   
4.8367E-04   -2.5746E-03   
5.9722E-03   -6.0109E-05   
4.9433E-04   -2.6054E-03   
6.0508E-03   -6.3561E-05   
5.0588E-04   -2.6392E-03   
6.1384E-03   -6.8709E-05   
5.2132E-04   -2.6757E-03   
6.2372E-03   -7.4950E-05   
5.4197E-04   -2.7158E-03   
6.3518E-03   -8.0876E-05   
5.6305E-04   -2.7605E-03   
6.4822E-03   -8.5206E-05   
5.8335E-04   -2.8096E-03   
6.6065E-03   -8.5222E-05   
6.0043E-04   -2.8634E-03   
6.7275E-03   -1.0142E-04   
6.0610E-04   -2.9215E-03   
5.9465E-04   -2.9761E-03   
6.9590E-04   -3.1107E-03   
7.4173E-03   -1.2515E-04   
7.7568E-04   -3.3588E-03   
8.0892E-04   -3.5267E-03   
7.8851E-03   -1.3471E-04   
9.2400E-03   -5.0553E-05   
5.5258E-03   -2.8334E-04   
5.5895E-03   -2.3028E-04   
5.6477E-03   -1.7634E-04   
3.5060E-03   -1.2982E-03   
3.3520E-03   -1.3599E-03   
1.2942E-03   -2.0799E-03   
1.0941E-03   -2.1263E-03   
2.0501E-03   -1.8612E-03   
1.4863E-03   -2.0309E-03   
2.2375E-03   -1.7965E-03   
1.6753E-03   -1.9783E-03   
3.1720E-03   -1.4346E-03   
4.1981E-03   -9.7834E-04   
1.8629E-03   -1.9219E-03   
5.2748E-03   -4.4397E-04   
5.1685E-03   -5.0286E-04   
2.4251E-03   -1.7284E-03   
2.6130E-03   -1.6575E-03   
4.7972E-03   -6.9194E-04   
4.9293E-03   -6.2658E-04   
5.3719E-03   -3.8665E-04   
8.8573E-04   -2.1684E-03   
5.4551E-03   -3.3427E-04   
2.9872E-03   -1.5097E-03   
4.6573E-03   -7.6020E-04   
2.8007E-03   -1.5844E-03   
5.0533E-03   -5.6366E-04   
4.3567E-03   -9.0386E-04   
4.5102E-03   -8.3105E-04   
6.0209E-04   -2.2743E-03   
5.6986E-04   -2.2991E-03   
5.5435E-04   -2.3187E-03   
5.4643E-04   -2.3354E-03   
5.4307E-04   -2.3505E-03   
5.4285E-04   -2.3647E-03   
5.4512E-04   -2.3788E-03   
5.4959E-04   -2.3931E-03   
5.6890E-03   -1.3318E-04   
5.6337E-03   -1.4583E-04   
5.5612E-04   -2.4082E-03   
5.6467E-03   -1.2062E-04   
5.6474E-04   -2.4244E-03   
5.6659E-03   -1.0222E-04   
5.7490E-04   -2.4419E-03   
5.6907E-03   -9.0600E-05   
5.8665E-04   -2.4608E-03   
5.7237E-03   -8.3762E-05   
6.0289E-04   -2.4804E-03   
5.7683E-03   -7.9252E-05   
6.4743E-04   -2.4990E-03   
5.8168E-03   -7.9880E-05   
6.4074E-04   -2.5316E-03   
5.8756E-03   -8.2605E-05   
6.5392E-04   -2.5612E-03   
5.9527E-03   -8.6217E-05   
6.6696E-04   -2.5945E-03   
6.0383E-03   -9.0932E-05   
7.0629E-04   -2.6656E-03   
8.0238E-04   -2.9365E-03   
6.2343E-03   -1.0913E-04   
7.4208E-04   -2.7060E-03   
7.6923E-04   -2.7541E-03   
8.1697E-04   -2.8666E-03   
6.8886E-03   -1.0010E-04   
7.2439E-03   -1.1499E-04   
7.4554E-03   -1.7600E-04   
6.3676E-03   -1.1682E-04   
1.0703E-03   -3.4424E-03   
7.6950E-03   -1.8221E-04   
8.1043E-04   -3.2888E-03   
6.6697E-03   -1.4290E-04   
9.6255E-04   -3.0474E-03   
5.6159E-03   -1.8095E-04   
5.5482E-03   -2.3297E-04   
5.4865E-03   -2.7990E-04   
3.9222E-03   -1.0379E-03   
3.8580E-03   -1.1209E-03   
4.0681E-03   -9.6846E-04   
3.2149E-03   -1.3645E-03   
5.3175E-03   -3.7137E-04   
1.3484E-03   -2.0713E-03   
5.4151E-03   -3.1683E-04   
1.1517E-03   -2.1253E-03   
9.4728E-04   -2.1753E-03   
1.5362E-03   -2.0154E-03   
2.0856E-03   -1.8272E-03   
1.9014E-03   -1.8947E-03   
3.0233E-03   -1.4446E-03   
1.7195E-03   -1.9571E-03   
2.2713E-03   -1.7558E-03   
4.2317E-03   -8.9335E-04   
4.8375E-03   -6.0850E-04   
5.2101E-03   -4.2777E-04   
2.4582E-03   -1.6811E-03   
4.9703E-03   -5.4558E-04   
5.0945E-03   -4.8554E-04   
4.6964E-03   -6.7499E-04   
2.6461E-03   -1.6038E-03   
2.8346E-03   -1.5248E-03   
4.5478E-03   -7.4495E-04   
4.3925E-03   -8.1810E-04   
5.9610E-04   -2.2276E-03   
7.1534E-04   -2.2619E-03   
6.9666E-04   -2.2809E-03   
6.8550E-04   -2.2972E-03   
6.7991E-04   -2.3117E-03   
6.7853E-04   -2.3253E-03   
6.8049E-04   -2.3386E-03   
6.8515E-04   -2.3521E-03   
6.9230E-04   -2.3662E-03   
5.5582E-03   -1.7303E-04   
7.0210E-04   -2.3814E-03   
5.5821E-03   -1.4143E-04   
7.1439E-04   -2.3978E-03   
7.2735E-04   -2.4160E-03   
5.6033E-03   -1.2387E-04   
5.6293E-03   -1.1368E-04   
7.3655E-04   -2.4367E-03   
5.6630E-03   -1.0963E-04   
7.7844E-04   -2.4889E-03   
5.7535E-03   -1.1031E-04   
8.0998E-04   -2.5097E-03   
5.9274E-03   -1.1677E-04   
5.8377E-03   -1.1239E-04   
8.3638E-04   -2.5411E-03   
9.2633E-04   -2.6379E-03   
6.7795E-04   -2.6303E-03   
9.5624E-04   -2.6893E-03   
9.9207E-04   -2.7400E-03   
1.0000E-03   -3.3020E-03   
9.8548E-04   -3.2256E-03   
1.0311E-03   -2.7960E-03   
6.2236E-03   -1.5033E-04   
6.8253E-03   -1.3487E-04   
6.5268E-03   -1.7348E-04   
7.2096E-03   -1.6491E-04   
6.3693E-03   -1.5983E-04   
6.1275E-03   -9.9853E-05   
1.0804E-03   -2.8635E-03   
9.2017E-04   -3.1461E-03   
1.0132E-03   -2.9574E-03   
7.9438E-03   -1.8696E-04   
1.0228E-03   -3.5340E-03   
9.6847E-04   -3.3755E-03   
7.4946E-03   -2.3094E-04   
3.7389E-03   -1.0904E-03   
5.5699E-03   -1.9308E-04   
5.3625E-03   -3.0737E-04   
1.4155E-03   -2.0514E-03   
5.2533E-03   -3.6260E-04   
1.2289E-03   -2.1105E-03   
8.4960E-04   -2.2108E-03   
3.0733E-03   -1.3757E-03   
1.9451E-03   -1.8619E-03   
1.7661E-03   -1.9303E-03   
1.5925E-03   -1.9926E-03   
4.1058E-03   -8.9712E-04   
2.1281E-03   -1.7882E-03   
4.8845E-03   -5.3403E-04   
2.3135E-03   -1.7107E-03   
5.0165E-03   -4.7404E-04   
5.1390E-03   -4.1725E-04   
4.7432E-03   -5.9817E-04   
2.5008E-03   -1.6300E-03   
2.8799E-03   -1.4623E-03   
4.2738E-03   -8.1582E-04   
4.5937E-03   -6.6659E-04   
2.6899E-03   -1.5470E-03   
4.4368E-03   -7.3931E-04   
8.5881E-04   -2.2214E-03   
8.4166E-04   -2.2380E-03   
3.4939E-03   -1.1949E-03   
8.2752E-04   -2.2536E-03   
3.2754E-03   -1.2861E-03   
8.1826E-04   -2.2677E-03   
8.1482E-04   -2.2804E-03   
8.1598E-04   -2.2926E-03   
8.2064E-04   -2.3050E-03   
8.2836E-04   -2.3180E-03   
8.3912E-04   -2.3320E-03   
9.5998E-04   -2.4470E-03   
5.4927E-03   -1.8467E-04   
8.5301E-04   -2.3470E-03   
8.6969E-04   -2.3639E-03   
5.5095E-03   -1.6239E-04   
8.8654E-04   -2.3840E-03   
5.5281E-03   -1.4832E-04   
5.5512E-03   -1.4151E-04   
7.4038E-04   -2.4571E-03   
5.7090E-03   -1.4285E-04   
1.0016E-03   -2.4776E-03   
9.9922E-04   -2.5744E-03   
6.7357E-03   -1.8641E-04   
6.3490E-03   -2.0969E-04   
5.9093E-03   -1.5553E-04   
1.1832E-03   -2.6648E-03   
5.7960E-03   -1.4778E-04   
1.2375E-03   -2.7144E-03   
8.4281E-04   -2.5804E-03   
1.2057E-03   -3.3294E-03   
1.2808E-03   -2.7709E-03   
6.9686E-03   -1.8174E-04   
1.2400E-03   -2.9754E-03   
1.1999E-03   -3.0649E-03   
6.0815E-03   -1.4135E-04   
1.2369E-03   -3.2314E-03   
1.1405E-03   -2.6185E-03   
6.2049E-03   -1.9728E-04   
7.7397E-03   -2.3688E-04   
7.2650E-03   -2.2170E-04   
5.3914E-03   -2.5940E-04   
5.2903E-03   -3.0948E-04   
5.4795E-03   -2.4240E-04   
1.1400E-03   -2.1420E-03   
1.4909E-03   -2.0240E-03   
3.9715E-03   -9.0886E-04   
1.8147E-03   -1.8993E-03   
5.1808E-03   -3.6026E-04   
1.6393E-03   -1.9686E-03   
1.9946E-03   -1.8245E-03   
6.9263E-04   -2.2308E-03   
2.1779E-03   -1.7451E-03   
2.9372E-03   -1.3973E-03   
4.7961E-03   -5.2936E-04   
5.0625E-03   -4.1323E-04   
4.9345E-03   -4.6923E-04   
4.1519E-03   -8.2303E-04   
2.3641E-03   -1.6619E-03   
4.6467E-03   -5.9553E-04   
2.5528E-03   -1.5758E-03   
2.7439E-03   -1.4875E-03   
4.3239E-03   -7.4248E-04   
4.4888E-03   -6.6677E-04   
3.1388E-03   -1.3037E-03   
9.9584E-04   -2.1890E-03   
9.7770E-04   -2.2038E-03   
9.6006E-04   -2.2186E-03   
1.0211E-03   -2.1710E-03   
9.5255E-04   -2.2307E-03   
3.3493E-03   -1.2071E-03   
3.5681E-03   -1.1067E-03   
9.5201E-04   -2.2417E-03   
5.4674E-03   -2.1517E-04   
3.7786E-03   -1.0051E-03   
9.5635E-04   -2.2527E-03   
9.6455E-04   -2.2642E-03   
9.9139E-04   -2.2903E-03   
5.4152E-03   -2.0450E-04   
1.0117E-03   -2.3050E-03   
1.0399E-03   -2.3209E-03   
5.4217E-03   -1.8859E-04   
5.4389E-03   -1.7753E-04   
1.0183E-03   -2.3948E-03   
1.0528E-03   -2.5127E-03   
5.6456E-03   -1.8197E-04   
6.0727E-03   -1.8664E-04   
1.4229E-03   -2.6264E-03   
8.8126E-04   -2.4128E-03   
6.5032E-03   -2.2554E-04   
1.1530E-03   -2.4100E-03   
6.1678E-03   -2.4991E-04   
1.1196E-03   -2.5784E-03   
1.4663E-03   -2.9909E-03   
1.3537E-03   -2.5856E-03   
1.3389E-03   -2.8147E-03   
5.9626E-03   -1.8143E-04   
7.0739E-03   -2.1495E-04   
5.7342E-03   -1.9145E-04   
1.2909E-03   -2.8861E-03   
1.2051E-03   -3.1478E-03   
7.2842E-03   -2.8075E-04   
7.9663E-03   -2.3808E-04   
1.2643E-03   -3.4983E-03   
1.5429E-03   -3.2400E-03   
6.8906E-03   -1.5569E-04   
5.2155E-03   -3.1544E-04   
1.4984E-03   -2.0170E-03   
3.0061E-03   -1.3304E-03   
1.6917E-03   -1.9395E-03   
1.8704E-03   -1.8635E-03   
5.1039E-03   -3.6464E-04   
2.0510E-03   -1.7833E-03   
4.0275E-03   -8.3978E-04   
4.8538E-03   -4.6905E-04   
4.9859E-03   -4.1489E-04   
2.2355E-03   -1.6985E-03   
4.7062E-03   -5.3168E-04   
2.8077E-03   -1.4260E-03   
2.4235E-03   -1.6101E-03   
4.2087E-03   -7.5462E-04   
2.6144E-03   -1.5191E-03   
4.5483E-03   -6.0058E-04   
4.3821E-03   -6.7511E-04   
1.1534E-03   -2.1432E-03   
1.1053E-03   -2.1656E-03   
5.4061E-03   -2.2667E-04   
1.0925E-03   -2.1770E-03   
3.6348E-03   -1.0293E-03   
3.2130E-03   -1.2314E-03   
3.8363E-03   -9.3160E-04   
1.0899E-03   -2.1864E-03   
1.0930E-03   -2.1957E-03   
3.4243E-03   -1.1304E-03   
1.1012E-03   -2.2054E-03   
1.1138E-03   -2.2160E-03   
1.1302E-03   -2.2279E-03   
5.4616E-03   -1.7353E-04   
1.1522E-03   -2.2406E-03   
1.0775E-03   -2.3414E-03   
1.1840E-03   -2.2529E-03   
5.3041E-03   -2.3847E-04   
5.9159E-03   -2.2346E-04   
5.3191E-03   -2.2043E-04   
1.2035E-03   -2.4351E-03   
1.2281E-03   -2.5110E-03   
5.5691E-03   -1.7675E-04   
1.1320E-03   -2.3836E-03   
5.8216E-03   -2.0768E-04   
1.5525E-03   -2.5478E-03   
1.5671E-03   -2.7977E-03   
1.3033E-03   -2.5447E-03   
1.4844E-03   -2.7509E-03   
5.5643E-03   -2.3009E-04   
6.8525E-03   -2.4459E-04   
1.7475E-03   -2.9072E-03   
7.0673E-03   -2.6742E-04   
1.4086E-03   -3.0732E-03   
7.2926E-03   -3.4578E-04   
1.5822E-03   -3.4439E-03   
7.8115E-03   -2.9898E-04   
8.1888E-03   -2.0171E-04   
1.7613E-03   -3.3075E-03   
6.6334E-03   -2.4953E-04   
5.2484E-03   -2.7845E-04   
1.3190E-03   -2.0837E-03   
1.5894E-03   -1.9758E-03   
1.7576E-03   -1.9030E-03   
2.8804E-03   -1.3634E-03   
1.9332E-03   -1.8236E-03   
5.0342E-03   -3.7336E-04   
4.9212E-03   -4.1450E-04   
2.1147E-03   -1.7386E-03   
1.2335E-03   -2.1176E-03   
4.7743E-03   -4.7342E-04   
4.0927E-03   -7.7442E-04   
2.3012E-03   -1.6489E-03   
2.6841E-03   -1.4607E-03   
4.6154E-03   -5.4016E-04   
2.4914E-03   -1.5559E-03   
4.2742E-03   -6.9066E-04   
4.4483E-03   -6.1264E-04   
1.2319E-03   -2.1213E-03   
3.0837E-03   -1.2630E-03   
3.7057E-03   -9.5894E-04   
3.9030E-03   -8.6410E-04   
1.2316E-03   -2.1268E-03   
3.5004E-03   -1.0587E-03   
1.2312E-03   -2.1349E-03   
1.2387E-03   -2.1426E-03   
3.2917E-03   -1.1608E-03   
5.3393E-03   -2.4181E-04   
1.2921E-03   -2.1715E-03   
1.2519E-03   -2.1509E-03   
5.3356E-03   -2.1254E-04   
1.2697E-03   -2.1605E-03   
5.5674E-03   -1.4324E-04   
1.2314E-03   -2.3217E-03   
1.2265E-03   -2.2651E-03   
1.3015E-03   -2.3377E-03   
1.3233E-03   -2.1820E-03   
5.1943E-03   -2.6946E-04   
5.6502E-03   -2.4405E-04   
5.4854E-03   -2.2119E-04   
1.3240E-03   -2.3681E-03   
1.5219E-03   -2.5031E-03   
1.7171E-03   -2.6916E-03   
7.0693E-03   -3.3206E-04   
5.7425E-03   -2.6109E-04   
1.4589E-03   -2.4639E-03   
6.4500E-03   -2.8417E-04   
1.8008E-03   -2.8069E-03   
6.6159E-03   -3.1248E-04   
1.6961E-03   -3.0192E-03   
1.2623E-03   -2.4555E-03   
7.5373E-03   -3.5792E-04   
6.0327E-03   -2.3660E-04   
8.4486E-03   -1.6132E-04   
1.9287E-03   -3.1717E-03   
1.3542E-03   -2.0711E-03   
5.1330E-03   -3.2794E-04   
1.6592E-03   -1.9409E-03   
1.8280E-03   -1.8636E-03   
2.0040E-03   -1.7801E-03   
2.7614E-03   -1.4015E-03   
5.0207E-03   -3.5496E-04   
1.4528E-03   -2.0316E-03   
4.8535E-03   -4.1849E-04   
2.9613E-03   -1.3003E-03   
2.1872E-03   -1.6905E-03   
4.6895E-03   -4.8500E-04   
2.3759E-03   -1.5965E-03   
2.5675E-03   -1.4998E-03   
4.1656E-03   -7.1305E-04   
4.5220E-03   -5.5506E-04   
4.3472E-03   -6.3088E-04   
1.3905E-03   -2.0580E-03   
3.5804E-03   -9.9171E-04   
3.9769E-03   -8.0101E-04   
3.7816E-03   -8.9404E-04   
5.5050E-03   -1.7270E-04   
1.3718E-03   -2.0708E-03   
3.1664E-03   -1.1970E-03   
1.3777E-03   -2.0763E-03   
3.3739E-03   -1.0934E-03   
5.2059E-03   -2.5767E-04   
1.4324E-03   -2.0980E-03   
1.3910E-03   -2.0820E-03   
1.4622E-03   -2.1074E-03   
1.4094E-03   -2.0891E-03   
1.5361E-03   -2.2747E-03   
5.1658E-03   -2.9449E-04   
5.3544E-03   -2.1222E-04   
1.3638E-03   -2.1922E-03   
5.7309E-03   -9.9944E-05   
1.6188E-03   -2.3677E-03   
5.4179E-03   -2.1683E-04   
5.9750E-03   -2.9436E-04   
5.8486E-03   -2.7800E-04   
5.5554E-03   -3.0312E-04   
5.4678E-03   -2.8654E-04   
6.3554E-03   -3.4911E-04   
5.3881E-03   -2.7395E-04   
1.3989E-03   -2.4360E-03   
1.7821E-03   -2.4565E-03   
1.2700E-03   -2.2759E-03   
1.4356E-03   -2.2607E-03   
1.8491E-03   -2.5851E-03   
6.6772E-03   -3.6931E-04   
1.8470E-03   -2.7213E-03   
1.4305E-03   -2.3758E-03   
7.2956E-03   -4.1618E-04   
1.7833E-03   -3.1067E-03   
8.7736E-03   -8.4916E-05   
2.0305E-03   -2.8102E-03   
8.4304E-03   -2.2202E-04   
7.0668E-03   -4.0208E-04   
6.3118E-03   -2.6348E-04   
1.9913E-03   -2.9073E-03   
1.5003E-03   -2.0105E-03   
1.7381E-03   -1.9012E-03   
1.9058E-03   -1.8210E-03   
2.8455E-03   -1.3423E-03   
4.9389E-03   -3.6597E-04   
2.0821E-03   -1.7337E-03   
2.6503E-03   -1.4431E-03   
4.7663E-03   -4.3600E-04   
2.2686E-03   -1.6394E-03   
2.4588E-03   -1.5419E-03   
4.6031E-03   -5.0240E-04   
3.6645E-03   -9.2947E-04   
4.2443E-03   -6.5628E-04   
4.4287E-03   -5.7516E-04   
4.0551E-03   -7.4329E-04   
1.5012E-03   -2.0114E-03   
3.8624E-03   -8.3406E-04   
5.0804E-03   -3.1647E-04   
3.0474E-03   -1.2385E-03   
3.4601E-03   -1.0300E-03   
1.5183E-03   -2.0078E-03   
3.2532E-03   -1.1337E-03   
1.5325E-03   -2.0099E-03   
1.6032E-03   -2.0285E-03   
1.5738E-03   -2.0207E-03   
5.0752E-03   -3.0781E-04   
1.5503E-03   -2.0144E-03   
5.2180E-03   -2.5417E-04   
5.6387E-03   -1.4408E-04   
1.4959E-03   -2.1184E-03   
5.3184E-03   -2.6575E-04   
5.3595E-03   -3.5061E-04   
1.3834E-03   -2.2485E-03   
5.3568E-03   -2.2213E-04   
5.2782E-03   -3.3507E-04   
5.4475E-03   -3.7063E-04   
1.8260E-03   -2.3295E-03   
6.1222E-03   -3.0810E-04   
5.7668E-03   -3.4242E-04   
1.4262E-03   -2.2000E-03   
6.0987E-03   -3.7838E-04   
2.0458E-03   -2.6077E-03   
1.6887E-03   -2.5604E-03   
1.9370E-03   -2.3441E-03   
1.6858E-03   -2.2797E-03   
7.0583E-03   -4.7762E-04   
7.5329E-03   -4.2996E-04   
2.1113E-03   -2.6935E-03   
2.0093E-03   -2.9939E-03   
8.6497E-03   -1.8473E-04   
2.2184E-03   -2.8158E-03   
1.5737E-03   -1.9775E-03   
1.8270E-03   -1.8571E-03   
2.7380E-03   -1.3872E-03   
1.9814E-03   -1.7798E-03   
4.8240E-03   -4.0312E-04   
2.9348E-03   -1.2844E-03   
2.1665E-03   -1.6854E-03   
2.5463E-03   -1.4877E-03   
4.6866E-03   -4.5689E-04   
3.7523E-03   -8.7241E-04   
2.3556E-03   -1.5873E-03   
3.5509E-03   -9.7071E-04   
1.6679E-03   -1.9341E-03   
4.5238E-03   -5.2344E-04   
4.1344E-03   -6.9285E-04   
3.9459E-03   -7.8024E-04   
1.6824E-03   -1.9323E-03   
3.3446E-03   -1.0738E-03   
3.1380E-03   -1.1791E-03   
5.0797E-03   -3.0168E-04   
5.2632E-03   -2.6164E-04   
1.7457E-03   -1.9460E-03   
1.6948E-03   -1.9362E-03   
1.5477E-03   -2.1842E-03   
1.7166E-03   -1.9404E-03   
5.2321E-03   -2.5786E-04   
1.6362E-03   -2.0388E-03   
2.0420E-03   -2.2486E-03   
5.1572E-03   -4.0427E-04   
1.5232E-03   -2.1327E-03   
5.2383E-03   -4.2340E-04   
5.2046E-03   -3.2389E-04   
5.5467E-03   -3.9440E-04   
1.8632E-03   -2.2630E-03   
2.5017E-03   -2.7525E-03   
2.0933E-03   -2.3549E-03   
6.2271E-03   -4.2377E-04   
5.9098E-03   -3.6150E-04   
7.5289E-03   -5.0331E-04   
1.7655E-03   -2.2030E-03   
2.2564E-03   -2.8826E-03   
6.8312E-03   -4.6185E-04   
7.7749E-03   -3.7440E-04   
2.3075E-03   -2.5728E-03   
2.0138E-03   -2.4600E-03   
2.1198E-03   -2.5044E-03   
7.0436E-03   -5.5957E-04   
4.9412E-03   -3.5436E-04   
2.8296E-03   -1.3333E-03   
2.6376E-03   -1.4348E-03   
1.8613E-03   -1.8405E-03   
4.4693E-03   -5.4079E-04   
5.1019E-03   -3.0995E-04   
2.0663E-03   -1.7358E-03   
3.6461E-03   -9.1606E-04   
4.7831E-03   -4.1288E-04   
3.8436E-03   -8.2101E-04   
4.6126E-03   -4.8126E-04   
2.2561E-03   -1.6365E-03   
3.4410E-03   -1.0176E-03   
3.0285E-03   -1.2289E-03   
3.2336E-03   -1.1228E-03   
1.8456E-03   -1.8546E-03   
4.1941E-03   -6.5994E-04   
4.0315E-03   -7.3325E-04   
1.8889E-03   -1.8614E-03   
1.8612E-03   -1.8583E-03   
1.6622E-03   -2.0573E-03   
1.7798E-03   -1.9542E-03   
5.0868E-03   -3.0305E-04   
1.9439E-03   -2.1119E-03   
5.1405E-03   -3.1684E-04   
5.0268E-03   -4.8156E-04   
1.9194E-03   -2.1810E-03   
5.0813E-03   -3.9029E-04   
5.3241E-03   -4.4813E-04   
6.5972E-03   -4.4390E-04   
5.6697E-03   -4.1862E-04   
2.2073E-03   -2.2500E-03   
1.6605E-03   -2.0987E-03   
1.6081E-03   -2.1969E-03   
6.4687E-03   -3.9314E-04   
5.9868E-03   -4.6870E-04   
2.2579E-03   -2.3511E-03   
2.5412E-03   -2.8455E-03   
2.6191E-03   -2.6212E-03   
2.1109E-03   -2.1559E-03   
6.8506E-03   -3.8614E-04   
7.2906E-03   -5.6709E-04   
7.7668E-03   -4.4326E-04   
7.9939E-03   -3.3177E-04   
2.3116E-03   -2.3984E-03   
2.5689E-03   -2.4888E-03   
4.5314E-03   -5.1382E-04   
2.5393E-03   -1.4874E-03   
2.7273E-03   -1.3871E-03   
4.9395E-03   -3.6094E-04   
4.1342E-03   -6.8573E-04   
3.9429E-03   -7.7324E-04   
4.6718E-03   -4.5705E-04   
2.9229E-03   -1.2835E-03   
3.7467E-03   -8.6601E-04   
3.5433E-03   -9.6527E-04   
2.3544E-03   -1.5862E-03   
3.3349E-03   -1.0698E-03   
3.1267E-03   -1.1768E-03   
1.9857E-03   -1.7800E-03   
2.0059E-03   -1.7765E-03   
2.0313E-03   -1.7767E-03   
1.9243E-03   -1.8664E-03   
1.8120E-03   -1.9689E-03   
2.1582E-03   -1.6908E-03   
4.9380E-03   -3.5408E-04   
4.8788E-03   -4.5309E-04   
4.3373E-03   -5.9536E-04   
4.9492E-03   -4.6501E-04   
1.9287E-03   -2.0683E-03   
1.7692E-03   -2.1016E-03   
2.4938E-03   -2.2817E-03   
5.1072E-03   -5.0330E-04   
1.8356E-03   -1.9941E-03   
4.9341E-03   -3.8121E-04   
2.3351E-03   -2.1309E-03   
5.4140E-03   -4.8124E-04   
2.1756E-03   -2.0545E-03   
6.1250E-03   -4.9409E-04   
6.4136E-03   -5.1638E-04   
5.8255E-03   -4.4165E-04   
8.2294E-03   -3.3061E-04   
2.7177E-03   -2.3673E-03   
2.5967E-03   -2.3245E-03   
2.8281E-03   -2.6314E-03   
7.0529E-03   -6.4162E-04   
2.6189E-03   -2.9371E-03   
7.5150E-03   -5.7772E-04   
8.0115E-03   -3.8881E-04   
4.6350E-03   -4.7585E-04   
2.6240E-03   -1.4475E-03   
2.4416E-03   -1.5449E-03   
4.0520E-03   -7.2770E-04   
4.7905E-03   -4.1209E-04   
3.8547E-03   -8.1949E-04   
2.8180E-03   -1.3443E-03   
3.6529E-03   -9.1653E-04   
3.0218E-03   -1.2368E-03   
3.4437E-03   -1.0201E-03   
2.1697E-03   -1.6947E-03   
3.2315E-03   -1.1279E-03   
2.0681E-03   -1.7772E-03   
4.4511E-03   -5.5229E-04   
4.7363E-03   -5.3377E-04   
2.2906E-03   -1.6253E-03   
1.9947E-03   -1.8963E-03   
2.1112E-03   -1.7817E-03   
2.0300E-03   -1.9777E-03   
4.2511E-03   -6.3815E-04   
4.8150E-03   -5.4540E-04   
6.1579E-03   -5.6021E-04   
4.7728E-03   -4.2932E-04   
4.8938E-03   -5.6277E-04   
2.1464E-03   -1.9901E-03   
5.1808E-03   -5.3356E-04   
5.5500E-03   -5.1019E-04   
4.8119E-03   -4.4808E-04   
2.8922E-03   -2.2405E-03   
2.3649E-03   -2.0401E-03   
2.6281E-03   -2.0400E-03   
6.3329E-03   -4.7044E-04   
8.3130E-03   -4.0281E-04   
2.7797E-03   -2.1927E-03   
5.7305E-03   -5.3274E-04   
6.3614E-03   -5.9097E-04   
6.8137E-03   -7.3654E-04   
2.8891E-03   -2.3985E-03   
2.9439E-03   -2.4935E-03   
6.7322E-03   -6.4665E-04   
8.4081E-03   -2.7653E-04   
7.7678E-03   -5.1394E-04   
2.2685E-03   -3.0751E-03   
2.3619E-03   -2.2600E-03   
2.5137E-03   -1.5172E-03   
2.3337E-03   -1.6114E-03   
3.9711E-03   -7.7635E-04   
4.5807E-03   -5.1049E-04   
3.7698E-03   -8.7167E-04   
2.9150E-03   -1.3047E-03   
2.2064E-03   -1.6905E-03   
3.5603E-03   -9.7402E-04   
2.1540E-03   -1.7945E-03   
3.1280E-03   -1.1933E-03   
2.0203E-03   -1.9267E-03   
3.3443E-03   -1.0823E-03   
4.1708E-03   -6.8512E-04   
2.2567E-03   -1.6866E-03   
4.5908E-03   -6.2220E-04   
4.7452E-03   -4.5479E-04   
4.3681E-03   -5.9839E-04   
4.6685E-03   -5.2454E-04   
4.7028E-03   -6.1871E-04   
4.9762E-03   -5.8415E-04   
3.0944E-03   -2.1037E-03   
2.4523E-03   -1.9390E-03   
2.7291E-03   -2.0680E-03   
2.5370E-03   -2.0153E-03   
5.8565E-03   -6.4513E-04   
7.7303E-03   -5.8440E-04   
3.0147E-03   -2.6544E-03   
2.2755E-03   -1.8793E-03   
2.6345E-03   -2.1666E-03   
5.6486E-03   -6.2815E-04   
6.5695E-03   -5.9835E-04   
8.5040E-03   -3.1952E-04   
8.0732E-03   -5.2534E-04   
6.9006E-03   -8.1013E-04   
3.2870E-03   -2.3915E-03   
2.5595E-03   -3.0740E-03   
5.4452E-03   -6.1238E-04   
2.0550E-03   -3.0644E-03   
3.8937E-03   -8.3081E-04   
4.6188E-03   -5.1674E-04   
4.0944E-03   -7.3709E-04   
3.6860E-03   -9.3105E-04   
3.0225E-03   -1.2667E-03   
2.3917E-03   -1.5971E-03   
1.8614E-03   -2.0202E-03   
2.1879E-03   -1.8204E-03   
4.2928E-03   -6.4763E-04   
2.3172E-03   -1.6866E-03   
4.5131E-03   -6.1209E-04   
2.7085E-03   -1.4141E-03   
3.2448E-03   -1.1517E-03   
2.9608E-03   -2.0422E-03   
2.7615E-03   -1.9286E-03   
4.7450E-03   -6.4987E-04   
2.6110E-03   -1.9290E-03   
2.2139E-03   -1.8568E-03   
2.3619E-03   -1.8851E-03   
2.3355E-03   -1.9408E-03   
2.9301E-03   -1.9407E-03   
3.1796E-03   -2.1740E-03   
6.0734E-03   -6.6785E-04   
7.4661E-03   -6.6885E-04   
5.5631E-03   -7.2933E-04   
4.3212E-03   -7.1983E-04   
5.1603E-03   -7.0811E-04   
6.3325E-03   -6.9403E-04   
3.3381E-03   -2.5517E-03   
2.7460E-03   -2.7347E-03   
5.3642E-03   -7.1450E-04   
6.8066E-03   -5.4372E-04   
3.4628E-03   -2.4209E-03   
3.1438E-03   -2.3626E-03   
7.2094E-03   -7.8373E-04   
6.5824E-03   -8.4551E-04   
4.0224E-03   -7.9294E-04   
3.8264E-03   -8.8752E-04   
4.4430E-03   -6.0465E-04   
2.3684E-03   -1.7034E-03   
4.4599E-03   -5.7384E-04   
4.2206E-03   -7.0175E-04   
3.6107E-03   -9.9448E-04   
2.4663E-03   -1.5831E-03   
3.1442E-03   -1.2288E-03   
3.3760E-03   -1.1113E-03   
3.0208E-03   -1.8198E-03   
2.8610E-03   -1.8199E-03   
2.5925E-03   -1.4931E-03   
2.3921E-03   -1.7887E-03   
2.3887E-03   -1.7440E-03   
2.5131E-03   -1.7756E-03   
2.8043E-03   -1.3815E-03   
4.8720E-03   -6.7132E-04   
4.1666E-03   -8.2861E-04   
5.0869E-03   -8.0765E-04   
2.5534E-03   -1.8282E-03   
4.9179E-03   -7.3702E-04   
3.4128E-03   -2.2628E-03   
5.7620E-03   -7.5107E-04   
3.4232E-03   -2.0280E-03   
2.6905E-03   -2.5219E-03   
3.6677E-03   -2.4380E-03   
4.5536E-03   -7.5927E-04   
5.2742E-03   -8.1871E-04   
3.2392E-03   -1.8746E-03   
3.6025E-03   -2.2902E-03   
3.1856E-03   -2.6910E-03   
6.6871E-03   -9.1656E-04   
7.5469E-03   -7.5855E-04   
3.9675E-03   -8.4263E-04   
4.1503E-03   -7.5983E-04   
2.9183E-03   -1.3467E-03   
2.5712E-03   -1.6859E-03   
3.2798E-03   -1.1924E-03   
2.8178E-03   -1.7118E-03   
2.5721E-03   -1.5670E-03   
4.2582E-03   -8.5029E-04   
2.6918E-03   -1.4664E-03   
2.6132E-03   -1.6047E-03   
5.0590E-03   -5.9731E-04   
3.5286E-03   -1.0707E-03   
4.3286E-03   -6.7773E-04   
2.9646E-03   -1.7068E-03   
4.9948E-03   -9.1316E-04   
3.1226E-03   -1.7045E-03   
4.9296E-03   -8.0269E-04   
2.4351E-03   -2.6038E-03   
3.9392E-03   -2.4372E-03   
5.4615E-03   -8.3776E-04   
2.8502E-03   -2.7842E-03   
3.6072E-03   -1.7718E-03   
3.5135E-03   -2.1193E-03   
4.6332E-03   -8.0413E-04   
5.9662E-03   -7.7975E-04   
3.3748E-03   -2.7329E-03   
3.6722E-03   -1.8714E-03   
3.7506E-03   -2.1490E-03   
3.5566E-03   -2.5764E-03   
6.3551E-03   -9.6228E-04   
3.1813E-03   -1.8147E-03   
7.9049E-03   -7.2438E-04   
3.0478E-03   -1.3105E-03   
3.0730E-03   -1.5885E-03   
3.8004E-03   -9.3754E-04   
2.8227E-03   -1.4291E-03   
3.9738E-03   -9.4740E-04   
3.2862E-03   -1.7076E-03   
2.7088E-03   -1.7122E-03   
5.3508E-03   -9.5205E-04   
3.4202E-03   -1.1626E-03   
3.2278E-03   -1.5852E-03   
2.7638E-03   -1.4940E-03   
4.3389E-03   -8.8885E-04   
5.1704E-03   -9.3010E-04   
4.0568E-03   -8.3138E-04   
2.7439E-03   -1.6422E-03   
4.6963E-03   -8.5964E-04   
2.9722E-03   -2.2898E-03   
3.4381E-03   -1.7291E-03   
3.7563E-03   -1.9513E-03   
3.9001E-03   -2.0028E-03   
3.9761E-03   -2.1890E-03   
4.2975E-03   -2.2865E-03   
6.4719E-03   -1.0476E-03   
3.1574E-03   -2.8860E-03   
5.8378E-03   -8.9576E-04   
8.1492E-03   -6.1767E-04   
3.1815E-03   -1.2796E-03   
2.9584E-03   -1.3927E-03   
3.7017E-03   -1.0361E-03   
3.3352E-03   -1.4650E-03   
4.0460E-03   -9.8344E-04   
4.7869E-03   -9.1319E-04   
4.4170E-03   -9.3528E-04   
3.3959E-03   -1.5840E-03   
5.0645E-03   -1.0464E-03   
4.8898E-03   -1.0258E-03   
6.0415E-03   -9.9674E-04   
5.5368E-03   -9.8113E-04   
4.2390E-03   -1.8892E-03   
3.9963E-03   -1.8047E-03   
2.9157E-03   -1.6040E-03   
6.1473E-03   -8.2319E-04   
6.9750E-03   -8.7187E-04   
6.1329E-03   -1.2036E-03   
4.3136E-03   -2.1684E-03   
4.3079E-03   -2.4074E-03   
4.3596E-03   -2.0452E-03   
3.7575E-03   -1.6124E-03   
3.5390E-03   -2.7945E-03   
8.2444E-03   -6.9165E-04   
3.0823E-03   -1.3714E-03   
3.9393E-03   -9.1453E-04   
2.9689E-03   -1.5149E-03   
3.5286E-03   -1.1533E-03   
4.7496E-03   -1.1670E-03   
3.7393E-03   -1.0919E-03   
3.3122E-03   -1.2592E-03   
4.1242E-03   -1.0278E-03   
3.5004E-03   -1.4587E-03   
4.5445E-03   -1.0469E-03   
3.6893E-03   -1.4549E-03   
4.6078E-03   -1.1107E-03   
6.2684E-03   -8.8549E-04   
5.2465E-03   -1.0680E-03   
5.7401E-03   -1.0186E-03   
7.2206E-03   -8.8696E-04   
3.9315E-03   -1.7219E-03   
6.0074E-03   -9.2298E-04   
3.9149E-03   -1.6374E-03   
5.7974E-03   -1.1112E-03   
3.1903E-03   -1.4581E-03   
3.9244E-03   -1.4507E-03   
4.4680E-03   -1.9095E-03   
5.8136E-03   -1.2111E-03   
6.4795E-03   -1.1443E-03   
4.0463E-03   -1.8783E-03   
4.6064E-03   -2.0444E-03   
4.5727E-03   -2.2613E-03   
3.2887E-03   -2.9376E-03   
3.2012E-03   -1.3701E-03   
3.7868E-03   -1.3253E-03   
3.4700E-03   -1.2290E-03   
3.8415E-03   -1.1211E-03   
4.1690E-03   -1.5847E-03   
3.5961E-03   -1.3403E-03   
4.4145E-03   -1.2476E-03   
5.0007E-03   -1.1460E-03   
4.8879E-03   -2.1787E-03   
5.5378E-03   -1.2253E-03   
2.8629E-03   -1.4800E-03   
4.1158E-03   -1.4940E-03   
5.4173E-03   -1.1002E-03   
4.2210E-03   -1.0683E-03   
4.3006E-03   -1.1887E-03   
4.5952E-03   -1.7692E-03   
3.2041E-03   -3.0566E-03   
4.7122E-03   -1.9252E-03   
5.7935E-03   -1.3076E-03   
6.7061E-03   -1.0623E-03   
4.4976E-03   -9.8416E-04   
2.7878E-03   -1.5638E-03   
3.4351E-03   -1.3634E-03   
3.9878E-03   -1.3207E-03   
3.6336E-03   -1.2516E-03   
5.1243E-03   -1.1880E-03   
4.0838E-03   -1.1964E-03   
4.2158E-03   -1.3694E-03   
3.6203E-03   -1.1995E-03   
5.5658E-03   -1.4312E-03   
3.4225E-03   -1.3110E-03   
6.9900E-03   -1.0190E-03   
5.5204E-03   -1.3343E-03   
4.3472E-03   -1.7428E-03   
4.1672E-03   -1.3151E-03   
5.1068E-03   -2.0331E-03   
2.8424E-03   -3.1896E-03   
4.3285E-03   -1.0957E-03   
4.5648E-03   -1.5807E-03   
4.8217E-03   -1.2620E-03   
4.9579E-03   -1.3350E-03   
4.7570E-03   -1.6177E-03   
5.6657E-03   -1.5178E-03   
4.3655E-03   -1.4695E-03   
4.9774E-03   -1.9478E-03   
5.2224E-03   -2.0975E-03   
4.8977E-03   -1.4714E-03   
4.4443E-03   -1.5263E-03   
5.5311E-03   -2.0872E-03   
4.9584E-03   -1.6587E-03   
5.5591E-03   -1.1345E-03   
6.0531E-03   -1.4432E-03   
5.3072E-03   -1.5780E-03   
4.6258E-03   -1.3992E-03   
5.2318E-03   -1.3452E-03   
4.8143E-03   -1.7951E-03   
5.3750E-03   -1.6696E-03   
6.3512E-03   -1.2730E-03   
5.8594E-03   -1.9227E-03   
5.1015E-03   -1.7013E-03   
4.6977E-03   -1.4622E-03   
5.3608E-03   -1.7888E-03   
5.6650E-03   -1.7840E-03   
6.0565E-03   -1.6505E-03   
6.1974E-03   -1.5099E-03   
5.9475E-03   -1.7953E-03   
2.9183E-04   -3.7909E-03   
5.3281E-03   -1.8994E-03   
5.0234E-03   -2.2512E-03   
8.7585E-03   -3.1657E-04   
6.5845E-04   -3.1807E-03   
9.5553E-03   -4.7197E-05   
8.5876E-03   -6.5772E-04   
5.3018E-04   -3.8344E-03   
2.5377E-03   -3.1973E-03   
5.9847E-03   -1.9949E-03   
8.9062E-03   -1.6858E-04   
8.1030E-04   -3.8012E-03   
2.8503E-03   -2.9566E-03   
1.1507E-03   -3.7537E-03   
1.4985E-03   -3.7018E-03   
1.8456E-03   -3.6395E-03   
2.2037E-03   -3.5683E-03   
9.8611E-03   -4.3183E-05   
2.5694E-03   -3.4899E-03   
2.9531E-03   -3.3997E-03   
8.3651E-03   -5.3647E-04   
3.3486E-03   -3.3064E-03   
1.0176E-02   -4.1618E-05   
3.7503E-03   -3.2084E-03   
4.1636E-03   -3.1065E-03   
6.4041E-03   -1.3815E-03   
4.6301E-03   -2.9848E-03   
1.0507E-02   -3.8593E-05   
7.2910E-03   -6.3284E-04   
5.0027E-03   -2.9278E-03   
3.7380E-03   -2.3298E-03   
1.9302E-03   -3.3785E-03   
8.4257E-03   -4.6762E-04   
5.4369E-03   -2.7870E-03   
5.9244E-03   -2.6871E-03   
1.0849E-02   -3.4165E-05   
6.3788E-03   -2.5848E-03   
3.9553E-03   -2.7010E-03   
6.8837E-03   -2.4607E-03   
7.2769E-03   -2.4031E-03   
1.1203E-02   -2.9677E-05   
7.7330E-03   -2.2590E-03   
8.2476E-03   -2.1372E-03   
8.5218E-04   -3.6120E-03   
8.7301E-03   -2.0065E-03   
1.1612E-02   -2.6824E-05   
9.0291E-03   -1.0514E-04   
4.2264E-03   -2.5433E-03   
9.2527E-03   -1.8417E-03   
9.7516E-03   -1.6935E-03   
8.0112E-03   -7.8616E-04   
1.2066E-02   -1.4543E-05   
7.3064E-03   -9.6843E-04   
6.7280E-03   -1.1407E-03   
1.0733E-02   -1.3270E-03   
1.2554E-02   -2.1051E-04   
1.2644E-02   -2.0982E-04   
1.2595E-02   -5.9716E-05   
1.2633E-02   -2.4942E-05   
1.2566E-02   -1.3374E-04   
3.4476E-03   -3.0766E-03   
1.1832E-02   -7.6800E-04   
9.8718E-04   -3.6823E-03   
7.5538E-03   -9.8605E-04   
7.1144E-03   -1.1032E-03   
1.7363E-03   -3.4970E-03   
6.6658E-03   -1.3764E-03   
2.2421E-03   -3.3199E-03   
8.9946E-03   -2.6647E-04   
6.2870E-03   -1.6719E-03   
8.8243E-03   -5.5418E-04   
2.4888E-03   -3.3259E-03   
4.4289E-03   -2.5918E-03   
1.7080E-03   -3.5839E-03   
4.8965E-03   -2.4137E-03   
2.4286E-03   -3.4377E-03   
7.9325E-03   -8.8208E-04   
8.5879E-03   -1.9288E-03   
6.2470E-03   -2.5054E-03   
3.2122E-03   -3.2385E-03   
4.0709E-03   -2.7756E-03   
4.0218E-03   -3.0390E-03   
3.9258E-03   -2.9393E-03   
1.0330E-02   -8.1112E-05   
6.4184E-03   -1.9074E-03   
9.1748E-03   -1.5076E-04   
8.6939E-03   -7.1850E-04   
9.7214E-03   -8.4049E-05   
1.1561E-02   -5.7899E-05   
5.7024E-03   -2.1537E-03   
7.0415E-03   -2.3086E-03   
8.5649E-03   -3.5703E-04   
8.6857E-03   -4.8548E-04   
6.4332E-03   -1.4468E-03   
4.6780E-03   -2.3028E-03   
1.2340E-02   -5.8190E-06   
1.0262E-02   -1.5113E-03   
4.7575E-03   -2.8407E-03   
9.3682E-03   -1.6922E-03   
1.2659E-02   -1.4222E-04   
1.2717E-02   -1.3075E-05   
1.2698E-02   -3.6686E-05   
1.2673E-02   -8.5930E-05   
7.7852E-03   -2.1130E-03   
5.4701E-03   -2.6356E-03   
1.1004E-02   -6.4073E-05   
1.1174E-02   -9.6457E-04   
1.2119E-02   -4.2416E-05   
1.1775E-02   -7.0147E-04   
1.2039E-02   -3.0794E-04   
1.2175E-02   -5.9232E-05   
1.2114E-02   -1.3253E-04   
1.1964E-02   -4.7930E-04   
7.8655E-03   -9.9748E-04   
6.1496E-03   -2.4209E-03   
9.0909E-03   -2.0683E-04   
9.4026E-03   -1.7333E-04   
1.0145E-02   -1.2926E-04   
1.1019E-03   -3.5861E-03   
5.5685E-03   -2.3126E-03   
7.0429E-03   -1.2525E-03   
4.2791E-03   -2.8915E-03   
9.0525E-03   -3.2731E-04   
1.0812E-02   -1.0557E-04   
1.0097E-02   -1.4698E-03   
3.1019E-03   -3.1784E-03   
5.8167E-03   -2.4915E-03   
4.6274E-03   -2.7906E-03   
6.9413E-03   -2.2398E-03   
5.1596E-03   -2.4101E-03   
8.2425E-03   -1.9385E-03   
6.6825E-03   -1.5965E-03   
5.0732E-03   -2.6715E-03   
8.5838E-03   -8.2755E-04   
8.9376E-03   -6.2183E-04   
7.4005E-03   -2.1386E-03   
6.7410E-03   -1.7242E-03   
1.1196E-02   -8.9781E-05   
6.5510E-03   -2.0020E-03   
1.0478E-02   -1.1705E-04   
4.8182E-03   -2.5533E-03   
8.9469E-03   -4.0676E-04   
6.5400E-03   -2.3325E-03   
6.9367E-03   -1.4139E-03   
9.7586E-03   -1.3869E-04   
9.0508E-03   -4.5941E-04   
1.1543E-02   -4.6926E-04   
1.1734E-02   -1.0188E-04   
1.1663E-02   -2.1370E-04   
1.1803E-02   -5.9220E-05   
8.1943E-03   -8.9328E-04   
1.0545E-02   -1.2176E-03   
1.1273E-02   -7.9948E-04   
1.2092E-02   -1.0986E-04   
1.1990E-02   -4.1053E-04   
1.2002E-02   -2.1299E-04   
1.1953E-02   -2.5744E-04   
6.4210E-03   -2.2542E-03   
4.8242E-03   -2.6532E-03   
1.0936E-02   -1.3617E-04   
9.7309E-03   -1.5456E-03   
5.5812E-03   -2.4639E-03   
6.8449E-03   -1.8261E-03   
6.2831E-03   -2.1800E-03   
9.3045E-03   -5.8055E-04   
9.6244E-03   -2.0065E-04   
7.8942E-03   -1.9586E-03   
1.0309E-02   -1.6084E-04   
1.1622E-02   -2.8740E-04   
1.1770E-02   -1.4759E-04   
9.4022E-03   -4.2418E-04   
7.8021E-03   -1.1222E-03   
9.3820E-03   -3.0571E-04   
7.3819E-03   -1.2598E-03   
1.1519E-02   -3.7798E-04   
1.0693E-02   -1.0061E-03   
8.8976E-03   -8.1613E-04   
8.7128E-03   -1.7586E-03   
7.0657E-03   -1.5625E-03   
5.9086E-03   -2.2836E-03   
7.2226E-03   -2.0705E-03   
8.6585E-03   -9.0361E-04   
1.1536E-02   -9.0849E-05   
1.0457E-02   -1.1639E-03   
1.1339E-02   -6.3336E-04   
7.9798E-03   -1.7954E-03   
7.4977E-03   -1.4995E-03   
8.5987E-03   -1.0088E-03   
9.2555E-03   -7.5902E-04   
7.5050E-03   -1.9005E-03   
6.6883E-03   -2.0848E-03   
1.1054E-02   -1.6217E-04   
1.0208E-02   -1.1869E-03   
1.0338E-02   -2.1250E-04   
1.0730E-02   -1.8647E-04   
7.0949E-03   -1.9937E-03   
9.6229E-03   -3.3295E-04   
9.6506E-03   -2.5658E-04   
9.5368E-03   -4.7989E-04   
7.0030E-03   -1.4935E-03   
7.2359E-03   -1.7526E-03   
9.4507E-03   -6.3619E-04   
8.8281E-03   -1.6103E-03   
8.1387E-03   -1.1259E-03   
7.7350E-03   -1.2521E-03   
7.4615E-03   -1.6206E-03   
8.9787E-03   -9.4845E-04   
9.2186E-03   -8.5287E-04   
9.0626E-03   -1.7236E-03   
9.6748E-03   -5.3125E-04   
7.3667E-03   -1.8274E-03   
1.1373E-02   -1.3514E-04   
9.9605E-03   -2.6642E-04   
9.7543E-03   -3.9258E-04   
9.6973E-03   -1.3721E-03   
1.0224E-02   -2.8365E-04   
7.7135E-03   -1.3558E-03   
8.3936E-03   -1.1402E-03   
9.3017E-03   -9.2062E-04   
7.6121E-03   -1.6707E-03   
1.0128E-02   -3.5502E-04   
1.0437E-02   -1.0149E-03   
9.6111E-03   -6.6953E-04   
1.0041E-02   -4.7915E-04   
9.5147E-03   -1.5462E-03   
1.0890E-02   -2.1184E-04   
7.9581E-03   -1.3752E-03   
8.3752E-03   -1.2399E-03   
1.1515E-02   -1.5569E-04   
9.9307E-03   -6.2239E-04   
1.1099E-02   -2.2886E-04   
8.0164E-03   -1.5701E-03   
1.0200E-02   -4.0484E-04   
1.0704E-02   -2.7207E-04   
1.0177E-02   -5.1693E-04   
8.7378E-03   -1.2149E-03   
1.0414E-02   -2.9903E-04   
9.1623E-03   -1.0656E-03   
9.7815E-03   -8.1135E-04   
1.0474E-02   -4.0903E-04   
9.9437E-03   -8.6966E-04   
8.1577E-03   -1.6309E-03   
9.5000E-03   -1.0423E-03   
8.2927E-03   -1.3887E-03   
9.0728E-03   -1.1976E-03   
1.0794E-02   -3.0938E-04   
1.1466E-02   -2.0835E-04   
1.0218E-02   -8.6220E-04   
9.8527E-03   -1.0022E-03   
1.0900E-02   -3.4336E-04   
8.4424E-03   -1.4755E-03   
8.9172E-03   -1.3552E-03   
1.0715E-02   -4.1360E-04   
1.0623E-02   -7.6585E-04   
9.8201E-03   -1.1176E-03   
1.1269E-02   -2.8233E-04   
1.0701E-02   -4.6803E-04   
1.0600E-02   -8.6817E-04   
1.1436E-02   -2.9457E-04   
1.0203E-02   -1.0258E-03   
1.0313E-02   -5.5289E-04   
1.0067E-02   -6.6965E-04   
1.0248E-02   -7.0643E-04   
1.0701E-02   -5.9282E-04   
