51 
1844 
1.3523E-04   -1.5005E-04   
2.5726E-04   -1.2696E-04   
3.5397E-04   -9.1618E-05   
4.1604E-04   -4.7842E-05   
1.7491E-36   -1.5730E-04   
4.3699E-04   -9.0647E-37   
4.4679E-04   -5.5797E-37   
4.6278E-04   -0.0000E+00   
4.9788E-04   2.3386E-37   
5.2967E-04   3.3936E-37   
5.7008E-04   5.5307E-37   
6.1939E-04   7.7022E-37   
6.5733E-04   9.4868E-37   
7.2189E-04   1.3950E-36   
7.6997E-04   1.7389E-36   
8.2199E-04   1.9193E-36   
8.4943E-04   2.4348E-36   
9.0703E-04   3.2740E-36   
9.6815E-04   4.3552E-36   
1.0000E-03   -9.3736E-33   
1.0000E-03   -1.2920E-35   
1.0000E-03   -1.2920E-35   
1.0000E-03   -1.2920E-35   
1.0000E-03   -1.2920E-35   
1.0000E-03   -1.2920E-35   
1.0000E-03   -1.2920E-35   
1.0000E-03   -1.2920E-35   
1.0000E-03   -1.2920E-35   
1.0000E-03   -1.2920E-35   
1.0000E-03   -1.2920E-35   
1.0000E-03   -1.2920E-35   
1.0000E-03   -1.2920E-35   
9.3950E-04   -4.3265E-05   
8.4088E-04   -9.8788E-05   
7.9929E-04   -1.1790E-04   
7.5959E-04   -1.3366E-04   
6.8315E-04   -1.5904E-04   
6.4590E-04   -1.6967E-04   
5.7266E-04   -1.8839E-04   
5.3668E-04   -1.9695E-04   
4.6587E-04   -2.1326E-04   
3.9703E-04   -2.2903E-04   
3.6350E-04   -2.3688E-04   
2.9853E-04   -2.5226E-04   
2.3683E-04   -2.6693E-04   
2.0729E-04   -2.7376E-04   
1.5093E-04   -2.8592E-04   
9.7952E-05   -2.9523E-04   
4.7878E-05   -3.0101E-04   
2.4276E-36   -3.0275E-04   
7.0459E-36   -2.8683E-04   
6.9721E-36   -2.7164E-04   
6.4821E-36   -2.5148E-04   
6.1194E-36   -2.3990E-04   
5.4074E-36   -2.2103E-04   
4.9441E-36   -2.1029E-04   
4.4488E-36   -1.9983E-04   
4.0427E-36   -1.9141E-04   
3.9566E-36   -1.8408E-04   
1.0242E-04   -1.6006E-04   
9.6083E-04   -3.8221E-06   
9.1977E-04   -7.9929E-06   
8.6038E-04   -1.3824E-05   
8.1171E-04   -1.8808E-05   
7.6457E-04   -2.5015E-05   
7.1146E-04   -2.8720E-05   
6.6795E-04   -3.0239E-05   
6.1420E-04   -3.4899E-05   
5.6088E-04   -3.7780E-05   
5.0781E-04   -4.0311E-05   
4.5517E-04   -4.2573E-05   
4.0034E-04   -4.6190E-05   
3.4396E-04   -5.5343E-05   
2.6688E-04   -7.9881E-05   
1.8832E-04   -1.1815E-04   
2.7963E-04   -9.3096E-05   
3.3340E-04   -4.6324E-05   
3.8554E-04   -2.9345E-05   
4.3484E-04   -2.4827E-05   
4.8223E-04   -2.4206E-05   
5.2730E-04   -2.4428E-05   
5.7878E-04   -2.2408E-05   
6.2665E-04   -2.0781E-05   
6.7122E-04   -1.8681E-05   
7.1723E-04   -1.8806E-05   
7.6730E-04   -1.4896E-05   
8.1545E-04   -1.1746E-05   
8.6257E-04   -9.4550E-06   
9.1246E-04   -5.4924E-06   
9.5578E-04   -2.3154E-06   
4.0927E-04   -2.0737E-05   
4.3441E-04   -9.7995E-06   
4.6306E-04   -9.1997E-06   
5.0277E-04   -9.4407E-06   
5.4078E-04   -9.6119E-06   
5.8762E-04   -1.0125E-05   
6.2947E-04   -1.0394E-05   
6.7105E-04   -1.0165E-05   
7.2457E-04   -8.1707E-06   
7.6934E-04   -6.6049E-06   
8.2000E-04   -5.6706E-06   
8.6978E-04   -4.0917E-06   
9.1842E-04   -2.6840E-06   
9.6309E-04   -8.7562E-07   
9.5347E-04   -5.9383E-06   
9.0904E-04   -1.2531E-05   
8.5460E-04   -2.1034E-05   
8.0435E-04   -2.6296E-05   
7.6087E-04   -3.3809E-05   
7.0626E-04   -3.9857E-05   
6.5239E-04   -4.5321E-05   
6.0134E-04   -4.9577E-05   
5.4824E-04   -5.4761E-05   
4.9846E-04   -5.9284E-05   
4.3462E-04   -6.6388E-05   
3.6643E-04   -7.6885E-05   
2.9949E-04   -9.1336E-05   
2.2938E-04   -1.1218E-04   
1.5098E-04   -1.4439E-04   
7.5075E-05   -1.7523E-04   
9.5065E-04   -8.8092E-06   
9.1289E-04   -1.6009E-05   
8.4820E-04   -2.8528E-05   
8.0578E-04   -3.6382E-05   
7.5511E-04   -4.4235E-05   
6.9421E-04   -5.4367E-05   
6.4034E-04   -5.9915E-05   
5.8804E-04   -6.5780E-05   
5.2656E-04   -7.4308E-05   
4.6899E-04   -8.3716E-05   
4.0796E-04   -9.3928E-05   
3.4387E-04   -1.0338E-04   
2.7499E-04   -1.2244E-04   
2.0793E-04   -1.4055E-04   
1.3512E-04   -1.6627E-04   
6.4390E-05   -1.8867E-04   
9.6445E-04   -7.7021E-06   
8.9602E-04   -2.4072E-05   
8.5705E-04   -3.2587E-05   
8.0953E-04   -4.3856E-05   
7.3858E-04   -5.8217E-05   
6.8809E-04   -6.7791E-05   
6.3559E-04   -7.5636E-05   
5.7352E-04   -8.6062E-05   
5.1693E-04   -9.6261E-05   
4.5588E-04   -1.0481E-04   
3.9833E-04   -1.1471E-04   
3.2622E-04   -1.2784E-04   
2.5632E-04   -1.4991E-04   
1.9108E-04   -1.6572E-04   
1.2984E-04   -1.8564E-04   
6.3842E-05   -2.0148E-04   
9.4255E-04   -1.5759E-05   
9.0242E-04   -2.7746E-05   
8.5387E-04   -4.2085E-05   
8.0494E-04   -5.5904E-05   
7.3398E-04   -7.2465E-05   
6.7697E-04   -8.2815E-05   
6.1906E-04   -9.6091E-05   
5.6358E-04   -1.0805E-04   
4.9738E-04   -1.1708E-04   
4.4353E-04   -1.2499E-04   
3.8874E-04   -1.3900E-04   
3.1606E-04   -1.5625E-04   
2.4511E-04   -1.7441E-04   
1.8308E-04   -1.8990E-04   
1.1710E-04   -2.0581E-04   
6.1155E-05   -2.1600E-04   
9.5467E-04   -1.6678E-05   
9.0015E-04   -3.6774E-05   
8.5547E-04   -5.0480E-05   
7.8551E-04   -7.2483E-05   
7.2392E-04   -9.0880E-05   
6.6894E-04   -1.0202E-04   
6.0074E-04   -1.1693E-04   
5.4961E-04   -1.2781E-04   
4.8325E-04   -1.3841E-04   
4.2541E-04   -1.4963E-04   
3.5990E-04   -1.6409E-04   
3.0646E-04   -1.7763E-04   
2.4212E-04   -1.9423E-04   
1.7836E-04   -2.0918E-04   
1.1650E-04   -2.2284E-04   
5.4771E-05   -2.3265E-04   
9.4698E-04   -2.2490E-05   
8.8718E-04   -4.6835E-05   
8.4541E-04   -6.1850E-05   
7.6424E-04   -9.1188E-05   
7.1508E-04   -1.0564E-04   
6.5918E-04   -1.2137E-04   
5.9792E-04   -1.3343E-04   
5.3603E-04   -1.4712E-04   
4.6740E-04   -1.6260E-04   
4.1003E-04   -1.7440E-04   
3.5376E-04   -1.8596E-04   
2.9515E-04   -2.0016E-04   
2.3070E-04   -2.1815E-04   
1.7584E-04   -2.2853E-04   
1.1374E-04   -2.4140E-04   
5.6457E-05   -2.4888E-04   
9.5153E-04   -2.6741E-05   
9.0034E-04   -5.1597E-05   
8.3162E-04   -7.9803E-05   
7.7152E-04   -1.0488E-04   
7.0647E-04   -1.2042E-04   
6.4366E-04   -1.3672E-04   
5.8388E-04   -1.5218E-04   
5.2401E-04   -1.6655E-04   
4.6414E-04   -1.8060E-04   
3.9833E-04   -1.9296E-04   
3.4015E-04   -2.1103E-04   
2.7913E-04   -2.2315E-04   
2.2426E-04   -2.3437E-04   
1.6721E-04   -2.4778E-04   
1.0846E-04   -2.5988E-04   
6.0268E-05   -2.6477E-04   
9.3741E-04   -4.0578E-05   
8.7486E-04   -7.6554E-05   
8.2281E-04   -9.7076E-05   
7.4158E-04   -1.2696E-04   
6.9247E-04   -1.4148E-04   
6.2429E-04   -1.5989E-04   
5.6511E-04   -1.7570E-04   
5.1243E-04   -1.8535E-04   
4.4899E-04   -1.9936E-04   
3.8911E-04   -2.1622E-04   
3.3888E-04   -2.2655E-04   
2.7807E-04   -2.4141E-04   
2.1548E-04   -2.5586E-04   
1.5968E-04   -2.6713E-04   
1.0635E-04   -2.7679E-04   
4.7578E-05   -2.8631E-04   
1.6982E-05   -1.5783E-04   
3.4176E-05   -1.5752E-04   
5.1286E-05   -1.5691E-04   
6.8342E-05   -1.5606E-04   
8.5291E-05   -1.5495E-04   
1.0211E-04   -1.5357E-04   
1.1877E-04   -1.5193E-04   
1.5149E-04   -1.4794E-04   
1.6750E-04   -1.4560E-04   
1.8325E-04   -1.4304E-04   
1.9872E-04   -1.4025E-04   
2.1388E-04   -1.3724E-04   
2.2870E-04   -1.3402E-04   
2.4317E-04   -1.3059E-04   
2.7095E-04   -1.2313E-04   
2.8420E-04   -1.1912E-04   
2.9701E-04   -1.1494E-04   
3.0939E-04   -1.1058E-04   
3.2129E-04   -1.0607E-04   
3.3270E-04   -1.0140E-04   
3.4360E-04   -9.6574E-05   
3.6378E-04   -8.6535E-05   
3.7304E-04   -8.1324E-05   
3.8172E-04   -7.5993E-05   
3.8981E-04   -7.0551E-05   
3.9730E-04   -6.5006E-05   
4.0417E-04   -5.9368E-05   
4.1042E-04   -5.3644E-05   
4.2102E-04   -4.1966E-05   
4.2534E-04   -3.6019E-05   
4.2900E-04   -2.9998E-05   
4.3174E-04   -2.3928E-05   
4.3449E-04   -1.7968E-05   
4.3577E-04   -1.2065E-05   
4.3705E-04   -5.8577E-06   
4.3987E-04   -2.3408E-36   
4.4146E-04   -1.9657E-36   
4.4274E-04   -1.4985E-36   
4.4393E-04   -1.0015E-36   
4.4522E-04   -7.5484E-37   
4.4877E-04   -3.9839E-37   
4.5129E-04   -2.6878E-37   
4.5441E-04   -1.6325E-37   
4.5823E-04   -7.6509E-38   
4.6811E-04   5.6312E-38   
4.7425E-04   1.0739E-37   
4.8125E-04   1.5175E-37   
4.8912E-04   1.9318E-37   
5.0754E-04   2.6955E-37   
5.1813E-04   3.0458E-37   
5.4217E-04   3.7938E-37   
5.5563E-04   4.2065E-37   
5.8551E-04   6.0138E-37   
6.0195E-04   5.8086E-37   
6.3784E-04   8.4568E-37   
6.7782E-04   1.0793E-36   
6.9935E-04   1.2166E-36   
7.4543E-04   1.5151E-36   
7.9550E-04   1.9728E-36   
8.7779E-04   2.8685E-36   
9.3715E-04   3.3191E-36   
1.0000E-03   -1.2920E-35   
1.0000E-03   -1.2920E-35   
1.0000E-03   -1.2920E-35   
1.0000E-03   -1.2920E-35   
1.0000E-03   -1.2920E-35   
8.8569E-04   -7.5887E-05   
7.2103E-04   -1.4720E-04   
6.0909E-04   -1.7936E-04   
5.0105E-04   -2.0521E-04   
4.3118E-04   -2.2119E-04   
3.3064E-04   -2.4462E-04   
2.6725E-04   -2.5974E-04   
1.7866E-04   -2.8013E-04   
1.2404E-04   -2.9095E-04   
7.2573E-05   -2.9858E-04   
2.3789E-05   -3.0252E-04   
6.5489E-36   -2.9480E-04   
7.0493E-36   -2.7908E-04   
6.7846E-36   -2.6455E-04   
7.6821E-36   -2.5783E-04   
7.4643E-36   -2.4550E-04   
5.9508E-36   -2.3466E-04   
5.7773E-36   -2.2977E-04   
5.5865E-36   -2.2523E-04   
5.2445E-36   -2.1715E-04   
5.0897E-36   -2.1357E-04   
4.8113E-36   -2.0729E-04   
4.6845E-36   -2.0455E-04   
4.5615E-36   -2.0207E-04   
4.3473E-36   -1.9779E-04   
4.2554E-36   -1.9596E-04   
4.1735E-36   -1.9429E-04   
4.1023E-36   -1.9279E-04   
3.9948E-36   -1.9013E-04   
3.9590E-36   -1.8892E-04   
3.9364E-36   -1.8775E-04   
3.9279E-36   -1.8658E-04   
3.9344E-36   -1.8537E-04   
3.9950E-36   -1.8265E-04   
4.0495E-36   -1.8103E-04   
4.1217E-36   -1.7915E-04   
4.2130E-36   -1.7696E-04   
4.3541E-36   -1.7440E-04   
5.2954E-36   -1.7127E-04   
5.4019E-36   -1.6762E-04   
5.1952E-36   -1.6279E-04   
1.8308E-04   -1.4145E-04   
2.8268E-04   -1.1234E-04   
3.1998E-04   -9.7650E-05   
2.1294E-04   -1.3408E-04   
4.0580E-04   -5.0438E-05   
1.3675E-04   -1.5071E-04   
5.6434E-05   -1.6053E-04   
3.8242E-04   -6.6437E-05   
4.2768E-04   -2.8965E-05   
3.5367E-04   -8.2268E-05   
2.4180E-04   -1.2588E-04   
4.1811E-04   -3.9728E-05   
2.5581E-04   -1.2152E-04   
1.2098E-04   -1.5327E-04   
3.4301E-04   -8.7471E-05   
3.9084E-04   -6.1116E-05   
4.3825E-04   -8.1016E-06   
2.1729E-05   -1.6237E-04   
1.0508E-04   -1.5554E-04   
2.9544E-04   -1.0754E-04   
3.0777E-04   -1.0263E-04   
4.1229E-04   -4.5088E-05   
7.2836E-05   -1.5918E-04   
4.3145E-04   -2.3495E-05   
3.9339E-05   -1.6169E-04   
8.9044E-05   -1.5751E-04   
3.9864E-04   -5.5784E-05   
4.2324E-04   -3.4352E-05   
1.5238E-04   -1.4788E-04   
3.7340E-04   -7.1743E-05   
3.6381E-04   -7.7026E-05   
2.2752E-04   -1.3007E-04   
1.6784E-04   -1.4479E-04   
1.9813E-04   -1.3788E-04   
2.6946E-04   -1.1701E-04   
3.3175E-04   -9.2600E-05   
1.2557E-05   -1.7267E-04   
1.1941E-05   -1.7549E-04   
1.1499E-05   -1.7788E-04   
1.1092E-05   -1.7990E-04   
1.0777E-05   -1.8163E-04   
1.0584E-05   -1.8314E-04   
1.0478E-05   -1.8448E-04   
1.0433E-05   -1.8572E-04   
1.0439E-05   -1.8689E-04   
4.4154E-04   -3.9077E-06   
1.0489E-05   -1.8805E-04   
4.4269E-04   -3.0852E-06   
1.0583E-05   -1.8924E-04   
4.4386E-04   -2.4905E-06   
1.0720E-05   -1.9047E-04   
4.4526E-04   -2.0473E-06   
1.0897E-05   -1.9180E-04   
4.4702E-04   -1.7398E-06   
1.1110E-05   -1.9324E-04   
4.4927E-04   -1.5383E-06   
1.1359E-05   -1.9482E-04   
4.5210E-04   -1.4252E-06   
1.1640E-05   -1.9657E-04   
4.5558E-04   -1.3838E-06   
1.1951E-05   -1.9851E-04   
4.5978E-04   -1.3977E-06   
1.2292E-05   -2.0065E-04   
4.6474E-04   -1.4538E-06   
1.2648E-05   -2.0301E-04   
4.7051E-04   -1.5472E-06   
1.3012E-05   -2.0561E-04   
4.7712E-04   -1.6702E-06   
1.3423E-05   -2.0848E-04   
4.8460E-04   -1.8133E-06   
1.3896E-05   -2.1162E-04   
4.9296E-04   -1.9688E-06   
1.4394E-05   -2.1506E-04   
5.0222E-04   -2.1181E-06   
1.4899E-05   -2.1879E-04   
5.1232E-04   -2.2898E-06   
1.5410E-05   -2.2283E-04   
5.2328E-04   -2.4758E-06   
1.5908E-05   -2.2716E-04   
5.3513E-04   -2.6925E-06   
1.6581E-05   -2.3178E-04   
5.4802E-04   -2.8886E-06   
1.7377E-05   -2.3676E-04   
5.6195E-04   -3.0303E-06   
1.7801E-05   -2.4213E-04   
5.7690E-04   -3.1642E-06   
1.8241E-05   -2.4784E-04   
5.9299E-04   -3.2972E-06   
1.9532E-05   -2.5396E-04   
6.1028E-04   -3.3573E-06   
2.0292E-05   -2.6066E-04   
6.2817E-04   -3.2846E-06   
2.0428E-05   -2.6774E-04   
6.4673E-04   -3.3989E-06   
2.1213E-05   -2.7511E-04   
6.6665E-04   -3.4401E-06   
2.2461E-05   -2.8305E-04   
2.2729E-04   -1.2571E-04   
3.5436E-04   -7.3640E-05   
3.9255E-04   -5.2712E-05   
1.6868E-04   -1.4322E-04   
4.3726E-04   -1.1878E-05   
4.5629E-05   -1.6471E-04   
2.9428E-04   -1.0029E-04   
4.3005E-04   -2.2990E-05   
7.7003E-05   -1.6139E-04   
1.2335E-04   -1.5369E-04   
1.0806E-04   -1.5658E-04   
3.3185E-04   -8.4321E-05   
2.5544E-04   -1.1590E-04   
4.1451E-04   -3.7657E-05   
4.2041E-04   -3.2743E-05   
2.6895E-04   -1.1082E-04   
3.1962E-04   -8.9606E-05   
4.0056E-04   -4.7636E-05   
3.8390E-04   -5.7854E-05   
1.8356E-04   -1.3917E-04   
1.3857E-04   -1.5049E-04   
2.8046E-05   -1.6639E-04   
1.9830E-04   -1.3489E-04   
2.8176E-04   -1.0559E-04   
3.0700E-04   -9.4908E-05   
4.0789E-04   -4.2619E-05   
4.2557E-04   -2.7858E-05   
2.1289E-04   -1.3040E-04   
3.6478E-04   -6.8326E-05   
9.2597E-05   -1.5915E-04   
1.5369E-04   -1.4699E-04   
3.7463E-04   -6.3063E-05   
4.3392E-04   -1.7956E-05   
6.1220E-05   -1.6324E-04   
3.4339E-04   -7.8996E-05   
2.4151E-04   -1.2088E-04   
1.3088E-05   -1.6928E-04   
2.5019E-05   -1.7322E-04   
2.3882E-05   -1.7597E-04   
2.2860E-05   -1.7816E-04   
2.1926E-05   -1.8003E-04   
2.1345E-05   -1.8162E-04   
2.1032E-05   -1.8301E-04   
2.0886E-05   -1.8427E-04   
4.4016E-04   -5.3129E-06   
2.0856E-05   -1.8545E-04   
2.0920E-05   -1.8660E-04   
4.4028E-04   -6.7653E-06   
2.1072E-05   -1.8775E-04   
4.4122E-04   -5.5513E-06   
2.1310E-05   -1.8895E-04   
4.4243E-04   -4.5090E-06   
2.1630E-05   -1.9022E-04   
4.4397E-04   -3.7802E-06   
2.2025E-05   -1.9160E-04   
4.4595E-04   -3.2945E-06   
2.2480E-05   -1.9310E-04   
4.4849E-04   -2.9921E-06   
2.3058E-05   -1.9475E-04   
4.5166E-04   -2.8476E-06   
2.3742E-05   -1.9658E-04   
4.5553E-04   -2.8300E-06   
2.4392E-05   -1.9862E-04   
4.6014E-04   -2.9079E-06   
2.4994E-05   -2.0088E-04   
4.6558E-04   -3.0573E-06   
2.5633E-05   -2.0335E-04   
4.7188E-04   -3.2783E-06   
2.6386E-05   -2.0607E-04   
4.7899E-04   -3.5558E-06   
2.7278E-05   -2.0906E-04   
4.8699E-04   -3.8705E-06   
2.8272E-05   -2.1234E-04   
4.9600E-04   -4.1527E-06   
2.9306E-05   -2.1593E-04   
5.0570E-04   -4.3780E-06   
3.0333E-05   -2.1982E-04   
5.1585E-04   -4.7825E-06   
3.1176E-05   -2.2401E-04   
5.2698E-04   -5.1486E-06   
3.1795E-05   -2.2839E-04   
5.3912E-04   -5.6700E-06   
3.3739E-05   -2.3292E-04   
5.5259E-04   -5.9884E-06   
3.5474E-05   -2.3807E-04   
5.6710E-04   -6.1976E-06   
3.5459E-05   -2.4368E-04   
5.8262E-04   -6.5045E-06   
3.7058E-05   -2.4924E-04   
5.9988E-04   -6.7179E-06   
4.2248E-05   -2.5553E-04   
6.1843E-04   -6.7064E-06   
4.0692E-05   -2.6306E-04   
6.3546E-04   -6.2241E-06   
4.1420E-05   -2.7015E-04   
6.5371E-04   -7.4596E-06   
4.3527E-05   -2.7756E-04   
6.8766E-04   -3.6255E-06   
2.9428E-04   -9.3349E-05   
3.0781E-04   -8.7521E-05   
2.5607E-04   -1.1034E-04   
3.2064E-04   -8.2053E-05   
2.4222E-04   -1.1571E-04   
1.1111E-04   -1.5681E-04   
1.2594E-04   -1.5334E-04   
1.4073E-04   -1.4953E-04   
1.5544E-04   -1.4542E-04   
1.7010E-04   -1.4101E-04   
9.6023E-05   -1.5999E-04   
1.8470E-04   -1.3634E-04   
2.2806E-04   -1.2107E-04   
3.3301E-04   -7.6641E-05   
1.9924E-04   -1.3143E-04   
2.1372E-04   -1.2633E-04   
8.0482E-05   -1.6290E-04   
3.4476E-04   -7.1161E-05   
4.1036E-04   -3.5795E-05   
4.1701E-04   -3.1218E-05   
4.2282E-04   -2.6773E-05   
4.0295E-04   -4.0485E-05   
6.4987E-05   -1.6536E-04   
3.5594E-04   -6.5735E-05   
3.9484E-04   -4.5279E-05   
3.7661E-04   -5.5233E-05   
3.6656E-04   -6.0423E-05   
3.8605E-04   -5.0196E-05   
5.0405E-05   -1.6690E-04   
3.7954E-05   -1.6805E-04   
4.2786E-04   -2.2362E-05   
4.3230E-04   -1.7877E-05   
4.3615E-04   -1.3289E-05   
2.6045E-05   -1.7040E-04   
3.5990E-05   -1.7565E-04   
3.3747E-05   -1.7782E-04   
3.2428E-05   -1.7955E-04   
3.1738E-05   -1.8100E-04   
3.1402E-05   -1.8228E-04   
3.1286E-05   -1.8345E-04   
4.3918E-04   -8.4387E-06   
3.1328E-05   -1.8457E-04   
3.1506E-05   -1.8570E-04   
4.3722E-04   -9.6164E-06   
3.1811E-05   -1.8685E-04   
4.3842E-04   -7.5514E-06   
3.2241E-05   -1.8806E-04   
4.3973E-04   -6.2454E-06   
3.2787E-05   -1.8937E-04   
4.4144E-04   -5.3713E-06   
3.3406E-05   -1.9081E-04   
4.4368E-04   -4.8161E-06   
3.4235E-05   -1.9234E-04   
4.4658E-04   -4.4827E-06   
3.5564E-05   -1.9399E-04   
4.5013E-04   -4.3795E-06   
3.6591E-05   -1.9593E-04   
4.5435E-04   -4.4511E-06   
3.7199E-05   -1.9815E-04   
4.5945E-04   -4.6250E-06   
3.8019E-05   -2.0051E-04   
4.6549E-04   -4.8900E-06   
3.8908E-05   -2.0311E-04   
4.7223E-04   -5.2855E-06   
4.0096E-05   -2.0592E-04   
4.7983E-04   -5.7653E-06   
4.1685E-05   -2.0900E-04   
4.8864E-04   -6.2209E-06   
4.3307E-05   -2.1244E-04   
4.9867E-04   -6.5537E-06   
4.4868E-05   -2.1621E-04   
5.0823E-04   -6.5548E-06   
4.6182E-05   -2.2035E-04   
5.1753E-04   -7.8006E-06   
4.6619E-05   -2.2482E-04   
4.5738E-05   -2.2902E-04   
5.3526E-05   -2.3938E-04   
5.7059E-04   -9.6256E-06   
5.9662E-05   -2.5847E-04   
6.2218E-05   -2.7138E-04   
6.0657E-04   -1.0361E-05   
7.1079E-04   -3.8878E-06   
4.2511E-04   -2.1818E-05   
4.3001E-04   -1.7733E-05   
4.3449E-04   -1.3580E-05   
2.6970E-04   -9.9925E-05   
2.5785E-04   -1.0468E-04   
9.9529E-05   -1.6013E-04   
8.4136E-05   -1.6371E-04   
1.5767E-04   -1.4328E-04   
1.1431E-04   -1.5636E-04   
1.7209E-04   -1.3830E-04   
1.2884E-04   -1.5231E-04   
2.4399E-04   -1.1042E-04   
3.2296E-04   -7.5304E-05   
1.4327E-04   -1.4795E-04   
4.0580E-04   -3.4181E-05   
3.9763E-04   -3.8713E-05   
1.8653E-04   -1.3305E-04   
2.0098E-04   -1.2759E-04   
3.6905E-04   -5.3264E-05   
3.7922E-04   -4.8235E-05   
4.1327E-04   -2.9770E-05   
6.8113E-05   -1.6695E-04   
4.1968E-04   -2.5737E-05   
2.2978E-04   -1.1621E-04   
3.5829E-04   -5.8517E-05   
2.1543E-04   -1.2196E-04   
3.8876E-04   -4.3393E-05   
3.3516E-04   -6.9572E-05   
3.4697E-04   -6.3969E-05   
4.6296E-05   -1.7509E-04   
4.3817E-05   -1.7699E-04   
4.2625E-05   -1.7849E-04   
4.2016E-05   -1.7978E-04   
4.1758E-05   -1.8093E-04   
4.1741E-05   -1.8202E-04   
4.1917E-05   -1.8310E-04   
4.2261E-05   -1.8420E-04   
4.3767E-04   -1.0256E-05   
4.3341E-04   -1.1231E-05   
4.2764E-05   -1.8536E-04   
4.3441E-04   -9.2897E-06   
4.3428E-05   -1.8660E-04   
4.3589E-04   -7.8724E-06   
4.4211E-05   -1.8795E-04   
4.3780E-04   -6.9764E-06   
4.5115E-05   -1.8940E-04   
4.4033E-04   -6.4489E-06   
4.6365E-05   -1.9090E-04   
4.4377E-04   -6.1005E-06   
4.9792E-05   -1.9233E-04   
4.4749E-04   -6.1477E-06   
4.9279E-05   -1.9483E-04   
4.5202E-04   -6.3564E-06   
5.0293E-05   -1.9711E-04   
4.5795E-04   -6.6334E-06   
5.1297E-05   -1.9967E-04   
4.6453E-04   -6.9955E-06   
5.4323E-05   -2.0514E-04   
6.1716E-05   -2.2598E-04   
4.7960E-04   -8.3946E-06   
5.7076E-05   -2.0825E-04   
5.9165E-05   -2.1195E-04   
6.2837E-05   -2.2060E-04   
5.2993E-04   -7.6988E-06   
5.5725E-04   -8.8443E-06   
5.7352E-04   -1.3537E-05   
4.8986E-04   -8.9855E-06   
8.2320E-05   -2.6490E-04   
5.9195E-04   -1.4015E-05   
6.2335E-05   -2.5308E-04   
5.1309E-04   -1.0992E-05   
7.4036E-05   -2.3451E-04   
4.3205E-04   -1.3935E-05   
4.2683E-04   -1.7940E-05   
4.2209E-04   -2.1553E-05   
3.0173E-04   -7.9889E-05   
2.9679E-04   -8.6276E-05   
3.1296E-04   -7.4542E-05   
2.4730E-04   -1.0502E-04   
4.0909E-04   -2.8594E-05   
1.0369E-04   -1.5947E-04   
4.1660E-04   -2.4395E-05   
8.8562E-05   -1.6362E-04   
7.2843E-05   -1.6747E-04   
1.1814E-04   -1.5516E-04   
1.6040E-04   -1.4066E-04   
1.4623E-04   -1.4586E-04   
2.3256E-04   -1.1119E-04   
1.3224E-04   -1.5066E-04   
1.7469E-04   -1.3516E-04   
3.2554E-04   -6.8761E-05   
3.7216E-04   -4.6842E-05   
4.0082E-04   -3.2934E-05   
1.8907E-04   -1.2940E-04   
3.8238E-04   -4.2000E-05   
3.9194E-04   -3.7380E-05   
3.6130E-04   -5.1958E-05   
2.0353E-04   -1.2345E-04   
2.1804E-04   -1.1736E-04   
3.4987E-04   -5.7342E-05   
3.3792E-04   -6.2970E-05   
4.5838E-05   -1.7151E-04   
5.5004E-05   -1.7413E-04   
5.3567E-05   -1.7559E-04   
5.2710E-05   -1.7684E-04   
5.2280E-05   -1.7795E-04   
5.2175E-05   -1.7899E-04   
5.2327E-05   -1.8001E-04   
5.2686E-05   -1.8104E-04   
5.3237E-05   -1.8213E-04   
4.2761E-04   -1.3325E-05   
5.3991E-05   -1.8329E-04   
4.2945E-04   -1.0892E-05   
5.4938E-05   -1.8455E-04   
5.5936E-05   -1.8595E-04   
4.3107E-04   -9.5380E-06   
4.3307E-04   -8.7525E-06   
5.6644E-05   -1.8754E-04   
4.3567E-04   -8.4391E-06   
5.9868E-05   -1.9155E-04   
4.4262E-04   -8.4892E-06   
6.2295E-05   -1.9315E-04   
4.5599E-04   -8.9843E-06   
4.4909E-04   -8.6481E-06   
6.4326E-05   -1.9557E-04   
7.1247E-05   -2.0301E-04   
5.2142E-05   -2.0243E-04   
7.3549E-05   -2.0696E-04   
7.6305E-05   -2.1086E-04   
7.6919E-05   -2.5410E-04   
7.5799E-05   -2.4822E-04   
7.9311E-05   -2.1517E-04   
4.7877E-04   -1.1564E-05   
5.2506E-04   -1.0374E-05   
5.0209E-04   -1.3344E-05   
5.5462E-04   -1.2684E-05   
4.8998E-04   -1.2295E-05   
4.7139E-04   -7.6813E-06   
8.3103E-05   -2.2036E-04   
7.0777E-05   -2.4210E-04   
7.7935E-05   -2.2759E-04   
6.1108E-04   -1.4380E-05   
7.8669E-05   -2.7195E-04   
7.4490E-05   -2.5975E-04   
5.7653E-04   -1.7764E-05   
2.8762E-04   -8.3929E-05   
4.2851E-04   -1.4869E-05   
4.1255E-04   -2.3667E-05   
1.0885E-04   -1.5792E-04   
4.0415E-04   -2.7917E-05   
9.4500E-05   -1.6248E-04   
6.5330E-05   -1.7020E-04   
2.3640E-04   -1.0588E-04   
1.4959E-04   -1.4332E-04   
1.3582E-04   -1.4860E-04   
1.2247E-04   -1.5339E-04   
3.1586E-04   -6.9050E-05   
1.6367E-04   -1.3765E-04   
3.7577E-04   -4.1110E-05   
1.7793E-04   -1.3168E-04   
3.8593E-04   -3.6494E-05   
3.9535E-04   -3.2124E-05   
3.6490E-04   -4.6045E-05   
1.9235E-04   -1.2547E-04   
2.2152E-04   -1.1255E-04   
3.2878E-04   -6.2794E-05   
3.5340E-04   -5.1310E-05   
2.0689E-04   -1.1908E-04   
3.4133E-04   -5.6906E-05   
6.6037E-05   -1.7102E-04   
6.4718E-05   -1.7229E-04   
2.6877E-04   -9.1971E-05   
6.3630E-05   -1.7348E-04   
2.5195E-04   -9.8991E-05   
6.2919E-05   -1.7456E-04   
6.2655E-05   -1.7554E-04   
6.2745E-05   -1.7647E-04   
6.3104E-05   -1.7742E-04   
6.3700E-05   -1.7842E-04   
6.4528E-05   -1.7949E-04   
7.3831E-05   -1.8833E-04   
4.2257E-04   -1.4220E-05   
6.5598E-05   -1.8065E-04   
6.6882E-05   -1.8194E-04   
4.2385E-04   -1.2504E-05   
6.8179E-05   -1.8348E-04   
4.2529E-04   -1.1419E-05   
4.2706E-04   -1.0894E-05   
5.6939E-05   -1.8911E-04   
4.3919E-04   -1.0992E-05   
7.7036E-05   -1.9068E-04   
7.6852E-05   -1.9812E-04   
5.1816E-04   -1.4339E-05   
4.8841E-04   -1.6131E-05   
4.5460E-04   -1.1966E-05   
9.1002E-05   -2.0508E-04   
4.4588E-04   -1.1370E-05   
9.5186E-05   -2.0889E-04   
6.4822E-05   -1.9858E-04   
9.2735E-05   -2.5620E-04   
9.8511E-05   -2.1324E-04   
5.3608E-04   -1.3979E-05   
9.5380E-05   -2.2897E-04   
9.2295E-05   -2.3585E-04   
4.6784E-04   -1.0874E-05   
9.5135E-05   -2.4866E-04   
8.7722E-05   -2.0151E-04   
4.7733E-04   -1.5176E-05   
5.9539E-04   -1.8220E-05   
5.5887E-04   -1.7053E-05   
4.1478E-04   -1.9974E-05   
4.0699E-04   -2.3829E-05   
4.2155E-04   -1.8666E-05   
8.7663E-05   -1.6490E-04   
1.1465E-04   -1.5581E-04   
3.0552E-04   -6.9952E-05   
1.3956E-04   -1.4620E-04   
3.9857E-04   -2.7737E-05   
1.2606E-04   -1.5154E-04   
1.5340E-04   -1.4044E-04   
5.3260E-05   -1.7175E-04   
1.6750E-04   -1.3433E-04   
2.2592E-04   -1.0755E-04   
3.6897E-04   -4.0749E-05   
3.8947E-04   -3.1813E-05   
3.7962E-04   -3.6122E-05   
3.1940E-04   -6.3347E-05   
1.8183E-04   -1.2792E-04   
3.5747E-04   -4.5841E-05   
1.9635E-04   -1.2129E-04   
2.1105E-04   -1.1449E-04   
3.3263E-04   -5.7148E-05   
3.4533E-04   -5.1322E-05   
2.4144E-04   -1.0034E-04   
7.6575E-05   -1.6852E-04   
7.5179E-05   -1.6965E-04   
7.3823E-05   -1.7078E-04   
7.8515E-05   -1.6714E-04   
7.3246E-05   -1.7171E-04   
2.5764E-04   -9.2909E-05   
2.7448E-04   -8.5175E-05   
7.3206E-05   -1.7256E-04   
4.2062E-04   -1.6569E-05   
2.9067E-04   -7.7360E-05   
7.3540E-05   -1.7339E-04   
7.4173E-05   -1.7428E-04   
7.6240E-05   -1.7628E-04   
4.1660E-04   -1.5746E-05   
7.7802E-05   -1.7741E-04   
7.9975E-05   -1.7863E-04   
4.1710E-04   -1.4520E-05   
4.1842E-04   -1.3667E-05   
7.8317E-05   -1.8431E-04   
8.0975E-05   -1.9337E-04   
4.3432E-04   -1.4002E-05   
4.6716E-04   -1.4358E-05   
1.0944E-04   -2.0212E-04   
6.7774E-05   -1.8570E-04   
5.0027E-04   -1.7349E-05   
8.8679E-05   -1.8547E-04   
4.7448E-04   -1.9225E-05   
8.6113E-05   -1.9843E-04   
1.1279E-04   -2.3016E-04   
1.0412E-04   -1.9898E-04   
1.0298E-04   -2.1660E-04   
4.5869E-04   -1.3958E-05   
5.4417E-04   -1.6534E-05   
4.4113E-04   -1.4730E-05   
9.9290E-05   -2.2210E-04   
9.2691E-05   -2.4224E-04   
5.6034E-04   -2.1596E-05   
6.1281E-04   -1.8312E-05   
9.7242E-05   -2.6920E-04   
1.1868E-04   -2.4932E-04   
5.3008E-04   -1.1975E-05   
4.0124E-04   -2.4286E-05   
1.1522E-04   -1.5527E-04   
2.3123E-04   -1.0239E-04   
1.3010E-04   -1.4930E-04   
1.4384E-04   -1.4345E-04   
3.9266E-04   -2.8073E-05   
1.5774E-04   -1.3726E-04   
3.0983E-04   -6.4635E-05   
3.7341E-04   -3.6107E-05   
3.8357E-04   -3.1939E-05   
1.7193E-04   -1.3074E-04   
3.6205E-04   -4.0926E-05   
2.1596E-04   -1.0976E-04   
1.8639E-04   -1.2393E-04   
3.2377E-04   -5.8081E-05   
2.0108E-04   -1.1692E-04   
3.4990E-04   -4.6228E-05   
3.3711E-04   -5.1963E-05   
8.8691E-05   -1.6498E-04   
8.4989E-05   -1.6670E-04   
4.1591E-04   -1.7454E-05   
8.4012E-05   -1.6758E-04   
2.7961E-04   -7.9217E-05   
2.4715E-04   -9.4773E-05   
2.9512E-04   -7.1701E-05   
8.3812E-05   -1.6830E-04   
8.4048E-05   -1.6901E-04   
2.6341E-04   -8.7004E-05   
8.4683E-05   -1.6976E-04   
8.5652E-05   -1.7057E-04   
8.6911E-05   -1.7148E-04   
4.2016E-04   -1.3357E-05   
8.8609E-05   -1.7245E-04   
8.2868E-05   -1.8020E-04   
9.1054E-05   -1.7340E-04   
4.0805E-04   -1.8360E-05   
4.5510E-04   -1.7192E-05   
4.0921E-04   -1.6970E-05   
9.2561E-05   -1.8741E-04   
9.4456E-05   -1.9324E-04   
4.2843E-04   -1.3602E-05   
8.7063E-05   -1.8344E-04   
4.4784E-04   -1.5979E-05   
1.1941E-04   -1.9607E-04   
1.2054E-04   -2.1530E-04   
1.0024E-04   -1.9583E-04   
1.1418E-04   -2.1169E-04   
4.2805E-04   -1.7705E-05   
5.2714E-04   -1.8814E-05   
1.3441E-04   -2.2372E-04   
5.4366E-04   -2.0570E-05   
1.0835E-04   -2.3650E-04   
5.6099E-04   -2.6599E-05   
1.2169E-04   -2.6502E-04   
6.0090E-04   -2.2997E-05   
6.2993E-04   -1.5514E-05   
1.3547E-04   -2.5452E-04   
5.1029E-04   -1.9195E-05   
4.0377E-04   -2.1438E-05   
1.0143E-04   -1.6041E-04   
1.2223E-04   -1.5209E-04   
1.3517E-04   -1.4649E-04   
2.2155E-04   -1.0493E-04   
1.4867E-04   -1.4037E-04   
3.8729E-04   -2.8742E-05   
3.7859E-04   -3.1908E-05   
1.6264E-04   -1.3383E-04   
9.4851E-05   -1.6301E-04   
3.6729E-04   -3.6442E-05   
3.1484E-04   -5.9604E-05   
1.7698E-04   -1.2692E-04   
2.0645E-04   -1.1243E-04   
3.5506E-04   -4.1578E-05   
1.9162E-04   -1.1976E-04   
3.2881E-04   -5.3158E-05   
3.4221E-04   -4.7154E-05   
9.4731E-05   -1.6329E-04   
2.3720E-04   -9.7204E-05   
2.8506E-04   -7.3804E-05   
3.0024E-04   -6.6505E-05   
9.4709E-05   -1.6371E-04   
2.6926E-04   -8.1482E-05   
9.4678E-05   -1.6433E-04   
9.5256E-05   -1.6492E-04   
2.5320E-04   -8.9337E-05   
4.1076E-04   -1.8618E-05   
9.9369E-05   -1.6713E-04   
9.6273E-05   -1.6556E-04   
4.1047E-04   -1.6360E-05   
9.7644E-05   -1.6629E-04   
4.2830E-04   -1.1026E-05   
9.4704E-05   -1.7868E-04   
9.4329E-05   -1.7434E-04   
1.0010E-04   -1.7991E-04   
1.0176E-04   -1.6794E-04   
3.9960E-04   -2.0744E-05   
4.3466E-04   -1.8778E-05   
4.2199E-04   -1.7021E-05   
1.0183E-04   -1.8225E-04   
1.1705E-04   -1.9264E-04   
1.3207E-04   -2.0713E-04   
5.4381E-04   -2.5544E-05   
4.4176E-04   -2.0088E-05   
1.1221E-04   -1.8962E-04   
4.9618E-04   -2.1860E-05   
1.3851E-04   -2.1600E-04   
5.0894E-04   -2.4039E-05   
1.3046E-04   -2.3234E-04   
9.7086E-05   -1.8898E-04   
5.7981E-04   -2.7533E-05   
4.6408E-04   -1.8202E-05   
6.4991E-04   -1.2408E-05   
1.4835E-04   -2.4407E-04   
1.0414E-04   -1.5943E-04   
3.9489E-04   -2.5247E-05   
1.2760E-04   -1.4940E-04   
1.4058E-04   -1.4345E-04   
1.5412E-04   -1.3702E-04   
2.1239E-04   -1.0787E-04   
3.8625E-04   -2.7325E-05   
1.1172E-04   -1.5639E-04   
3.7339E-04   -3.2214E-05   
2.2778E-04   -1.0008E-04   
1.6821E-04   -1.3012E-04   
3.6077E-04   -3.7332E-05   
1.8273E-04   -1.2288E-04   
1.9748E-04   -1.1544E-04   
3.2045E-04   -5.4880E-05   
3.4787E-04   -4.2722E-05   
3.3442E-04   -4.8557E-05   
1.0693E-04   -1.5841E-04   
2.7542E-04   -7.6326E-05   
3.0593E-04   -6.1649E-05   
2.9090E-04   -6.8809E-05   
4.2350E-04   -1.3292E-05   
1.0549E-04   -1.5940E-04   
2.4356E-04   -9.2123E-05   
1.0595E-04   -1.5982E-04   
2.5952E-04   -8.4155E-05   
4.0049E-04   -1.9834E-05   
1.1016E-04   -1.6148E-04   
1.0697E-04   -1.6026E-04   
1.1245E-04   -1.6220E-04   
1.0838E-04   -1.6080E-04   
1.1815E-04   -1.7506E-04   
3.9741E-04   -2.2672E-05   
4.1191E-04   -1.6334E-05   
1.0488E-04   -1.6872E-04   
4.4089E-04   -7.6925E-06   
1.2451E-04   -1.8222E-04   
4.1679E-04   -1.6687E-05   
4.5964E-04   -2.2647E-05   
4.4992E-04   -2.1388E-05   
4.2736E-04   -2.3324E-05   
4.2062E-04   -2.2049E-05   
4.8889E-04   -2.6858E-05   
4.1450E-04   -2.1081E-05   
1.0759E-04   -1.8748E-04   
1.3707E-04   -1.8905E-04   
9.7673E-05   -1.7517E-04   
1.1041E-04   -1.7399E-04   
1.4223E-04   -1.9894E-04   
5.1365E-04   -2.8410E-05   
1.4207E-04   -2.0942E-04   
1.1003E-04   -1.8284E-04   
5.6122E-04   -3.2016E-05   
1.3716E-04   -2.3907E-04   
6.7491E-04   -6.5307E-06   
1.5618E-04   -2.1626E-04   
6.4851E-04   -1.7076E-05   
5.4361E-04   -3.0931E-05   
4.8555E-04   -2.0269E-05   
1.5317E-04   -2.2372E-04   
1.1537E-04   -1.5476E-04   
1.3367E-04   -1.4634E-04   
1.4657E-04   -1.4017E-04   
2.1887E-04   -1.0331E-04   
3.7995E-04   -2.8171E-05   
1.6013E-04   -1.3345E-04   
2.0385E-04   -1.1107E-04   
3.6667E-04   -3.3560E-05   
1.7448E-04   -1.2618E-04   
1.8911E-04   -1.1868E-04   
3.5411E-04   -3.8670E-05   
2.8189E-04   -7.1535E-05   
3.2651E-04   -5.0511E-05   
3.4070E-04   -4.4268E-05   
3.1195E-04   -5.7207E-05   
1.1545E-04   -1.5483E-04   
2.9712E-04   -6.4192E-05   
3.9084E-04   -2.4362E-05   
2.3440E-04   -9.5320E-05   
2.6616E-04   -7.9272E-05   
1.1676E-04   -1.5454E-04   
2.5024E-04   -8.7253E-05   
1.1785E-04   -1.5470E-04   
1.2329E-04   -1.5613E-04   
1.2103E-04   -1.5553E-04   
3.9044E-04   -2.3694E-05   
1.1923E-04   -1.5505E-04   
4.0142E-04   -1.9564E-05   
4.3379E-04   -1.1088E-05   
1.1504E-04   -1.6305E-04   
4.0913E-04   -2.0451E-05   
4.1229E-04   -2.6979E-05   
1.0640E-04   -1.7305E-04   
4.1210E-04   -1.7096E-05   
4.0603E-04   -2.5784E-05   
4.1905E-04   -2.8519E-05   
1.4045E-04   -1.7927E-04   
4.7096E-04   -2.3703E-05   
4.4362E-04   -2.6345E-05   
1.0968E-04   -1.6932E-04   
4.6915E-04   -2.9111E-05   
1.5736E-04   -2.0068E-04   
1.2989E-04   -1.9704E-04   
1.4898E-04   -1.8040E-04   
1.2966E-04   -1.7544E-04   
5.4296E-04   -3.6743E-05   
5.7946E-04   -3.3075E-05   
1.6239E-04   -2.0728E-04   
1.5455E-04   -2.3039E-04   
6.6538E-04   -1.4208E-05   
1.7064E-04   -2.1669E-04   
1.2102E-04   -1.5221E-04   
1.4051E-04   -1.4294E-04   
2.1059E-04   -1.0677E-04   
1.5238E-04   -1.3700E-04   
3.7111E-04   -3.1028E-05   
2.2574E-04   -9.8850E-05   
1.6663E-04   -1.2972E-04   
1.9584E-04   -1.1450E-04   
3.6054E-04   -3.5166E-05   
2.8864E-04   -6.7144E-05   
1.8117E-04   -1.2217E-04   
2.7314E-04   -7.4709E-05   
1.2827E-04   -1.4887E-04   
3.4800E-04   -4.0288E-05   
3.1804E-04   -5.3325E-05   
3.0354E-04   -6.0050E-05   
1.2938E-04   -1.4873E-04   
2.5727E-04   -8.2643E-05   
2.4138E-04   -9.0749E-05   
3.9078E-04   -2.3221E-05   
4.0489E-04   -2.0136E-05   
1.3425E-04   -1.4978E-04   
1.3034E-04   -1.4903E-04   
1.1903E-04   -1.6810E-04   
1.3201E-04   -1.4935E-04   
4.0250E-04   -1.9846E-05   
1.2584E-04   -1.5692E-04   
1.5706E-04   -1.7305E-04   
3.9672E-04   -3.1109E-05   
1.1714E-04   -1.6414E-04   
4.0296E-04   -3.2581E-05   
4.0037E-04   -2.4925E-05   
4.2669E-04   -3.0346E-05   
1.4331E-04   -1.7416E-04   
1.9242E-04   -2.1182E-04   
1.6101E-04   -1.8123E-04   
4.7902E-04   -3.2603E-05   
4.5462E-04   -2.7813E-05   
5.7916E-04   -3.8719E-05   
1.3579E-04   -1.6955E-04   
1.7355E-04   -2.2183E-04   
5.2549E-04   -3.5531E-05   
5.9808E-04   -2.8800E-05   
1.7748E-04   -1.9799E-04   
1.5489E-04   -1.8931E-04   
1.6305E-04   -1.9273E-04   
5.4182E-04   -4.3049E-05   
3.8012E-04   -2.7276E-05   
2.1764E-04   -1.0262E-04   
2.0287E-04   -1.1043E-04   
1.4314E-04   -1.4166E-04   
3.4381E-04   -4.1622E-05   
3.9249E-04   -2.3855E-05   
1.5891E-04   -1.3360E-04   
2.8047E-04   -7.0502E-05   
3.6796E-04   -3.1778E-05   
2.9566E-04   -6.3187E-05   
3.5484E-04   -3.7041E-05   
1.7352E-04   -1.2596E-04   
2.6469E-04   -7.8316E-05   
2.3295E-04   -9.4581E-05   
2.4872E-04   -8.6414E-05   
1.4193E-04   -1.4275E-04   
3.2264E-04   -5.0791E-05   
3.1013E-04   -5.6433E-05   
1.4527E-04   -1.4326E-04   
1.4314E-04   -1.4303E-04   
1.2784E-04   -1.5834E-04   
1.3688E-04   -1.5041E-04   
3.9132E-04   -2.3324E-05   
1.4951E-04   -1.6254E-04   
3.9545E-04   -2.4383E-05   
3.8669E-04   -3.7057E-05   
1.4762E-04   -1.6785E-04   
3.9089E-04   -3.0034E-05   
4.0956E-04   -3.4483E-05   
5.0749E-04   -3.4150E-05   
4.3615E-04   -3.2210E-05   
1.6978E-04   -1.7316E-04   
1.2771E-04   -1.6153E-04   
1.2368E-04   -1.6908E-04   
4.9761E-04   -3.0245E-05   
4.6054E-04   -3.6062E-05   
1.7367E-04   -1.8093E-04   
1.9546E-04   -2.1897E-04   
2.0146E-04   -2.0171E-04   
1.6235E-04   -1.6592E-04   
5.2699E-04   -2.9705E-05   
5.6082E-04   -4.3627E-05   
5.9746E-04   -3.4097E-05   
6.1493E-04   -2.5520E-05   
1.7780E-04   -1.8457E-04   
1.9760E-04   -1.9153E-04   
3.4859E-04   -3.9546E-05   
1.9530E-04   -1.1448E-04   
2.0977E-04   -1.0676E-04   
3.7999E-04   -2.7779E-05   
3.1803E-04   -5.2776E-05   
3.0330E-04   -5.9510E-05   
3.5939E-04   -3.5177E-05   
2.2482E-04   -9.8780E-05   
2.8821E-04   -6.6650E-05   
2.7255E-04   -7.4290E-05   
1.8108E-04   -1.2209E-04   
2.5652E-04   -8.2339E-05   
2.4050E-04   -9.0573E-05   
1.5271E-04   -1.3700E-04   
1.5426E-04   -1.3673E-04   
1.5622E-04   -1.3675E-04   
1.4799E-04   -1.4365E-04   
1.3936E-04   -1.5153E-04   
1.6599E-04   -1.3014E-04   
3.7987E-04   -2.7253E-05   
3.7531E-04   -3.4868E-05   
3.3366E-04   -4.5821E-05   
3.8072E-04   -3.5785E-05   
1.4834E-04   -1.5918E-04   
1.3607E-04   -1.6175E-04   
1.9181E-04   -1.7559E-04   
3.9287E-04   -3.8730E-05   
1.4118E-04   -1.5347E-04   
3.7957E-04   -2.9338E-05   
1.7960E-04   -1.6399E-04   
4.1647E-04   -3.7030E-05   
1.6733E-04   -1.5812E-04   
4.7116E-04   -3.8014E-05   
4.9336E-04   -3.9729E-05   
4.4813E-04   -3.3981E-05   
6.3304E-04   -2.5430E-05   
2.0904E-04   -1.8218E-04   
1.9973E-04   -1.7889E-04   
2.1753E-04   -2.0249E-04   
5.4254E-04   -4.9363E-05   
2.0144E-04   -2.2601E-04   
5.7809E-04   -4.4444E-05   
6.1628E-04   -2.9907E-05   
3.5656E-04   -3.6623E-05   
2.0182E-04   -1.1141E-04   
1.8779E-04   -1.1891E-04   
3.1170E-04   -5.6005E-05   
3.6852E-04   -3.1716E-05   
2.9652E-04   -6.3070E-05   
2.1675E-04   -1.0346E-04   
2.8098E-04   -7.0538E-05   
2.3243E-04   -9.5186E-05   
2.6489E-04   -7.8509E-05   
1.6687E-04   -1.3044E-04   
2.4856E-04   -8.6811E-05   
1.5905E-04   -1.3679E-04   
3.4241E-04   -4.2505E-05   
3.6434E-04   -4.1077E-05   
1.7617E-04   -1.2509E-04   
1.5341E-04   -1.4595E-04   
1.6237E-04   -1.3713E-04   
1.5613E-04   -1.5221E-04   
3.2702E-04   -4.9113E-05   
3.7039E-04   -4.1971E-05   
4.7369E-04   -4.3102E-05   
3.6716E-04   -3.3042E-05   
3.7645E-04   -4.3307E-05   
1.6509E-04   -1.5316E-04   
3.9853E-04   -4.1057E-05   
4.2693E-04   -3.9257E-05   
3.7016E-04   -3.4483E-05   
2.2246E-04   -1.7242E-04   
1.8189E-04   -1.5701E-04   
2.0214E-04   -1.5700E-04   
4.8715E-04   -3.6194E-05   
6.3947E-04   -3.0984E-05   
2.1380E-04   -1.6874E-04   
4.4082E-04   -4.0991E-05   
4.8935E-04   -4.5468E-05   
5.2413E-04   -5.6668E-05   
2.2222E-04   -1.8458E-04   
2.2644E-04   -1.9188E-04   
5.1787E-04   -4.9751E-05   
6.4680E-04   -2.1269E-05   
5.9753E-04   -3.9535E-05   
1.7448E-04   -2.3664E-04   
1.8167E-04   -1.7393E-04   
1.9333E-04   -1.1677E-04   
1.7949E-04   -1.2403E-04   
3.0547E-04   -5.9749E-05   
3.5237E-04   -3.9288E-05   
2.8998E-04   -6.7086E-05   
2.2421E-04   -1.0041E-04   
1.6970E-04   -1.3011E-04   
2.7386E-04   -7.4963E-05   
1.6567E-04   -1.3811E-04   
2.4060E-04   -9.1837E-05   
1.5538E-04   -1.4829E-04   
2.5724E-04   -8.3295E-05   
3.2083E-04   -5.2728E-05   
1.7356E-04   -1.2981E-04   
3.5314E-04   -4.7882E-05   
3.6503E-04   -3.5001E-05   
3.3602E-04   -4.6053E-05   
3.5913E-04   -4.0368E-05   
3.6176E-04   -4.7613E-05   
3.8279E-04   -4.4952E-05   
2.3801E-04   -1.6189E-04   
1.8862E-04   -1.4923E-04   
2.0991E-04   -1.5915E-04   
1.9514E-04   -1.5510E-04   
4.5051E-04   -4.9639E-05   
5.9465E-04   -4.4957E-05   
2.3188E-04   -2.0427E-04   
1.7501E-04   -1.4464E-04   
2.0263E-04   -1.6674E-04   
4.3451E-04   -4.8333E-05   
5.0536E-04   -4.6035E-05   
6.5417E-04   -2.4576E-05   
6.2102E-04   -4.0412E-05   
5.3082E-04   -6.2330E-05   
2.5283E-04   -1.8404E-04   
1.9686E-04   -2.3655E-04   
4.1887E-04   -4.7121E-05   
1.5806E-04   -2.3582E-04   
2.9951E-04   -6.3940E-05   
3.5530E-04   -3.9768E-05   
3.1495E-04   -5.6727E-05   
2.8353E-04   -7.1655E-05   
2.3248E-04   -9.7489E-05   
1.8395E-04   -1.2292E-04   
1.4316E-04   -1.5548E-04   
1.6828E-04   -1.4011E-04   
3.3022E-04   -4.9842E-05   
1.7822E-04   -1.2981E-04   
3.4717E-04   -4.7106E-05   
2.0832E-04   -1.0883E-04   
2.4958E-04   -8.8641E-05   
2.2774E-04   -1.5717E-04   
2.1240E-04   -1.4843E-04   
3.6500E-04   -5.0011E-05   
2.0082E-04   -1.4846E-04   
1.7028E-04   -1.4290E-04   
1.8166E-04   -1.4508E-04   
1.7963E-04   -1.4937E-04   
2.2537E-04   -1.4935E-04   
2.4456E-04   -1.6730E-04   
4.6719E-04   -5.1386E-05   
5.7432E-04   -5.1456E-05   
4.2793E-04   -5.6120E-05   
3.3240E-04   -5.5398E-05   
3.9694E-04   -5.4490E-05   
4.8712E-04   -5.3399E-05   
2.5676E-04   -1.9636E-04   
2.1121E-04   -2.1044E-04   
4.1263E-04   -5.4980E-05   
5.2360E-04   -4.1830E-05   
2.6635E-04   -1.8630E-04   
2.4181E-04   -1.8181E-04   
5.5457E-04   -6.0297E-05   
5.0633E-04   -6.5054E-05   
3.0942E-04   -6.1026E-05   
2.9433E-04   -6.8305E-05   
3.4178E-04   -4.6534E-05   
1.8216E-04   -1.3110E-04   
3.4308E-04   -4.4163E-05   
3.2466E-04   -5.4007E-05   
2.7774E-04   -7.6537E-05   
1.8969E-04   -1.2184E-04   
2.4184E-04   -9.4575E-05   
2.5968E-04   -8.5525E-05   
2.3235E-04   -1.4005E-04   
2.2006E-04   -1.4006E-04   
1.9940E-04   -1.1492E-04   
1.8398E-04   -1.3766E-04   
1.8372E-04   -1.3422E-04   
1.9329E-04   -1.3665E-04   
2.1569E-04   -1.0633E-04   
3.7477E-04   -5.1660E-05   
3.2050E-04   -6.3770E-05   
3.9129E-04   -6.2150E-05   
1.9639E-04   -1.4070E-04   
3.7830E-04   -5.6716E-05   
2.6250E-04   -1.7414E-04   
4.4323E-04   -5.7791E-05   
2.6330E-04   -1.5607E-04   
2.0695E-04   -1.9407E-04   
2.8211E-04   -1.8761E-04   
3.5028E-04   -5.8431E-05   
4.0570E-04   -6.3000E-05   
2.4915E-04   -1.4426E-04   
2.7709E-04   -1.7624E-04   
2.4503E-04   -2.0708E-04   
5.1439E-04   -7.0521E-05   
5.8053E-04   -5.8358E-05   
3.0518E-04   -6.4850E-05   
3.1925E-04   -5.8477E-05   
2.2446E-04   -1.0365E-04   
1.9776E-04   -1.2976E-04   
2.5227E-04   -9.1770E-05   
2.1673E-04   -1.3175E-04   
1.9783E-04   -1.2060E-04   
3.2754E-04   -6.5438E-05   
2.0704E-04   -1.1286E-04   
2.0099E-04   -1.2350E-04   
3.8916E-04   -4.5964E-05   
2.7142E-04   -8.2402E-05   
3.3297E-04   -5.2158E-05   
2.2803E-04   -1.3136E-04   
3.8421E-04   -7.0270E-05   
2.4018E-04   -1.3118E-04   
3.7920E-04   -6.1770E-05   
1.8730E-04   -2.0037E-04   
3.0300E-04   -1.8755E-04   
4.2011E-04   -6.4465E-05   
2.1923E-04   -2.1425E-04   
2.7746E-04   -1.3635E-04   
2.7025E-04   -1.6309E-04   
3.5639E-04   -6.1883E-05   
4.5893E-04   -5.9997E-05   
2.5958E-04   -2.1030E-04   
2.8246E-04   -1.4402E-04   
2.8849E-04   -1.6538E-04   
2.7356E-04   -1.9826E-04   
4.8885E-04   -7.4041E-05   
2.4469E-04   -1.3966E-04   
6.0807E-04   -5.5727E-05   
2.3442E-04   -1.0086E-04   
2.3636E-04   -1.2225E-04   
2.9233E-04   -7.2155E-05   
2.1711E-04   -1.0999E-04   
3.0567E-04   -7.2912E-05   
2.5276E-04   -1.3142E-04   
2.0835E-04   -1.3177E-04   
4.1159E-04   -7.3260E-05   
2.6308E-04   -8.9475E-05   
2.4827E-04   -1.2200E-04   
2.1258E-04   -1.1499E-04   
3.3375E-04   -6.8404E-05   
3.9771E-04   -7.1572E-05   
3.1206E-04   -6.3983E-05   
2.1104E-04   -1.2639E-04   
3.6125E-04   -6.6154E-05   
2.2861E-04   -1.7621E-04   
2.6445E-04   -1.3307E-04   
2.8892E-04   -1.5016E-04   
2.9999E-04   -1.5412E-04   
3.0584E-04   -1.6846E-04   
3.3056E-04   -1.7595E-04   
4.9783E-04   -8.0609E-05   
2.4286E-04   -2.2209E-04   
4.4906E-04   -6.8926E-05   
6.2686E-04   -4.7515E-05   
2.4471E-04   -9.8480E-05   
2.2754E-04   -1.0719E-04   
2.8473E-04   -7.9738E-05   
2.5653E-04   -1.1275E-04   
3.1122E-04   -7.5685E-05   
3.6821E-04   -7.0274E-05   
3.3976E-04   -7.1977E-05   
2.6120E-04   -1.2190E-04   
3.8957E-04   -8.0520E-05   
3.7612E-04   -7.8941E-05   
4.6473E-04   -7.6695E-05   
4.2590E-04   -7.5497E-05   
3.2606E-04   -1.4538E-04   
3.0739E-04   -1.3888E-04   
2.2426E-04   -1.2345E-04   
4.7287E-04   -6.3340E-05   
5.3654E-04   -6.7080E-05   
4.7175E-04   -9.2609E-05   
3.3179E-04   -1.6686E-04   
3.3135E-04   -1.8525E-04   
3.3534E-04   -1.5739E-04   
2.8902E-04   -1.2409E-04   
2.7221E-04   -2.1504E-04   
6.3419E-04   -5.3207E-05   
2.3708E-04   -1.0555E-04   
3.0301E-04   -7.0383E-05   
2.2836E-04   -1.1659E-04   
2.7141E-04   -8.8764E-05   
3.6534E-04   -8.9808E-05   
2.8762E-04   -8.4033E-05   
2.5477E-04   -9.6908E-05   
3.1723E-04   -7.9101E-05   
2.6924E-04   -1.1227E-04   
3.4956E-04   -8.0565E-05   
2.8377E-04   -1.1197E-04   
3.5443E-04   -8.5474E-05   
4.8218E-04   -6.8132E-05   
4.0357E-04   -8.2184E-05   
4.4154E-04   -7.8376E-05   
5.5543E-04   -6.8240E-05   
3.0241E-04   -1.3251E-04   
4.6210E-04   -7.1019E-05   
3.0113E-04   -1.2601E-04   
4.4595E-04   -8.5507E-05   
2.4539E-04   -1.1221E-04   
3.0185E-04   -1.1164E-04   
3.4367E-04   -1.4694E-04   
4.4719E-04   -9.3188E-05   
4.9841E-04   -8.8048E-05   
3.1124E-04   -1.4455E-04   
3.5432E-04   -1.5732E-04   
3.5173E-04   -1.7401E-04   
2.5296E-04   -2.2605E-04   
2.4622E-04   -1.0545E-04   
2.9127E-04   -1.0199E-04   
2.6691E-04   -9.4584E-05   
2.9548E-04   -8.6280E-05   
3.2067E-04   -1.2196E-04   
2.7661E-04   -1.0315E-04   
3.3956E-04   -9.6012E-05   
3.8465E-04   -8.8192E-05   
3.7597E-04   -1.6766E-04   
4.2597E-04   -9.4287E-05   
2.2020E-04   -1.1391E-04   
3.1658E-04   -1.1498E-04   
4.1670E-04   -8.4658E-05   
3.2468E-04   -8.2212E-05   
3.3080E-04   -9.1482E-05   
3.5346E-04   -1.3614E-04   
2.4645E-04   -2.3521E-04   
3.6246E-04   -1.4815E-04   
4.4564E-04   -1.0062E-04   
5.1585E-04   -8.1737E-05   
3.4596E-04   -7.5738E-05   
2.1442E-04   -1.2036E-04   
2.6422E-04   -1.0493E-04   
3.0674E-04   -1.0164E-04   
2.7949E-04   -9.6323E-05   
3.9416E-04   -9.1417E-05   
3.1412E-04   -9.2071E-05   
3.2428E-04   -1.0538E-04   
2.7846E-04   -9.2316E-05   
4.2812E-04   -1.1013E-04   
2.6325E-04   -1.0089E-04   
5.3768E-04   -7.8403E-05   
4.2463E-04   -1.0267E-04   
3.3438E-04   -1.3412E-04   
3.2053E-04   -1.0121E-04   
3.9281E-04   -1.5645E-04   
2.1863E-04   -2.4544E-04   
3.3294E-04   -8.4320E-05   
3.5112E-04   -1.2164E-04   
3.7089E-04   -9.7114E-05   
3.8137E-04   -1.0273E-04   
3.6591E-04   -1.2449E-04   
4.3581E-04   -1.1679E-04   
3.3579E-04   -1.1308E-04   
3.8286E-04   -1.4988E-04   
4.0170E-04   -1.6140E-04   
3.7673E-04   -1.1323E-04   
3.4185E-04   -1.1746E-04   
4.2545E-04   -1.6061E-04   
3.8140E-04   -1.2764E-04   
4.2761E-04   -8.7303E-05   
4.6561E-04   -1.1105E-04   
4.0823E-04   -1.2143E-04   
3.5581E-04   -1.0768E-04   
4.0243E-04   -1.0352E-04   
3.7031E-04   -1.3814E-04   
4.1344E-04   -1.2847E-04   
4.8854E-04   -9.7953E-05   
4.5070E-04   -1.4795E-04   
3.9240E-04   -1.3092E-04   
3.6134E-04   -1.1252E-04   
4.1235E-04   -1.3765E-04   
4.3575E-04   -1.3728E-04   
4.6586E-04   -1.2700E-04   
4.7671E-04   -1.1618E-04   
4.5748E-04   -1.3814E-04   
2.2446E-05   -2.9171E-04   
4.0983E-04   -1.4616E-04   
3.8639E-04   -1.7323E-04   
6.7374E-04   -2.4349E-05   
5.0646E-05   -2.4477E-04   
7.3504E-04   -3.6295E-06   
6.6059E-04   -5.0595E-05   
4.0777E-05   -2.9506E-04   
1.9519E-04   -2.4604E-04   
4.6034E-04   -1.5350E-04   
6.8511E-04   -1.2965E-05   
6.2321E-05   -2.9250E-04   
2.1924E-04   -2.2752E-04   
8.8504E-05   -2.8884E-04   
1.1525E-04   -2.8485E-04   
1.4195E-04   -2.8006E-04   
1.6949E-04   -2.7458E-04   
7.5856E-04   -3.3208E-06   
1.9762E-04   -2.6855E-04   
2.2713E-04   -2.6161E-04   
6.4347E-04   -4.1267E-05   
2.5755E-04   -2.5442E-04   
7.8278E-04   -3.2003E-06   
2.8845E-04   -2.4688E-04   
3.2024E-04   -2.3904E-04   
4.9261E-04   -1.0630E-04   
3.5612E-04   -2.2967E-04   
8.0827E-04   -2.9676E-06   
5.6085E-04   -4.8686E-05   
3.8478E-04   -2.2528E-04   
2.8752E-04   -1.7929E-04   
1.4846E-04   -2.5998E-04   
6.4814E-04   -3.5970E-05   
4.1818E-04   -2.1444E-04   
4.5568E-04   -2.0676E-04   
8.3455E-04   -2.6270E-06   
4.9063E-04   -1.9888E-04   
3.0423E-04   -2.0784E-04   
5.2947E-04   -1.8933E-04   
5.5972E-04   -1.8490E-04   
8.6179E-04   -2.2817E-06   
5.9481E-04   -1.7380E-04   
6.3439E-04   -1.6443E-04   
6.5545E-05   -2.7795E-04   
6.7151E-04   -1.5437E-04   
8.9321E-04   -2.0622E-06   
6.9457E-04   -8.0863E-06   
3.2509E-04   -1.9571E-04   
7.1172E-04   -1.4169E-04   
7.5010E-04   -1.3028E-04   
6.1625E-04   -6.0480E-05   
9.2815E-04   -1.1179E-06   
5.6203E-04   -7.4508E-05   
5.1753E-04   -8.7771E-05   
8.2563E-04   -1.0208E-04   
9.6570E-04   -1.6189E-05   
9.7262E-04   -1.6136E-05   
9.6887E-04   -4.5909E-06   
9.7178E-04   -1.9171E-06   
9.6664E-04   -1.0284E-05   
2.6517E-04   -2.3674E-04   
9.1012E-04   -5.9071E-05   
7.5927E-05   -2.8336E-04   
5.8106E-04   -7.5863E-05   
5.4725E-04   -8.4878E-05   
1.3355E-04   -2.6910E-04   
5.1274E-04   -1.0590E-04   
1.7245E-04   -2.5547E-04   
6.9191E-04   -2.0495E-05   
4.8360E-04   -1.2864E-04   
6.7879E-04   -4.2628E-05   
1.9142E-04   -2.5593E-04   
3.4066E-04   -1.9944E-04   
1.3136E-04   -2.7578E-04   
3.7663E-04   -1.8573E-04   
1.8679E-04   -2.6453E-04   
6.1019E-04   -6.7861E-05   
6.6057E-04   -1.4839E-04   
4.8050E-04   -1.9277E-04   
2.4706E-04   -2.4920E-04   
3.1312E-04   -2.1358E-04   
3.0933E-04   -2.3384E-04   
3.0196E-04   -2.2617E-04   
7.9463E-04   -6.2373E-06   
4.9371E-04   -1.4676E-04   
7.0577E-04   -1.1595E-05   
6.6876E-04   -5.5271E-05   
7.4781E-04   -6.4635E-06   
8.8933E-04   -4.4513E-06   
4.3862E-04   -1.6572E-04   
5.4162E-04   -1.7762E-04   
6.5885E-04   -2.7462E-05   
6.6814E-04   -3.7344E-05   
4.9485E-04   -1.1132E-04   
3.5983E-04   -1.7720E-04   
9.4921E-04   -4.4726E-07   
7.8932E-04   -1.1626E-04   
3.6593E-04   -2.1859E-04   
7.2060E-04   -1.3018E-04   
9.7377E-04   -1.0937E-05   
9.7819E-04   -1.0049E-06   
9.7674E-04   -2.8202E-06   
9.7486E-04   -6.6074E-06   
5.9882E-04   -1.6257E-04   
4.2074E-04   -2.0280E-04   
8.4647E-04   -4.9265E-06   
8.5954E-04   -7.4195E-05   
9.3221E-04   -3.2605E-06   
9.0573E-04   -5.3954E-05   
9.2611E-04   -2.3682E-05   
9.3655E-04   -4.5534E-06   
9.3186E-04   -1.0189E-05   
9.2030E-04   -3.6862E-05   
6.0503E-04   -7.6740E-05   
4.7302E-04   -1.8627E-04   
6.9932E-04   -1.5907E-05   
7.2329E-04   -1.3330E-05   
7.8038E-04   -9.9400E-06   
8.4754E-05   -2.7595E-04   
4.2832E-04   -1.7795E-04   
5.4175E-04   -9.6370E-05   
3.2913E-04   -2.2250E-04   
6.9636E-04   -2.5175E-05   
8.3171E-04   -8.1176E-06   
7.7668E-04   -1.1307E-04   
2.3858E-04   -2.4458E-04   
4.4740E-04   -1.9171E-04   
3.5592E-04   -2.1473E-04   
5.3391E-04   -1.7233E-04   
3.9686E-04   -1.8546E-04   
6.3401E-04   -1.4914E-04   
5.1402E-04   -1.2284E-04   
3.9021E-04   -2.0556E-04   
6.6029E-04   -6.3661E-05   
6.8751E-04   -4.7832E-05   
5.6923E-04   -1.6454E-04   
5.1852E-04   -1.3266E-04   
8.6125E-04   -6.9030E-06   
5.0390E-04   -1.5404E-04   
8.0599E-04   -9.0010E-06   
3.7060E-04   -1.9647E-04   
6.8823E-04   -3.1287E-05   
5.0304E-04   -1.7947E-04   
5.3358E-04   -1.0878E-04   
7.5068E-04   -1.0666E-05   
6.9622E-04   -3.5336E-05   
8.8792E-04   -3.6090E-05   
9.0263E-04   -7.8329E-06   
8.9718E-04   -1.6432E-05   
9.0790E-04   -4.5527E-06   
6.3033E-04   -6.8721E-05   
8.1112E-04   -9.3660E-05   
8.6715E-04   -6.1493E-05   
9.3013E-04   -8.4460E-06   
9.2227E-04   -3.1573E-05   
9.2322E-04   -1.6378E-05   
9.1943E-04   -1.9797E-05   
4.9389E-04   -1.7344E-04   
3.7106E-04   -2.0416E-04   
8.4121E-04   -1.0470E-05   
7.4851E-04   -1.1891E-04   
4.2929E-04   -1.8959E-04   
5.2651E-04   -1.4050E-04   
4.8329E-04   -1.6774E-04   
7.1573E-04   -4.4656E-05   
7.4035E-04   -1.5431E-05   
6.0722E-04   -1.5069E-04   
7.9297E-04   -1.2369E-05   
8.9400E-04   -2.2101E-05   
9.0540E-04   -1.1348E-05   
7.2325E-04   -3.2626E-05   
6.0016E-04   -8.6339E-05   
7.2170E-04   -2.3512E-05   
5.6783E-04   -9.6930E-05   
8.8611E-04   -2.9069E-05   
8.2255E-04   -7.7392E-05   
6.8443E-04   -6.2781E-05   
6.7019E-04   -1.3530E-04   
5.4350E-04   -1.2022E-04   
4.5448E-04   -1.7571E-04   
5.5556E-04   -1.5930E-04   
6.6603E-04   -6.9513E-05   
8.8739E-04   -6.9848E-06   
8.0438E-04   -8.9531E-05   
8.7220E-04   -4.8713E-05   
6.1381E-04   -1.3814E-04   
5.7673E-04   -1.1537E-04   
6.6143E-04   -7.7606E-05   
7.1196E-04   -5.8386E-05   
5.7728E-04   -1.4622E-04   
5.1446E-04   -1.6041E-04   
8.5033E-04   -1.2470E-05   
7.8524E-04   -9.1301E-05   
7.9526E-04   -1.6342E-05   
8.2541E-04   -1.4339E-05   
5.4574E-04   -1.5339E-04   
7.4023E-04   -2.5608E-05   
7.4236E-04   -1.9733E-05   
7.3360E-04   -3.6911E-05   
5.3868E-04   -1.1491E-04   
5.5659E-04   -1.3485E-04   
7.2698E-04   -4.8936E-05   
6.7907E-04   -1.2389E-04   
6.2604E-04   -8.6618E-05   
5.9499E-04   -9.6334E-05   
5.7395E-04   -1.2469E-04   
6.9067E-04   -7.2962E-05   
7.0912E-04   -6.5607E-05   
6.9710E-04   -1.3260E-04   
7.4422E-04   -4.0862E-05   
5.6665E-04   -1.4060E-04   
8.7488E-04   -1.0391E-05   
7.6620E-04   -2.0489E-05   
7.5034E-04   -3.0194E-05   
7.4593E-04   -1.0555E-04   
7.8646E-04   -2.1814E-05   
5.9333E-04   -1.0431E-04   
6.4565E-04   -8.7720E-05   
7.1551E-04   -7.0819E-05   
5.8553E-04   -1.2854E-04   
7.7908E-04   -2.7304E-05   
8.0282E-04   -7.8066E-05   
7.3932E-04   -5.1500E-05   
7.7239E-04   -3.6853E-05   
7.3188E-04   -1.1895E-04   
8.3772E-04   -1.6290E-05   
6.1215E-04   -1.0580E-04   
6.4424E-04   -9.5388E-05   
8.8579E-04   -1.1971E-05   
7.6390E-04   -4.7873E-05   
8.5381E-04   -1.7598E-05   
6.1663E-04   -1.2080E-04   
7.8463E-04   -3.1136E-05   
8.2339E-04   -2.0922E-05   
7.8287E-04   -3.9758E-05   
6.7213E-04   -9.3462E-05   
8.0107E-04   -2.2996E-05   
7.0479E-04   -8.1971E-05   
7.5242E-04   -6.2410E-05   
8.0570E-04   -3.1458E-05   
7.6489E-04   -6.6896E-05   
6.2749E-04   -1.2547E-04   
7.3076E-04   -8.0177E-05   
6.3789E-04   -1.0684E-04   
6.9790E-04   -9.2130E-05   
8.3034E-04   -2.3792E-05   
8.8203E-04   -1.6021E-05   
7.8596E-04   -6.6320E-05   
7.5789E-04   -7.7093E-05   
8.3843E-04   -2.6405E-05   
6.4940E-04   -1.1352E-04   
6.8593E-04   -1.0426E-04   
8.2422E-04   -3.1809E-05   
8.1715E-04   -5.8907E-05   
7.5538E-04   -8.5975E-05   
8.6685E-04   -2.1711E-05   
8.2314E-04   -3.5996E-05   
8.1535E-04   -6.6779E-05   
8.7970E-04   -2.2652E-05   
7.8482E-04   -7.8906E-05   
7.9333E-04   -4.2525E-05   
7.7439E-04   -5.1507E-05   
7.8831E-04   -5.4337E-05   
8.2314E-04   -4.5595E-05   
