51 
1844 
8.1141E-04   -8.9996E-04   
1.5435E-03   -7.6149E-04   
2.1237E-03   -5.4954E-04   
2.4961E-03   -2.8697E-04   
1.5708E-36   -9.4341E-04   
2.6218E-03   -8.1342E-37   
2.6806E-03   -4.1014E-36   
2.7765E-03   -4.2028E-38   
2.9872E-03   1.7061E-36   
3.1779E-03   2.5052E-36   
3.4204E-03   5.1733E-36   
3.7163E-03   7.1392E-36   
3.9439E-03   8.6564E-36   
4.3313E-03   1.3122E-35   
4.6198E-03   1.5954E-35   
4.9319E-03   1.4325E-35   
5.0965E-03   2.1722E-35   
5.4422E-03   3.1892E-35   
5.8089E-03   4.6060E-35   
6.0000E-03   -1.9662E-31   
6.0000E-03   -7.7521E-35   
6.0000E-03   -7.7521E-35   
6.0000E-03   -7.7521E-35   
6.0000E-03   -7.7521E-35   
6.0000E-03   -7.7521E-35   
6.0000E-03   -7.7521E-35   
6.0000E-03   -7.7521E-35   
6.0000E-03   -7.7521E-35   
6.0000E-03   -7.7521E-35   
6.0000E-03   -7.7521E-35   
6.0000E-03   -7.7521E-35   
6.0000E-03   -7.7521E-35   
5.6370E-03   -2.5961E-04   
5.0453E-03   -5.9272E-04   
4.7958E-03   -7.0735E-04   
4.5577E-03   -8.0192E-04   
4.0990E-03   -9.5421E-04   
3.8755E-03   -1.0180E-03   
3.4361E-03   -1.1302E-03   
3.2202E-03   -1.1816E-03   
2.7954E-03   -1.2794E-03   
2.3823E-03   -1.3740E-03   
2.1811E-03   -1.4211E-03   
1.7913E-03   -1.5134E-03   
1.4211E-03   -1.6014E-03   
1.2438E-03   -1.6423E-03   
9.0562E-04   -1.7153E-03   
5.8776E-04   -1.7711E-03   
2.8729E-04   -1.8058E-03   
2.1803E-36   -1.8162E-03   
4.8527E-35   -1.7207E-03   
5.0675E-35   -1.6296E-03   
4.7673E-35   -1.5086E-03   
4.5173E-35   -1.4392E-03   
3.9789E-35   -1.3259E-03   
3.6307E-35   -1.2615E-03   
3.2699E-35   -1.1987E-03   
2.9714E-35   -1.1482E-03   
2.9072E-35   -1.1041E-03   
6.1461E-04   -9.6009E-04   
5.7650E-03   -2.2939E-05   
5.5186E-03   -4.7968E-05   
5.1623E-03   -8.2958E-05   
4.8703E-03   -1.1286E-04   
4.5874E-03   -1.5011E-04   
4.2687E-03   -1.7233E-04   
4.0077E-03   -1.8144E-04   
3.6852E-03   -2.0939E-04   
3.3653E-03   -2.2667E-04   
3.0468E-03   -2.4185E-04   
2.7310E-03   -2.5541E-04   
2.4021E-03   -2.7710E-04   
2.0638E-03   -3.3200E-04   
1.6013E-03   -4.7918E-04   
1.1300E-03   -7.0871E-04   
1.6778E-03   -5.5844E-04   
2.0004E-03   -2.7788E-04   
2.3132E-03   -1.7604E-04   
2.6090E-03   -1.4895E-04   
2.8934E-03   -1.4523E-04   
3.1638E-03   -1.4656E-04   
3.4726E-03   -1.3445E-04   
3.7599E-03   -1.2469E-04   
4.0273E-03   -1.1209E-04   
4.3033E-03   -1.1284E-04   
4.6038E-03   -8.9387E-05   
4.8927E-03   -7.0489E-05   
5.1754E-03   -5.6740E-05   
5.4748E-03   -3.2962E-05   
5.7347E-03   -1.3897E-05   
2.4555E-03   -1.2438E-04   
2.6063E-03   -5.8783E-05   
2.7783E-03   -5.5196E-05   
3.0165E-03   -5.6646E-05   
3.2446E-03   -5.7674E-05   
3.5256E-03   -6.0753E-05   
3.7767E-03   -6.2370E-05   
4.0263E-03   -6.0995E-05   
4.3474E-03   -4.9029E-05   
4.6160E-03   -3.9634E-05   
4.9200E-03   -3.4029E-05   
5.2187E-03   -2.4555E-05   
5.5105E-03   -1.6108E-05   
5.7785E-03   -5.2557E-06   
5.7208E-03   -3.5638E-05   
5.4542E-03   -7.5199E-05   
5.1276E-03   -1.2622E-04   
4.8261E-03   -1.5779E-04   
4.5652E-03   -2.0287E-04   
4.2375E-03   -2.3915E-04   
3.9144E-03   -2.7192E-04   
3.6080E-03   -2.9745E-04   
3.2894E-03   -3.2854E-04   
2.9907E-03   -3.5567E-04   
2.6078E-03   -3.9827E-04   
2.1986E-03   -4.6123E-04   
1.7970E-03   -5.4791E-04   
1.3763E-03   -6.7295E-04   
9.0594E-04   -8.6612E-04   
4.5051E-04   -1.0511E-03   
5.7039E-03   -5.2866E-05   
5.4774E-03   -9.6072E-05   
5.0892E-03   -1.7119E-04   
4.8347E-03   -2.1831E-04   
4.5307E-03   -2.6542E-04   
4.1653E-03   -3.2620E-04   
3.8420E-03   -3.5948E-04   
3.5283E-03   -3.9466E-04   
3.1594E-03   -4.4581E-04   
2.8139E-03   -5.0223E-04   
2.4478E-03   -5.6348E-04   
2.0633E-03   -6.2014E-04   
1.6500E-03   -7.3451E-04   
1.2476E-03   -8.4312E-04   
8.1080E-04   -9.9744E-04   
3.8637E-04   -1.1318E-03   
5.7867E-03   -4.6221E-05   
5.3761E-03   -1.4445E-04   
5.1423E-03   -1.9554E-04   
4.8572E-03   -2.6315E-04   
4.4315E-03   -3.4930E-04   
4.1285E-03   -4.0674E-04   
3.8136E-03   -4.5380E-04   
3.4412E-03   -5.1633E-04   
3.1016E-03   -5.7750E-04   
2.7353E-03   -6.2876E-04   
2.3900E-03   -6.8818E-04   
1.9574E-03   -7.6688E-04   
1.5380E-03   -8.9927E-04   
1.1465E-03   -9.9410E-04   
7.7908E-04   -1.1136E-03   
3.8307E-04   -1.2087E-03   
5.6553E-03   -9.4565E-05   
5.4145E-03   -1.6649E-04   
5.1232E-03   -2.5253E-04   
4.8296E-03   -3.3543E-04   
4.4039E-03   -4.3479E-04   
4.0618E-03   -4.9687E-04   
3.7144E-03   -5.7651E-04   
3.3815E-03   -6.4824E-04   
2.9843E-03   -7.0238E-04   
2.6612E-03   -7.4983E-04   
2.3325E-03   -8.3385E-04   
1.8964E-03   -9.3732E-04   
1.4707E-03   -1.0463E-03   
1.0985E-03   -1.1392E-03   
7.0260E-04   -1.2347E-03   
3.6695E-04   -1.2958E-03   
5.7280E-03   -1.0008E-04   
5.4009E-03   -2.2066E-04   
5.1328E-03   -3.0290E-04   
4.7131E-03   -4.3490E-04   
4.3435E-03   -5.4527E-04   
4.0137E-03   -6.1208E-04   
3.6045E-03   -7.0151E-04   
3.2977E-03   -7.6676E-04   
2.8995E-03   -8.3036E-04   
2.5525E-03   -8.9767E-04   
2.1594E-03   -9.8438E-04   
1.8388E-03   -1.0656E-03   
1.4528E-03   -1.1652E-03   
1.0702E-03   -1.2549E-03   
6.9904E-04   -1.3368E-03   
3.2864E-04   -1.3956E-03   
5.6819E-03   -1.3495E-04   
5.3231E-03   -2.8103E-04   
5.0725E-03   -3.7111E-04   
4.5854E-03   -5.4712E-04   
4.2905E-03   -6.3380E-04   
3.9551E-03   -7.2815E-04   
3.5876E-03   -8.0049E-04   
3.2162E-03   -8.8262E-04   
2.8045E-03   -9.7548E-04   
2.4603E-03   -1.0463E-03   
2.1226E-03   -1.1156E-03   
1.7710E-03   -1.2007E-03   
1.3843E-03   -1.3087E-03   
1.0551E-03   -1.3709E-03   
6.8249E-04   -1.4482E-03   
3.3875E-04   -1.4930E-03   
5.7092E-03   -1.6046E-04   
5.4021E-03   -3.0960E-04   
4.9898E-03   -4.7882E-04   
4.6292E-03   -6.2925E-04   
4.2389E-03   -7.2250E-04   
3.8620E-03   -8.2030E-04   
3.5033E-03   -9.1298E-04   
3.1441E-03   -9.9922E-04   
2.7849E-03   -1.0835E-03   
2.3901E-03   -1.1576E-03   
2.0410E-03   -1.2660E-03   
1.6748E-03   -1.3387E-03   
1.3456E-03   -1.4060E-03   
1.0033E-03   -1.4864E-03   
6.5076E-04   -1.5591E-03   
3.6162E-04   -1.5884E-03   
5.6245E-03   -2.4349E-04   
5.2492E-03   -4.5933E-04   
4.9369E-03   -5.8245E-04   
4.4495E-03   -7.6174E-04   
4.1549E-03   -8.4884E-04   
3.7458E-03   -9.5929E-04   
3.3908E-03   -1.0541E-03   
3.0747E-03   -1.1120E-03   
2.6940E-03   -1.1960E-03   
2.3348E-03   -1.2972E-03   
2.0333E-03   -1.3591E-03   
1.6685E-03   -1.4482E-03   
1.2929E-03   -1.5349E-03   
9.5812E-04   -1.6025E-03   
6.3816E-04   -1.6605E-03   
2.8548E-04   -1.7176E-03   
1.0189E-04   -9.4660E-04   
2.0506E-04   -9.4470E-04   
3.0772E-04   -9.4104E-04   
4.1006E-04   -9.3594E-04   
5.1175E-04   -9.2928E-04   
6.1267E-04   -9.2103E-04   
7.1262E-04   -9.1121E-04   
9.0891E-04   -8.8730E-04   
1.0050E-03   -8.7327E-04   
1.0995E-03   -8.5789E-04   
1.1923E-03   -8.4118E-04   
1.2833E-03   -8.2315E-04   
1.3722E-03   -8.0383E-04   
1.4590E-03   -7.8327E-04   
1.6256E-03   -7.3855E-04   
1.7052E-03   -7.1449E-04   
1.7820E-03   -6.8940E-04   
1.8563E-03   -6.6329E-04   
1.9277E-03   -6.3625E-04   
1.9961E-03   -6.0820E-04   
2.0615E-03   -5.7927E-04   
2.1826E-03   -5.1906E-04   
2.2381E-03   -4.8780E-04   
2.2902E-03   -4.5583E-04   
2.3387E-03   -4.2318E-04   
2.3837E-03   -3.8993E-04   
2.4249E-03   -3.5611E-04   
2.4624E-03   -3.2177E-04   
2.5260E-03   -2.5172E-04   
2.5519E-03   -2.1605E-04   
2.5739E-03   -1.7994E-04   
2.5903E-03   -1.4352E-04   
2.6068E-03   -1.0777E-04   
2.6145E-03   -7.2366E-05   
2.6222E-03   -3.5136E-05   
2.6391E-03   -1.9920E-35   
2.6486E-03   -1.8356E-35   
2.6563E-03   -1.3617E-35   
2.6634E-03   -7.3846E-36   
2.6712E-03   -5.5386E-36   
2.6925E-03   -2.9343E-36   
2.7076E-03   -1.9843E-36   
2.7264E-03   -1.2100E-36   
2.7492E-03   -5.7304E-37   
2.8085E-03   4.0248E-37   
2.8454E-03   7.7662E-37   
2.8874E-03   1.1019E-36   
2.9346E-03   1.4054E-36   
3.0451E-03   1.9766E-36   
3.1087E-03   2.2443E-36   
3.2529E-03   2.7962E-36   
3.3337E-03   3.0953E-36   
3.5130E-03   5.4640E-36   
3.6116E-03   4.2208E-36   
3.8270E-03   7.7322E-36   
4.0669E-03   9.9973E-36   
4.1961E-03   1.1285E-35   
4.4726E-03   1.3642E-35   
4.7730E-03   1.8189E-35   
5.2668E-03   2.7108E-35   
5.6229E-03   2.8656E-35   
6.0000E-03   -7.7521E-35   
6.0000E-03   -7.7521E-35   
6.0000E-03   -7.7521E-35   
6.0000E-03   -7.7521E-35   
6.0000E-03   -7.7521E-35   
5.3142E-03   -4.5532E-04   
4.3263E-03   -8.8313E-04   
3.6546E-03   -1.0760E-03   
3.0065E-03   -1.2312E-03   
2.5872E-03   -1.3270E-03   
1.9839E-03   -1.4675E-03   
1.6036E-03   -1.5582E-03   
1.0720E-03   -1.6805E-03   
7.4428E-04   -1.7455E-03   
4.3547E-04   -1.7912E-03   
1.4274E-04   -1.8148E-03   
3.7120E-35   -1.7685E-03   
5.0228E-35   -1.6742E-03   
4.9119E-35   -1.5871E-03   
6.9606E-35   -1.5468E-03   
7.0010E-35   -1.4728E-03   
4.4102E-35   -1.4077E-03   
4.2895E-35   -1.3784E-03   
4.1275E-35   -1.3512E-03   
3.8546E-35   -1.3026E-03   
3.7380E-35   -1.2812E-03   
3.5390E-35   -1.2435E-03   
3.4490E-35   -1.2271E-03   
3.3551E-35   -1.2122E-03   
3.1953E-35   -1.1865E-03   
3.1276E-35   -1.1755E-03   
3.0674E-35   -1.1655E-03   
3.0151E-35   -1.1564E-03   
2.9361E-35   -1.1405E-03   
2.9097E-35   -1.1332E-03   
2.8928E-35   -1.1262E-03   
2.8865E-35   -1.1192E-03   
2.8912E-35   -1.1119E-03   
2.9339E-35   -1.0956E-03   
2.9698E-35   -1.0858E-03   
3.0197E-35   -1.0745E-03   
3.0857E-35   -1.0614E-03   
3.1892E-35   -1.0460E-03   
4.8890E-35   -1.0272E-03   
4.9358E-35   -1.0053E-03   
4.1201E-35   -9.7632E-04   
1.0985E-03   -8.4841E-04   
1.6961E-03   -6.7383E-04   
1.9198E-03   -5.8573E-04   
1.2777E-03   -8.0418E-04   
2.4347E-03   -3.0254E-04   
8.2054E-04   -9.0391E-04   
3.3862E-04   -9.6280E-04   
2.2944E-03   -3.9850E-04   
2.5660E-03   -1.7373E-04   
2.1219E-03   -4.9346E-04   
1.4508E-03   -7.5502E-04   
2.5086E-03   -2.3829E-04   
1.5348E-03   -7.2889E-04   
7.2592E-04   -9.1924E-04   
2.0580E-03   -5.2467E-04   
2.3449E-03   -3.6659E-04   
2.6294E-03   -4.8593E-05   
1.3038E-04   -9.7382E-04   
6.3050E-04   -9.3286E-04   
1.7726E-03   -6.4506E-04   
1.8466E-03   -6.1560E-04   
2.4736E-03   -2.7044E-04   
4.3704E-04   -9.5466E-04   
2.5886E-03   -1.4092E-04   
2.3605E-04   -9.6975E-04   
5.3429E-04   -9.4470E-04   
2.3917E-03   -3.3460E-04   
2.5393E-03   -2.0604E-04   
9.1432E-04   -8.8694E-04   
2.2403E-03   -4.3033E-04   
2.1828E-03   -4.6202E-04   
1.3651E-03   -7.8018E-04   
1.0070E-03   -8.6842E-04   
1.1888E-03   -8.2697E-04   
1.6167E-03   -7.0182E-04   
1.9904E-03   -5.5544E-04   
7.5350E-05   -1.0356E-03   
7.1657E-05   -1.0526E-03   
6.9008E-05   -1.0669E-03   
6.6567E-05   -1.0790E-03   
6.4672E-05   -1.0894E-03   
6.3513E-05   -1.0985E-03   
6.2877E-05   -1.1066E-03   
6.2612E-05   -1.1140E-03   
6.2644E-05   -1.1210E-03   
2.6491E-03   -2.3435E-05   
6.2946E-05   -1.1280E-03   
2.6560E-03   -1.8501E-05   
6.3510E-05   -1.1351E-03   
2.6630E-03   -1.4935E-05   
6.4330E-05   -1.1426E-03   
2.6714E-03   -1.2277E-05   
6.5389E-05   -1.1505E-03   
2.6820E-03   -1.0433E-05   
6.6669E-05   -1.1592E-03   
2.6955E-03   -9.2253E-06   
6.8161E-05   -1.1687E-03   
2.7125E-03   -8.5479E-06   
6.9844E-05   -1.1792E-03   
2.7334E-03   -8.3005E-06   
7.1710E-05   -1.1908E-03   
2.7586E-03   -8.3844E-06   
7.3757E-05   -1.2037E-03   
2.7883E-03   -8.7218E-06   
7.5893E-05   -1.2178E-03   
2.8229E-03   -9.2825E-06   
7.8078E-05   -1.2334E-03   
2.8626E-03   -1.0021E-05   
8.0543E-05   -1.2506E-03   
2.9075E-03   -1.0880E-05   
8.3383E-05   -1.2695E-03   
2.9576E-03   -1.1813E-05   
8.6367E-05   -1.2901E-03   
3.0132E-03   -1.2710E-05   
8.9400E-05   -1.3125E-03   
3.0738E-03   -1.3739E-05   
9.2461E-05   -1.3367E-03   
3.1396E-03   -1.4856E-05   
9.5449E-05   -1.3627E-03   
3.2107E-03   -1.6156E-05   
9.9489E-05   -1.3904E-03   
3.2880E-03   -1.7333E-05   
1.0426E-04   -1.4203E-03   
3.3716E-03   -1.8183E-05   
1.0681E-04   -1.4526E-03   
3.4613E-03   -1.8986E-05   
1.0945E-04   -1.4868E-03   
3.5579E-03   -1.9784E-05   
1.1720E-04   -1.5235E-03   
3.6616E-03   -2.0145E-05   
1.2176E-04   -1.5637E-03   
3.7689E-03   -1.9709E-05   
1.2257E-04   -1.6062E-03   
3.8803E-03   -2.0395E-05   
1.2728E-04   -1.6504E-03   
3.9999E-03   -2.0642E-05   
1.3477E-04   -1.6980E-03   
1.3638E-03   -7.5403E-04   
2.1261E-03   -4.4171E-04   
2.3552E-03   -3.1617E-04   
1.0121E-03   -8.5900E-04   
2.6234E-03   -7.1240E-05   
2.7380E-04   -9.8783E-04   
1.7656E-03   -6.0157E-04   
2.5802E-03   -1.3789E-04   
4.6205E-04   -9.6793E-04   
7.4012E-04   -9.2182E-04   
6.4839E-04   -9.3909E-04   
1.9910E-03   -5.0578E-04   
1.5326E-03   -6.9521E-04   
2.4870E-03   -2.2586E-04   
2.5223E-03   -1.9639E-04   
1.6137E-03   -6.6476E-04   
1.9177E-03   -5.3749E-04   
2.4033E-03   -2.8573E-04   
2.3033E-03   -3.4702E-04   
1.1014E-03   -8.3477E-04   
8.3146E-04   -9.0262E-04   
1.6829E-04   -9.9795E-04   
1.1898E-03   -8.0909E-04   
1.6905E-03   -6.3337E-04   
1.8419E-03   -5.6929E-04   
2.4472E-03   -2.5563E-04   
2.5533E-03   -1.6709E-04   
1.2774E-03   -7.8214E-04   
2.1886E-03   -4.0984E-04   
5.5562E-04   -9.5451E-04   
9.2220E-04   -8.8165E-04   
2.2477E-03   -3.7826E-04   
2.6034E-03   -1.0769E-04   
3.6735E-04   -9.7907E-04   
2.0602E-03   -4.7384E-04   
1.4491E-03   -7.2503E-04   
7.8534E-05   -1.0153E-03   
1.5014E-04   -1.0389E-03   
1.4332E-04   -1.0554E-03   
1.3718E-04   -1.0686E-03   
1.3158E-04   -1.0798E-03   
1.2809E-04   -1.0894E-03   
1.2621E-04   -1.0977E-03   
1.2534E-04   -1.1053E-03   
2.6409E-03   -3.1864E-05   
1.2516E-04   -1.1124E-03   
1.2554E-04   -1.1193E-03   
2.6415E-03   -4.0572E-05   
1.2645E-04   -1.1262E-03   
2.6472E-03   -3.3290E-05   
1.2788E-04   -1.1334E-03   
2.6545E-03   -2.7039E-05   
1.2980E-04   -1.1410E-03   
2.6637E-03   -2.2669E-05   
1.3217E-04   -1.1493E-03   
2.6756E-03   -1.9757E-05   
1.3489E-04   -1.1584E-03   
2.6908E-03   -1.7945E-05   
1.3836E-04   -1.1683E-03   
2.7098E-03   -1.7080E-05   
1.4247E-04   -1.1792E-03   
2.7331E-03   -1.6976E-05   
1.4636E-04   -1.1915E-03   
2.7607E-03   -1.7445E-05   
1.4998E-04   -1.2051E-03   
2.7934E-03   -1.8342E-05   
1.5381E-04   -1.2199E-03   
2.8311E-03   -1.9670E-05   
1.5833E-04   -1.2362E-03   
2.8738E-03   -2.1335E-05   
1.6368E-04   -1.2541E-03   
2.9219E-03   -2.3224E-05   
1.6964E-04   -1.2738E-03   
2.9759E-03   -2.4917E-05   
1.7584E-04   -1.2954E-03   
3.0341E-03   -2.6269E-05   
1.8201E-04   -1.3187E-03   
3.0950E-03   -2.8697E-05   
1.8706E-04   -1.3438E-03   
3.1618E-03   -3.0894E-05   
1.9078E-04   -1.3701E-03   
3.2346E-03   -3.4022E-05   
2.0244E-04   -1.3973E-03   
3.3154E-03   -3.5933E-05   
2.1285E-04   -1.4282E-03   
3.4025E-03   -3.7188E-05   
2.1276E-04   -1.4618E-03   
3.4957E-03   -3.9029E-05   
2.2235E-04   -1.4952E-03   
3.5992E-03   -4.0310E-05   
2.5350E-04   -1.5329E-03   
3.7105E-03   -4.0241E-05   
2.4416E-04   -1.5781E-03   
3.8127E-03   -3.7347E-05   
2.4853E-04   -1.6206E-03   
3.9222E-03   -4.4761E-05   
2.6117E-04   -1.6651E-03   
4.1259E-03   -2.1755E-05   
1.7656E-03   -5.5994E-04   
1.8468E-03   -5.2499E-04   
1.5364E-03   -6.6187E-04   
1.9237E-03   -4.9218E-04   
1.4533E-03   -6.9404E-04   
6.6671E-04   -9.4052E-04   
7.5572E-04   -9.1969E-04   
8.4441E-04   -8.9688E-04   
9.3272E-04   -8.7222E-04   
1.0206E-03   -8.4580E-04   
5.7619E-04   -9.5958E-04   
1.1082E-03   -8.1777E-04   
1.3684E-03   -7.2618E-04   
1.9980E-03   -4.5972E-04   
1.1955E-03   -7.8833E-04   
1.2823E-03   -7.5773E-04   
4.8294E-04   -9.7701E-04   
2.0685E-03   -4.2685E-04   
2.4620E-03   -2.1469E-04   
2.5019E-03   -1.8724E-04   
2.5368E-03   -1.6058E-04   
2.4176E-03   -2.4283E-04   
3.8996E-04   -9.9175E-04   
2.1355E-03   -3.9430E-04   
2.3689E-03   -2.7158E-04   
2.2595E-03   -3.3130E-04   
2.1993E-03   -3.6243E-04   
2.3162E-03   -3.0108E-04   
3.0246E-04   -1.0010E-03   
2.2775E-04   -1.0079E-03   
2.5671E-03   -1.3412E-04   
2.5937E-03   -1.0722E-04   
2.6168E-03   -7.9699E-05   
1.5629E-04   -1.0220E-03   
2.1598E-04   -1.0535E-03   
2.0252E-04   -1.0666E-03   
1.9460E-04   -1.0769E-03   
1.9046E-04   -1.0857E-03   
1.8845E-04   -1.0933E-03   
1.8775E-04   -1.1004E-03   
2.6350E-03   -5.0609E-05   
1.8800E-04   -1.1071E-03   
1.8906E-04   -1.1139E-03   
2.6232E-03   -5.7669E-05   
1.9089E-04   -1.1208E-03   
2.6304E-03   -4.5284E-05   
1.9347E-04   -1.1281E-03   
2.6383E-03   -3.7453E-05   
1.9675E-04   -1.1360E-03   
2.6485E-03   -3.2212E-05   
2.0046E-04   -1.1446E-03   
2.6620E-03   -2.8884E-05   
2.0543E-04   -1.1538E-03   
2.6794E-03   -2.6887E-05   
2.1341E-04   -1.1637E-03   
2.7006E-03   -2.6270E-05   
2.1957E-04   -1.1754E-03   
2.7260E-03   -2.6702E-05   
2.2321E-04   -1.1886E-03   
2.7566E-03   -2.7747E-05   
2.2813E-04   -1.2028E-03   
2.7928E-03   -2.9338E-05   
2.3346E-04   -1.2184E-03   
2.8333E-03   -3.1713E-05   
2.4059E-04   -1.2353E-03   
2.8789E-03   -3.4592E-05   
2.5012E-04   -1.2538E-03   
2.9317E-03   -3.7326E-05   
2.5985E-04   -1.2744E-03   
2.9919E-03   -3.9324E-05   
2.6922E-04   -1.2971E-03   
3.0493E-03   -3.9331E-05   
2.7711E-04   -1.3219E-03   
3.1051E-03   -4.6806E-05   
2.7972E-04   -1.3487E-03   
2.7444E-04   -1.3739E-03   
3.2117E-04   -1.4360E-03   
3.4235E-03   -5.7756E-05   
3.5799E-04   -1.5506E-03   
3.7332E-04   -1.6281E-03   
3.6394E-03   -6.2167E-05   
4.2647E-03   -2.3329E-05   
2.5505E-03   -1.3085E-04   
2.5799E-03   -1.0635E-04   
2.6068E-03   -8.1442E-05   
1.6182E-03   -5.9940E-04   
1.5471E-03   -6.2790E-04   
5.9724E-04   -9.6043E-04   
5.0487E-04   -9.8189E-04   
9.4609E-04   -8.5938E-04   
6.8591E-04   -9.3781E-04   
1.0326E-03   -8.2951E-04   
7.7310E-04   -9.1352E-04   
1.4640E-03   -6.6236E-04   
1.9377E-03   -4.5170E-04   
8.5970E-04   -8.8742E-04   
2.4347E-03   -2.0501E-04   
2.3856E-03   -2.3220E-04   
1.1192E-03   -7.9807E-04   
1.2059E-03   -7.6531E-04   
2.2142E-03   -3.1949E-04   
2.2752E-03   -2.8932E-04   
2.4795E-03   -1.7855E-04   
4.0873E-04   -1.0013E-03   
2.5179E-03   -1.5436E-04   
1.3787E-03   -6.9707E-04   
2.1496E-03   -3.5100E-04   
1.2926E-03   -7.3154E-04   
2.3324E-03   -2.6027E-04   
2.0109E-03   -4.1732E-04   
2.0817E-03   -3.8371E-04   
2.7782E-04   -1.0502E-03   
2.6295E-04   -1.0616E-03   
2.5579E-04   -1.0706E-03   
2.5214E-04   -1.0783E-03   
2.5059E-04   -1.0853E-03   
2.5049E-04   -1.0918E-03   
2.5154E-04   -1.0983E-03   
2.5360E-04   -1.1049E-03   
2.6259E-03   -6.1508E-05   
2.6004E-03   -6.7353E-05   
2.5662E-04   -1.1119E-03   
2.6064E-03   -5.5710E-05   
2.6060E-04   -1.1193E-03   
2.6152E-03   -4.7212E-05   
2.6530E-04   -1.1274E-03   
2.6267E-03   -4.1841E-05   
2.7072E-04   -1.1361E-03   
2.6419E-03   -3.8679E-05   
2.7822E-04   -1.1452E-03   
2.6625E-03   -3.6592E-05   
2.9878E-04   -1.1537E-03   
2.6848E-03   -3.6879E-05   
2.9570E-04   -1.1688E-03   
2.7120E-03   -3.8133E-05   
3.0178E-04   -1.1824E-03   
2.7476E-03   -3.9797E-05   
3.0780E-04   -1.1978E-03   
2.7871E-03   -4.1971E-05   
3.2595E-04   -1.2306E-03   
3.7031E-04   -1.3556E-03   
2.8775E-03   -5.0368E-05   
3.4247E-04   -1.2493E-03   
3.5500E-04   -1.2714E-03   
3.7704E-04   -1.3234E-03   
3.1795E-03   -4.6195E-05   
3.3434E-03   -5.3068E-05   
3.4411E-03   -8.1225E-05   
2.9390E-03   -5.3914E-05   
4.9394E-04   -1.5891E-03   
3.5516E-03   -8.4093E-05   
3.7402E-04   -1.5183E-03   
3.0784E-03   -6.5951E-05   
4.4423E-04   -1.4068E-03   
2.5922E-03   -8.3570E-05   
2.5609E-03   -1.0759E-04   
2.5324E-03   -1.2926E-04   
1.8103E-03   -4.7921E-04   
1.7807E-03   -5.1752E-04   
1.8777E-03   -4.4714E-04   
1.4838E-03   -6.2998E-04   
2.4544E-03   -1.7150E-04   
6.2222E-04   -9.5647E-04   
2.4995E-03   -1.4631E-04   
5.3144E-04   -9.8140E-04   
4.3712E-04   -1.0045E-03   
7.0893E-04   -9.3064E-04   
9.6248E-04   -8.4371E-04   
8.7746E-04   -8.7485E-04   
1.3954E-03   -6.6698E-04   
7.9350E-04   -9.0368E-04   
1.0482E-03   -8.1071E-04   
1.9532E-03   -4.1246E-04   
2.2328E-03   -2.8097E-04   
2.4048E-03   -1.9753E-04   
1.1345E-03   -7.7621E-04   
2.2942E-03   -2.5192E-04   
2.3515E-03   -2.2420E-04   
2.1677E-03   -3.1166E-04   
1.2212E-03   -7.4051E-04   
1.3083E-03   -7.0400E-04   
2.0991E-03   -3.4396E-04   
2.0274E-03   -3.7772E-04   
2.7507E-04   -1.0286E-03   
3.3008E-04   -1.0445E-03   
3.2146E-04   -1.0532E-03   
3.1631E-04   -1.0607E-03   
3.1373E-04   -1.0674E-03   
3.1310E-04   -1.0736E-03   
3.1401E-04   -1.0797E-03   
3.1616E-04   -1.0860E-03   
3.1946E-04   -1.0925E-03   
2.5655E-03   -7.9911E-05   
3.2399E-04   -1.0995E-03   
2.5765E-03   -6.5319E-05   
3.2966E-04   -1.1070E-03   
3.3565E-04   -1.1154E-03   
2.5863E-03   -5.7203E-05   
2.5983E-03   -5.2495E-05   
3.3990E-04   -1.1250E-03   
2.6139E-03   -5.0619E-05   
3.5924E-04   -1.1491E-03   
2.6556E-03   -5.0926E-05   
3.7380E-04   -1.1587E-03   
2.7358E-03   -5.3902E-05   
2.6945E-03   -5.1882E-05   
3.8598E-04   -1.1732E-03   
4.2750E-04   -1.2178E-03   
3.1287E-04   -1.2143E-03   
4.4131E-04   -1.2415E-03   
4.5785E-04   -1.2649E-03   
4.6153E-04   -1.5243E-03   
4.5481E-04   -1.4891E-03   
4.7588E-04   -1.2908E-03   
2.8725E-03   -6.9384E-05   
3.1503E-03   -6.2244E-05   
3.0125E-03   -8.0067E-05   
3.3276E-03   -7.6108E-05   
2.9398E-03   -7.3768E-05   
2.8282E-03   -4.6087E-05   
4.9864E-04   -1.3219E-03   
4.2467E-04   -1.4524E-03   
4.6763E-04   -1.3653E-03   
3.6664E-03   -8.6283E-05   
4.7204E-04   -1.6314E-03   
4.4696E-04   -1.5583E-03   
3.4591E-03   -1.0658E-04   
1.7257E-03   -5.0345E-04   
2.5709E-03   -8.9174E-05   
2.4752E-03   -1.4195E-04   
6.5318E-04   -9.4724E-04   
2.4248E-03   -1.6744E-04   
5.6708E-04   -9.7454E-04   
3.9204E-04   -1.0209E-03   
1.4184E-03   -6.3515E-04   
8.9764E-04   -8.5969E-04   
8.1503E-04   -8.9132E-04   
7.3490E-04   -9.2006E-04   
1.8951E-03   -4.1420E-04   
9.8211E-04   -8.2567E-04   
2.2545E-03   -2.4658E-04   
1.0677E-03   -7.8985E-04   
2.3155E-03   -2.1889E-04   
2.3720E-03   -1.9267E-04   
2.1893E-03   -2.7619E-04   
1.1541E-03   -7.5260E-04   
1.3292E-03   -6.7514E-04   
1.9726E-03   -3.7667E-04   
2.1203E-03   -3.0777E-04   
1.2414E-03   -7.1427E-04   
2.0479E-03   -3.4134E-04   
3.9628E-04   -1.0258E-03   
3.8837E-04   -1.0334E-03   
1.6126E-03   -5.5169E-04   
3.8184E-04   -1.0406E-03   
1.5117E-03   -5.9380E-04   
3.7757E-04   -1.0470E-03   
3.7599E-04   -1.0529E-03   
3.7653E-04   -1.0585E-03   
3.7868E-04   -1.0642E-03   
3.8225E-04   -1.0702E-03   
3.8722E-04   -1.0767E-03   
4.4302E-04   -1.1297E-03   
2.5353E-03   -8.5285E-05   
3.9363E-04   -1.0836E-03   
4.0134E-04   -1.0914E-03   
2.5430E-03   -7.4995E-05   
4.0911E-04   -1.1006E-03   
2.5516E-03   -6.8489E-05   
2.5622E-03   -6.5341E-05   
3.4167E-04   -1.1344E-03   
2.6351E-03   -6.5943E-05   
4.6225E-04   -1.1438E-03   
4.6114E-04   -1.1885E-03   
3.1089E-03   -8.6034E-05   
2.9304E-03   -9.6783E-05   
2.7275E-03   -7.1790E-05   
5.4604E-04   -1.2302E-03   
2.6752E-03   -6.8215E-05   
5.7114E-04   -1.2531E-03   
3.8896E-04   -1.1913E-03   
5.5643E-04   -1.5370E-03   
5.9109E-04   -1.2792E-03   
3.2164E-03   -8.3877E-05   
5.7230E-04   -1.3736E-03   
5.5379E-04   -1.4149E-03   
2.8070E-03   -6.5239E-05   
5.7083E-04   -1.4917E-03   
5.2636E-04   -1.2088E-03   
2.8639E-03   -9.1057E-05   
3.5723E-03   -1.0932E-04   
3.3532E-03   -1.0232E-04   
2.4885E-03   -1.1980E-04   
2.4418E-03   -1.4292E-04   
2.5292E-03   -1.1194E-04   
5.2605E-04   -9.8906E-04   
6.8798E-04   -9.3455E-04   
1.8331E-03   -4.1961E-04   
8.3744E-04   -8.7696E-04   
2.3913E-03   -1.6636E-04   
7.5646E-04   -9.0898E-04   
9.2050E-04   -8.4242E-04   
3.1961E-04   -1.0301E-03   
1.0051E-03   -8.0574E-04   
1.3556E-03   -6.4513E-04   
2.2137E-03   -2.4442E-04   
2.3367E-03   -1.9081E-04   
2.2776E-03   -2.1666E-04   
1.9163E-03   -3.7999E-04   
1.0910E-03   -7.6731E-04   
2.1447E-03   -2.7497E-04   
1.1781E-03   -7.2757E-04   
1.2663E-03   -6.8679E-04   
1.9957E-03   -3.4280E-04   
2.0719E-03   -3.0785E-04   
1.4487E-03   -6.0191E-04   
4.5952E-04   -1.0108E-03   
4.5115E-04   -1.0176E-03   
4.4301E-04   -1.0244E-03   
4.7116E-04   -1.0025E-03   
4.3955E-04   -1.0300E-03   
1.5458E-03   -5.5733E-04   
1.6468E-03   -5.1093E-04   
4.3930E-04   -1.0351E-03   
2.5236E-03   -9.9369E-05   
1.7440E-03   -4.6405E-04   
4.4130E-04   -1.0401E-03   
4.4510E-04   -1.0454E-03   
4.5749E-04   -1.0574E-03   
2.4995E-03   -9.4438E-05   
4.6686E-04   -1.0642E-03   
4.7990E-04   -1.0715E-03   
2.5025E-03   -8.7089E-05   
2.5104E-03   -8.1974E-05   
4.6994E-04   -1.1056E-03   
4.8588E-04   -1.1600E-03   
2.6058E-03   -8.4000E-05   
2.8029E-03   -8.6145E-05   
6.5667E-04   -1.2125E-03   
4.0668E-04   -1.1140E-03   
3.0016E-03   -1.0409E-04   
5.3211E-04   -1.1126E-03   
2.8468E-03   -1.1535E-04   
5.1671E-04   -1.1903E-03   
6.7674E-04   -1.3807E-03   
6.2472E-04   -1.1937E-03   
6.1793E-04   -1.2994E-03   
2.7521E-03   -8.3744E-05   
3.2650E-03   -9.9207E-05   
2.6467E-03   -8.8372E-05   
5.9576E-04   -1.3324E-03   
5.5617E-04   -1.4532E-03   
3.3620E-03   -1.2957E-04   
3.6768E-03   -1.0988E-04   
5.8348E-04   -1.6149E-03   
7.1209E-04   -1.4957E-03   
3.1804E-03   -7.1855E-05   
2.4073E-03   -1.4566E-04   
6.9143E-04   -9.3134E-04   
1.3874E-03   -6.1422E-04   
7.8066E-04   -8.9551E-04   
8.6314E-04   -8.6044E-04   
2.3558E-03   -1.6838E-04   
9.4650E-04   -8.2336E-04   
1.8589E-03   -3.8772E-04   
2.2403E-03   -2.1657E-04   
2.3013E-03   -1.9157E-04   
1.0317E-03   -7.8420E-04   
2.1722E-03   -2.4549E-04   
1.2958E-03   -6.5838E-04   
1.1184E-03   -7.4340E-04   
1.9426E-03   -3.4840E-04   
1.2066E-03   -7.0136E-04   
2.0993E-03   -2.7729E-04   
2.0226E-03   -3.1170E-04   
5.3223E-04   -9.8958E-04   
5.1001E-04   -9.9992E-04   
2.4953E-03   -1.0468E-04   
5.0415E-04   -1.0052E-03   
1.6776E-03   -4.7519E-04   
1.4829E-03   -5.6850E-04   
1.7707E-03   -4.3011E-04   
5.0295E-04   -1.0095E-03   
5.0436E-04   -1.0138E-03   
1.5805E-03   -5.2190E-04   
5.0816E-04   -1.0183E-03   
5.1398E-04   -1.0232E-03   
5.2153E-04   -1.0286E-03   
2.5209E-03   -8.0121E-05   
5.3171E-04   -1.0345E-03   
4.9725E-04   -1.0810E-03   
5.4638E-04   -1.0402E-03   
2.4482E-03   -1.1012E-04   
2.7305E-03   -1.0314E-04   
2.4551E-03   -1.0178E-04   
5.5540E-04   -1.1242E-03   
5.6677E-04   -1.1592E-03   
2.5705E-03   -8.1597E-05   
5.2242E-04   -1.1004E-03   
2.6870E-03   -9.5864E-05   
7.1647E-04   -1.1762E-03   
7.2325E-04   -1.2916E-03   
6.0147E-04   -1.1748E-03   
6.8509E-04   -1.2699E-03   
2.5682E-03   -1.0621E-04   
3.1628E-03   -1.1289E-04   
8.0651E-04   -1.3421E-03   
3.2619E-03   -1.2342E-04   
6.5010E-04   -1.4187E-03   
3.3659E-03   -1.5959E-04   
7.3019E-04   -1.5898E-03   
3.6054E-03   -1.3799E-04   
3.7795E-03   -9.3091E-05   
8.1285E-04   -1.5269E-03   
3.0617E-03   -1.1517E-04   
2.4225E-03   -1.2858E-04   
6.0866E-04   -9.6214E-04   
7.3345E-04   -9.1227E-04   
8.1108E-04   -8.7867E-04   
1.3294E-03   -6.2946E-04   
8.9211E-04   -8.4200E-04   
2.3236E-03   -1.7240E-04   
2.2715E-03   -1.9139E-04   
9.7589E-04   -8.0274E-04   
5.6919E-04   -9.7775E-04   
2.2036E-03   -2.1859E-04   
1.8890E-03   -3.5754E-04   
1.0620E-03   -7.6132E-04   
1.2387E-03   -6.7440E-04   
2.1303E-03   -2.4940E-04   
1.1498E-03   -7.1838E-04   
1.9728E-03   -3.1887E-04   
2.0532E-03   -2.8285E-04   
5.6846E-04   -9.7946E-04   
1.4232E-03   -5.8309E-04   
1.7104E-03   -4.4273E-04   
1.8014E-03   -3.9894E-04   
5.6833E-04   -9.8198E-04   
1.6156E-03   -4.8878E-04   
5.6815E-04   -9.8569E-04   
5.7161E-04   -9.8924E-04   
1.5192E-03   -5.3590E-04   
2.4645E-03   -1.1167E-04   
5.9628E-04   -1.0026E-03   
5.7771E-04   -9.9308E-04   
2.4627E-03   -9.8133E-05   
5.8593E-04   -9.9749E-04   
2.5697E-03   -6.6138E-05   
5.6827E-04   -1.0719E-03   
5.6603E-04   -1.0458E-03   
6.0065E-04   -1.0792E-03   
6.1065E-04   -1.0074E-03   
2.3975E-03   -1.2442E-04   
2.6079E-03   -1.1265E-04   
2.5319E-03   -1.0211E-04   
6.1103E-04   -1.0933E-03   
7.0236E-04   -1.1556E-03   
7.9245E-04   -1.2426E-03   
3.2628E-03   -1.5326E-04   
2.6505E-03   -1.2052E-04   
6.7330E-04   -1.1375E-03   
2.9770E-03   -1.3116E-04   
8.3112E-04   -1.2958E-03   
3.0536E-03   -1.4423E-04   
7.8278E-04   -1.3938E-03   
5.8255E-04   -1.1336E-03   
3.4788E-03   -1.6520E-04   
2.7844E-03   -1.0921E-04   
3.8994E-03   -7.4451E-05   
8.9011E-04   -1.4642E-03   
6.2491E-04   -9.5629E-04   
2.3692E-03   -1.5143E-04   
7.6568E-04   -8.9614E-04   
8.4358E-04   -8.6044E-04   
9.2480E-04   -8.2190E-04   
1.2744E-03   -6.4708E-04   
2.3174E-03   -1.6390E-04   
6.7043E-04   -9.3805E-04   
2.2402E-03   -1.9323E-04   
1.3667E-03   -6.0032E-04   
1.0094E-03   -7.8053E-04   
2.1645E-03   -2.2393E-04   
1.0965E-03   -7.3709E-04   
1.1849E-03   -6.9247E-04   
1.9227E-03   -3.2921E-04   
2.0872E-03   -2.5627E-04   
2.0065E-03   -2.9127E-04   
6.4165E-04   -9.5021E-04   
1.6525E-03   -4.5785E-04   
1.8355E-03   -3.6981E-04   
1.7454E-03   -4.1276E-04   
2.5409E-03   -7.9732E-05   
6.3304E-04   -9.5612E-04   
1.4614E-03   -5.5261E-04   
6.3577E-04   -9.5864E-04   
1.5571E-03   -5.0482E-04   
2.4029E-03   -1.1897E-04   
6.6101E-04   -9.6864E-04   
6.4189E-04   -9.6129E-04   
6.7478E-04   -9.7298E-04   
6.5037E-04   -9.6456E-04   
7.0892E-04   -1.0501E-03   
2.3844E-03   -1.3598E-04   
2.4714E-03   -9.7981E-05   
6.2935E-04   -1.0121E-03   
2.6452E-03   -4.6144E-05   
7.4710E-04   -1.0931E-03   
2.5007E-03   -1.0010E-04   
2.7578E-03   -1.3587E-04   
2.6994E-03   -1.2832E-04   
2.5641E-03   -1.3993E-04   
2.5237E-03   -1.3227E-04   
2.9333E-03   -1.6114E-04   
2.4869E-03   -1.2647E-04   
6.4560E-04   -1.1246E-03   
8.2244E-04   -1.1341E-03   
5.8609E-04   -1.0508E-03   
6.6251E-04   -1.0437E-03   
8.5340E-04   -1.1934E-03   
3.0818E-03   -1.7046E-04   
8.5243E-04   -1.2563E-03   
6.6020E-04   -1.0968E-03   
3.3673E-03   -1.9209E-04   
8.2302E-04   -1.4342E-03   
4.0494E-03   -3.9188E-05   
9.3709E-04   -1.2973E-03   
3.8910E-03   -1.0246E-04   
3.2617E-03   -1.8558E-04   
2.9132E-03   -1.2161E-04   
9.1903E-04   -1.3421E-03   
6.9231E-04   -9.2829E-04   
8.0210E-04   -8.7780E-04   
8.7950E-04   -8.4078E-04   
1.3133E-03   -6.1972E-04   
2.2796E-03   -1.6898E-04   
9.6086E-04   -8.0047E-04   
1.2231E-03   -6.6628E-04   
2.1999E-03   -2.0131E-04   
1.0470E-03   -7.5690E-04   
1.1347E-03   -7.1191E-04   
2.1246E-03   -2.3196E-04   
1.6913E-03   -4.2912E-04   
1.9590E-03   -3.0300E-04   
2.0441E-03   -2.6555E-04   
1.8716E-03   -3.4316E-04   
6.9276E-04   -9.2870E-04   
1.7827E-03   -3.8507E-04   
2.3449E-03   -1.4612E-04   
1.4065E-03   -5.7179E-04   
1.5970E-03   -4.7553E-04   
7.0065E-04   -9.2702E-04   
1.5015E-03   -5.2340E-04   
7.0717E-04   -9.2796E-04   
7.3983E-04   -9.3656E-04   
7.2625E-04   -9.3296E-04   
2.3425E-03   -1.4212E-04   
7.1543E-04   -9.3005E-04   
2.4084E-03   -1.1735E-04   
2.6026E-03   -6.6515E-05   
6.9033E-04   -9.7805E-04   
2.4547E-03   -1.2269E-04   
2.4737E-03   -1.6185E-04   
6.3843E-04   -1.0381E-03   
2.4725E-03   -1.0255E-04   
2.4362E-03   -1.5468E-04   
2.5143E-03   -1.7109E-04   
8.4271E-04   -1.0754E-03   
2.8257E-03   -1.4221E-04   
2.6617E-03   -1.5806E-04   
6.5815E-04   -1.0157E-03   
2.8148E-03   -1.7465E-04   
9.4417E-04   -1.2038E-03   
7.7935E-04   -1.1820E-03   
8.9394E-04   -1.0822E-03   
7.7801E-04   -1.0525E-03   
3.2577E-03   -2.2045E-04   
3.4767E-03   -1.9845E-04   
9.7439E-04   -1.2434E-03   
9.2732E-04   -1.3821E-03   
3.9922E-03   -8.5253E-05   
1.0239E-03   -1.2999E-03   
7.2621E-04   -9.1302E-04   
8.4312E-04   -8.5743E-04   
1.2636E-03   -6.4047E-04   
9.1438E-04   -8.2176E-04   
2.2266E-03   -1.8612E-04   
1.3545E-03   -5.9297E-04   
9.9983E-04   -7.7814E-04   
1.1751E-03   -6.8684E-04   
2.1632E-03   -2.1095E-04   
1.7319E-03   -4.0277E-04   
1.0871E-03   -7.3284E-04   
1.6388E-03   -4.4816E-04   
7.6968E-04   -8.9301E-04   
2.0880E-03   -2.4167E-04   
1.9082E-03   -3.1988E-04   
1.8212E-03   -3.6022E-04   
7.7639E-04   -8.9213E-04   
1.5436E-03   -4.9575E-04   
1.4483E-03   -5.4438E-04   
2.3446E-03   -1.3929E-04   
2.4293E-03   -1.2079E-04   
8.0559E-04   -8.9847E-04   
7.8212E-04   -8.9396E-04   
7.1425E-04   -1.0084E-03   
7.9216E-04   -8.9588E-04   
2.4149E-03   -1.1905E-04   
7.5509E-04   -9.4131E-04   
9.4242E-04   -1.0381E-03   
2.3803E-03   -1.8663E-04   
7.0292E-04   -9.8461E-04   
2.4177E-03   -1.9546E-04   
2.4022E-03   -1.4952E-04   
2.5601E-03   -1.8206E-04   
8.5989E-04   -1.0447E-03   
1.1546E-03   -1.2707E-03   
9.6610E-04   -1.0871E-03   
2.8741E-03   -1.9560E-04   
2.7277E-03   -1.6687E-04   
3.4749E-03   -2.3231E-04   
8.1477E-04   -1.0171E-03   
1.0414E-03   -1.3308E-03   
3.1529E-03   -2.1318E-04   
3.5885E-03   -1.7280E-04   
1.0649E-03   -1.1877E-03   
9.2937E-04   -1.1357E-03   
9.7831E-04   -1.1562E-03   
3.2509E-03   -2.5828E-04   
2.2806E-03   -1.6361E-04   
1.3059E-03   -6.1556E-04   
1.2173E-03   -6.6244E-04   
8.5894E-04   -8.4975E-04   
2.0628E-03   -2.4967E-04   
2.3548E-03   -1.4310E-04   
9.5356E-04   -8.0141E-04   
1.6828E-03   -4.2292E-04   
2.2077E-03   -1.9062E-04   
1.7740E-03   -3.7904E-04   
2.1290E-03   -2.2219E-04   
1.0412E-03   -7.5557E-04   
1.5881E-03   -4.6979E-04   
1.3977E-03   -5.6736E-04   
1.4924E-03   -5.1837E-04   
8.5168E-04   -8.5627E-04   
1.9358E-03   -3.0468E-04   
1.8607E-03   -3.3853E-04   
8.7170E-04   -8.5938E-04   
8.5891E-04   -8.5796E-04   
7.6710E-04   -9.4984E-04   
8.2136E-04   -9.0223E-04   
2.3479E-03   -1.3991E-04   
8.9713E-04   -9.7502E-04   
2.3726E-03   -1.4627E-04   
2.3201E-03   -2.2231E-04   
8.8579E-04   -1.0069E-03   
2.3453E-03   -1.8018E-04   
2.4573E-03   -2.0687E-04   
3.0449E-03   -2.0489E-04   
2.6169E-03   -1.9324E-04   
1.0187E-03   -1.0388E-03   
7.6629E-04   -9.6893E-04   
7.4213E-04   -1.0143E-03   
2.9856E-03   -1.8146E-04   
2.7632E-03   -2.1635E-04   
1.0420E-03   -1.0854E-03   
1.1728E-03   -1.3136E-03   
1.2088E-03   -1.2101E-03   
9.7417E-04   -9.9532E-04   
3.1619E-03   -1.7823E-04   
3.3649E-03   -2.6175E-04   
3.5847E-03   -2.0458E-04   
3.6896E-03   -1.5312E-04   
1.0669E-03   -1.1072E-03   
1.1856E-03   -1.1489E-03   
2.0915E-03   -2.3722E-04   
1.1719E-03   -6.8671E-04   
1.2587E-03   -6.4040E-04   
2.2799E-03   -1.6664E-04   
1.9081E-03   -3.1659E-04   
1.8198E-03   -3.5698E-04   
2.1563E-03   -2.1101E-04   
1.3490E-03   -5.9255E-04   
1.7292E-03   -3.9982E-04   
1.6353E-03   -4.4564E-04   
1.0865E-03   -7.3234E-04   
1.5391E-03   -4.9393E-04   
1.4430E-03   -5.4332E-04   
9.1635E-04   -8.2182E-04   
9.2567E-04   -8.2019E-04   
9.3739E-04   -8.2028E-04   
8.8802E-04   -8.6171E-04   
8.3621E-04   -9.0900E-04   
9.9599E-04   -7.8065E-04   
2.2792E-03   -1.6348E-04   
2.2518E-03   -2.0917E-04   
2.0019E-03   -2.7487E-04   
2.2843E-03   -2.1467E-04   
8.9008E-04   -9.5490E-04   
8.1649E-04   -9.7028E-04   
1.1509E-03   -1.0533E-03   
2.3572E-03   -2.3234E-04   
8.4712E-04   -9.2063E-04   
2.2774E-03   -1.7599E-04   
1.0777E-03   -9.8377E-04   
2.4988E-03   -2.2215E-04   
1.0041E-03   -9.4853E-04   
2.8270E-03   -2.2807E-04   
2.9601E-03   -2.3835E-04   
2.6887E-03   -2.0387E-04   
3.7982E-03   -1.5259E-04   
1.2543E-03   -1.0929E-03   
1.1984E-03   -1.0731E-03   
1.3052E-03   -1.2148E-03   
3.2552E-03   -2.9616E-04   
1.2087E-03   -1.3559E-03   
3.4685E-03   -2.6665E-04   
3.6976E-03   -1.7945E-04   
2.1393E-03   -2.1969E-04   
1.2110E-03   -6.6831E-04   
1.1268E-03   -7.1328E-04   
1.8702E-03   -3.3596E-04   
2.2111E-03   -1.9025E-04   
1.7791E-03   -3.7834E-04   
1.3005E-03   -6.2064E-04   
1.6859E-03   -4.2314E-04   
1.3946E-03   -5.7099E-04   
1.5894E-03   -4.7095E-04   
1.0013E-03   -7.8242E-04   
1.4914E-03   -5.2075E-04   
9.5439E-04   -8.2052E-04   
2.0544E-03   -2.5498E-04   
2.1860E-03   -2.4642E-04   
1.0571E-03   -7.5038E-04   
9.2052E-04   -8.7551E-04   
9.7428E-04   -8.2257E-04   
9.3683E-04   -9.1306E-04   
1.9621E-03   -2.9462E-04   
2.2223E-03   -2.5178E-04   
2.8421E-03   -2.5859E-04   
2.2029E-03   -1.9821E-04   
2.2587E-03   -2.5980E-04   
9.9059E-04   -9.1878E-04   
2.3912E-03   -2.4631E-04   
2.5616E-03   -2.3551E-04   
2.2209E-03   -2.0686E-04   
1.3348E-03   -1.0343E-03   
1.0914E-03   -9.4184E-04   
1.2129E-03   -9.4179E-04   
2.9229E-03   -2.1715E-04   
3.8368E-03   -1.8591E-04   
1.2829E-03   -1.0123E-03   
2.6449E-03   -2.4592E-04   
2.9361E-03   -2.7279E-04   
3.1448E-03   -3.3998E-04   
1.3334E-03   -1.1073E-03   
1.3587E-03   -1.1511E-03   
3.1072E-03   -2.9848E-04   
3.8807E-03   -1.2762E-04   
3.5852E-03   -2.3721E-04   
1.0469E-03   -1.4196E-03   
1.0901E-03   -1.0434E-03   
1.1601E-03   -7.0047E-04   
1.0770E-03   -7.4399E-04   
1.8328E-03   -3.5842E-04   
2.1142E-03   -2.3568E-04   
1.7399E-03   -4.0243E-04   
1.3453E-03   -6.0234E-04   
1.0183E-03   -7.8050E-04   
1.6432E-03   -4.4968E-04   
9.9406E-04   -8.2850E-04   
1.4436E-03   -5.5090E-04   
9.3237E-04   -8.8951E-04   
1.5435E-03   -4.9966E-04   
1.9250E-03   -3.1630E-04   
1.0414E-03   -7.7868E-04   
2.1188E-03   -2.8724E-04   
2.1902E-03   -2.0996E-04   
2.0161E-03   -2.7626E-04   
2.1547E-03   -2.4216E-04   
2.1705E-03   -2.8563E-04   
2.2967E-03   -2.6967E-04   
1.4281E-03   -9.7118E-04   
1.1318E-03   -8.9518E-04   
1.2595E-03   -9.5473E-04   
1.1709E-03   -9.3040E-04   
2.7030E-03   -2.9780E-04   
3.5679E-03   -2.6973E-04   
1.3913E-03   -1.2254E-03   
1.0501E-03   -8.6764E-04   
1.2159E-03   -1.0002E-03   
2.6071E-03   -2.8996E-04   
3.0321E-03   -2.7619E-04   
3.9250E-03   -1.4746E-04   
3.7261E-03   -2.4247E-04   
3.1849E-03   -3.7395E-04   
1.5170E-03   -1.1040E-03   
1.1812E-03   -1.4191E-03   
2.5132E-03   -2.8269E-04   
9.4842E-04   -1.4147E-03   
1.7971E-03   -3.8356E-04   
2.1318E-03   -2.3856E-04   
1.8897E-03   -3.4029E-04   
1.7012E-03   -4.2984E-04   
1.3949E-03   -5.8480E-04   
1.1038E-03   -7.3737E-04   
8.5901E-04   -9.3268E-04   
1.0097E-03   -8.4045E-04   
1.9813E-03   -2.9899E-04   
1.0694E-03   -7.7870E-04   
2.0830E-03   -2.8258E-04   
1.2500E-03   -6.5285E-04   
1.4976E-03   -5.3173E-04   
1.3665E-03   -9.4281E-04   
1.2745E-03   -8.9039E-04   
2.1900E-03   -3.0001E-04   
1.2050E-03   -8.9055E-04   
1.0217E-03   -8.5723E-04   
1.0900E-03   -8.7032E-04   
1.0779E-03   -8.9603E-04   
1.3523E-03   -8.9595E-04   
1.4674E-03   -1.0036E-03   
2.8031E-03   -3.0829E-04   
3.4459E-03   -3.0872E-04   
2.5676E-03   -3.3668E-04   
1.9944E-03   -3.3232E-04   
2.3817E-03   -3.2689E-04   
2.9227E-03   -3.2036E-04   
1.5406E-03   -1.1780E-03   
1.2673E-03   -1.2624E-03   
2.4758E-03   -3.2983E-04   
3.1416E-03   -2.5097E-04   
1.5981E-03   -1.1176E-03   
1.4509E-03   -1.0907E-03   
3.3274E-03   -3.6176E-04   
3.0380E-03   -3.9029E-04   
1.8565E-03   -3.6608E-04   
1.7660E-03   -4.0975E-04   
2.0506E-03   -2.7915E-04   
1.0930E-03   -7.8641E-04   
2.0585E-03   -2.6492E-04   
1.9480E-03   -3.2398E-04   
1.6665E-03   -4.5913E-04   
1.1382E-03   -7.3088E-04   
1.4511E-03   -5.6733E-04   
1.5581E-03   -5.1304E-04   
1.3941E-03   -8.4015E-04   
1.3204E-03   -8.4020E-04   
1.1965E-03   -6.8934E-04   
1.1040E-03   -8.2579E-04   
1.1024E-03   -8.0515E-04   
1.1598E-03   -8.1975E-04   
1.2942E-03   -6.3783E-04   
2.2486E-03   -3.0991E-04   
1.9230E-03   -3.8254E-04   
2.3478E-03   -3.7284E-04   
1.1784E-03   -8.4404E-04   
2.2698E-03   -3.4024E-04   
1.5751E-03   -1.0446E-03   
2.6594E-03   -3.4671E-04   
1.5799E-03   -9.3625E-04   
1.2417E-03   -1.1642E-03   
1.6927E-03   -1.1255E-03   
2.1017E-03   -3.5052E-04   
2.4342E-03   -3.7794E-04   
1.4949E-03   -8.6542E-04   
1.6626E-03   -1.0573E-03   
1.4702E-03   -1.2423E-03   
3.0863E-03   -4.2309E-04   
3.4832E-03   -3.5013E-04   
1.8311E-03   -3.8902E-04   
1.9155E-03   -3.5079E-04   
1.3468E-03   -6.2174E-04   
1.1866E-03   -7.7836E-04   
1.5137E-03   -5.5050E-04   
1.3005E-03   -7.9031E-04   
1.1870E-03   -7.2345E-04   
1.9653E-03   -3.9255E-04   
1.2423E-03   -6.7703E-04   
1.2060E-03   -7.4084E-04   
2.3349E-03   -2.7574E-04   
1.6285E-03   -4.9430E-04   
1.9978E-03   -3.1289E-04   
1.3682E-03   -7.8800E-04   
2.3053E-03   -4.2155E-04   
1.4411E-03   -7.8692E-04   
2.2752E-03   -3.7056E-04   
1.1238E-03   -1.2020E-03   
1.8180E-03   -1.1251E-03   
2.5207E-03   -3.8673E-04   
1.3154E-03   -1.2853E-03   
1.6648E-03   -8.1796E-04   
1.6215E-03   -9.7837E-04   
2.1384E-03   -3.7123E-04   
2.7536E-03   -3.5994E-04   
1.5576E-03   -1.2616E-03   
1.6948E-03   -8.6396E-04   
1.7310E-03   -9.9210E-04   
1.6414E-03   -1.1894E-03   
2.9331E-03   -4.4420E-04   
1.4682E-03   -8.3780E-04   
3.6484E-03   -3.3435E-04   
1.4066E-03   -6.0502E-04   
1.4182E-03   -7.3336E-04   
1.7540E-03   -4.3284E-04   
1.3027E-03   -6.5978E-04   
1.8340E-03   -4.3738E-04   
1.5166E-03   -7.8835E-04   
1.2501E-03   -7.9046E-04   
2.4696E-03   -4.3950E-04   
1.5785E-03   -5.3673E-04   
1.4897E-03   -7.3186E-04   
1.2755E-03   -6.8976E-04   
2.0025E-03   -4.1034E-04   
2.3863E-03   -4.2937E-04   
1.8724E-03   -3.8382E-04   
1.2663E-03   -7.5818E-04   
2.1675E-03   -3.9685E-04   
1.3717E-03   -1.0571E-03   
1.5867E-03   -7.9827E-04   
1.7336E-03   -9.0083E-04   
1.8000E-03   -9.2458E-04   
1.8351E-03   -1.0106E-03   
1.9834E-03   -1.0555E-03   
2.9870E-03   -4.8360E-04   
1.4572E-03   -1.3323E-03   
2.6943E-03   -4.1350E-04   
3.7612E-03   -2.8509E-04   
1.4683E-03   -5.9075E-04   
1.3653E-03   -6.4299E-04   
1.7084E-03   -4.7833E-04   
1.5392E-03   -6.7634E-04   
1.8673E-03   -4.5402E-04   
2.2093E-03   -4.2157E-04   
2.0386E-03   -4.3178E-04   
1.5672E-03   -7.3126E-04   
2.3374E-03   -4.8304E-04   
2.2568E-03   -4.7357E-04   
2.7884E-03   -4.6011E-04   
2.5554E-03   -4.5292E-04   
1.9564E-03   -8.7214E-04   
1.8444E-03   -8.3316E-04   
1.3456E-03   -7.4053E-04   
2.8372E-03   -3.8000E-04   
3.2192E-03   -4.0245E-04   
2.8305E-03   -5.5558E-04   
1.9908E-03   -1.0010E-03   
1.9882E-03   -1.1113E-03   
2.0121E-03   -9.4417E-04   
1.7341E-03   -7.4439E-04   
1.6333E-03   -1.2901E-03   
3.8051E-03   -3.1923E-04   
1.4225E-03   -6.3316E-04   
1.8181E-03   -4.2221E-04   
1.3702E-03   -6.9941E-04   
1.6285E-03   -5.3247E-04   
2.1921E-03   -5.3875E-04   
1.7258E-03   -5.0410E-04   
1.5287E-03   -5.8132E-04   
1.9034E-03   -4.7451E-04   
1.6155E-03   -6.7346E-04   
2.0974E-03   -4.8330E-04   
1.7027E-03   -6.7168E-04   
2.1266E-03   -5.1275E-04   
2.8931E-03   -4.0875E-04   
2.4214E-03   -4.9303E-04   
2.6492E-03   -4.7019E-04   
3.3326E-03   -4.0941E-04   
1.8145E-03   -7.9494E-04   
2.7726E-03   -4.2606E-04   
1.8068E-03   -7.5593E-04   
2.6757E-03   -5.1297E-04   
1.4724E-03   -6.7315E-04   
1.8112E-03   -6.6971E-04   
2.0621E-03   -8.8151E-04   
2.6832E-03   -5.5905E-04   
2.9905E-03   -5.2823E-04   
1.8675E-03   -8.6712E-04   
2.1260E-03   -9.4376E-04   
2.1104E-03   -1.0439E-03   
1.5178E-03   -1.3561E-03   
1.4774E-03   -6.3255E-04   
1.7477E-03   -6.1184E-04   
1.6015E-03   -5.6738E-04   
1.7729E-03   -5.1758E-04   
1.9241E-03   -7.3160E-04   
1.6597E-03   -6.1878E-04   
2.0374E-03   -5.7597E-04   
2.3079E-03   -5.2906E-04   
2.2559E-03   -1.0058E-03   
2.5559E-03   -5.6564E-04   
1.3213E-03   -6.8329E-04   
1.8995E-03   -6.8973E-04   
2.5002E-03   -5.0788E-04   
1.9481E-03   -4.9318E-04   
1.9848E-03   -5.4879E-04   
2.1208E-03   -8.1674E-04   
1.4787E-03   -1.4111E-03   
2.1748E-03   -8.8875E-04   
2.6739E-03   -6.0364E-04   
3.0951E-03   -4.9037E-04   
2.0758E-03   -4.5434E-04   
1.2866E-03   -7.2199E-04   
1.5854E-03   -6.2947E-04   
1.8405E-03   -6.0973E-04   
1.6770E-03   -5.7782E-04   
2.3650E-03   -5.4841E-04   
1.8847E-03   -5.5232E-04   
1.9457E-03   -6.3219E-04   
1.6708E-03   -5.5378E-04   
2.5688E-03   -6.6071E-04   
1.5796E-03   -6.0524E-04   
3.2261E-03   -4.7037E-04   
2.5478E-03   -6.1595E-04   
2.0063E-03   -8.0457E-04   
1.9232E-03   -6.0713E-04   
2.3569E-03   -9.3855E-04   
1.3118E-03   -1.4724E-03   
1.9977E-03   -5.0583E-04   
2.1067E-03   -7.2974E-04   
2.2254E-03   -5.8259E-04   
2.2882E-03   -6.1630E-04   
2.1955E-03   -7.4682E-04   
2.6149E-03   -7.0067E-04   
2.0148E-03   -6.7839E-04   
2.2972E-03   -8.9916E-04   
2.4103E-03   -9.6829E-04   
2.2604E-03   -6.7926E-04   
2.0511E-03   -7.0462E-04   
2.5527E-03   -9.6351E-04   
2.2885E-03   -7.6571E-04   
2.5657E-03   -5.2374E-04   
2.7937E-03   -6.6623E-04   
2.4494E-03   -7.2848E-04   
2.1349E-03   -6.4594E-04   
2.4146E-03   -6.2102E-04   
2.2219E-03   -8.2871E-04   
2.4807E-03   -7.7073E-04   
2.9313E-03   -5.8765E-04   
2.7043E-03   -8.8758E-04   
2.3545E-03   -7.8539E-04   
2.1681E-03   -6.7502E-04   
2.4742E-03   -8.2575E-04   
2.6146E-03   -8.2356E-04   
2.7952E-03   -7.6189E-04   
2.8603E-03   -6.9701E-04   
2.7449E-03   -8.2873E-04   
1.3468E-04   -1.7500E-03   
2.4590E-03   -8.7682E-04   
2.3184E-03   -1.0392E-03   
4.0424E-03   -1.4610E-04   
3.0389E-04   -1.4684E-03   
4.4102E-03   -2.1780E-05   
3.9635E-03   -3.0357E-04   
2.4468E-04   -1.7701E-03   
1.1712E-03   -1.4760E-03   
2.7621E-03   -9.2087E-04   
4.1106E-03   -7.7797E-05   
3.7395E-04   -1.7548E-03   
1.3155E-03   -1.3649E-03   
5.3106E-04   -1.7328E-03   
6.9154E-04   -1.7089E-03   
8.5172E-04   -1.6801E-03   
1.0170E-03   -1.6473E-03   
4.5513E-03   -1.9927E-05   
1.1858E-03   -1.6111E-03   
1.3629E-03   -1.5694E-03   
3.8608E-03   -2.4760E-04   
1.5454E-03   -1.5263E-03   
4.6967E-03   -1.9205E-05   
1.7308E-03   -1.4811E-03   
1.9215E-03   -1.4341E-03   
2.9557E-03   -6.3772E-04   
2.1368E-03   -1.3778E-03   
4.8496E-03   -1.7808E-05   
3.3651E-03   -2.9210E-04   
2.3088E-03   -1.3515E-03   
1.7252E-03   -1.0755E-03   
8.9082E-04   -1.5596E-03   
3.8888E-03   -2.1582E-04   
2.5092E-03   -1.2865E-03   
2.7342E-03   -1.2404E-03   
5.0073E-03   -1.5765E-05   
2.9439E-03   -1.1932E-03   
1.8254E-03   -1.2469E-03   
3.1769E-03   -1.1359E-03   
3.3584E-03   -1.1093E-03   
5.1707E-03   -1.3693E-05   
3.5689E-03   -1.0427E-03   
3.8065E-03   -9.8652E-04   
3.9329E-04   -1.6674E-03   
4.0291E-03   -9.2616E-04   
5.3593E-03   -1.2376E-05   
4.1674E-03   -4.8522E-05   
1.9506E-03   -1.1741E-03   
4.2704E-03   -8.5007E-04   
4.5007E-03   -7.8167E-04   
3.6975E-03   -3.6286E-04   
5.5689E-03   -6.7096E-06   
3.3722E-03   -4.4701E-04   
3.1052E-03   -5.2657E-04   
4.9538E-03   -6.1248E-04   
5.7942E-03   -9.7144E-05   
5.8358E-03   -9.6829E-05   
5.8132E-03   -2.7552E-05   
5.8307E-03   -1.1506E-05   
5.7998E-03   -6.1713E-05   
1.5911E-03   -1.4202E-03   
5.4607E-03   -3.5444E-04   
4.5559E-04   -1.6999E-03   
3.4864E-03   -4.5514E-04   
3.2835E-03   -5.0922E-04   
8.0132E-04   -1.6143E-03   
3.0765E-03   -6.3535E-04   
1.0348E-03   -1.5326E-03   
4.1514E-03   -1.2298E-04   
2.9016E-03   -7.7177E-04   
4.0728E-03   -2.5577E-04   
1.1486E-03   -1.5353E-03   
2.0440E-03   -1.1964E-03   
7.8823E-04   -1.6544E-03   
2.2598E-03   -1.1142E-03   
1.1208E-03   -1.5870E-03   
3.6611E-03   -4.0715E-04   
3.9635E-03   -8.9029E-04   
2.8831E-03   -1.1565E-03   
1.4824E-03   -1.4950E-03   
1.8788E-03   -1.2813E-03   
1.8561E-03   -1.4029E-03   
1.8118E-03   -1.3569E-03   
4.7677E-03   -3.7429E-05   
2.9623E-03   -8.8047E-04   
4.2346E-03   -6.9575E-05   
4.0126E-03   -3.3162E-04   
4.4868E-03   -3.8786E-05   
5.3360E-03   -2.6714E-05   
2.6318E-03   -9.9418E-04   
3.2498E-03   -1.0656E-03   
3.9531E-03   -1.6478E-04   
4.0088E-03   -2.2406E-04   
2.9691E-03   -6.6784E-04   
2.1590E-03   -1.0631E-03   
5.6952E-03   -2.6844E-06   
4.7360E-03   -6.9756E-04   
2.1957E-03   -1.3113E-03   
4.3237E-03   -7.8106E-04   
5.8427E-03   -6.5629E-05   
5.8692E-03   -6.0316E-06   
5.8604E-03   -1.6926E-05   
5.8492E-03   -3.9651E-05   
3.5930E-03   -9.7534E-04   
2.5246E-03   -1.2166E-03   
5.0788E-03   -2.9565E-05   
5.1573E-03   -4.4517E-04   
5.5933E-03   -1.9569E-05   
5.4344E-03   -3.2374E-04   
5.5567E-03   -1.4210E-04   
5.6193E-03   -2.7328E-05   
5.5911E-03   -6.1149E-05   
5.5218E-03   -2.2119E-04   
3.6302E-03   -4.6041E-04   
2.8382E-03   -1.1175E-03   
4.1959E-03   -9.5450E-05   
4.3397E-03   -7.9989E-05   
4.6822E-03   -5.9647E-05   
5.0855E-04   -1.6555E-03   
2.5700E-03   -1.0676E-03   
3.2505E-03   -5.7817E-04   
1.9749E-03   -1.3348E-03   
4.1781E-03   -1.5106E-04   
4.9902E-03   -4.8714E-05   
4.6601E-03   -6.7840E-04   
1.4316E-03   -1.4673E-03   
2.6845E-03   -1.1501E-03   
2.1356E-03   -1.2882E-03   
3.2035E-03   -1.0339E-03   
2.3813E-03   -1.1126E-03   
3.8042E-03   -8.9478E-04   
3.0842E-03   -7.3694E-04   
2.3413E-03   -1.2332E-03   
3.9617E-03   -3.8196E-04   
4.1250E-03   -2.8700E-04   
3.4155E-03   -9.8715E-04   
3.1112E-03   -7.9589E-04   
5.1675E-03   -4.1426E-05   
3.0235E-03   -9.2413E-04   
4.8359E-03   -5.4014E-05   
2.2237E-03   -1.1787E-03   
4.1294E-03   -1.8773E-04   
3.0183E-03   -1.0767E-03   
3.2015E-03   -6.5264E-04   
4.5040E-03   -6.4002E-05   
4.1773E-03   -2.1202E-04   
5.3275E-03   -2.1656E-04   
5.4158E-03   -4.7008E-05   
5.3831E-03   -9.8609E-05   
5.4474E-03   -2.7323E-05   
3.7820E-03   -4.1231E-04   
4.8668E-03   -5.6196E-04   
5.2029E-03   -3.6897E-04   
5.5808E-03   -5.0687E-05   
5.5337E-03   -1.8946E-04   
5.5393E-03   -9.8281E-05   
5.5166E-03   -1.1880E-04   
2.9634E-03   -1.0405E-03   
2.2265E-03   -1.2248E-03   
5.0473E-03   -6.2832E-05   
4.4911E-03   -7.1341E-04   
2.5758E-03   -1.1374E-03   
3.1591E-03   -8.4293E-04   
2.8998E-03   -1.0063E-03   
4.2944E-03   -2.6794E-04   
4.4421E-03   -9.2594E-05   
3.6434E-03   -9.0405E-04   
4.7578E-03   -7.4222E-05   
5.3640E-03   -1.3262E-04   
5.4324E-03   -6.8100E-05   
4.3395E-03   -1.9576E-04   
3.6010E-03   -5.1800E-04   
4.3302E-03   -1.4108E-04   
3.4070E-03   -5.8153E-04   
5.3167E-03   -1.7443E-04   
4.9353E-03   -4.6435E-04   
4.1066E-03   -3.7668E-04   
4.0212E-03   -8.1173E-04   
3.2610E-03   -7.2125E-04   
2.7270E-03   -1.0542E-03   
3.3334E-03   -9.5574E-04   
3.9962E-03   -4.1707E-04   
5.3243E-03   -4.1918E-05   
4.8263E-03   -5.3718E-04   
5.2332E-03   -2.9230E-04   
3.6829E-03   -8.2875E-04   
3.4604E-03   -6.9216E-04   
3.9686E-03   -4.6562E-04   
4.2718E-03   -3.5032E-04   
3.4638E-03   -8.7727E-04   
3.0868E-03   -9.6237E-04   
5.1020E-03   -7.4832E-05   
4.7115E-03   -5.4780E-04   
4.7715E-03   -9.8061E-05   
4.9524E-03   -8.6047E-05   
3.2745E-03   -9.2028E-04   
4.4414E-03   -1.5366E-04   
4.4541E-03   -1.1841E-04   
4.4016E-03   -2.2148E-04   
3.2321E-03   -6.8942E-04   
3.3396E-03   -8.0900E-04   
4.3619E-03   -2.9362E-04   
4.0744E-03   -7.4328E-04   
3.7563E-03   -5.1968E-04   
3.5700E-03   -5.7796E-04   
3.4437E-03   -7.4806E-04   
4.1440E-03   -4.3776E-04   
4.2547E-03   -3.9364E-04   
4.1827E-03   -7.9558E-04   
4.4653E-03   -2.4518E-04   
3.3999E-03   -8.4353E-04   
5.2493E-03   -6.2358E-05   
4.5972E-03   -1.2294E-04   
4.5020E-03   -1.8118E-04   
4.4756E-03   -6.3331E-04   
4.7187E-03   -1.3090E-04   
3.5600E-03   -6.2584E-04   
3.8739E-03   -5.2629E-04   
4.2931E-03   -4.2491E-04   
3.5132E-03   -7.7120E-04   
4.6745E-03   -1.6384E-04   
4.8169E-03   -4.6840E-04   
4.4359E-03   -3.0901E-04   
4.6344E-03   -2.2113E-04   
4.3913E-03   -7.1366E-04   
5.0263E-03   -9.7753E-05   
3.6729E-03   -6.3478E-04   
3.8654E-03   -5.7230E-04   
5.3147E-03   -7.1840E-05   
4.5834E-03   -2.8724E-04   
5.1228E-03   -1.0561E-04   
3.6998E-03   -7.2472E-04   
4.7078E-03   -1.8683E-04   
4.9403E-03   -1.2555E-04   
4.6972E-03   -2.3856E-04   
4.0328E-03   -5.6075E-04   
4.8064E-03   -1.3799E-04   
4.2287E-03   -4.9181E-04   
4.5145E-03   -3.7446E-04   
4.8342E-03   -1.8876E-04   
4.5894E-03   -4.0138E-04   
3.7650E-03   -7.5278E-04   
4.3846E-03   -4.8105E-04   
3.8274E-03   -6.4098E-04   
4.1874E-03   -5.5276E-04   
4.9820E-03   -1.4277E-04   
5.2922E-03   -9.6140E-05   
4.7158E-03   -3.9793E-04   
4.5474E-03   -4.6256E-04   
5.0306E-03   -1.5845E-04   
3.8964E-03   -6.8106E-04   
4.1156E-03   -6.2550E-04   
4.9453E-03   -1.9087E-04   
4.9029E-03   -3.5345E-04   
4.5323E-03   -5.1584E-04   
5.2011E-03   -1.3028E-04   
4.9388E-03   -2.1599E-04   
4.8921E-03   -4.0068E-04   
5.2782E-03   -1.3593E-04   
4.7089E-03   -4.7344E-04   
4.7600E-03   -2.5516E-04   
4.6463E-03   -3.0905E-04   
4.7299E-03   -3.2603E-04   
4.9389E-03   -2.7359E-04   
