51 
1844 
2.0285E-03   -2.2483E-03   
3.8587E-03   -1.9026E-03   
5.3089E-03   -1.3731E-03   
6.2399E-03   -7.1704E-04   
1.2499E-36   -2.3567E-03   
6.5540E-03   -6.4610E-37   
6.7008E-03   -2.0104E-35   
6.9408E-03   -2.0716E-37   
7.4674E-03   8.3617E-36   
7.9444E-03   1.2293E-35   
8.5506E-03   2.6005E-35   
9.2904E-03   3.5858E-35   
9.8595E-03   4.3417E-35   
1.0828E-02   6.5999E-35   
1.1549E-02   8.0060E-35   
1.2330E-02   7.0386E-35   
1.2741E-02   1.0873E-34   
1.3605E-02   1.6091E-34   
1.4522E-02   2.3396E-34   
1.5000E-02   -1.1230E-30   
1.5000E-02   -1.9381E-34   
1.5000E-02   -1.9381E-34   
1.5000E-02   -1.9381E-34   
1.5000E-02   -1.9381E-34   
1.5000E-02   -1.9381E-34   
1.5000E-02   -1.9381E-34   
1.5000E-02   -1.9381E-34   
1.5000E-02   -1.9381E-34   
1.5000E-02   -1.9381E-34   
1.5000E-02   -1.9381E-34   
1.5000E-02   -1.9381E-34   
1.5000E-02   -1.9381E-34   
1.4093E-02   -6.4910E-04   
1.2614E-02   -1.4818E-03   
1.1990E-02   -1.7683E-03   
1.1395E-02   -2.0046E-03   
1.0248E-02   -2.3853E-03   
9.6893E-03   -2.5446E-03   
8.5908E-03   -2.8252E-03   
8.0511E-03   -2.9536E-03   
6.9890E-03   -3.1979E-03   
5.9563E-03   -3.4344E-03   
5.4533E-03   -3.5519E-03   
4.4788E-03   -3.7826E-03   
3.5531E-03   -4.0025E-03   
3.1100E-03   -4.1048E-03   
2.2644E-03   -4.2871E-03   
1.4696E-03   -4.4267E-03   
7.1833E-04   -4.5134E-03   
1.7350E-36   -4.5394E-03   
2.3615E-34   -4.3007E-03   
2.4821E-34   -4.0729E-03   
2.3383E-34   -3.7705E-03   
2.2166E-34   -3.5969E-03   
1.9517E-34   -3.3138E-03   
1.7805E-34   -3.1527E-03   
1.6037E-34   -2.9956E-03   
1.4573E-34   -2.8692E-03   
1.4257E-34   -2.7588E-03   
1.5369E-03   -2.3989E-03   
1.4412E-02   -5.7377E-05   
1.3796E-02   -1.1997E-04   
1.2906E-02   -2.0746E-04   
1.2176E-02   -2.8221E-04   
1.1469E-02   -3.7532E-04   
1.0672E-02   -4.3086E-04   
1.0019E-02   -4.5362E-04   
9.2129E-03   -5.2348E-04   
8.4130E-03   -5.6664E-04   
7.6170E-03   -6.0456E-04   
6.8274E-03   -6.3841E-04   
6.0051E-03   -6.9256E-04   
5.1594E-03   -8.2972E-04   
4.0034E-03   -1.1975E-03   
2.8253E-03   -1.7710E-03   
4.1943E-03   -1.3955E-03   
5.0007E-03   -6.9442E-04   
5.7827E-03   -4.3994E-04   
6.5223E-03   -3.7230E-04   
7.2332E-03   -3.6305E-04   
7.9092E-03   -3.6640E-04   
8.6813E-03   -3.3614E-04   
9.3995E-03   -3.1174E-04   
1.0068E-02   -2.8026E-04   
1.0758E-02   -2.8215E-04   
1.1509E-02   -2.2351E-04   
1.2232E-02   -1.7627E-04   
1.2938E-02   -1.4190E-04   
1.3687E-02   -8.2442E-05   
1.4337E-02   -3.4761E-05   
6.1382E-03   -3.1072E-04   
6.5153E-03   -1.4690E-04   
6.9452E-03   -1.3798E-04   
7.5409E-03   -1.4162E-04   
8.1111E-03   -1.4420E-04   
8.8138E-03   -1.5190E-04   
9.4416E-03   -1.5594E-04   
1.0065E-02   -1.5251E-04   
1.0868E-02   -1.2260E-04   
1.1540E-02   -9.9108E-05   
1.2300E-02   -8.5098E-05   
1.3047E-02   -6.1412E-05   
1.3776E-02   -4.0291E-05   
1.4446E-02   -1.3148E-05   
1.4302E-02   -8.9134E-05   
1.3636E-02   -1.8806E-04   
1.2819E-02   -3.1563E-04   
1.2065E-02   -3.9454E-04   
1.1413E-02   -5.0722E-04   
1.0594E-02   -5.9790E-04   
9.7858E-03   -6.7980E-04   
9.0200E-03   -7.4358E-04   
8.2236E-03   -8.2126E-04   
7.4769E-03   -8.8902E-04   
6.5194E-03   -9.9545E-04   
5.4967E-03   -1.1527E-03   
4.4927E-03   -1.3693E-03   
3.4411E-03   -1.6817E-03   
2.2652E-03   -2.1644E-03   
1.1265E-03   -2.6267E-03   
1.4260E-02   -1.3221E-04   
1.3693E-02   -2.4025E-04   
1.2723E-02   -4.2804E-04   
1.2087E-02   -5.4583E-04   
1.1327E-02   -6.6360E-04   
1.0413E-02   -8.1551E-04   
9.6051E-03   -8.9865E-04   
8.8207E-03   -9.8654E-04   
7.8985E-03   -1.1143E-03   
7.0350E-03   -1.2553E-03   
6.1197E-03   -1.4083E-03   
5.1584E-03   -1.5499E-03   
4.1253E-03   -1.8356E-03   
3.1193E-03   -2.1070E-03   
2.0272E-03   -2.4926E-03   
9.6608E-04   -2.8284E-03   
1.4467E-02   -1.1559E-04   
1.3440E-02   -3.6120E-04   
1.2856E-02   -4.8893E-04   
1.2143E-02   -6.5794E-04   
1.1079E-02   -8.7328E-04   
1.0321E-02   -1.0168E-03   
9.5340E-03   -1.1344E-03   
8.6030E-03   -1.2906E-03   
7.7542E-03   -1.4435E-03   
6.8384E-03   -1.5715E-03   
5.9752E-03   -1.7200E-03   
4.8936E-03   -1.9166E-03   
3.8451E-03   -2.2474E-03   
2.8666E-03   -2.4844E-03   
1.9479E-03   -2.7831E-03   
9.5778E-04   -3.0206E-03   
1.4138E-02   -2.3647E-04   
1.3536E-02   -4.1631E-04   
1.2808E-02   -6.3139E-04   
1.2074E-02   -8.3864E-04   
1.1010E-02   -1.0870E-03   
1.0155E-02   -1.2421E-03   
9.2861E-03   -1.4411E-03   
8.4540E-03   -1.6203E-03   
7.4609E-03   -1.7556E-03   
6.6532E-03   -1.8741E-03   
5.8314E-03   -2.0840E-03   
4.7412E-03   -2.3426E-03   
3.6770E-03   -2.6148E-03   
2.7465E-03   -2.8471E-03   
1.7566E-03   -3.0857E-03   
9.1744E-04   -3.2383E-03   
1.4320E-02   -2.5026E-04   
1.3502E-02   -5.5174E-04   
1.2832E-02   -7.5731E-04   
1.1783E-02   -1.0873E-03   
1.0859E-02   -1.3631E-03   
1.0034E-02   -1.5301E-03   
9.0114E-03   -1.7535E-03   
8.2444E-03   -1.9166E-03   
7.2491E-03   -2.0754E-03   
6.3815E-03   -2.2436E-03   
5.3988E-03   -2.4603E-03   
4.5972E-03   -2.6632E-03   
3.6321E-03   -2.9120E-03   
2.6756E-03   -3.1362E-03   
1.7477E-03   -3.3410E-03   
8.2165E-04   -3.4881E-03   
1.4205E-02   -3.3744E-04   
1.3308E-02   -7.0264E-04   
1.2681E-02   -9.2783E-04   
1.1464E-02   -1.3678E-03   
1.0726E-02   -1.5844E-03   
9.8880E-03   -1.8202E-03   
8.9692E-03   -2.0009E-03   
8.0408E-03   -2.2062E-03   
7.0114E-03   -2.4382E-03   
6.1509E-03   -2.6150E-03   
5.3068E-03   -2.7883E-03   
4.4277E-03   -3.0010E-03   
3.4608E-03   -3.2708E-03   
2.6379E-03   -3.4264E-03   
1.7063E-03   -3.6193E-03   
8.4694E-04   -3.7315E-03   
1.4273E-02   -4.0123E-04   
1.3505E-02   -7.7406E-04   
1.2475E-02   -1.1971E-03   
1.1573E-02   -1.5731E-03   
1.0597E-02   -1.8061E-03   
9.6553E-03   -2.0505E-03   
8.7587E-03   -2.2821E-03   
7.8606E-03   -2.4976E-03   
6.9626E-03   -2.7082E-03   
5.9755E-03   -2.8934E-03   
5.1028E-03   -3.1641E-03   
4.1874E-03   -3.3458E-03   
3.3643E-03   -3.5141E-03   
2.5084E-03   -3.7151E-03   
1.6270E-03   -3.8966E-03   
9.0412E-04   -3.9699E-03   
1.4061E-02   -6.0879E-04   
1.3123E-02   -1.1484E-03   
1.2342E-02   -1.4561E-03   
1.1124E-02   -1.9042E-03   
1.0388E-02   -2.1219E-03   
9.3649E-03   -2.3979E-03   
8.4774E-03   -2.6348E-03   
7.6872E-03   -2.7795E-03   
6.7355E-03   -2.9895E-03   
5.8373E-03   -3.2422E-03   
5.0838E-03   -3.3970E-03   
4.1717E-03   -3.6197E-03   
3.2326E-03   -3.8363E-03   
2.3955E-03   -4.0052E-03   
1.5955E-03   -4.1501E-03   
7.1378E-04   -4.2929E-03   
2.5474E-04   -2.3647E-03   
5.1267E-04   -2.3599E-03   
7.6933E-04   -2.3508E-03   
1.0252E-03   -2.3381E-03   
1.2794E-03   -2.3214E-03   
1.5317E-03   -2.3008E-03   
1.7816E-03   -2.2764E-03   
2.2723E-03   -2.2167E-03   
2.5125E-03   -2.1817E-03   
2.7487E-03   -2.1433E-03   
2.9807E-03   -2.1015E-03   
3.2081E-03   -2.0565E-03   
3.4304E-03   -2.0083E-03   
3.6474E-03   -1.9570E-03   
4.0639E-03   -1.8453E-03   
4.2627E-03   -1.7852E-03   
4.4548E-03   -1.7225E-03   
4.6404E-03   -1.6573E-03   
4.8188E-03   -1.5898E-03   
4.9900E-03   -1.5197E-03   
5.1535E-03   -1.4474E-03   
5.4561E-03   -1.2970E-03   
5.5949E-03   -1.2189E-03   
5.7251E-03   -1.1390E-03   
5.8464E-03   -1.0574E-03   
5.9587E-03   -9.7431E-04   
6.0618E-03   -8.8980E-04   
6.1556E-03   -8.0402E-04   
6.3145E-03   -6.2897E-04   
6.3794E-03   -5.3985E-04   
6.4342E-03   -4.4961E-04   
6.4753E-03   -3.5862E-04   
6.5166E-03   -2.6929E-04   
6.5357E-03   -1.8082E-04   
6.5549E-03   -8.7790E-05   
6.5972E-03   -9.9247E-35   
6.6210E-03   -9.2245E-35   
6.6402E-03   -6.8257E-35   
6.6580E-03   -3.6218E-35   
6.6773E-03   -2.7146E-35   
6.7306E-03   -1.4384E-35   
6.7683E-03   -9.7278E-36   
6.8153E-03   -5.9324E-36   
6.8725E-03   -2.8102E-36   
7.0208E-03   1.9716E-36   
7.1130E-03   3.8050E-36   
7.2180E-03   5.3992E-36   
7.3360E-03   6.8863E-36   
7.6124E-03   9.6927E-36   
7.7713E-03   1.1011E-35   
8.1319E-03   1.3719E-35   
8.3339E-03   1.5183E-35   
8.7822E-03   2.7396E-35   
9.0287E-03   2.0673E-35   
9.5672E-03   3.8790E-35   
1.0167E-02   5.0213E-35   
1.0490E-02   5.6686E-35   
1.1181E-02   6.8344E-35   
1.1932E-02   9.1325E-35   
1.3167E-02   1.3641E-34   
1.4057E-02   1.4299E-34   
1.5000E-02   -1.9381E-34   
1.5000E-02   -1.9381E-34   
1.5000E-02   -1.9381E-34   
1.5000E-02   -1.9381E-34   
1.5000E-02   -1.9381E-34   
1.3286E-02   -1.1383E-03   
1.0816E-02   -2.2076E-03   
9.1372E-03   -2.6897E-03   
7.5167E-03   -3.0774E-03   
6.4686E-03   -3.3168E-03   
4.9604E-03   -3.6679E-03   
4.0095E-03   -3.8946E-03   
2.6804E-03   -4.2002E-03   
1.8610E-03   -4.3626E-03   
1.0888E-03   -4.4769E-03   
3.5691E-04   -4.5360E-03   
1.7576E-34   -4.4202E-03   
2.4545E-34   -4.1845E-03   
2.4048E-34   -3.9666E-03   
3.4890E-34   -3.8658E-03   
3.5203E-34   -3.6809E-03   
2.1650E-34   -3.5182E-03   
2.1062E-34   -3.4449E-03   
2.0255E-34   -3.3769E-03   
1.8905E-34   -3.2555E-03   
1.8331E-34   -3.2019E-03   
1.7358E-34   -3.1076E-03   
1.6919E-34   -3.0666E-03   
1.6456E-34   -3.0294E-03   
1.5671E-34   -2.9651E-03   
1.5340E-34   -2.9375E-03   
1.5044E-34   -2.9126E-03   
1.4788E-34   -2.8899E-03   
1.4400E-34   -2.8499E-03   
1.4270E-34   -2.8317E-03   
1.4188E-34   -2.8141E-03   
1.4156E-34   -2.7965E-03   
1.4179E-34   -2.7783E-03   
1.4387E-34   -2.7373E-03   
1.4561E-34   -2.7129E-03   
1.4803E-34   -2.6846E-03   
1.5125E-34   -2.6517E-03   
1.5631E-34   -2.6131E-03   
2.4542E-34   -2.5662E-03   
2.4751E-34   -2.5115E-03   
2.0370E-34   -2.4389E-03   
2.7463E-03   -2.1196E-03   
4.2400E-03   -1.6837E-03   
4.7992E-03   -1.4636E-03   
3.1942E-03   -2.0092E-03   
6.0861E-03   -7.5592E-04   
2.0515E-03   -2.2582E-03   
8.4664E-04   -2.4052E-03   
5.7355E-03   -9.9573E-04   
6.4144E-03   -4.3407E-04   
5.3044E-03   -1.2330E-03   
3.6270E-03   -1.8865E-03   
6.2709E-03   -5.9539E-04   
3.8370E-03   -1.8212E-03   
1.8149E-03   -2.2965E-03   
5.1446E-03   -1.3110E-03   
5.8618E-03   -9.1598E-04   
6.5729E-03   -1.2141E-04   
3.2599E-04   -2.4327E-03   
1.5764E-03   -2.3305E-03   
4.4313E-03   -1.6118E-03   
4.6162E-03   -1.5382E-03   
6.1836E-03   -6.7573E-04   
1.0927E-03   -2.3849E-03   
6.4709E-03   -3.5209E-04   
5.9018E-04   -2.4225E-03   
1.3358E-03   -2.3600E-03   
5.9788E-03   -8.3604E-04   
6.3478E-03   -5.1481E-04   
2.2859E-03   -2.2159E-03   
5.6003E-03   -1.0753E-03   
5.4565E-03   -1.1545E-03   
3.4128E-03   -1.9493E-03   
2.5177E-03   -2.1696E-03   
2.9721E-03   -2.0661E-03   
4.0417E-03   -1.7536E-03   
4.9757E-03   -1.3879E-03   
1.8842E-04   -2.5872E-03   
1.7919E-04   -2.6296E-03   
1.7257E-04   -2.6655E-03   
1.6647E-04   -2.6959E-03   
1.6173E-04   -2.7220E-03   
1.5883E-04   -2.7447E-03   
1.5724E-04   -2.7649E-03   
1.5658E-04   -2.7835E-03   
1.5666E-04   -2.8012E-03   
6.6221E-03   -5.8536E-05   
1.5741E-04   -2.8187E-03   
6.6394E-03   -4.6209E-05   
1.5882E-04   -2.8365E-03   
6.6570E-03   -3.7300E-05   
1.6086E-04   -2.8551E-03   
6.6779E-03   -3.0662E-05   
1.6351E-04   -2.8751E-03   
6.7044E-03   -2.6058E-05   
1.6671E-04   -2.8967E-03   
6.7381E-03   -2.3044E-05   
1.7044E-04   -2.9205E-03   
6.7805E-03   -2.1355E-05   
1.7464E-04   -2.9468E-03   
6.8328E-03   -2.0741E-05   
1.7930E-04   -2.9759E-03   
6.8958E-03   -2.0954E-05   
1.8442E-04   -3.0080E-03   
6.9702E-03   -2.1800E-05   
1.8976E-04   -3.0435E-03   
7.0568E-03   -2.3204E-05   
1.9522E-04   -3.0825E-03   
7.1561E-03   -2.5053E-05   
2.0138E-04   -3.1255E-03   
7.2682E-03   -2.7201E-05   
2.0848E-04   -3.1727E-03   
7.3936E-03   -2.9535E-05   
2.1594E-04   -3.2242E-03   
7.5325E-03   -3.1777E-05   
2.2352E-04   -3.2802E-03   
7.6842E-03   -3.4352E-05   
2.3117E-04   -3.3408E-03   
7.8486E-03   -3.7143E-05   
2.3864E-04   -3.4057E-03   
8.0264E-03   -4.0395E-05   
2.4874E-04   -3.4750E-03   
8.2197E-03   -4.3337E-05   
2.6068E-04   -3.5498E-03   
8.4287E-03   -4.5463E-05   
2.6704E-04   -3.6304E-03   
8.6530E-03   -4.7472E-05   
2.7364E-04   -3.7159E-03   
8.8944E-03   -4.9467E-05   
2.9302E-04   -3.8078E-03   
9.1537E-03   -5.0369E-05   
3.0442E-04   -3.9082E-03   
9.4221E-03   -4.9280E-05   
3.0646E-04   -4.0143E-03   
9.7006E-03   -5.0994E-05   
3.1824E-04   -4.1249E-03   
9.9994E-03   -5.1614E-05   
3.3697E-04   -4.2440E-03   
3.4094E-03   -1.8840E-03   
5.3148E-03   -1.1037E-03   
5.8875E-03   -7.8999E-04   
2.5305E-03   -2.1462E-03   
6.5580E-03   -1.7797E-04   
6.8460E-04   -2.4678E-03   
4.4138E-03   -1.5032E-03   
6.4499E-03   -3.4448E-04   
1.1553E-03   -2.4181E-03   
1.8505E-03   -2.3030E-03   
1.6212E-03   -2.3461E-03   
4.9772E-03   -1.2638E-03   
3.8315E-03   -1.7371E-03   
6.2169E-03   -5.6431E-04   
6.3052E-03   -4.9065E-04   
4.0341E-03   -1.6610E-03   
4.7938E-03   -1.3430E-03   
6.0076E-03   -7.1390E-04   
5.7577E-03   -8.6707E-04   
2.7536E-03   -2.0857E-03   
2.0788E-03   -2.2551E-03   
4.2079E-04   -2.4930E-03   
2.9746E-03   -2.0215E-03   
4.2261E-03   -1.5826E-03   
4.6045E-03   -1.4225E-03   
6.1175E-03   -6.3869E-04   
6.3827E-03   -4.1745E-04   
3.1935E-03   -1.9542E-03   
5.4709E-03   -1.0241E-03   
1.3892E-03   -2.3846E-03   
2.3057E-03   -2.2027E-03   
5.6187E-03   -9.4515E-04   
6.5080E-03   -2.6905E-04   
9.1851E-04   -2.4459E-03   
5.1502E-03   -1.1840E-03   
3.6227E-03   -1.8116E-03   
1.9638E-04   -2.5363E-03   
3.7545E-04   -2.5955E-03   
3.5840E-04   -2.6368E-03   
3.4307E-04   -2.6698E-03   
3.2905E-04   -2.6980E-03   
3.2034E-04   -2.7219E-03   
3.1564E-04   -2.7429E-03   
3.1344E-04   -2.7618E-03   
6.6016E-03   -7.9598E-05   
3.1298E-04   -2.7795E-03   
3.1394E-04   -2.7968E-03   
6.6032E-03   -1.0134E-04   
3.1622E-04   -2.8142E-03   
6.6173E-03   -8.3145E-05   
3.1978E-04   -2.8322E-03   
6.6355E-03   -6.7531E-05   
3.2457E-04   -2.8514E-03   
6.6586E-03   -5.6618E-05   
3.3049E-04   -2.8721E-03   
6.6883E-03   -4.9351E-05   
3.3730E-04   -2.8947E-03   
6.7264E-03   -4.4830E-05   
3.4596E-04   -2.9195E-03   
6.7740E-03   -4.2676E-05   
3.5622E-04   -2.9470E-03   
6.8321E-03   -4.2423E-05   
3.6596E-04   -2.9776E-03   
6.9013E-03   -4.3601E-05   
3.7499E-04   -3.0115E-03   
6.9829E-03   -4.5849E-05   
3.8457E-04   -3.0486E-03   
7.0773E-03   -4.9172E-05   
3.9586E-04   -3.0894E-03   
7.1841E-03   -5.3338E-05   
4.0924E-04   -3.1342E-03   
7.3041E-03   -5.8063E-05   
4.2414E-04   -3.1835E-03   
7.4393E-03   -6.2299E-05   
4.3964E-04   -3.2373E-03   
7.5849E-03   -6.5679E-05   
4.5505E-04   -3.2957E-03   
7.7371E-03   -7.1749E-05   
4.6770E-04   -3.3586E-03   
7.9041E-03   -7.7243E-05   
4.7697E-04   -3.4243E-03   
8.0862E-03   -8.5063E-05   
5.0613E-04   -3.4922E-03   
8.2883E-03   -8.9842E-05   
5.3217E-04   -3.5694E-03   
8.5060E-03   -9.2980E-05   
5.3194E-04   -3.6535E-03   
8.7388E-03   -9.7584E-05   
5.5592E-04   -3.7369E-03   
8.9978E-03   -1.0079E-04   
6.3379E-04   -3.8312E-03   
9.2761E-03   -1.0061E-04   
6.1044E-04   -3.9443E-03   
9.5315E-03   -9.3379E-05   
6.2138E-04   -4.0505E-03   
9.8053E-03   -1.1192E-04   
6.5299E-04   -4.1616E-03   
1.0315E-02   -5.4396E-05   
4.4139E-03   -1.3992E-03   
4.6168E-03   -1.3119E-03   
3.8410E-03   -1.6539E-03   
4.8091E-03   -1.2299E-03   
3.6334E-03   -1.7342E-03   
1.6670E-03   -2.3497E-03   
1.8896E-03   -2.2977E-03   
2.1113E-03   -2.2408E-03   
2.3320E-03   -2.1792E-03   
2.5518E-03   -2.1132E-03   
1.4407E-03   -2.3973E-03   
2.7708E-03   -2.0432E-03   
3.4209E-03   -1.8145E-03   
4.9946E-03   -1.1487E-03   
2.9888E-03   -1.9697E-03   
3.2059E-03   -1.8933E-03   
1.2076E-03   -2.4408E-03   
5.1708E-03   -1.0666E-03   
6.1545E-03   -5.3639E-04   
6.2543E-03   -4.6778E-04   
6.3413E-03   -4.0116E-04   
6.0434E-03   -6.0669E-04   
9.7510E-04   -2.4776E-03   
5.3384E-03   -9.8525E-04   
5.9218E-03   -6.7856E-04   
5.6483E-03   -8.2779E-04   
5.4977E-03   -9.0560E-04   
5.7899E-03   -7.5228E-04   
7.5631E-04   -2.5008E-03   
5.6948E-04   -2.5180E-03   
6.4171E-03   -3.3505E-04   
6.4837E-03   -2.6784E-04   
6.5413E-03   -1.9909E-04   
3.9081E-04   -2.5532E-03   
5.4010E-04   -2.6321E-03   
5.0645E-04   -2.6648E-03   
4.8667E-04   -2.6908E-03   
4.7630E-04   -2.7126E-03   
4.7127E-04   -2.7318E-03   
4.6951E-04   -2.7495E-03   
6.5868E-03   -1.2642E-04   
4.7014E-04   -2.7665E-03   
4.7278E-04   -2.7834E-03   
6.5574E-03   -1.4404E-04   
4.7736E-04   -2.8007E-03   
6.5753E-03   -1.1310E-04   
4.8379E-04   -2.8190E-03   
6.5951E-03   -9.3545E-05   
4.9198E-04   -2.8387E-03   
6.6207E-03   -8.0460E-05   
5.0125E-04   -2.8602E-03   
6.6543E-03   -7.2155E-05   
5.1367E-04   -2.8833E-03   
6.6978E-03   -6.7176E-05   
5.3360E-04   -2.9080E-03   
6.7511E-03   -6.5645E-05   
5.4900E-04   -2.9373E-03   
6.8144E-03   -6.6733E-05   
5.5810E-04   -2.9705E-03   
6.8909E-03   -6.9354E-05   
5.7039E-04   -3.0060E-03   
6.9815E-03   -7.3339E-05   
5.8373E-04   -3.0450E-03   
7.0826E-03   -7.9279E-05   
6.0154E-04   -3.0872E-03   
7.1967E-03   -8.6482E-05   
6.2537E-04   -3.1334E-03   
7.3289E-03   -9.3320E-05   
6.4969E-04   -3.1849E-03   
7.4794E-03   -9.8316E-05   
6.7310E-04   -3.2416E-03   
7.6228E-03   -9.8335E-05   
6.9282E-04   -3.3037E-03   
7.7624E-03   -1.1702E-04   
6.9936E-04   -3.3707E-03   
6.8615E-04   -3.4337E-03   
8.0297E-04   -3.5890E-03   
8.5584E-03   -1.4440E-04   
8.9503E-04   -3.8753E-03   
9.3338E-04   -4.0690E-03   
9.0981E-03   -1.5543E-04   
1.0661E-02   -5.8333E-05   
6.3757E-03   -3.2688E-04   
6.4493E-03   -2.6566E-04   
6.5164E-03   -2.0344E-04   
4.0453E-03   -1.4978E-03   
3.8677E-03   -1.5690E-03   
1.4934E-03   -2.3995E-03   
1.2625E-03   -2.4531E-03   
2.3655E-03   -2.1472E-03   
1.7151E-03   -2.3430E-03   
2.5818E-03   -2.0726E-03   
1.9330E-03   -2.2824E-03   
3.6599E-03   -1.6551E-03   
4.8438E-03   -1.1287E-03   
2.1495E-03   -2.2172E-03   
6.0862E-03   -5.1219E-04   
5.9635E-03   -5.8014E-04   
2.7983E-03   -1.9941E-03   
3.0150E-03   -1.9123E-03   
5.5351E-03   -7.9830E-04   
5.6875E-03   -7.2289E-04   
6.1982E-03   -4.4607E-04   
1.0221E-03   -2.5016E-03   
6.2943E-03   -3.8563E-04   
3.4468E-03   -1.7418E-03   
5.3737E-03   -8.7706E-04   
3.2317E-03   -1.8279E-03   
5.8306E-03   -6.5029E-04   
5.0268E-03   -1.0428E-03   
5.2039E-03   -9.5880E-04   
6.9477E-04   -2.6238E-03   
6.5757E-04   -2.6524E-03   
6.3968E-04   -2.6750E-03   
6.3054E-04   -2.6943E-03   
6.2666E-04   -2.7117E-03   
6.2640E-04   -2.7282E-03   
6.2903E-04   -2.7444E-03   
6.3417E-04   -2.7610E-03   
6.5641E-03   -1.5364E-04   
6.5003E-03   -1.6823E-04   
6.4171E-04   -2.7784E-03   
6.5153E-03   -1.3915E-04   
6.5165E-04   -2.7971E-03   
6.5375E-03   -1.1793E-04   
6.6338E-04   -2.8173E-03   
6.5661E-03   -1.0452E-04   
6.7693E-04   -2.8391E-03   
6.6041E-03   -9.6635E-05   
6.9567E-04   -2.8618E-03   
6.6557E-03   -9.1434E-05   
7.4707E-04   -2.8832E-03   
6.7116E-03   -9.2161E-05   
7.3934E-04   -2.9208E-03   
6.7795E-03   -9.5308E-05   
7.5455E-04   -2.9549E-03   
6.8684E-03   -9.9477E-05   
7.6959E-04   -2.9934E-03   
6.9672E-03   -1.0492E-04   
8.1497E-04   -3.0754E-03   
9.2584E-04   -3.3880E-03   
7.1933E-03   -1.2592E-04   
8.5626E-04   -3.1221E-03   
8.8759E-04   -3.1776E-03   
9.4267E-04   -3.3074E-03   
7.9483E-03   -1.1550E-04   
8.3582E-03   -1.3268E-04   
8.6023E-03   -2.0308E-04   
7.3472E-03   -1.3479E-04   
1.2349E-03   -3.9718E-03   
8.8788E-03   -2.1025E-04   
9.3512E-04   -3.7946E-03   
7.6957E-03   -1.6489E-04   
1.1106E-03   -3.5160E-03   
6.4798E-03   -2.0875E-04   
6.4016E-03   -2.6876E-04   
6.3305E-03   -3.2291E-04   
4.5256E-03   -1.1975E-03   
4.4515E-03   -1.2932E-03   
4.6939E-03   -1.1173E-03   
3.7096E-03   -1.5742E-03   
6.1355E-03   -4.2844E-04   
1.5559E-03   -2.3897E-03   
6.2481E-03   -3.6551E-04   
1.3289E-03   -2.4519E-03   
1.0931E-03   -2.5096E-03   
1.7726E-03   -2.3252E-03   
2.4065E-03   -2.1081E-03   
2.1940E-03   -2.1859E-03   
3.4885E-03   -1.6667E-03   
1.9841E-03   -2.2579E-03   
2.6208E-03   -2.0257E-03   
4.8826E-03   -1.0307E-03   
5.5816E-03   -7.0203E-04   
6.0115E-03   -4.9351E-04   
2.8365E-03   -1.9395E-03   
5.7349E-03   -6.2943E-04   
5.8782E-03   -5.6016E-04   
5.4189E-03   -7.7875E-04   
3.0532E-03   -1.8504E-03   
3.2708E-03   -1.7591E-03   
5.2474E-03   -8.5947E-04   
5.0682E-03   -9.4386E-04   
6.8785E-04   -2.5699E-03   
8.2545E-04   -2.6096E-03   
8.0389E-04   -2.6315E-03   
7.9102E-04   -2.6503E-03   
7.8456E-04   -2.6671E-03   
7.8297E-04   -2.6827E-03   
7.8523E-04   -2.6980E-03   
7.9061E-04   -2.7136E-03   
7.9885E-04   -2.7300E-03   
6.4132E-03   -1.9961E-04   
8.1015E-04   -2.7475E-03   
6.4408E-03   -1.6316E-04   
8.2433E-04   -2.7664E-03   
8.3929E-04   -2.7874E-03   
6.4652E-03   -1.4290E-04   
6.4952E-03   -1.3115E-04   
8.4990E-04   -2.8114E-03   
6.5342E-03   -1.2648E-04   
8.9823E-04   -2.8716E-03   
6.6385E-03   -1.2727E-04   
9.3462E-04   -2.8956E-03   
6.8392E-03   -1.3474E-04   
6.7357E-03   -1.2968E-04   
9.6508E-04   -2.9318E-03   
1.0689E-03   -3.0436E-03   
7.8227E-04   -3.0347E-03   
1.1034E-03   -3.1028E-03   
1.1447E-03   -3.1613E-03   
1.1539E-03   -3.8098E-03   
1.1371E-03   -3.7216E-03   
1.1898E-03   -3.2260E-03   
7.1810E-03   -1.7346E-04   
7.8753E-03   -1.5562E-04   
7.5308E-03   -2.0017E-04   
8.3187E-03   -1.9028E-04   
7.3491E-03   -1.8442E-04   
7.0701E-03   -1.1521E-04   
1.2467E-03   -3.3038E-03   
1.0618E-03   -3.6299E-03   
1.1691E-03   -3.4122E-03   
9.1658E-03   -2.1573E-04   
1.1802E-03   -4.0775E-03   
1.1175E-03   -3.8946E-03   
8.6476E-03   -2.6647E-04   
4.3141E-03   -1.2581E-03   
6.4267E-03   -2.2275E-04   
6.1874E-03   -3.5461E-04   
1.6333E-03   -2.3667E-03   
6.0614E-03   -4.1832E-04   
1.4180E-03   -2.4349E-03   
9.8037E-04   -2.5505E-03   
3.5461E-03   -1.5872E-03   
2.2444E-03   -2.1480E-03   
2.0379E-03   -2.2270E-03   
1.8376E-03   -2.2988E-03   
4.7374E-03   -1.0350E-03   
2.4556E-03   -2.0631E-03   
5.6358E-03   -6.1612E-04   
2.6694E-03   -1.9736E-03   
5.7882E-03   -5.4690E-04   
5.9295E-03   -4.8138E-04   
5.4728E-03   -6.9011E-04   
2.8856E-03   -1.8806E-03   
3.3230E-03   -1.6871E-03   
4.9313E-03   -9.4124E-04   
5.3003E-03   -7.6906E-04   
3.1037E-03   -1.7848E-03   
5.1193E-03   -8.5296E-04   
9.9099E-04   -2.5629E-03   
9.7121E-04   -2.5820E-03   
4.0314E-03   -1.3786E-03   
9.5489E-04   -2.6000E-03   
3.7793E-03   -1.4838E-03   
9.4421E-04   -2.6162E-03   
9.4024E-04   -2.6310E-03   
9.4157E-04   -2.6450E-03   
9.4694E-04   -2.6593E-03   
9.5586E-04   -2.6743E-03   
9.6827E-04   -2.6904E-03   
1.1077E-03   -2.8232E-03   
6.3376E-03   -2.1304E-04   
9.8429E-04   -2.7079E-03   
1.0035E-03   -2.7273E-03   
6.3570E-03   -1.8735E-04   
1.0230E-03   -2.7505E-03   
6.3785E-03   -1.7111E-04   
6.4051E-03   -1.6326E-04   
8.5431E-04   -2.8349E-03   
6.5872E-03   -1.6481E-04   
1.1558E-03   -2.8585E-03   
1.1530E-03   -2.9702E-03   
7.7719E-03   -2.1509E-04   
7.3257E-03   -2.4195E-04   
6.8183E-03   -1.7945E-04   
1.3652E-03   -3.0746E-03   
6.6875E-03   -1.7051E-04   
1.4280E-03   -3.1318E-03   
9.7250E-04   -2.9771E-03   
1.3912E-03   -3.8414E-03   
1.4778E-03   -3.1970E-03   
8.0406E-03   -2.0970E-04   
1.4308E-03   -3.4329E-03   
1.3846E-03   -3.5362E-03   
7.0170E-03   -1.6309E-04   
1.4272E-03   -3.7283E-03   
1.3160E-03   -3.0211E-03   
7.1594E-03   -2.2763E-04   
8.9304E-03   -2.7333E-04   
8.3826E-03   -2.5581E-04   
6.2207E-03   -2.9926E-04   
6.1041E-03   -3.5704E-04   
6.3224E-03   -2.7964E-04   
1.3155E-03   -2.4712E-03   
1.7203E-03   -2.3351E-03   
4.5825E-03   -1.0486E-03   
2.0940E-03   -2.1912E-03   
5.9778E-03   -4.1562E-04   
1.8915E-03   -2.2712E-03   
2.3016E-03   -2.1050E-03   
7.9924E-04   -2.5737E-03   
2.5130E-03   -2.0133E-03   
3.3891E-03   -1.6121E-03   
5.5339E-03   -6.1072E-04   
5.8413E-03   -4.7674E-04   
5.6935E-03   -5.4135E-04   
4.7906E-03   -9.4956E-04   
2.7279E-03   -1.9174E-03   
5.3614E-03   -6.8708E-04   
2.9456E-03   -1.8181E-03   
3.1661E-03   -1.7162E-03   
4.9890E-03   -8.5662E-04   
5.1793E-03   -7.6926E-04   
3.6217E-03   -1.5041E-03   
1.1491E-03   -2.5255E-03   
1.1282E-03   -2.5425E-03   
1.1078E-03   -2.5596E-03   
1.1782E-03   -2.5047E-03   
1.0992E-03   -2.5736E-03   
3.8646E-03   -1.3927E-03   
4.1170E-03   -1.2768E-03   
1.0985E-03   -2.5863E-03   
6.3085E-03   -2.4823E-04   
4.3599E-03   -1.1596E-03   
1.1035E-03   -2.5990E-03   
1.1130E-03   -2.6122E-03   
1.1440E-03   -2.6424E-03   
6.2482E-03   -2.3592E-04   
1.1674E-03   -2.6593E-03   
1.2000E-03   -2.6777E-03   
6.2556E-03   -2.1758E-04   
6.2755E-03   -2.0481E-04   
1.1750E-03   -2.7630E-03   
1.2148E-03   -2.8990E-03   
6.5141E-03   -2.0995E-04   
7.0069E-03   -2.1535E-04   
1.6418E-03   -3.0303E-03   
1.0169E-03   -2.7838E-03   
7.5036E-03   -2.6023E-04   
1.3305E-03   -2.7805E-03   
7.1167E-03   -2.8835E-04   
1.2919E-03   -2.9749E-03   
1.6920E-03   -3.4508E-03   
1.5619E-03   -2.9832E-03   
1.5449E-03   -3.2475E-03   
6.8798E-03   -2.0934E-04   
8.1621E-03   -2.4803E-04   
6.6163E-03   -2.2089E-04   
1.4895E-03   -3.3299E-03   
1.3905E-03   -3.6319E-03   
8.4048E-03   -3.2394E-04   
9.1918E-03   -2.7471E-04   
1.4588E-03   -4.0362E-03   
1.7803E-03   -3.7382E-03   
7.9506E-03   -1.7965E-04   
6.0178E-03   -3.6391E-04   
1.7290E-03   -2.3271E-03   
3.4686E-03   -1.5349E-03   
1.9520E-03   -2.2376E-03   
2.1582E-03   -2.1500E-03   
5.8890E-03   -4.2068E-04   
2.3666E-03   -2.0574E-03   
4.6471E-03   -9.6889E-04   
5.6004E-03   -5.4114E-04   
5.7528E-03   -4.7866E-04   
2.5795E-03   -1.9596E-03   
5.4301E-03   -6.1341E-04   
3.2397E-03   -1.6452E-03   
2.7964E-03   -1.8576E-03   
4.8562E-03   -8.7063E-04   
3.0166E-03   -1.7526E-03   
5.2480E-03   -6.9290E-04   
5.0562E-03   -7.7889E-04   
1.3309E-03   -2.4726E-03   
1.2754E-03   -2.4984E-03   
6.2377E-03   -2.6150E-04   
1.2607E-03   -2.5116E-03   
4.1940E-03   -1.1875E-03   
3.7073E-03   -1.4207E-03   
4.4265E-03   -1.0748E-03   
1.2577E-03   -2.5225E-03   
1.2612E-03   -2.5332E-03   
3.9511E-03   -1.3042E-03   
1.2707E-03   -2.5445E-03   
1.2852E-03   -2.5567E-03   
1.3041E-03   -2.5704E-03   
6.3017E-03   -2.0020E-04   
1.3295E-03   -2.5851E-03   
1.2433E-03   -2.7014E-03   
1.3662E-03   -2.5993E-03   
6.1200E-03   -2.7512E-04   
6.8260E-03   -2.5783E-04   
6.1374E-03   -2.5431E-04   
1.3887E-03   -2.8095E-03   
1.4171E-03   -2.8971E-03   
6.4258E-03   -2.0393E-04   
1.3062E-03   -2.7500E-03   
6.7171E-03   -2.3963E-04   
1.7913E-03   -2.9396E-03   
1.8082E-03   -3.2279E-03   
1.5038E-03   -2.9359E-03   
1.7128E-03   -3.1739E-03   
6.4202E-03   -2.6547E-04   
7.9066E-03   -2.8222E-04   
2.0164E-03   -3.3543E-03   
8.1545E-03   -3.0856E-04   
1.6253E-03   -3.5458E-03   
8.4145E-03   -3.9898E-04   
1.8256E-03   -3.9735E-03   
9.0132E-03   -3.4498E-04   
9.4486E-03   -2.3275E-04   
2.0323E-03   -3.8161E-03   
7.6539E-03   -2.8791E-04   
6.0558E-03   -3.2124E-04   
1.5220E-03   -2.4040E-03   
1.8340E-03   -2.2795E-03   
2.0281E-03   -2.1955E-03   
3.3236E-03   -1.5730E-03   
2.2307E-03   -2.1040E-03   
5.8086E-03   -4.3074E-04   
5.6782E-03   -4.7821E-04   
2.4401E-03   -2.0059E-03   
1.4233E-03   -2.4431E-03   
5.5087E-03   -5.4619E-04   
4.7223E-03   -8.9348E-04   
2.6553E-03   -1.9024E-03   
3.0970E-03   -1.6853E-03   
5.3253E-03   -6.2320E-04   
2.8747E-03   -1.7951E-03   
4.9317E-03   -7.9683E-04   
5.1326E-03   -7.0682E-04   
1.4215E-03   -2.4474E-03   
3.5582E-03   -1.4571E-03   
4.2758E-03   -1.1064E-03   
4.5034E-03   -9.9694E-04   
1.4212E-03   -2.4537E-03   
4.0389E-03   -1.2215E-03   
1.4207E-03   -2.4630E-03   
1.4293E-03   -2.4719E-03   
3.7981E-03   -1.3392E-03   
6.1606E-03   -2.7897E-04   
1.4910E-03   -2.5053E-03   
1.4446E-03   -2.4816E-03   
6.1564E-03   -2.4520E-04   
1.4651E-03   -2.4926E-03   
6.4238E-03   -1.6526E-04   
1.4209E-03   -2.6786E-03   
1.4153E-03   -2.6134E-03   
1.5018E-03   -2.6971E-03   
1.5269E-03   -2.5175E-03   
5.9933E-03   -3.1088E-04   
6.5193E-03   -2.8158E-04   
6.3293E-03   -2.5520E-04   
1.5278E-03   -2.7322E-03   
1.7561E-03   -2.8880E-03   
1.9813E-03   -3.1055E-03   
8.1568E-03   -3.8314E-04   
6.6259E-03   -3.0125E-04   
1.6834E-03   -2.8427E-03   
7.4423E-03   -3.2788E-04   
2.0779E-03   -3.2385E-03   
7.6337E-03   -3.6056E-04   
1.9571E-03   -3.4835E-03   
1.4565E-03   -2.8331E-03   
8.6968E-03   -4.1299E-04   
6.9608E-03   -2.7300E-04   
9.7483E-03   -1.8615E-04   
2.2254E-03   -3.6594E-03   
1.5626E-03   -2.3895E-03   
5.9225E-03   -3.7834E-04   
1.9146E-03   -2.2392E-03   
2.1093E-03   -2.1501E-03   
2.3124E-03   -2.0538E-03   
3.1862E-03   -1.6170E-03   
5.7930E-03   -4.0952E-04   
1.6764E-03   -2.3439E-03   
5.6001E-03   -4.8282E-04   
3.4169E-03   -1.5002E-03   
2.5238E-03   -1.9504E-03   
5.4109E-03   -5.5956E-04   
2.7415E-03   -1.8419E-03   
2.9626E-03   -1.7304E-03   
4.8064E-03   -8.2268E-04   
5.2176E-03   -6.4039E-04   
5.0159E-03   -7.2786E-04   
1.6045E-03   -2.3743E-03   
4.1312E-03   -1.1442E-03   
4.5887E-03   -9.2416E-04   
4.3634E-03   -1.0315E-03   
6.3518E-03   -1.9925E-04   
1.5830E-03   -2.3891E-03   
3.6536E-03   -1.3810E-03   
1.5898E-03   -2.3955E-03   
3.8929E-03   -1.2615E-03   
6.0067E-03   -2.9727E-04   
1.6528E-03   -2.4205E-03   
1.6051E-03   -2.4021E-03   
1.6872E-03   -2.4314E-03   
1.6263E-03   -2.4103E-03   
1.7725E-03   -2.6244E-03   
5.9604E-03   -3.3976E-04   
6.1780E-03   -2.4484E-04   
1.5736E-03   -2.5292E-03   
6.6125E-03   -1.1531E-04   
1.8679E-03   -2.7317E-03   
6.2513E-03   -2.5017E-04   
6.8942E-03   -3.3964E-04   
6.7483E-03   -3.2076E-04   
6.4100E-03   -3.4974E-04   
6.3089E-03   -3.3061E-04   
7.3331E-03   -4.0282E-04   
6.2170E-03   -3.1608E-04   
1.6142E-03   -2.8106E-03   
2.0563E-03   -2.8343E-03   
1.4655E-03   -2.6259E-03   
1.6565E-03   -2.6082E-03   
2.1337E-03   -2.9826E-03   
7.7044E-03   -4.2612E-04   
2.1312E-03   -3.1398E-03   
1.6507E-03   -2.7411E-03   
8.4180E-03   -4.8021E-04   
2.0577E-03   -3.5845E-03   
1.0123E-02   -9.7983E-05   
2.3429E-03   -3.2423E-03   
9.7273E-03   -2.5618E-04   
8.1540E-03   -4.6394E-04   
7.2828E-03   -3.0401E-04   
2.2977E-03   -3.3543E-03   
1.7312E-03   -2.3195E-03   
2.0056E-03   -2.1934E-03   
2.1991E-03   -2.1010E-03   
3.2834E-03   -1.5487E-03   
5.6986E-03   -4.2223E-04   
2.4025E-03   -2.0002E-03   
3.0581E-03   -1.6650E-03   
5.4995E-03   -5.0302E-04   
2.6177E-03   -1.8914E-03   
2.8371E-03   -1.7790E-03   
5.3111E-03   -5.7964E-04   
4.2283E-03   -1.0724E-03   
4.8973E-03   -7.5718E-04   
5.1100E-03   -6.6358E-04   
4.6790E-03   -8.5757E-04   
1.7323E-03   -2.3206E-03   
4.4566E-03   -9.6229E-04   
5.8619E-03   -3.6511E-04   
3.5163E-03   -1.4289E-03   
3.9924E-03   -1.1883E-03   
1.7520E-03   -2.3164E-03   
3.7538E-03   -1.3080E-03   
1.7683E-03   -2.3188E-03   
1.8499E-03   -2.3404E-03   
1.8160E-03   -2.3314E-03   
5.8559E-03   -3.5513E-04   
1.7889E-03   -2.3241E-03   
6.0207E-03   -2.9324E-04   
6.5061E-03   -1.6623E-04   
1.7261E-03   -2.4441E-03   
6.1365E-03   -3.0662E-04   
6.1840E-03   -4.0453E-04   
1.5963E-03   -2.5942E-03   
6.1809E-03   -2.5628E-04   
6.0901E-03   -3.8659E-04   
6.2855E-03   -4.2763E-04   
2.1070E-03   -2.6876E-03   
7.0640E-03   -3.5550E-04   
6.6540E-03   -3.9508E-04   
1.6456E-03   -2.5382E-03   
7.0369E-03   -4.3658E-04   
2.3606E-03   -3.0087E-03   
1.9485E-03   -2.9540E-03   
2.2350E-03   -2.7046E-03   
1.9452E-03   -2.6302E-03   
8.1441E-03   -5.5109E-04   
8.6917E-03   -4.9611E-04   
2.4361E-03   -3.1076E-03   
2.3184E-03   -3.4542E-03   
9.9804E-03   -2.1316E-04   
2.5598E-03   -3.2488E-03   
1.8159E-03   -2.2814E-03   
2.1082E-03   -2.1426E-03   
3.1593E-03   -1.6005E-03   
2.2863E-03   -2.0535E-03   
5.5661E-03   -4.6509E-04   
3.3864E-03   -1.4818E-03   
2.4999E-03   -1.9445E-03   
2.9381E-03   -1.7164E-03   
5.4076E-03   -5.2713E-04   
4.3296E-03   -1.0065E-03   
2.7181E-03   -1.8313E-03   
4.0971E-03   -1.1200E-03   
1.9246E-03   -2.2315E-03   
5.2197E-03   -6.0391E-04   
4.7704E-03   -7.9938E-04   
4.5529E-03   -9.0020E-04   
1.9413E-03   -2.2293E-03   
3.8591E-03   -1.2389E-03   
3.6208E-03   -1.3604E-03   
5.8611E-03   -3.4806E-04   
6.0729E-03   -3.0187E-04   
2.0143E-03   -2.2452E-03   
1.9556E-03   -2.2339E-03   
1.7859E-03   -2.5200E-03   
1.9807E-03   -2.2387E-03   
6.0370E-03   -2.9750E-04   
1.8880E-03   -2.3523E-03   
2.3563E-03   -2.5943E-03   
5.9506E-03   -4.6643E-04   
1.7576E-03   -2.4605E-03   
6.0441E-03   -4.8851E-04   
6.0052E-03   -3.7370E-04   
6.4000E-03   -4.5505E-04   
2.1499E-03   -2.6109E-03   
2.8866E-03   -3.1758E-03   
2.4154E-03   -2.7169E-03   
7.1851E-03   -4.8895E-04   
6.8189E-03   -4.1710E-04   
8.6872E-03   -5.8074E-04   
2.0372E-03   -2.5417E-03   
2.6035E-03   -3.3259E-03   
7.8821E-03   -5.3290E-04   
8.9710E-03   -4.3200E-04   
2.6625E-03   -2.9684E-03   
2.3236E-03   -2.8382E-03   
2.4459E-03   -2.8895E-03   
8.1272E-03   -6.4565E-04   
5.7012E-03   -4.0884E-04   
3.2649E-03   -1.5383E-03   
3.0434E-03   -1.6554E-03   
2.1477E-03   -2.1234E-03   
5.1568E-03   -6.2393E-04   
5.8868E-03   -3.5761E-04   
2.3842E-03   -2.0026E-03   
4.2071E-03   -1.0569E-03   
5.5189E-03   -4.7635E-04   
4.4349E-03   -9.4723E-04   
5.3222E-03   -5.5525E-04   
2.6033E-03   -1.8881E-03   
3.9704E-03   -1.1740E-03   
3.4945E-03   -1.4178E-03   
3.7311E-03   -1.2954E-03   
2.1296E-03   -2.1397E-03   
4.8393E-03   -7.6140E-04   
4.6517E-03   -8.4598E-04   
2.1796E-03   -2.1475E-03   
2.1476E-03   -2.1439E-03   
1.9180E-03   -2.3736E-03   
2.0537E-03   -2.2546E-03   
5.8693E-03   -3.4963E-04   
2.2431E-03   -2.4366E-03   
5.9313E-03   -3.6556E-04   
5.8001E-03   -5.5561E-04   
2.2147E-03   -2.5164E-03   
5.8630E-03   -4.5031E-04   
6.1431E-03   -5.1705E-04   
7.6121E-03   -5.1218E-04   
6.5420E-03   -4.8301E-04   
2.5470E-03   -2.5960E-03   
1.9160E-03   -2.4214E-03   
1.8556E-03   -2.5347E-03   
7.4639E-03   -4.5361E-04   
6.9079E-03   -5.4079E-04   
2.6053E-03   -2.7126E-03   
2.9322E-03   -3.2831E-03   
3.0221E-03   -3.0242E-03   
2.4357E-03   -2.4874E-03   
7.9045E-03   -4.4554E-04   
8.4122E-03   -6.5432E-04   
8.9616E-03   -5.1145E-04   
9.2237E-03   -3.8282E-04   
2.6673E-03   -2.7672E-03   
2.9642E-03   -2.8715E-03   
5.2285E-03   -5.9282E-04   
2.9300E-03   -1.7160E-03   
3.1469E-03   -1.6004E-03   
5.6994E-03   -4.1643E-04   
4.7703E-03   -7.9116E-04   
4.5495E-03   -8.9212E-04   
5.3904E-03   -5.2732E-04   
3.3726E-03   -1.4808E-03   
4.3231E-03   -9.9915E-04   
4.0884E-03   -1.1137E-03   
2.7167E-03   -1.8301E-03   
3.8480E-03   -1.2343E-03   
3.6077E-03   -1.3578E-03   
2.2912E-03   -2.0536E-03   
2.3145E-03   -2.0496E-03   
2.3438E-03   -2.0498E-03   
2.2204E-03   -2.1534E-03   
2.0908E-03   -2.2716E-03   
2.4903E-03   -1.9508E-03   
5.6976E-03   -4.0851E-04   
5.6294E-03   -5.2276E-04   
5.0046E-03   -6.8690E-04   
5.7106E-03   -5.3651E-04   
2.2255E-03   -2.3863E-03   
2.0415E-03   -2.4248E-03   
2.8775E-03   -2.6325E-03   
5.8929E-03   -5.8070E-04   
2.1181E-03   -2.3006E-03   
5.6932E-03   -4.3982E-04   
2.6944E-03   -2.4586E-03   
6.2469E-03   -5.5525E-04   
2.5104E-03   -2.3704E-03   
7.0673E-03   -5.7009E-04   
7.4002E-03   -5.9581E-04   
6.7217E-03   -5.0958E-04   
9.4954E-03   -3.8148E-04   
3.1358E-03   -2.7313E-03   
2.9963E-03   -2.6819E-03   
3.2632E-03   -3.0360E-03   
8.1380E-03   -7.4032E-04   
3.0218E-03   -3.3887E-03   
8.6712E-03   -6.6659E-04   
9.2440E-03   -4.4862E-04   
5.3481E-03   -5.4901E-04   
3.0278E-03   -1.6701E-03   
2.8173E-03   -1.7824E-03   
4.6754E-03   -8.3958E-04   
5.5274E-03   -4.7544E-04   
4.4477E-03   -9.4549E-04   
3.2516E-03   -1.5510E-03   
4.2148E-03   -1.0574E-03   
3.4868E-03   -1.4269E-03   
3.9735E-03   -1.1769E-03   
2.5036E-03   -1.9552E-03   
3.7287E-03   -1.3014E-03   
2.3863E-03   -2.0504E-03   
5.1358E-03   -6.3720E-04   
5.4649E-03   -6.1584E-04   
2.6431E-03   -1.8751E-03   
2.3016E-03   -2.1879E-03   
2.4360E-03   -2.0556E-03   
2.3424E-03   -2.2818E-03   
4.9051E-03   -7.3626E-04   
5.5558E-03   -6.2926E-04   
7.1052E-03   -6.4637E-04   
5.5070E-03   -4.9533E-04   
5.6467E-03   -6.4930E-04   
2.4767E-03   -2.2961E-03   
5.9779E-03   -6.1561E-04   
6.4039E-03   -5.8865E-04   
5.5521E-03   -5.1697E-04   
3.3372E-03   -2.5850E-03   
2.7287E-03   -2.3538E-03   
3.0325E-03   -2.3537E-03   
7.3071E-03   -5.4280E-04   
9.5918E-03   -4.6478E-04   
3.2074E-03   -2.5298E-03   
6.6121E-03   -6.1467E-04   
7.3401E-03   -6.8187E-04   
7.8619E-03   -8.4983E-04   
3.3336E-03   -2.7674E-03   
3.3969E-03   -2.8769E-03   
7.7680E-03   -7.4611E-04   
9.7017E-03   -3.1908E-04   
8.9629E-03   -5.9300E-04   
2.6175E-03   -3.5480E-03   
2.7254E-03   -2.6076E-03   
2.9005E-03   -1.7505E-03   
2.6929E-03   -1.8592E-03   
4.5821E-03   -8.9571E-04   
5.2854E-03   -5.8898E-04   
4.3498E-03   -1.0057E-03   
3.3635E-03   -1.5053E-03   
2.5460E-03   -1.9504E-03   
4.1080E-03   -1.1238E-03   
2.4855E-03   -2.0704E-03   
3.6092E-03   -1.3767E-03   
2.3312E-03   -2.2229E-03   
3.8589E-03   -1.2487E-03   
4.8124E-03   -7.9046E-04   
2.6039E-03   -1.9459E-03   
5.2970E-03   -7.1787E-04   
5.4752E-03   -5.2471E-04   
5.0401E-03   -6.9039E-04   
5.3867E-03   -6.0519E-04   
5.4263E-03   -7.1384E-04   
5.7417E-03   -6.7398E-04   
3.5705E-03   -2.4271E-03   
2.8296E-03   -2.2371E-03   
3.1490E-03   -2.3860E-03   
2.9274E-03   -2.3252E-03   
6.7575E-03   -7.4435E-04   
8.9196E-03   -6.7430E-04   
3.4785E-03   -3.0626E-03   
2.6256E-03   -2.1683E-03   
3.0398E-03   -2.4997E-03   
6.5176E-03   -7.2475E-04   
7.5802E-03   -6.9038E-04   
9.8122E-03   -3.6868E-04   
9.3152E-03   -6.0616E-04   
7.9623E-03   -9.3474E-04   
3.7927E-03   -2.7592E-03   
2.9533E-03   -3.5467E-03   
6.2829E-03   -7.0655E-04   
2.3712E-03   -3.5357E-03   
4.4927E-03   -9.5855E-04   
5.3293E-03   -5.9619E-04   
4.7243E-03   -8.5041E-04   
4.2531E-03   -1.0742E-03   
3.4875E-03   -1.4614E-03   
2.7598E-03   -1.8427E-03   
2.1478E-03   -2.3308E-03   
2.5246E-03   -2.1003E-03   
4.9532E-03   -7.4720E-04   
2.6738E-03   -1.9459E-03   
5.2074E-03   -7.0621E-04   
3.1252E-03   -1.6315E-03   
3.7441E-03   -1.3288E-03   
3.4164E-03   -2.3562E-03   
3.1864E-03   -2.2252E-03   
5.4750E-03   -7.4980E-04   
3.0127E-03   -2.2256E-03   
2.5546E-03   -2.1422E-03   
2.7254E-03   -2.1750E-03   
2.6949E-03   -2.2392E-03   
3.3809E-03   -2.2391E-03   
3.6688E-03   -2.5083E-03   
7.0078E-03   -7.7057E-04   
8.6147E-03   -7.7173E-04   
6.4190E-03   -8.4149E-04   
4.9860E-03   -8.3051E-04   
5.9542E-03   -8.1700E-04   
7.3067E-03   -8.0077E-04   
3.8517E-03   -2.9440E-03   
3.1685E-03   -3.1552E-03   
6.1895E-03   -8.2437E-04   
7.8538E-03   -6.2735E-04   
3.9956E-03   -2.7932E-03   
3.6275E-03   -2.7258E-03   
8.3185E-03   -9.0428E-04   
7.5951E-03   -9.7556E-04   
4.6413E-03   -9.1486E-04   
4.4150E-03   -1.0240E-03   
5.1265E-03   -6.9762E-04   
2.7328E-03   -1.9652E-03   
5.1460E-03   -6.6207E-04   
4.8699E-03   -8.0964E-04   
4.1663E-03   -1.1474E-03   
2.8458E-03   -1.8264E-03   
3.6280E-03   -1.4178E-03   
3.8954E-03   -1.2821E-03   
3.4856E-03   -2.0996E-03   
3.3013E-03   -2.0997E-03   
2.9914E-03   -1.7226E-03   
2.7602E-03   -2.0637E-03   
2.7562E-03   -2.0121E-03   
2.8998E-03   -2.0486E-03   
3.2358E-03   -1.5939E-03   
5.6215E-03   -7.7455E-04   
4.8076E-03   -9.5602E-04   
5.8695E-03   -9.3184E-04   
2.9463E-03   -2.1093E-03   
5.6745E-03   -8.5036E-04   
3.9379E-03   -2.6108E-03   
6.6484E-03   -8.6657E-04   
3.9499E-03   -2.3398E-03   
3.1045E-03   -2.9097E-03   
4.2320E-03   -2.8129E-03   
5.2542E-03   -8.7602E-04   
6.0856E-03   -9.4461E-04   
3.7376E-03   -2.1628E-03   
4.1567E-03   -2.6424E-03   
3.6757E-03   -3.1048E-03   
7.7159E-03   -1.0575E-03   
8.7080E-03   -8.7523E-04   
4.5779E-03   -9.7219E-04   
4.7888E-03   -8.7666E-04   
3.3673E-03   -1.5537E-03   
2.9669E-03   -1.9451E-03   
3.7844E-03   -1.3757E-03   
3.2514E-03   -1.9750E-03   
2.9679E-03   -1.8079E-03   
4.9133E-03   -9.8103E-04   
3.1060E-03   -1.6919E-03   
3.0153E-03   -1.8514E-03   
5.8373E-03   -6.8916E-04   
4.0715E-03   -1.2353E-03   
4.9946E-03   -7.8194E-04   
3.4208E-03   -1.9693E-03   
5.7633E-03   -1.0536E-03   
3.6031E-03   -1.9666E-03   
5.6880E-03   -9.2612E-04   
2.8097E-03   -3.0042E-03   
4.5453E-03   -2.8120E-03   
6.3017E-03   -9.6659E-04   
3.2887E-03   -3.2123E-03   
4.1622E-03   -2.0442E-03   
4.0541E-03   -2.4451E-03   
5.3460E-03   -9.2778E-04   
6.8840E-03   -8.9967E-04   
3.8941E-03   -3.1532E-03   
4.2372E-03   -2.1592E-03   
4.3277E-03   -2.4795E-03   
4.1038E-03   -2.9725E-03   
7.3328E-03   -1.1103E-03   
3.6708E-03   -2.0938E-03   
9.1210E-03   -8.3581E-04   
3.5168E-03   -1.5119E-03   
3.5458E-03   -1.8327E-03   
4.3851E-03   -1.0817E-03   
3.2570E-03   -1.6488E-03   
4.5852E-03   -1.0931E-03   
3.7918E-03   -1.9702E-03   
3.1256E-03   -1.9754E-03   
6.1740E-03   -1.0985E-03   
3.9465E-03   -1.3413E-03   
3.7244E-03   -1.8290E-03   
3.1891E-03   -1.7237E-03   
5.0064E-03   -1.0255E-03   
5.9658E-03   -1.0731E-03   
4.6810E-03   -9.5921E-04   
3.1661E-03   -1.8947E-03   
5.4188E-03   -9.9182E-04   
3.4295E-03   -2.6418E-03   
3.9671E-03   -1.9950E-03   
4.3342E-03   -2.2513E-03   
4.5002E-03   -2.3107E-03   
4.5879E-03   -2.5257E-03   
4.9587E-03   -2.6381E-03   
7.4676E-03   -1.2088E-03   
3.6432E-03   -3.3298E-03   
6.7359E-03   -1.0335E-03   
9.4029E-03   -7.1269E-04   
3.6710E-03   -1.4763E-03   
3.4135E-03   -1.6069E-03   
4.2713E-03   -1.1954E-03   
3.8483E-03   -1.6902E-03   
4.6685E-03   -1.1347E-03   
5.5233E-03   -1.0536E-03   
5.0965E-03   -1.0791E-03   
3.9184E-03   -1.8275E-03   
5.8437E-03   -1.2073E-03   
5.6421E-03   -1.1836E-03   
6.9710E-03   -1.1500E-03   
6.3886E-03   -1.1320E-03   
4.8912E-03   -2.1797E-03   
4.6111E-03   -2.0822E-03   
3.3643E-03   -1.8506E-03   
7.0930E-03   -9.4980E-04   
8.0481E-03   -1.0060E-03   
7.0765E-03   -1.3887E-03   
4.9772E-03   -2.5018E-03   
4.9707E-03   -2.7775E-03   
5.0304E-03   -2.3597E-03   
4.3356E-03   -1.8603E-03   
4.0835E-03   -3.2242E-03   
9.5128E-03   -7.9805E-04   
3.5565E-03   -1.5823E-03   
4.5454E-03   -1.0551E-03   
3.4258E-03   -1.7479E-03   
4.0715E-03   -1.3307E-03   
5.4803E-03   -1.3465E-03   
4.3146E-03   -1.2598E-03   
3.8219E-03   -1.4527E-03   
4.7587E-03   -1.1859E-03   
4.0389E-03   -1.6830E-03   
5.2437E-03   -1.2079E-03   
4.2569E-03   -1.6786E-03   
5.3167E-03   -1.2815E-03   
7.2328E-03   -1.0217E-03   
6.0537E-03   -1.2322E-03   
6.6232E-03   -1.1752E-03   
8.3315E-03   -1.0234E-03   
4.5364E-03   -1.9867E-03   
6.9316E-03   -1.0649E-03   
4.5172E-03   -1.8892E-03   
6.6894E-03   -1.2821E-03   
3.6812E-03   -1.6822E-03   
4.5282E-03   -1.6737E-03   
5.1554E-03   -2.2031E-03   
6.7081E-03   -1.3973E-03   
7.4763E-03   -1.3203E-03   
4.6689E-03   -2.1671E-03   
5.3151E-03   -2.3587E-03   
5.2763E-03   -2.6090E-03   
3.7947E-03   -3.3893E-03   
3.6937E-03   -1.5808E-03   
4.3694E-03   -1.5291E-03   
4.0039E-03   -1.4179E-03   
4.4325E-03   -1.2935E-03   
4.8104E-03   -1.8284E-03   
4.1494E-03   -1.5464E-03   
5.0937E-03   -1.4395E-03   
5.7700E-03   -1.3223E-03   
5.6400E-03   -2.5138E-03   
6.3898E-03   -1.4137E-03   
3.3035E-03   -1.7075E-03   
4.7490E-03   -1.7238E-03   
6.2507E-03   -1.2694E-03   
4.8704E-03   -1.2325E-03   
4.9623E-03   -1.3715E-03   
5.3023E-03   -2.0412E-03   
3.6971E-03   -3.5267E-03   
5.4372E-03   -2.2213E-03   
6.6848E-03   -1.5087E-03   
7.7378E-03   -1.2257E-03   
5.1895E-03   -1.1355E-03   
3.2167E-03   -1.8043E-03   
3.9636E-03   -1.5731E-03   
4.6014E-03   -1.5238E-03   
4.1927E-03   -1.4440E-03   
5.9127E-03   -1.3706E-03   
4.7121E-03   -1.3803E-03   
4.8645E-03   -1.5799E-03   
4.1773E-03   -1.3839E-03   
6.4221E-03   -1.6513E-03   
3.9491E-03   -1.5125E-03   
8.0654E-03   -1.1757E-03   
6.3697E-03   -1.5395E-03   
5.0160E-03   -2.0108E-03   
4.8083E-03   -1.5173E-03   
5.8925E-03   -2.3458E-03   
3.2798E-03   -3.6801E-03   
4.9944E-03   -1.2641E-03   
5.2671E-03   -1.8238E-03   
5.5636E-03   -1.4560E-03   
5.7207E-03   -1.5403E-03   
5.4889E-03   -1.8665E-03   
6.5374E-03   -1.7512E-03   
5.0372E-03   -1.6954E-03   
5.7432E-03   -2.2473E-03   
6.0259E-03   -2.4201E-03   
5.6512E-03   -1.6977E-03   
5.1280E-03   -1.7610E-03   
6.3821E-03   -2.4082E-03   
5.7213E-03   -1.9137E-03   
6.4143E-03   -1.3090E-03   
6.9844E-03   -1.6652E-03   
6.1237E-03   -1.8207E-03   
5.3375E-03   -1.6144E-03   
6.0367E-03   -1.5521E-03   
5.5550E-03   -2.0712E-03   
6.2019E-03   -1.9263E-03   
7.3283E-03   -1.4688E-03   
6.7608E-03   -2.2184E-03   
5.8863E-03   -1.9629E-03   
5.4204E-03   -1.6870E-03   
6.1856E-03   -2.0638E-03   
6.5366E-03   -2.0584E-03   
6.9883E-03   -1.9043E-03   
7.1509E-03   -1.7421E-03   
6.8626E-03   -2.0713E-03   
3.3674E-04   -4.3738E-03   
6.1478E-03   -2.1915E-03   
5.7963E-03   -2.5973E-03   
1.0106E-02   -3.6528E-04   
7.5976E-04   -3.6698E-03   
1.1025E-02   -5.4460E-05   
9.9088E-03   -7.5891E-04   
6.1177E-04   -4.4241E-03   
2.9282E-03   -3.6890E-03   
6.9054E-03   -2.3017E-03   
1.0276E-02   -1.9452E-04   
9.3499E-04   -4.3858E-03   
3.2889E-03   -3.4113E-03   
1.3278E-03   -4.3309E-03   
1.7290E-03   -4.2710E-03   
2.1295E-03   -4.1992E-03   
2.5428E-03   -4.1171E-03   
1.1378E-02   -4.9829E-05   
2.9648E-03   -4.0266E-03   
3.4075E-03   -3.9225E-03   
9.6520E-03   -6.1900E-04   
3.8639E-03   -3.8148E-03   
1.1742E-02   -4.8023E-05   
4.3274E-03   -3.7018E-03   
4.8042E-03   -3.5843E-03   
7.3894E-03   -1.5940E-03   
5.3425E-03   -3.4438E-03   
1.2124E-02   -4.4533E-05   
8.4127E-03   -7.3018E-04   
5.7725E-03   -3.3781E-03   
4.3132E-03   -2.6881E-03   
2.2272E-03   -3.8980E-03   
9.7219E-03   -5.3957E-04   
6.2734E-03   -3.2156E-03   
6.8359E-03   -3.1004E-03   
1.2518E-02   -3.9424E-05   
7.3603E-03   -2.9824E-03   
4.5639E-03   -3.1163E-03   
7.9428E-03   -2.8392E-03   
8.3966E-03   -2.7728E-03   
1.2927E-02   -3.4246E-05   
8.9228E-03   -2.6065E-03   
9.5166E-03   -2.4660E-03   
9.8331E-04   -4.1674E-03   
1.0073E-02   -2.3151E-03   
1.3398E-02   -3.0953E-05   
1.0418E-02   -1.2132E-04   
4.8767E-03   -2.9344E-03   
1.0676E-02   -2.1250E-03   
1.1252E-02   -1.9540E-03   
9.2437E-03   -9.0709E-04   
1.3922E-02   -1.6783E-05   
8.4305E-03   -1.1174E-03   
7.7631E-03   -1.3162E-03   
1.2385E-02   -1.5311E-03   
1.4486E-02   -2.4291E-04   
1.4589E-02   -2.4211E-04   
1.4533E-02   -6.8909E-05   
1.4577E-02   -2.8783E-05   
1.4500E-02   -1.5432E-04   
3.9781E-03   -3.5497E-03   
1.3652E-02   -8.8617E-04   
1.1391E-03   -4.2486E-03   
8.7159E-03   -1.1377E-03   
8.2089E-03   -1.2729E-03   
2.0035E-03   -4.0348E-03   
7.6913E-03   -1.5881E-03   
2.5871E-03   -3.8304E-03   
1.0378E-02   -3.0748E-04   
7.2543E-03   -1.9290E-03   
1.0182E-02   -6.3944E-04   
2.8717E-03   -3.8373E-03   
5.1104E-03   -2.9903E-03   
1.9708E-03   -4.1350E-03   
5.6498E-03   -2.7849E-03   
2.8023E-03   -3.9664E-03   
9.1528E-03   -1.0178E-03   
9.9091E-03   -2.2255E-03   
7.2082E-03   -2.8907E-03   
3.7064E-03   -3.7366E-03   
4.6972E-03   -3.2024E-03   
4.6406E-03   -3.5063E-03   
4.5299E-03   -3.3913E-03   
1.1919E-02   -9.3596E-05   
7.4059E-03   -2.2007E-03   
1.0586E-02   -1.7396E-04   
1.0031E-02   -8.2904E-04   
1.1217E-02   -9.6983E-05   
1.3340E-02   -6.6813E-05   
6.5797E-03   -2.4849E-03   
8.1249E-03   -2.6637E-03   
9.8826E-03   -4.1196E-04   
1.0022E-02   -5.6018E-04   
7.4230E-03   -1.6692E-03   
5.3978E-03   -2.6569E-03   
1.4238E-02   -6.7152E-06   
1.1840E-02   -1.7438E-03   
5.4895E-03   -3.2776E-03   
1.0810E-02   -1.9525E-03   
1.4607E-02   -1.6411E-04   
1.4673E-02   -1.5089E-05   
1.4651E-02   -4.2335E-05   
1.4623E-02   -9.9156E-05   
8.9830E-03   -2.4380E-03   
6.3118E-03   -3.0409E-03   
1.2697E-02   -7.3936E-05   
1.2893E-02   -1.1130E-03   
1.3983E-02   -4.8947E-05   
1.3586E-02   -8.0941E-04   
1.3892E-02   -3.5533E-04   
1.4048E-02   -6.8353E-05   
1.3978E-02   -1.5293E-04   
1.3805E-02   -5.5305E-04   
9.0756E-03   -1.1509E-03   
7.0958E-03   -2.7932E-03   
1.0490E-02   -2.3866E-04   
1.0849E-02   -2.0001E-04   
1.1705E-02   -1.4915E-04   
1.2715E-03   -4.1376E-03   
6.4252E-03   -2.6683E-03   
8.1265E-03   -1.4452E-03   
4.9375E-03   -3.3362E-03   
1.0445E-02   -3.7768E-04   
1.2476E-02   -1.2182E-04   
1.1651E-02   -1.6959E-03   
3.5792E-03   -3.6672E-03   
6.7116E-03   -2.8747E-03   
5.3394E-03   -3.2198E-03   
8.0092E-03   -2.5843E-03   
5.9534E-03   -2.7808E-03   
9.5107E-03   -2.2367E-03   
7.7106E-03   -1.8420E-03   
5.8537E-03   -3.0823E-03   
9.9044E-03   -9.5485E-04   
1.0313E-02   -7.1749E-04   
8.5391E-03   -2.4675E-03   
7.7782E-03   -1.9893E-03   
1.2919E-02   -1.0360E-04   
7.5589E-03   -2.3099E-03   
1.2090E-02   -1.3507E-04   
5.5595E-03   -2.9459E-03   
1.0323E-02   -4.6934E-04   
7.5462E-03   -2.6912E-03   
8.0039E-03   -1.6313E-03   
1.1260E-02   -1.6004E-04   
1.0443E-02   -5.3009E-04   
1.3319E-02   -5.4147E-04   
1.3539E-02   -1.1757E-04   
1.3458E-02   -2.4659E-04   
1.3618E-02   -6.8338E-05   
9.4550E-03   -1.0307E-03   
1.2167E-02   -1.4049E-03   
1.3007E-02   -9.2249E-04   
1.3952E-02   -1.2677E-04   
1.3834E-02   -4.7371E-04   
1.3848E-02   -2.4577E-04   
1.3791E-02   -2.9706E-04   
7.4089E-03   -2.6008E-03   
5.5665E-03   -3.0612E-03   
1.2618E-02   -1.5713E-04   
1.1228E-02   -1.7834E-03   
6.4399E-03   -2.8429E-03   
7.8980E-03   -2.1069E-03   
7.2498E-03   -2.5153E-03   
1.0736E-02   -6.6987E-04   
1.1105E-02   -2.3152E-04   
9.1088E-03   -2.2598E-03   
1.1894E-02   -1.8560E-04   
1.3410E-02   -3.3163E-04   
1.3581E-02   -1.7031E-04   
1.0849E-02   -4.8945E-04   
9.0025E-03   -1.2948E-03   
1.0825E-02   -3.5275E-04   
8.5176E-03   -1.4536E-03   
1.3292E-02   -4.3615E-04   
1.2338E-02   -1.1609E-03   
1.0266E-02   -9.4168E-04   
1.0053E-02   -2.0291E-03   
8.1527E-03   -1.8028E-03   
6.8177E-03   -2.6348E-03   
8.3339E-03   -2.3890E-03   
9.9906E-03   -1.0426E-03   
1.3311E-02   -1.0484E-04   
1.2066E-02   -1.3430E-03   
1.3083E-02   -7.3081E-04   
9.2075E-03   -2.0716E-03   
8.6512E-03   -1.7301E-03   
9.9216E-03   -1.1640E-03   
1.0679E-02   -8.7579E-04   
8.6597E-03   -2.1928E-03   
7.7174E-03   -2.4055E-03   
1.2755E-02   -1.8714E-04   
1.1779E-02   -1.3695E-03   
1.1929E-02   -2.4521E-04   
1.2381E-02   -2.1517E-04   
8.1865E-03   -2.3003E-03   
1.1103E-02   -3.8419E-04   
1.1135E-02   -2.9606E-04   
1.1004E-02   -5.5373E-04   
8.0804E-03   -1.7232E-03   
8.3491E-03   -2.0222E-03   
1.0905E-02   -7.3407E-04   
1.0186E-02   -1.8580E-03   
9.3908E-03   -1.2991E-03   
8.9250E-03   -1.4447E-03   
8.6095E-03   -1.8699E-03   
1.0360E-02   -1.0944E-03   
1.0637E-02   -9.8407E-04   
1.0457E-02   -1.9888E-03   
1.1163E-02   -6.1299E-04   
8.5001E-03   -2.1085E-03   
1.3123E-02   -1.5595E-04   
1.1493E-02   -3.0741E-04   
1.1255E-02   -4.5299E-04   
1.1189E-02   -1.5832E-03   
1.1797E-02   -3.2730E-04   
8.9002E-03   -1.5644E-03   
9.6850E-03   -1.3156E-03   
1.0733E-02   -1.0622E-03   
8.7832E-03   -1.9277E-03   
1.1686E-02   -4.0966E-04   
1.2042E-02   -1.1710E-03   
1.1090E-02   -7.7254E-04   
1.1586E-02   -5.5288E-04   
1.0979E-02   -1.7840E-03   
1.2566E-02   -2.4445E-04   
9.1824E-03   -1.5867E-03   
9.6637E-03   -1.4306E-03   
1.3287E-02   -1.7966E-04   
1.1459E-02   -7.1816E-04   
1.2807E-02   -2.6408E-04   
9.2497E-03   -1.8116E-03   
1.1769E-02   -4.6713E-04   
1.2351E-02   -3.1394E-04   
1.1743E-02   -5.9647E-04   
1.0082E-02   -1.4018E-03   
1.2016E-02   -3.4505E-04   
1.0572E-02   -1.2295E-03   
1.1286E-02   -9.3617E-04   
1.2085E-02   -4.7198E-04   
1.1473E-02   -1.0035E-03   
9.4127E-03   -1.8817E-03   
1.0962E-02   -1.2026E-03   
9.5686E-03   -1.6023E-03   
1.0469E-02   -1.3818E-03   
1.2455E-02   -3.5699E-04   
1.3230E-02   -2.4042E-04   
1.1790E-02   -9.9485E-04   
1.1369E-02   -1.1564E-03   
1.2576E-02   -3.9620E-04   
9.7413E-03   -1.7025E-03   
1.0289E-02   -1.5636E-03   
1.2363E-02   -4.7724E-04   
1.2257E-02   -8.8368E-04   
1.1331E-02   -1.2896E-03   
1.3003E-02   -3.2578E-04   
1.2347E-02   -5.4005E-04   
1.2230E-02   -1.0017E-03   
1.3196E-02   -3.3991E-04   
1.1772E-02   -1.1836E-03   
1.1900E-02   -6.3797E-04   
1.1616E-02   -7.7268E-04   
1.1825E-02   -8.1512E-04   
1.2347E-02   -6.8403E-04   
