51 
1844 
2.9752E-03   -3.2956E-03   
5.6592E-03   -2.7891E-03   
7.7859E-03   -2.0131E-03   
9.1512E-03   -1.0512E-03   
1.0002E-36   -3.4544E-03   
9.6120E-03   -5.1614E-37   
9.8272E-03   -3.8629E-35   
1.0179E-02   -3.9086E-37   
1.0952E-02   1.6076E-35   
1.1651E-02   2.3636E-35   
1.2540E-02   5.0131E-35   
1.3626E-02   6.9118E-35   
1.4460E-02   8.3677E-35   
1.5881E-02   1.2724E-34   
1.6939E-02   1.5431E-34   
1.8084E-02   1.3535E-34   
1.8687E-02   2.0952E-34   
1.9954E-02   3.1033E-34   
2.1299E-02   4.5158E-34   
2.2000E-02   -2.3671E-30   
2.2000E-02   -2.8427E-34   
2.2000E-02   -2.8427E-34   
2.2000E-02   -2.8427E-34   
2.2000E-02   -2.8427E-34   
2.2000E-02   -2.8427E-34   
2.2000E-02   -2.8427E-34   
2.2000E-02   -2.8427E-34   
2.2000E-02   -2.8427E-34   
2.2000E-02   -2.8427E-34   
2.2000E-02   -2.8427E-34   
2.2000E-02   -2.8427E-34   
2.2000E-02   -2.8427E-34   
2.0669E-02   -9.5210E-04   
1.8500E-02   -2.1732E-03   
1.7586E-02   -2.5934E-03   
1.6712E-02   -2.9400E-03   
1.5031E-02   -3.4981E-03   
1.4212E-02   -3.7317E-03   
1.2600E-02   -4.1431E-03   
1.1809E-02   -4.3313E-03   
1.0251E-02   -4.6896E-03   
8.7366E-03   -5.0362E-03   
7.9988E-03   -5.2086E-03   
6.5694E-03   -5.5468E-03   
5.2117E-03   -5.8691E-03   
4.5617E-03   -6.0192E-03   
3.3214E-03   -6.2866E-03   
2.1556E-03   -6.4912E-03   
1.0537E-03   -6.6183E-03   
1.3885E-36   -6.6565E-03   
4.5359E-34   -6.3064E-03   
4.7712E-34   -5.9723E-03   
4.4953E-34   -5.5288E-03   
4.2616E-34   -5.2742E-03   
3.7521E-34   -4.8591E-03   
3.4228E-34   -4.6227E-03   
3.0831E-34   -4.3923E-03   
2.8017E-34   -4.2067E-03   
2.7409E-34   -4.0445E-03   
2.2545E-03   -3.5169E-03   
2.1138E-02   -8.4187E-05   
2.0235E-02   -1.7601E-04   
1.8928E-02   -3.0434E-04   
1.7857E-02   -4.1398E-04   
1.6820E-02   -5.5053E-04   
1.5652E-02   -6.3197E-04   
1.4695E-02   -6.6534E-04   
1.3512E-02   -7.6777E-04   
1.2339E-02   -8.3104E-04   
1.1172E-02   -8.8662E-04   
1.0013E-02   -9.3620E-04   
8.8075E-03   -1.0156E-03   
7.5672E-03   -1.2166E-03   
5.8719E-03   -1.7558E-03   
4.1441E-03   -2.5966E-03   
6.1515E-03   -2.0460E-03   
7.3342E-03   -1.0182E-03   
8.4810E-03   -6.4509E-04   
9.5658E-03   -5.4597E-04   
1.0608E-02   -5.3244E-04   
1.1600E-02   -5.3737E-04   
1.2732E-02   -4.9301E-04   
1.3786E-02   -4.5724E-04   
1.4766E-02   -4.1108E-04   
1.5778E-02   -4.1386E-04   
1.6880E-02   -3.2787E-04   
1.7940E-02   -2.5858E-04   
1.8976E-02   -2.0817E-04   
2.0074E-02   -1.2096E-04   
2.1027E-02   -5.1006E-05   
9.0020E-03   -4.5547E-04   
9.5553E-03   -2.1538E-04   
1.0186E-02   -2.0236E-04   
1.1060E-02   -2.0772E-04   
1.1896E-02   -2.1150E-04   
1.2927E-02   -2.2280E-04   
1.3847E-02   -2.2874E-04   
1.4762E-02   -2.2370E-04   
1.5940E-02   -1.7983E-04   
1.6925E-02   -1.4538E-04   
1.8040E-02   -1.2484E-04   
1.9135E-02   -9.0096E-05   
2.0205E-02   -5.9116E-05   
2.1188E-02   -1.9294E-05   
2.0976E-02   -1.3077E-04   
1.9999E-02   -2.7589E-04   
1.8801E-02   -4.6300E-04   
1.7696E-02   -5.7874E-04   
1.6739E-02   -7.4398E-04   
1.5537E-02   -8.7696E-04   
1.4353E-02   -9.9703E-04   
1.3229E-02   -1.0905E-03   
1.2061E-02   -1.2044E-03   
1.0966E-02   -1.3037E-03   
9.5619E-03   -1.4597E-03   
8.0620E-03   -1.6903E-03   
6.5895E-03   -2.0077E-03   
5.0472E-03   -2.4658E-03   
3.3226E-03   -3.1734E-03   
1.6525E-03   -3.8511E-03   
2.0914E-02   -1.9396E-04   
2.0084E-02   -3.5244E-04   
1.8660E-02   -6.2789E-04   
1.7727E-02   -8.0063E-04   
1.6613E-02   -9.7332E-04   
1.5273E-02   -1.1961E-03   
1.4087E-02   -1.3180E-03   
1.2937E-02   -1.4468E-03   
1.1585E-02   -1.6341E-03   
1.0318E-02   -1.8408E-03   
8.9757E-03   -2.0651E-03   
7.5659E-03   -2.2726E-03   
6.0507E-03   -2.6915E-03   
4.5752E-03   -3.0894E-03   
2.9736E-03   -3.6548E-03   
1.4171E-03   -4.1470E-03   
2.1218E-02   -1.6957E-04   
1.9712E-02   -5.2984E-04   
1.8855E-02   -7.1718E-04   
1.7810E-02   -9.6505E-04   
1.6249E-02   -1.2808E-03   
1.5138E-02   -1.4913E-03   
1.3983E-02   -1.6637E-03   
1.2618E-02   -1.8927E-03   
1.1373E-02   -2.1168E-03   
1.0030E-02   -2.3045E-03   
8.7638E-03   -2.5221E-03   
7.1776E-03   -2.8103E-03   
5.6397E-03   -3.2954E-03   
4.2046E-03   -3.6428E-03   
2.8571E-03   -4.0808E-03   
1.4049E-03   -4.4290E-03   
2.0736E-02   -3.4689E-04   
1.9853E-02   -6.1068E-04   
1.8785E-02   -9.2612E-04   
1.7709E-02   -1.2301E-03   
1.6148E-02   -1.5942E-03   
1.4894E-02   -1.8217E-03   
1.3620E-02   -2.1134E-03   
1.2399E-02   -2.3762E-03   
1.0943E-02   -2.5744E-03   
9.7583E-03   -2.7482E-03   
8.5530E-03   -3.0560E-03   
6.9540E-03   -3.4350E-03   
5.3931E-03   -3.8341E-03   
4.0283E-03   -4.1747E-03   
2.5765E-03   -4.5245E-03   
1.3457E-03   -4.7484E-03   
2.1003E-02   -3.6711E-04   
1.9803E-02   -8.0930E-04   
1.8820E-02   -1.1108E-03   
1.7282E-02   -1.5947E-03   
1.5927E-02   -1.9992E-03   
1.4717E-02   -2.2439E-03   
1.3217E-02   -2.5716E-03   
1.2092E-02   -2.8106E-03   
1.0632E-02   -3.0435E-03   
9.3598E-03   -3.2900E-03   
7.9185E-03   -3.6076E-03   
6.7428E-03   -3.9052E-03   
5.3274E-03   -4.2700E-03   
3.9244E-03   -4.5987E-03   
2.5634E-03   -4.8990E-03   
1.2051E-03   -5.1146E-03   
2.0834E-02   -4.9499E-04   
1.9518E-02   -1.0306E-03   
1.8599E-02   -1.3609E-03   
1.6814E-02   -2.0060E-03   
1.5732E-02   -2.3237E-03   
1.4503E-02   -2.6694E-03   
1.3155E-02   -2.9344E-03   
1.1793E-02   -3.2352E-03   
1.0284E-02   -3.5754E-03   
9.0216E-03   -3.8346E-03   
7.7836E-03   -4.0887E-03   
6.4942E-03   -4.4005E-03   
5.0761E-03   -4.7961E-03   
3.8691E-03   -5.0242E-03   
2.5028E-03   -5.3072E-03   
1.2422E-03   -5.4717E-03   
2.0934E-02   -5.8855E-04   
1.9808E-02   -1.1354E-03   
1.8296E-02   -1.7557E-03   
1.6974E-02   -2.3071E-03   
1.5543E-02   -2.6488E-03   
1.4161E-02   -3.0071E-03   
1.2846E-02   -3.3467E-03   
1.1529E-02   -3.6626E-03   
1.0212E-02   -3.9713E-03   
8.7644E-03   -4.2428E-03   
7.4844E-03   -4.6398E-03   
6.1418E-03   -4.9062E-03   
4.9345E-03   -5.1528E-03   
3.6792E-03   -5.4476E-03   
2.3864E-03   -5.7137E-03   
1.3261E-03   -5.8212E-03   
2.0623E-02   -8.9298E-04   
1.9247E-02   -1.6843E-03   
1.8103E-02   -2.1356E-03   
1.6316E-02   -2.7927E-03   
1.5236E-02   -3.1119E-03   
1.3736E-02   -3.5166E-03   
1.2434E-02   -3.8640E-03   
1.1275E-02   -4.0760E-03   
9.8792E-03   -4.3839E-03   
8.5619E-03   -4.7544E-03   
7.4566E-03   -4.9813E-03   
6.1189E-03   -5.3078E-03   
4.7415E-03   -5.6255E-03   
3.5137E-03   -5.8731E-03   
2.3403E-03   -6.0856E-03   
1.0470E-03   -6.2949E-03   
3.7363E-04   -3.4661E-03   
7.5193E-04   -3.4591E-03   
1.1284E-03   -3.4458E-03   
1.5036E-03   -3.4271E-03   
1.8765E-03   -3.4028E-03   
2.2466E-03   -3.3726E-03   
2.6130E-03   -3.3367E-03   
3.3327E-03   -3.2493E-03   
3.6850E-03   -3.1980E-03   
4.0315E-03   -3.1418E-03   
4.3717E-03   -3.0807E-03   
4.7051E-03   -3.0147E-03   
5.0312E-03   -2.9440E-03   
5.3494E-03   -2.8688E-03   
5.9602E-03   -2.7051E-03   
6.2517E-03   -2.6171E-03   
6.5334E-03   -2.5252E-03   
6.8056E-03   -2.4296E-03   
7.0673E-03   -2.3306E-03   
7.3183E-03   -2.2279E-03   
7.5580E-03   -2.1220E-03   
8.0018E-03   -1.9014E-03   
8.2053E-03   -1.7869E-03   
8.3962E-03   -1.6698E-03   
8.5742E-03   -1.5502E-03   
8.7389E-03   -1.4284E-03   
8.8901E-03   -1.3045E-03   
9.0276E-03   -1.1787E-03   
9.2607E-03   -9.2212E-04   
9.3558E-03   -7.9146E-04   
9.4362E-03   -6.5915E-04   
9.4965E-03   -5.2576E-04   
9.5570E-03   -3.9479E-04   
9.5850E-03   -2.6509E-04   
9.6133E-03   -1.2870E-04   
9.6752E-03   -1.9113E-34   
9.7102E-03   -1.7780E-34   
9.7382E-03   -1.3152E-34   
9.7643E-03   -6.9609E-35   
9.7927E-03   -5.2164E-35   
9.8709E-03   -2.7636E-35   
9.9262E-03   -1.8687E-35   
9.9951E-03   -1.1393E-35   
1.0079E-02   -5.3931E-36   
1.0296E-02   3.7961E-36   
1.0432E-02   7.3190E-36   
1.0586E-02   1.0383E-35   
1.0759E-02   1.3240E-35   
1.1164E-02   1.8635E-35   
1.1397E-02   2.1170E-35   
1.1926E-02   2.6375E-35   
1.2223E-02   2.9189E-35   
1.2880E-02   5.2797E-35   
1.3242E-02   3.9737E-35   
1.4032E-02   7.4761E-35   
1.4911E-02   9.6791E-35   
1.5385E-02   1.0927E-34   
1.6399E-02   1.3170E-34   
1.7501E-02   1.7603E-34   
1.9311E-02   2.6301E-34   
2.0617E-02   2.7546E-34   
2.2000E-02   -2.8427E-34   
2.2000E-02   -2.8427E-34   
2.2000E-02   -2.8427E-34   
2.2000E-02   -2.8427E-34   
2.2000E-02   -2.8427E-34   
1.9486E-02   -1.6696E-03   
1.5864E-02   -3.2376E-03   
1.3402E-02   -3.9445E-03   
1.1025E-02   -4.5128E-03   
9.4880E-03   -4.8639E-03   
7.2759E-03   -5.3787E-03   
5.8811E-03   -5.7110E-03   
3.9316E-03   -6.1592E-03   
2.7297E-03   -6.3972E-03   
1.5971E-03   -6.5648E-03   
5.2353E-04   -6.6514E-03   
3.3655E-34   -6.4816E-03   
4.7167E-34   -6.1360E-03   
4.6222E-34   -5.8164E-03   
6.7239E-34   -5.6686E-03   
6.7864E-34   -5.3974E-03   
4.1627E-34   -5.1589E-03   
4.0497E-34   -5.0514E-03   
3.8942E-34   -4.9516E-03   
3.6344E-34   -4.7736E-03   
3.5241E-34   -4.6949E-03   
3.3371E-34   -4.5566E-03   
3.2527E-34   -4.4965E-03   
3.1637E-34   -4.4419E-03   
3.0128E-34   -4.3475E-03   
2.9490E-34   -4.3070E-03   
2.8922E-34   -4.2704E-03   
2.8429E-34   -4.2371E-03   
2.7684E-34   -4.1784E-03   
2.7435E-34   -4.1517E-03   
2.7275E-34   -4.1258E-03   
2.7215E-34   -4.0999E-03   
2.7258E-34   -4.0731E-03   
2.7657E-34   -4.0129E-03   
2.7990E-34   -3.9770E-03   
2.8454E-34   -3.9355E-03   
2.9073E-34   -3.8871E-03   
3.0044E-34   -3.8305E-03   
4.7294E-34   -3.7617E-03   
4.7688E-34   -3.6814E-03   
3.9182E-34   -3.5750E-03   
4.0280E-03   -3.1073E-03   
6.2185E-03   -2.4683E-03   
7.0385E-03   -2.1457E-03   
4.6848E-03   -2.9455E-03   
8.9257E-03   -1.1082E-03   
3.0090E-03   -3.3103E-03   
1.2418E-03   -3.5255E-03   
8.4116E-03   -1.4598E-03   
9.4072E-03   -6.3634E-04   
7.7794E-03   -1.8077E-03   
5.3195E-03   -2.7656E-03   
9.1967E-03   -8.7284E-04   
5.6274E-03   -2.6699E-03   
2.6620E-03   -3.3663E-03   
7.5450E-03   -1.9220E-03   
8.5967E-03   -1.3429E-03   
9.6396E-03   -1.7797E-04   
4.7816E-04   -3.5658E-03   
2.3121E-03   -3.4161E-03   
6.4990E-03   -2.3630E-03   
6.7701E-03   -2.2551E-03   
9.0687E-03   -9.9063E-04   
1.6027E-03   -3.4958E-03   
9.4900E-03   -5.1616E-04   
8.6566E-04   -3.5510E-03   
1.9594E-03   -3.4594E-03   
8.7683E-03   -1.2257E-03   
9.3095E-03   -7.5470E-04   
3.3528E-03   -3.2482E-03   
8.2133E-03   -1.5764E-03   
8.0024E-03   -1.6925E-03   
5.0054E-03   -2.8576E-03   
3.6927E-03   -3.1805E-03   
4.3591E-03   -3.0288E-03   
5.9276E-03   -2.5708E-03   
7.2973E-03   -2.0347E-03   
2.7641E-04   -3.7925E-03   
2.6288E-04   -3.8548E-03   
2.5317E-04   -3.9074E-03   
2.4422E-04   -3.9522E-03   
2.3727E-04   -3.9904E-03   
2.3302E-04   -4.0237E-03   
2.3068E-04   -4.0534E-03   
2.2970E-04   -4.0808E-03   
2.2982E-04   -4.1069E-03   
9.7118E-03   -8.5795E-05   
2.3092E-04   -4.1325E-03   
9.7371E-03   -6.7722E-05   
2.3298E-04   -4.1587E-03   
9.7629E-03   -5.4664E-05   
2.3598E-04   -4.1861E-03   
9.7936E-03   -4.4936E-05   
2.3986E-04   -4.2153E-03   
9.8324E-03   -3.8190E-05   
2.4454E-04   -4.2472E-03   
9.8819E-03   -3.3776E-05   
2.5001E-04   -4.2821E-03   
9.9441E-03   -3.1305E-05   
2.5617E-04   -4.3207E-03   
1.0021E-02   -3.0408E-05   
2.6301E-04   -4.3633E-03   
1.0113E-02   -3.0725E-05   
2.7051E-04   -4.4105E-03   
1.0222E-02   -3.1969E-05   
2.7834E-04   -4.4626E-03   
1.0349E-02   -3.4031E-05   
2.8635E-04   -4.5198E-03   
1.0495E-02   -3.6744E-05   
2.9538E-04   -4.5829E-03   
1.0659E-02   -3.9896E-05   
3.0579E-04   -4.6521E-03   
1.0843E-02   -4.3321E-05   
3.1673E-04   -4.7277E-03   
1.1047E-02   -4.6611E-05   
3.2785E-04   -4.8098E-03   
1.1270E-02   -5.0388E-05   
3.3907E-04   -4.8986E-03   
1.1511E-02   -5.4482E-05   
3.5003E-04   -4.9939E-03   
1.1772E-02   -5.9251E-05   
3.6484E-04   -5.0955E-03   
1.2055E-02   -6.3566E-05   
3.8235E-04   -5.2051E-03   
1.2362E-02   -6.6685E-05   
3.9167E-04   -5.3233E-03   
1.2691E-02   -6.9631E-05   
4.0136E-04   -5.4488E-03   
1.3045E-02   -7.2558E-05   
4.2978E-04   -5.5835E-03   
1.3425E-02   -7.3881E-05   
4.4650E-04   -5.7308E-03   
1.3819E-02   -7.2284E-05   
4.4949E-04   -5.8864E-03   
1.4227E-02   -7.4799E-05   
4.6678E-04   -6.0486E-03   
1.4666E-02   -7.5709E-05   
4.9425E-04   -6.2232E-03   
5.0005E-03   -2.7620E-03   
7.7946E-03   -1.6181E-03   
8.6344E-03   -1.1581E-03   
3.7115E-03   -3.1462E-03   
9.6178E-03   -2.6088E-04   
1.0042E-03   -3.6173E-03   
6.4734E-03   -2.2038E-03   
9.4592E-03   -5.0498E-04   
1.6946E-03   -3.5445E-03   
2.7143E-03   -3.3759E-03   
2.3779E-03   -3.4391E-03   
7.2995E-03   -1.8529E-03   
5.6195E-03   -2.5467E-03   
9.1174E-03   -8.2725E-04   
9.2470E-03   -7.1927E-04   
5.9166E-03   -2.4352E-03   
7.0306E-03   -1.9690E-03   
8.8105E-03   -1.0466E-03   
8.4441E-03   -1.2712E-03   
4.0387E-03   -3.0575E-03   
3.0492E-03   -3.3057E-03   
6.1724E-04   -3.6543E-03   
4.3629E-03   -2.9636E-03   
6.1982E-03   -2.3203E-03   
6.7530E-03   -2.0855E-03   
8.9717E-03   -9.3631E-04   
9.3606E-03   -6.1195E-04   
4.6839E-03   -2.8649E-03   
8.0235E-03   -1.5014E-03   
2.0378E-03   -3.4955E-03   
3.3819E-03   -3.2290E-03   
8.2403E-03   -1.3856E-03   
9.5444E-03   -3.9439E-04   
1.3473E-03   -3.5853E-03   
7.5532E-03   -1.7359E-03   
5.3132E-03   -2.6559E-03   
2.8807E-04   -3.7178E-03   
5.5077E-04   -3.8047E-03   
5.2577E-04   -3.8653E-03   
5.0329E-04   -3.9138E-03   
4.8273E-04   -3.9552E-03   
4.6995E-04   -3.9904E-03   
4.6305E-04   -4.0211E-03   
4.5983E-04   -4.0490E-03   
9.6817E-03   -1.1667E-04   
4.5915E-04   -4.0751E-03   
4.6055E-04   -4.1005E-03   
9.6841E-03   -1.4852E-04   
4.6388E-04   -4.1260E-03   
9.7047E-03   -1.2185E-04   
4.6910E-04   -4.1525E-03   
9.7314E-03   -9.8970E-05   
4.7612E-04   -4.1806E-03   
9.7652E-03   -8.2979E-05   
4.8480E-04   -4.2110E-03   
9.8089E-03   -7.2332E-05   
4.9479E-04   -4.2442E-03   
9.8648E-03   -6.5713E-05   
5.0748E-04   -4.2806E-03   
9.9346E-03   -6.2564E-05   
5.2252E-04   -4.3209E-03   
1.0020E-02   -6.2201E-05   
5.3680E-04   -4.3659E-03   
1.0121E-02   -6.3935E-05   
5.5004E-04   -4.4157E-03   
1.0241E-02   -6.7239E-05   
5.6409E-04   -4.4700E-03   
1.0379E-02   -7.2116E-05   
5.8064E-04   -4.5298E-03   
1.0536E-02   -7.8230E-05   
6.0026E-04   -4.5957E-03   
1.0712E-02   -8.5162E-05   
6.2212E-04   -4.6679E-03   
1.0910E-02   -9.1377E-05   
6.4485E-04   -4.7469E-03   
1.1124E-02   -9.6337E-05   
6.6745E-04   -4.8325E-03   
1.1347E-02   -1.0524E-04   
6.8599E-04   -4.9247E-03   
1.1592E-02   -1.1330E-04   
6.9960E-04   -5.0211E-03   
1.1859E-02   -1.2477E-04   
7.4237E-04   -5.1206E-03   
1.2156E-02   -1.3178E-04   
7.8055E-04   -5.2339E-03   
1.2475E-02   -1.3638E-04   
7.8021E-04   -5.3573E-03   
1.2817E-02   -1.4314E-04   
8.1539E-04   -5.4796E-03   
1.3196E-02   -1.4783E-04   
9.2961E-04   -5.6179E-03   
1.3605E-02   -1.4758E-04   
8.9536E-04   -5.7837E-03   
1.3979E-02   -1.3697E-04   
9.1141E-04   -5.9394E-03   
1.4381E-02   -1.6416E-04   
9.5779E-04   -6.1024E-03   
1.5128E-02   -7.9791E-05   
6.4734E-03   -2.0514E-03   
6.7710E-03   -1.9233E-03   
5.6334E-03   -2.4247E-03   
7.0529E-03   -1.8031E-03   
5.3289E-03   -2.5425E-03   
2.4452E-03   -3.4445E-03   
2.7717E-03   -3.3683E-03   
3.0968E-03   -3.2849E-03   
3.4206E-03   -3.1947E-03   
3.7429E-03   -3.0980E-03   
2.1133E-03   -3.5142E-03   
4.0640E-03   -2.9954E-03   
5.0175E-03   -2.6602E-03   
7.3251E-03   -1.6842E-03   
4.3838E-03   -2.8877E-03   
4.7022E-03   -2.7757E-03   
1.7714E-03   -3.5780E-03   
7.5833E-03   -1.5637E-03   
9.0260E-03   -7.8631E-04   
9.1723E-03   -6.8572E-04   
9.3000E-03   -5.8805E-04   
8.8631E-03   -8.8939E-04   
1.4304E-03   -3.6319E-03   
7.8291E-03   -1.4445E-03   
8.6847E-03   -9.9476E-04   
8.2837E-03   -1.2136E-03   
8.0627E-03   -1.3277E-03   
8.4913E-03   -1.1029E-03   
1.1094E-03   -3.6657E-03   
8.3536E-04   -3.6910E-03   
9.4110E-03   -4.9113E-04   
9.5087E-03   -3.9260E-04   
9.5933E-03   -2.9183E-04   
5.7329E-04   -3.7426E-03   
7.9234E-04   -3.8585E-03   
7.4298E-04   -3.9065E-03   
7.1396E-04   -3.9447E-03   
6.9875E-04   -3.9768E-03   
6.9136E-04   -4.0050E-03   
6.8878E-04   -4.0310E-03   
9.6601E-03   -1.8530E-04   
6.8969E-04   -4.0559E-03   
6.9356E-04   -4.0808E-03   
9.6169E-03   -2.1111E-04   
7.0026E-04   -4.1062E-03   
9.6431E-03   -1.6576E-04   
7.0969E-04   -4.1331E-03   
9.6721E-03   -1.3710E-04   
7.2169E-04   -4.1621E-03   
9.7097E-03   -1.1793E-04   
7.3528E-04   -4.1937E-03   
9.7590E-03   -1.0576E-04   
7.5349E-04   -4.2275E-03   
9.8228E-03   -9.8477E-05   
7.8272E-04   -4.2638E-03   
9.9009E-03   -9.6244E-05   
8.0530E-04   -4.3067E-03   
9.9938E-03   -9.7851E-05   
8.1863E-04   -4.3554E-03   
1.0106E-02   -1.0170E-04   
8.3666E-04   -4.4076E-03   
1.0239E-02   -1.0755E-04   
8.5621E-04   -4.4647E-03   
1.0387E-02   -1.1627E-04   
8.8232E-04   -4.5266E-03   
1.0555E-02   -1.2684E-04   
9.1727E-04   -4.5945E-03   
1.0749E-02   -1.3687E-04   
9.5294E-04   -4.6700E-03   
1.0969E-02   -1.4420E-04   
9.8728E-04   -4.7532E-03   
1.1180E-02   -1.4423E-04   
1.0162E-03   -4.8442E-03   
1.1384E-02   -1.7165E-04   
1.0258E-03   -4.9425E-03   
1.0064E-03   -5.0349E-03   
1.1777E-03   -5.2626E-03   
1.2552E-02   -2.1181E-04   
1.3128E-03   -5.6826E-03   
1.3690E-03   -5.9666E-03   
1.3344E-02   -2.2799E-04   
1.5637E-02   -8.5567E-05   
9.3504E-03   -4.7915E-04   
9.4582E-03   -3.8940E-04   
9.5567E-03   -2.9818E-04   
5.9331E-03   -2.1960E-03   
5.6726E-03   -2.3004E-03   
2.1906E-03   -3.5175E-03   
1.8519E-03   -3.5960E-03   
3.4697E-03   -3.1478E-03   
2.5158E-03   -3.4348E-03   
3.7869E-03   -3.0385E-03   
2.8355E-03   -3.3459E-03   
5.3680E-03   -2.4266E-03   
7.1040E-03   -1.6549E-03   
3.1530E-03   -3.2504E-03   
8.9257E-03   -7.5083E-04   
8.7459E-03   -8.5046E-04   
4.1044E-03   -2.9234E-03   
4.4222E-03   -2.8035E-03   
8.1176E-03   -1.1704E-03   
8.3412E-03   -1.0598E-03   
9.0900E-03   -6.5389E-04   
1.4993E-03   -3.6672E-03   
9.2309E-03   -5.6527E-04   
5.0554E-03   -2.5537E-03   
7.8809E-03   -1.2858E-03   
4.7399E-03   -2.6799E-03   
8.5509E-03   -9.5332E-04   
7.3723E-03   -1.5289E-03   
7.6320E-03   -1.4057E-03   
1.0192E-03   -3.8464E-03   
9.6467E-04   -3.8884E-03   
9.3843E-04   -3.9216E-03   
9.2502E-04   -3.9500E-03   
9.1932E-04   -3.9756E-03   
9.1893E-04   -3.9998E-03   
9.2277E-04   -4.0236E-03   
9.3031E-04   -4.0480E-03   
9.6267E-03   -2.2519E-04   
9.5331E-03   -2.4657E-04   
9.4135E-04   -4.0735E-03   
9.5551E-03   -2.0394E-04   
9.5592E-04   -4.1010E-03   
9.5877E-03   -1.7284E-04   
9.7311E-04   -4.1308E-03   
9.6296E-03   -1.5320E-04   
9.9298E-04   -4.1627E-03   
9.6854E-03   -1.4166E-04   
1.0205E-03   -4.1960E-03   
9.7610E-03   -1.3405E-04   
1.0958E-03   -4.2274E-03   
9.8430E-03   -1.3513E-04   
1.0845E-03   -4.2826E-03   
9.9427E-03   -1.3976E-04   
1.1068E-03   -4.3327E-03   
1.0073E-02   -1.4588E-04   
1.1288E-03   -4.3891E-03   
1.0218E-02   -1.5387E-04   
1.1954E-03   -4.5094E-03   
1.3580E-03   -4.9679E-03   
1.0550E-02   -1.8468E-04   
1.2559E-03   -4.5779E-03   
1.3019E-03   -4.6593E-03   
1.3827E-03   -4.8497E-03   
1.1657E-02   -1.6941E-04   
1.2258E-02   -1.9461E-04   
1.2616E-02   -2.9786E-04   
1.0775E-02   -1.9770E-04   
1.8114E-03   -5.8240E-03   
1.3022E-02   -3.0838E-04   
1.3716E-03   -5.5641E-03   
1.1287E-02   -2.4184E-04   
1.6290E-03   -5.1557E-03   
9.5030E-03   -3.0596E-04   
9.3883E-03   -3.9394E-04   
9.2841E-03   -4.7332E-04   
6.6373E-03   -1.7557E-03   
6.5286E-03   -1.8961E-03   
6.8841E-03   -1.6382E-03   
5.4407E-03   -2.3080E-03   
8.9981E-03   -6.2804E-04   
2.2823E-03   -3.5032E-03   
9.1632E-03   -5.3578E-04   
1.9494E-03   -3.5944E-03   
1.6035E-03   -3.6789E-03   
2.6003E-03   -3.4087E-03   
3.5299E-03   -3.0906E-03   
3.2182E-03   -3.2046E-03   
5.1166E-03   -2.4435E-03   
2.9104E-03   -3.3100E-03   
3.8442E-03   -2.9698E-03   
7.1608E-03   -1.5111E-03   
8.1858E-03   -1.0292E-03   
8.8162E-03   -7.2345E-04   
4.1604E-03   -2.8435E-03   
8.4106E-03   -9.2275E-04   
8.6208E-03   -8.2117E-04   
7.9472E-03   -1.1417E-03   
4.4783E-03   -2.7128E-03   
4.7973E-03   -2.5791E-03   
7.6957E-03   -1.2601E-03   
7.4329E-03   -1.3838E-03   
1.0091E-03   -3.7672E-03   
1.2109E-03   -3.8256E-03   
1.1793E-03   -3.8578E-03   
1.1604E-03   -3.8854E-03   
1.1510E-03   -3.9101E-03   
1.1486E-03   -3.9331E-03   
1.1519E-03   -3.9556E-03   
1.1598E-03   -3.9785E-03   
1.1719E-03   -4.0025E-03   
9.4054E-03   -2.9257E-04   
1.1884E-03   -4.0282E-03   
9.4458E-03   -2.3915E-04   
1.2092E-03   -4.0560E-03   
1.2311E-03   -4.0869E-03   
9.4817E-03   -2.0946E-04   
9.5257E-03   -1.9225E-04   
1.2467E-03   -4.1221E-03   
9.5828E-03   -1.8543E-04   
1.3176E-03   -4.2105E-03   
9.7359E-03   -1.8662E-04   
1.3709E-03   -4.2456E-03   
1.0030E-02   -1.9759E-04   
9.8785E-03   -1.9016E-04   
1.4156E-03   -4.2988E-03   
1.5678E-03   -4.4627E-03   
1.1474E-03   -4.4498E-03   
1.6184E-03   -4.5496E-03   
1.6790E-03   -4.6354E-03   
1.6925E-03   -5.5865E-03   
1.6678E-03   -5.4571E-03   
1.7451E-03   -4.7303E-03   
1.0532E-02   -2.5440E-04   
1.1550E-02   -2.2826E-04   
1.1045E-02   -2.9359E-04   
1.2200E-02   -2.7910E-04   
1.0778E-02   -2.7049E-04   
1.0369E-02   -1.6898E-04   
1.8286E-03   -4.8444E-03   
1.5573E-03   -5.3226E-03   
1.7148E-03   -5.0034E-03   
1.3443E-02   -3.1642E-04   
1.7311E-03   -5.9791E-03   
1.6391E-03   -5.7108E-03   
1.2683E-02   -3.9084E-04   
6.3272E-03   -1.8446E-03   
9.4252E-03   -3.2648E-04   
9.0741E-03   -5.1979E-04   
2.3959E-03   -3.4696E-03   
8.8894E-03   -6.1321E-04   
2.0802E-03   -3.5695E-03   
1.4382E-03   -3.7390E-03   
5.2010E-03   -2.3270E-03   
3.2922E-03   -3.1491E-03   
2.9893E-03   -3.2649E-03   
2.6956E-03   -3.3701E-03   
6.9479E-03   -1.5175E-03   
3.6019E-03   -3.0246E-03   
8.2653E-03   -9.0325E-04   
3.9155E-03   -2.8935E-03   
8.4888E-03   -8.0175E-04   
8.6959E-03   -7.0567E-04   
8.0262E-03   -1.0117E-03   
4.2324E-03   -2.7571E-03   
4.8739E-03   -2.4735E-03   
7.2322E-03   -1.3800E-03   
7.7733E-03   -1.1275E-03   
4.5524E-03   -2.6168E-03   
7.5079E-03   -1.2505E-03   
1.4538E-03   -3.7571E-03   
1.4248E-03   -3.7852E-03   
5.9126E-03   -2.0213E-03   
1.4008E-03   -3.8116E-03   
5.5430E-03   -2.1756E-03   
1.3851E-03   -3.8355E-03   
1.3793E-03   -3.8572E-03   
1.3813E-03   -3.8779E-03   
1.3891E-03   -3.8989E-03   
1.4022E-03   -3.9210E-03   
1.4204E-03   -3.9446E-03   
1.6248E-03   -4.1395E-03   
9.2945E-03   -3.1227E-04   
1.4439E-03   -3.9702E-03   
1.4721E-03   -3.9987E-03   
9.3229E-03   -2.7462E-04   
1.5006E-03   -4.0328E-03   
9.3545E-03   -2.5083E-04   
9.3935E-03   -2.3934E-04   
1.2532E-03   -4.1565E-03   
9.6607E-03   -2.4168E-04   
1.6953E-03   -4.1913E-03   
1.6912E-03   -4.3551E-03   
1.1398E-02   -3.1548E-04   
1.0744E-02   -3.5486E-04   
9.9997E-03   -2.6317E-04   
2.0024E-03   -4.5082E-03   
9.8079E-03   -2.5004E-04   
2.0945E-03   -4.5921E-03   
1.4265E-03   -4.3652E-03   
2.0405E-03   -5.6328E-03   
2.1676E-03   -4.6877E-03   
1.1793E-02   -3.0758E-04   
2.0987E-03   -5.0337E-03   
2.0308E-03   -5.1852E-03   
1.0291E-02   -2.3919E-04   
2.0933E-03   -5.4670E-03   
1.9303E-03   -4.4298E-03   
1.0500E-02   -3.3385E-04   
1.3098E-02   -4.0090E-04   
1.2294E-02   -3.7520E-04   
9.1231E-03   -4.3866E-04   
8.9520E-03   -5.2338E-04   
9.2721E-03   -4.0989E-04   
1.9297E-03   -3.6228E-03   
2.5235E-03   -3.4232E-03   
6.7208E-03   -1.5374E-03   
3.0716E-03   -3.2125E-03   
8.7668E-03   -6.0927E-04   
2.7747E-03   -3.3297E-03   
3.3761E-03   -3.0860E-03   
1.1725E-03   -3.7728E-03   
3.6861E-03   -2.9517E-03   
4.9708E-03   -2.3636E-03   
8.1159E-03   -8.9536E-04   
8.5666E-03   -6.9889E-04   
8.3499E-03   -7.9363E-04   
7.0259E-03   -1.3922E-03   
4.0012E-03   -2.8111E-03   
7.8630E-03   -1.0073E-03   
4.3204E-03   -2.6655E-03   
4.6438E-03   -2.5162E-03   
7.3168E-03   -1.2559E-03   
7.5959E-03   -1.1278E-03   
5.3120E-03   -2.2053E-03   
1.6857E-03   -3.7024E-03   
1.6550E-03   -3.7274E-03   
1.6252E-03   -3.7525E-03   
1.7284E-03   -3.6718E-03   
1.6125E-03   -3.7732E-03   
5.6681E-03   -2.0420E-03   
6.0382E-03   -1.8720E-03   
1.6115E-03   -3.7918E-03   
9.2518E-03   -3.6384E-04   
6.3943E-03   -1.7003E-03   
1.6188E-03   -3.8104E-03   
1.6327E-03   -3.8299E-03   
1.6781E-03   -3.8742E-03   
9.1634E-03   -3.4583E-04   
1.7124E-03   -3.8991E-03   
1.7602E-03   -3.9260E-03   
9.1743E-03   -3.1895E-04   
9.2035E-03   -3.0026E-04   
1.7236E-03   -4.0512E-03   
1.7819E-03   -4.2507E-03   
9.5536E-03   -3.0787E-04   
1.0276E-02   -3.1583E-04   
2.4081E-03   -4.4433E-03   
1.4916E-03   -4.0816E-03   
1.1005E-02   -3.8167E-04   
1.9515E-03   -4.0769E-03   
1.0437E-02   -4.2289E-04   
1.8949E-03   -4.3620E-03   
2.4817E-03   -5.0600E-03   
2.2910E-03   -4.3742E-03   
2.2660E-03   -4.7618E-03   
1.0090E-02   -3.0701E-04   
1.1971E-02   -3.6378E-04   
9.7035E-03   -3.2393E-04   
2.1847E-03   -4.8827E-03   
2.0395E-03   -5.3256E-03   
1.2327E-02   -4.7512E-04   
1.3481E-02   -4.0293E-04   
2.1397E-03   -5.9185E-03   
2.6113E-03   -5.4814E-03   
1.1660E-02   -2.6350E-04   
8.8255E-03   -5.3346E-04   
2.5362E-03   -3.4116E-03   
5.0875E-03   -2.2504E-03   
2.8634E-03   -3.2804E-03   
3.1658E-03   -3.1520E-03   
8.6367E-03   -6.1670E-04   
3.4714E-03   -3.0163E-03   
6.8155E-03   -1.4206E-03   
8.2134E-03   -7.9334E-04   
8.4370E-03   -7.0172E-04   
3.7836E-03   -2.8730E-03   
7.9637E-03   -8.9931E-04   
4.7518E-03   -2.4122E-03   
4.1017E-03   -2.7235E-03   
7.1221E-03   -1.2765E-03   
4.4247E-03   -2.5696E-03   
7.6966E-03   -1.0159E-03   
7.4154E-03   -1.1420E-03   
1.9524E-03   -3.6248E-03   
1.8709E-03   -3.6628E-03   
9.1480E-03   -3.8331E-04   
1.8494E-03   -3.6822E-03   
6.1512E-03   -1.7411E-03   
5.4374E-03   -2.0830E-03   
6.4921E-03   -1.5759E-03   
1.8450E-03   -3.6982E-03   
1.8501E-03   -3.7140E-03   
5.7950E-03   -1.9122E-03   
1.8640E-03   -3.7305E-03   
1.8853E-03   -3.7485E-03   
1.9130E-03   -3.7687E-03   
9.2420E-03   -2.9351E-04   
1.9503E-03   -3.7901E-03   
1.8238E-03   -3.9608E-03   
2.0040E-03   -3.8111E-03   
8.9754E-03   -4.0331E-04   
1.0011E-02   -3.7812E-04   
9.0009E-03   -3.7282E-04   
2.0369E-03   -4.1195E-03   
2.0785E-03   -4.2479E-03   
9.4241E-03   -2.9903E-04   
1.9160E-03   -4.0322E-03   
9.8513E-03   -3.5142E-04   
2.6275E-03   -4.3102E-03   
2.6522E-03   -4.7331E-03   
2.2058E-03   -4.3049E-03   
2.5123E-03   -4.6538E-03   
9.4159E-03   -3.8929E-04   
1.1596E-02   -4.1392E-04   
2.9575E-03   -4.9185E-03   
1.1960E-02   -4.5256E-04   
2.3839E-03   -5.1993E-03   
1.2341E-02   -5.8516E-04   
2.6777E-03   -5.8266E-03   
1.3219E-02   -5.0599E-04   
1.3858E-02   -3.4139E-04   
2.9808E-03   -5.5957E-03   
1.1225E-02   -4.2227E-04   
8.8812E-03   -4.7091E-04   
2.2327E-03   -3.5243E-03   
2.6903E-03   -3.3419E-03   
2.9749E-03   -3.2189E-03   
4.8748E-03   -2.3063E-03   
3.2720E-03   -3.0846E-03   
8.5187E-03   -6.3147E-04   
8.3275E-03   -7.0107E-04   
3.5792E-03   -2.9409E-03   
2.0880E-03   -3.5817E-03   
8.0790E-03   -8.0076E-04   
6.9259E-03   -1.3100E-03   
3.8947E-03   -2.7892E-03   
4.5426E-03   -2.4709E-03   
7.8101E-03   -9.1369E-04   
4.2166E-03   -2.6319E-03   
7.2329E-03   -1.1683E-03   
7.5275E-03   -1.0363E-03   
2.0853E-03   -3.5880E-03   
5.2188E-03   -2.1364E-03   
6.2711E-03   -1.6222E-03   
6.6048E-03   -1.4617E-03   
2.0848E-03   -3.5974E-03   
5.9237E-03   -1.7909E-03   
2.0841E-03   -3.6111E-03   
2.0968E-03   -3.6242E-03   
5.5706E-03   -1.9635E-03   
9.0350E-03   -4.0893E-04   
2.1871E-03   -3.6732E-03   
2.1191E-03   -3.6383E-03   
9.0288E-03   -3.5949E-04   
2.1492E-03   -3.6546E-03   
9.4210E-03   -2.4229E-04   
2.0842E-03   -3.9274E-03   
2.0760E-03   -3.8317E-03   
2.2029E-03   -3.9546E-03   
2.2398E-03   -3.6911E-03   
8.7897E-03   -4.5575E-04   
9.5613E-03   -4.1293E-04   
9.2825E-03   -3.7422E-04   
2.2409E-03   -4.0061E-03   
2.5757E-03   -4.2346E-03   
2.9060E-03   -4.5536E-03   
1.1963E-02   -5.6194E-04   
9.7176E-03   -4.4178E-04   
2.4692E-03   -4.1682E-03   
1.0915E-02   -4.8088E-04   
3.0478E-03   -4.7487E-03   
1.1196E-02   -5.2880E-04   
2.8705E-03   -5.1080E-03   
2.1364E-03   -4.1540E-03   
1.2755E-02   -6.0572E-04   
1.0209E-02   -4.0037E-04   
1.4297E-02   -2.7304E-04   
3.2641E-03   -5.3659E-03   
2.2923E-03   -3.5031E-03   
8.6858E-03   -5.5463E-04   
2.8085E-03   -3.2829E-03   
3.0941E-03   -3.1522E-03   
3.3919E-03   -3.0111E-03   
4.6734E-03   -2.3708E-03   
8.4958E-03   -6.0036E-04   
2.4592E-03   -3.4363E-03   
8.2131E-03   -7.0785E-04   
5.0117E-03   -2.1996E-03   
3.7019E-03   -2.8596E-03   
7.9356E-03   -8.2038E-04   
4.0212E-03   -2.7005E-03   
4.3454E-03   -2.5371E-03   
7.0492E-03   -1.2062E-03   
7.6521E-03   -9.3890E-04   
7.3564E-03   -1.0672E-03   
2.3537E-03   -3.4810E-03   
6.0590E-03   -1.6776E-03   
6.7299E-03   -1.3550E-03   
6.3995E-03   -1.5124E-03   
9.3155E-03   -2.9214E-04   
2.3221E-03   -3.5027E-03   
5.3587E-03   -2.0248E-03   
2.3321E-03   -3.5121E-03   
5.7097E-03   -1.8497E-03   
8.8093E-03   -4.3582E-04   
2.4245E-03   -3.5489E-03   
2.3545E-03   -3.5218E-03   
2.4750E-03   -3.5649E-03   
2.3856E-03   -3.5339E-03   
2.5999E-03   -3.8480E-03   
8.7414E-03   -4.9807E-04   
9.0606E-03   -3.5897E-04   
2.3083E-03   -3.7083E-03   
9.6977E-03   -1.6906E-04   
2.7398E-03   -4.0054E-03   
9.1681E-03   -3.6682E-04   
1.0111E-02   -4.9810E-04   
9.8972E-03   -4.7040E-04   
9.4011E-03   -5.1288E-04   
9.2527E-03   -4.8481E-04   
1.0755E-02   -5.9076E-04   
9.1179E-03   -4.6348E-04   
2.3676E-03   -4.1211E-03   
3.0161E-03   -4.1558E-03   
2.1496E-03   -3.8501E-03   
2.4298E-03   -3.8243E-03   
3.1295E-03   -4.3733E-03   
1.1300E-02   -6.2494E-04   
3.1259E-03   -4.6039E-03   
2.4212E-03   -4.0191E-03   
1.2346E-02   -7.0429E-04   
3.0181E-03   -5.2560E-03   
1.4847E-02   -1.4372E-04   
3.4364E-03   -4.7543E-03   
1.4267E-02   -3.7575E-04   
1.1959E-02   -6.8042E-04   
1.0681E-02   -4.4586E-04   
3.3701E-03   -4.9185E-03   
2.5395E-03   -3.4006E-03   
2.9420E-03   -3.2158E-03   
3.2258E-03   -3.0803E-03   
4.8158E-03   -2.2706E-03   
8.3575E-03   -6.1902E-04   
3.5241E-03   -2.9326E-03   
4.4855E-03   -2.4412E-03   
8.0655E-03   -7.3750E-04   
3.8397E-03   -2.7731E-03   
4.1614E-03   -2.6083E-03   
7.7893E-03   -8.4984E-04   
6.2015E-03   -1.5723E-03   
7.1824E-03   -1.1102E-03   
7.4944E-03   -9.7293E-04   
6.8623E-03   -1.2574E-03   
2.5411E-03   -3.4023E-03   
6.5363E-03   -1.4109E-03   
8.5969E-03   -5.3526E-04   
5.1574E-03   -2.0950E-03   
5.8556E-03   -1.7424E-03   
2.5700E-03   -3.3962E-03   
5.5056E-03   -1.9178E-03   
2.5939E-03   -3.3997E-03   
2.7135E-03   -3.4314E-03   
2.6638E-03   -3.4182E-03   
8.5882E-03   -5.2064E-04   
2.6241E-03   -3.4075E-03   
8.8299E-03   -4.2993E-04   
9.5417E-03   -2.4374E-04   
2.5319E-03   -3.5835E-03   
8.9998E-03   -4.4959E-04   
9.0696E-03   -5.9320E-04   
2.3415E-03   -3.8037E-03   
9.0648E-03   -3.7576E-04   
8.9319E-03   -5.6689E-04   
9.2185E-03   -6.2709E-04   
3.0905E-03   -3.9408E-03   
1.0360E-02   -5.2135E-04   
9.7589E-03   -5.7938E-04   
2.4139E-03   -3.7215E-03   
1.0321E-02   -6.4026E-04   
3.4624E-03   -4.4116E-03   
2.8580E-03   -4.3315E-03   
3.2783E-03   -3.9656E-03   
2.8533E-03   -3.8565E-03   
1.1945E-02   -8.0822E-04   
1.2748E-02   -7.2761E-04   
3.5731E-03   -4.5568E-03   
3.4005E-03   -5.0651E-03   
1.4638E-02   -3.1266E-04   
3.7545E-03   -4.7639E-03   
2.6638E-03   -3.3448E-03   
3.0924E-03   -3.1413E-03   
4.6339E-03   -2.3467E-03   
3.3537E-03   -3.0107E-03   
8.1632E-03   -6.8188E-04   
4.9669E-03   -2.1726E-03   
3.6669E-03   -2.8509E-03   
4.3095E-03   -2.5165E-03   
7.9308E-03   -7.7285E-04   
6.3500E-03   -1.4758E-03   
3.9869E-03   -2.6850E-03   
6.0092E-03   -1.6421E-03   
2.8231E-03   -3.2716E-03   
7.6552E-03   -8.8545E-04   
6.9964E-03   -1.1721E-03   
6.6775E-03   -1.3199E-03   
2.8477E-03   -3.2685E-03   
5.6601E-03   -1.8165E-03   
5.3107E-03   -1.9946E-03   
8.5958E-03   -5.1030E-04   
8.9065E-03   -4.4261E-04   
2.9547E-03   -3.2919E-03   
2.8687E-03   -3.2752E-03   
2.6196E-03   -3.6949E-03   
2.9055E-03   -3.2823E-03   
8.8538E-03   -4.3619E-04   
2.7695E-03   -3.4489E-03   
3.4561E-03   -3.8039E-03   
8.7273E-03   -6.8396E-04   
2.5781E-03   -3.6076E-03   
8.8646E-03   -7.1634E-04   
8.8073E-03   -5.4796E-04   
9.3865E-03   -6.6730E-04   
3.1535E-03   -3.8283E-03   
4.2339E-03   -4.6567E-03   
3.5429E-03   -3.9838E-03   
1.0538E-02   -7.1706E-04   
1.0001E-02   -6.1169E-04   
1.2741E-02   -8.5172E-04   
2.9881E-03   -3.7268E-03   
3.8187E-03   -4.8769E-03   
1.1560E-02   -7.8153E-04   
1.3157E-02   -6.3361E-04   
3.9052E-03   -4.3526E-03   
3.4081E-03   -4.1617E-03   
3.5876E-03   -4.2369E-03   
1.1920E-02   -9.4688E-04   
8.3614E-03   -5.9941E-04   
4.7888E-03   -2.2554E-03   
4.4640E-03   -2.4272E-03   
3.1504E-03   -3.1132E-03   
7.5631E-03   -9.1481E-04   
8.6336E-03   -5.2433E-04   
3.4973E-03   -2.9362E-03   
6.1704E-03   -1.5496E-03   
8.0941E-03   -6.9841E-04   
6.5044E-03   -1.3889E-03   
7.8056E-03   -8.1411E-04   
3.8185E-03   -2.7683E-03   
5.8234E-03   -1.7214E-03   
5.1254E-03   -2.0788E-03   
5.4724E-03   -1.8994E-03   
3.1238E-03   -3.1371E-03   
7.0975E-03   -1.1164E-03   
6.8224E-03   -1.2404E-03   
3.1971E-03   -3.1486E-03   
3.1502E-03   -3.1434E-03   
2.8135E-03   -3.4802E-03   
3.0125E-03   -3.3057E-03   
8.6079E-03   -5.1263E-04   
3.2901E-03   -3.5727E-03   
8.6989E-03   -5.3601E-04   
8.5067E-03   -8.1472E-04   
3.2485E-03   -3.6896E-03   
8.5988E-03   -6.6029E-04   
9.0098E-03   -7.5819E-04   
1.1164E-02   -7.5114E-04   
9.5947E-03   -7.0831E-04   
3.7358E-03   -3.8064E-03   
2.8104E-03   -3.5502E-03   
2.7218E-03   -3.7164E-03   
1.0947E-02   -6.6525E-04   
1.0131E-02   -7.9307E-04   
3.8213E-03   -3.9774E-03   
4.3007E-03   -4.8141E-03   
4.4326E-03   -4.4345E-03   
3.5726E-03   -3.6472E-03   
1.1593E-02   -6.5344E-04   
1.2338E-02   -9.5961E-04   
1.3144E-02   -7.5011E-04   
1.3528E-02   -5.6148E-04   
3.9123E-03   -4.0575E-03   
4.3477E-03   -4.2104E-03   
7.6682E-03   -8.6919E-04   
4.2977E-03   -2.5160E-03   
4.6157E-03   -2.3464E-03   
8.3588E-03   -6.1058E-04   
6.9963E-03   -1.1600E-03   
6.6725E-03   -1.3080E-03   
7.9057E-03   -7.7315E-04   
4.9467E-03   -2.1711E-03   
6.3406E-03   -1.4650E-03   
5.9964E-03   -1.6329E-03   
3.9848E-03   -2.6832E-03   
5.6438E-03   -1.8098E-03   
5.2915E-03   -1.9908E-03   
3.3609E-03   -3.0110E-03   
3.3950E-03   -3.0050E-03   
3.4380E-03   -3.0054E-03   
3.2569E-03   -3.1572E-03   
3.0669E-03   -3.3306E-03   
3.6529E-03   -2.8602E-03   
8.3560E-03   -5.9895E-04   
8.2563E-03   -7.6652E-04   
7.3398E-03   -1.0071E-03   
8.3754E-03   -7.8670E-04   
3.2643E-03   -3.4989E-03   
2.9945E-03   -3.5552E-03   
4.2205E-03   -3.8600E-03   
8.6427E-03   -8.5151E-04   
3.1069E-03   -3.3732E-03   
8.3497E-03   -6.4489E-04   
3.9520E-03   -3.6049E-03   
9.1619E-03   -8.1422E-04   
3.6822E-03   -3.4756E-03   
1.0365E-02   -8.3603E-04   
1.0854E-02   -8.7377E-04   
9.8583E-03   -7.4729E-04   
1.3926E-02   -5.5953E-04   
4.5995E-03   -4.0049E-03   
4.3947E-03   -3.9325E-03   
4.7862E-03   -4.4517E-03   
1.1936E-02   -1.0857E-03   
4.4322E-03   -4.9690E-03   
1.2718E-02   -9.7761E-04   
1.3558E-02   -6.5799E-04   
7.8436E-03   -8.0497E-04   
4.4411E-03   -2.4487E-03   
4.1324E-03   -2.6134E-03   
6.8571E-03   -1.2310E-03   
8.1065E-03   -6.9710E-04   
6.5234E-03   -1.3863E-03   
4.7692E-03   -2.2740E-03   
6.1818E-03   -1.5505E-03   
5.1142E-03   -2.0921E-03   
5.8280E-03   -1.7256E-03   
3.6724E-03   -2.8667E-03   
5.4689E-03   -1.9081E-03   
3.5003E-03   -3.0063E-03   
7.5324E-03   -9.3428E-04   
8.0151E-03   -9.0301E-04   
3.8769E-03   -2.7493E-03   
3.3760E-03   -3.2079E-03   
3.5732E-03   -3.0139E-03   
3.4358E-03   -3.3456E-03   
7.1940E-03   -1.0795E-03   
8.1484E-03   -9.2270E-04   
1.0421E-02   -9.4789E-04   
8.0766E-03   -7.2627E-04   
8.2817E-03   -9.5209E-04   
3.6328E-03   -3.3666E-03   
8.7675E-03   -9.0271E-04   
9.3922E-03   -8.6321E-04   
8.1429E-03   -7.5802E-04   
4.8948E-03   -3.7903E-03   
4.0024E-03   -3.4512E-03   
4.4479E-03   -3.4511E-03   
1.0717E-02   -7.9603E-04   
1.4068E-02   -6.8170E-04   
4.7044E-03   -3.7094E-03   
9.6977E-03   -9.0139E-04   
1.0765E-02   -9.9996E-04   
1.1531E-02   -1.2463E-03   
4.8896E-03   -4.0578E-03   
4.9823E-03   -4.2184E-03   
1.1393E-02   -1.0942E-03   
1.4229E-02   -4.6801E-04   
1.3145E-02   -8.6971E-04   
3.8392E-03   -5.2025E-03   
3.9974E-03   -3.8234E-03   
4.2544E-03   -2.5665E-03   
3.9499E-03   -2.7259E-03   
6.7203E-03   -1.3133E-03   
7.7517E-03   -8.6359E-04   
6.3798E-03   -1.4746E-03   
4.9334E-03   -2.2070E-03   
3.7345E-03   -2.8597E-03   
6.0252E-03   -1.6477E-03   
3.6457E-03   -3.0356E-03   
5.2938E-03   -2.0186E-03   
3.4195E-03   -3.2592E-03   
5.6598E-03   -1.8308E-03   
7.0582E-03   -1.1590E-03   
3.8194E-03   -2.8530E-03   
7.7689E-03   -1.0526E-03   
8.0301E-03   -7.6936E-04   
7.3920E-03   -1.0123E-03   
7.9004E-03   -8.8738E-04   
7.9585E-03   -1.0467E-03   
8.4212E-03   -9.8828E-04   
5.2369E-03   -3.5589E-03   
4.1504E-03   -3.2802E-03   
4.6188E-03   -3.4985E-03   
4.2938E-03   -3.4093E-03   
9.9110E-03   -1.0915E-03   
1.3082E-02   -9.8893E-04   
5.1020E-03   -4.4908E-03   
3.8512E-03   -3.1792E-03   
4.4587E-03   -3.6653E-03   
9.5591E-03   -1.0628E-03   
1.1118E-02   -1.0125E-03   
1.4391E-02   -5.4076E-04   
1.3662E-02   -8.8902E-04   
1.1678E-02   -1.3708E-03   
5.5629E-03   -4.0459E-03   
4.3317E-03   -5.2007E-03   
9.2149E-03   -1.0361E-03   
3.4779E-03   -5.1845E-03   
6.5894E-03   -1.4055E-03   
7.8161E-03   -8.7416E-04   
6.9289E-03   -1.2469E-03   
6.2379E-03   -1.5750E-03   
5.1153E-03   -2.1428E-03   
4.0480E-03   -2.7017E-03   
3.1504E-03   -3.4174E-03   
3.7031E-03   -3.0794E-03   
7.2647E-03   -1.0956E-03   
3.9219E-03   -2.8532E-03   
7.6375E-03   -1.0355E-03   
4.5839E-03   -2.3920E-03   
5.4915E-03   -1.9483E-03   
5.0110E-03   -3.4549E-03   
4.6737E-03   -3.2627E-03   
8.0300E-03   -1.0994E-03   
4.4190E-03   -3.2632E-03   
3.7470E-03   -3.1410E-03   
3.9975E-03   -3.1890E-03   
3.9528E-03   -3.2833E-03   
4.9590E-03   -3.2831E-03   
5.3811E-03   -3.6779E-03   
1.0278E-02   -1.1300E-03   
1.2635E-02   -1.1318E-03   
9.4145E-03   -1.2340E-03   
7.3128E-03   -1.2178E-03   
8.7328E-03   -1.1980E-03   
1.0716E-02   -1.1743E-03   
5.6494E-03   -4.3169E-03   
4.6473E-03   -4.6265E-03   
9.0779E-03   -1.2088E-03   
1.1519E-02   -9.2004E-04   
5.8604E-03   -4.0957E-03   
5.3205E-03   -3.9969E-03   
1.2201E-02   -1.3262E-03   
1.1139E-02   -1.4306E-03   
6.8073E-03   -1.3414E-03   
6.4755E-03   -1.5014E-03   
7.5188E-03   -1.0229E-03   
4.0085E-03   -2.8815E-03   
7.5474E-03   -9.7075E-04   
7.1425E-03   -1.1871E-03   
6.1107E-03   -1.6823E-03   
4.1742E-03   -2.6779E-03   
5.3213E-03   -2.0787E-03   
5.7135E-03   -1.8799E-03   
5.1124E-03   -3.0786E-03   
4.8421E-03   -3.0788E-03   
4.3878E-03   -2.5257E-03   
4.0486E-03   -3.0258E-03   
4.0428E-03   -2.9501E-03   
4.2534E-03   -3.0037E-03   
4.7461E-03   -2.3370E-03   
8.2449E-03   -1.1357E-03   
7.0512E-03   -1.4018E-03   
8.6086E-03   -1.3664E-03   
4.3216E-03   -3.0927E-03   
8.3226E-03   -1.2469E-03   
5.7758E-03   -3.8282E-03   
9.7510E-03   -1.2708E-03   
5.7934E-03   -3.4309E-03   
4.5534E-03   -4.2665E-03   
6.2071E-03   -4.1247E-03   
7.7062E-03   -1.2845E-03   
8.9257E-03   -1.3851E-03   
5.4821E-03   -3.1713E-03   
6.0968E-03   -3.8745E-03   
5.3913E-03   -4.5527E-03   
1.1317E-02   -1.5508E-03   
1.2772E-02   -1.2836E-03   
6.7143E-03   -1.4255E-03   
7.0235E-03   -1.2854E-03   
4.9390E-03   -2.2781E-03   
4.3518E-03   -2.8520E-03   
5.5507E-03   -2.0171E-03   
4.7690E-03   -2.8959E-03   
4.3533E-03   -2.6507E-03   
7.2063E-03   -1.4385E-03   
4.5558E-03   -2.4806E-03   
4.4227E-03   -2.7145E-03   
8.5614E-03   -1.0105E-03   
5.9717E-03   -1.8112E-03   
7.3253E-03   -1.1465E-03   
5.0175E-03   -2.8874E-03   
8.4529E-03   -1.5449E-03   
5.2848E-03   -2.8835E-03   
8.3425E-03   -1.3580E-03   
4.1211E-03   -4.4050E-03   
6.6667E-03   -4.1233E-03   
9.2426E-03   -1.4174E-03   
4.8237E-03   -4.7103E-03   
6.1049E-03   -2.9974E-03   
5.9462E-03   -3.5853E-03   
7.8408E-03   -1.3604E-03   
1.0097E-02   -1.3193E-03   
5.7116E-03   -4.6236E-03   
6.2148E-03   -3.1660E-03   
6.3475E-03   -3.6357E-03   
6.0191E-03   -4.3587E-03   
1.0755E-02   -1.6282E-03   
5.3841E-03   -3.0700E-03   
1.3377E-02   -1.2258E-03   
5.1582E-03   -2.2168E-03   
5.2008E-03   -2.6872E-03   
6.4316E-03   -1.5860E-03   
4.7773E-03   -2.4175E-03   
6.7251E-03   -1.6027E-03   
5.5615E-03   -2.8888E-03   
4.5846E-03   -2.8964E-03   
9.0554E-03   -1.6107E-03   
5.7884E-03   -1.9667E-03   
5.4628E-03   -2.6817E-03   
4.6777E-03   -2.5273E-03   
7.3429E-03   -1.5037E-03   
8.7500E-03   -1.5736E-03   
6.8655E-03   -1.4064E-03   
4.6439E-03   -2.7781E-03   
7.9477E-03   -1.4543E-03   
5.0301E-03   -3.8737E-03   
5.8186E-03   -2.9252E-03   
6.3571E-03   -3.3012E-03   
6.6006E-03   -3.3883E-03   
6.7291E-03   -3.7034E-03   
7.2731E-03   -3.8683E-03   
1.0953E-02   -1.7726E-03   
5.3436E-03   -4.8827E-03   
9.8794E-03   -1.5156E-03   
1.3791E-02   -1.0452E-03   
5.3844E-03   -2.1646E-03   
5.0068E-03   -2.3560E-03   
6.2647E-03   -1.7527E-03   
5.6445E-03   -2.4783E-03   
6.8473E-03   -1.6637E-03   
8.1010E-03   -1.5449E-03   
7.4751E-03   -1.5823E-03   
5.7472E-03   -2.6796E-03   
8.5709E-03   -1.7702E-03   
8.2752E-03   -1.7355E-03   
1.0224E-02   -1.6864E-03   
9.3700E-03   -1.6600E-03   
7.1740E-03   -3.1961E-03   
6.7632E-03   -3.0532E-03   
4.9347E-03   -2.7134E-03   
1.0403E-02   -1.3928E-03   
1.1804E-02   -1.4753E-03   
1.0379E-02   -2.0363E-03   
7.3002E-03   -3.6685E-03   
7.2906E-03   -4.0729E-03   
7.3781E-03   -3.4602E-03   
6.3591E-03   -2.7278E-03   
5.9895E-03   -4.7279E-03   
1.3952E-02   -1.1704E-03   
5.2166E-03   -2.3200E-03   
6.6666E-03   -1.5471E-03   
5.0248E-03   -2.5628E-03   
5.9718E-03   -1.9511E-03   
8.0380E-03   -1.9744E-03   
6.3284E-03   -1.8471E-03   
5.6057E-03   -2.1301E-03   
6.9796E-03   -1.7388E-03   
5.9241E-03   -2.4678E-03   
7.6909E-03   -1.7711E-03   
6.2438E-03   -2.4613E-03   
7.7980E-03   -1.8790E-03   
1.0608E-02   -1.4982E-03   
8.8789E-03   -1.8069E-03   
9.7142E-03   -1.7233E-03   
1.2220E-02   -1.5008E-03   
6.6537E-03   -2.9131E-03   
1.0166E-02   -1.5616E-03   
6.6255E-03   -2.7701E-03   
9.8112E-03   -1.8801E-03   
5.3993E-03   -2.4665E-03   
6.6415E-03   -2.4541E-03   
7.5615E-03   -3.2305E-03   
9.8387E-03   -2.0490E-03   
1.0965E-02   -1.9361E-03   
6.8479E-03   -3.1777E-03   
7.7958E-03   -3.4587E-03   
7.7388E-03   -3.8257E-03   
5.5659E-03   -4.9699E-03   
5.4177E-03   -2.3178E-03   
6.4087E-03   -2.2420E-03   
5.8727E-03   -2.0790E-03   
6.5013E-03   -1.8966E-03   
7.0555E-03   -2.6810E-03   
6.0861E-03   -2.2674E-03   
7.4709E-03   -2.1107E-03   
8.4629E-03   -1.9389E-03   
8.2722E-03   -3.6861E-03   
9.3719E-03   -2.0731E-03   
4.8454E-03   -2.5036E-03   
6.9655E-03   -2.5275E-03   
9.1679E-03   -1.8613E-03   
7.1435E-03   -1.8072E-03   
7.2782E-03   -2.0110E-03   
7.7769E-03   -2.9931E-03   
5.4227E-03   -5.1714E-03   
7.9748E-03   -3.2571E-03   
9.8046E-03   -2.2124E-03   
1.1349E-02   -1.7974E-03   
7.6115E-03   -1.6650E-03   
4.7182E-03   -2.6454E-03   
5.8136E-03   -2.3065E-03   
6.7489E-03   -2.2343E-03   
6.1495E-03   -2.1173E-03   
8.6721E-03   -2.0098E-03   
6.9113E-03   -2.0239E-03   
7.1348E-03   -2.3167E-03   
6.1269E-03   -2.0292E-03   
9.4192E-03   -2.4215E-03   
5.7923E-03   -2.2177E-03   
1.1829E-02   -1.7242E-03   
9.3424E-03   -2.2574E-03   
7.3571E-03   -2.9485E-03   
7.0524E-03   -2.2248E-03   
8.6426E-03   -3.4397E-03   
4.8106E-03   -5.3964E-03   
7.3253E-03   -1.8536E-03   
7.7253E-03   -2.6743E-03   
8.1601E-03   -2.1350E-03   
8.3906E-03   -2.2586E-03   
8.0507E-03   -2.7369E-03   
9.5884E-03   -2.5680E-03   
7.3881E-03   -2.4860E-03   
8.4236E-03   -3.2953E-03   
8.8382E-03   -3.5488E-03   
8.2886E-03   -2.4893E-03   
7.5213E-03   -2.5822E-03   
9.3607E-03   -3.5313E-03   
8.3915E-03   -2.8062E-03   
9.4078E-03   -1.9195E-03   
1.0244E-02   -2.4418E-03   
8.9816E-03   -2.6698E-03   
7.8285E-03   -2.3672E-03   
8.8540E-03   -2.2759E-03   
8.1476E-03   -3.0371E-03   
9.0964E-03   -2.8247E-03   
1.0748E-02   -2.1539E-03   
9.9162E-03   -3.2531E-03   
8.6335E-03   -2.8784E-03   
7.9502E-03   -2.4737E-03   
9.0724E-03   -3.0264E-03   
9.5873E-03   -3.0184E-03   
1.0250E-02   -2.7925E-03   
1.0488E-02   -2.5547E-03   
1.0065E-02   -3.0374E-03   
4.9393E-04   -6.4136E-03   
9.0171E-03   -3.2135E-03   
8.5015E-03   -3.8087E-03   
1.4822E-02   -5.3578E-04   
1.1144E-03   -5.3812E-03   
1.6170E-02   -7.9887E-05   
1.4533E-02   -1.1131E-03   
8.9734E-04   -6.4873E-03   
4.2949E-03   -5.4094E-03   
1.0128E-02   -3.3752E-03   
1.5072E-02   -2.8532E-04   
1.3714E-03   -6.4311E-03   
4.8239E-03   -5.0021E-03   
1.9476E-03   -6.3507E-03   
2.5361E-03   -6.2629E-03   
3.1236E-03   -6.1576E-03   
3.7298E-03   -6.0372E-03   
1.6688E-02   -7.3095E-05   
4.3487E-03   -5.9045E-03   
4.9981E-03   -5.7519E-03   
1.4156E-02   -9.0787E-04   
5.6675E-03   -5.5940E-03   
1.7221E-02   -7.0448E-05   
6.3473E-03   -5.4283E-03   
7.0467E-03   -5.2560E-03   
1.0838E-02   -2.3374E-03   
7.8362E-03   -5.0500E-03   
1.7781E-02   -6.5329E-05   
1.2339E-02   -1.0709E-03   
8.4669E-03   -4.9536E-03   
6.3262E-03   -3.9416E-03   
3.2668E-03   -5.7159E-03   
1.4259E-02   -7.9138E-04   
9.2016E-03   -4.7154E-03   
1.0027E-02   -4.5465E-03   
1.8360E-02   -5.7836E-05   
1.0796E-02   -4.3735E-03   
6.6940E-03   -4.5697E-03   
1.1650E-02   -4.1636E-03   
1.2316E-02   -4.0662E-03   
1.8959E-02   -5.0241E-05   
1.3087E-02   -3.8224E-03   
1.3958E-02   -3.6164E-03   
1.4423E-03   -6.1110E-03   
1.4775E-02   -3.3953E-03   
1.9650E-02   -4.5414E-05   
1.5280E-02   -1.7796E-04   
7.1528E-03   -4.3029E-03   
1.5659E-02   -3.1164E-03   
1.6503E-02   -2.8657E-03   
1.3557E-02   -1.3303E-03   
2.0419E-02   -2.4625E-05   
1.2365E-02   -1.6386E-03   
1.1386E-02   -1.9301E-03   
1.8165E-02   -2.2456E-03   
2.1246E-02   -3.5632E-04   
2.1398E-02   -3.5515E-04   
2.1315E-02   -1.0110E-04   
2.1379E-02   -4.2235E-05   
2.1266E-02   -2.2638E-04   
5.8348E-03   -5.2051E-03   
2.0023E-02   -1.2998E-03   
1.6708E-03   -6.2300E-03   
1.2783E-02   -1.6685E-03   
1.2040E-02   -1.8666E-03   
2.9386E-03   -5.9164E-03   
1.1281E-02   -2.3288E-03   
3.7947E-03   -5.6167E-03   
1.5221E-02   -4.5101E-04   
1.0640E-02   -2.8287E-03   
1.4933E-02   -9.3786E-04   
4.2122E-03   -5.6269E-03   
7.4955E-03   -4.3849E-03   
2.8907E-03   -6.0634E-03   
8.2867E-03   -4.0837E-03   
4.1104E-03   -5.8162E-03   
1.3424E-02   -1.4926E-03   
1.4534E-02   -3.2638E-03   
1.0573E-02   -4.2391E-03   
5.4364E-03   -5.4792E-03   
6.8896E-03   -4.6959E-03   
6.8066E-03   -5.1416E-03   
6.6442E-03   -4.9729E-03   
1.7481E-02   -1.3730E-04   
1.0862E-02   -3.2272E-03   
1.5526E-02   -2.5518E-04   
1.4713E-02   -1.2159E-03   
1.6451E-02   -1.4226E-04   
1.9565E-02   -9.8023E-05   
9.6505E-03   -3.6438E-03   
1.1917E-02   -3.9062E-03   
1.4494E-02   -6.0424E-04   
1.4699E-02   -8.2161E-04   
1.0887E-02   -2.4478E-03   
7.9170E-03   -3.8960E-03   
2.0883E-02   -9.8536E-06   
1.7366E-02   -2.5575E-03   
8.0518E-03   -4.8063E-03   
1.5854E-02   -2.8635E-03   
2.1423E-02   -2.4073E-04   
2.1520E-02   -2.2141E-05   
2.1488E-02   -6.2114E-05   
2.1447E-02   -1.4546E-04   
1.3175E-02   -3.5753E-03   
9.2578E-03   -4.4592E-03   
1.8622E-02   -1.0847E-04   
1.8910E-02   -1.6324E-03   
2.0509E-02   -7.1817E-05   
1.9926E-02   -1.1872E-03   
2.0374E-02   -5.2123E-04   
2.0604E-02   -1.0029E-04   
2.0501E-02   -2.2435E-04   
2.0247E-02   -8.1123E-04   
1.3311E-02   -1.6879E-03   
1.0408E-02   -4.0961E-03   
1.5384E-02   -3.5007E-04   
1.5912E-02   -2.9338E-04   
1.7168E-02   -2.1880E-04   
1.8650E-03   -6.0671E-03   
9.4240E-03   -3.9128E-03   
1.1919E-02   -2.1193E-03   
7.2421E-03   -4.8922E-03   
1.5319E-02   -5.5397E-04   
1.8297E-02   -1.7871E-04   
1.7088E-02   -2.4872E-03   
5.2498E-03   -5.3774E-03   
9.8442E-03   -4.2155E-03   
7.8315E-03   -4.7215E-03   
1.1747E-02   -3.7898E-03   
8.7320E-03   -4.0777E-03   
1.3949E-02   -3.2801E-03   
1.1309E-02   -2.7012E-03   
8.5859E-03   -4.5199E-03   
1.4526E-02   -1.4004E-03   
1.5125E-02   -1.0523E-03   
1.2524E-02   -3.6185E-03   
1.1408E-02   -2.9173E-03   
1.8947E-02   -1.5199E-04   
1.1087E-02   -3.3873E-03   
1.7732E-02   -1.9814E-04   
8.1543E-03   -4.3198E-03   
1.5141E-02   -6.8840E-04   
1.1068E-02   -3.9465E-03   
1.1739E-02   -2.3922E-03   
1.6514E-02   -2.3476E-04   
1.5317E-02   -7.7750E-04   
1.9534E-02   -7.9424E-04   
1.9858E-02   -1.7248E-04   
1.9738E-02   -3.6175E-04   
1.9974E-02   -1.0026E-04   
1.3867E-02   -1.5116E-03   
1.7845E-02   -2.0605E-03   
1.9077E-02   -1.3531E-03   
2.0463E-02   -1.8598E-04   
2.0290E-02   -6.9486E-04   
2.0311E-02   -3.6053E-04   
2.0227E-02   -4.3577E-04   
1.0867E-02   -3.8140E-03   
8.1645E-03   -4.4889E-03   
1.8506E-02   -2.3050E-04   
1.6468E-02   -2.6155E-03   
9.4456E-03   -4.1688E-03   
1.1584E-02   -3.0897E-03   
1.0633E-02   -3.6885E-03   
1.5746E-02   -9.8251E-04   
1.6287E-02   -3.3961E-04   
1.3360E-02   -3.3140E-03   
1.7445E-02   -2.7226E-04   
1.9668E-02   -4.8647E-04   
1.9919E-02   -2.4985E-04   
1.5911E-02   -7.1791E-04   
1.3204E-02   -1.8989E-03   
1.5877E-02   -5.1742E-04   
1.2493E-02   -2.1317E-03   
1.9494E-02   -6.3978E-04   
1.8096E-02   -1.7027E-03   
1.5058E-02   -1.3811E-03   
1.4745E-02   -2.9758E-03   
1.1958E-02   -2.6438E-03   
9.9996E-03   -3.8637E-03   
1.2223E-02   -3.5033E-03   
1.4653E-02   -1.5291E-03   
1.9522E-02   -1.5380E-04   
1.7697E-02   -1.9696E-03   
1.9189E-02   -1.0719E-03   
1.3505E-02   -3.0380E-03   
1.2689E-02   -2.5372E-03   
1.4552E-02   -1.7071E-03   
1.5663E-02   -1.2845E-03   
1.2701E-02   -3.2158E-03   
1.1319E-02   -3.5275E-03   
1.8707E-02   -2.7453E-04   
1.7276E-02   -2.0085E-03   
1.7495E-02   -3.5969E-04   
1.8159E-02   -3.1565E-04   
1.2007E-02   -3.3733E-03   
1.6285E-02   -5.6353E-04   
1.6332E-02   -4.3427E-04   
1.6139E-02   -8.1219E-04   
1.1851E-02   -2.5270E-03   
1.2246E-02   -2.9654E-03   
1.5994E-02   -1.0767E-03   
1.4940E-02   -2.7249E-03   
1.3773E-02   -1.9051E-03   
1.3090E-02   -2.1187E-03   
1.2627E-02   -2.7421E-03   
1.5195E-02   -1.6050E-03   
1.5601E-02   -1.4433E-03   
1.5337E-02   -2.9167E-03   
1.6373E-02   -8.9910E-04   
1.2467E-02   -3.0921E-03   
1.9247E-02   -2.2878E-04   
1.6856E-02   -4.5093E-04   
1.6507E-02   -6.6444E-04   
1.6411E-02   -2.3219E-03   
1.7302E-02   -4.8011E-04   
1.3054E-02   -2.2942E-03   
1.4205E-02   -1.9294E-03   
1.5741E-02   -1.5579E-03   
1.2882E-02   -2.8270E-03   
1.7140E-02   -6.0090E-04   
1.7662E-02   -1.7175E-03   
1.6265E-02   -1.1331E-03   
1.6993E-02   -8.1096E-04   
1.6102E-02   -2.6164E-03   
1.8430E-02   -3.5859E-04   
1.3468E-02   -2.3270E-03   
1.4174E-02   -2.0981E-03   
1.9487E-02   -2.6357E-04   
1.6806E-02   -1.0533E-03   
1.8784E-02   -3.8740E-04   
1.3566E-02   -2.6567E-03   
1.7262E-02   -6.8520E-04   
1.8114E-02   -4.6052E-04   
1.7223E-02   -8.7489E-04   
1.4787E-02   -2.0558E-03   
1.7623E-02   -5.0614E-04   
1.5506E-02   -1.8032E-03   
1.6553E-02   -1.3731E-03   
1.7725E-02   -6.9231E-04   
1.6828E-02   -1.4718E-03   
1.3806E-02   -2.7596E-03   
1.6077E-02   -1.7638E-03   
1.4034E-02   -2.3498E-03   
1.5354E-02   -2.0266E-03   
1.8267E-02   -5.2367E-04   
1.9405E-02   -3.5269E-04   
1.7291E-02   -1.4591E-03   
1.6674E-02   -1.6960E-03   
1.8445E-02   -5.8117E-04   
1.4287E-02   -2.4967E-03   
1.5091E-02   -2.2932E-03   
1.8133E-02   -7.0004E-04   
1.7977E-02   -1.2961E-03   
1.6619E-02   -1.8914E-03   
1.9071E-02   -4.7790E-04   
1.8109E-02   -7.9216E-04   
1.7938E-02   -1.4693E-03   
1.9353E-02   -4.9861E-04   
1.7266E-02   -1.7360E-03   
1.7453E-02   -9.3575E-04   
1.7037E-02   -1.1333E-03   
1.7343E-02   -1.1956E-03   
1.8109E-02   -1.0033E-03   
