51 
1844 
3.7867E-03   -4.1924E-03   
7.2025E-03   -3.5483E-03   
9.9089E-03   -2.5612E-03   
1.1646E-02   -1.3375E-03   
7.8611E-37   -4.3942E-03   
1.2233E-02   -4.0491E-37   
1.2507E-02   -5.6077E-35   
1.2955E-02   -5.5676E-37   
1.3938E-02   2.3351E-35   
1.4828E-02   3.4330E-35   
1.5960E-02   7.2872E-35   
1.7341E-02   1.0047E-34   
1.8404E-02   1.2163E-34   
2.0212E-02   1.8497E-34   
2.1558E-02   2.2431E-34   
2.3015E-02   1.9660E-34   
2.3784E-02   3.0454E-34   
2.5397E-02   4.5121E-34   
2.7108E-02   6.5676E-34   
2.8000E-02   -3.7978E-30   
2.8000E-02   -3.6181E-34   
2.8000E-02   -3.6181E-34   
2.8000E-02   -3.6181E-34   
2.8000E-02   -3.6181E-34   
2.8000E-02   -3.6181E-34   
2.8000E-02   -3.6181E-34   
2.8000E-02   -3.6181E-34   
2.8000E-02   -3.6181E-34   
2.8000E-02   -3.6181E-34   
2.8000E-02   -3.6181E-34   
2.8000E-02   -3.6181E-34   
2.8000E-02   -3.6181E-34   
2.6306E-02   -1.2119E-03   
2.3546E-02   -2.7659E-03   
2.2382E-02   -3.3005E-03   
2.1271E-02   -3.7416E-03   
1.9131E-02   -4.4518E-03   
1.8088E-02   -4.7491E-03   
1.6038E-02   -5.2725E-03   
1.5030E-02   -5.5120E-03   
1.3048E-02   -5.9678E-03   
1.1120E-02   -6.4089E-03   
1.0181E-02   -6.6282E-03   
8.3617E-03   -7.0584E-03   
6.6336E-03   -7.4686E-03   
5.8063E-03   -7.6596E-03   
4.2276E-03   -7.9997E-03   
2.7438E-03   -8.2602E-03   
1.3412E-03   -8.4218E-03   
1.0915E-36   -8.4704E-03   
6.5862E-34   -8.0249E-03   
6.9294E-34   -7.5997E-03   
6.5289E-34   -7.0354E-03   
6.1895E-34   -6.7113E-03   
5.4495E-34   -6.1830E-03   
4.9712E-34   -5.8821E-03   
4.4778E-34   -5.5889E-03   
4.0691E-34   -5.3524E-03   
3.9807E-34   -5.1456E-03   
2.8699E-03   -4.4745E-03   
2.6903E-02   -1.0718E-04   
2.5753E-02   -2.2407E-04   
2.4090E-02   -3.8741E-04   
2.2728E-02   -5.2696E-04   
2.1408E-02   -7.0074E-04   
1.9920E-02   -8.0437E-04   
1.8702E-02   -8.4682E-04   
1.7197E-02   -9.7716E-04   
1.5704E-02   -1.0576E-03   
1.4218E-02   -1.1283E-03   
1.2744E-02   -1.1914E-03   
1.1209E-02   -1.2923E-03   
9.6310E-03   -1.5481E-03   
7.4735E-03   -2.2341E-03   
5.2746E-03   -3.3038E-03   
7.8290E-03   -2.6032E-03   
9.3341E-03   -1.2955E-03   
1.0794E-02   -8.2084E-04   
1.2174E-02   -6.9479E-04   
1.3501E-02   -6.7761E-04   
1.4763E-02   -6.8392E-04   
1.6205E-02   -6.2748E-04   
1.7545E-02   -5.8197E-04   
1.8793E-02   -5.2323E-04   
2.0082E-02   -5.2678E-04   
2.1484E-02   -4.1734E-04   
2.2832E-02   -3.2916E-04   
2.4152E-02   -2.6500E-04   
2.5549E-02   -1.5399E-04   
2.6762E-02   -6.4941E-05   
1.1456E-02   -5.7942E-04   
1.2161E-02   -2.7404E-04   
1.2963E-02   -2.5753E-04   
1.4075E-02   -2.6438E-04   
1.5140E-02   -2.6920E-04   
1.6452E-02   -2.8358E-04   
1.7624E-02   -2.9114E-04   
1.8788E-02   -2.8474E-04   
2.0287E-02   -2.2890E-04   
2.1541E-02   -1.8506E-04   
2.2960E-02   -1.5892E-04   
2.4354E-02   -1.1470E-04   
2.5716E-02   -7.5262E-05   
2.6966E-02   -2.4567E-05   
2.6697E-02   -1.6649E-04   
2.5453E-02   -3.5121E-04   
2.3929E-02   -5.8937E-04   
2.2522E-02   -7.3666E-04   
2.1304E-02   -9.4695E-04   
1.9775E-02   -1.1162E-03   
1.8267E-02   -1.2689E-03   
1.6837E-02   -1.3879E-03   
1.5351E-02   -1.5328E-03   
1.3957E-02   -1.6591E-03   
1.2170E-02   -1.8575E-03   
1.0261E-02   -2.1508E-03   
8.3869E-03   -2.5547E-03   
6.4241E-03   -3.1375E-03   
4.2292E-03   -4.0378E-03   
2.1035E-03   -4.8999E-03   
2.6618E-02   -2.4692E-04   
2.5561E-02   -4.4864E-04   
2.3750E-02   -7.9922E-04   
2.2562E-02   -1.0191E-03   
2.1143E-02   -1.2388E-03   
1.9438E-02   -1.5223E-03   
1.7930E-02   -1.6774E-03   
1.6465E-02   -1.8413E-03   
1.4744E-02   -2.0796E-03   
1.3132E-02   -2.3425E-03   
1.1424E-02   -2.6278E-03   
9.6295E-03   -2.8917E-03   
7.7012E-03   -3.4248E-03   
5.8233E-03   -3.9310E-03   
3.7848E-03   -4.6504E-03   
1.8037E-03   -5.2767E-03   
2.7005E-02   -2.1587E-04   
2.5089E-02   -6.7444E-04   
2.3997E-02   -9.1288E-04   
2.2667E-02   -1.2283E-03   
2.0681E-02   -1.6302E-03   
1.9267E-02   -1.8979E-03   
1.7797E-02   -2.1173E-03   
1.6059E-02   -2.4087E-03   
1.4475E-02   -2.6938E-03   
1.2765E-02   -2.9325E-03   
1.1154E-02   -3.2093E-03   
9.1353E-03   -3.5760E-03   
7.1781E-03   -4.1932E-03   
5.3515E-03   -4.6352E-03   
3.6365E-03   -5.1925E-03   
1.7881E-03   -5.6357E-03   
2.6391E-02   -4.4156E-04   
2.5268E-02   -7.7732E-04   
2.3909E-02   -1.1788E-03   
2.2539E-02   -1.5656E-03   
2.0552E-02   -2.0289E-03   
1.8956E-02   -2.3184E-03   
1.7334E-02   -2.6896E-03   
1.5781E-02   -3.0239E-03   
1.3927E-02   -3.2761E-03   
1.2420E-02   -3.4971E-03   
1.0886E-02   -3.8887E-03   
8.8508E-03   -4.3709E-03   
6.8643E-03   -4.8787E-03   
5.1272E-03   -5.3121E-03   
3.2794E-03   -5.7572E-03   
1.7128E-03   -6.0421E-03   
2.6731E-02   -4.6730E-04   
2.5204E-02   -1.0301E-03   
2.3953E-02   -1.4138E-03   
2.1995E-02   -2.0296E-03   
2.0270E-02   -2.5443E-03   
1.8731E-02   -2.8558E-03   
1.6822E-02   -3.2726E-03   
1.5390E-02   -3.5767E-03   
1.3532E-02   -3.8729E-03   
1.1913E-02   -4.1866E-03   
1.0078E-02   -4.5907E-03   
8.5820E-03   -4.9692E-03   
6.7805E-03   -5.4334E-03   
4.9949E-03   -5.8517E-03   
3.2627E-03   -6.2339E-03   
1.5339E-03   -6.5082E-03   
2.6516E-02   -6.3006E-04   
2.4841E-02   -1.3118E-03   
2.3672E-02   -1.7321E-03   
2.1399E-02   -2.5531E-03   
2.0023E-02   -2.9573E-03   
1.8458E-02   -3.3972E-03   
1.6743E-02   -3.7343E-03   
1.5010E-02   -4.1171E-03   
1.3089E-02   -4.5498E-03   
1.1482E-02   -4.8796E-03   
9.9067E-03   -5.2028E-03   
8.2656E-03   -5.5996E-03   
6.4608E-03   -6.1030E-03   
4.9245E-03   -6.3932E-03   
3.1855E-03   -6.7533E-03   
1.5811E-03   -6.9626E-03   
2.6643E-02   -7.4915E-04   
2.5210E-02   -1.4451E-03   
2.3286E-02   -2.2346E-03   
2.1604E-02   -2.9362E-03   
1.9782E-02   -3.3710E-03   
1.8024E-02   -3.8269E-03   
1.6350E-02   -4.2590E-03   
1.4674E-02   -4.6609E-03   
1.2998E-02   -5.0537E-03   
1.1155E-02   -5.3991E-03   
9.5260E-03   -5.9042E-03   
7.8172E-03   -6.2431E-03   
6.2806E-03   -6.5570E-03   
4.6828E-03   -6.9320E-03   
3.0374E-03   -7.2707E-03   
1.6879E-03   -7.4074E-03   
2.6248E-02   -1.1366E-03   
2.4497E-02   -2.1437E-03   
2.3040E-02   -2.7180E-03   
2.0766E-02   -3.5541E-03   
1.9391E-02   -3.9603E-03   
1.7482E-02   -4.4753E-03   
1.5826E-02   -4.9172E-03   
1.4351E-02   -5.1870E-03   
1.2574E-02   -5.5787E-03   
1.0898E-02   -6.0501E-03   
9.4908E-03   -6.3389E-03   
7.7881E-03   -6.7543E-03   
6.0350E-03   -7.1584E-03   
4.4722E-03   -7.4736E-03   
2.9788E-03   -7.7439E-03   
1.3326E-03   -8.0103E-03   
4.7554E-04   -4.4091E-03   
9.5703E-04   -4.4002E-03   
1.4362E-03   -4.3833E-03   
1.9138E-03   -4.3596E-03   
2.3883E-03   -4.3286E-03   
2.8593E-03   -4.2903E-03   
3.3257E-03   -4.2447E-03   
4.2416E-03   -4.1335E-03   
4.6900E-03   -4.0683E-03   
5.1309E-03   -3.9968E-03   
5.5639E-03   -3.9191E-03   
5.9882E-03   -3.8352E-03   
6.4032E-03   -3.7454E-03   
6.8082E-03   -3.6497E-03   
7.5855E-03   -3.4415E-03   
7.9565E-03   -3.3295E-03   
8.3150E-03   -3.2127E-03   
8.6614E-03   -3.0911E-03   
8.9943E-03   -2.9652E-03   
9.3138E-03   -2.8345E-03   
9.6188E-03   -2.6997E-03   
1.0184E-02   -2.4192E-03   
1.0443E-02   -2.2735E-03   
1.0686E-02   -2.1245E-03   
1.0912E-02   -1.9723E-03   
1.1122E-02   -1.8174E-03   
1.1314E-02   -1.6597E-03   
1.1489E-02   -1.4997E-03   
1.1786E-02   -1.1732E-03   
1.1907E-02   -1.0070E-03   
1.2009E-02   -8.3863E-04   
1.2086E-02   -6.6892E-04   
1.2163E-02   -5.0228E-04   
1.2198E-02   -3.3726E-04   
1.2234E-02   -1.6374E-04   
1.2313E-02   -2.7775E-34   
1.2358E-02   -2.5843E-34   
1.2393E-02   -1.9113E-34   
1.2427E-02   -1.0107E-34   
1.2463E-02   -7.5733E-35   
1.2562E-02   -4.0116E-35   
1.2633E-02   -2.7121E-35   
1.2720E-02   -1.6531E-35   
1.2827E-02   -7.8194E-36   
1.3104E-02   5.5219E-36   
1.3276E-02   1.0637E-35   
1.3472E-02   1.5084E-35   
1.3693E-02   1.9233E-35   
1.4209E-02   2.7067E-35   
1.4505E-02   3.0749E-35   
1.5178E-02   3.8308E-35   
1.5556E-02   4.2394E-35   
1.6393E-02   7.6744E-35   
1.6853E-02   5.7709E-35   
1.7858E-02   1.0867E-34   
1.8978E-02   1.4070E-34   
1.9581E-02   1.5884E-34   
2.0871E-02   1.9144E-34   
2.2273E-02   2.5589E-34   
2.4578E-02   3.8237E-34   
2.6240E-02   4.0036E-34   
2.8000E-02   -3.6181E-34   
2.8000E-02   -3.6181E-34   
2.8000E-02   -3.6181E-34   
2.8000E-02   -3.6181E-34   
2.8000E-02   -3.6181E-34   
2.4801E-02   -2.1249E-03   
2.0191E-02   -4.1204E-03   
1.7058E-02   -5.0199E-03   
1.4033E-02   -5.7429E-03   
1.2076E-02   -6.1895E-03   
9.2609E-03   -6.8445E-03   
7.4857E-03   -7.2673E-03   
5.0043E-03   -7.8376E-03   
3.4745E-03   -8.1405E-03   
2.0329E-03   -8.3538E-03   
6.6637E-04   -8.4640E-03   
4.8817E-34   -8.2479E-03   
6.8497E-34   -7.8080E-03   
6.7128E-34   -7.4013E-03   
9.7734E-34   -7.2132E-03   
9.8653E-34   -6.8681E-03   
6.0459E-34   -6.5645E-03   
5.8819E-34   -6.4277E-03   
5.6560E-34   -6.3007E-03   
5.2785E-34   -6.0742E-03   
5.1183E-34   -5.9740E-03   
4.8468E-34   -5.7980E-03   
4.7241E-34   -5.7215E-03   
4.5950E-34   -5.6519E-03   
4.3757E-34   -5.5318E-03   
4.2831E-34   -5.4802E-03   
4.2006E-34   -5.4336E-03   
4.1290E-34   -5.3912E-03   
4.0208E-34   -5.3163E-03   
3.9846E-34   -5.2823E-03   
3.9614E-34   -5.2493E-03   
3.9526E-34   -5.2163E-03   
3.9589E-34   -5.1821E-03   
4.0167E-34   -5.1053E-03   
4.0649E-34   -5.0596E-03   
4.1322E-34   -5.0067E-03   
4.2220E-34   -4.9451E-03   
4.3628E-34   -4.8730E-03   
6.8734E-34   -4.7853E-03   
6.9298E-34   -4.6830E-03   
5.6904E-34   -4.5477E-03   
5.1267E-03   -3.9530E-03   
7.9142E-03   -3.1404E-03   
8.9577E-03   -2.7299E-03   
5.9625E-03   -3.7473E-03   
1.1359E-02   -1.4099E-03   
3.8297E-03   -4.2111E-03   
1.5806E-03   -4.4848E-03   
1.0705E-02   -1.8573E-03   
1.1972E-02   -8.0956E-04   
9.9005E-03   -2.2999E-03   
6.7702E-03   -3.5185E-03   
1.1704E-02   -1.1105E-03   
7.1621E-03   -3.3968E-03   
3.3882E-03   -4.2823E-03   
9.6022E-03   -2.4454E-03   
1.0941E-02   -1.7085E-03   
1.2268E-02   -2.2642E-04   
6.0861E-04   -4.5360E-03   
2.9429E-03   -4.3457E-03   
8.2712E-03   -3.0064E-03   
8.6161E-03   -2.8691E-03   
1.1541E-02   -1.2603E-03   
2.0400E-03   -4.4470E-03   
1.2077E-02   -6.5666E-04   
1.1018E-03   -4.5171E-03   
2.4939E-03   -4.4007E-03   
1.1159E-02   -1.5594E-03   
1.1848E-02   -9.6016E-04   
4.2673E-03   -4.1322E-03   
1.0453E-02   -2.0056E-03   
1.0184E-02   -2.1534E-03   
6.3705E-03   -3.6355E-03   
4.6999E-03   -4.0461E-03   
5.5480E-03   -3.8533E-03   
7.5441E-03   -3.2707E-03   
9.2870E-03   -2.5888E-03   
3.5185E-04   -4.8246E-03   
3.3464E-04   -4.9039E-03   
3.2229E-04   -4.9709E-03   
3.1089E-04   -5.0279E-03   
3.0205E-04   -5.0767E-03   
2.9663E-04   -5.1192E-03   
2.9366E-04   -5.1571E-03   
2.9241E-04   -5.1919E-03   
2.9255E-04   -5.2252E-03   
1.2360E-02   -1.0913E-04   
2.9395E-04   -5.2579E-03   
1.2392E-02   -8.6137E-05   
2.9657E-04   -5.2912E-03   
1.2425E-02   -6.9526E-05   
3.0038E-04   -5.3261E-03   
1.2464E-02   -5.7153E-05   
3.0532E-04   -5.3634E-03   
1.2513E-02   -4.8575E-05   
3.1128E-04   -5.4040E-03   
1.2576E-02   -4.2964E-05   
3.1823E-04   -5.4485E-03   
1.2655E-02   -3.9825E-05   
3.2608E-04   -5.4976E-03   
1.2753E-02   -3.8689E-05   
3.3478E-04   -5.5519E-03   
1.2871E-02   -3.9096E-05   
3.4432E-04   -5.6120E-03   
1.3010E-02   -4.0683E-05   
3.5428E-04   -5.6783E-03   
1.3171E-02   -4.3310E-05   
3.6447E-04   -5.7512E-03   
1.3357E-02   -4.6765E-05   
3.7597E-04   -5.8314E-03   
1.3566E-02   -5.0779E-05   
3.8921E-04   -5.9196E-03   
1.3800E-02   -5.5139E-05   
4.0313E-04   -6.0157E-03   
1.4059E-02   -5.9327E-05   
4.1728E-04   -6.1202E-03   
1.4343E-02   -6.4134E-05   
4.3156E-04   -6.2333E-03   
1.4650E-02   -6.9346E-05   
4.4551E-04   -6.3546E-03   
1.4981E-02   -7.5416E-05   
4.6436E-04   -6.4839E-03   
1.5342E-02   -8.0909E-05   
4.8664E-04   -6.6233E-03   
1.5733E-02   -8.4878E-05   
4.9852E-04   -6.7738E-03   
1.6151E-02   -8.8628E-05   
5.1084E-04   -6.9335E-03   
1.6602E-02   -9.2354E-05   
5.4701E-04   -7.1049E-03   
1.7086E-02   -9.4038E-05   
5.6830E-04   -7.2924E-03   
1.7587E-02   -9.2006E-05   
5.7211E-04   -7.4904E-03   
1.8107E-02   -9.5207E-05   
5.9411E-04   -7.6968E-03   
1.8665E-02   -9.6366E-05   
6.2909E-04   -7.9190E-03   
6.3643E-03   -3.5140E-03   
9.9199E-03   -2.0587E-03   
1.0989E-02   -1.4734E-03   
4.7240E-03   -4.0025E-03   
1.2240E-02   -3.3188E-04   
1.2782E-03   -4.6016E-03   
8.2386E-03   -2.8039E-03   
1.2038E-02   -6.4242E-04   
2.1570E-03   -4.5091E-03   
3.4548E-03   -4.2947E-03   
3.0267E-03   -4.3750E-03   
9.2898E-03   -2.3575E-03   
7.1520E-03   -3.2401E-03   
1.1603E-02   -1.0524E-03   
1.1768E-02   -9.1505E-04   
7.5301E-03   -3.0983E-03   
8.9477E-03   -2.5052E-03   
1.1213E-02   -1.3315E-03   
1.0746E-02   -1.6173E-03   
5.1404E-03   -3.8898E-03   
3.8810E-03   -4.2054E-03   
7.8566E-04   -4.6487E-03   
5.5529E-03   -3.7703E-03   
7.8884E-03   -2.9521E-03   
8.5945E-03   -2.6535E-03   
1.1418E-02   -1.1912E-03   
1.1913E-02   -7.7850E-04   
5.9614E-03   -3.6449E-03   
1.0211E-02   -1.9101E-03   
2.5937E-03   -4.4467E-03   
4.3044E-03   -4.1079E-03   
1.0487E-02   -1.7629E-03   
1.2147E-02   -5.0173E-04   
1.7149E-03   -4.5608E-03   
9.6127E-03   -2.2085E-03   
6.7623E-03   -3.3790E-03   
3.6668E-04   -4.7294E-03   
7.0111E-04   -4.8401E-03   
6.6930E-04   -4.9174E-03   
6.4069E-04   -4.9791E-03   
6.1452E-04   -5.0318E-03   
5.9824E-04   -5.0767E-03   
5.8947E-04   -5.1159E-03   
5.8536E-04   -5.1514E-03   
1.2321E-02   -1.4842E-04   
5.8449E-04   -5.1847E-03   
5.8627E-04   -5.2171E-03   
1.2324E-02   -1.8892E-04   
5.9050E-04   -5.2496E-03   
1.2351E-02   -1.5499E-04   
5.9714E-04   -5.2834E-03   
1.2385E-02   -1.2588E-04   
6.0606E-04   -5.3192E-03   
1.2428E-02   -1.0554E-04   
6.1710E-04   -5.3579E-03   
1.2483E-02   -9.2006E-05   
6.2981E-04   -5.4002E-03   
1.2554E-02   -8.3594E-05   
6.4596E-04   -5.4466E-03   
1.2643E-02   -7.9597E-05   
6.6510E-04   -5.4979E-03   
1.2752E-02   -7.9144E-05   
6.8327E-04   -5.5553E-03   
1.2881E-02   -8.1359E-05   
7.0012E-04   -5.6186E-03   
1.3033E-02   -8.5569E-05   
7.1799E-04   -5.6878E-03   
1.3210E-02   -9.1781E-05   
7.3906E-04   -5.7639E-03   
1.3409E-02   -9.9566E-05   
7.6402E-04   -5.8477E-03   
1.3633E-02   -1.0839E-04   
7.9183E-04   -5.9397E-03   
1.3885E-02   -1.1630E-04   
8.2076E-04   -6.0402E-03   
1.4157E-02   -1.2262E-04   
8.4953E-04   -6.1492E-03   
1.4441E-02   -1.3395E-04   
8.7312E-04   -6.2665E-03   
1.4753E-02   -1.4421E-04   
8.9044E-04   -6.3891E-03   
1.5093E-02   -1.5881E-04   
9.4487E-04   -6.5159E-03   
1.5470E-02   -1.6773E-04   
9.9347E-04   -6.6600E-03   
1.5877E-02   -1.7359E-04   
9.9304E-04   -6.8170E-03   
1.6312E-02   -1.8219E-04   
1.0378E-03   -6.9727E-03   
1.6795E-02   -1.8816E-04   
1.1832E-03   -7.1487E-03   
1.7315E-02   -1.8785E-04   
1.1396E-03   -7.3596E-03   
1.7791E-02   -1.7434E-04   
1.1600E-03   -7.5579E-03   
1.8303E-02   -2.0895E-04   
1.2191E-03   -7.7652E-03   
1.9253E-02   -1.0156E-04   
8.2387E-03   -2.6101E-03   
8.6174E-03   -2.4471E-03   
7.1697E-03   -3.0850E-03   
8.9761E-03   -2.2942E-03   
6.7823E-03   -3.2348E-03   
3.1124E-03   -4.3820E-03   
3.5279E-03   -4.2851E-03   
3.9417E-03   -4.1790E-03   
4.3538E-03   -4.0643E-03   
4.7640E-03   -3.9414E-03   
2.6900E-03   -4.4706E-03   
5.1726E-03   -3.8109E-03   
6.3859E-03   -3.3845E-03   
9.3224E-03   -2.1428E-03   
5.5796E-03   -3.6739E-03   
5.9847E-03   -3.5314E-03   
2.2547E-03   -4.5517E-03   
9.6510E-03   -1.9896E-03   
1.1487E-02   -1.0003E-03   
1.1673E-02   -8.7234E-04   
1.1836E-02   -7.4808E-04   
1.1280E-02   -1.1315E-03   
1.8207E-03   -4.6202E-03   
9.9638E-03   -1.8378E-03   
1.1053E-02   -1.2656E-03   
1.0542E-02   -1.5440E-03   
1.0261E-02   -1.6892E-03   
1.0806E-02   -1.4031E-03   
1.4122E-03   -4.6633E-03   
1.0633E-03   -4.6953E-03   
1.1977E-02   -6.2478E-04   
1.2101E-02   -4.9943E-04   
1.2209E-02   -3.7122E-04   
7.2975E-04   -4.7611E-03   
1.0086E-03   -4.9087E-03   
9.4581E-04   -4.9698E-03   
9.0887E-04   -5.0186E-03   
8.8951E-04   -5.0595E-03   
8.8010E-04   -5.0955E-03   
8.7681E-04   -5.1286E-03   
1.2294E-02   -2.3570E-04   
8.7795E-04   -5.1604E-03   
8.8288E-04   -5.1920E-03   
1.2239E-02   -2.6853E-04   
8.9140E-04   -5.2245E-03   
1.2272E-02   -2.1084E-04   
9.0339E-04   -5.2588E-03   
1.2309E-02   -1.7438E-04   
9.1865E-04   -5.2957E-03   
1.2357E-02   -1.5000E-04   
9.3594E-04   -5.3359E-03   
1.2420E-02   -1.3454E-04   
9.5910E-04   -5.3791E-03   
1.2501E-02   -1.2528E-04   
9.9630E-04   -5.4253E-03   
1.2600E-02   -1.2245E-04   
1.0250E-03   -5.4799E-03   
1.2719E-02   -1.2451E-04   
1.0420E-03   -5.5419E-03   
1.2862E-02   -1.2942E-04   
1.0649E-03   -5.6083E-03   
1.3031E-02   -1.3688E-04   
1.0898E-03   -5.6811E-03   
1.3220E-02   -1.4798E-04   
1.1230E-03   -5.7598E-03   
1.3433E-02   -1.6144E-04   
1.1675E-03   -5.8462E-03   
1.3679E-02   -1.7421E-04   
1.2129E-03   -5.9424E-03   
1.3960E-02   -1.8354E-04   
1.2566E-03   -6.0482E-03   
1.4228E-02   -1.8358E-04   
1.2934E-03   -6.1641E-03   
1.4489E-02   -2.1847E-04   
1.3056E-03   -6.2892E-03   
1.2809E-03   -6.4068E-03   
1.4990E-03   -6.6966E-03   
1.5975E-02   -2.6959E-04   
1.6709E-03   -7.2310E-03   
1.7425E-03   -7.5925E-03   
1.6982E-02   -2.9018E-04   
1.9901E-02   -1.0892E-04   
1.1900E-02   -6.0952E-04   
1.2037E-02   -4.9534E-04   
1.2162E-02   -3.7930E-04   
7.5511E-03   -2.7940E-03   
7.2197E-03   -2.9268E-03   
2.7884E-03   -4.4749E-03   
2.3573E-03   -4.5748E-03   
4.4164E-03   -4.0048E-03   
3.2023E-03   -4.3697E-03   
4.8200E-03   -3.8658E-03   
3.6092E-03   -4.2567E-03   
6.8320E-03   -3.0874E-03   
9.0410E-03   -2.1055E-03   
4.0133E-03   -4.1353E-03   
1.1359E-02   -9.5519E-04   
1.1130E-02   -1.0820E-03   
5.2241E-03   -3.7194E-03   
5.6285E-03   -3.5669E-03   
1.0331E-02   -1.4890E-03   
1.0615E-02   -1.3483E-03   
1.1568E-02   -8.3184E-04   
1.9085E-03   -4.6652E-03   
1.1748E-02   -7.1909E-04   
6.4342E-03   -3.2491E-03   
1.0030E-02   -1.6360E-03   
6.0328E-03   -3.4096E-03   
1.0882E-02   -1.2128E-03   
9.3825E-03   -1.9452E-03   
9.7129E-03   -1.7885E-03   
1.2975E-03   -4.8934E-03   
1.2280E-03   -4.9469E-03   
1.1946E-03   -4.9893E-03   
1.1775E-03   -5.0255E-03   
1.1703E-03   -5.0581E-03   
1.1698E-03   -5.0890E-03   
1.1746E-03   -5.1194E-03   
1.1842E-03   -5.1504E-03   
1.2251E-02   -2.8644E-04   
1.2132E-02   -3.1363E-04   
1.1983E-03   -5.1830E-03   
1.2160E-02   -2.5941E-04   
1.2168E-03   -5.2179E-03   
1.2202E-02   -2.1986E-04   
1.2387E-03   -5.2558E-03   
1.2255E-02   -1.9489E-04   
1.2640E-03   -5.2966E-03   
1.2326E-02   -1.8021E-04   
1.2989E-03   -5.3389E-03   
1.2422E-02   -1.7055E-04   
1.3948E-03   -5.3789E-03   
1.2527E-02   -1.7194E-04   
1.3804E-03   -5.4492E-03   
1.2654E-02   -1.7784E-04   
1.4088E-03   -5.5130E-03   
1.2820E-02   -1.8565E-04   
1.4368E-03   -5.5847E-03   
1.3004E-02   -1.9583E-04   
1.5215E-03   -5.7380E-03   
1.7284E-03   -6.3215E-03   
1.3426E-02   -2.3505E-04   
1.5986E-03   -5.8251E-03   
1.6570E-03   -5.9287E-03   
1.7598E-03   -6.1710E-03   
1.4836E-02   -2.1562E-04   
1.5601E-02   -2.4770E-04   
1.6057E-02   -3.7912E-04   
1.3714E-02   -2.5162E-04   
2.3055E-03   -7.4110E-03   
1.6573E-02   -3.9251E-04   
1.7457E-03   -7.0803E-03   
1.4364E-02   -3.0781E-04   
2.0734E-03   -6.5605E-03   
1.2094E-02   -3.8919E-04   
1.1948E-02   -5.0110E-04   
1.1815E-02   -6.0210E-04   
8.4472E-03   -2.2339E-03   
8.3089E-03   -2.4124E-03   
8.7613E-03   -2.0844E-03   
6.9246E-03   -2.9366E-03   
1.1451E-02   -7.9896E-04   
2.9051E-03   -4.4568E-03   
1.1662E-02   -6.8157E-04   
2.4814E-03   -4.5728E-03   
2.0411E-03   -4.6802E-03   
3.3098E-03   -4.3366E-03   
4.4930E-03   -3.9320E-03   
4.0963E-03   -4.0770E-03   
6.5121E-03   -3.1090E-03   
3.7045E-03   -4.2111E-03   
4.8930E-03   -3.7784E-03   
9.1133E-03   -1.9227E-03   
1.0418E-02   -1.3094E-03   
1.1220E-02   -9.2035E-04   
5.2954E-03   -3.6177E-03   
1.0704E-02   -1.1740E-03   
1.0971E-02   -1.0447E-03   
1.0114E-02   -1.4526E-03   
5.6999E-03   -3.4515E-03   
6.1058E-03   -3.2815E-03   
9.7941E-03   -1.6032E-03   
9.4596E-03   -1.7607E-03   
1.2845E-03   -4.7924E-03   
1.5415E-03   -4.8670E-03   
1.5013E-03   -4.9080E-03   
1.4772E-03   -4.9433E-03   
1.4652E-03   -4.9747E-03   
1.4621E-03   -5.0041E-03   
1.4663E-03   -5.0328E-03   
1.4764E-03   -5.0620E-03   
1.4917E-03   -5.0926E-03   
1.1970E-02   -3.7215E-04   
1.5128E-03   -5.1254E-03   
1.2021E-02   -3.0420E-04   
1.5392E-03   -5.1607E-03   
1.5671E-03   -5.2000E-03   
1.2067E-02   -2.6645E-04   
1.2123E-02   -2.4458E-04   
1.5869E-03   -5.2449E-03   
1.2196E-02   -2.3591E-04   
1.6770E-03   -5.3574E-03   
1.2391E-02   -2.3747E-04   
1.7450E-03   -5.4022E-03   
1.2765E-02   -2.5146E-04   
1.2572E-02   -2.4199E-04   
1.8018E-03   -5.4699E-03   
1.9955E-03   -5.6785E-03   
1.4605E-03   -5.6620E-03   
2.0599E-03   -5.7891E-03   
2.1370E-03   -5.8983E-03   
2.1542E-03   -7.1087E-03   
2.1228E-03   -6.9441E-03   
2.2212E-03   -6.0190E-03   
1.3403E-02   -3.2378E-04   
1.4700E-02   -2.9052E-04   
1.4057E-02   -3.7367E-04   
1.5527E-02   -3.5523E-04   
1.3717E-02   -3.4426E-04   
1.3196E-02   -2.1506E-04   
2.3274E-03   -6.1643E-03   
1.9821E-03   -6.7730E-03   
2.1826E-03   -6.3667E-03   
1.7109E-02   -4.0274E-04   
2.2033E-03   -7.6083E-03   
2.0862E-03   -7.2670E-03   
1.6141E-02   -4.9745E-04   
8.0526E-03   -2.3470E-03   
1.1995E-02   -4.1529E-04   
1.1548E-02   -6.6123E-04   
3.0498E-03   -4.4141E-03   
1.1313E-02   -7.8009E-04   
2.6479E-03   -4.5412E-03   
1.8307E-03   -4.7567E-03   
6.6196E-03   -2.9608E-03   
4.1906E-03   -4.0065E-03   
3.8051E-03   -4.1538E-03   
3.4311E-03   -4.2876E-03   
8.8425E-03   -1.9308E-03   
4.5847E-03   -3.8482E-03   
1.0519E-02   -1.1492E-03   
4.9837E-03   -3.6814E-03   
1.0803E-02   -1.0200E-03   
1.1067E-02   -8.9775E-04   
1.0215E-02   -1.2872E-03   
5.3871E-03   -3.5079E-03   
6.2034E-03   -3.1471E-03   
9.2042E-03   -1.7558E-03   
9.8928E-03   -1.4345E-03   
5.7942E-03   -3.3294E-03   
9.5551E-03   -1.5911E-03   
1.8506E-03   -4.7798E-03   
1.8137E-03   -4.8157E-03   
7.5251E-03   -2.5718E-03   
1.7832E-03   -4.8494E-03   
7.0548E-03   -2.7681E-03   
1.7633E-03   -4.8798E-03   
1.7558E-03   -4.9075E-03   
1.7583E-03   -4.9339E-03   
1.7683E-03   -4.9607E-03   
1.7849E-03   -4.9888E-03   
1.8080E-03   -5.0189E-03   
2.0681E-03   -5.2671E-03   
1.1829E-02   -3.9723E-04   
1.8379E-03   -5.0515E-03   
1.8738E-03   -5.0878E-03   
1.1865E-02   -3.4934E-04   
1.9100E-03   -5.1312E-03   
1.1905E-02   -3.1909E-04   
1.1955E-02   -3.0449E-04   
1.5951E-03   -5.2887E-03   
1.2295E-02   -3.0754E-04   
2.1578E-03   -5.3331E-03   
2.1525E-03   -5.5416E-03   
1.4507E-02   -4.0153E-04   
1.3674E-02   -4.5163E-04   
1.2726E-02   -3.3492E-04   
2.5487E-03   -5.7364E-03   
1.2482E-02   -3.1819E-04   
2.6658E-03   -5.8432E-03   
1.8156E-03   -5.5544E-03   
2.5971E-03   -7.1676E-03   
2.7589E-03   -5.9649E-03   
1.5008E-02   -3.9147E-04   
2.6711E-03   -6.4053E-03   
2.5847E-03   -6.5980E-03   
1.3097E-02   -3.0441E-04   
2.6643E-03   -6.9566E-03   
2.4569E-03   -5.6367E-03   
1.3363E-02   -4.2489E-04   
1.6669E-02   -5.1025E-04   
1.5647E-02   -4.7754E-04   
1.1611E-02   -5.5802E-04   
1.1393E-02   -6.6580E-04   
1.1800E-02   -5.2140E-04   
2.4564E-03   -4.6090E-03   
3.2122E-03   -4.3552E-03   
8.5534E-03   -1.9562E-03   
3.9097E-03   -4.0871E-03   
1.1157E-02   -7.7510E-04   
3.5319E-03   -4.2362E-03   
4.2972E-03   -3.9263E-03   
1.4925E-03   -4.7996E-03   
4.6919E-03   -3.7555E-03   
6.3267E-03   -3.0074E-03   
1.0329E-02   -1.1391E-03   
1.0902E-02   -8.8913E-04   
1.0627E-02   -1.0097E-03   
8.9417E-03   -1.7714E-03   
5.0928E-03   -3.5766E-03   
1.0007E-02   -1.2816E-03   
5.4991E-03   -3.3914E-03   
5.9105E-03   -3.2015E-03   
9.3119E-03   -1.5980E-03   
9.6671E-03   -1.4350E-03   
6.7608E-03   -2.8059E-03   
2.1459E-03   -4.7103E-03   
2.1068E-03   -4.7422E-03   
2.0688E-03   -4.7741E-03   
2.2001E-03   -4.6712E-03   
2.0526E-03   -4.8005E-03   
7.2139E-03   -2.5982E-03   
7.6849E-03   -2.3819E-03   
2.0514E-03   -4.8244E-03   
1.1774E-02   -4.6283E-04   
8.1380E-03   -2.1634E-03   
2.0607E-03   -4.8480E-03   
2.0783E-03   -4.8729E-03   
2.1361E-03   -4.9293E-03   
1.1662E-02   -4.3993E-04   
2.1797E-03   -4.9611E-03   
2.2405E-03   -4.9954E-03   
1.1676E-02   -4.0575E-04   
1.1713E-02   -3.8199E-04   
2.1939E-03   -5.1548E-03   
2.2681E-03   -5.4087E-03   
1.2159E-02   -3.9177E-04   
1.3079E-02   -4.0195E-04   
3.0650E-03   -5.6538E-03   
1.8986E-03   -5.1934E-03   
1.4006E-02   -4.8576E-04   
2.4840E-03   -5.1874E-03   
1.3284E-02   -5.3821E-04   
2.4119E-03   -5.5503E-03   
3.1586E-03   -6.4387E-03   
2.9160E-03   -5.5659E-03   
2.8842E-03   -6.0592E-03   
1.2841E-02   -3.9072E-04   
1.5235E-02   -4.6301E-04   
1.2349E-02   -4.1222E-04   
2.7807E-03   -6.2130E-03   
2.5958E-03   -6.7767E-03   
1.5688E-02   -6.0471E-04   
1.7157E-02   -5.1285E-04   
2.7234E-03   -7.5313E-03   
3.3236E-03   -6.9751E-03   
1.4840E-02   -3.3537E-04   
1.1232E-02   -6.7865E-04   
3.2284E-03   -4.3404E-03   
6.4751E-03   -2.8634E-03   
3.6448E-03   -4.1736E-03   
4.0297E-03   -4.0103E-03   
1.0992E-02   -7.8457E-04   
4.4186E-03   -3.8377E-03   
8.6740E-03   -1.8075E-03   
1.0453E-02   -1.0093E-03   
1.0737E-02   -8.9275E-04   
4.8159E-03   -3.6553E-03   
1.0135E-02   -1.1442E-03   
6.0480E-03   -3.0691E-03   
5.2207E-03   -3.4652E-03   
9.0641E-03   -1.6242E-03   
5.6317E-03   -3.2694E-03   
9.7952E-03   -1.2925E-03   
9.4374E-03   -1.4530E-03   
2.4853E-03   -4.6117E-03   
2.3816E-03   -4.6601E-03   
1.1642E-02   -4.8760E-04   
2.3542E-03   -4.6848E-03   
7.8286E-03   -2.2153E-03   
6.9205E-03   -2.6503E-03   
8.2624E-03   -2.0052E-03   
2.3486E-03   -4.7052E-03   
2.3551E-03   -4.7254E-03   
7.3755E-03   -2.4331E-03   
2.3728E-03   -4.7464E-03   
2.3999E-03   -4.7694E-03   
2.4350E-03   -4.7951E-03   
1.1762E-02   -3.7344E-04   
2.4825E-03   -4.8224E-03   
2.3214E-03   -5.0396E-03   
2.5509E-03   -4.8491E-03   
1.1423E-02   -5.1308E-04   
1.2741E-02   -4.8121E-04   
1.1455E-02   -4.7431E-04   
2.5926E-03   -5.2417E-03   
2.6456E-03   -5.4051E-03   
1.1994E-02   -3.8050E-04   
2.4388E-03   -5.1306E-03   
1.2538E-02   -4.4722E-04   
3.3442E-03   -5.4845E-03   
3.3757E-03   -6.0227E-03   
2.8075E-03   -5.4777E-03   
3.1976E-03   -5.9218E-03   
1.1984E-02   -4.9539E-04   
1.4758E-02   -5.2682E-04   
3.7643E-03   -6.2586E-03   
1.5221E-02   -5.7599E-04   
3.0342E-03   -6.6160E-03   
1.5707E-02   -7.4475E-04   
3.4082E-03   -7.4143E-03   
1.6824E-02   -6.4400E-04   
1.7637E-02   -4.3452E-04   
3.7940E-03   -7.1205E-03   
1.4287E-02   -5.3743E-04   
1.1303E-02   -5.9908E-04   
2.8421E-03   -4.4837E-03   
3.4245E-03   -4.2518E-03   
3.7868E-03   -4.0953E-03   
6.2045E-03   -2.9344E-03   
4.1649E-03   -3.9246E-03   
1.0841E-02   -8.0337E-04   
1.0598E-02   -8.9195E-04   
4.5558E-03   -3.7417E-03   
2.6578E-03   -4.5568E-03   
1.0282E-02   -1.0188E-03   
8.8145E-03   -1.6668E-03   
4.9573E-03   -3.5488E-03   
5.7818E-03   -3.1439E-03   
9.9397E-03   -1.1625E-03   
5.3669E-03   -3.3487E-03   
9.2051E-03   -1.4865E-03   
9.5800E-03   -1.3185E-03   
2.6545E-03   -4.5650E-03   
6.6422E-03   -2.7183E-03   
7.9813E-03   -2.0640E-03   
8.4060E-03   -1.8599E-03   
2.6538E-03   -4.5769E-03   
7.5392E-03   -2.2787E-03   
2.6529E-03   -4.5944E-03   
2.6690E-03   -4.6111E-03   
7.0899E-03   -2.4984E-03   
1.1498E-02   -5.2021E-04   
2.7839E-03   -4.6736E-03   
2.6974E-03   -4.6292E-03   
1.1491E-02   -4.5737E-04   
2.7357E-03   -4.6499E-03   
1.1990E-02   -3.0827E-04   
2.6529E-03   -4.9972E-03   
2.6425E-03   -4.8754E-03   
2.8039E-03   -5.0318E-03   
2.8510E-03   -4.6965E-03   
1.1186E-02   -5.7983E-04   
1.2169E-02   -5.2548E-04   
1.1814E-02   -4.7619E-04   
2.8523E-03   -5.0974E-03   
3.2784E-03   -5.3883E-03   
3.6987E-03   -5.7942E-03   
1.5225E-02   -7.1518E-04   
1.2368E-02   -5.6221E-04   
3.1428E-03   -5.3037E-03   
1.3892E-02   -6.1201E-04   
3.8791E-03   -6.0426E-03   
1.4249E-02   -6.7300E-04   
3.6535E-03   -6.4998E-03   
2.7193E-03   -5.2857E-03   
1.6234E-02   -7.7091E-04   
1.2993E-02   -5.0953E-04   
1.8196E-02   -3.4753E-04   
4.1545E-03   -6.8281E-03   
2.9179E-03   -4.4569E-03   
1.1054E-02   -7.0561E-04   
3.5749E-03   -4.1769E-03   
3.9385E-03   -4.0106E-03   
4.3174E-03   -3.8310E-03   
5.9482E-03   -3.0166E-03   
1.0812E-02   -7.6381E-04   
3.1304E-03   -4.3719E-03   
1.0452E-02   -9.0059E-04   
6.3787E-03   -2.7987E-03   
4.7119E-03   -3.6384E-03   
1.0099E-02   -1.0438E-03   
5.1183E-03   -3.4360E-03   
5.5309E-03   -3.2281E-03   
8.9714E-03   -1.5347E-03   
9.7386E-03   -1.1946E-03   
9.3624E-03   -1.3578E-03   
2.9961E-03   -4.4288E-03   
7.7115E-03   -2.1346E-03   
8.5651E-03   -1.7241E-03   
8.1447E-03   -1.9243E-03   
1.1856E-02   -3.7171E-04   
2.9558E-03   -4.4566E-03   
6.8203E-03   -2.5763E-03   
2.9685E-03   -4.4685E-03   
7.2669E-03   -2.3535E-03   
1.1211E-02   -5.5449E-04   
3.0862E-03   -4.5155E-03   
2.9970E-03   -4.4809E-03   
3.1503E-03   -4.5358E-03   
3.0366E-03   -4.4963E-03   
3.3093E-03   -4.8962E-03   
1.1125E-02   -6.3366E-04   
1.1531E-02   -4.5674E-04   
2.9382E-03   -4.7184E-03   
1.2342E-02   -2.1511E-04   
3.4873E-03   -5.0966E-03   
1.1668E-02   -4.6675E-04   
1.2868E-02   -6.3390E-04   
1.2596E-02   -5.9863E-04   
1.1965E-02   -6.5266E-04   
1.1776E-02   -6.1693E-04   
1.3688E-02   -7.5183E-04   
1.1604E-02   -5.8978E-04   
3.0136E-03   -5.2437E-03   
3.8388E-03   -5.2880E-03   
2.7361E-03   -4.8988E-03   
3.0927E-03   -4.8660E-03   
3.9832E-03   -5.5649E-03   
1.4381E-02   -7.9535E-04   
3.9786E-03   -5.8583E-03   
3.0818E-03   -5.1140E-03   
1.5713E-02   -8.9634E-04   
3.8413E-03   -6.6882E-03   
1.8896E-02   -1.8294E-04   
4.3737E-03   -6.0497E-03   
1.8157E-02   -4.7826E-04   
1.5220E-02   -8.6596E-04   
1.3594E-02   -5.6744E-04   
4.2894E-03   -6.2587E-03   
3.2325E-03   -4.3266E-03   
3.7449E-03   -4.0915E-03   
4.1061E-03   -3.9191E-03   
6.1295E-03   -2.8891E-03   
1.0636E-02   -7.8758E-04   
4.4856E-03   -3.7313E-03   
5.7092E-03   -3.1061E-03   
1.0265E-02   -9.3833E-04   
4.8874E-03   -3.5283E-03   
5.2967E-03   -3.3187E-03   
9.9133E-03   -1.0813E-03   
7.8928E-03   -2.0006E-03   
9.1410E-03   -1.4126E-03   
9.5380E-03   -1.2379E-03   
8.7337E-03   -1.5999E-03   
3.2346E-03   -4.3288E-03   
8.3188E-03   -1.7953E-03   
1.0941E-02   -6.8099E-04   
6.5641E-03   -2.6657E-03   
7.4526E-03   -2.2170E-03   
3.2714E-03   -4.3211E-03   
7.0073E-03   -2.4402E-03   
3.3018E-03   -4.3256E-03   
3.4540E-03   -4.3660E-03   
3.3907E-03   -4.3491E-03   
1.0930E-02   -6.6240E-04   
3.3402E-03   -4.3355E-03   
1.1237E-02   -5.4701E-04   
1.2143E-02   -3.1014E-04   
3.2228E-03   -4.5596E-03   
1.1454E-02   -5.7209E-04   
1.1543E-02   -7.5486E-04   
2.9804E-03   -4.8398E-03   
1.1537E-02   -4.7812E-04   
1.1368E-02   -7.2136E-04   
1.1732E-02   -7.9799E-04   
3.9335E-03   -5.0143E-03   
1.3186E-02   -6.6350E-04   
1.2420E-02   -7.3732E-04   
3.0725E-03   -4.7352E-03   
1.3135E-02   -8.1481E-04   
4.4068E-03   -5.6136E-03   
3.6376E-03   -5.5116E-03   
4.1726E-03   -5.0460E-03   
3.6317E-03   -4.9071E-03   
1.5202E-02   -1.0286E-03   
1.6224E-02   -9.2603E-04   
4.5478E-03   -5.7983E-03   
4.3281E-03   -6.4452E-03   
1.8630E-02   -3.9796E-04   
4.7787E-03   -6.0619E-03   
3.3907E-03   -4.2556E-03   
3.9363E-03   -3.9967E-03   
5.8980E-03   -2.9858E-03   
4.2688E-03   -3.8306E-03   
1.0389E-02   -8.6757E-04   
6.3218E-03   -2.7644E-03   
4.6675E-03   -3.6273E-03   
5.4852E-03   -3.2019E-03   
1.0093E-02   -9.8334E-04   
8.0818E-03   -1.8778E-03   
5.0747E-03   -3.4163E-03   
7.6481E-03   -2.0894E-03   
3.5935E-03   -4.1625E-03   
9.7426E-03   -1.1266E-03   
8.9043E-03   -1.4913E-03   
8.4986E-03   -1.6794E-03   
3.6248E-03   -4.1586E-03   
7.2039E-03   -2.3113E-03   
6.7593E-03   -2.5379E-03   
1.0940E-02   -6.4927E-04   
1.1335E-02   -5.6319E-04   
3.7609E-03   -4.1885E-03   
3.6515E-03   -4.1672E-03   
3.3343E-03   -4.7014E-03   
3.6983E-03   -4.1763E-03   
1.1268E-02   -5.5500E-04   
3.5252E-03   -4.3883E-03   
4.3989E-03   -4.8402E-03   
1.1107E-02   -8.7033E-04   
3.2815E-03   -4.5903E-03   
1.1282E-02   -9.1155E-04   
1.1209E-02   -6.9727E-04   
1.1946E-02   -8.4918E-04   
4.0138E-03   -4.8712E-03   
5.3888E-03   -5.9255E-03   
4.5093E-03   -5.0691E-03   
1.3412E-02   -9.1255E-04   
1.2728E-02   -7.7844E-04   
1.6216E-02   -1.0840E-03   
3.8033E-03   -4.7420E-03   
4.8604E-03   -6.2057E-03   
1.4713E-02   -9.9462E-04   
1.6745E-02   -8.0641E-04   
4.9705E-03   -5.5385E-03   
4.3378E-03   -5.2955E-03   
4.5662E-03   -5.3912E-03   
1.5171E-02   -1.2050E-03   
1.0641E-02   -7.6264E-04   
6.0952E-03   -2.8698E-03   
5.6818E-03   -3.0882E-03   
4.0101E-03   -3.9611E-03   
9.6254E-03   -1.1640E-03   
1.0988E-02   -6.6717E-04   
4.4516E-03   -3.7358E-03   
7.8533E-03   -1.9718E-03   
1.0301E-02   -8.8863E-04   
8.2783E-03   -1.7672E-03   
9.9340E-03   -1.0358E-03   
4.8603E-03   -3.5222E-03   
7.4116E-03   -2.1903E-03   
6.5235E-03   -2.6451E-03   
6.9650E-03   -2.4167E-03   
3.9762E-03   -3.9915E-03   
9.0331E-03   -1.4205E-03   
8.6830E-03   -1.5783E-03   
4.0695E-03   -4.0062E-03   
4.0098E-03   -3.9995E-03   
3.5811E-03   -4.4282E-03   
3.8345E-03   -4.2061E-03   
1.0955E-02   -6.5225E-04   
4.1877E-03   -4.5459E-03   
1.1071E-02   -6.8204E-04   
1.0827E-02   -1.0367E-03   
4.1347E-03   -4.6947E-03   
1.0944E-02   -8.4021E-04   
1.1467E-02   -9.6482E-04   
1.4209E-02   -9.5594E-04   
1.2211E-02   -9.0137E-04   
4.7549E-03   -4.8434E-03   
3.5773E-03   -4.5173E-03   
3.4644E-03   -4.7288E-03   
1.3932E-02   -8.4663E-04   
1.2894E-02   -1.0092E-03   
4.8637E-03   -5.0610E-03   
5.4738E-03   -6.1259E-03   
5.6418E-03   -5.6427E-03   
4.5472E-03   -4.6407E-03   
1.4755E-02   -8.3162E-04   
1.5702E-02   -1.2213E-03   
1.6728E-02   -9.5468E-04   
1.7217E-02   -7.1463E-04   
4.9795E-03   -5.1629E-03   
5.5337E-03   -5.3576E-03   
9.7592E-03   -1.1060E-03   
5.4701E-03   -3.2013E-03   
5.8749E-03   -2.9855E-03   
1.0638E-02   -7.7689E-04   
8.9042E-03   -1.4760E-03   
8.4922E-03   -1.6644E-03   
1.0061E-02   -9.8374E-04   
6.2961E-03   -2.7625E-03   
8.0698E-03   -1.8641E-03   
7.6319E-03   -2.0777E-03   
5.0720E-03   -3.4140E-03   
7.1832E-03   -2.3028E-03   
6.7349E-03   -2.5330E-03   
4.2779E-03   -3.8310E-03   
4.3214E-03   -3.8235E-03   
4.3761E-03   -3.8240E-03   
4.1456E-03   -4.0172E-03   
3.9037E-03   -4.2377E-03   
4.6495E-03   -3.6391E-03   
1.0635E-02   -7.6208E-04   
1.0508E-02   -9.7536E-04   
9.3414E-03   -1.2815E-03   
1.0659E-02   -1.0011E-03   
4.1549E-03   -4.4520E-03   
3.8115E-03   -4.5237E-03   
5.3718E-03   -4.9116E-03   
1.1000E-02   -1.0835E-03   
3.9546E-03   -4.2920E-03   
1.0627E-02   -8.2057E-04   
5.0301E-03   -4.5869E-03   
1.1661E-02   -1.0361E-03   
4.6867E-03   -4.4224E-03   
1.3192E-02   -1.0639E-03   
1.3814E-02   -1.1120E-03   
1.2547E-02   -9.5099E-04   
1.7724E-02   -7.1215E-04   
5.8541E-03   -5.0961E-03   
5.5936E-03   -5.0039E-03   
6.0918E-03   -5.6647E-03   
1.5191E-02   -1.3817E-03   
5.6413E-03   -6.3229E-03   
1.6186E-02   -1.2442E-03   
1.7255E-02   -8.3745E-04   
9.9824E-03   -1.0242E-03   
5.6526E-03   -3.1157E-03   
5.2598E-03   -3.3252E-03   
8.7272E-03   -1.5664E-03   
1.0317E-02   -8.8697E-04   
8.3025E-03   -1.7639E-03   
6.0703E-03   -2.8935E-03   
7.8679E-03   -1.9728E-03   
6.5092E-03   -2.6620E-03   
7.4176E-03   -2.1957E-03   
4.6743E-03   -3.6475E-03   
6.9607E-03   -2.4278E-03   
4.4554E-03   -3.8251E-03   
9.5865E-03   -1.1888E-03   
1.0201E-02   -1.1490E-03   
4.9346E-03   -3.4981E-03   
4.2972E-03   -4.0816E-03   
4.5481E-03   -3.8348E-03   
4.3731E-03   -4.2569E-03   
9.1559E-03   -1.3736E-03   
1.0371E-02   -1.1741E-03   
1.3263E-02   -1.2063E-03   
1.0279E-02   -9.2411E-04   
1.0540E-02   -1.2115E-03   
4.6239E-03   -4.2837E-03   
1.1158E-02   -1.1487E-03   
1.1954E-02   -1.0985E-03   
1.0363E-02   -9.6453E-04   
6.2299E-03   -4.8230E-03   
5.0943E-03   -4.3914E-03   
5.6613E-03   -4.3912E-03   
1.3640E-02   -1.0131E-03   
1.7904E-02   -8.6763E-04   
5.9877E-03   -4.7200E-03   
1.2342E-02   -1.1471E-03   
1.3701E-02   -1.2725E-03   
1.4676E-02   -1.5860E-03   
6.2233E-03   -5.1634E-03   
6.3413E-03   -5.3678E-03   
1.4500E-02   -1.3925E-03   
1.8109E-02   -5.9567E-04   
1.6730E-02   -1.1069E-03   
4.8864E-03   -6.6202E-03   
5.0879E-03   -4.8650E-03   
5.4151E-03   -3.2656E-03   
5.0275E-03   -3.4684E-03   
8.5532E-03   -1.6711E-03   
9.8655E-03   -1.0988E-03   
8.1198E-03   -1.8763E-03   
6.2791E-03   -2.8082E-03   
4.7534E-03   -3.6386E-03   
7.6686E-03   -2.0965E-03   
4.6404E-03   -3.8625E-03   
6.7378E-03   -2.5684E-03   
4.3524E-03   -4.1470E-03   
7.2036E-03   -2.3295E-03   
8.9830E-03   -1.4747E-03   
4.8615E-03   -3.6301E-03   
9.8877E-03   -1.3394E-03   
1.0220E-02   -9.7895E-04   
9.4078E-03   -1.2880E-03   
1.0055E-02   -1.1291E-03   
1.0129E-02   -1.3319E-03   
1.0718E-02   -1.2576E-03   
6.6655E-03   -4.5285E-03   
5.2827E-03   -4.1737E-03   
5.8788E-03   -4.4516E-03   
5.4651E-03   -4.3380E-03   
1.2614E-02   -1.3891E-03   
1.6650E-02   -1.2586E-03   
6.4937E-03   -5.7144E-03   
4.9019E-03   -4.0452E-03   
5.6749E-03   -4.6639E-03   
1.2166E-02   -1.3524E-03   
1.4150E-02   -1.2885E-03   
1.8316E-02   -6.8827E-04   
1.7388E-02   -1.1315E-03   
1.4863E-02   -1.7445E-03   
7.0803E-03   -5.1483E-03   
5.5133E-03   -6.6178E-03   
1.1728E-02   -1.3184E-03   
4.4267E-03   -6.5972E-03   
8.3865E-03   -1.7883E-03   
9.9476E-03   -1.1123E-03   
8.8186E-03   -1.5866E-03   
7.9393E-03   -2.0041E-03   
6.5106E-03   -2.7264E-03   
5.1524E-03   -3.4376E-03   
4.0100E-03   -4.3483E-03   
4.7134E-03   -3.9182E-03   
9.2458E-03   -1.3940E-03   
4.9919E-03   -3.6303E-03   
9.7204E-03   -1.3176E-03   
5.8345E-03   -3.0436E-03   
6.9894E-03   -2.4790E-03   
6.3779E-03   -4.3961E-03   
5.9486E-03   -4.1515E-03   
1.0220E-02   -1.3990E-03   
5.6245E-03   -4.1522E-03   
4.7693E-03   -3.9966E-03   
5.0881E-03   -4.0577E-03   
5.0312E-03   -4.1776E-03   
6.3117E-03   -4.1775E-03   
6.8490E-03   -4.6799E-03   
1.3081E-02   -1.4380E-03   
1.6081E-02   -1.4404E-03   
1.1982E-02   -1.5703E-03   
9.3073E-03   -1.5495E-03   
1.1115E-02   -1.5245E-03   
1.3639E-02   -1.4944E-03   
7.1904E-03   -5.4932E-03   
5.9150E-03   -5.8871E-03   
1.1554E-02   -1.5383E-03   
1.4660E-02   -1.1709E-03   
7.4590E-03   -5.2117E-03   
6.7718E-03   -5.0859E-03   
1.5528E-02   -1.6877E-03   
1.4178E-02   -1.8206E-03   
8.6638E-03   -1.7068E-03   
8.2416E-03   -1.9104E-03   
9.5693E-03   -1.3016E-03   
5.1021E-03   -3.6663E-03   
9.6056E-03   -1.2352E-03   
9.0904E-03   -1.5105E-03   
7.7774E-03   -2.1406E-03   
5.3130E-03   -3.4073E-03   
6.7729E-03   -2.6450E-03   
7.2720E-03   -2.3919E-03   
6.5071E-03   -3.9173E-03   
6.1630E-03   -3.9175E-03   
5.5848E-03   -3.2137E-03   
5.1531E-03   -3.8500E-03   
5.1457E-03   -3.7537E-03   
5.4138E-03   -3.8219E-03   
6.0409E-03   -2.9736E-03   
1.0494E-02   -1.4452E-03   
8.9744E-03   -1.7836E-03   
1.0957E-02   -1.7387E-03   
5.5005E-03   -3.9352E-03   
1.0592E-02   -1.5867E-03   
7.3513E-03   -4.8713E-03   
1.2410E-02   -1.6171E-03   
7.3737E-03   -4.3657E-03   
5.7955E-03   -5.4290E-03   
7.9002E-03   -5.2486E-03   
9.8080E-03   -1.6345E-03   
1.1360E-02   -1.7626E-03   
6.9774E-03   -4.0352E-03   
7.7598E-03   -4.9302E-03   
6.8619E-03   -5.7933E-03   
1.4403E-02   -1.9736E-03   
1.6255E-02   -1.6335E-03   
8.5455E-03   -1.8138E-03   
8.9391E-03   -1.6356E-03   
6.2863E-03   -2.8986E-03   
5.5390E-03   -3.6289E-03   
7.0648E-03   -2.5666E-03   
6.0700E-03   -3.6847E-03   
5.5409E-03   -3.3728E-03   
9.1717E-03   -1.8303E-03   
5.7987E-03   -3.1563E-03   
5.6293E-03   -3.4539E-03   
1.0896E-02   -1.2859E-03   
7.6006E-03   -2.3046E-03   
9.3231E-03   -1.4589E-03   
6.3862E-03   -3.6740E-03   
1.0758E-02   -1.9659E-03   
6.7264E-03   -3.6690E-03   
1.0618E-02   -1.7280E-03   
5.2453E-03   -5.6052E-03   
8.4852E-03   -5.2469E-03   
1.1763E-02   -1.8036E-03   
6.1394E-03   -5.9937E-03   
7.7701E-03   -3.8140E-03   
7.5682E-03   -4.5622E-03   
9.9793E-03   -1.7311E-03   
1.2850E-02   -1.6789E-03   
7.2696E-03   -5.8835E-03   
7.9101E-03   -4.0286E-03   
8.0789E-03   -4.6263E-03   
7.6610E-03   -5.5464E-03   
1.3688E-02   -2.0719E-03   
6.8527E-03   -3.9064E-03   
1.7026E-02   -1.5600E-03   
6.5653E-03   -2.8207E-03   
6.6196E-03   -3.4192E-03   
8.1859E-03   -2.0181E-03   
6.0805E-03   -3.0760E-03   
8.5594E-03   -2.0393E-03   
7.0786E-03   -3.6758E-03   
5.8352E-03   -3.6854E-03   
1.1525E-02   -2.0497E-03   
7.3673E-03   -2.5024E-03   
6.9530E-03   -3.4123E-03   
5.9537E-03   -3.2158E-03   
9.3456E-03   -1.9134E-03   
1.1137E-02   -2.0024E-03   
8.7380E-03   -1.7896E-03   
5.9108E-03   -3.5348E-03   
1.0115E-02   -1.8506E-03   
6.4022E-03   -4.9291E-03   
7.4058E-03   -3.7221E-03   
8.0911E-03   -4.2006E-03   
8.4010E-03   -4.3114E-03   
8.5646E-03   -4.7125E-03   
9.2569E-03   -4.9224E-03   
1.3940E-02   -2.2557E-03   
6.8012E-03   -6.2132E-03   
1.2574E-02   -1.9286E-03   
1.7552E-02   -1.3303E-03   
6.8532E-03   -2.7542E-03   
6.3727E-03   -2.9978E-03   
7.9734E-03   -2.2302E-03   
7.1842E-03   -3.1534E-03   
8.7149E-03   -2.1169E-03   
1.0311E-02   -1.9659E-03   
9.5139E-03   -2.0133E-03   
7.3149E-03   -3.4096E-03   
1.0909E-02   -2.2526E-03   
1.0532E-02   -2.2084E-03   
1.3013E-02   -2.1460E-03   
1.1926E-02   -2.1123E-03   
9.1308E-03   -4.0669E-03   
8.6080E-03   -3.8850E-03   
6.2808E-03   -3.4526E-03   
1.3240E-02   -1.7724E-03   
1.5023E-02   -1.8774E-03   
1.3210E-02   -2.5913E-03   
9.2914E-03   -4.6681E-03   
9.2792E-03   -5.1827E-03   
9.3906E-03   -4.4030E-03   
8.0937E-03   -3.4709E-03   
7.6233E-03   -6.0162E-03   
1.7757E-02   -1.4896E-03   
6.6396E-03   -2.9519E-03   
8.4850E-03   -1.9686E-03   
6.3955E-03   -3.2609E-03   
7.6007E-03   -2.4826E-03   
1.0230E-02   -2.5123E-03   
8.0545E-03   -2.3503E-03   
7.1348E-03   -2.7103E-03   
8.8833E-03   -2.2125E-03   
7.5400E-03   -3.1400E-03   
9.7886E-03   -2.2536E-03   
7.9469E-03   -3.1318E-03   
9.9250E-03   -2.3910E-03   
1.3501E-02   -1.9066E-03   
1.1301E-02   -2.2993E-03   
1.2364E-02   -2.1929E-03   
1.5552E-02   -1.9099E-03   
8.4686E-03   -3.7068E-03   
1.2939E-02   -1.9872E-03   
8.4328E-03   -3.5248E-03   
1.2487E-02   -2.3925E-03   
6.8722E-03   -3.1384E-03   
8.4532E-03   -3.1227E-03   
9.6240E-03   -4.1107E-03   
1.2522E-02   -2.6074E-03   
1.3956E-02   -2.4639E-03   
8.7158E-03   -4.0435E-03   
9.9221E-03   -4.4012E-03   
9.8497E-03   -4.8682E-03   
7.0842E-03   -6.3242E-03   
6.8956E-03   -2.9492E-03   
8.1568E-03   -2.8528E-03   
7.4746E-03   -2.6453E-03   
8.2746E-03   -2.4132E-03   
8.9800E-03   -3.4114E-03   
7.7462E-03   -2.8850E-03   
9.5087E-03   -2.6857E-03   
1.0771E-02   -2.4672E-03   
1.0529E-02   -4.6906E-03   
1.1928E-02   -2.6380E-03   
6.1672E-03   -3.1856E-03   
8.8654E-03   -3.2161E-03   
1.1668E-02   -2.3686E-03   
9.0919E-03   -2.2996E-03   
9.2634E-03   -2.5589E-03   
9.8981E-03   -3.8087E-03   
6.9020E-03   -6.5806E-03   
1.0150E-02   -4.1446E-03   
1.2479E-02   -2.8153E-03   
1.4444E-02   -2.2874E-03   
9.6875E-03   -2.1186E-03   
6.0053E-03   -3.3661E-03   
7.3994E-03   -2.9348E-03   
8.5898E-03   -2.8430E-03   
7.8270E-03   -2.6941E-03   
1.1037E-02   -2.5575E-03   
8.7964E-03   -2.5753E-03   
9.0809E-03   -2.9478E-03   
7.7981E-03   -2.5820E-03   
1.1988E-02   -3.0814E-03   
7.3723E-03   -2.8219E-03   
1.5056E-02   -2.1942E-03   
1.1891E-02   -2.8726E-03   
9.3639E-03   -3.7518E-03   
8.9760E-03   -2.8309E-03   
1.1000E-02   -4.3771E-03   
6.1229E-03   -6.8669E-03   
9.3234E-03   -2.3586E-03   
9.8324E-03   -3.4029E-03   
1.0386E-02   -2.7167E-03   
1.0679E-02   -2.8740E-03   
1.0247E-02   -3.4826E-03   
1.2204E-02   -3.2678E-03   
9.4033E-03   -3.1633E-03   
1.0721E-02   -4.1933E-03   
1.1249E-02   -4.5159E-03   
1.0549E-02   -3.1676E-03   
9.5729E-03   -3.2857E-03   
1.1914E-02   -4.4937E-03   
1.0680E-02   -3.5708E-03   
1.1974E-02   -2.4426E-03   
1.3038E-02   -3.1073E-03   
1.1431E-02   -3.3973E-03   
9.9638E-03   -3.0121E-03   
1.1269E-02   -2.8961E-03   
1.0370E-02   -3.8646E-03   
1.1577E-02   -3.5944E-03   
1.3680E-02   -2.7409E-03   
1.2621E-02   -4.1397E-03   
1.0988E-02   -3.6627E-03   
1.0119E-02   -3.1478E-03   
1.1547E-02   -3.8511E-03   
1.2202E-02   -3.8410E-03   
1.3045E-02   -3.5535E-03   
1.3349E-02   -3.2509E-03   
1.2811E-02   -3.8652E-03   
6.2868E-04   -8.1614E-03   
1.1477E-02   -4.0892E-03   
1.0820E-02   -4.8466E-03   
1.8864E-02   -6.8194E-04   
1.4184E-03   -6.8475E-03   
2.0580E-02   -1.0169E-04   
1.8496E-02   -1.4166E-03   
1.1422E-03   -8.2552E-03   
5.4665E-03   -6.8834E-03   
1.2891E-02   -4.2950E-03   
1.9182E-02   -3.6317E-04   
1.7456E-03   -8.1837E-03   
6.1398E-03   -6.3651E-03   
2.4790E-03   -8.0813E-03   
3.2281E-03   -7.9696E-03   
3.9758E-03   -7.8356E-03   
4.7473E-03   -7.6823E-03   
2.1239E-02   -9.3043E-05   
5.5351E-03   -7.5136E-03   
6.3616E-03   -7.3194E-03   
1.8017E-02   -1.1555E-03   
7.2136E-03   -7.1185E-03   
2.1917E-02   -8.9676E-05   
8.0789E-03   -6.9077E-03   
8.9691E-03   -6.6884E-03   
1.3794E-02   -2.9745E-03   
9.9740E-03   -6.4263E-03   
2.2631E-02   -8.3162E-05   
1.5703E-02   -1.3628E-03   
1.0777E-02   -6.3037E-03   
8.0518E-03   -5.0156E-03   
4.1580E-03   -7.2735E-03   
1.8147E-02   -1.0072E-03   
1.1712E-02   -6.0006E-03   
1.2762E-02   -5.7857E-03   
2.3367E-02   -7.3625E-05   
1.3741E-02   -5.5656E-03   
8.5199E-03   -5.8149E-03   
1.4828E-02   -5.2985E-03   
1.5675E-02   -5.1746E-03   
2.4130E-02   -6.3959E-05   
1.6657E-02   -4.8644E-03   
1.7766E-02   -4.6023E-03   
1.8357E-03   -7.7762E-03   
1.8805E-02   -4.3209E-03   
2.5010E-02   -5.7816E-05   
1.9447E-02   -2.2652E-04   
9.1038E-03   -5.4755E-03   
1.9930E-02   -3.9661E-03   
2.1005E-02   -3.6471E-03   
1.7255E-02   -1.6931E-03   
2.5988E-02   -3.1352E-05   
1.5737E-02   -2.0854E-03   
1.4491E-02   -2.4562E-03   
2.3119E-02   -2.8580E-03   
2.7040E-02   -4.5356E-04   
2.7234E-02   -4.5206E-04   
2.7128E-02   -1.2871E-04   
2.7210E-02   -5.3775E-05   
2.7066E-02   -2.8817E-04   
7.4265E-03   -6.6236E-03   
2.5484E-02   -1.6543E-03   
2.1266E-03   -7.9277E-03   
1.6270E-02   -2.1234E-03   
1.5323E-02   -2.3754E-03   
3.7403E-03   -7.5286E-03   
1.4357E-02   -2.9635E-03   
4.8298E-03   -7.1472E-03   
1.9373E-02   -5.7405E-04   
1.3542E-02   -3.5997E-03   
1.9006E-02   -1.1937E-03   
5.3612E-03   -7.1602E-03   
9.5401E-03   -5.5799E-03   
3.6793E-03   -7.7157E-03   
1.0547E-02   -5.1965E-03   
5.2318E-03   -7.4011E-03   
1.7085E-02   -1.8996E-03   
1.8498E-02   -4.1536E-03   
1.3457E-02   -5.3945E-03   
6.9195E-03   -6.9723E-03   
8.7689E-03   -5.9755E-03   
8.6635E-03   -6.5427E-03   
8.4566E-03   -6.3280E-03   
2.2249E-02   -1.7478E-04   
1.3825E-02   -4.1068E-03   
1.9761E-02   -3.2480E-04   
1.8725E-02   -1.5475E-03   
2.0938E-02   -1.8109E-04   
2.4901E-02   -1.2479E-04   
1.2283E-02   -4.6369E-03   
1.5168E-02   -4.9710E-03   
1.8447E-02   -7.6906E-04   
1.8707E-02   -1.0457E-03   
1.3857E-02   -3.1150E-03   
1.0076E-02   -4.9577E-03   
2.6578E-02   -1.2546E-05   
2.2103E-02   -3.2549E-03   
1.0248E-02   -6.1161E-03   
2.0179E-02   -3.6442E-03   
2.7266E-02   -3.0643E-04   
2.7389E-02   -2.8192E-05   
2.7349E-02   -7.9080E-05   
2.7296E-02   -1.8517E-04   
1.6769E-02   -4.5500E-03   
1.1783E-02   -5.6746E-03   
2.3701E-02   -1.3808E-04   
2.4068E-02   -2.0776E-03   
2.6102E-02   -9.1435E-05   
2.5361E-02   -1.5111E-03   
2.5931E-02   -6.6347E-04   
2.6223E-02   -1.2768E-04   
2.6092E-02   -2.8561E-04   
2.5769E-02   -1.0326E-03   
1.6941E-02   -2.1480E-03   
1.3247E-02   -5.2125E-03   
1.9580E-02   -4.4558E-04   
2.0251E-02   -3.7343E-04   
2.1850E-02   -2.7851E-04   
2.3737E-03   -7.7204E-03   
1.1995E-02   -4.9791E-03   
1.5170E-02   -2.6970E-03   
9.2176E-03   -6.2254E-03   
1.9497E-02   -7.0509E-04   
2.3287E-02   -2.2750E-04   
2.1748E-02   -3.1655E-03   
6.6819E-03   -6.8428E-03   
1.2529E-02   -5.3644E-03   
9.9678E-03   -6.0082E-03   
1.4952E-02   -4.8228E-03   
1.1114E-02   -5.1890E-03   
1.7754E-02   -4.1744E-03   
1.4394E-02   -3.4374E-03   
1.0928E-02   -5.7517E-03   
1.8488E-02   -1.7823E-03   
1.9250E-02   -1.3393E-03   
1.5941E-02   -4.6049E-03   
1.4520E-02   -3.7124E-03   
2.4115E-02   -1.9349E-04   
1.4111E-02   -4.3105E-03   
2.2567E-02   -2.5222E-04   
1.0379E-02   -5.4971E-03   
1.9270E-02   -8.7619E-04   
1.4087E-02   -5.0222E-03   
1.4941E-02   -3.0443E-03   
2.1018E-02   -2.9882E-04   
1.9494E-02   -9.8958E-04   
2.4862E-02   -1.0110E-03   
2.5274E-02   -2.1958E-04   
2.5121E-02   -4.6049E-04   
2.5421E-02   -1.2765E-04   
1.7649E-02   -1.9237E-03   
2.2712E-02   -2.6224E-03   
2.4281E-02   -1.7222E-03   
2.6044E-02   -2.3677E-04   
2.5824E-02   -8.8445E-04   
2.5850E-02   -4.5894E-04   
2.5744E-02   -5.5471E-04   
1.3831E-02   -4.8535E-03   
1.0392E-02   -5.7122E-03   
2.3554E-02   -2.9343E-04   
2.0960E-02   -3.3287E-03   
1.2022E-02   -5.3050E-03   
1.4744E-02   -3.9318E-03   
1.3534E-02   -4.6938E-03   
2.0040E-02   -1.2505E-03   
2.0729E-02   -4.3228E-04   
1.7004E-02   -4.2174E-03   
2.2203E-02   -3.4656E-04   
2.5032E-02   -6.1924E-04   
2.5351E-02   -3.1807E-04   
2.0251E-02   -9.1375E-04   
1.6805E-02   -2.4166E-03   
2.0207E-02   -6.5858E-04   
1.5900E-02   -2.7128E-03   
2.4811E-02   -8.1436E-04   
2.3032E-02   -2.1671E-03   
1.9164E-02   -1.7577E-03   
1.8767E-02   -3.7871E-03   
1.5219E-02   -3.3644E-03   
1.2727E-02   -4.9168E-03   
1.5557E-02   -4.4583E-03   
1.8649E-02   -1.9461E-03   
2.4847E-02   -1.9580E-04   
2.2523E-02   -2.5068E-03   
2.4422E-02   -1.3644E-03   
1.7188E-02   -3.8662E-03   
1.6149E-02   -3.2289E-03   
1.8520E-02   -2.1725E-03   
1.9935E-02   -1.6348E-03   
1.6165E-02   -4.0924E-03   
1.4407E-02   -4.4890E-03   
2.3809E-02   -3.4947E-04   
2.1987E-02   -2.5563E-03   
2.2267E-02   -4.5786E-04   
2.3111E-02   -4.0180E-04   
1.5282E-02   -4.2928E-03   
2.0726E-02   -7.1728E-04   
2.0785E-02   -5.5276E-04   
2.0541E-02   -1.0337E-03   
1.5084E-02   -3.2159E-03   
1.5586E-02   -3.7738E-03   
2.0355E-02   -1.3703E-03   
1.9015E-02   -3.4678E-03   
1.7530E-02   -2.4246E-03   
1.6660E-02   -2.6963E-03   
1.6072E-02   -3.4896E-03   
1.9339E-02   -2.0427E-03   
1.9856E-02   -1.8369E-03   
1.9520E-02   -3.7119E-03   
2.0838E-02   -1.1444E-03   
1.5867E-02   -3.9349E-03   
2.4496E-02   -2.9124E-04   
2.1453E-02   -5.7398E-04   
2.1009E-02   -8.4572E-04   
2.0887E-02   -2.9551E-03   
2.2020E-02   -6.1112E-04   
1.6614E-02   -2.9196E-03   
1.8079E-02   -2.4555E-03   
2.0035E-02   -1.9828E-03   
1.6396E-02   -3.5976E-03   
2.1814E-02   -7.6485E-04   
2.2479E-02   -2.1859E-03   
2.0701E-02   -1.4422E-03   
2.1627E-02   -1.0322E-03   
2.0494E-02   -3.3299E-03   
2.3456E-02   -4.5646E-04   
1.7141E-02   -2.9614E-03   
1.8039E-02   -2.6701E-03   
2.4802E-02   -3.3552E-04   
2.1389E-02   -1.3407E-03   
2.3906E-02   -4.9314E-04   
1.7267E-02   -3.3810E-03   
2.1969E-02   -8.7215E-04   
2.3055E-02   -5.8620E-04   
2.1920E-02   -1.1136E-03   
1.8820E-02   -2.6163E-03   
2.2430E-02   -6.4426E-04   
1.9735E-02   -2.2949E-03   
2.1068E-02   -1.7476E-03   
2.2560E-02   -8.8120E-04   
2.1417E-02   -1.8732E-03   
1.7571E-02   -3.5119E-03   
2.0462E-02   -2.2448E-03   
1.7862E-02   -2.9904E-03   
1.9542E-02   -2.5792E-03   
2.3249E-02   -6.6658E-04   
2.4697E-02   -4.4896E-04   
2.2007E-02   -1.8571E-03   
2.1221E-02   -2.1586E-03   
2.3476E-02   -7.3977E-04   
1.8184E-02   -3.1774E-03   
1.9207E-02   -2.9185E-03   
2.3078E-02   -8.9105E-04   
2.2880E-02   -1.6497E-03   
2.1151E-02   -2.4071E-03   
2.4272E-02   -6.0833E-04   
2.3048E-02   -1.0083E-03   
2.2830E-02   -1.8700E-03   
2.4632E-02   -6.3470E-04   
2.1975E-02   -2.2094E-03   
2.2213E-02   -1.1910E-03   
2.1683E-02   -1.4425E-03   
2.2073E-02   -1.5217E-03   
2.3048E-02   -1.2770E-03   
