51 
1844 
3.1105E-03   -3.4451E-03   
5.9164E-03   -2.9157E-03   
8.1398E-03   -2.1045E-03   
9.5671E-03   -1.0990E-03   
9.6452E-37   -3.6111E-03   
1.0049E-02   -4.9759E-37   
1.0274E-02   -4.1517E-35   
1.0642E-02   -4.1883E-37   
1.1449E-02   1.7279E-35   
1.2181E-02   2.5405E-35   
1.3110E-02   5.3893E-35   
1.4245E-02   7.4305E-35   
1.5118E-02   8.9955E-35   
1.6603E-02   1.3679E-34   
1.7709E-02   1.6589E-34   
1.8906E-02   1.4548E-34   
1.9537E-02   2.2524E-34   
2.0862E-02   3.3364E-34   
2.2267E-02   4.8553E-34   
2.3000E-02   -2.5822E-30   
2.3000E-02   -2.9719E-34   
2.3000E-02   -2.9719E-34   
2.3000E-02   -2.9719E-34   
2.3000E-02   -2.9719E-34   
2.3000E-02   -2.9719E-34   
2.3000E-02   -2.9719E-34   
2.3000E-02   -2.9719E-34   
2.3000E-02   -2.9719E-34   
2.3000E-02   -2.9719E-34   
2.3000E-02   -2.9719E-34   
2.3000E-02   -2.9719E-34   
2.3000E-02   -2.9719E-34   
2.1609E-02   -9.9539E-04   
1.9341E-02   -2.2720E-03   
1.8385E-02   -2.7112E-03   
1.7472E-02   -3.0736E-03   
1.5714E-02   -3.6571E-03   
1.4858E-02   -3.9013E-03   
1.3173E-02   -4.3314E-03   
1.2346E-02   -4.5281E-03   
1.0717E-02   -4.9026E-03   
9.1338E-03   -5.2650E-03   
8.3625E-03   -5.4452E-03   
6.8681E-03   -5.7987E-03   
5.4486E-03   -6.1358E-03   
4.7692E-03   -6.2927E-03   
3.4724E-03   -6.5721E-03   
2.2536E-03   -6.7861E-03   
1.1016E-03   -6.9189E-03   
1.3390E-36   -6.9588E-03   
4.8751E-34   -6.5929E-03   
5.1282E-34   -6.2436E-03   
4.8317E-34   -5.7800E-03   
4.5805E-34   -5.5137E-03   
4.0329E-34   -5.0798E-03   
3.6790E-34   -4.8326E-03   
3.3138E-34   -4.5918E-03   
3.0114E-34   -4.3977E-03   
2.9460E-34   -4.2281E-03   
2.3571E-03   -3.6766E-03   
2.2099E-02   -8.8019E-05   
2.1155E-02   -1.8402E-04   
1.9789E-02   -3.1818E-04   
1.8669E-02   -4.3281E-04   
1.7585E-02   -5.7556E-04   
1.6363E-02   -6.6070E-04   
1.5362E-02   -6.9558E-04   
1.4126E-02   -8.0267E-04   
1.2900E-02   -8.6881E-04   
1.1679E-02   -9.2690E-04   
1.0469E-02   -9.7874E-04   
9.2078E-03   -1.0617E-03   
7.9111E-03   -1.2719E-03   
6.1388E-03   -1.8355E-03   
4.3325E-03   -2.7145E-03   
6.4311E-03   -2.1389E-03   
7.6675E-03   -1.0644E-03   
8.8665E-03   -6.7438E-04   
1.0001E-02   -5.7077E-04   
1.1091E-02   -5.5663E-04   
1.2127E-02   -5.6180E-04   
1.3311E-02   -5.1542E-04   
1.4412E-02   -4.7803E-04   
1.5437E-02   -4.2977E-04   
1.6496E-02   -4.3268E-04   
1.7647E-02   -3.4278E-04   
1.8755E-02   -2.7034E-04   
1.9839E-02   -2.1764E-04   
2.0987E-02   -1.2646E-04   
2.1983E-02   -5.3328E-05   
9.4111E-03   -4.7614E-04   
9.9895E-03   -2.2516E-04   
1.0649E-02   -2.1155E-04   
1.1562E-02   -2.1717E-04   
1.2437E-02   -2.2112E-04   
1.3514E-02   -2.3293E-04   
1.4477E-02   -2.3914E-04   
1.5433E-02   -2.3387E-04   
1.6665E-02   -1.8801E-04   
1.7694E-02   -1.5200E-04   
1.8860E-02   -1.3052E-04   
2.0005E-02   -9.4196E-05   
2.1124E-02   -6.1806E-05   
2.2151E-02   -2.0173E-05   
2.1930E-02   -1.3672E-04   
2.0908E-02   -2.8844E-04   
1.9656E-02   -4.8406E-04   
1.8500E-02   -6.0506E-04   
1.7500E-02   -7.7781E-04   
1.6244E-02   -9.1682E-04   
1.5005E-02   -1.0424E-03   
1.3831E-02   -1.1401E-03   
1.2609E-02   -1.2591E-03   
1.1465E-02   -1.3630E-03   
9.9966E-03   -1.5260E-03   
8.4285E-03   -1.7670E-03   
6.8891E-03   -2.0989E-03   
5.2767E-03   -2.5777E-03   
3.4737E-03   -3.3175E-03   
1.7277E-03   -4.0259E-03   
2.1865E-02   -2.0279E-04   
2.0997E-02   -3.6847E-04   
1.9509E-02   -6.5644E-04   
1.8533E-02   -8.3703E-04   
1.7368E-02   -1.0176E-03   
1.5967E-02   -1.2504E-03   
1.4728E-02   -1.3779E-03   
1.3525E-02   -1.5125E-03   
1.2111E-02   -1.7084E-03   
1.0787E-02   -1.9244E-03   
9.3837E-03   -2.1589E-03   
7.9098E-03   -2.3758E-03   
6.3258E-03   -2.8137E-03   
4.7832E-03   -3.2297E-03   
3.1088E-03   -3.8208E-03   
1.4815E-03   -4.3354E-03   
2.2182E-02   -1.7729E-04   
2.0609E-02   -5.5394E-04   
1.9712E-02   -7.4980E-04   
1.8619E-02   -1.0089E-03   
1.6988E-02   -1.3390E-03   
1.5826E-02   -1.5591E-03   
1.4619E-02   -1.7393E-03   
1.3191E-02   -1.9787E-03   
1.1890E-02   -2.2130E-03   
1.0486E-02   -2.4092E-03   
9.1622E-03   -2.6366E-03   
7.5038E-03   -2.9379E-03   
5.8961E-03   -3.4450E-03   
4.3957E-03   -3.8082E-03   
2.9870E-03   -4.2661E-03   
1.4687E-03   -4.6302E-03   
2.1679E-02   -3.6267E-04   
2.0756E-02   -6.3845E-04   
1.9639E-02   -9.6823E-04   
1.8514E-02   -1.2860E-03   
1.6882E-02   -1.6666E-03   
1.5571E-02   -1.9044E-03   
1.4239E-02   -2.2095E-03   
1.2963E-02   -2.4842E-03   
1.1440E-02   -2.6914E-03   
1.0202E-02   -2.8730E-03   
8.9418E-03   -3.1948E-03   
7.2701E-03   -3.5910E-03   
5.6383E-03   -4.0082E-03   
4.2115E-03   -4.3643E-03   
2.6937E-03   -4.7300E-03   
1.4068E-03   -4.9640E-03   
2.1958E-02   -3.8381E-04   
2.0703E-02   -8.4610E-04   
1.9676E-02   -1.1613E-03   
1.8067E-02   -1.6672E-03   
1.6651E-02   -2.0900E-03   
1.5386E-02   -2.3459E-03   
1.3818E-02   -2.6884E-03   
1.2642E-02   -2.9383E-03   
1.1116E-02   -3.1817E-03   
9.7853E-03   -3.4395E-03   
8.2785E-03   -3.7715E-03   
7.0493E-03   -4.0825E-03   
5.5696E-03   -4.4639E-03   
4.1028E-03   -4.8076E-03   
2.6800E-03   -5.1215E-03   
1.2599E-03   -5.3469E-03   
2.1781E-02   -5.1750E-04   
2.0405E-02   -1.0775E-03   
1.9445E-02   -1.4227E-03   
1.7578E-02   -2.0972E-03   
1.6447E-02   -2.4293E-03   
1.5162E-02   -2.7907E-03   
1.3753E-02   -3.0677E-03   
1.2330E-02   -3.3822E-03   
1.0751E-02   -3.7378E-03   
9.4318E-03   -4.0088E-03   
8.1374E-03   -4.2744E-03   
6.7894E-03   -4.6004E-03   
5.3069E-03   -5.0140E-03   
4.0450E-03   -5.2524E-03   
2.6165E-03   -5.5482E-03   
1.2987E-03   -5.7202E-03   
2.1885E-02   -6.1531E-04   
2.0708E-02   -1.1870E-03   
1.9128E-02   -1.8355E-03   
1.7746E-02   -2.4119E-03   
1.6250E-02   -2.7692E-03   
1.4805E-02   -3.1438E-03   
1.3430E-02   -3.4987E-03   
1.2053E-02   -3.8290E-03   
1.0677E-02   -4.1517E-03   
9.1629E-03   -4.4356E-03   
7.8247E-03   -4.8506E-03   
6.4210E-03   -5.1291E-03   
5.1588E-03   -5.3869E-03   
3.8465E-03   -5.6950E-03   
2.4949E-03   -5.9733E-03   
1.3864E-03   -6.0856E-03   
2.1561E-02   -9.3358E-04   
2.0122E-02   -1.7608E-03   
1.8925E-02   -2.2326E-03   
1.7057E-02   -2.9196E-03   
1.5928E-02   -3.2533E-03   
1.4360E-02   -3.6764E-03   
1.2999E-02   -4.0395E-03   
1.1788E-02   -4.2612E-03   
1.0328E-02   -4.5830E-03   
8.9512E-03   -4.9704E-03   
7.7957E-03   -5.2076E-03   
6.3970E-03   -5.5489E-03   
4.9570E-03   -5.8810E-03   
3.6734E-03   -6.1399E-03   
2.4467E-03   -6.3620E-03   
1.0946E-03   -6.5808E-03   
3.9062E-04   -3.6233E-03   
7.8611E-04   -3.6160E-03   
1.1797E-03   -3.6021E-03   
1.5720E-03   -3.5826E-03   
1.9618E-03   -3.5572E-03   
2.3487E-03   -3.5256E-03   
2.7318E-03   -3.4881E-03   
3.4842E-03   -3.3967E-03   
3.8525E-03   -3.3431E-03   
4.2147E-03   -3.2843E-03   
4.5704E-03   -3.2204E-03   
4.9189E-03   -3.1515E-03   
5.2598E-03   -3.0776E-03   
5.5925E-03   -2.9990E-03   
6.2311E-03   -2.8279E-03   
6.5359E-03   -2.7359E-03   
6.8304E-03   -2.6398E-03   
7.1149E-03   -2.5399E-03   
7.3885E-03   -2.4364E-03   
7.6509E-03   -2.3290E-03   
7.9015E-03   -2.2183E-03   
8.3654E-03   -1.9877E-03   
8.5782E-03   -1.8681E-03   
8.7778E-03   -1.7456E-03   
8.9639E-03   -1.6206E-03   
9.1361E-03   -1.4933E-03   
9.2942E-03   -1.3637E-03   
9.4379E-03   -1.2323E-03   
9.6815E-03   -9.6398E-04   
9.7810E-03   -8.2738E-04   
9.8651E-03   -6.8908E-04   
9.9281E-03   -5.4963E-04   
9.9914E-03   -4.1271E-04   
1.0021E-02   -2.7712E-04   
1.0050E-02   -1.3455E-04   
1.0115E-02   -2.0546E-34   
1.0151E-02   -1.9114E-34   
1.0181E-02   -1.4138E-34   
1.0208E-02   -7.4815E-35   
1.0238E-02   -5.6064E-35   
1.0319E-02   -2.9702E-35   
1.0377E-02   -2.0083E-35   
1.0449E-02   -1.2244E-35   
1.0537E-02   -5.7951E-36   
1.0764E-02   4.0812E-36   
1.0906E-02   7.8675E-36   
1.1067E-02   1.1160E-35   
1.1248E-02   1.4231E-35   
1.1672E-02   2.0030E-35   
1.1915E-02   2.2755E-35   
1.2468E-02   2.8349E-35   
1.2778E-02   3.1374E-35   
1.3466E-02   5.6759E-35   
1.3844E-02   4.2710E-35   
1.4669E-02   8.0371E-35   
1.5589E-02   1.0405E-34   
1.6084E-02   1.1747E-34   
1.7144E-02   1.4159E-34   
1.8296E-02   1.8925E-34   
2.0189E-02   2.8275E-34   
2.1554E-02   2.9612E-34   
2.3000E-02   -2.9719E-34   
2.3000E-02   -2.9719E-34   
2.3000E-02   -2.9719E-34   
2.3000E-02   -2.9719E-34   
2.3000E-02   -2.9719E-34   
2.0372E-02   -1.7455E-03   
1.6585E-02   -3.3848E-03   
1.4011E-02   -4.1238E-03   
1.1526E-02   -4.7179E-03   
9.9194E-03   -5.0848E-03   
7.6067E-03   -5.6230E-03   
6.1485E-03   -5.9704E-03   
4.1104E-03   -6.4389E-03   
2.8538E-03   -6.6878E-03   
1.6697E-03   -6.8630E-03   
5.4733E-04   -6.9536E-03   
3.6163E-34   -6.7760E-03   
5.0696E-34   -6.4147E-03   
4.9680E-34   -6.0806E-03   
7.2284E-34   -5.9261E-03   
7.2958E-34   -5.6425E-03   
4.4742E-34   -5.3932E-03   
4.3528E-34   -5.2808E-03   
4.1857E-34   -5.1765E-03   
3.9064E-34   -4.9904E-03   
3.7878E-34   -4.9081E-03   
3.5869E-34   -4.7636E-03   
3.4961E-34   -4.7007E-03   
3.4005E-34   -4.6436E-03   
3.2383E-34   -4.5450E-03   
3.1697E-34   -4.5026E-03   
3.1087E-34   -4.4643E-03   
3.0557E-34   -4.4295E-03   
2.9756E-34   -4.3681E-03   
2.9488E-34   -4.3402E-03   
2.9316E-34   -4.3131E-03   
2.9251E-34   -4.2860E-03   
2.9298E-34   -4.2580E-03   
2.9727E-34   -4.1950E-03   
3.0084E-34   -4.1575E-03   
3.0583E-34   -4.1141E-03   
3.1248E-34   -4.0635E-03   
3.2292E-34   -4.0043E-03   
5.0842E-34   -3.9324E-03   
5.1264E-34   -3.8484E-03   
4.2115E-34   -3.7372E-03   
4.2111E-03   -3.2483E-03   
6.5011E-03   -2.5804E-03   
7.3584E-03   -2.2431E-03   
4.8977E-03   -3.0792E-03   
9.3314E-03   -1.1585E-03   
3.1458E-03   -3.4605E-03   
1.2983E-03   -3.6855E-03   
8.7938E-03   -1.5261E-03   
9.8347E-03   -6.6522E-04   
8.1329E-03   -1.8898E-03   
5.5613E-03   -2.8911E-03   
9.6146E-03   -9.1246E-04   
5.8832E-03   -2.7911E-03   
2.7831E-03   -3.5190E-03   
7.8878E-03   -2.0093E-03   
8.9874E-03   -1.4038E-03   
1.0078E-02   -1.8605E-04   
4.9990E-04   -3.7276E-03   
2.4173E-03   -3.5711E-03   
6.7944E-03   -2.4702E-03   
7.0778E-03   -2.3574E-03   
9.4808E-03   -1.0356E-03   
1.6756E-03   -3.6544E-03   
9.9213E-03   -5.3958E-04   
9.0502E-04   -3.7120E-03   
2.0484E-03   -3.6163E-03   
9.1668E-03   -1.2813E-03   
9.7325E-03   -7.8896E-04   
3.5052E-03   -3.3956E-03   
8.5865E-03   -1.6480E-03   
8.3660E-03   -1.7693E-03   
5.2329E-03   -2.9873E-03   
3.8606E-03   -3.3248E-03   
4.5572E-03   -3.1663E-03   
6.1970E-03   -2.6875E-03   
7.6289E-03   -2.1271E-03   
2.8898E-04   -3.9646E-03   
2.7484E-04   -4.0297E-03   
2.6469E-04   -4.0847E-03   
2.5533E-04   -4.1315E-03   
2.4806E-04   -4.1715E-03   
2.4362E-04   -4.2063E-03   
2.4118E-04   -4.2374E-03   
2.4015E-04   -4.2660E-03   
2.4027E-04   -4.2933E-03   
1.0153E-02   -8.9686E-05   
2.4142E-04   -4.3201E-03   
1.0180E-02   -7.0793E-05   
2.4358E-04   -4.3475E-03   
1.0207E-02   -5.7142E-05   
2.4671E-04   -4.3761E-03   
1.0239E-02   -4.6973E-05   
2.5076E-04   -4.4067E-03   
1.0279E-02   -3.9922E-05   
2.5566E-04   -4.4400E-03   
1.0331E-02   -3.5308E-05   
2.6138E-04   -4.4765E-03   
1.0396E-02   -3.2725E-05   
2.6782E-04   -4.5169E-03   
1.0476E-02   -3.1789E-05   
2.7497E-04   -4.5615E-03   
1.0573E-02   -3.2120E-05   
2.8281E-04   -4.6108E-03   
1.0687E-02   -3.3422E-05   
2.9099E-04   -4.6652E-03   
1.0820E-02   -3.5578E-05   
2.9937E-04   -4.7251E-03   
1.0972E-02   -3.8415E-05   
3.0881E-04   -4.7910E-03   
1.1144E-02   -4.1710E-05   
3.1969E-04   -4.8634E-03   
1.1336E-02   -4.5291E-05   
3.3113E-04   -4.9424E-03   
1.1549E-02   -4.8730E-05   
3.4275E-04   -5.0282E-03   
1.1782E-02   -5.2679E-05   
3.5448E-04   -5.1211E-03   
1.2034E-02   -5.6959E-05   
3.6594E-04   -5.2207E-03   
1.2307E-02   -6.1945E-05   
3.8142E-04   -5.3270E-03   
1.2603E-02   -6.6456E-05   
3.9973E-04   -5.4415E-03   
1.2924E-02   -6.9717E-05   
4.0948E-04   -5.5651E-03   
1.3267E-02   -7.2797E-05   
4.1960E-04   -5.6963E-03   
1.3638E-02   -7.5857E-05   
4.4932E-04   -5.8371E-03   
1.4035E-02   -7.7240E-05   
4.6680E-04   -5.9911E-03   
1.4447E-02   -7.5571E-05   
4.6993E-04   -6.1538E-03   
1.4874E-02   -7.8200E-05   
4.8800E-04   -6.3233E-03   
1.5332E-02   -7.9151E-05   
5.1673E-04   -6.5059E-03   
5.2278E-03   -2.8874E-03   
8.1488E-03   -1.6916E-03   
9.0268E-03   -1.2107E-03   
3.8803E-03   -3.2889E-03   
1.0055E-02   -2.7272E-04   
1.0499E-03   -3.7814E-03   
6.7676E-03   -2.3038E-03   
9.8890E-03   -5.2789E-04   
1.7717E-03   -3.7054E-03   
2.8377E-03   -3.5291E-03   
2.4860E-03   -3.5951E-03   
7.6312E-03   -1.9370E-03   
5.8749E-03   -2.6623E-03   
9.5318E-03   -8.6479E-04   
9.6673E-03   -7.5191E-04   
6.1855E-03   -2.5457E-03   
7.3501E-03   -2.0584E-03   
9.2109E-03   -1.0941E-03   
8.8278E-03   -1.3289E-03   
4.2224E-03   -3.1963E-03   
3.1878E-03   -3.4557E-03   
6.4531E-04   -3.8201E-03   
4.5612E-03   -3.0981E-03   
6.4799E-03   -2.4256E-03   
7.0600E-03   -2.1802E-03   
9.3794E-03   -9.7881E-04   
9.7860E-03   -6.3972E-04   
4.8968E-03   -2.9950E-03   
8.3882E-03   -1.5695E-03   
2.1304E-03   -3.6541E-03   
3.5356E-03   -3.3755E-03   
8.6148E-03   -1.4485E-03   
9.9782E-03   -4.1229E-04   
1.4086E-03   -3.7479E-03   
7.8965E-03   -1.8147E-03   
5.5547E-03   -2.7765E-03   
3.0117E-04   -3.8864E-03   
5.7583E-04   -3.9773E-03   
5.4969E-04   -4.0407E-03   
5.2619E-04   -4.0914E-03   
5.0469E-04   -4.1347E-03   
4.9133E-04   -4.1715E-03   
4.8412E-04   -4.2036E-03   
4.8075E-04   -4.2327E-03   
1.0122E-02   -1.2197E-04   
4.8004E-04   -4.2600E-03   
4.8150E-04   -4.2866E-03   
1.0124E-02   -1.5526E-04   
4.8498E-04   -4.3133E-03   
1.0146E-02   -1.2738E-04   
4.9044E-04   -4.3410E-03   
1.0174E-02   -1.0346E-04   
4.9777E-04   -4.3704E-03   
1.0209E-02   -8.6741E-05   
5.0685E-04   -4.4022E-03   
1.0255E-02   -7.5613E-05   
5.1729E-04   -4.4369E-03   
1.0313E-02   -6.8695E-05   
5.3056E-04   -4.4750E-03   
1.0386E-02   -6.5403E-05   
5.4628E-04   -4.5171E-03   
1.0475E-02   -6.5025E-05   
5.6121E-04   -4.5642E-03   
1.0581E-02   -6.6840E-05   
5.7505E-04   -4.6162E-03   
1.0706E-02   -7.0294E-05   
5.8974E-04   -4.6730E-03   
1.0851E-02   -7.5393E-05   
6.0704E-04   -4.7356E-03   
1.1015E-02   -8.1786E-05   
6.2755E-04   -4.8044E-03   
1.1199E-02   -8.9034E-05   
6.5040E-04   -4.8799E-03   
1.1406E-02   -9.5532E-05   
6.7417E-04   -4.9625E-03   
1.1630E-02   -1.0072E-04   
6.9780E-04   -5.0520E-03   
1.1863E-02   -1.1002E-04   
7.1718E-04   -5.1484E-03   
1.2119E-02   -1.1845E-04   
7.3141E-04   -5.2491E-03   
1.2398E-02   -1.3044E-04   
7.7612E-04   -5.3532E-03   
1.2708E-02   -1.3777E-04   
8.1604E-04   -5.4716E-03   
1.3042E-02   -1.4258E-04   
8.1568E-04   -5.6006E-03   
1.3399E-02   -1.4964E-04   
8.5246E-04   -5.7285E-03   
1.3796E-02   -1.5455E-04   
9.7187E-04   -5.8731E-03   
1.4223E-02   -1.5429E-04   
9.3607E-04   -6.0464E-03   
1.4615E-02   -1.4320E-04   
9.5284E-04   -6.2092E-03   
1.5034E-02   -1.7163E-04   
1.0013E-03   -6.3795E-03   
1.5815E-02   -8.3419E-05   
6.7677E-03   -2.1445E-03   
7.0788E-03   -2.0107E-03   
5.8895E-03   -2.5348E-03   
7.3735E-03   -1.8850E-03   
5.5712E-03   -2.6579E-03   
2.5564E-03   -3.6008E-03   
2.8977E-03   -3.5212E-03   
3.2376E-03   -3.4340E-03   
3.5761E-03   -3.3397E-03   
3.9131E-03   -3.2386E-03   
2.2094E-03   -3.6737E-03   
4.2488E-03   -3.1314E-03   
5.2455E-03   -2.7809E-03   
7.6580E-03   -1.7606E-03   
4.5831E-03   -3.0188E-03   
4.9159E-03   -2.9017E-03   
1.8519E-03   -3.7403E-03   
7.9279E-03   -1.6347E-03   
9.4362E-03   -8.2199E-04   
9.5891E-03   -7.1683E-04   
9.7226E-03   -6.1473E-04   
9.2659E-03   -9.2975E-04   
1.4954E-03   -3.7967E-03   
8.1849E-03   -1.5100E-03   
9.0793E-03   -1.0399E-03   
8.6601E-03   -1.2687E-03   
8.4291E-03   -1.3879E-03   
8.8772E-03   -1.1529E-03   
1.1599E-03   -3.8321E-03   
8.7335E-04   -3.8584E-03   
9.8387E-03   -5.1341E-04   
9.9408E-03   -4.1042E-04   
1.0029E-02   -3.0507E-04   
5.9936E-04   -3.9124E-03   
8.2838E-04   -4.0336E-03   
7.7678E-04   -4.0837E-03   
7.4644E-04   -4.1237E-03   
7.3054E-04   -4.1573E-03   
7.2281E-04   -4.1868E-03   
7.2012E-04   -4.2140E-03   
1.0099E-02   -1.9370E-04   
7.2106E-04   -4.2401E-03   
7.2511E-04   -4.2660E-03   
1.0054E-02   -2.2069E-04   
7.3211E-04   -4.2927E-03   
1.0081E-02   -1.7328E-04   
7.4197E-04   -4.3208E-03   
1.0112E-02   -1.4332E-04   
7.5451E-04   -4.3511E-03   
1.0151E-02   -1.2328E-04   
7.6872E-04   -4.3841E-03   
1.0202E-02   -1.1056E-04   
7.8775E-04   -4.4195E-03   
1.0269E-02   -1.0295E-04   
8.1832E-04   -4.4574E-03   
1.0351E-02   -1.0061E-04   
8.4192E-04   -4.5023E-03   
1.0448E-02   -1.0229E-04   
8.5586E-04   -4.5532E-03   
1.0565E-02   -1.0632E-04   
8.7470E-04   -4.6078E-03   
1.0704E-02   -1.1244E-04   
8.9514E-04   -4.6675E-03   
1.0859E-02   -1.2156E-04   
9.2244E-04   -4.7322E-03   
1.1034E-02   -1.3261E-04   
9.5898E-04   -4.8032E-03   
1.1237E-02   -1.4310E-04   
9.9627E-04   -4.8821E-03   
1.1468E-02   -1.5076E-04   
1.0322E-03   -4.9690E-03   
1.1688E-02   -1.5079E-04   
1.0624E-03   -5.0642E-03   
1.1902E-02   -1.7945E-04   
1.0724E-03   -5.1670E-03   
1.0522E-03   -5.2636E-03   
1.2313E-03   -5.5017E-03   
1.3122E-02   -2.2144E-04   
1.3725E-03   -5.9407E-03   
1.4313E-03   -6.2377E-03   
1.3950E-02   -2.3835E-04   
1.6347E-02   -8.9458E-05   
9.7754E-03   -5.0088E-04   
9.8881E-03   -4.0706E-04   
9.9910E-03   -3.1171E-04   
6.2027E-03   -2.2957E-03   
5.9305E-03   -2.4048E-03   
2.2902E-03   -3.6771E-03   
1.9361E-03   -3.7592E-03   
3.6275E-03   -3.2907E-03   
2.6302E-03   -3.5906E-03   
3.9591E-03   -3.1764E-03   
2.9644E-03   -3.4977E-03   
5.6120E-03   -2.5367E-03   
7.4268E-03   -1.7300E-03   
3.2964E-03   -3.3979E-03   
9.3314E-03   -7.8491E-04   
9.1434E-03   -8.8906E-04   
4.2910E-03   -3.0561E-03   
4.6233E-03   -2.9308E-03   
8.4865E-03   -1.2235E-03   
8.7202E-03   -1.1079E-03   
9.5031E-03   -6.8356E-04   
1.5675E-03   -3.8336E-03   
9.6504E-03   -5.9092E-04   
5.2852E-03   -2.6696E-03   
8.2390E-03   -1.3442E-03   
4.9554E-03   -2.8016E-03   
8.9395E-03   -9.9659E-04   
7.7073E-03   -1.5983E-03   
7.9788E-03   -1.4695E-03   
1.0656E-03   -4.0209E-03   
1.0086E-03   -4.0649E-03   
9.8112E-04   -4.0996E-03   
9.6710E-04   -4.1293E-03   
9.6114E-04   -4.1561E-03   
9.6073E-04   -4.1814E-03   
9.6474E-04   -4.2063E-03   
9.7262E-04   -4.2318E-03   
1.0064E-02   -2.3540E-04   
9.9663E-03   -2.5775E-04   
9.8416E-04   -4.2585E-03   
9.9893E-03   -2.1319E-04   
9.9940E-04   -4.2872E-03   
1.0023E-02   -1.8068E-04   
1.0174E-03   -4.3183E-03   
1.0067E-02   -1.6015E-04   
1.0381E-03   -4.3518E-03   
1.0126E-02   -1.4809E-04   
1.0669E-03   -4.3865E-03   
1.0205E-02   -1.4013E-04   
1.1457E-03   -4.4194E-03   
1.0290E-02   -1.4127E-04   
1.1338E-03   -4.4771E-03   
1.0395E-02   -1.4610E-04   
1.1571E-03   -4.5294E-03   
1.0531E-02   -1.5251E-04   
1.1802E-03   -4.5884E-03   
1.0682E-02   -1.6087E-04   
1.2497E-03   -4.7142E-03   
1.4197E-03   -5.1936E-03   
1.1029E-02   -1.9308E-04   
1.3130E-03   -4.7858E-03   
1.3611E-03   -4.8709E-03   
1.4455E-03   -5.0699E-03   
1.2187E-02   -1.7711E-04   
1.2816E-02   -2.0346E-04   
1.3190E-02   -3.1140E-04   
1.1265E-02   -2.0668E-04   
1.8937E-03   -6.0885E-03   
1.3614E-02   -3.2240E-04   
1.4339E-03   -5.8169E-03   
1.1800E-02   -2.5284E-04   
1.7031E-03   -5.3898E-03   
9.9349E-03   -3.1984E-04   
9.8150E-03   -4.1180E-04   
9.7060E-03   -4.9479E-04   
6.9389E-03   -1.8355E-03   
6.8254E-03   -1.9821E-03   
7.1970E-03   -1.7126E-03   
5.6880E-03   -2.4128E-03   
9.4070E-03   -6.5654E-04   
2.3861E-03   -3.6622E-03   
9.5796E-03   -5.6009E-04   
2.0381E-03   -3.7575E-03   
1.6764E-03   -3.8458E-03   
2.7185E-03   -3.5634E-03   
3.6904E-03   -3.2308E-03   
3.3645E-03   -3.3500E-03   
5.3491E-03   -2.5545E-03   
3.0427E-03   -3.4603E-03   
4.0190E-03   -3.1046E-03   
7.4862E-03   -1.5797E-03   
8.5578E-03   -1.0759E-03   
9.2168E-03   -7.5628E-04   
4.3496E-03   -2.9726E-03   
8.7928E-03   -9.6463E-04   
9.0125E-03   -8.5844E-04   
8.3083E-03   -1.1935E-03   
4.6819E-03   -2.8360E-03   
5.0154E-03   -2.6962E-03   
8.0455E-03   -1.3173E-03   
7.7707E-03   -1.4466E-03   
1.0549E-03   -3.9381E-03   
1.2660E-03   -3.9992E-03   
1.2330E-03   -4.0329E-03   
1.2132E-03   -4.0618E-03   
1.2033E-03   -4.0876E-03   
1.2009E-03   -4.1117E-03   
1.2043E-03   -4.1352E-03   
1.2125E-03   -4.1591E-03   
1.2252E-03   -4.1843E-03   
9.8328E-03   -3.0584E-04   
1.2425E-03   -4.2111E-03   
9.8751E-03   -2.5000E-04   
1.2642E-03   -4.2402E-03   
1.2871E-03   -4.2724E-03   
9.9126E-03   -2.1896E-04   
9.9586E-03   -2.0098E-04   
1.3034E-03   -4.3092E-03   
1.0018E-02   -1.9384E-04   
1.3775E-03   -4.4017E-03   
1.0178E-02   -1.9510E-04   
1.4333E-03   -4.4384E-03   
1.0486E-02   -2.0657E-04   
1.0327E-02   -1.9880E-04   
1.4799E-03   -4.4941E-03   
1.6391E-03   -4.6654E-03   
1.1996E-03   -4.6518E-03   
1.6920E-03   -4.7562E-03   
1.7554E-03   -4.8459E-03   
1.7694E-03   -5.8402E-03   
1.7437E-03   -5.7050E-03   
1.8245E-03   -4.9451E-03   
1.1010E-02   -2.6597E-04   
1.2075E-02   -2.3863E-04   
1.1547E-02   -3.0694E-04   
1.2755E-02   -2.9178E-04   
1.1268E-02   -2.8278E-04   
1.0840E-02   -1.7666E-04   
1.9117E-03   -5.0644E-03   
1.6281E-03   -5.5644E-03   
1.7928E-03   -5.2306E-03   
1.4054E-02   -3.3081E-04   
1.8098E-03   -6.2506E-03   
1.7136E-03   -5.9702E-03   
1.3259E-02   -4.0861E-04   
6.6147E-03   -1.9283E-03   
9.8535E-03   -3.4129E-04   
9.4865E-03   -5.4338E-04   
2.5049E-03   -3.6270E-03   
9.2933E-03   -6.4103E-04   
2.1748E-03   -3.7315E-03   
1.5036E-03   -3.9087E-03   
5.4374E-03   -2.4327E-03   
3.4419E-03   -3.2921E-03   
3.1253E-03   -3.4131E-03   
2.8181E-03   -3.5231E-03   
7.2637E-03   -1.5864E-03   
3.7657E-03   -3.1619E-03   
8.6409E-03   -9.4424E-04   
4.0935E-03   -3.0249E-03   
8.8745E-03   -8.3813E-04   
9.0911E-03   -7.3769E-04   
8.3910E-03   -1.0577E-03   
4.4249E-03   -2.8823E-03   
5.0955E-03   -2.5858E-03   
7.5609E-03   -1.4427E-03   
8.1266E-03   -1.1787E-03   
4.7593E-03   -2.7356E-03   
7.8491E-03   -1.3073E-03   
1.5199E-03   -3.9276E-03   
1.4896E-03   -3.9570E-03   
6.1814E-03   -2.1131E-03   
1.4645E-03   -3.9847E-03   
5.7950E-03   -2.2744E-03   
1.4482E-03   -4.0096E-03   
1.4421E-03   -4.0323E-03   
1.4441E-03   -4.0540E-03   
1.4523E-03   -4.0759E-03   
1.4660E-03   -4.0990E-03   
1.4850E-03   -4.1237E-03   
1.6987E-03   -4.3275E-03   
9.7169E-03   -3.2644E-04   
1.5095E-03   -4.1505E-03   
1.5390E-03   -4.1803E-03   
9.7466E-03   -2.8707E-04   
1.5688E-03   -4.2159E-03   
9.7796E-03   -2.6221E-04   
9.8204E-03   -2.5020E-04   
1.3101E-03   -4.3453E-03   
1.0100E-02   -2.5266E-04   
1.7724E-03   -4.3816E-03   
1.7681E-03   -4.5529E-03   
1.1917E-02   -3.2982E-04   
1.1232E-02   -3.7099E-04   
1.0454E-02   -2.7513E-04   
2.0935E-03   -4.7129E-03   
1.0254E-02   -2.6140E-04   
2.1897E-03   -4.8007E-03   
1.4913E-03   -4.5635E-03   
2.1333E-03   -5.8886E-03   
2.2661E-03   -4.9006E-03   
1.2329E-02   -3.2156E-04   
2.1941E-03   -5.2624E-03   
2.1231E-03   -5.4207E-03   
1.0759E-02   -2.5006E-04   
2.1885E-03   -5.7153E-03   
2.0181E-03   -4.6310E-03   
1.0977E-02   -3.4903E-04   
1.3693E-02   -4.1912E-04   
1.2853E-02   -3.9226E-04   
9.5377E-03   -4.5856E-04   
9.3588E-03   -5.4712E-04   
9.6935E-03   -4.2848E-04   
2.0175E-03   -3.7872E-03   
2.6383E-03   -3.5786E-03   
7.0262E-03   -1.6072E-03   
3.2113E-03   -3.3583E-03   
9.1652E-03   -6.3692E-04   
2.9008E-03   -3.4808E-03   
3.5296E-03   -3.2261E-03   
1.2258E-03   -3.9440E-03   
3.8538E-03   -3.0857E-03   
5.1968E-03   -2.4709E-03   
8.4847E-03   -9.3600E-04   
8.9559E-03   -7.3060E-04   
8.7294E-03   -8.2965E-04   
7.3452E-03   -1.4554E-03   
4.1832E-03   -2.9387E-03   
8.2203E-03   -1.0530E-03   
4.5169E-03   -2.7866E-03   
4.8549E-03   -2.6304E-03   
7.6494E-03   -1.3130E-03   
7.9411E-03   -1.1790E-03   
5.5534E-03   -2.3054E-03   
1.7624E-03   -3.8704E-03   
1.7303E-03   -3.8966E-03   
1.6991E-03   -3.9228E-03   
1.8070E-03   -3.8384E-03   
1.6858E-03   -3.9444E-03   
5.9257E-03   -2.1347E-03   
6.3127E-03   -1.9570E-03   
1.6848E-03   -3.9640E-03   
9.6722E-03   -3.8035E-04   
6.6849E-03   -1.7775E-03   
1.6925E-03   -3.9834E-03   
1.7070E-03   -4.0038E-03   
1.7544E-03   -4.0501E-03   
9.5798E-03   -3.6152E-04   
1.7903E-03   -4.0761E-03   
1.8402E-03   -4.1043E-03   
9.5913E-03   -3.3342E-04   
9.6218E-03   -3.1388E-04   
1.8020E-03   -4.2352E-03   
1.8629E-03   -4.4437E-03   
9.9878E-03   -3.2185E-04   
1.0743E-02   -3.3018E-04   
2.5176E-03   -4.6450E-03   
1.5594E-03   -4.2670E-03   
1.1505E-02   -3.9902E-04   
2.0403E-03   -4.2620E-03   
1.0912E-02   -4.4211E-04   
1.9811E-03   -4.5600E-03   
2.5945E-03   -5.2898E-03   
2.3952E-03   -4.5729E-03   
2.3690E-03   -4.9781E-03   
1.0549E-02   -3.2096E-04   
1.2515E-02   -3.8032E-04   
1.0144E-02   -3.3865E-04   
2.2840E-03   -5.1044E-03   
2.1322E-03   -5.5675E-03   
1.2887E-02   -4.9672E-04   
1.4094E-02   -4.2125E-04   
2.2370E-03   -6.1874E-03   
2.7300E-03   -5.7304E-03   
1.2190E-02   -2.7547E-04   
9.2265E-03   -5.5767E-04   
2.6516E-03   -3.5664E-03   
5.3187E-03   -2.3526E-03   
2.9936E-03   -3.4294E-03   
3.3098E-03   -3.2951E-03   
9.0292E-03   -6.4469E-04   
3.6293E-03   -3.1532E-03   
7.1252E-03   -1.4851E-03   
8.5867E-03   -8.2935E-04   
8.8204E-03   -7.3356E-04   
3.9557E-03   -3.0034E-03   
8.3256E-03   -9.4014E-04   
4.9678E-03   -2.5217E-03   
4.2881E-03   -2.8472E-03   
7.4458E-03   -1.3345E-03   
4.6259E-03   -2.6863E-03   
8.0464E-03   -1.0620E-03   
7.7524E-03   -1.1938E-03   
2.0412E-03   -3.7894E-03   
1.9560E-03   -3.8291E-03   
9.5637E-03   -4.0070E-04   
1.9335E-03   -3.8494E-03   
6.4307E-03   -1.8202E-03   
5.6846E-03   -2.1775E-03   
6.7871E-03   -1.6475E-03   
1.9289E-03   -3.8661E-03   
1.9343E-03   -3.8826E-03   
6.0584E-03   -1.9991E-03   
1.9488E-03   -3.8999E-03   
1.9711E-03   -3.9187E-03   
2.0000E-03   -3.9398E-03   
9.6620E-03   -3.0684E-04   
2.0390E-03   -3.9622E-03   
1.9067E-03   -4.1406E-03   
2.0952E-03   -3.9841E-03   
9.3833E-03   -4.2161E-04   
1.0466E-02   -3.9531E-04   
9.4099E-03   -3.8974E-04   
2.1295E-03   -4.3065E-03   
2.1730E-03   -4.4408E-03   
9.8524E-03   -3.1261E-04   
2.0031E-03   -4.2153E-03   
1.0299E-02   -3.6738E-04   
2.7469E-03   -4.5060E-03   
2.7728E-03   -4.9481E-03   
2.3060E-03   -4.5004E-03   
2.6265E-03   -4.8652E-03   
9.8439E-03   -4.0698E-04   
1.2123E-02   -4.3274E-04   
3.0920E-03   -5.1419E-03   
1.2503E-02   -4.7313E-04   
2.4923E-03   -5.4355E-03   
1.2902E-02   -6.1176E-04   
2.7995E-03   -6.0913E-03   
1.3820E-02   -5.2899E-04   
1.4488E-02   -3.5691E-04   
3.1164E-03   -5.8499E-03   
1.1736E-02   -4.4146E-04   
9.2848E-03   -4.9228E-04   
2.3343E-03   -3.6842E-03   
2.8127E-03   -3.4936E-03   
3.1102E-03   -3.3650E-03   
5.0964E-03   -2.4110E-03   
3.4208E-03   -3.2247E-03   
8.9058E-03   -6.6013E-04   
8.7060E-03   -7.3290E-04   
3.7419E-03   -3.0744E-03   
2.1829E-03   -3.7442E-03   
8.4461E-03   -8.3711E-04   
7.2406E-03   -1.3695E-03   
4.0718E-03   -2.9158E-03   
4.7491E-03   -2.5831E-03   
8.1650E-03   -9.5517E-04   
4.4083E-03   -2.7514E-03   
7.5616E-03   -1.2213E-03   
7.8696E-03   -1.0834E-03   
2.1802E-03   -3.7509E-03   
5.4560E-03   -2.2334E-03   
6.5561E-03   -1.6958E-03   
6.9050E-03   -1.5281E-03   
2.1796E-03   -3.7607E-03   
6.1930E-03   -1.8722E-03   
2.1789E-03   -3.7750E-03   
2.1921E-03   -3.7887E-03   
5.8238E-03   -2.0527E-03   
9.4456E-03   -4.2749E-04   
2.2866E-03   -3.8400E-03   
2.2155E-03   -3.8035E-03   
9.4392E-03   -3.7581E-04   
2.2469E-03   -3.8205E-03   
9.8491E-03   -2.5329E-04   
2.1790E-03   -4.1058E-03   
2.1704E-03   -4.0057E-03   
2.3031E-03   -4.1342E-03   
2.3416E-03   -3.8587E-03   
9.1891E-03   -4.7644E-04   
9.9959E-03   -4.3169E-04   
9.7044E-03   -3.9121E-04   
2.3428E-03   -4.1880E-03   
2.6928E-03   -4.4269E-03   
3.0381E-03   -4.7604E-03   
1.2507E-02   -5.8748E-04   
1.0159E-02   -4.6185E-04   
2.5815E-03   -4.3575E-03   
1.1411E-02   -5.0273E-04   
3.1863E-03   -4.9644E-03   
1.1705E-02   -5.5283E-04   
3.0010E-03   -5.3400E-03   
2.2336E-03   -4.3427E-03   
1.3335E-02   -6.3325E-04   
1.0673E-02   -4.1857E-04   
1.4947E-02   -2.8546E-04   
3.4125E-03   -5.6096E-03   
2.3966E-03   -3.6621E-03   
9.0806E-03   -5.7981E-04   
2.9362E-03   -3.4320E-03   
3.2348E-03   -3.2953E-03   
3.5461E-03   -3.1478E-03   
4.8859E-03   -2.4785E-03   
8.8819E-03   -6.2761E-04   
2.5711E-03   -3.5923E-03   
8.5863E-03   -7.3998E-04   
5.2395E-03   -2.2994E-03   
3.8702E-03   -2.9894E-03   
8.2962E-03   -8.5763E-04   
4.2040E-03   -2.8231E-03   
4.5430E-03   -2.6523E-03   
7.3696E-03   -1.2610E-03   
7.9998E-03   -9.8153E-04   
7.6907E-03   -1.1156E-03   
2.4607E-03   -3.6390E-03   
6.3345E-03   -1.7538E-03   
7.0358E-03   -1.4165E-03   
6.6904E-03   -1.5811E-03   
9.7389E-03   -3.0540E-04   
2.4277E-03   -3.6617E-03   
5.6023E-03   -2.1167E-03   
2.4382E-03   -3.6715E-03   
5.9692E-03   -1.9337E-03   
9.2096E-03   -4.5561E-04   
2.5348E-03   -3.7101E-03   
2.4615E-03   -3.6817E-03   
2.5875E-03   -3.7267E-03   
2.4940E-03   -3.6943E-03   
2.7182E-03   -4.0227E-03   
9.1386E-03   -5.2068E-04   
9.4724E-03   -3.7527E-04   
2.4133E-03   -3.8767E-03   
1.0138E-02   -1.7674E-04   
2.8644E-03   -4.1873E-03   
9.5848E-03   -3.8348E-04   
1.0571E-02   -5.2073E-04   
1.0347E-02   -4.9177E-04   
9.8284E-03   -5.3618E-04   
9.6732E-03   -5.0683E-04   
1.1244E-02   -6.1761E-04   
9.5323E-03   -4.8454E-04   
2.4753E-03   -4.3082E-03   
3.1532E-03   -4.3446E-03   
2.2473E-03   -4.0249E-03   
2.5403E-03   -3.9979E-03   
3.2718E-03   -4.5720E-03   
1.1813E-02   -6.5334E-04   
3.2680E-03   -4.8130E-03   
2.5313E-03   -4.2016E-03   
1.2907E-02   -7.3630E-04   
3.1553E-03   -5.4948E-03   
1.5522E-02   -1.5026E-04   
3.5926E-03   -4.9702E-03   
1.4915E-02   -3.9284E-04   
1.2503E-02   -7.1134E-04   
1.1167E-02   -4.6612E-04   
3.5233E-03   -5.1419E-03   
2.6550E-03   -3.5550E-03   
3.0758E-03   -3.3618E-03   
3.3725E-03   -3.2201E-03   
5.0348E-03   -2.3737E-03   
8.7373E-03   -6.4712E-04   
3.6843E-03   -3.0658E-03   
4.6894E-03   -2.5520E-03   
8.4321E-03   -7.7098E-04   
4.0143E-03   -2.8990E-03   
4.3506E-03   -2.7267E-03   
8.1433E-03   -8.8843E-04   
6.4834E-03   -1.6437E-03   
7.5089E-03   -1.1606E-03   
7.8350E-03   -1.0171E-03   
7.1742E-03   -1.3145E-03   
2.6567E-03   -3.5567E-03   
6.8334E-03   -1.4750E-03   
8.9876E-03   -5.5956E-04   
5.3918E-03   -2.1902E-03   
6.1217E-03   -1.8215E-03   
2.6869E-03   -3.5504E-03   
5.7559E-03   -2.0049E-03   
2.7119E-03   -3.5541E-03   
2.8369E-03   -3.5872E-03   
2.7849E-03   -3.5734E-03   
8.9785E-03   -5.4427E-04   
2.7435E-03   -3.5622E-03   
9.2311E-03   -4.4945E-04   
9.9753E-03   -2.5481E-04   
2.6471E-03   -3.7463E-03   
9.4088E-03   -4.7001E-04   
9.4818E-03   -6.2015E-04   
2.4480E-03   -3.9764E-03   
9.4768E-03   -3.9283E-04   
9.3379E-03   -5.9264E-04   
9.6375E-03   -6.5557E-04   
3.2310E-03   -4.1197E-03   
1.0831E-02   -5.4505E-04   
1.0202E-02   -6.0571E-04   
2.5236E-03   -3.8905E-03   
1.0790E-02   -6.6936E-04   
3.6198E-03   -4.6120E-03   
2.9879E-03   -4.5282E-03   
3.4273E-03   -4.1457E-03   
2.9830E-03   -4.0316E-03   
1.2488E-02   -8.4496E-04   
1.3327E-02   -7.6068E-04   
3.7356E-03   -4.7637E-03   
3.5551E-03   -5.2951E-03   
1.5303E-02   -3.2687E-04   
3.9252E-03   -4.9802E-03   
2.7849E-03   -3.4966E-03   
3.2331E-03   -3.2839E-03   
4.8446E-03   -2.4532E-03   
3.5062E-03   -3.1474E-03   
8.5342E-03   -7.1283E-04   
5.1927E-03   -2.2713E-03   
3.8337E-03   -2.9803E-03   
4.5055E-03   -2.6308E-03   
8.2912E-03   -8.0794E-04   
6.6387E-03   -1.5428E-03   
4.1682E-03   -2.8069E-03   
6.2823E-03   -1.7167E-03   
2.9515E-03   -3.4201E-03   
8.0031E-03   -9.2565E-04   
7.3144E-03   -1.2253E-03   
6.9810E-03   -1.3798E-03   
2.9772E-03   -3.4169E-03   
5.9174E-03   -1.8990E-03   
5.5522E-03   -2.0852E-03   
8.9864E-03   -5.3347E-04   
9.3112E-03   -4.6271E-04   
3.0891E-03   -3.4413E-03   
2.9991E-03   -3.4239E-03   
2.7387E-03   -3.8627E-03   
3.0376E-03   -3.4314E-03   
9.2562E-03   -4.5600E-04   
2.8954E-03   -3.6055E-03   
3.6132E-03   -3.9767E-03   
9.1240E-03   -7.1502E-04   
2.6953E-03   -3.7714E-03   
9.2675E-03   -7.4888E-04   
9.2076E-03   -5.7285E-04   
9.8131E-03   -6.9762E-04   
3.2968E-03   -4.0021E-03   
4.4264E-03   -4.8682E-03   
3.7039E-03   -4.1647E-03   
1.1017E-02   -7.4964E-04   
1.0455E-02   -6.3948E-04   
1.3320E-02   -8.9043E-04   
3.1240E-03   -3.8961E-03   
3.9923E-03   -5.0984E-03   
1.2086E-02   -8.1705E-04   
1.3755E-02   -6.6241E-04   
4.0827E-03   -4.5503E-03   
3.5631E-03   -4.3507E-03   
3.7507E-03   -4.4293E-03   
1.2462E-02   -9.8991E-04   
8.7414E-03   -6.2662E-04   
5.0066E-03   -2.3578E-03   
4.6670E-03   -2.5374E-03   
3.2937E-03   -3.2546E-03   
7.9068E-03   -9.5635E-04   
9.0259E-03   -5.4815E-04   
3.6563E-03   -3.0695E-03   
6.4509E-03   -1.6200E-03   
8.4620E-03   -7.3012E-04   
6.8001E-03   -1.4519E-03   
8.1603E-03   -8.5107E-04   
3.9921E-03   -2.8939E-03   
6.0881E-03   -1.7996E-03   
5.3584E-03   -2.1732E-03   
5.7211E-03   -1.9856E-03   
3.2658E-03   -3.2796E-03   
7.4201E-03   -1.1671E-03   
7.1325E-03   -1.2967E-03   
3.3425E-03   -3.2916E-03   
3.2935E-03   -3.2861E-03   
2.9414E-03   -3.6383E-03   
3.1495E-03   -3.4558E-03   
8.9991E-03   -5.3590E-04   
3.4397E-03   -3.7349E-03   
9.0942E-03   -5.6035E-04   
8.8933E-03   -8.5172E-04   
3.3962E-03   -3.8572E-03   
8.9897E-03   -6.9028E-04   
9.4193E-03   -7.9263E-04   
1.1672E-02   -7.8527E-04   
1.0031E-02   -7.4049E-04   
3.9056E-03   -3.9793E-03   
2.9382E-03   -3.7114E-03   
2.8455E-03   -3.8852E-03   
1.1444E-02   -6.9548E-04   
1.0592E-02   -8.2910E-04   
3.9950E-03   -4.1581E-03   
4.4962E-03   -5.0328E-03   
4.6342E-03   -4.6359E-03   
3.7350E-03   -3.8128E-03   
1.2120E-02   -6.8313E-04   
1.2899E-02   -1.0032E-03   
1.3741E-02   -7.8421E-04   
1.4143E-02   -5.8701E-04   
4.0902E-03   -4.2417E-03   
4.5454E-03   -4.4017E-03   
8.0167E-03   -9.0866E-04   
4.4931E-03   -2.6303E-03   
4.8256E-03   -2.4530E-03   
8.7387E-03   -6.3830E-04   
7.3143E-03   -1.2127E-03   
6.9758E-03   -1.3674E-03   
8.2650E-03   -8.0826E-04   
5.1716E-03   -2.2697E-03   
6.6288E-03   -1.5315E-03   
6.2690E-03   -1.7070E-03   
4.1660E-03   -2.8050E-03   
5.9004E-03   -1.8920E-03   
5.5321E-03   -2.0812E-03   
3.5137E-03   -3.1477E-03   
3.5494E-03   -3.1415E-03   
3.5943E-03   -3.1419E-03   
3.4050E-03   -3.3006E-03   
3.2064E-03   -3.4818E-03   
3.8190E-03   -2.9900E-03   
8.7358E-03   -6.2615E-04   
8.6315E-03   -8.0133E-04   
7.6734E-03   -1.0529E-03   
8.7561E-03   -8.2243E-04   
3.4127E-03   -3.6578E-03   
3.1306E-03   -3.7167E-03   
4.4124E-03   -4.0353E-03   
9.0356E-03   -8.9019E-04   
3.2482E-03   -3.5264E-03   
8.7292E-03   -6.7417E-04   
4.1317E-03   -3.7686E-03   
9.5784E-03   -8.5121E-04   
3.8496E-03   -3.6335E-03   
1.0836E-02   -8.7401E-04   
1.1347E-02   -9.1347E-04   
1.0306E-02   -7.8124E-04   
1.4559E-02   -5.8496E-04   
4.8086E-03   -4.1868E-03   
4.5945E-03   -4.1111E-03   
5.0038E-03   -4.6539E-03   
1.2478E-02   -1.1350E-03   
4.6337E-03   -5.1947E-03   
1.3296E-02   -1.0220E-03   
1.4174E-02   -6.8790E-04   
8.2000E-03   -8.4152E-04   
4.6430E-03   -2.5599E-03   
4.3202E-03   -2.7321E-03   
7.1688E-03   -1.2869E-03   
8.4749E-03   -7.2875E-04   
6.8199E-03   -1.4493E-03   
4.9861E-03   -2.3773E-03   
6.4628E-03   -1.6209E-03   
5.3467E-03   -2.1871E-03   
6.0929E-03   -1.8040E-03   
3.8393E-03   -2.9969E-03   
5.7176E-03   -1.9947E-03   
3.6595E-03   -3.1428E-03   
7.8747E-03   -9.7670E-04   
8.3794E-03   -9.4402E-04   
4.0532E-03   -2.8741E-03   
3.5296E-03   -3.3535E-03   
3.7357E-03   -3.1507E-03   
3.5920E-03   -3.4975E-03   
7.5210E-03   -1.1286E-03   
8.5188E-03   -9.6461E-04   
1.0895E-02   -9.9096E-04   
8.4437E-03   -7.5925E-04   
8.6582E-03   -9.9533E-04   
3.7980E-03   -3.5195E-03   
9.1660E-03   -9.4371E-04   
9.8191E-03   -9.0243E-04   
8.5130E-03   -7.9245E-04   
5.1173E-03   -3.9624E-03   
4.1844E-03   -3.6079E-03   
4.6501E-03   -3.6078E-03   
1.1204E-02   -8.3221E-04   
1.4707E-02   -7.1269E-04   
4.9183E-03   -3.8779E-03   
1.0138E-02   -9.4234E-04   
1.1255E-02   -1.0454E-03   
1.2055E-02   -1.3029E-03   
5.1119E-03   -4.2421E-03   
5.2088E-03   -4.4100E-03   
1.1911E-02   -1.1439E-03   
1.4876E-02   -4.8928E-04   
1.3743E-02   -9.0924E-04   
4.0137E-03   -5.4388E-03   
4.1792E-03   -3.9970E-03   
4.4478E-03   -2.6831E-03   
4.1295E-03   -2.8497E-03   
7.0258E-03   -1.3730E-03   
8.1040E-03   -9.0280E-04   
6.6698E-03   -1.5415E-03   
5.1577E-03   -2.3072E-03   
3.9043E-03   -2.9895E-03   
6.2991E-03   -1.7225E-03   
3.8115E-03   -3.1735E-03   
5.5344E-03   -2.1102E-03   
3.5749E-03   -3.4072E-03   
5.9171E-03   -1.9140E-03   
7.3790E-03   -1.2116E-03   
3.9931E-03   -2.9826E-03   
8.1221E-03   -1.1004E-03   
8.3950E-03   -8.0430E-04   
7.7280E-03   -1.0582E-03   
8.2595E-03   -9.2768E-04   
8.3203E-03   -1.0943E-03   
8.8040E-03   -1.0332E-03   
5.4750E-03   -3.7205E-03   
4.3391E-03   -3.4291E-03   
4.8288E-03   -3.6574E-03   
4.4890E-03   -3.5641E-03   
1.0362E-02   -1.1411E-03   
1.3677E-02   -1.0339E-03   
5.3340E-03   -4.6948E-03   
4.0263E-03   -3.3235E-03   
4.6614E-03   -3.8318E-03   
9.9936E-03   -1.1111E-03   
1.1623E-02   -1.0585E-03   
1.5045E-02   -5.6534E-04   
1.4283E-02   -9.2942E-04   
1.2209E-02   -1.4331E-03   
5.8158E-03   -4.2297E-03   
4.5286E-03   -5.4369E-03   
9.6338E-03   -1.0831E-03   
3.6361E-03   -5.4200E-03   
6.8889E-03   -1.4693E-03   
8.1714E-03   -9.1386E-04   
7.2439E-03   -1.3035E-03   
6.5215E-03   -1.6465E-03   
5.3478E-03   -2.2401E-03   
4.2321E-03   -2.8244E-03   
3.2937E-03   -3.5726E-03   
3.8715E-03   -3.2193E-03   
7.5949E-03   -1.1453E-03   
4.1002E-03   -2.9827E-03   
7.9846E-03   -1.0825E-03   
4.7924E-03   -2.5007E-03   
5.7412E-03   -2.0368E-03   
5.2388E-03   -3.6118E-03   
4.8862E-03   -3.4108E-03   
8.3950E-03   -1.1494E-03   
4.6199E-03   -3.4114E-03   
3.9174E-03   -3.2836E-03   
4.1792E-03   -3.3338E-03   
4.1326E-03   -3.4323E-03   
5.1844E-03   -3.4322E-03   
5.6258E-03   -3.8449E-03   
1.0745E-02   -1.1813E-03   
1.3209E-02   -1.1832E-03   
9.8425E-03   -1.2900E-03   
7.6452E-03   -1.2731E-03   
9.1298E-03   -1.2524E-03   
1.1204E-02   -1.2277E-03   
5.9062E-03   -4.5130E-03   
4.8586E-03   -4.8366E-03   
9.4906E-03   -1.2638E-03   
1.2042E-02   -9.6185E-04   
6.1268E-03   -4.2817E-03   
5.5624E-03   -4.1785E-03   
1.2755E-02   -1.3864E-03   
1.1646E-02   -1.4956E-03   
7.1167E-03   -1.4023E-03   
6.7698E-03   -1.5696E-03   
7.8606E-03   -1.0693E-03   
4.1907E-03   -3.0123E-03   
7.8904E-03   -1.0148E-03   
7.4671E-03   -1.2411E-03   
6.3885E-03   -1.7587E-03   
4.3640E-03   -2.7995E-03   
5.5632E-03   -2.1731E-03   
5.9733E-03   -1.9652E-03   
5.3449E-03   -3.2184E-03   
5.0623E-03   -3.2186E-03   
4.5873E-03   -2.6404E-03   
4.2326E-03   -3.1632E-03   
4.2266E-03   -3.0841E-03   
4.4468E-03   -3.1401E-03   
4.9619E-03   -2.4431E-03   
8.6197E-03   -1.1873E-03   
7.3717E-03   -1.4654E-03   
8.9999E-03   -1.4285E-03   
4.5180E-03   -3.2332E-03   
8.7009E-03   -1.3035E-03   
6.0384E-03   -4.0021E-03   
1.0194E-02   -1.3285E-03   
6.0568E-03   -3.5867E-03   
4.7604E-03   -4.4603E-03   
6.4893E-03   -4.3120E-03   
8.0565E-03   -1.3428E-03   
9.3314E-03   -1.4481E-03   
5.7313E-03   -3.3153E-03   
6.3739E-03   -4.0505E-03   
5.6364E-03   -4.7595E-03   
1.1831E-02   -1.6213E-03   
1.3352E-02   -1.3419E-03   
7.0195E-03   -1.4902E-03   
7.3428E-03   -1.3438E-03   
5.1635E-03   -2.3816E-03   
4.5496E-03   -2.9815E-03   
5.8031E-03   -2.1087E-03   
4.9858E-03   -3.0274E-03   
4.5512E-03   -2.7711E-03   
7.5338E-03   -1.5038E-03   
4.7630E-03   -2.5933E-03   
4.6238E-03   -2.8378E-03   
8.9505E-03   -1.0564E-03   
6.2432E-03   -1.8935E-03   
7.6583E-03   -1.1986E-03   
5.2456E-03   -3.0186E-03   
8.8372E-03   -1.6151E-03   
5.5251E-03   -3.0145E-03   
8.7217E-03   -1.4197E-03   
4.3085E-03   -4.6051E-03   
6.9698E-03   -4.3106E-03   
9.6627E-03   -1.4818E-03   
5.0429E-03   -4.9242E-03   
6.3824E-03   -3.1335E-03   
6.2165E-03   -3.7482E-03   
8.1972E-03   -1.4222E-03   
1.0556E-02   -1.3792E-03   
5.9713E-03   -4.8337E-03   
6.4974E-03   -3.3098E-03   
6.6361E-03   -3.8008E-03   
6.2928E-03   -4.5567E-03   
1.1244E-02   -1.7021E-03   
5.6288E-03   -3.2094E-03   
1.3985E-02   -1.2815E-03   
5.3927E-03   -2.3175E-03   
5.4373E-03   -2.8092E-03   
6.7240E-03   -1.6580E-03   
4.9945E-03   -2.5273E-03   
7.0308E-03   -1.6755E-03   
5.8144E-03   -3.0200E-03   
4.7930E-03   -3.0279E-03   
9.4670E-03   -1.6839E-03   
6.0515E-03   -2.0560E-03   
5.7111E-03   -2.8035E-03   
4.8903E-03   -2.6421E-03   
7.6767E-03   -1.5720E-03   
9.1478E-03   -1.6450E-03   
7.1776E-03   -1.4703E-03   
4.8550E-03   -2.9042E-03   
8.3090E-03   -1.5204E-03   
5.2588E-03   -4.0497E-03   
6.0832E-03   -3.0580E-03   
6.6461E-03   -3.4511E-03   
6.9006E-03   -3.5421E-03   
7.0351E-03   -3.8717E-03   
7.6037E-03   -4.0440E-03   
1.1450E-02   -1.8531E-03   
5.5865E-03   -5.1045E-03   
1.0329E-02   -1.5844E-03   
1.4418E-02   -1.0928E-03   
5.6292E-03   -2.2629E-03   
5.2345E-03   -2.4630E-03   
6.5495E-03   -1.8323E-03   
5.9011E-03   -2.5908E-03   
7.1585E-03   -1.7392E-03   
8.4693E-03   -1.6151E-03   
7.8149E-03   -1.6541E-03   
6.0085E-03   -2.8013E-03   
8.9606E-03   -1.8507E-03   
8.6514E-03   -1.8143E-03   
1.0689E-02   -1.7630E-03   
9.7960E-03   -1.7354E-03   
7.5002E-03   -3.3413E-03   
7.0707E-03   -3.1918E-03   
5.1590E-03   -2.8367E-03   
1.0876E-02   -1.4561E-03   
1.2341E-02   -1.5423E-03   
1.0851E-02   -2.1288E-03   
7.6321E-03   -3.8351E-03   
7.6220E-03   -4.2579E-03   
7.7135E-03   -3.6173E-03   
6.6482E-03   -2.8517E-03   
6.2618E-03   -4.9426E-03   
1.4586E-02   -1.2236E-03   
5.4537E-03   -2.4253E-03   
6.9697E-03   -1.6174E-03   
5.2532E-03   -2.6791E-03   
6.2432E-03   -2.0397E-03   
8.4034E-03   -2.0640E-03   
6.6160E-03   -1.9310E-03   
5.8605E-03   -2.2268E-03   
7.2969E-03   -1.8178E-03   
6.1934E-03   -2.5798E-03   
8.0405E-03   -1.8515E-03   
6.5276E-03   -2.5731E-03   
8.1525E-03   -1.9644E-03   
1.1090E-02   -1.5663E-03   
9.2825E-03   -1.8890E-03   
1.0156E-02   -1.8016E-03   
1.2775E-02   -1.5690E-03   
6.9562E-03   -3.0454E-03   
1.0629E-02   -1.6326E-03   
6.9267E-03   -2.8959E-03   
1.0257E-02   -1.9655E-03   
5.6448E-03   -2.5786E-03   
6.9435E-03   -2.5656E-03   
7.9052E-03   -3.3772E-03   
1.0286E-02   -2.1421E-03   
1.1464E-02   -2.0241E-03   
7.1592E-03   -3.3220E-03   
8.1501E-03   -3.6158E-03   
8.0906E-03   -3.9995E-03   
5.8189E-03   -5.1957E-03   
5.6640E-03   -2.4230E-03   
6.7000E-03   -2.3438E-03   
6.1397E-03   -2.1734E-03   
6.7968E-03   -1.9827E-03   
7.3763E-03   -2.8028E-03   
6.3628E-03   -2.3703E-03   
7.8106E-03   -2.2065E-03   
8.8476E-03   -2.0270E-03   
8.6483E-03   -3.8536E-03   
9.7979E-03   -2.1672E-03   
5.0657E-03   -2.6173E-03   
7.2821E-03   -2.6423E-03   
9.5846E-03   -1.9459E-03   
7.4682E-03   -1.8893E-03   
7.6090E-03   -2.1024E-03   
8.1304E-03   -3.1291E-03   
5.6692E-03   -5.4063E-03   
8.3374E-03   -3.4051E-03   
1.0250E-02   -2.3129E-03   
1.1865E-02   -1.8791E-03   
7.9575E-03   -1.7406E-03   
4.9327E-03   -2.7656E-03   
6.0779E-03   -2.4113E-03   
7.0557E-03   -2.3358E-03   
6.4291E-03   -2.2134E-03   
9.0663E-03   -2.1011E-03   
7.2254E-03   -2.1158E-03   
7.4592E-03   -2.4219E-03   
6.4054E-03   -2.1213E-03   
9.8474E-03   -2.5315E-03   
6.0556E-03   -2.3184E-03   
1.2367E-02   -1.8025E-03   
9.7671E-03   -2.3600E-03   
7.6916E-03   -3.0824E-03   
7.3730E-03   -2.3259E-03   
9.0355E-03   -3.5960E-03   
5.0293E-03   -5.6415E-03   
7.6583E-03   -1.9378E-03   
8.0765E-03   -2.7957E-03   
8.5310E-03   -2.2320E-03   
8.7721E-03   -2.3612E-03   
8.4167E-03   -2.8612E-03   
1.0024E-02   -2.6846E-03   
7.7240E-03   -2.5989E-03   
8.8065E-03   -3.4450E-03   
9.2400E-03   -3.7100E-03   
8.6654E-03   -2.6024E-03   
7.8633E-03   -2.6995E-03   
9.7862E-03   -3.6918E-03   
8.7730E-03   -2.9336E-03   
9.8355E-03   -2.0067E-03   
1.0710E-02   -2.5528E-03   
9.3899E-03   -2.7911E-03   
8.1844E-03   -2.4747E-03   
9.2565E-03   -2.3793E-03   
8.5180E-03   -3.1750E-03   
9.5099E-03   -2.9530E-03   
1.1237E-02   -2.2517E-03   
1.0367E-02   -3.4009E-03   
9.0260E-03   -3.0091E-03   
8.3116E-03   -2.5861E-03   
9.4849E-03   -3.1638E-03   
1.0023E-02   -3.1555E-03   
1.0716E-02   -2.9193E-03   
1.0965E-02   -2.6707E-03   
1.0523E-02   -3.1754E-03   
5.1639E-04   -6.7050E-03   
9.4270E-03   -3.3595E-03   
8.8880E-03   -3.9817E-03   
1.5496E-02   -5.6014E-04   
1.1650E-03   -5.6256E-03   
1.6905E-02   -8.3520E-05   
1.5193E-02   -1.1636E-03   
9.3814E-04   -6.7820E-03   
4.4901E-03   -5.6551E-03   
1.0589E-02   -3.5285E-03   
1.5757E-02   -2.9830E-04   
1.4338E-03   -6.7233E-03   
5.0432E-03   -5.2293E-03   
2.0362E-03   -6.6392E-03   
2.6515E-03   -6.5474E-03   
3.2656E-03   -6.4373E-03   
3.8994E-03   -6.3114E-03   
1.7446E-02   -7.6419E-05   
4.5464E-03   -6.1728E-03   
5.2253E-03   -6.0132E-03   
1.4800E-02   -9.4913E-04   
5.9252E-03   -5.8481E-03   
1.8003E-02   -7.3652E-05   
6.6359E-03   -5.6749E-03   
7.3671E-03   -5.4947E-03   
1.1331E-02   -2.4436E-03   
8.1925E-03   -5.2794E-03   
1.8590E-02   -6.8301E-05   
1.2899E-02   -1.1195E-03   
8.8518E-03   -5.1787E-03   
6.6138E-03   -4.1206E-03   
3.4153E-03   -5.9755E-03   
1.4907E-02   -8.2735E-04   
9.6199E-03   -4.9296E-03   
1.0482E-02   -4.7531E-03   
1.9194E-02   -6.0467E-05   
1.1286E-02   -4.5722E-03   
6.9983E-03   -4.7772E-03   
1.2180E-02   -4.3527E-03   
1.2875E-02   -4.2510E-03   
1.9821E-02   -5.2527E-05   
1.3682E-02   -3.9961E-03   
1.4593E-02   -3.7807E-03   
1.5079E-03   -6.3886E-03   
1.5446E-02   -3.5495E-03   
2.0544E-02   -4.7480E-05   
1.5974E-02   -1.8606E-04   
7.4779E-03   -4.4984E-03   
1.6371E-02   -3.2580E-03   
1.7253E-02   -2.9960E-03   
1.4174E-02   -1.3908E-03   
2.1347E-02   -2.5746E-05   
1.2927E-02   -1.7131E-03   
1.1904E-02   -2.0178E-03   
1.8990E-02   -2.3477E-03   
2.2211E-02   -3.7253E-04   
2.2370E-02   -3.7130E-04   
2.2284E-02   -1.0570E-04   
2.2351E-02   -4.4158E-05   
2.2233E-02   -2.3668E-04   
6.1001E-03   -5.4416E-03   
2.0933E-02   -1.3589E-03   
1.7467E-03   -6.5130E-03   
1.3365E-02   -1.7443E-03   
1.2587E-02   -1.9514E-03   
3.0722E-03   -6.1851E-03   
1.1793E-02   -2.4346E-03   
3.9672E-03   -5.8718E-03   
1.5913E-02   -4.7151E-04   
1.1123E-02   -2.9572E-03   
1.5612E-02   -9.8050E-04   
4.4037E-03   -5.8825E-03   
7.8363E-03   -4.5841E-03   
3.0221E-03   -6.3388E-03   
8.6635E-03   -4.2692E-03   
4.2973E-03   -6.0804E-03   
1.4034E-02   -1.5605E-03   
1.5194E-02   -3.4121E-03   
1.1053E-02   -4.4317E-03   
5.6836E-03   -5.7281E-03   
7.2028E-03   -4.9092E-03   
7.1161E-03   -5.3751E-03   
6.9462E-03   -5.1987E-03   
1.8276E-02   -1.4355E-04   
1.1356E-02   -3.3738E-03   
1.6232E-02   -2.6678E-04   
1.5382E-02   -1.2712E-03   
1.7199E-02   -1.4873E-04   
2.0454E-02   -1.0248E-04   
1.0089E-02   -3.8094E-03   
1.2459E-02   -4.0837E-03   
1.5153E-02   -6.3171E-04   
1.5367E-02   -8.5896E-04   
1.1382E-02   -2.5590E-03   
8.2769E-03   -4.0730E-03   
2.1832E-02   -1.0302E-05   
1.8155E-02   -2.6737E-03   
8.4179E-03   -5.0246E-03   
1.6575E-02   -2.9936E-03   
2.2397E-02   -2.5168E-04   
2.2498E-02   -2.3149E-05   
2.2465E-02   -6.4941E-05   
2.2422E-02   -1.5208E-04   
1.3774E-02   -3.7378E-03   
9.6786E-03   -4.6618E-03   
1.9468E-02   -1.1340E-04   
1.9770E-02   -1.7066E-03   
2.1441E-02   -7.5086E-05   
2.0832E-02   -1.2412E-03   
2.1301E-02   -5.4493E-04   
2.1541E-02   -1.0485E-04   
2.1433E-02   -2.3456E-04   
2.1167E-02   -8.4812E-04   
1.3916E-02   -1.7646E-03   
1.0881E-02   -4.2822E-03   
1.6084E-02   -3.6598E-04   
1.6635E-02   -3.0672E-04   
1.7948E-02   -2.2875E-04   
1.9498E-03   -6.3427E-03   
9.8524E-03   -4.0905E-03   
1.2461E-02   -2.2156E-03   
7.5713E-03   -5.1144E-03   
1.6016E-02   -5.7915E-04   
1.9129E-02   -1.8684E-04   
1.7864E-02   -2.6003E-03   
5.4885E-03   -5.6217E-03   
1.0292E-02   -4.4070E-03   
8.1875E-03   -4.9360E-03   
1.2281E-02   -3.9620E-03   
9.1289E-03   -4.2629E-03   
1.4584E-02   -3.4292E-03   
1.1823E-02   -2.8239E-03   
8.9762E-03   -4.7252E-03   
1.5187E-02   -1.4640E-03   
1.5813E-02   -1.1002E-03   
1.3094E-02   -3.7829E-03   
1.1927E-02   -3.0498E-03   
1.9808E-02   -1.5890E-04   
1.1591E-02   -3.5412E-03   
1.8537E-02   -2.0715E-04   
8.5250E-03   -4.5161E-03   
1.5829E-02   -7.1970E-04   
1.1571E-02   -4.1258E-03   
1.2273E-02   -2.5009E-03   
1.7265E-02   -2.4543E-04   
1.6013E-02   -8.1284E-04   
2.0422E-02   -8.3036E-04   
2.0760E-02   -1.8033E-04   
2.0635E-02   -3.7820E-04   
2.0882E-02   -1.0483E-04   
1.4498E-02   -1.5803E-03   
1.8656E-02   -2.1541E-03   
1.9945E-02   -1.4146E-03   
2.1393E-02   -1.9444E-04   
2.1212E-02   -7.2645E-04   
2.1234E-02   -3.7693E-04   
2.1147E-02   -4.5559E-04   
1.1361E-02   -3.9873E-03   
8.5357E-03   -4.6928E-03   
1.9348E-02   -2.4099E-04   
1.7217E-02   -2.7344E-03   
9.8750E-03   -4.3582E-03   
1.2111E-02   -3.2301E-03   
1.1117E-02   -3.8561E-03   
1.6462E-02   -1.0272E-03   
1.7028E-02   -3.5506E-04   
1.3967E-02   -3.4646E-03   
1.8238E-02   -2.8464E-04   
2.0562E-02   -5.0860E-04   
2.0824E-02   -2.6122E-04   
1.6635E-02   -7.5054E-04   
1.3804E-02   -1.9852E-03   
1.6599E-02   -5.4094E-04   
1.3060E-02   -2.2286E-03   
2.0381E-02   -6.6887E-04   
1.8919E-02   -1.7801E-03   
1.5742E-02   -1.4439E-03   
1.5415E-02   -3.1110E-03   
1.2501E-02   -2.7639E-03   
1.0454E-02   -4.0393E-03   
1.2779E-02   -3.6625E-03   
1.5319E-02   -1.5986E-03   
2.0410E-02   -1.6080E-04   
1.8501E-02   -2.0592E-03   
2.0061E-02   -1.1207E-03   
1.4119E-02   -3.1761E-03   
1.3265E-02   -2.6525E-03   
1.5213E-02   -1.7847E-03   
1.6375E-02   -1.3429E-03   
1.3278E-02   -3.3619E-03   
1.1834E-02   -3.6878E-03   
1.9557E-02   -2.8701E-04   
1.8061E-02   -2.0998E-03   
1.8291E-02   -3.7605E-04   
1.8984E-02   -3.3001E-04   
1.2553E-02   -3.5266E-03   
1.7025E-02   -5.8916E-04   
1.7074E-02   -4.5402E-04   
1.6873E-02   -8.4911E-04   
1.2390E-02   -2.6419E-03   
1.2802E-02   -3.1002E-03   
1.6720E-02   -1.1256E-03   
1.5619E-02   -2.8487E-03   
1.4399E-02   -1.9917E-03   
1.3685E-02   -2.2150E-03   
1.3202E-02   -2.8667E-03   
1.5886E-02   -1.6779E-03   
1.6310E-02   -1.5089E-03   
1.6034E-02   -3.0492E-03   
1.7117E-02   -9.3998E-04   
1.3034E-02   -3.2326E-03   
2.0122E-02   -2.3919E-04   
1.7622E-02   -4.7144E-04   
1.7258E-02   -6.9465E-04   
1.7157E-02   -2.4275E-03   
1.8088E-02   -5.0194E-04   
1.3647E-02   -2.3984E-03   
1.4850E-02   -2.0171E-03   
1.6457E-02   -1.6287E-03   
1.3468E-02   -2.9554E-03   
1.7919E-02   -6.2822E-04   
1.8465E-02   -1.7956E-03   
1.7004E-02   -1.1846E-03   
1.7765E-02   -8.4783E-04   
1.6834E-02   -2.7353E-03   
1.9267E-02   -3.7490E-04   
1.4080E-02   -2.4327E-03   
1.4818E-02   -2.1934E-03   
2.0373E-02   -2.7556E-04   
1.7570E-02   -1.1012E-03   
1.9637E-02   -4.0502E-04   
1.4183E-02   -2.7774E-03   
1.8046E-02   -7.1636E-04   
1.8938E-02   -4.8146E-04   
1.8006E-02   -9.1466E-04   
1.5459E-02   -2.1492E-03   
1.8424E-02   -5.2916E-04   
1.6210E-02   -1.8851E-03   
1.7306E-02   -1.4355E-03   
1.8531E-02   -7.2379E-04   
1.7593E-02   -1.5387E-03   
1.4433E-02   -2.8850E-03   
1.6808E-02   -1.8439E-03   
1.4672E-02   -2.4566E-03   
1.6052E-02   -2.1187E-03   
1.9098E-02   -5.4749E-04   
2.0287E-02   -3.6873E-04   
1.8077E-02   -1.5255E-03   
1.7432E-02   -1.7731E-03   
1.9284E-02   -6.0760E-04   
1.4937E-02   -2.6102E-03   
1.5777E-02   -2.3974E-03   
1.8957E-02   -7.3187E-04   
1.8795E-02   -1.3550E-03   
1.7374E-02   -1.9773E-03   
1.9938E-02   -4.9964E-04   
1.8932E-02   -8.2818E-04   
1.8753E-02   -1.5361E-03   
2.0233E-02   -5.2129E-04   
1.8051E-02   -1.8149E-03   
1.8247E-02   -9.7830E-04   
1.7811E-02   -1.1848E-03   
1.8131E-02   -1.2499E-03   
1.8932E-02   -1.0489E-03   
