51 
1844 
2.1638E-03   -2.3979E-03   
4.1159E-03   -2.0293E-03   
5.6628E-03   -1.4646E-03   
6.6558E-03   -7.6480E-04   
1.2142E-36   -2.5136E-03   
6.9909E-03   -6.2752E-37   
7.1475E-03   -2.2501E-35   
7.4034E-03   -2.3135E-37   
7.9652E-03   9.3594E-36   
8.4740E-03   1.3760E-35   
9.1206E-03   2.9126E-35   
9.9097E-03   4.0161E-35   
1.0517E-02   4.8625E-35   
1.1550E-02   7.3921E-35   
1.2319E-02   8.9665E-35   
1.3152E-02   7.8788E-35   
1.3591E-02   1.2177E-34   
1.4512E-02   1.8023E-34   
1.5490E-02   2.6211E-34   
1.6000E-02   -1.2727E-30   
1.6000E-02   -2.0673E-34   
1.6000E-02   -2.0673E-34   
1.6000E-02   -2.0673E-34   
1.6000E-02   -2.0673E-34   
1.6000E-02   -2.0673E-34   
1.6000E-02   -2.0673E-34   
1.6000E-02   -2.0673E-34   
1.6000E-02   -2.0673E-34   
1.6000E-02   -2.0673E-34   
1.6000E-02   -2.0673E-34   
1.6000E-02   -2.0673E-34   
1.6000E-02   -2.0673E-34   
1.5032E-02   -6.9238E-04   
1.3455E-02   -1.5806E-03   
1.2789E-02   -1.8862E-03   
1.2154E-02   -2.1383E-03   
1.0931E-02   -2.5443E-03   
1.0335E-02   -2.7142E-03   
9.1636E-03   -3.0135E-03   
8.5879E-03   -3.1504E-03   
7.4550E-03   -3.4110E-03   
6.3535E-03   -3.6632E-03   
5.8169E-03   -3.7886E-03   
4.7774E-03   -4.0346E-03   
3.7900E-03   -4.2692E-03   
3.3174E-03   -4.3784E-03   
2.4154E-03   -4.5728E-03   
1.5676E-03   -4.7217E-03   
7.6624E-04   -4.8141E-03   
1.6855E-36   -4.8419E-03   
2.6427E-34   -4.5873E-03   
2.7782E-34   -4.3443E-03   
2.6173E-34   -4.0217E-03   
2.4811E-34   -3.8365E-03   
2.1846E-34   -3.5346E-03   
1.9929E-34   -3.3627E-03   
1.7951E-34   -3.1952E-03   
1.6312E-34   -3.0603E-03   
1.5958E-34   -2.9425E-03   
1.6394E-03   -2.5587E-03   
1.5373E-02   -6.1206E-05   
1.4716E-02   -1.2797E-04   
1.3766E-02   -2.2129E-04   
1.2987E-02   -3.0103E-04   
1.2233E-02   -4.0035E-04   
1.1383E-02   -4.5959E-04   
1.0687E-02   -4.8387E-04   
9.8270E-03   -5.5838E-04   
8.9739E-03   -6.0441E-04   
8.1248E-03   -6.4486E-04   
7.2826E-03   -6.8096E-04   
6.4054E-03   -7.3871E-04   
5.5034E-03   -8.8500E-04   
4.2703E-03   -1.2773E-03   
3.0136E-03   -1.8890E-03   
4.4739E-03   -1.4884E-03   
5.3341E-03   -7.4068E-04   
6.1682E-03   -4.6926E-04   
6.9571E-03   -3.9712E-04   
7.7153E-03   -3.8725E-04   
8.4364E-03   -3.9082E-04   
9.2601E-03   -3.5855E-04   
1.0026E-02   -3.3253E-04   
1.0739E-02   -2.9895E-04   
1.1475E-02   -3.0097E-04   
1.2277E-02   -2.3842E-04   
1.3047E-02   -1.8802E-04   
1.3801E-02   -1.5136E-04   
1.4599E-02   -8.7943E-05   
1.5292E-02   -3.7081E-05   
6.5473E-03   -3.3141E-04   
6.9496E-03   -1.5668E-04   
7.4082E-03   -1.4718E-04   
8.0436E-03   -1.5107E-04   
8.6518E-03   -1.5381E-04   
9.4013E-03   -1.6202E-04   
1.0071E-02   -1.6634E-04   
1.0736E-02   -1.6268E-04   
1.1593E-02   -1.3077E-04   
1.2309E-02   -1.0572E-04   
1.3120E-02   -9.0774E-05   
1.3916E-02   -6.5508E-05   
1.4695E-02   -4.2979E-05   
1.5409E-02   -1.4026E-05   
1.5256E-02   -9.5081E-05   
1.4545E-02   -2.0060E-04   
1.3674E-02   -3.3668E-04   
1.2870E-02   -4.2085E-04   
1.2174E-02   -5.4104E-04   
1.1300E-02   -6.3777E-04   
1.0438E-02   -7.2512E-04   
9.6213E-03   -7.9315E-04   
8.7718E-03   -8.7600E-04   
7.9753E-03   -9.4827E-04   
6.9541E-03   -1.0618E-03   
5.8632E-03   -1.2295E-03   
4.7923E-03   -1.4605E-03   
3.6705E-03   -1.7938E-03   
2.4162E-03   -2.3086E-03   
1.2017E-03   -2.8016E-03   
1.5210E-02   -1.4103E-04   
1.4606E-02   -2.5627E-04   
1.3571E-02   -4.5659E-04   
1.2892E-02   -5.8223E-04   
1.2082E-02   -7.0784E-04   
1.1107E-02   -8.6987E-04   
1.0245E-02   -9.5856E-04   
9.4088E-03   -1.0523E-03   
8.4251E-03   -1.1886E-03   
7.5040E-03   -1.3390E-03   
6.5277E-03   -1.5022E-03   
5.5023E-03   -1.6531E-03   
4.4003E-03   -1.9579E-03   
3.3273E-03   -2.2474E-03   
2.1624E-03   -2.6587E-03   
1.0305E-03   -3.0168E-03   
1.5431E-02   -1.2330E-04   
1.4336E-02   -3.8529E-04   
1.3713E-02   -5.2153E-04   
1.2952E-02   -7.0181E-04   
1.1817E-02   -9.3150E-04   
1.1010E-02   -1.0846E-03   
1.0170E-02   -1.2100E-03   
9.1765E-03   -1.3767E-03   
8.2711E-03   -1.5397E-03   
7.2943E-03   -1.6762E-03   
6.3735E-03   -1.8346E-03   
5.2199E-03   -2.0443E-03   
4.1015E-03   -2.3972E-03   
3.0577E-03   -2.6499E-03   
2.0778E-03   -2.9685E-03   
1.0216E-03   -3.2219E-03   
1.5081E-02   -2.5224E-04   
1.4439E-02   -4.4408E-04   
1.3662E-02   -6.7349E-04   
1.2879E-02   -8.9455E-04   
1.1744E-02   -1.1594E-03   
1.0832E-02   -1.3249E-03   
9.9052E-03   -1.5372E-03   
9.0176E-03   -1.7283E-03   
7.9583E-03   -1.8726E-03   
7.0968E-03   -1.9990E-03   
6.2202E-03   -2.2229E-03   
5.0573E-03   -2.4987E-03   
3.9221E-03   -2.7890E-03   
2.9296E-03   -3.0368E-03   
1.8738E-03   -3.2913E-03   
9.7861E-04   -3.4541E-03   
1.5275E-02   -2.6695E-04   
1.4402E-02   -5.8853E-04   
1.3688E-02   -8.0781E-04   
1.2568E-02   -1.1598E-03   
1.1583E-02   -1.4540E-03   
1.0703E-02   -1.6320E-03   
9.6122E-03   -1.8704E-03   
8.7940E-03   -2.0443E-03   
7.7324E-03   -2.2137E-03   
6.8070E-03   -2.3931E-03   
5.7587E-03   -2.6242E-03   
4.9037E-03   -2.8407E-03   
3.8743E-03   -3.1061E-03   
2.8540E-03   -3.3452E-03   
1.8642E-03   -3.5637E-03   
8.7643E-04   -3.7205E-03   
1.5152E-02   -3.5995E-04   
1.4195E-02   -7.4950E-04   
1.3527E-02   -9.8969E-04   
1.2228E-02   -1.4590E-03   
1.1442E-02   -1.6900E-03   
1.0547E-02   -1.9415E-03   
9.5671E-03   -2.1343E-03   
8.5769E-03   -2.3532E-03   
7.4789E-03   -2.6006E-03   
6.5610E-03   -2.7893E-03   
5.6606E-03   -2.9741E-03   
4.7229E-03   -3.2010E-03   
3.6916E-03   -3.4888E-03   
2.8138E-03   -3.6547E-03   
1.8201E-03   -3.8605E-03   
9.0341E-04   -3.9802E-03   
1.5225E-02   -4.2799E-04   
1.4406E-02   -8.2567E-04   
1.3306E-02   -1.2769E-03   
1.2345E-02   -1.6779E-03   
1.1304E-02   -1.9265E-03   
1.0299E-02   -2.1872E-03   
9.3426E-03   -2.4342E-03   
8.3847E-03   -2.6640E-03   
7.4269E-03   -2.8886E-03   
6.3739E-03   -3.0862E-03   
5.4430E-03   -3.3750E-03   
4.4666E-03   -3.5688E-03   
3.5886E-03   -3.7482E-03   
2.6757E-03   -3.9626E-03   
1.7355E-03   -4.1562E-03   
9.6440E-04   -4.2344E-03   
1.4999E-02   -6.4939E-04   
1.3998E-02   -1.2249E-03   
1.3165E-02   -1.5532E-03   
1.1866E-02   -2.0311E-03   
1.1080E-02   -2.2633E-03   
9.9893E-03   -2.5577E-03   
9.0426E-03   -2.8104E-03   
8.1997E-03   -2.9647E-03   
7.1846E-03   -3.1887E-03   
6.2265E-03   -3.4583E-03   
5.4227E-03   -3.6234E-03   
4.4498E-03   -3.8609E-03   
3.4481E-03   -4.0920E-03   
2.5552E-03   -4.2721E-03   
1.7019E-03   -4.4267E-03   
7.6137E-04   -4.5789E-03   
2.7172E-04   -2.5221E-03   
5.4685E-04   -2.5170E-03   
8.2062E-04   -2.5073E-03   
1.0935E-03   -2.4937E-03   
1.3647E-03   -2.4760E-03   
1.6338E-03   -2.4540E-03   
1.9003E-03   -2.4279E-03   
2.4238E-03   -2.3643E-03   
2.6800E-03   -2.3269E-03   
2.9320E-03   -2.2860E-03   
3.1794E-03   -2.2415E-03   
3.4219E-03   -2.1935E-03   
3.6591E-03   -2.1420E-03   
3.8906E-03   -2.0873E-03   
4.3348E-03   -1.9682E-03   
4.5469E-03   -1.9041E-03   
4.7518E-03   -1.8372E-03   
4.9497E-03   -1.7677E-03   
5.1401E-03   -1.6956E-03   
5.3227E-03   -1.6209E-03   
5.4970E-03   -1.5438E-03   
5.8198E-03   -1.3833E-03   
5.9678E-03   -1.3001E-03   
6.1067E-03   -1.2148E-03   
6.2361E-03   -1.1278E-03   
6.3559E-03   -1.0392E-03   
6.4659E-03   -9.4907E-04   
6.5659E-03   -8.5757E-04   
6.7354E-03   -6.7086E-04   
6.8046E-03   -5.7581E-04   
6.8631E-03   -4.7955E-04   
6.9069E-03   -3.8251E-04   
6.9510E-03   -2.8723E-04   
6.9713E-03   -1.9286E-04   
6.9919E-03   -9.3637E-05   
7.0369E-03   -1.1113E-34   
7.0624E-03   -1.0331E-34   
7.0828E-03   -7.6442E-35   
7.1018E-03   -4.0538E-35   
7.1224E-03   -3.0383E-35   
7.1793E-03   -1.6099E-35   
7.2195E-03   -1.0887E-35   
7.2696E-03   -6.6393E-36   
7.3306E-03   -3.1448E-36   
7.4887E-03   2.2073E-36   
7.5871E-03   4.2592E-36   
7.6991E-03   6.0436E-36   
7.8250E-03   7.7079E-36   
8.1198E-03   1.0849E-35   
8.2894E-03   1.2325E-35   
8.6740E-03   1.5356E-35   
8.8894E-03   1.6994E-35   
9.3676E-03   3.0681E-35   
9.6306E-03   2.3139E-35   
1.0205E-02   4.3443E-35   
1.0845E-02   5.6238E-35   
1.1189E-02   6.3488E-35   
1.1927E-02   7.6540E-35   
1.2728E-02   1.0228E-34   
1.4045E-02   1.5278E-34   
1.4994E-02   1.6013E-34   
1.6000E-02   -2.0673E-34   
1.6000E-02   -2.0673E-34   
1.6000E-02   -2.0673E-34   
1.6000E-02   -2.0673E-34   
1.6000E-02   -2.0673E-34   
1.4171E-02   -1.2142E-03   
1.1537E-02   -2.3548E-03   
9.7464E-03   -2.8690E-03   
8.0179E-03   -3.2824E-03   
6.8999E-03   -3.5378E-03   
5.2912E-03   -3.9124E-03   
4.2768E-03   -4.1541E-03   
2.8591E-03   -4.4801E-03   
1.9850E-03   -4.6533E-03   
1.1614E-03   -4.7752E-03   
3.8071E-04   -4.8382E-03   
1.9656E-34   -4.7147E-03   
2.7471E-34   -4.4633E-03   
2.6916E-34   -4.2309E-03   
3.9074E-34   -4.1234E-03   
3.9428E-34   -3.9261E-03   
2.4234E-34   -3.7527E-03   
2.3576E-34   -3.6745E-03   
2.2672E-34   -3.6019E-03   
2.1160E-34   -3.4725E-03   
2.0519E-34   -3.4152E-03   
1.9430E-34   -3.3147E-03   
1.8938E-34   -3.2709E-03   
1.8420E-34   -3.2312E-03   
1.7541E-34   -3.1627E-03   
1.7170E-34   -3.1332E-03   
1.6839E-34   -3.1066E-03   
1.6552E-34   -3.0824E-03   
1.6118E-34   -3.0397E-03   
1.5973E-34   -3.0203E-03   
1.5880E-34   -3.0015E-03   
1.5845E-34   -2.9828E-03   
1.5871E-34   -2.9633E-03   
1.6103E-34   -2.9196E-03   
1.6298E-34   -2.8935E-03   
1.6569E-34   -2.8634E-03   
1.6930E-34   -2.8282E-03   
1.7496E-34   -2.7871E-03   
2.7485E-34   -2.7371E-03   
2.7718E-34   -2.6787E-03   
2.2804E-34   -2.6013E-03   
2.9294E-03   -2.2608E-03   
4.5226E-03   -1.7958E-03   
5.1191E-03   -1.5611E-03   
3.4071E-03   -2.1430E-03   
6.4918E-03   -8.0626E-04   
2.1883E-03   -2.4086E-03   
9.0309E-04   -2.5653E-03   
6.1178E-03   -1.0620E-03   
6.8420E-03   -4.6298E-04   
5.6580E-03   -1.3151E-03   
3.8688E-03   -2.0121E-03   
6.6889E-03   -6.3504E-04   
4.0927E-03   -1.9425E-03   
1.9359E-03   -2.4494E-03   
5.4875E-03   -1.3983E-03   
6.2525E-03   -9.7698E-04   
7.0110E-03   -1.2949E-04   
3.4773E-04   -2.5947E-03   
1.6815E-03   -2.4856E-03   
4.7267E-03   -1.7191E-03   
4.9239E-03   -1.6406E-03   
6.5958E-03   -7.2073E-04   
1.1656E-03   -2.5436E-03   
6.9022E-03   -3.7554E-04   
6.2953E-04   -2.5838E-03   
1.4249E-03   -2.5171E-03   
6.3773E-03   -8.9172E-04   
6.7709E-03   -5.4909E-04   
2.4383E-03   -2.3634E-03   
5.9736E-03   -1.1469E-03   
5.8202E-03   -1.2313E-03   
3.6403E-03   -2.0791E-03   
2.6855E-03   -2.3141E-03   
3.1702E-03   -2.2037E-03   
4.3111E-03   -1.8704E-03   
5.3073E-03   -1.4803E-03   
2.0099E-04   -2.7595E-03   
1.9115E-04   -2.8047E-03   
1.8409E-04   -2.8430E-03   
1.7758E-04   -2.8755E-03   
1.7252E-04   -2.9033E-03   
1.6943E-04   -2.9274E-03   
1.6773E-04   -2.9490E-03   
1.6702E-04   -2.9689E-03   
1.6711E-04   -2.9878E-03   
7.0635E-03   -6.2433E-05   
1.6791E-04   -3.0064E-03   
7.0820E-03   -4.9284E-05   
1.6941E-04   -3.0254E-03   
7.1007E-03   -3.9782E-05   
1.7159E-04   -3.0453E-03   
7.1231E-03   -3.2703E-05   
1.7441E-04   -3.0666E-03   
7.1512E-03   -2.7792E-05   
1.7783E-04   -3.0897E-03   
7.1872E-03   -2.4578E-05   
1.8180E-04   -3.1151E-03   
7.2325E-03   -2.2777E-05   
1.8629E-04   -3.1431E-03   
7.2882E-03   -2.2122E-05   
1.9126E-04   -3.1741E-03   
7.3555E-03   -2.2350E-05   
1.9672E-04   -3.2084E-03   
7.4349E-03   -2.3253E-05   
2.0241E-04   -3.2463E-03   
7.5272E-03   -2.4751E-05   
2.0824E-04   -3.2879E-03   
7.6331E-03   -2.6723E-05   
2.1481E-04   -3.3338E-03   
7.7527E-03   -2.9015E-05   
2.2238E-04   -3.3841E-03   
7.8864E-03   -3.1505E-05   
2.3033E-04   -3.4390E-03   
8.0346E-03   -3.3896E-05   
2.3842E-04   -3.4988E-03   
8.1964E-03   -3.6643E-05   
2.4658E-04   -3.5634E-03   
8.3717E-03   -3.9620E-05   
2.5455E-04   -3.6327E-03   
8.5614E-03   -4.3089E-05   
2.6532E-04   -3.7066E-03   
8.7676E-03   -4.6226E-05   
2.7806E-04   -3.7863E-03   
8.9906E-03   -4.8494E-05   
2.8484E-04   -3.8723E-03   
9.2298E-03   -5.0637E-05   
2.9188E-04   -3.9635E-03   
9.4873E-03   -5.2765E-05   
3.1255E-04   -4.0615E-03   
9.7639E-03   -5.3727E-05   
3.2471E-04   -4.1686E-03   
1.0050E-02   -5.2566E-05   
3.2689E-04   -4.2818E-03   
1.0347E-02   -5.4395E-05   
3.3946E-04   -4.3998E-03   
1.0666E-02   -5.5056E-05   
3.5944E-04   -4.5268E-03   
3.6367E-03   -2.0095E-03   
5.6691E-03   -1.1772E-03   
6.2799E-03   -8.4260E-04   
2.6992E-03   -2.2891E-03   
6.9952E-03   -1.8982E-04   
7.3026E-04   -2.6321E-03   
4.7081E-03   -1.6033E-03   
6.8798E-03   -3.6742E-04   
1.2323E-03   -2.5791E-03   
1.9739E-03   -2.4563E-03   
1.7293E-03   -2.5023E-03   
5.3090E-03   -1.3480E-03   
4.0869E-03   -1.8528E-03   
6.6313E-03   -6.0188E-04   
6.7255E-03   -5.2333E-04   
4.3031E-03   -1.7717E-03   
5.1134E-03   -1.4325E-03   
6.4080E-03   -7.6144E-04   
6.1415E-03   -9.2482E-04   
2.9372E-03   -2.2245E-03   
2.2175E-03   -2.4052E-03   
4.4885E-04   -2.6590E-03   
3.1729E-03   -2.1562E-03   
4.5079E-03   -1.6880E-03   
4.9115E-03   -1.5173E-03   
6.5253E-03   -6.8123E-04   
6.8081E-03   -4.4525E-04   
3.4064E-03   -2.0844E-03   
5.8356E-03   -1.0923E-03   
1.4819E-03   -2.5434E-03   
2.4594E-03   -2.3494E-03   
5.9933E-03   -1.0081E-03   
6.9418E-03   -2.8696E-04   
9.7976E-04   -2.6087E-03   
5.4935E-03   -1.2629E-03   
3.8642E-03   -1.9323E-03   
2.0947E-04   -2.7051E-03   
4.0049E-04   -2.7683E-03   
3.8230E-04   -2.8124E-03   
3.6595E-04   -2.8476E-03   
3.5100E-04   -2.8777E-03   
3.4170E-04   -2.9032E-03   
3.3669E-04   -2.9255E-03   
3.3435E-04   -2.9457E-03   
7.0416E-03   -8.4897E-05   
3.3386E-04   -2.9647E-03   
3.3488E-04   -2.9831E-03   
7.0434E-03   -1.0808E-04   
3.3731E-04   -3.0017E-03   
7.0584E-03   -8.8678E-05   
3.4111E-04   -3.0209E-03   
7.0778E-03   -7.2025E-05   
3.4622E-04   -3.0413E-03   
7.1024E-03   -6.0387E-05   
3.5253E-04   -3.0634E-03   
7.1342E-03   -5.2636E-05   
3.5980E-04   -3.0875E-03   
7.1748E-03   -4.7815E-05   
3.6903E-04   -3.1140E-03   
7.2256E-03   -4.5518E-05   
3.7998E-04   -3.1433E-03   
7.2875E-03   -4.5249E-05   
3.9036E-04   -3.1760E-03   
7.3613E-03   -4.6506E-05   
4.0000E-04   -3.2122E-03   
7.4483E-03   -4.8905E-05   
4.1022E-04   -3.2517E-03   
7.5491E-03   -5.2449E-05   
4.2226E-04   -3.2952E-03   
7.6629E-03   -5.6894E-05   
4.3653E-04   -3.3431E-03   
7.7910E-03   -6.1934E-05   
4.5242E-04   -3.3956E-03   
7.9352E-03   -6.6453E-05   
4.6896E-04   -3.4530E-03   
8.0905E-03   -7.0059E-05   
4.8539E-04   -3.5153E-03   
8.2528E-03   -7.6533E-05   
4.9888E-04   -3.5823E-03   
8.4310E-03   -8.2393E-05   
5.0878E-04   -3.6524E-03   
8.6252E-03   -9.0735E-05   
5.3988E-04   -3.7249E-03   
8.8408E-03   -9.5832E-05   
5.6765E-04   -3.8072E-03   
9.0730E-03   -9.9179E-05   
5.6740E-04   -3.8970E-03   
9.3214E-03   -1.0409E-04   
5.9299E-04   -3.9859E-03   
9.5976E-03   -1.0751E-04   
6.7605E-04   -4.0865E-03   
9.8944E-03   -1.0732E-04   
6.5114E-04   -4.2071E-03   
1.0167E-02   -9.9606E-05   
6.6281E-04   -4.3204E-03   
1.0459E-02   -1.1938E-04   
6.9653E-04   -4.4389E-03   
1.1002E-02   -5.8023E-05   
4.7081E-03   -1.4924E-03   
4.9246E-03   -1.3992E-03   
4.0970E-03   -1.7640E-03   
5.1296E-03   -1.3118E-03   
3.8756E-03   -1.8497E-03   
1.7782E-03   -2.5062E-03   
2.0156E-03   -2.4507E-03   
2.2521E-03   -2.3900E-03   
2.4875E-03   -2.3244E-03   
2.7220E-03   -2.2540E-03   
1.5368E-03   -2.5570E-03   
2.9555E-03   -2.1793E-03   
3.6490E-03   -1.9354E-03   
5.3276E-03   -1.2253E-03   
3.1881E-03   -2.1009E-03   
3.4197E-03   -2.0194E-03   
1.2881E-03   -2.6034E-03   
5.5154E-03   -1.1376E-03   
6.5648E-03   -5.7211E-04   
6.6711E-03   -4.9893E-04   
6.7640E-03   -4.2787E-04   
6.4463E-03   -6.4709E-04   
1.0401E-03   -2.6426E-03   
5.6942E-03   -1.0509E-03   
6.3165E-03   -7.2375E-04   
6.0248E-03   -8.8292E-04   
5.8641E-03   -9.6591E-04   
6.1759E-03   -8.0238E-04   
8.0675E-04   -2.6673E-03   
6.0746E-04   -2.6856E-03   
6.8448E-03   -3.5736E-04   
6.9158E-03   -2.8567E-04   
6.9774E-03   -2.1235E-04   
4.1687E-04   -2.7232E-03   
5.7613E-04   -2.8074E-03   
5.4023E-04   -2.8422E-03   
5.1913E-04   -2.8700E-03   
5.0808E-04   -2.8933E-03   
5.0270E-04   -2.9138E-03   
5.0083E-04   -2.9327E-03   
7.0259E-03   -1.3483E-04   
5.0149E-04   -2.9508E-03   
5.0432E-04   -2.9688E-03   
6.9945E-03   -1.5363E-04   
5.0920E-04   -2.9873E-03   
7.0136E-03   -1.2063E-04   
5.1606E-04   -3.0068E-03   
7.0347E-03   -9.9771E-05   
5.2479E-04   -3.0278E-03   
7.0620E-03   -8.5816E-05   
5.3468E-04   -3.0508E-03   
7.0979E-03   -7.6959E-05   
5.4792E-04   -3.0754E-03   
7.1443E-03   -7.1649E-05   
5.6919E-04   -3.1018E-03   
7.2011E-03   -7.0017E-05   
5.8561E-04   -3.1329E-03   
7.2686E-03   -7.1179E-05   
5.9531E-04   -3.1684E-03   
7.3503E-03   -7.3975E-05   
6.0843E-04   -3.2063E-03   
7.4469E-03   -7.8227E-05   
6.2265E-04   -3.2478E-03   
7.5548E-03   -8.4564E-05   
6.4165E-04   -3.2928E-03   
7.6764E-03   -9.2247E-05   
6.6707E-04   -3.3422E-03   
7.8174E-03   -9.9542E-05   
6.9301E-04   -3.3971E-03   
7.9780E-03   -1.0487E-04   
7.1798E-04   -3.4576E-03   
8.1309E-03   -1.0489E-04   
7.3901E-04   -3.5238E-03   
8.2798E-03   -1.2483E-04   
7.4599E-04   -3.5953E-03   
7.3189E-04   -3.6625E-03   
8.5651E-04   -3.8281E-03   
9.1289E-03   -1.5403E-04   
9.5471E-04   -4.1336E-03   
9.9562E-04   -4.3402E-03   
9.7046E-03   -1.6580E-04   
1.1372E-02   -6.2223E-05   
6.8007E-03   -3.4864E-04   
6.8791E-03   -2.8335E-04   
6.9508E-03   -2.1698E-04   
4.3150E-03   -1.5976E-03   
4.1256E-03   -1.6735E-03   
1.5930E-03   -2.5593E-03   
1.3466E-03   -2.6165E-03   
2.5232E-03   -2.2902E-03   
1.8295E-03   -2.4991E-03   
2.7539E-03   -2.2107E-03   
2.0620E-03   -2.4344E-03   
3.9039E-03   -1.7653E-03   
5.1667E-03   -1.2039E-03   
2.2929E-03   -2.3649E-03   
6.4918E-03   -5.4630E-04   
6.3610E-03   -6.1877E-04   
2.9849E-03   -2.1269E-03   
3.2160E-03   -2.0396E-03   
5.9040E-03   -8.5147E-04   
6.0667E-03   -7.7103E-04   
6.6113E-03   -4.7577E-04   
1.0902E-03   -2.6682E-03   
6.7138E-03   -4.1130E-04   
3.6766E-03   -1.8578E-03   
5.7318E-03   -9.3547E-04   
3.4471E-03   -1.9497E-03   
6.2192E-03   -6.9360E-04   
5.3619E-03   -1.1123E-03   
5.5508E-03   -1.0227E-03   
7.4111E-04   -2.7985E-03   
7.0143E-04   -2.8290E-03   
6.8235E-04   -2.8532E-03   
6.7260E-04   -2.8738E-03   
6.6846E-04   -2.8924E-03   
6.6818E-04   -2.9099E-03   
6.7098E-04   -2.9272E-03   
6.7647E-04   -2.9449E-03   
7.0017E-03   -1.6387E-04   
6.9336E-03   -1.7943E-04   
6.8451E-04   -2.9635E-03   
6.9496E-03   -1.4841E-04   
6.9511E-04   -2.9834E-03   
6.9733E-03   -1.2578E-04   
7.0762E-04   -3.0050E-03   
7.0038E-03   -1.1148E-04   
7.2208E-04   -3.0283E-03   
7.0443E-03   -1.0307E-04   
7.4206E-04   -3.0524E-03   
7.0993E-03   -9.7524E-05   
7.9688E-04   -3.0753E-03   
7.1589E-03   -9.8301E-05   
7.8865E-04   -3.1154E-03   
7.2314E-03   -1.0166E-04   
8.0487E-04   -3.1518E-03   
7.3262E-03   -1.0611E-04   
8.2091E-04   -3.1928E-03   
7.4316E-03   -1.1191E-04   
8.6931E-04   -3.2803E-03   
9.8757E-04   -3.6138E-03   
7.6728E-03   -1.3432E-04   
9.1335E-04   -3.3301E-03   
9.4677E-04   -3.3893E-03   
1.0055E-03   -3.5278E-03   
8.4781E-03   -1.2320E-04   
8.9154E-03   -1.4153E-04   
9.1758E-03   -2.1662E-04   
7.8369E-03   -1.4378E-04   
1.3173E-03   -4.2364E-03   
9.4706E-03   -2.2427E-04   
9.9747E-04   -4.0474E-03   
8.2087E-03   -1.7588E-04   
1.1847E-03   -3.7503E-03   
6.9117E-03   -2.2264E-04   
6.8283E-03   -2.8665E-04   
6.7525E-03   -3.4441E-04   
4.8273E-03   -1.2773E-03   
4.7482E-03   -1.3794E-03   
5.0068E-03   -1.1918E-03   
3.9569E-03   -1.6791E-03   
6.5445E-03   -4.5697E-04   
1.6596E-03   -2.5488E-03   
6.6646E-03   -3.8985E-04   
1.4175E-03   -2.6152E-03   
1.1660E-03   -2.6767E-03   
1.8909E-03   -2.4801E-03   
2.5670E-03   -2.2485E-03   
2.3403E-03   -2.3315E-03   
3.7211E-03   -1.7777E-03   
2.1164E-03   -2.4082E-03   
2.7956E-03   -2.1606E-03   
5.2081E-03   -1.0993E-03   
5.9537E-03   -7.4879E-04   
6.4122E-03   -5.2637E-04   
3.0256E-03   -2.0687E-03   
6.1172E-03   -6.7135E-04   
6.2700E-03   -5.9746E-04   
5.7801E-03   -8.3061E-04   
3.2568E-03   -1.9736E-03   
3.4888E-03   -1.8763E-03   
5.5972E-03   -9.1672E-04   
5.4060E-03   -1.0067E-03   
7.3373E-04   -2.7410E-03   
8.8050E-04   -2.7834E-03   
8.5751E-04   -2.8067E-03   
8.4378E-04   -2.8268E-03   
8.3690E-04   -2.8447E-03   
8.3519E-04   -2.8614E-03   
8.3761E-04   -2.8778E-03   
8.4334E-04   -2.8944E-03   
8.5213E-04   -2.9118E-03   
6.8407E-03   -2.1290E-04   
8.6418E-04   -2.9305E-03   
6.8701E-03   -1.7402E-04   
8.7931E-04   -2.9507E-03   
8.9526E-04   -2.9731E-03   
6.8962E-03   -1.5241E-04   
6.9282E-03   -1.3988E-04   
9.0658E-04   -2.9987E-03   
6.9697E-03   -1.3490E-04   
9.5813E-04   -3.0629E-03   
7.0810E-03   -1.3575E-04   
9.9694E-04   -3.0885E-03   
7.2951E-03   -1.4372E-04   
7.1847E-03   -1.3832E-04   
1.0294E-03   -3.1272E-03   
1.1401E-03   -3.2463E-03   
8.3443E-04   -3.2369E-03   
1.1769E-03   -3.3095E-03   
1.2210E-03   -3.3719E-03   
1.2308E-03   -4.0636E-03   
1.2129E-03   -3.9696E-03   
1.2691E-03   -3.4409E-03   
7.6596E-03   -1.8502E-04   
8.4003E-03   -1.6600E-04   
8.0328E-03   -2.1352E-04   
8.8733E-03   -2.0297E-04   
7.8390E-03   -1.9672E-04   
7.5414E-03   -1.2289E-04   
1.3298E-03   -3.5239E-03   
1.1325E-03   -3.8718E-03   
1.2471E-03   -3.6396E-03   
9.7768E-03   -2.3011E-04   
1.2589E-03   -4.3492E-03   
1.1920E-03   -4.1541E-03   
9.2240E-03   -2.8424E-04   
4.6017E-03   -1.3419E-03   
6.8551E-03   -2.3758E-04   
6.5998E-03   -3.7821E-04   
1.7422E-03   -2.5243E-03   
6.4654E-03   -4.4617E-04   
1.5126E-03   -2.5970E-03   
1.0458E-03   -2.7204E-03   
3.7825E-03   -1.6929E-03   
2.3941E-03   -2.2911E-03   
2.1738E-03   -2.3754E-03   
1.9602E-03   -2.4519E-03   
5.0532E-03   -1.1040E-03   
2.6193E-03   -2.2005E-03   
6.0115E-03   -6.5715E-04   
2.8474E-03   -2.1051E-03   
6.1740E-03   -5.8332E-04   
6.3247E-03   -5.1343E-04   
5.8376E-03   -7.3608E-04   
3.0780E-03   -2.0058E-03   
3.5446E-03   -1.7995E-03   
5.2600E-03   -1.0039E-03   
5.6536E-03   -8.2028E-04   
3.3107E-03   -1.9037E-03   
5.4606E-03   -9.0977E-04   
1.0571E-03   -2.7335E-03   
1.0360E-03   -2.7540E-03   
4.3001E-03   -1.4705E-03   
1.0186E-03   -2.7731E-03   
4.0313E-03   -1.5827E-03   
1.0072E-03   -2.7905E-03   
1.0030E-03   -2.8062E-03   
1.0044E-03   -2.8212E-03   
1.0101E-03   -2.8365E-03   
1.0196E-03   -2.8525E-03   
1.0328E-03   -2.8697E-03   
1.1816E-03   -3.0113E-03   
6.7601E-03   -2.2723E-04   
1.0499E-03   -2.8883E-03   
1.0705E-03   -2.9090E-03   
6.7807E-03   -1.9982E-04   
1.0912E-03   -2.9337E-03   
6.8036E-03   -1.8250E-04   
6.8320E-03   -1.7413E-04   
9.1128E-04   -3.0237E-03   
7.0263E-03   -1.7580E-04   
1.2328E-03   -3.0490E-03   
1.2299E-03   -3.1681E-03   
8.2900E-03   -2.2943E-04   
7.8140E-03   -2.5808E-04   
7.2728E-03   -1.9141E-04   
1.4562E-03   -3.2794E-03   
7.1333E-03   -1.8187E-04   
1.5232E-03   -3.3404E-03   
1.0373E-03   -3.1755E-03   
1.4839E-03   -4.0973E-03   
1.5764E-03   -3.4100E-03   
8.5766E-03   -2.2368E-04   
1.5262E-03   -3.6616E-03   
1.4769E-03   -3.7718E-03   
7.4847E-03   -1.7396E-04   
1.5223E-03   -3.9767E-03   
1.4038E-03   -3.2224E-03   
7.6366E-03   -2.4281E-04   
9.5257E-03   -2.9155E-04   
8.9414E-03   -2.7287E-04   
6.6354E-03   -3.1919E-04   
6.5109E-03   -3.8081E-04   
6.7438E-03   -2.9826E-04   
1.4032E-03   -2.6358E-03   
1.8350E-03   -2.4906E-03   
4.8880E-03   -1.1184E-03   
2.2336E-03   -2.3372E-03   
6.3762E-03   -4.4330E-04   
2.0177E-03   -2.4225E-03   
2.4551E-03   -2.2452E-03   
8.5255E-04   -2.7450E-03   
2.6806E-03   -2.1474E-03   
3.6150E-03   -1.7195E-03   
5.9028E-03   -6.5140E-04   
6.2306E-03   -5.0849E-04   
6.0730E-03   -5.7740E-04   
5.1099E-03   -1.0128E-03   
2.9098E-03   -2.0451E-03   
5.7188E-03   -7.3284E-04   
3.1420E-03   -1.9392E-03   
3.3771E-03   -1.8305E-03   
5.3216E-03   -9.1368E-04   
5.5246E-03   -8.2051E-04   
3.8632E-03   -1.6043E-03   
1.2258E-03   -2.6937E-03   
1.2034E-03   -2.7118E-03   
1.1817E-03   -2.7300E-03   
1.2568E-03   -2.6715E-03   
1.1725E-03   -2.7451E-03   
4.1222E-03   -1.4855E-03   
4.3915E-03   -1.3618E-03   
1.1718E-03   -2.7586E-03   
6.7290E-03   -2.6475E-04   
4.6505E-03   -1.2369E-03   
1.1771E-03   -2.7721E-03   
1.1872E-03   -2.7862E-03   
1.2203E-03   -2.8184E-03   
6.6647E-03   -2.5163E-04   
1.2452E-03   -2.8365E-03   
1.2800E-03   -2.8561E-03   
6.6726E-03   -2.3206E-04   
6.6938E-03   -2.1845E-04   
1.2534E-03   -2.9471E-03   
1.2958E-03   -3.0922E-03   
6.9483E-03   -2.2394E-04   
7.4740E-03   -2.2970E-04   
1.7513E-03   -3.2322E-03   
1.0847E-03   -2.9692E-03   
8.0038E-03   -2.7758E-04   
1.4192E-03   -2.9657E-03   
7.5911E-03   -3.0757E-04   
1.3780E-03   -3.1731E-03   
1.8048E-03   -3.6807E-03   
1.6661E-03   -3.1820E-03   
1.6479E-03   -3.4639E-03   
7.3384E-03   -2.2329E-04   
8.7062E-03   -2.6456E-04   
7.0573E-03   -2.3561E-04   
1.5888E-03   -3.5517E-03   
1.4832E-03   -3.8739E-03   
8.9651E-03   -3.4554E-04   
9.8046E-03   -2.9303E-04   
1.5561E-03   -4.3052E-03   
1.8990E-03   -3.9873E-03   
8.4806E-03   -1.9163E-04   
6.4189E-03   -3.8814E-04   
1.8443E-03   -2.4821E-03   
3.6999E-03   -1.6371E-03   
2.0822E-03   -2.3866E-03   
2.3021E-03   -2.2932E-03   
6.2816E-03   -4.4870E-04   
2.5244E-03   -2.1944E-03   
4.9569E-03   -1.0334E-03   
5.9737E-03   -5.7718E-04   
6.1363E-03   -5.1054E-04   
2.7515E-03   -2.0901E-03   
5.7921E-03   -6.5426E-04   
3.4557E-03   -1.7548E-03   
2.9828E-03   -1.9814E-03   
5.1799E-03   -9.2863E-04   
3.2178E-03   -1.8694E-03   
5.5978E-03   -7.3906E-04   
5.3932E-03   -8.3078E-04   
1.4197E-03   -2.6372E-03   
1.3604E-03   -2.6648E-03   
6.6535E-03   -2.7891E-04   
1.3448E-03   -2.6789E-03   
4.4736E-03   -1.2666E-03   
3.9545E-03   -1.5153E-03   
4.7216E-03   -1.1464E-03   
1.3416E-03   -2.6905E-03   
1.3453E-03   -2.7020E-03   
4.2146E-03   -1.3911E-03   
1.3555E-03   -2.7140E-03   
1.3709E-03   -2.7270E-03   
1.3911E-03   -2.7417E-03   
6.7218E-03   -2.1354E-04   
1.4182E-03   -2.7573E-03   
1.3262E-03   -2.8813E-03   
1.4573E-03   -2.7725E-03   
6.5279E-03   -2.9344E-04   
7.2810E-03   -2.7502E-04   
6.5465E-03   -2.7124E-04   
1.4813E-03   -2.9967E-03   
1.5115E-03   -3.0901E-03   
6.8542E-03   -2.1752E-04   
1.3933E-03   -2.9332E-03   
7.1649E-03   -2.5560E-04   
1.9108E-03   -3.1354E-03   
1.9288E-03   -3.4430E-03   
1.6041E-03   -3.1315E-03   
1.8270E-03   -3.3853E-03   
6.8482E-03   -2.8316E-04   
8.4337E-03   -3.0103E-04   
2.1508E-03   -3.5778E-03   
8.6981E-03   -3.2913E-04   
1.7337E-03   -3.7821E-03   
8.9755E-03   -4.2558E-04   
1.9473E-03   -4.2383E-03   
9.6141E-03   -3.6798E-04   
1.0078E-02   -2.4827E-04   
2.1678E-03   -4.0704E-03   
8.1641E-03   -3.0711E-04   
6.4594E-03   -3.4263E-04   
1.6235E-03   -2.5641E-03   
1.9563E-03   -2.4313E-03   
2.1633E-03   -2.3418E-03   
3.5452E-03   -1.6778E-03   
2.3794E-03   -2.2441E-03   
6.1957E-03   -4.5943E-04   
6.0567E-03   -5.1006E-04   
2.6028E-03   -2.1395E-03   
1.5183E-03   -2.6058E-03   
5.8759E-03   -5.8257E-04   
5.0371E-03   -9.5300E-04   
2.8323E-03   -2.0291E-03   
3.3035E-03   -1.7975E-03   
5.6803E-03   -6.6471E-04   
3.0664E-03   -1.9147E-03   
5.2605E-03   -8.4991E-04   
5.4748E-03   -7.5390E-04   
1.5163E-03   -2.6104E-03   
3.7954E-03   -1.5542E-03   
4.5608E-03   -1.1801E-03   
4.8036E-03   -1.0634E-03   
1.5160E-03   -2.6171E-03   
4.3082E-03   -1.3028E-03   
1.5155E-03   -2.6271E-03   
1.5247E-03   -2.6366E-03   
4.0513E-03   -1.4284E-03   
6.5713E-03   -2.9754E-04   
1.5904E-03   -2.6722E-03   
1.5409E-03   -2.6469E-03   
6.5668E-03   -2.6154E-04   
1.5628E-03   -2.6587E-03   
6.8520E-03   -1.7627E-04   
1.5156E-03   -2.8570E-03   
1.5097E-03   -2.7875E-03   
1.6020E-03   -2.8768E-03   
1.6287E-03   -2.6852E-03   
6.3928E-03   -3.3158E-04   
6.9539E-03   -3.0035E-04   
6.7512E-03   -2.7221E-04   
1.6296E-03   -2.9142E-03   
1.8731E-03   -3.0804E-03   
2.1134E-03   -3.3124E-03   
8.7006E-03   -4.0868E-04   
7.0676E-03   -3.2133E-04   
1.7957E-03   -3.0321E-03   
7.9384E-03   -3.4974E-04   
2.2165E-03   -3.4543E-03   
8.1426E-03   -3.8459E-04   
2.0876E-03   -3.7156E-03   
1.5537E-03   -3.0218E-03   
9.2766E-03   -4.4052E-04   
7.4248E-03   -2.9120E-04   
1.0398E-02   -1.9856E-04   
2.3738E-03   -3.9032E-03   
1.6669E-03   -2.5486E-03   
6.3173E-03   -4.0354E-04   
2.0423E-03   -2.3884E-03   
2.2500E-03   -2.2933E-03   
2.4666E-03   -2.1906E-03   
3.3987E-03   -1.7247E-03   
6.1791E-03   -4.3679E-04   
1.7883E-03   -2.5000E-03   
5.9734E-03   -5.1498E-04   
3.6447E-03   -1.6001E-03   
2.6920E-03   -2.0803E-03   
5.7716E-03   -5.9683E-04   
2.9243E-03   -1.9646E-03   
3.1601E-03   -1.8457E-03   
5.1268E-03   -8.7748E-04   
5.5654E-03   -6.8305E-04   
5.3503E-03   -7.7635E-04   
1.7115E-03   -2.5325E-03   
4.4066E-03   -1.2204E-03   
4.8946E-03   -9.8572E-04   
4.6542E-03   -1.1002E-03   
6.7752E-03   -2.1252E-04   
1.6885E-03   -2.5483E-03   
3.8972E-03   -1.4730E-03   
1.6958E-03   -2.5550E-03   
4.1524E-03   -1.3456E-03   
6.4071E-03   -3.1707E-04   
1.7631E-03   -2.5818E-03   
1.7121E-03   -2.5621E-03   
1.7998E-03   -2.5934E-03   
1.7347E-03   -2.5709E-03   
1.8907E-03   -2.7992E-03   
6.3577E-03   -3.6238E-04   
6.5898E-03   -2.6115E-04   
1.6786E-03   -2.6977E-03   
7.0533E-03   -1.2299E-04   
1.9925E-03   -2.9137E-03   
6.6680E-03   -2.6684E-04   
7.3537E-03   -3.6228E-04   
7.1982E-03   -3.4214E-04   
6.8374E-03   -3.7305E-04   
6.7295E-03   -3.5264E-04   
7.8219E-03   -4.2967E-04   
6.6314E-03   -3.3714E-04   
1.7218E-03   -2.9978E-03   
2.1934E-03   -3.0231E-03   
1.5632E-03   -2.8008E-03   
1.7669E-03   -2.7820E-03   
2.2759E-03   -3.1813E-03   
8.2180E-03   -4.5452E-04   
2.2733E-03   -3.3490E-03   
1.7607E-03   -2.9237E-03   
8.9792E-03   -5.1222E-04   
2.1949E-03   -3.8233E-03   
1.0798E-02   -1.0452E-04   
2.4991E-03   -3.4584E-03   
1.0376E-02   -2.7326E-04   
8.6975E-03   -4.9486E-04   
7.7683E-03   -3.2427E-04   
2.4509E-03   -3.5778E-03   
1.8466E-03   -2.4740E-03   
2.1394E-03   -2.3395E-03   
2.3458E-03   -2.2409E-03   
3.5023E-03   -1.6518E-03   
6.0785E-03   -4.5035E-04   
2.5627E-03   -2.1335E-03   
3.2620E-03   -1.7759E-03   
5.8661E-03   -5.3653E-04   
2.7923E-03   -2.0174E-03   
3.0263E-03   -1.8975E-03   
5.6652E-03   -6.1825E-04   
4.5102E-03   -1.1438E-03   
5.2237E-03   -8.0762E-04   
5.4507E-03   -7.0779E-04   
4.9909E-03   -9.1470E-04   
1.8478E-03   -2.4752E-03   
4.7537E-03   -1.0264E-03   
6.2526E-03   -3.8943E-04   
3.7507E-03   -1.5241E-03   
4.2586E-03   -1.2675E-03   
1.8688E-03   -2.4707E-03   
4.0040E-03   -1.3951E-03   
1.8862E-03   -2.4733E-03   
1.9733E-03   -2.4963E-03   
1.9371E-03   -2.4867E-03   
6.2463E-03   -3.7878E-04   
1.9082E-03   -2.4789E-03   
6.4220E-03   -3.1277E-04   
6.9397E-03   -1.7731E-04   
1.8412E-03   -2.6069E-03   
6.5456E-03   -3.2705E-04   
6.5962E-03   -4.3149E-04   
1.7028E-03   -2.7671E-03   
6.5929E-03   -2.7335E-04   
6.4961E-03   -4.1235E-04   
6.7045E-03   -4.5613E-04   
2.2475E-03   -2.8667E-03   
7.5349E-03   -3.7919E-04   
7.0976E-03   -4.2141E-04   
1.7554E-03   -2.7073E-03   
7.5060E-03   -4.6568E-04   
2.5180E-03   -3.2091E-03   
2.0784E-03   -3.1509E-03   
2.3841E-03   -2.8848E-03   
2.0750E-03   -2.8054E-03   
8.6871E-03   -5.8783E-04   
9.2712E-03   -5.2918E-04   
2.5985E-03   -3.3147E-03   
2.4730E-03   -3.6844E-03   
1.0646E-02   -2.2737E-04   
2.7305E-03   -3.4653E-03   
1.9370E-03   -2.4334E-03   
2.2488E-03   -2.2853E-03   
3.3699E-03   -1.7071E-03   
2.4388E-03   -2.1902E-03   
5.9372E-03   -4.9607E-04   
3.6122E-03   -1.5805E-03   
2.6666E-03   -2.0740E-03   
3.1340E-03   -1.8307E-03   
5.7681E-03   -5.6224E-04   
4.6182E-03   -1.0736E-03   
2.8994E-03   -1.9533E-03   
4.3703E-03   -1.1946E-03   
2.0529E-03   -2.3801E-03   
5.5676E-03   -6.4414E-04   
5.0884E-03   -8.5263E-04   
4.8565E-03   -9.6018E-04   
2.0708E-03   -2.3778E-03   
4.1164E-03   -1.3214E-03   
3.8623E-03   -1.4510E-03   
6.2518E-03   -3.7124E-04   
6.4777E-03   -3.2198E-04   
2.1486E-03   -2.3948E-03   
2.0861E-03   -2.3827E-03   
1.9050E-03   -2.6879E-03   
2.1128E-03   -2.3879E-03   
6.4394E-03   -3.1732E-04   
2.0139E-03   -2.5090E-03   
2.5134E-03   -2.7672E-03   
6.3473E-03   -4.9752E-04   
1.8748E-03   -2.6244E-03   
6.4471E-03   -5.2107E-04   
6.4055E-03   -3.9860E-04   
6.8267E-03   -4.8538E-04   
2.2933E-03   -2.7849E-03   
3.0791E-03   -3.3874E-03   
2.5765E-03   -2.8980E-03   
7.6641E-03   -5.2154E-04   
7.2735E-03   -4.4490E-04   
9.2664E-03   -6.1945E-04   
2.1730E-03   -2.7111E-03   
2.7771E-03   -3.5475E-03   
8.4075E-03   -5.6842E-04   
9.5691E-03   -4.6080E-04   
2.8400E-03   -3.1662E-03   
2.4785E-03   -3.0273E-03   
2.6090E-03   -3.0820E-03   
8.6690E-03   -6.8868E-04   
6.0813E-03   -4.3607E-04   
3.4826E-03   -1.6408E-03   
3.2464E-03   -1.7657E-03   
2.2909E-03   -2.2648E-03   
5.5006E-03   -6.6550E-04   
6.2792E-03   -3.8143E-04   
2.5432E-03   -2.1360E-03   
4.4876E-03   -1.1273E-03   
5.8868E-03   -5.0808E-04   
4.7305E-03   -1.0103E-03   
5.6770E-03   -5.9224E-04   
2.7769E-03   -2.0139E-03   
4.2351E-03   -1.2522E-03   
3.7275E-03   -1.5123E-03   
3.9798E-03   -1.3817E-03   
2.2716E-03   -2.2822E-03   
5.1619E-03   -8.1212E-04   
4.9618E-03   -9.0234E-04   
2.3249E-03   -2.2906E-03   
2.2908E-03   -2.2868E-03   
2.0459E-03   -2.5318E-03   
2.1907E-03   -2.4048E-03   
6.2605E-03   -3.7293E-04   
2.3926E-03   -2.5990E-03   
6.3267E-03   -3.8991E-04   
6.1868E-03   -5.9264E-04   
2.3624E-03   -2.6840E-03   
6.2539E-03   -4.8031E-04   
6.5527E-03   -5.5150E-04   
8.1195E-03   -5.4632E-04   
6.9781E-03   -5.1520E-04   
2.7168E-03   -2.7689E-03   
2.0438E-03   -2.5827E-03   
1.9793E-03   -2.7036E-03   
7.9614E-03   -4.8385E-04   
7.3684E-03   -5.7683E-04   
2.7790E-03   -2.8933E-03   
3.1277E-03   -3.5019E-03   
3.2236E-03   -3.2257E-03   
2.5981E-03   -2.6531E-03   
8.4315E-03   -4.7524E-04   
8.9730E-03   -6.9793E-04   
9.5591E-03   -5.4554E-04   
9.8386E-03   -4.0834E-04   
2.8452E-03   -2.9515E-03   
3.1618E-03   -3.0628E-03   
5.5770E-03   -6.3231E-04   
3.1254E-03   -1.8304E-03   
3.3567E-03   -1.7070E-03   
6.0793E-03   -4.4417E-04   
5.0883E-03   -8.4386E-04   
4.8528E-03   -9.5155E-04   
5.7498E-03   -5.6245E-04   
3.5975E-03   -1.5794E-03   
4.6113E-03   -1.0657E-03   
4.3610E-03   -1.1879E-03   
2.8978E-03   -1.9520E-03   
4.1045E-03   -1.3166E-03   
3.8483E-03   -1.4482E-03   
2.4440E-03   -2.1904E-03   
2.4689E-03   -2.1861E-03   
2.5001E-03   -2.1864E-03   
2.3684E-03   -2.2968E-03   
2.2303E-03   -2.4229E-03   
2.6564E-03   -2.0807E-03   
6.0774E-03   -4.3573E-04   
6.0047E-03   -5.5759E-04   
5.3382E-03   -7.3266E-04   
6.0913E-03   -5.7226E-04   
2.3739E-03   -2.5453E-03   
2.1776E-03   -2.5863E-03   
3.0693E-03   -2.8079E-03   
6.2857E-03   -6.1939E-04   
2.2593E-03   -2.4539E-03   
6.0727E-03   -4.6912E-04   
2.8740E-03   -2.6223E-03   
6.6633E-03   -5.9225E-04   
2.6778E-03   -2.5284E-03   
7.5384E-03   -6.0808E-04   
7.8936E-03   -6.3552E-04   
7.1698E-03   -5.4354E-04   
1.0128E-02   -4.0692E-04   
3.3449E-03   -2.9133E-03   
3.1960E-03   -2.8606E-03   
3.4808E-03   -3.2383E-03   
8.6805E-03   -7.8966E-04   
3.2233E-03   -3.6145E-03   
9.2492E-03   -7.1102E-04   
9.8602E-03   -4.7853E-04   
5.7046E-03   -5.8558E-04   
3.2297E-03   -1.7814E-03   
3.0051E-03   -1.9012E-03   
4.9870E-03   -8.9552E-04   
5.8958E-03   -5.0712E-04   
4.7443E-03   -1.0085E-03   
3.4684E-03   -1.6543E-03   
4.4958E-03   -1.1279E-03   
3.7193E-03   -1.5220E-03   
4.2385E-03   -1.2553E-03   
2.6706E-03   -2.0855E-03   
3.9773E-03   -1.3881E-03   
2.5454E-03   -2.1870E-03   
5.4782E-03   -6.7965E-04   
5.8293E-03   -6.5688E-04   
2.8193E-03   -2.0001E-03   
2.4551E-03   -2.3336E-03   
2.5985E-03   -2.1925E-03   
2.4985E-03   -2.4338E-03   
5.2321E-03   -7.8531E-04   
5.9262E-03   -6.7119E-04   
7.5789E-03   -6.8945E-04   
5.8741E-03   -5.2833E-04   
6.0231E-03   -6.9257E-04   
2.6419E-03   -2.4490E-03   
6.3764E-03   -6.5663E-04   
6.8308E-03   -6.2788E-04   
5.9222E-03   -5.5141E-04   
3.5597E-03   -2.7572E-03   
2.9107E-03   -2.5106E-03   
3.2347E-03   -2.5105E-03   
7.7942E-03   -5.7898E-04   
1.0231E-02   -4.9577E-04   
3.4212E-03   -2.6984E-03   
7.0529E-03   -6.5564E-04   
7.8295E-03   -7.2731E-04   
8.3861E-03   -9.0647E-04   
3.5559E-03   -2.9517E-03   
3.6234E-03   -3.0686E-03   
8.2858E-03   -7.9584E-04   
1.0348E-02   -3.4035E-04   
9.5604E-03   -6.3253E-04   
2.7920E-03   -3.7844E-03   
2.9071E-03   -2.7813E-03   
3.0939E-03   -1.8671E-03   
2.8724E-03   -1.9830E-03   
4.8875E-03   -9.5539E-04   
5.6377E-03   -6.2822E-04   
4.6398E-03   -1.0727E-03   
3.5877E-03   -1.6055E-03   
2.7157E-03   -2.0804E-03   
4.3819E-03   -1.1986E-03   
2.6512E-03   -2.2083E-03   
3.8499E-03   -1.4684E-03   
2.4867E-03   -2.3710E-03   
4.1161E-03   -1.3319E-03   
5.1332E-03   -8.4312E-04   
2.7775E-03   -2.0755E-03   
5.6502E-03   -7.6570E-04   
5.8402E-03   -5.5967E-04   
5.3761E-03   -7.3638E-04   
5.7458E-03   -6.4552E-04   
5.7880E-03   -7.6141E-04   
6.1245E-03   -7.1889E-04   
3.8085E-03   -2.5889E-03   
3.0183E-03   -2.3862E-03   
3.3590E-03   -2.5450E-03   
3.1226E-03   -2.4801E-03   
7.2080E-03   -7.9396E-04   
9.5142E-03   -7.1925E-04   
3.7104E-03   -3.2667E-03   
2.8007E-03   -2.3127E-03   
3.2425E-03   -2.6663E-03   
6.9521E-03   -7.7305E-04   
8.0856E-03   -7.3639E-04   
1.0466E-02   -3.9326E-04   
9.9362E-03   -6.4656E-04   
8.4931E-03   -9.9704E-04   
4.0456E-03   -2.9431E-03   
3.1502E-03   -3.7830E-03   
6.7018E-03   -7.5363E-04   
2.5293E-03   -3.7713E-03   
4.7922E-03   -1.0224E-03   
5.6846E-03   -6.3591E-04   
5.0392E-03   -9.0707E-04   
4.5366E-03   -1.1458E-03   
3.7200E-03   -1.5588E-03   
2.9438E-03   -1.9654E-03   
2.2910E-03   -2.4860E-03   
2.6929E-03   -2.2402E-03   
5.2834E-03   -7.9698E-04   
2.8520E-03   -2.0756E-03   
5.5546E-03   -7.5326E-04   
3.3336E-03   -1.7401E-03   
3.9937E-03   -1.4173E-03   
3.6442E-03   -2.5132E-03   
3.3989E-03   -2.3734E-03   
5.8400E-03   -7.9976E-04   
3.2136E-03   -2.3738E-03   
2.7249E-03   -2.2850E-03   
2.9071E-03   -2.3199E-03   
2.8746E-03   -2.3884E-03   
3.6064E-03   -2.3883E-03   
3.9134E-03   -2.6754E-03   
7.4749E-03   -8.2192E-04   
9.1890E-03   -8.2317E-04   
6.8469E-03   -8.9757E-04   
5.3184E-03   -8.8584E-04   
6.3511E-03   -8.7145E-04   
7.7938E-03   -8.5414E-04   
4.1085E-03   -3.1402E-03   
3.3798E-03   -3.3654E-03   
6.6021E-03   -8.7931E-04   
8.3774E-03   -6.6916E-04   
4.2620E-03   -2.9793E-03   
3.8693E-03   -2.9075E-03   
8.8731E-03   -9.6455E-04   
8.1014E-03   -1.0406E-03   
4.9507E-03   -9.7581E-04   
4.7094E-03   -1.0922E-03   
5.4683E-03   -7.4410E-04   
2.9150E-03   -2.0962E-03   
5.4891E-03   -7.0617E-04   
5.1945E-03   -8.6359E-04   
4.4440E-03   -1.2238E-03   
3.0355E-03   -1.9481E-03   
3.8699E-03   -1.5122E-03   
4.1552E-03   -1.3675E-03   
3.7180E-03   -2.2395E-03   
3.5214E-03   -2.2396E-03   
3.1909E-03   -1.8374E-03   
2.9442E-03   -2.2012E-03   
2.9400E-03   -2.1461E-03   
3.0932E-03   -2.1851E-03   
3.4515E-03   -1.7001E-03   
5.9963E-03   -8.2615E-04   
5.1281E-03   -1.0197E-03   
6.2608E-03   -9.9393E-04   
3.1428E-03   -2.2498E-03   
6.0528E-03   -9.0702E-04   
4.2004E-03   -2.7847E-03   
7.0916E-03   -9.2432E-04   
4.2132E-03   -2.4957E-03   
3.3115E-03   -3.1036E-03   
4.5141E-03   -3.0004E-03   
5.6045E-03   -9.3438E-04   
6.4913E-03   -1.0075E-03   
3.9868E-03   -2.3069E-03   
4.4339E-03   -2.8184E-03   
3.9208E-03   -3.3117E-03   
8.2303E-03   -1.1280E-03   
9.2885E-03   -9.3357E-04   
4.8831E-03   -1.0370E-03   
5.1080E-03   -9.3506E-04   
3.5918E-03   -1.6572E-03   
3.1647E-03   -2.0747E-03   
4.0367E-03   -1.4674E-03   
3.4682E-03   -2.1066E-03   
3.1658E-03   -1.9283E-03   
5.2408E-03   -1.0464E-03   
3.3131E-03   -1.8046E-03   
3.2163E-03   -1.9747E-03   
6.2265E-03   -7.3508E-04   
4.3430E-03   -1.3176E-03   
5.3275E-03   -8.3404E-04   
3.6489E-03   -2.1005E-03   
6.1475E-03   -1.1238E-03   
3.8433E-03   -2.0976E-03   
6.0672E-03   -9.8783E-04   
2.9971E-03   -3.2043E-03   
4.8484E-03   -2.9994E-03   
6.7218E-03   -1.0310E-03   
3.5080E-03   -3.4263E-03   
4.4398E-03   -2.1804E-03   
4.3244E-03   -2.6081E-03   
5.7024E-03   -9.8960E-04   
7.3430E-03   -9.5962E-04   
4.1537E-03   -3.3633E-03   
4.5197E-03   -2.3031E-03   
4.6162E-03   -2.6447E-03   
4.3774E-03   -3.1706E-03   
7.8217E-03   -1.1843E-03   
3.9155E-03   -2.2333E-03   
9.7291E-03   -8.9152E-04   
3.7512E-03   -1.6127E-03   
3.7822E-03   -1.9548E-03   
4.6775E-03   -1.1538E-03   
3.4742E-03   -1.7586E-03   
4.8909E-03   -1.1659E-03   
4.0446E-03   -2.1014E-03   
3.3340E-03   -2.1070E-03   
6.5857E-03   -1.1716E-03   
4.2096E-03   -1.4307E-03   
3.9728E-03   -1.9508E-03   
3.4017E-03   -1.8385E-03   
5.3402E-03   -1.0938E-03   
6.3636E-03   -1.1446E-03   
4.9930E-03   -1.0231E-03   
3.3772E-03   -2.0209E-03   
5.7801E-03   -1.0579E-03   
3.6581E-03   -2.8179E-03   
4.2316E-03   -2.1279E-03   
4.6232E-03   -2.4013E-03   
4.8002E-03   -2.4647E-03   
4.8938E-03   -2.6939E-03   
5.2893E-03   -2.8139E-03   
7.9654E-03   -1.2893E-03   
3.8861E-03   -3.5517E-03   
7.1850E-03   -1.1024E-03   
1.0030E-02   -7.6020E-04   
3.9158E-03   -1.5747E-03   
3.6412E-03   -1.7139E-03   
4.5560E-03   -1.2750E-03   
4.1049E-03   -1.8028E-03   
4.9797E-03   -1.2102E-03   
5.8916E-03   -1.1238E-03   
5.4363E-03   -1.1510E-03   
4.1796E-03   -1.9493E-03   
6.2333E-03   -1.2877E-03   
6.0182E-03   -1.2624E-03   
7.4358E-03   -1.2267E-03   
6.8145E-03   -1.2074E-03   
5.2173E-03   -2.3249E-03   
4.9186E-03   -2.2210E-03   
3.5887E-03   -1.9739E-03   
7.5659E-03   -1.0131E-03   
8.5847E-03   -1.0730E-03   
7.5483E-03   -1.4812E-03   
5.3091E-03   -2.6685E-03   
5.3021E-03   -2.9626E-03   
5.3658E-03   -2.5170E-03   
4.6246E-03   -1.9843E-03   
4.3558E-03   -3.4391E-03   
1.0147E-02   -8.5125E-04   
3.7937E-03   -1.6877E-03   
4.8484E-03   -1.1254E-03   
3.6542E-03   -1.8643E-03   
4.3430E-03   -1.4193E-03   
5.8457E-03   -1.4362E-03   
4.6023E-03   -1.3437E-03   
4.0767E-03   -1.5495E-03   
5.0759E-03   -1.2649E-03   
4.3082E-03   -1.7952E-03   
5.5933E-03   -1.2883E-03   
4.5408E-03   -1.7904E-03   
5.6712E-03   -1.3669E-03   
7.7150E-03   -1.0898E-03   
6.4573E-03   -1.3143E-03   
7.0648E-03   -1.2535E-03   
8.8869E-03   -1.0916E-03   
4.8389E-03   -2.1191E-03   
7.3937E-03   -1.1359E-03   
4.8184E-03   -2.0151E-03   
7.1353E-03   -1.3676E-03   
3.9266E-03   -1.7943E-03   
4.8301E-03   -1.7852E-03   
5.4991E-03   -2.3499E-03   
7.1553E-03   -1.4904E-03   
7.9748E-03   -1.4083E-03   
4.9801E-03   -2.3115E-03   
5.6695E-03   -2.5159E-03   
5.6281E-03   -2.7828E-03   
4.0478E-03   -3.6151E-03   
3.9400E-03   -1.6861E-03   
4.6607E-03   -1.6309E-03   
4.2709E-03   -1.5124E-03   
4.7281E-03   -1.3796E-03   
5.1311E-03   -1.9502E-03   
4.4261E-03   -1.6494E-03   
5.4333E-03   -1.5354E-03   
6.1547E-03   -1.4104E-03   
6.0160E-03   -2.6813E-03   
6.8158E-03   -1.5079E-03   
3.5237E-03   -1.8213E-03   
5.0656E-03   -1.8386E-03   
6.6674E-03   -1.3539E-03   
5.1951E-03   -1.3146E-03   
5.2931E-03   -1.4629E-03   
5.6558E-03   -2.1772E-03   
3.9436E-03   -3.7617E-03   
5.7997E-03   -2.3693E-03   
7.1305E-03   -1.6093E-03   
8.2537E-03   -1.3074E-03   
5.5355E-03   -1.2111E-03   
3.4312E-03   -1.9245E-03   
4.2279E-03   -1.6779E-03   
4.9082E-03   -1.6253E-03   
4.4722E-03   -1.5402E-03   
6.3069E-03   -1.4620E-03   
5.0262E-03   -1.4723E-03   
5.1888E-03   -1.6852E-03   
4.4558E-03   -1.4761E-03   
6.8502E-03   -1.7614E-03   
4.2124E-03   -1.6133E-03   
8.6031E-03   -1.2541E-03   
6.7944E-03   -1.6420E-03   
5.3505E-03   -2.1448E-03   
5.1289E-03   -1.6184E-03   
6.2854E-03   -2.5021E-03   
3.4985E-03   -3.9253E-03   
5.3274E-03   -1.3484E-03   
5.6182E-03   -1.9453E-03   
5.9345E-03   -1.5530E-03   
6.1022E-03   -1.6429E-03   
5.8549E-03   -1.9909E-03   
6.9733E-03   -1.8679E-03   
5.3730E-03   -1.8084E-03   
6.1261E-03   -2.3970E-03   
6.4276E-03   -2.5814E-03   
6.0280E-03   -1.8108E-03   
5.4699E-03   -1.8783E-03   
6.8076E-03   -2.5687E-03   
6.1028E-03   -2.0412E-03   
6.8420E-03   -1.3962E-03   
7.4500E-03   -1.7761E-03   
6.5320E-03   -1.9420E-03   
5.6933E-03   -1.7219E-03   
6.4391E-03   -1.6555E-03   
5.9254E-03   -2.2092E-03   
6.6154E-03   -2.0547E-03   
7.8169E-03   -1.5667E-03   
7.2116E-03   -2.3663E-03   
6.2788E-03   -2.0937E-03   
5.7818E-03   -1.7994E-03   
6.5980E-03   -2.2014E-03   
6.9724E-03   -2.1956E-03   
7.4542E-03   -2.0312E-03   
7.6277E-03   -1.8582E-03   
7.3201E-03   -2.2094E-03   
3.5919E-04   -4.6653E-03   
6.5577E-03   -2.3375E-03   
6.1827E-03   -2.7704E-03   
1.0780E-02   -3.8964E-04   
8.1042E-04   -3.9143E-03   
1.1760E-02   -5.8092E-05   
1.0569E-02   -8.0950E-04   
6.5256E-04   -4.7189E-03   
3.1234E-03   -3.9348E-03   
7.3658E-03   -2.4550E-03   
1.0961E-02   -2.0749E-04   
9.9733E-04   -4.6780E-03   
3.5082E-03   -3.6386E-03   
1.4163E-03   -4.6195E-03   
1.8443E-03   -4.5556E-03   
2.2715E-03   -4.4791E-03   
2.7124E-03   -4.3914E-03   
1.2137E-02   -5.3152E-05   
3.1625E-03   -4.2949E-03   
3.6347E-03   -4.1839E-03   
1.0295E-02   -6.6027E-04   
4.1215E-03   -4.0690E-03   
1.2524E-02   -5.1226E-05   
4.6159E-03   -3.9485E-03   
5.1246E-03   -3.8231E-03   
7.8820E-03   -1.7002E-03   
5.6987E-03   -3.6733E-03   
1.2932E-02   -4.7503E-05   
8.9735E-03   -7.7885E-04   
6.1574E-03   -3.6032E-03   
4.6007E-03   -2.8672E-03   
2.3757E-03   -4.1578E-03   
1.0370E-02   -5.7554E-04   
6.6917E-03   -3.4299E-03   
7.2917E-03   -3.3070E-03   
1.3353E-02   -4.2054E-05   
7.8510E-03   -3.1811E-03   
4.8682E-03   -3.3240E-03   
8.4724E-03   -3.0284E-03   
8.9564E-03   -2.9576E-03   
1.3788E-02   -3.6530E-05   
9.5177E-03   -2.7802E-03   
1.0151E-02   -2.6303E-03   
1.0489E-03   -4.4451E-03   
1.0745E-02   -2.4695E-03   
1.4291E-02   -3.3019E-05   
1.1113E-02   -1.2941E-04   
5.2018E-03   -3.1300E-03   
1.1388E-02   -2.2666E-03   
1.2002E-02   -2.0843E-03   
9.8600E-03   -9.6756E-04   
1.4850E-02   -1.7903E-05   
8.9925E-03   -1.1919E-03   
8.2806E-03   -1.4039E-03   
1.3210E-02   -1.6332E-03   
1.5451E-02   -2.5911E-04   
1.5562E-02   -2.5826E-04   
1.5502E-02   -7.3507E-05   
1.5549E-02   -3.0704E-05   
1.5466E-02   -1.6462E-04   
4.2433E-03   -3.7862E-03   
1.4562E-02   -9.4525E-04   
1.2150E-03   -4.5317E-03   
9.2970E-03   -1.2135E-03   
8.7562E-03   -1.3577E-03   
2.1371E-03   -4.3036E-03   
8.2041E-03   -1.6939E-03   
2.7596E-03   -4.0856E-03   
1.1070E-02   -3.2798E-04   
7.7379E-03   -2.0576E-03   
1.0861E-02   -6.8207E-04   
3.0632E-03   -4.0930E-03   
5.4511E-03   -3.1896E-03   
2.1022E-03   -4.4105E-03   
6.0265E-03   -2.9705E-03   
2.9892E-03   -4.2307E-03   
9.7630E-03   -1.0856E-03   
1.0570E-02   -2.3738E-03   
7.6888E-03   -3.0834E-03   
3.9535E-03   -3.9856E-03   
5.0104E-03   -3.4158E-03   
4.9500E-03   -3.7399E-03   
4.8319E-03   -3.6172E-03   
1.2714E-02   -9.9839E-05   
7.8997E-03   -2.3474E-03   
1.1292E-02   -1.8556E-04   
1.0700E-02   -8.8431E-04   
1.1965E-02   -1.0345E-04   
1.4229E-02   -7.1270E-05   
7.0184E-03   -2.6505E-03   
8.6666E-03   -2.8412E-03   
1.0541E-02   -4.3943E-04   
1.0690E-02   -5.9752E-04   
7.9179E-03   -1.7805E-03   
5.7577E-03   -2.8340E-03   
1.5187E-02   -7.1633E-06   
1.2630E-02   -1.8601E-03   
5.8556E-03   -3.4960E-03   
1.1530E-02   -2.0826E-03   
1.5580E-02   -1.7505E-04   
1.5651E-02   -1.6096E-05   
1.5628E-02   -4.5159E-05   
1.5598E-02   -1.0577E-04   
9.5819E-03   -2.6005E-03   
6.7326E-03   -3.2435E-03   
1.3543E-02   -7.8868E-05   
1.3753E-02   -1.1872E-03   
1.4915E-02   -5.2213E-05   
1.4492E-02   -8.6337E-04   
1.4818E-02   -3.7903E-04   
1.4985E-02   -7.2913E-05   
1.4910E-02   -1.6313E-04   
1.4725E-02   -5.8993E-04   
9.6806E-03   -1.2276E-03   
7.5689E-03   -2.9794E-03   
1.1189E-02   -2.5457E-04   
1.1572E-02   -2.1334E-04   
1.2486E-02   -1.5910E-04   
1.3563E-03   -4.4133E-03   
6.8536E-03   -2.8461E-03   
8.6682E-03   -1.5415E-03   
5.2667E-03   -3.5585E-03   
1.1142E-02   -4.0286E-04   
1.3307E-02   -1.2995E-04   
1.2427E-02   -1.8090E-03   
3.8178E-03   -3.9116E-03   
7.1591E-03   -3.0662E-03   
5.6954E-03   -3.4344E-03   
8.5432E-03   -2.7565E-03   
6.3503E-03   -2.9661E-03   
1.0145E-02   -2.3857E-03   
8.2246E-03   -1.9647E-03   
6.2440E-03   -3.2877E-03   
1.0565E-02   -1.0185E-03   
1.1000E-02   -7.6533E-04   
9.1084E-03   -2.6319E-03   
8.2967E-03   -2.1219E-03   
1.3780E-02   -1.1051E-04   
8.0629E-03   -2.4638E-03   
1.2896E-02   -1.4408E-04   
5.9302E-03   -3.1422E-03   
1.1012E-02   -5.0064E-04   
8.0493E-03   -2.8706E-03   
8.5375E-03   -1.7400E-03   
1.2011E-02   -1.7071E-04   
1.1139E-02   -5.6543E-04   
1.4207E-02   -5.7758E-04   
1.4442E-02   -1.2541E-04   
1.4355E-02   -2.6304E-04   
1.4526E-02   -7.2897E-05   
1.0085E-02   -1.0994E-03   
1.2978E-02   -1.4985E-03   
1.3874E-02   -9.8400E-04   
1.4882E-02   -1.3522E-04   
1.4756E-02   -5.0530E-04   
1.4772E-02   -2.6216E-04   
1.4711E-02   -3.1688E-04   
7.9029E-03   -2.7742E-03   
5.9376E-03   -3.2652E-03   
1.3459E-02   -1.6761E-04   
1.1977E-02   -1.9023E-03   
6.8693E-03   -3.0323E-03   
8.4246E-03   -2.2473E-03   
7.7332E-03   -2.6829E-03   
1.1452E-02   -7.1454E-04   
1.1845E-02   -2.4696E-04   
9.7161E-03   -2.4104E-03   
1.2687E-02   -1.9798E-04   
1.4304E-02   -3.5375E-04   
1.4486E-02   -1.8167E-04   
1.1572E-02   -5.2208E-04   
9.6027E-03   -1.3811E-03   
1.1547E-02   -3.7627E-04   
9.0855E-03   -1.5505E-03   
1.4178E-02   -4.6524E-04   
1.3161E-02   -1.2383E-03   
1.0951E-02   -1.0045E-03   
1.0723E-02   -2.1644E-03   
8.6963E-03   -1.9230E-03   
7.2722E-03   -2.8104E-03   
8.8895E-03   -2.5482E-03   
1.0657E-02   -1.1121E-03   
1.4198E-02   -1.1183E-04   
1.2870E-02   -1.4325E-03   
1.3955E-02   -7.7954E-04   
9.8214E-03   -2.2097E-03   
9.2280E-03   -1.8455E-03   
1.0583E-02   -1.2416E-03   
1.1391E-02   -9.3418E-04   
9.2370E-03   -2.3390E-03   
8.2319E-03   -2.5658E-03   
1.3605E-02   -1.9962E-04   
1.2564E-02   -1.4608E-03   
1.2724E-02   -2.6156E-04   
1.3206E-02   -2.2952E-04   
8.7323E-03   -2.4536E-03   
1.1844E-02   -4.0981E-04   
1.1878E-02   -3.1580E-04   
1.1738E-02   -5.9065E-04   
8.6191E-03   -1.8381E-03   
8.9058E-03   -2.1569E-03   
1.1632E-02   -7.8301E-04   
1.0865E-02   -1.9819E-03   
1.0017E-02   -1.3857E-03   
9.5200E-03   -1.5410E-03   
9.1835E-03   -1.9945E-03   
1.1051E-02   -1.1673E-03   
1.1346E-02   -1.0497E-03   
1.1154E-02   -2.1213E-03   
1.1907E-02   -6.5386E-04   
9.0668E-03   -2.2490E-03   
1.3998E-02   -1.6635E-04   
1.2259E-02   -3.2791E-04   
1.2005E-02   -4.8320E-04   
1.1935E-02   -1.6887E-03   
1.2583E-02   -3.4913E-04   
9.4936E-03   -1.6686E-03   
1.0331E-02   -1.4033E-03   
1.1448E-02   -1.1331E-03   
9.3688E-03   -2.0562E-03   
1.2465E-02   -4.3697E-04   
1.2845E-02   -1.2491E-03   
1.1829E-02   -8.2405E-04   
1.2358E-02   -5.8975E-04   
1.1711E-02   -1.9030E-03   
1.3403E-02   -2.6075E-04   
9.7946E-03   -1.6925E-03   
1.0308E-02   -1.5260E-03   
1.4173E-02   -1.9164E-04   
1.2222E-02   -7.6604E-04   
1.3661E-02   -2.8170E-04   
9.8664E-03   -1.9323E-03   
1.2554E-02   -4.9828E-04   
1.3174E-02   -3.3488E-04   
1.2526E-02   -6.3624E-04   
1.0754E-02   -1.4952E-03   
1.2817E-02   -3.6806E-04   
1.1277E-02   -1.3114E-03   
1.2039E-02   -9.9858E-04   
1.2891E-02   -5.0345E-04   
1.2238E-02   -1.0704E-03   
1.0040E-02   -2.0071E-03   
1.1692E-02   -1.2828E-03   
1.0207E-02   -1.7091E-03   
1.1167E-02   -1.4739E-03   
1.3285E-02   -3.8080E-04   
1.4113E-02   -2.5645E-04   
1.2575E-02   -1.0612E-03   
1.2126E-02   -1.2335E-03   
1.3415E-02   -4.2262E-04   
1.0391E-02   -1.8159E-03   
1.0975E-02   -1.6679E-03   
1.3188E-02   -5.0907E-04   
1.3074E-02   -9.4260E-04   
1.2086E-02   -1.3755E-03   
1.3870E-02   -3.4751E-04   
1.3170E-02   -5.7606E-04   
1.3046E-02   -1.0685E-03   
1.4075E-02   -3.6257E-04   
1.2557E-02   -1.2625E-03   
1.2693E-02   -6.8050E-04   
1.2390E-02   -8.2420E-04   
1.2613E-02   -8.6947E-04   
1.3170E-02   -7.2964E-04   
