51 
1844 
4.7334E-03   -5.2375E-03   
9.0028E-03   -4.4333E-03   
1.2385E-02   -3.2002E-03   
1.4557E-02   -1.6712E-03   
5.3625E-37   -5.4895E-03   
1.5290E-02   -2.7539E-37   
1.5632E-02   -7.3506E-35   
1.6192E-02   -7.1162E-37   
1.7422E-02   3.0631E-35   
1.8535E-02   4.5028E-35   
1.9950E-02   9.5623E-35   
2.1676E-02   1.3183E-34   
2.3004E-02   1.5959E-34   
2.5264E-02   2.4272E-34   
2.6948E-02   2.9434E-34   
2.8769E-02   2.5787E-34   
2.9729E-02   3.9962E-34   
3.1746E-02   5.9219E-34   
3.3885E-02   8.6211E-34   
3.5000E-02   -5.8918E-30   
3.5000E-02   -4.5228E-34   
3.5000E-02   -4.5228E-34   
3.5000E-02   -4.5228E-34   
3.5000E-02   -4.5228E-34   
3.5000E-02   -4.5228E-34   
3.5000E-02   -4.5228E-34   
3.5000E-02   -4.5228E-34   
3.5000E-02   -4.5228E-34   
3.5000E-02   -4.5228E-34   
3.5000E-02   -4.5228E-34   
3.5000E-02   -4.5228E-34   
3.5000E-02   -4.5228E-34   
3.2883E-02   -1.5150E-03   
2.9433E-02   -3.4573E-03   
2.7978E-02   -4.1255E-03   
2.6589E-02   -4.6767E-03   
2.3915E-02   -5.5643E-03   
2.2611E-02   -5.9358E-03   
2.0048E-02   -6.5899E-03   
1.8789E-02   -6.8891E-03   
1.6311E-02   -7.4587E-03   
1.3901E-02   -8.0098E-03   
1.2727E-02   -8.2838E-03   
1.0453E-02   -8.8214E-03   
8.2928E-03   -9.3340E-03   
7.2586E-03   -9.5726E-03   
5.2851E-03   -9.9977E-03   
3.4301E-03   -1.0323E-02   
1.6766E-03   -1.0525E-02   
7.4467E-37   -1.0586E-02   
8.6372E-34   -1.0029E-02   
9.0883E-34   -9.4976E-03   
8.5631E-34   -8.7922E-03   
8.1180E-34   -8.3872E-03   
7.1474E-34   -7.7268E-03   
6.5201E-34   -7.3507E-03   
5.8730E-34   -6.9841E-03   
5.3370E-34   -6.6882E-03   
5.2208E-34   -6.4293E-03   
3.5880E-03   -5.5907E-03   
3.3629E-02   -1.3403E-04   
3.2192E-02   -2.8017E-04   
3.0113E-02   -4.8437E-04   
2.8409E-02   -6.5881E-04   
2.6759E-02   -8.7602E-04   
2.4900E-02   -1.0055E-03   
2.3377E-02   -1.0586E-03   
2.1496E-02   -1.2214E-03   
1.9630E-02   -1.3220E-03   
1.7773E-02   -1.4103E-03   
1.5930E-02   -1.4890E-03   
1.4012E-02   -1.6150E-03   
1.2039E-02   -1.9346E-03   
9.3421E-03   -2.7918E-03   
6.5939E-03   -4.1284E-03   
9.7861E-03   -3.2528E-03   
1.1667E-02   -1.6188E-03   
1.3492E-02   -1.0258E-03   
1.5217E-02   -8.6836E-04   
1.6876E-02   -8.4696E-04   
1.8454E-02   -8.5488E-04   
2.0255E-02   -7.8436E-04   
2.1931E-02   -7.2750E-04   
2.3491E-02   -6.5409E-04   
2.5102E-02   -6.5855E-04   
2.6854E-02   -5.2175E-04   
2.8540E-02   -4.1153E-04   
3.0190E-02   -3.3133E-04   
3.1936E-02   -1.9255E-04   
3.3452E-02   -8.1212E-05   
1.4320E-02   -7.2387E-04   
1.5200E-02   -3.4244E-04   
1.6203E-02   -3.2189E-04   
1.7593E-02   -3.3049E-04   
1.8924E-02   -3.3652E-04   
2.0564E-02   -3.5450E-04   
2.2029E-02   -3.6395E-04   
2.3485E-02   -3.5596E-04   
2.5359E-02   -2.8617E-04   
2.6926E-02   -2.3137E-04   
2.8699E-02   -1.9869E-04   
3.0442E-02   -1.4341E-04   
3.2145E-02   -9.4114E-05   
3.3708E-02   -3.0725E-05   
3.3371E-02   -2.0818E-04   
3.1816E-02   -4.3912E-04   
2.9911E-02   -7.3684E-04   
2.8152E-02   -9.2094E-04   
2.6630E-02   -1.1838E-03   
2.4719E-02   -1.3953E-03   
2.2833E-02   -1.5862E-03   
2.1046E-02   -1.7348E-03   
1.9188E-02   -1.9158E-03   
1.7446E-02   -2.0736E-03   
1.5212E-02   -2.3215E-03   
1.2826E-02   -2.6878E-03   
1.0484E-02   -3.1925E-03   
8.0306E-03   -3.9206E-03   
5.2870E-03   -5.0456E-03   
2.6299E-03   -6.1227E-03   
3.3273E-02   -3.0873E-04   
3.1951E-02   -5.6092E-04   
2.9687E-02   -9.9917E-04   
2.8202E-02   -1.2739E-03   
2.6429E-02   -1.5486E-03   
2.4297E-02   -1.9028E-03   
2.2412E-02   -2.0966E-03   
2.0582E-02   -2.3014E-03   
1.8430E-02   -2.5992E-03   
1.6415E-02   -2.9276E-03   
1.4280E-02   -3.2841E-03   
1.2037E-02   -3.6138E-03   
9.6269E-03   -4.2798E-03   
7.2796E-03   -4.9123E-03   
4.7315E-03   -5.8113E-03   
2.2550E-03   -6.5939E-03   
3.3756E-02   -2.6990E-04   
3.1361E-02   -8.4319E-04   
2.9997E-02   -1.1412E-03   
2.8334E-02   -1.5355E-03   
2.5851E-02   -2.0377E-03   
2.4083E-02   -2.3724E-03   
2.2246E-02   -2.6464E-03   
2.0074E-02   -3.0106E-03   
1.8094E-02   -3.3667E-03   
1.5957E-02   -3.6650E-03   
1.3943E-02   -4.0108E-03   
1.1420E-02   -4.4689E-03   
8.9731E-03   -5.2401E-03   
6.6898E-03   -5.7925E-03   
4.5460E-03   -6.4889E-03   
2.2353E-03   -7.0427E-03   
3.2989E-02   -5.5206E-04   
3.1585E-02   -9.7179E-04   
2.9886E-02   -1.4736E-03   
2.8173E-02   -1.9571E-03   
2.5690E-02   -2.5362E-03   
2.3695E-02   -2.8978E-03   
2.1668E-02   -3.3617E-03   
1.9727E-02   -3.7795E-03   
1.7410E-02   -4.0945E-03   
1.5525E-02   -4.3706E-03   
1.3608E-02   -4.8598E-03   
1.1064E-02   -5.4624E-03   
8.5807E-03   -6.0969E-03   
6.4093E-03   -6.6384E-03   
4.0995E-03   -7.1947E-03   
2.1411E-03   -7.5508E-03   
3.3414E-02   -5.8423E-04   
3.1505E-02   -1.2878E-03   
2.9942E-02   -1.7674E-03   
2.7494E-02   -2.5371E-03   
2.5338E-02   -3.1803E-03   
2.3414E-02   -3.5694E-03   
2.1027E-02   -4.0903E-03   
1.9238E-02   -4.4703E-03   
1.6916E-02   -4.8404E-03   
1.4891E-02   -5.2322E-03   
1.2598E-02   -5.7371E-03   
1.0728E-02   -6.2102E-03   
8.4760E-03   -6.7902E-03   
6.2439E-03   -7.3129E-03   
4.0786E-03   -7.7905E-03   
1.9175E-03   -8.1334E-03   
3.3144E-02   -7.8768E-04   
3.1052E-02   -1.6399E-03   
2.9590E-02   -2.1652E-03   
2.6749E-02   -3.1913E-03   
2.5029E-02   -3.6964E-03   
2.3073E-02   -4.2462E-03   
2.0929E-02   -4.6674E-03   
1.8763E-02   -5.1456E-03   
1.6361E-02   -5.6863E-03   
1.4353E-02   -6.0984E-03   
1.2384E-02   -6.5022E-03   
1.0332E-02   -6.9980E-03   
8.0764E-03   -7.6270E-03   
6.1559E-03   -7.9897E-03   
3.9820E-03   -8.4397E-03   
1.9765E-03   -8.7013E-03   
3.3304E-02   -9.3656E-04   
3.1512E-02   -1.8065E-03   
2.9108E-02   -2.7933E-03   
2.7005E-02   -3.6701E-03   
2.4728E-02   -4.2135E-03   
2.2530E-02   -4.7832E-03   
2.0438E-02   -5.3231E-03   
1.8343E-02   -5.8253E-03   
1.6248E-02   -6.3161E-03   
1.3944E-02   -6.7476E-03   
1.1908E-02   -7.3788E-03   
9.7720E-03   -7.8023E-03   
7.8511E-03   -8.1944E-03   
5.8539E-03   -8.6631E-03   
3.7970E-03   -9.0864E-03   
2.1100E-03   -9.2573E-03   
3.2810E-02   -1.4209E-03   
3.0621E-02   -2.6796E-03   
2.8800E-02   -3.3974E-03   
2.5958E-02   -4.4424E-03   
2.4240E-02   -4.9500E-03   
2.1853E-02   -5.5935E-03   
1.9783E-02   -6.1458E-03   
1.7939E-02   -6.4829E-03   
1.5718E-02   -6.9723E-03   
1.3623E-02   -7.5614E-03   
1.1864E-02   -7.9221E-03   
9.7357E-03   -8.4412E-03   
7.5442E-03   -8.9462E-03   
5.5907E-03   -9.3401E-03   
3.7237E-03   -9.6779E-03   
1.6658E-03   -1.0011E-02   
5.9445E-04   -5.5080E-03   
1.1963E-03   -5.4970E-03   
1.7952E-03   -5.4758E-03   
2.3922E-03   -5.4462E-03   
2.9855E-03   -5.4076E-03   
3.5742E-03   -5.3597E-03   
4.1571E-03   -5.3028E-03   
5.3021E-03   -5.1641E-03   
5.8624E-03   -5.0827E-03   
6.4136E-03   -4.9934E-03   
6.9548E-03   -4.8963E-03   
7.4851E-03   -4.7916E-03   
8.0038E-03   -4.6794E-03   
8.5100E-03   -4.5599E-03   
9.4816E-03   -4.2999E-03   
9.9453E-03   -4.1600E-03   
1.0393E-02   -4.0141E-03   
1.0826E-02   -3.8622E-03   
1.1242E-02   -3.7049E-03   
1.1642E-02   -3.5416E-03   
1.2023E-02   -3.3732E-03   
1.2729E-02   -3.0227E-03   
1.3052E-02   -2.8407E-03   
1.3356E-02   -2.6545E-03   
1.3639E-02   -2.4644E-03   
1.3901E-02   -2.2708E-03   
1.4142E-02   -2.0738E-03   
1.4360E-02   -1.8739E-03   
1.4731E-02   -1.4659E-03   
1.4882E-02   -1.2582E-03   
1.5010E-02   -1.0479E-03   
1.5106E-02   -8.3580E-04   
1.5203E-02   -6.2759E-04   
1.5247E-02   -4.2140E-04   
1.5292E-02   -2.0459E-04   
1.5391E-02   -3.6440E-34   
1.5446E-02   -3.3907E-34   
1.5491E-02   -2.5072E-34   
1.5532E-02   -1.3251E-34   
1.5577E-02   -9.9282E-35   
1.5702E-02   -5.2577E-35   
1.5790E-02   -3.5539E-35   
1.5899E-02   -2.1654E-35   
1.6033E-02   -1.0233E-35   
1.6379E-02   7.2573E-36   
1.6594E-02   1.3962E-35   
1.6839E-02   1.9793E-35   
1.7115E-02   2.5232E-35   
1.7760E-02   3.5504E-35   
1.8131E-02   4.0332E-35   
1.8972E-02   5.0244E-35   
1.9444E-02   5.5603E-35   
2.0490E-02   1.0070E-34   
2.1065E-02   7.5687E-35   
2.2322E-02   1.4260E-34   
2.3722E-02   1.8463E-34   
2.4475E-02   2.0844E-34   
2.6089E-02   2.5120E-34   
2.7841E-02   3.3580E-34   
3.0722E-02   5.0181E-34   
3.2800E-02   5.2535E-34   
3.5000E-02   -4.5228E-34   
3.5000E-02   -4.5228E-34   
3.5000E-02   -4.5228E-34   
3.5000E-02   -4.5228E-34   
3.5000E-02   -4.5228E-34   
3.1001E-02   -2.6562E-03   
2.5240E-02   -5.1501E-03   
2.1323E-02   -6.2742E-03   
1.7542E-02   -7.1777E-03   
1.5097E-02   -7.7357E-03   
1.1577E-02   -8.5541E-03   
9.3579E-03   -9.0825E-03   
6.2560E-03   -9.7951E-03   
4.3435E-03   -1.0174E-02   
2.5414E-03   -1.0440E-02   
8.3305E-04   -1.0578E-02   
6.3982E-34   -1.0308E-02   
8.9835E-34   -9.7579E-03   
8.8041E-34   -9.2496E-03   
1.2824E-33   -9.0146E-03   
1.2946E-33   -8.5831E-03   
7.9298E-34   -8.2037E-03   
7.7147E-34   -8.0327E-03   
7.4183E-34   -7.8740E-03   
6.9230E-34   -7.5908E-03   
6.7129E-34   -7.4656E-03   
6.3569E-34   -7.2456E-03   
6.1961E-34   -7.1499E-03   
6.0267E-34   -7.0629E-03   
5.7391E-34   -6.9127E-03   
5.6176E-34   -6.8482E-03   
5.5095E-34   -6.7898E-03   
5.4156E-34   -6.7368E-03   
5.2737E-34   -6.6431E-03   
5.2261E-34   -6.6004E-03   
5.1957E-34   -6.5591E-03   
5.1841E-34   -6.5177E-03   
5.1923E-34   -6.4750E-03   
5.2679E-34   -6.3788E-03   
5.3310E-34   -6.3215E-03   
5.4191E-34   -6.2553E-03   
5.5366E-34   -6.1782E-03   
5.7210E-34   -6.0879E-03   
9.0171E-34   -5.9783E-03   
9.0901E-34   -5.8504E-03   
7.4614E-34   -5.6812E-03   
6.4085E-03   -4.9388E-03   
9.8924E-03   -3.9238E-03   
1.1197E-02   -3.4110E-03   
7.4531E-03   -4.6819E-03   
1.4198E-02   -1.7616E-03   
4.7874E-03   -5.2610E-03   
1.9759E-03   -5.6027E-03   
1.3380E-02   -2.3206E-03   
1.4964E-02   -1.0115E-03   
1.2375E-02   -2.8737E-03   
8.4627E-03   -4.3961E-03   
1.4629E-02   -1.3875E-03   
8.9524E-03   -4.2441E-03   
4.2355E-03   -5.3500E-03   
1.2002E-02   -3.0555E-03   
1.3675E-02   -2.1347E-03   
1.5334E-02   -2.8288E-04   
7.6082E-04   -5.6667E-03   
3.6788E-03   -5.4290E-03   
1.0339E-02   -3.7564E-03   
1.0770E-02   -3.5849E-03   
1.4426E-02   -1.5747E-03   
2.5501E-03   -5.5555E-03   
1.5096E-02   -8.2044E-04   
1.3774E-03   -5.6431E-03   
3.1175E-03   -5.4977E-03   
1.3948E-02   -1.9484E-03   
1.4809E-02   -1.1996E-03   
5.3344E-03   -5.1626E-03   
1.3065E-02   -2.5060E-03   
1.2730E-02   -2.6906E-03   
7.9630E-03   -4.5423E-03   
5.8751E-03   -5.0550E-03   
6.9351E-03   -4.8142E-03   
9.4298E-03   -4.0867E-03   
1.1608E-02   -3.2347E-03   
4.3990E-04   -6.0274E-03   
4.1839E-04   -6.1266E-03   
4.0295E-04   -6.2105E-03   
3.8871E-04   -6.2819E-03   
3.7766E-04   -6.3430E-03   
3.7089E-04   -6.3961E-03   
3.6717E-04   -6.4436E-03   
3.6560E-04   -6.4873E-03   
3.6577E-04   -6.5289E-03   
1.5449E-02   -1.3632E-04   
3.6752E-04   -6.5699E-03   
1.5489E-02   -1.0759E-04   
3.7079E-04   -6.6117E-03   
1.5530E-02   -8.6839E-05   
3.7555E-04   -6.6554E-03   
1.5579E-02   -7.1386E-05   
3.8171E-04   -6.7021E-03   
1.5640E-02   -6.0675E-05   
3.8916E-04   -6.7528E-03   
1.5719E-02   -5.3671E-05   
3.9785E-04   -6.8084E-03   
1.5818E-02   -4.9755E-05   
4.0765E-04   -6.8699E-03   
1.5940E-02   -4.8342E-05   
4.1852E-04   -6.9379E-03   
1.6087E-02   -4.8858E-05   
4.3044E-04   -7.0130E-03   
1.6261E-02   -5.0846E-05   
4.4289E-04   -7.0959E-03   
1.6463E-02   -5.4134E-05   
4.5563E-04   -7.1870E-03   
1.6695E-02   -5.8457E-05   
4.7000E-04   -7.2874E-03   
1.6957E-02   -6.3476E-05   
4.8655E-04   -7.3975E-03   
1.7249E-02   -6.8929E-05   
5.0395E-04   -7.5177E-03   
1.7574E-02   -7.4164E-05   
5.2164E-04   -7.6484E-03   
1.7927E-02   -8.0175E-05   
5.3949E-04   -7.7897E-03   
1.8311E-02   -8.6690E-05   
5.5692E-04   -7.9413E-03   
1.8726E-02   -9.4279E-05   
5.8048E-04   -8.1030E-03   
1.9177E-02   -1.0114E-04   
6.0834E-04   -8.2773E-03   
1.9665E-02   -1.0611E-04   
6.2318E-04   -8.4653E-03   
2.0189E-02   -1.1080E-04   
6.3858E-04   -8.6649E-03   
2.0752E-02   -1.1545E-04   
6.8380E-04   -8.8791E-03   
2.1357E-02   -1.1756E-04   
7.1042E-04   -9.1135E-03   
2.1983E-02   -1.1502E-04   
7.1518E-04   -9.3610E-03   
2.2633E-02   -1.1902E-04   
7.4269E-04   -9.6190E-03   
2.3331E-02   -1.2047E-04   
7.8642E-04   -9.8967E-03   
7.9555E-03   -4.3906E-03   
1.2399E-02   -2.5724E-03   
1.3735E-02   -1.8410E-03   
5.9053E-03   -5.0007E-03   
1.5299E-02   -4.1462E-04   
1.5979E-03   -5.7486E-03   
1.0298E-02   -3.5035E-03   
1.5047E-02   -8.0260E-04   
2.6965E-03   -5.6332E-03   
4.3188E-03   -5.3655E-03   
3.7837E-03   -5.4658E-03   
1.1612E-02   -2.9457E-03   
8.9399E-03   -4.0485E-03   
1.4503E-02   -1.3149E-03   
1.4709E-02   -1.1432E-03   
9.4125E-03   -3.8713E-03   
1.1184E-02   -3.1303E-03   
1.4015E-02   -1.6636E-03   
1.3432E-02   -2.0207E-03   
6.4258E-03   -4.8600E-03   
4.8516E-03   -5.2541E-03   
9.8220E-04   -5.8075E-03   
6.9413E-03   -4.7108E-03   
9.8602E-03   -3.6886E-03   
1.0743E-02   -3.3155E-03   
1.4271E-02   -1.4883E-03   
1.4890E-02   -9.7263E-04   
7.4519E-03   -4.5541E-03   
1.2763E-02   -2.3867E-03   
3.2425E-03   -5.5553E-03   
5.3809E-03   -5.1323E-03   
1.3108E-02   -2.2027E-03   
1.5182E-02   -6.2682E-04   
2.1439E-03   -5.6978E-03   
1.2015E-02   -2.7596E-03   
8.4528E-03   -4.2220E-03   
4.5843E-04   -5.9084E-03   
8.7657E-04   -6.0469E-03   
8.3681E-04   -6.1436E-03   
8.0106E-04   -6.2208E-03   
7.6834E-04   -6.2869E-03   
7.4800E-04   -6.3430E-03   
7.3702E-04   -6.3921E-03   
7.3188E-04   -6.4366E-03   
1.5401E-02   -1.8541E-04   
7.3078E-04   -6.4783E-03   
7.3299E-04   -6.5188E-03   
1.5405E-02   -2.3598E-04   
7.3828E-04   -6.5596E-03   
1.5437E-02   -1.9359E-04   
7.4657E-04   -6.6019E-03   
1.5480E-02   -1.5723E-04   
7.5772E-04   -6.6467E-03   
1.5534E-02   -1.3183E-04   
7.7150E-04   -6.6952E-03   
1.5603E-02   -1.1493E-04   
7.8738E-04   -6.7482E-03   
1.5692E-02   -1.0443E-04   
8.0756E-04   -6.8062E-03   
1.5803E-02   -9.9452E-05   
8.3148E-04   -6.8704E-03   
1.5939E-02   -9.8899E-05   
8.5418E-04   -6.9421E-03   
1.6100E-02   -1.0168E-04   
8.7524E-04   -7.0213E-03   
1.6291E-02   -1.0695E-04   
8.9758E-04   -7.1078E-03   
1.6511E-02   -1.1472E-04   
9.2390E-04   -7.2030E-03   
1.6760E-02   -1.2446E-04   
9.5510E-04   -7.3077E-03   
1.7041E-02   -1.3550E-04   
9.8986E-04   -7.4227E-03   
1.7356E-02   -1.4539E-04   
1.0260E-03   -7.5484E-03   
1.7696E-02   -1.5329E-04   
1.0620E-03   -7.6846E-03   
1.8051E-02   -1.6745E-04   
1.0915E-03   -7.8312E-03   
1.8441E-02   -1.8028E-04   
1.1131E-03   -7.9845E-03   
1.8866E-02   -1.9853E-04   
1.1812E-03   -8.1429E-03   
1.9337E-02   -2.0968E-04   
1.2419E-03   -8.3231E-03   
1.9846E-02   -2.1700E-04   
1.2414E-03   -8.5194E-03   
2.0389E-02   -2.2775E-04   
1.2973E-03   -8.7139E-03   
2.0993E-02   -2.3523E-04   
1.4791E-03   -8.9339E-03   
2.1643E-02   -2.3483E-04   
1.4246E-03   -9.1976E-03   
2.2239E-02   -2.1795E-04   
1.4501E-03   -9.4453E-03   
2.2878E-02   -2.6121E-04   
1.5239E-03   -9.7045E-03   
2.4066E-02   -1.2697E-04   
1.0298E-02   -3.2614E-03   
1.0771E-02   -3.0578E-03   
8.9621E-03   -3.8547E-03   
1.1220E-02   -2.8667E-03   
8.4779E-03   -4.0420E-03   
3.8910E-03   -5.4746E-03   
4.4103E-03   -5.3537E-03   
4.9276E-03   -5.2212E-03   
5.4426E-03   -5.0780E-03   
5.9554E-03   -4.9244E-03   
3.3629E-03   -5.5853E-03   
6.4661E-03   -4.7615E-03   
7.9826E-03   -4.2289E-03   
1.1652E-02   -2.6775E-03   
6.9748E-03   -4.5904E-03   
7.4811E-03   -4.4124E-03   
2.8188E-03   -5.6865E-03   
1.2063E-02   -2.4860E-03   
1.4358E-02   -1.2498E-03   
1.4590E-02   -1.0899E-03   
1.4794E-02   -9.3460E-04   
1.4099E-02   -1.4137E-03   
2.2762E-03   -5.7721E-03   
1.2454E-02   -2.2963E-03   
1.3815E-02   -1.5812E-03   
1.3177E-02   -1.9292E-03   
1.2826E-02   -2.1106E-03   
1.3507E-02   -1.7531E-03   
1.7655E-03   -5.8259E-03   
1.3294E-03   -5.8659E-03   
1.4970E-02   -7.8053E-04   
1.5126E-02   -6.2392E-04   
1.5260E-02   -4.6375E-04   
9.1235E-04   -5.9481E-03   
1.2611E-03   -6.1328E-03   
1.1825E-03   -6.2093E-03   
1.1364E-03   -6.2704E-03   
1.1122E-03   -6.3216E-03   
1.1004E-03   -6.3667E-03   
1.0963E-03   -6.4082E-03   
1.5366E-02   -2.9444E-04   
1.0977E-03   -6.4480E-03   
1.1038E-03   -6.4876E-03   
1.5298E-02   -3.3542E-04   
1.1145E-03   -6.5283E-03   
1.5339E-02   -2.6335E-04   
1.1294E-03   -6.5712E-03   
1.5385E-02   -2.1782E-04   
1.1485E-03   -6.6174E-03   
1.5445E-02   -1.8738E-04   
1.1701E-03   -6.6677E-03   
1.5524E-02   -1.6808E-04   
1.1991E-03   -6.7217E-03   
1.5625E-02   -1.5653E-04   
1.2455E-03   -6.7795E-03   
1.5750E-02   -1.5301E-04   
1.2814E-03   -6.8479E-03   
1.5897E-02   -1.5560E-04   
1.3026E-03   -6.9254E-03   
1.6076E-02   -1.6175E-04   
1.3313E-03   -7.0084E-03   
1.6288E-02   -1.7109E-04   
1.3624E-03   -7.0994E-03   
1.6524E-02   -1.8497E-04   
1.4039E-03   -7.1979E-03   
1.6790E-02   -2.0180E-04   
1.4595E-03   -7.3059E-03   
1.7098E-02   -2.1777E-04   
1.5162E-03   -7.4261E-03   
1.7450E-02   -2.2944E-04   
1.5709E-03   -7.5583E-03   
1.7784E-02   -2.2949E-04   
1.6168E-03   -7.7032E-03   
1.8110E-02   -2.7311E-04   
1.6321E-03   -7.8596E-03   
1.6012E-03   -8.0066E-03   
1.8739E-03   -8.3688E-03   
1.9968E-02   -3.3701E-04   
2.0887E-03   -9.0368E-03   
2.1783E-03   -9.4886E-03   
2.1227E-02   -3.6276E-04   
2.4876E-02   -1.3616E-04   
1.4874E-02   -7.6145E-04   
1.5045E-02   -6.1880E-04   
1.5202E-02   -4.7382E-04   
9.4387E-03   -3.4913E-03   
9.0245E-03   -3.6572E-03   
3.4860E-03   -5.5908E-03   
2.9471E-03   -5.7155E-03   
5.5210E-03   -5.0037E-03   
4.0034E-03   -5.4594E-03   
6.0255E-03   -4.8301E-03   
4.5120E-03   -5.3183E-03   
8.5400E-03   -3.8578E-03   
1.1301E-02   -2.6310E-03   
5.0171E-03   -5.1667E-03   
1.4198E-02   -1.1934E-03   
1.3912E-02   -1.3518E-03   
6.5305E-03   -4.6473E-03   
7.0360E-03   -4.4568E-03   
1.2913E-02   -1.8605E-03   
1.3268E-02   -1.6846E-03   
1.4459E-02   -1.0392E-03   
2.3860E-03   -5.8284E-03   
1.4684E-02   -8.9836E-04   
8.0429E-03   -4.0598E-03   
1.2536E-02   -2.0441E-03   
7.5413E-03   -4.2604E-03   
1.3602E-02   -1.5154E-03   
1.1727E-02   -2.4306E-03   
1.2140E-02   -2.2347E-03   
1.6222E-03   -6.1138E-03   
1.5354E-03   -6.1808E-03   
1.4936E-03   -6.2339E-03   
1.4723E-03   -6.2792E-03   
1.4632E-03   -6.3201E-03   
1.4625E-03   -6.3587E-03   
1.4686E-03   -6.3968E-03   
1.4806E-03   -6.4356E-03   
1.5313E-02   -3.5782E-04   
1.5164E-02   -3.9176E-04   
1.4981E-03   -6.4764E-03   
1.5199E-02   -3.2403E-04   
1.5213E-03   -6.5202E-03   
1.5251E-02   -2.7464E-04   
1.5486E-03   -6.5677E-03   
1.5318E-02   -2.4346E-04   
1.5802E-03   -6.6187E-03   
1.5407E-02   -2.2515E-04   
1.6239E-03   -6.6716E-03   
1.5527E-02   -2.1310E-04   
1.7438E-03   -6.7217E-03   
1.5658E-02   -2.1486E-04   
1.7257E-03   -6.8095E-03   
1.5816E-02   -2.2226E-04   
1.7611E-03   -6.8893E-03   
1.6024E-02   -2.3203E-04   
1.7962E-03   -6.9790E-03   
1.6254E-02   -2.4477E-04   
1.9020E-03   -7.1706E-03   
2.1606E-03   -7.9000E-03   
1.6782E-02   -2.9382E-04   
1.9983E-03   -7.2795E-03   
2.0714E-03   -7.4090E-03   
2.1999E-03   -7.7119E-03   
1.8544E-02   -2.6955E-04   
1.9501E-02   -3.0965E-04   
2.0071E-02   -4.7392E-04   
1.7141E-02   -3.1453E-04   
2.8820E-03   -9.2617E-03   
2.0716E-02   -4.9067E-04   
2.1823E-03   -8.8484E-03   
1.7955E-02   -3.8478E-04   
2.5919E-03   -8.1987E-03   
1.5116E-02   -4.8616E-04   
1.4934E-02   -6.2599E-04   
1.4768E-02   -7.5218E-04   
1.0559E-02   -2.7914E-03   
1.0386E-02   -3.0145E-03   
1.0951E-02   -2.6046E-03   
8.6558E-03   -3.6695E-03   
1.4313E-02   -9.9816E-04   
3.6320E-03   -5.5683E-03   
1.4576E-02   -8.5147E-04   
3.1023E-03   -5.7132E-03   
2.5519E-03   -5.8473E-03   
4.1379E-03   -5.4182E-03   
5.6167E-03   -4.9129E-03   
5.1209E-03   -5.0940E-03   
8.1403E-03   -3.8848E-03   
4.6312E-03   -5.2615E-03   
6.1167E-03   -4.7211E-03   
1.1391E-02   -2.4025E-03   
1.3021E-02   -1.6361E-03   
1.4024E-02   -1.1499E-03   
6.6197E-03   -4.5204E-03   
1.3379E-02   -1.4668E-03   
1.3713E-02   -1.3053E-03   
1.2642E-02   -1.8150E-03   
7.1253E-03   -4.3128E-03   
7.6326E-03   -4.1003E-03   
1.2242E-02   -2.0032E-03   
1.1824E-02   -2.2000E-03   
1.6059E-03   -5.9874E-03   
1.9273E-03   -6.0809E-03   
1.8770E-03   -6.1323E-03   
1.8470E-03   -6.1764E-03   
1.8319E-03   -6.2159E-03   
1.8281E-03   -6.2527E-03   
1.8333E-03   -6.2886E-03   
1.8458E-03   -6.3251E-03   
1.8650E-03   -6.3635E-03   
1.4961E-02   -4.6488E-04   
1.8913E-03   -6.4045E-03   
1.5026E-02   -3.8001E-04   
1.9243E-03   -6.4488E-03   
1.9592E-03   -6.4979E-03   
1.5083E-02   -3.3286E-04   
1.5153E-02   -3.0556E-04   
1.9839E-03   -6.5540E-03   
1.5244E-02   -2.9477E-04   
2.0966E-03   -6.6948E-03   
1.5487E-02   -2.9676E-04   
2.1814E-03   -6.7508E-03   
1.5956E-02   -3.1429E-04   
1.5714E-02   -3.0244E-04   
2.2525E-03   -6.8355E-03   
2.4945E-03   -7.0963E-03   
1.8257E-03   -7.0756E-03   
2.5750E-03   -7.2346E-03   
2.6715E-03   -7.3711E-03   
2.6928E-03   -8.8839E-03   
2.6536E-03   -8.6782E-03   
2.7767E-03   -7.5220E-03   
1.6754E-02   -4.0472E-04   
1.8374E-02   -3.6317E-04   
1.7570E-02   -4.6709E-04   
1.9409E-02   -4.4406E-04   
1.7146E-02   -4.3033E-04   
1.6495E-02   -2.6881E-04   
2.9094E-03   -7.7036E-03   
2.4778E-03   -8.4643E-03   
2.7284E-03   -7.9564E-03   
2.1386E-02   -5.0346E-04   
2.7543E-03   -9.5084E-03   
2.6079E-03   -9.0818E-03   
2.0176E-02   -6.2184E-04   
1.0065E-02   -2.9327E-03   
1.4993E-02   -5.1877E-04   
1.4434E-02   -8.2607E-04   
3.8129E-03   -5.5151E-03   
1.4140E-02   -9.7460E-04   
3.3105E-03   -5.6738E-03   
2.2889E-03   -5.9430E-03   
8.2746E-03   -3.6997E-03   
5.2388E-03   -5.0061E-03   
4.7570E-03   -5.1900E-03   
4.2896E-03   -5.3571E-03   
1.1053E-02   -2.4127E-03   
5.7314E-03   -4.8083E-03   
1.3148E-02   -1.4358E-03   
6.2302E-03   -4.6000E-03   
1.3503E-02   -1.2744E-03   
1.3833E-02   -1.1216E-03   
1.2768E-02   -1.6084E-03   
6.7343E-03   -4.3832E-03   
7.7545E-03   -3.9325E-03   
1.1505E-02   -2.1940E-03   
1.2365E-02   -1.7925E-03   
7.2431E-03   -4.1602E-03   
1.1943E-02   -1.9881E-03   
2.3138E-03   -5.9720E-03   
2.2676E-03   -6.0169E-03   
9.4063E-03   -3.2137E-03   
2.2295E-03   -6.0591E-03   
8.8185E-03   -3.4589E-03   
2.2046E-03   -6.0972E-03   
2.1953E-03   -6.1319E-03   
2.1983E-03   -6.1650E-03   
2.2108E-03   -6.1985E-03   
2.2315E-03   -6.2337E-03   
2.2604E-03   -6.2715E-03   
2.5855E-03   -6.5820E-03   
1.4785E-02   -4.9623E-04   
2.2978E-03   -6.3123E-03   
2.3426E-03   -6.3577E-03   
1.4830E-02   -4.3641E-04   
2.3879E-03   -6.4120E-03   
1.4880E-02   -3.9865E-04   
1.4942E-02   -3.8044E-04   
1.9941E-03   -6.6089E-03   
1.5368E-02   -3.8434E-04   
2.6976E-03   -6.6645E-03   
2.6909E-03   -6.9251E-03   
1.8133E-02   -5.0192E-04   
1.7092E-02   -5.6453E-04   
1.5907E-02   -4.1862E-04   
3.1861E-03   -7.1687E-03   
1.5602E-02   -3.9769E-04   
3.3325E-03   -7.3022E-03   
2.2697E-03   -6.9412E-03   
3.2466E-03   -8.9576E-03   
3.4488E-03   -7.4543E-03   
1.8760E-02   -4.8936E-04   
3.3391E-03   -8.0047E-03   
3.2311E-03   -8.2456E-03   
1.6371E-02   -3.8050E-04   
3.3306E-03   -8.6938E-03   
3.0713E-03   -7.0440E-03   
1.6703E-02   -5.3110E-04   
2.0836E-02   -6.3784E-04   
1.9558E-02   -5.9695E-04   
1.4512E-02   -6.9712E-04   
1.4240E-02   -8.3180E-04   
1.4749E-02   -6.5135E-04   
3.0712E-03   -5.7586E-03   
4.0160E-03   -5.4416E-03   
1.0691E-02   -2.4444E-03   
4.8878E-03   -5.1068E-03   
1.3945E-02   -9.6838E-04   
4.4155E-03   -5.2929E-03   
5.3722E-03   -4.9059E-03   
1.8660E-03   -5.9965E-03   
5.8654E-03   -4.6926E-03   
7.9086E-03   -3.7579E-03   
1.2910E-02   -1.4233E-03   
1.3627E-02   -1.1109E-03   
1.3282E-02   -1.2616E-03   
1.1177E-02   -2.2135E-03   
6.3666E-03   -4.4690E-03   
1.2508E-02   -1.6014E-03   
6.8743E-03   -4.2378E-03   
7.3885E-03   -4.0004E-03   
1.1639E-02   -1.9968E-03   
1.2083E-02   -1.7931E-03   
8.4511E-03   -3.5063E-03   
2.6829E-03   -5.8852E-03   
2.6341E-03   -5.9252E-03   
2.5865E-03   -5.9652E-03   
2.7507E-03   -5.8363E-03   
2.5663E-03   -5.9982E-03   
9.0174E-03   -3.2466E-03   
9.6060E-03   -2.9764E-03   
2.5648E-03   -6.0281E-03   
1.4717E-02   -5.7818E-04   
1.0172E-02   -2.7033E-03   
2.5764E-03   -6.0577E-03   
2.5984E-03   -6.0889E-03   
2.6705E-03   -6.1596E-03   
1.4576E-02   -5.4961E-04   
2.7251E-03   -6.1993E-03   
2.8010E-03   -6.2422E-03   
1.4594E-02   -5.0693E-04   
1.4640E-02   -4.7727E-04   
2.7427E-03   -6.4415E-03   
2.8353E-03   -6.7590E-03   
1.5198E-02   -4.8962E-04   
1.6348E-02   -5.0241E-04   
3.8315E-03   -7.0655E-03   
2.3736E-03   -6.4898E-03   
1.7507E-02   -6.0719E-04   
3.1053E-03   -6.4824E-03   
1.6604E-02   -6.7272E-04   
3.0151E-03   -6.9360E-03   
3.9484E-03   -8.0465E-03   
3.6452E-03   -6.9556E-03   
3.6054E-03   -7.5722E-03   
1.6051E-02   -4.8836E-04   
1.9043E-02   -5.7878E-04   
1.5436E-02   -5.1521E-04   
3.4760E-03   -7.7644E-03   
3.2450E-03   -8.4690E-03   
1.9610E-02   -7.5589E-04   
2.1446E-02   -6.4109E-04   
3.4045E-03   -9.4121E-03   
4.1547E-03   -8.7169E-03   
1.8550E-02   -4.1923E-04   
1.4039E-02   -8.4788E-04   
4.0362E-03   -5.4233E-03   
8.0941E-03   -3.5780E-03   
4.5567E-03   -5.2149E-03   
5.0378E-03   -5.0109E-03   
1.3738E-02   -9.8024E-04   
5.5239E-03   -4.7952E-03   
1.0842E-02   -2.2586E-03   
1.3065E-02   -1.2611E-03   
1.3421E-02   -1.1154E-03   
6.0205E-03   -4.5674E-03   
1.2668E-02   -1.4297E-03   
7.5603E-03   -3.8351E-03   
6.5263E-03   -4.3300E-03   
1.1330E-02   -2.0295E-03   
7.0401E-03   -4.0853E-03   
1.2243E-02   -1.6151E-03   
1.1796E-02   -1.8156E-03   
3.1073E-03   -5.7621E-03   
2.9776E-03   -5.8227E-03   
1.4552E-02   -6.0915E-04   
2.9434E-03   -5.8537E-03   
9.7857E-03   -2.7683E-03   
8.6507E-03   -3.3118E-03   
1.0328E-02   -2.5056E-03   
2.9363E-03   -5.8792E-03   
2.9444E-03   -5.9045E-03   
9.2193E-03   -3.0404E-03   
2.9665E-03   -5.9309E-03   
3.0004E-03   -5.9596E-03   
3.0443E-03   -5.9918E-03   
1.4702E-02   -4.6661E-04   
3.1036E-03   -6.0260E-03   
2.9022E-03   -6.2976E-03   
3.1891E-03   -6.0594E-03   
1.4277E-02   -6.4102E-04   
1.5926E-02   -6.0147E-04   
1.4318E-02   -5.9261E-04   
3.2411E-03   -6.5503E-03   
3.3072E-03   -6.7546E-03   
1.4991E-02   -4.7551E-04   
3.0488E-03   -6.4113E-03   
1.5671E-02   -5.5896E-04   
4.1805E-03   -6.8539E-03   
4.2198E-03   -7.5266E-03   
3.5096E-03   -6.8453E-03   
3.9972E-03   -7.4005E-03   
1.4979E-02   -6.1913E-04   
1.8447E-02   -6.5852E-04   
4.7056E-03   -7.8214E-03   
1.9026E-02   -7.2000E-04   
3.7930E-03   -8.2682E-03   
1.9633E-02   -9.3093E-04   
4.2605E-03   -9.2660E-03   
2.1030E-02   -8.0502E-04   
2.2046E-02   -5.4319E-04   
4.7427E-03   -8.8987E-03   
1.7858E-02   -6.7178E-04   
1.4127E-02   -7.4847E-04   
3.5533E-03   -5.6022E-03   
4.2813E-03   -5.3126E-03   
4.7342E-03   -5.1172E-03   
7.7560E-03   -3.6668E-03   
5.2068E-03   -4.9038E-03   
1.3551E-02   -1.0038E-03   
1.3247E-02   -1.1145E-03   
5.6953E-03   -4.6754E-03   
3.3230E-03   -5.6937E-03   
1.2852E-02   -1.2730E-03   
1.1018E-02   -2.0829E-03   
6.1973E-03   -4.4344E-03   
7.2277E-03   -3.9285E-03   
1.2424E-02   -1.4526E-03   
6.7092E-03   -4.1845E-03   
1.1506E-02   -1.8575E-03   
1.1974E-02   -1.6476E-03   
3.3187E-03   -5.7039E-03   
8.3030E-03   -3.3968E-03   
9.9764E-03   -2.5792E-03   
1.0507E-02   -2.3241E-03   
3.3179E-03   -5.7189E-03   
9.4240E-03   -2.8475E-03   
3.3167E-03   -5.7408E-03   
3.3369E-03   -5.7618E-03   
8.8625E-03   -3.1220E-03   
1.4372E-02   -6.4992E-04   
3.4805E-03   -5.8401E-03   
3.3723E-03   -5.7844E-03   
1.4363E-02   -5.7148E-04   
3.4202E-03   -5.8103E-03   
1.4986E-02   -3.8520E-04   
3.3165E-03   -6.2447E-03   
3.3036E-03   -6.0924E-03   
3.5053E-03   -6.2879E-03   
3.5642E-03   -5.8687E-03   
1.3982E-02   -7.2446E-04   
1.5210E-02   -6.5676E-04   
1.4766E-02   -5.9510E-04   
3.5658E-03   -6.3699E-03   
4.0983E-03   -6.7336E-03   
4.6236E-03   -7.2410E-03   
1.9031E-02   -8.9397E-04   
1.5459E-02   -7.0267E-04   
3.9288E-03   -6.6278E-03   
1.7364E-02   -7.6498E-04   
4.8492E-03   -7.5514E-03   
1.7811E-02   -8.4122E-04   
4.5671E-03   -8.1229E-03   
3.3994E-03   -6.6053E-03   
2.0292E-02   -9.6364E-04   
1.6240E-02   -6.3687E-04   
2.2745E-02   -4.3445E-04   
5.1934E-03   -8.5332E-03   
3.6481E-03   -5.5689E-03   
1.3817E-02   -8.8159E-04   
4.4693E-03   -5.2190E-03   
4.9238E-03   -5.0113E-03   
5.3974E-03   -4.7870E-03   
7.4357E-03   -3.7695E-03   
1.3515E-02   -9.5435E-04   
3.9137E-03   -5.4626E-03   
1.3065E-02   -1.1253E-03   
7.9736E-03   -3.4972E-03   
5.8905E-03   -4.5463E-03   
1.2624E-02   -1.3043E-03   
6.3984E-03   -4.2934E-03   
6.9141E-03   -4.0337E-03   
1.1214E-02   -1.9178E-03   
1.2173E-02   -1.4927E-03   
1.1702E-02   -1.6967E-03   
3.7457E-03   -5.5339E-03   
9.6393E-03   -2.6674E-03   
1.0706E-02   -2.1544E-03   
1.0181E-02   -2.4047E-03   
1.4819E-02   -4.6450E-04   
3.6955E-03   -5.5686E-03   
8.5256E-03   -3.2194E-03   
3.7113E-03   -5.5835E-03   
9.0837E-03   -2.9410E-03   
1.4013E-02   -6.9283E-04   
3.8583E-03   -5.6425E-03   
3.7469E-03   -5.5992E-03   
3.9385E-03   -5.6679E-03   
3.7963E-03   -5.6185E-03   
4.1370E-03   -6.1185E-03   
1.3905E-02   -7.9170E-04   
1.4413E-02   -5.7072E-04   
3.6732E-03   -5.8961E-03   
1.5426E-02   -2.6879E-04   
4.3595E-03   -6.3690E-03   
1.4584E-02   -5.8329E-04   
1.6085E-02   -7.9230E-04   
1.5745E-02   -7.4821E-04   
1.4955E-02   -8.1570E-04   
1.4719E-02   -7.7102E-04   
1.7109E-02   -9.3973E-04   
1.4505E-02   -7.3707E-04   
3.7673E-03   -6.5529E-03   
4.7988E-03   -6.6083E-03   
3.4206E-03   -6.1216E-03   
3.8663E-03   -6.0807E-03   
4.9793E-03   -6.9543E-03   
1.7976E-02   -9.9414E-04   
4.9735E-03   -7.3211E-03   
3.8525E-03   -6.3907E-03   
1.9641E-02   -1.1204E-03   
4.8019E-03   -8.3584E-03   
2.3620E-02   -2.2870E-04   
5.4674E-03   -7.5603E-03   
2.2696E-02   -5.9787E-04   
1.9025E-02   -1.0824E-03   
1.6992E-02   -7.0927E-04   
5.3620E-03   -7.8215E-03   
4.0414E-03   -5.4061E-03   
4.6818E-03   -5.1125E-03   
5.1333E-03   -4.8971E-03   
7.6623E-03   -3.6102E-03   
1.3295E-02   -9.8408E-04   
5.6077E-03   -4.6625E-03   
7.1369E-03   -3.8813E-03   
1.2830E-02   -1.1725E-03   
6.1098E-03   -4.4089E-03   
6.6215E-03   -4.1469E-03   
1.2391E-02   -1.3511E-03   
9.8659E-03   -2.5000E-03   
1.1426E-02   -1.7651E-03   
1.1922E-02   -1.5469E-03   
1.0917E-02   -1.9992E-03   
4.0439E-03   -5.4089E-03   
1.0398E-02   -2.2434E-03   
1.3675E-02   -8.5088E-04   
8.2055E-03   -3.3311E-03   
9.3158E-03   -2.7704E-03   
4.0899E-03   -5.3993E-03   
8.7593E-03   -3.0493E-03   
4.1279E-03   -5.4050E-03   
4.3181E-03   -5.4557E-03   
4.2389E-03   -5.4346E-03   
1.3662E-02   -8.2767E-04   
4.1759E-03   -5.4174E-03   
1.4046E-02   -6.8352E-04   
1.5178E-02   -3.8758E-04   
4.0291E-03   -5.6977E-03   
1.4317E-02   -7.1494E-04   
1.4428E-02   -9.4340E-04   
3.7259E-03   -6.0479E-03   
1.4420E-02   -5.9747E-04   
1.4209E-02   -9.0151E-04   
1.4665E-02   -9.9732E-04   
4.9173E-03   -6.2662E-03   
1.6481E-02   -8.2932E-04   
1.5525E-02   -9.2153E-04   
3.8411E-03   -5.9172E-03   
1.6419E-02   -1.0184E-03   
5.5088E-03   -7.0152E-03   
4.5473E-03   -6.8877E-03   
5.2161E-03   -6.3058E-03   
4.5400E-03   -6.1321E-03   
1.9002E-02   -1.2857E-03   
2.0280E-02   -1.1575E-03   
5.6851E-03   -7.2462E-03   
5.4104E-03   -8.0547E-03   
2.3287E-02   -4.9749E-04   
5.9736E-03   -7.5756E-03   
4.2391E-03   -5.3175E-03   
4.9210E-03   -4.9941E-03   
7.3729E-03   -3.7311E-03   
5.3367E-03   -4.7865E-03   
1.2986E-02   -1.0841E-03   
7.9026E-03   -3.4544E-03   
5.8349E-03   -4.5326E-03   
6.8570E-03   -4.0011E-03   
1.2616E-02   -1.2287E-03   
1.0102E-02   -2.3466E-03   
6.3439E-03   -4.2689E-03   
9.5601E-03   -2.6110E-03   
4.4926E-03   -5.2012E-03   
1.2178E-02   -1.4078E-03   
1.1130E-02   -1.8636E-03   
1.0623E-02   -2.0986E-03   
4.5317E-03   -5.1964E-03   
9.0051E-03   -2.8882E-03   
8.4494E-03   -3.1714E-03   
1.3674E-02   -8.1128E-04   
1.4168E-02   -7.0379E-04   
4.7018E-03   -5.2338E-03   
4.5650E-03   -5.2072E-03   
4.1683E-03   -5.8749E-03   
4.6235E-03   -5.2186E-03   
1.4084E-02   -6.9353E-04   
4.4070E-03   -5.4836E-03   
5.4990E-03   -6.0486E-03   
1.3884E-02   -1.0877E-03   
4.1024E-03   -5.7360E-03   
1.4102E-02   -1.1392E-03   
1.4011E-02   -8.7138E-04   
1.4932E-02   -1.0613E-03   
5.0176E-03   -6.0873E-03   
6.7363E-03   -7.4052E-03   
5.6370E-03   -6.3348E-03   
1.6764E-02   -1.1406E-03   
1.5910E-02   -9.7294E-04   
2.0270E-02   -1.3549E-03   
4.7545E-03   -5.9258E-03   
6.0758E-03   -7.7553E-03   
1.8391E-02   -1.2432E-03   
2.0932E-02   -1.0080E-03   
6.2134E-03   -6.9214E-03   
5.4226E-03   -6.6177E-03   
5.7081E-03   -6.7373E-03   
1.8963E-02   -1.5062E-03   
1.3301E-02   -9.5295E-04   
7.6194E-03   -3.5861E-03   
7.1028E-03   -3.8590E-03   
5.0132E-03   -4.9496E-03   
1.2031E-02   -1.4545E-03   
1.3734E-02   -8.3371E-04   
5.5651E-03   -4.6681E-03   
9.8166E-03   -2.4640E-03   
1.2876E-02   -1.1104E-03   
1.0348E-02   -2.2083E-03   
1.2417E-02   -1.2944E-03   
6.0760E-03   -4.4013E-03   
9.2647E-03   -2.7370E-03   
8.1547E-03   -3.3053E-03   
8.7065E-03   -3.0200E-03   
4.9709E-03   -4.9877E-03   
1.1291E-02   -1.7750E-03   
1.0854E-02   -1.9723E-03   
5.0875E-03   -5.0061E-03   
5.0129E-03   -4.9977E-03   
4.4769E-03   -5.5334E-03   
4.7937E-03   -5.2559E-03   
1.3693E-02   -8.1504E-04   
5.2351E-03   -5.6808E-03   
1.3838E-02   -8.5233E-04   
1.3533E-02   -1.2956E-03   
5.1688E-03   -5.8668E-03   
1.3679E-02   -1.0500E-03   
1.4333E-02   -1.2058E-03   
1.7761E-02   -1.1948E-03   
1.5264E-02   -1.1266E-03   
5.9440E-03   -6.0526E-03   
4.4721E-03   -5.6448E-03   
4.3309E-03   -5.9092E-03   
1.7415E-02   -1.0582E-03   
1.6118E-02   -1.2614E-03   
6.0799E-03   -6.3246E-03   
6.8426E-03   -7.6556E-03   
7.0525E-03   -7.0517E-03   
5.6844E-03   -5.7993E-03   
1.8443E-02   -1.0395E-03   
1.9628E-02   -1.5265E-03   
2.0910E-02   -1.1933E-03   
2.1521E-02   -8.9331E-04   
6.2247E-03   -6.4520E-03   
6.9174E-03   -6.6954E-03   
1.2199E-02   -1.3820E-03   
6.8382E-03   -4.0004E-03   
7.3441E-03   -3.7307E-03   
1.3297E-02   -9.7082E-04   
1.1130E-02   -1.8444E-03   
1.0615E-02   -2.0798E-03   
1.2576E-02   -1.2293E-03   
7.8705E-03   -3.4520E-03   
1.0087E-02   -2.3294E-03   
9.5400E-03   -2.5963E-03   
6.3406E-03   -4.2661E-03   
8.9792E-03   -2.8776E-03   
8.4189E-03   -3.1653E-03   
5.3481E-03   -4.7871E-03   
5.4024E-03   -4.7777E-03   
5.4707E-03   -4.7783E-03   
5.1826E-03   -5.0198E-03   
4.8802E-03   -5.2955E-03   
5.8126E-03   -4.5474E-03   
1.3293E-02   -9.5228E-04   
1.3134E-02   -1.2189E-03   
1.1676E-02   -1.6014E-03   
1.3324E-02   -1.2510E-03   
5.1941E-03   -5.5634E-03   
4.7648E-03   -5.6529E-03   
6.7151E-03   -6.1379E-03   
1.3749E-02   -1.3541E-03   
4.9438E-03   -5.3634E-03   
1.3283E-02   -1.0254E-03   
6.2881E-03   -5.7321E-03   
1.4575E-02   -1.2949E-03   
5.8589E-03   -5.5265E-03   
1.6490E-02   -1.3298E-03   
1.7267E-02   -1.3898E-03   
1.5683E-02   -1.1886E-03   
2.2155E-02   -8.9022E-04   
7.3180E-03   -6.3685E-03   
6.9923E-03   -6.2533E-03   
7.6151E-03   -7.0792E-03   
1.8988E-02   -1.7270E-03   
7.0519E-03   -7.9019E-03   
2.0232E-02   -1.5551E-03   
2.1568E-02   -1.0468E-03   
1.2478E-02   -1.2799E-03   
7.0663E-03   -3.8933E-03   
6.5753E-03   -4.1551E-03   
1.0909E-02   -1.9574E-03   
1.2896E-02   -1.1084E-03   
1.0378E-02   -2.2043E-03   
7.5883E-03   -3.6157E-03   
9.8349E-03   -2.4653E-03   
8.1369E-03   -3.3265E-03   
9.2722E-03   -2.7438E-03   
5.8435E-03   -4.5578E-03   
8.7011E-03   -3.0339E-03   
5.5698E-03   -4.7798E-03   
1.1983E-02   -1.4855E-03   
1.2751E-02   -1.4359E-03   
6.1689E-03   -4.3712E-03   
5.3720E-03   -5.1004E-03   
5.6857E-03   -4.7919E-03   
5.4669E-03   -5.3195E-03   
1.1445E-02   -1.7165E-03   
1.2963E-02   -1.4673E-03   
1.6578E-02   -1.5077E-03   
1.2848E-02   -1.1548E-03   
1.3175E-02   -1.5140E-03   
5.7804E-03   -5.3530E-03   
1.3948E-02   -1.4356E-03   
1.4942E-02   -1.3729E-03   
1.2954E-02   -1.2053E-03   
7.7878E-03   -6.0272E-03   
6.3683E-03   -5.4877E-03   
7.0770E-03   -5.4875E-03   
1.7049E-02   -1.2662E-03   
2.2380E-02   -1.0846E-03   
7.4850E-03   -5.8985E-03   
1.5428E-02   -1.4336E-03   
1.7127E-02   -1.5905E-03   
1.8344E-02   -1.9823E-03   
7.7795E-03   -6.4526E-03   
7.9270E-03   -6.7081E-03   
1.8125E-02   -1.7404E-03   
2.2636E-02   -7.4463E-04   
2.0913E-02   -1.3836E-03   
6.1083E-03   -8.2734E-03   
6.3602E-03   -6.0797E-03   
6.7694E-03   -4.0806E-03   
6.2850E-03   -4.3340E-03   
1.0691E-02   -2.0883E-03   
1.2332E-02   -1.3731E-03   
1.0150E-02   -2.3446E-03   
7.8494E-03   -3.5091E-03   
5.9423E-03   -4.5467E-03   
9.5859E-03   -2.6199E-03   
5.8011E-03   -4.8266E-03   
8.4226E-03   -3.2095E-03   
5.4410E-03   -5.1822E-03   
9.0048E-03   -2.9110E-03   
1.1229E-02   -1.8429E-03   
6.0774E-03   -4.5362E-03   
1.2360E-02   -1.6738E-03   
1.2774E-02   -1.2233E-03   
1.1760E-02   -1.6096E-03   
1.2568E-02   -1.4110E-03   
1.2661E-02   -1.6645E-03   
1.3397E-02   -1.5716E-03   
8.3322E-03   -5.6592E-03   
6.6038E-03   -5.2157E-03   
7.3489E-03   -5.5631E-03   
6.8318E-03   -5.4210E-03   
1.5767E-02   -1.7360E-03   
2.0812E-02   -1.5732E-03   
8.1175E-03   -7.1414E-03   
6.1278E-03   -5.0549E-03   
7.0941E-03   -5.8283E-03   
1.5208E-02   -1.6903E-03   
1.7687E-02   -1.6104E-03   
2.2894E-02   -8.6038E-04   
2.1735E-02   -1.4143E-03   
1.8579E-02   -2.1803E-03   
8.8507E-03   -6.4338E-03   
6.8919E-03   -8.2705E-03   
1.4660E-02   -1.6478E-03   
5.5336E-03   -8.2446E-03   
1.0483E-02   -2.2347E-03   
1.2434E-02   -1.3900E-03   
1.1023E-02   -1.9827E-03   
9.9243E-03   -2.5043E-03   
8.1387E-03   -3.4070E-03   
6.4411E-03   -4.2956E-03   
5.0130E-03   -5.4337E-03   
5.8923E-03   -4.8963E-03   
1.1557E-02   -1.7420E-03   
6.2404E-03   -4.5364E-03   
1.2150E-02   -1.6466E-03   
7.2936E-03   -3.8033E-03   
8.7371E-03   -3.0978E-03   
7.9727E-03   -5.4937E-03   
7.4362E-03   -5.1879E-03   
1.2775E-02   -1.7483E-03   
7.0310E-03   -5.1888E-03   
5.9622E-03   -4.9942E-03   
6.3606E-03   -5.0706E-03   
6.2895E-03   -5.2205E-03   
7.8901E-03   -5.2205E-03   
8.5616E-03   -5.8484E-03   
1.6351E-02   -1.7973E-03   
2.0101E-02   -1.8004E-03   
1.4978E-02   -1.9625E-03   
1.1634E-02   -1.9364E-03   
1.3893E-02   -1.9052E-03   
1.7049E-02   -1.8678E-03   
8.9884E-03   -6.8649E-03   
7.3941E-03   -7.3572E-03   
1.4442E-02   -1.9225E-03   
1.8325E-02   -1.4635E-03   
9.3241E-03   -6.5131E-03   
8.4651E-03   -6.3559E-03   
1.9410E-02   -2.1094E-03   
1.7722E-02   -2.2754E-03   
1.0830E-02   -2.1329E-03   
1.0302E-02   -2.3873E-03   
1.1962E-02   -1.6265E-03   
6.3782E-03   -4.5815E-03   
1.2007E-02   -1.5436E-03   
1.1363E-02   -1.8876E-03   
9.7220E-03   -2.6750E-03   
6.6418E-03   -4.2578E-03   
8.4665E-03   -3.3052E-03   
9.0903E-03   -2.9890E-03   
8.1343E-03   -4.8952E-03   
7.7042E-03   -4.8954E-03   
6.9815E-03   -4.0158E-03   
6.4419E-03   -4.8111E-03   
6.4327E-03   -4.6907E-03   
6.7677E-03   -4.7759E-03   
7.5516E-03   -3.7158E-03   
1.3117E-02   -1.8061E-03   
1.1218E-02   -2.2289E-03   
1.3696E-02   -2.1729E-03   
6.8761E-03   -4.9176E-03   
1.3241E-02   -1.9829E-03   
9.1895E-03   -6.0876E-03   
1.5513E-02   -2.0210E-03   
9.2175E-03   -5.4557E-03   
7.2447E-03   -6.7846E-03   
9.8757E-03   -6.5592E-03   
1.2260E-02   -2.0426E-03   
1.4200E-02   -2.2028E-03   
8.7222E-03   -5.0427E-03   
9.7001E-03   -6.1613E-03   
8.5777E-03   -7.2400E-03   
1.8004E-02   -2.4666E-03   
2.0319E-02   -2.0418E-03   
1.0682E-02   -2.2666E-03   
1.1174E-02   -2.0439E-03   
7.8583E-03   -3.6222E-03   
6.9242E-03   -4.5347E-03   
8.8314E-03   -3.2073E-03   
7.5880E-03   -4.6046E-03   
6.9267E-03   -4.2146E-03   
1.1465E-02   -2.2873E-03   
7.2489E-03   -3.9442E-03   
7.0371E-03   -4.3161E-03   
1.3620E-02   -1.6070E-03   
9.5011E-03   -2.8799E-03   
1.1654E-02   -1.8231E-03   
7.9832E-03   -4.5912E-03   
1.3448E-02   -2.4568E-03   
8.4085E-03   -4.5850E-03   
1.3272E-02   -2.1595E-03   
6.5569E-03   -7.0049E-03   
1.0607E-02   -6.5572E-03   
1.4704E-02   -2.2541E-03   
7.6746E-03   -7.4905E-03   
9.7131E-03   -4.7663E-03   
9.4606E-03   -5.7013E-03   
1.2474E-02   -2.1633E-03   
1.6063E-02   -2.0983E-03   
9.0874E-03   -7.3528E-03   
9.8880E-03   -5.0345E-03   
1.0099E-02   -5.7815E-03   
9.5766E-03   -6.9315E-03   
1.7110E-02   -2.5895E-03   
8.5663E-03   -4.8816E-03   
2.1282E-02   -1.9499E-03   
8.2070E-03   -3.5248E-03   
8.2749E-03   -4.2728E-03   
1.0233E-02   -2.5218E-03   
7.6011E-03   -3.8438E-03   
1.0699E-02   -2.5484E-03   
8.8487E-03   -4.5935E-03   
7.2945E-03   -4.6054E-03   
1.4407E-02   -2.5615E-03   
9.2095E-03   -3.1271E-03   
8.6916E-03   -4.2641E-03   
7.4427E-03   -4.0185E-03   
1.1682E-02   -2.3911E-03   
1.3921E-02   -2.5024E-03   
1.0923E-02   -2.2363E-03   
7.3890E-03   -4.4172E-03   
1.2644E-02   -2.3126E-03   
8.0031E-03   -6.1599E-03   
9.2577E-03   -4.6514E-03   
1.0114E-02   -5.2494E-03   
1.0502E-02   -5.3880E-03   
1.0706E-02   -5.8893E-03   
1.1572E-02   -6.1517E-03   
1.7425E-02   -2.8192E-03   
8.5020E-03   -7.7648E-03   
1.5718E-02   -2.4103E-03   
2.1940E-02   -1.6628E-03   
8.5669E-03   -3.4417E-03   
7.9663E-03   -3.7460E-03   
9.9671E-03   -2.7869E-03   
8.9807E-03   -3.9406E-03   
1.0894E-02   -2.6454E-03   
1.2888E-02   -2.4567E-03   
1.1893E-02   -2.5160E-03   
9.1441E-03   -4.2608E-03   
1.3636E-02   -2.8151E-03   
1.3166E-02   -2.7598E-03   
1.6266E-02   -2.6821E-03   
1.4907E-02   -2.6399E-03   
1.1414E-02   -5.0825E-03   
1.0760E-02   -4.8551E-03   
7.8515E-03   -4.3145E-03   
1.6551E-02   -2.2152E-03   
1.8779E-02   -2.3465E-03   
1.6512E-02   -3.2386E-03   
1.1615E-02   -5.8338E-03   
1.1599E-02   -6.4770E-03   
1.1739E-02   -5.5025E-03   
1.0118E-02   -4.3375E-03   
9.5295E-03   -7.5186E-03   
2.2196E-02   -1.8619E-03   
8.2999E-03   -3.6888E-03   
1.0606E-02   -2.4600E-03   
7.9948E-03   -4.0748E-03   
9.5012E-03   -3.1023E-03   
1.2788E-02   -3.1396E-03   
1.0068E-02   -2.9371E-03   
8.9189E-03   -3.3869E-03   
1.1104E-02   -2.7649E-03   
9.4254E-03   -3.9239E-03   
1.2236E-02   -2.8163E-03   
9.9341E-03   -3.9137E-03   
1.2406E-02   -2.9880E-03   
1.6877E-02   -2.3829E-03   
1.4126E-02   -2.8735E-03   
1.5455E-02   -2.7407E-03   
1.9440E-02   -2.3872E-03   
1.0586E-02   -4.6323E-03   
1.6174E-02   -2.4836E-03   
1.0541E-02   -4.4049E-03   
1.5609E-02   -2.9900E-03   
8.5907E-03   -3.9219E-03   
1.0567E-02   -3.9024E-03   
1.2030E-02   -5.1372E-03   
1.5653E-02   -3.2586E-03   
1.7445E-02   -3.0793E-03   
1.0895E-02   -5.0531E-03   
1.2403E-02   -5.5002E-03   
1.2313E-02   -6.0840E-03   
8.8556E-03   -7.9036E-03   
8.6199E-03   -3.6854E-03   
1.0196E-02   -3.5650E-03   
9.3437E-03   -3.3057E-03   
1.0344E-02   -3.0157E-03   
1.1225E-02   -4.2632E-03   
9.6832E-03   -3.6053E-03   
1.1886E-02   -3.3563E-03   
1.3464E-02   -3.0833E-03   
1.3161E-02   -5.8621E-03   
1.4910E-02   -3.2968E-03   
7.7095E-03   -3.9808E-03   
1.1082E-02   -4.0191E-03   
1.4586E-02   -2.9601E-03   
1.1365E-02   -2.8737E-03   
1.1580E-02   -3.1978E-03   
1.2373E-02   -4.7598E-03   
8.6279E-03   -8.2240E-03   
1.2688E-02   -5.1797E-03   
1.5599E-02   -3.5185E-03   
1.8055E-02   -2.8588E-03   
1.2110E-02   -2.6476E-03   
7.5071E-03   -4.2063E-03   
9.2497E-03   -3.6675E-03   
1.0738E-02   -3.5528E-03   
9.7841E-03   -3.3666E-03   
1.3797E-02   -3.1962E-03   
1.0996E-02   -3.2183E-03   
1.1352E-02   -3.6838E-03   
9.7480E-03   -3.2265E-03   
1.4986E-02   -3.8509E-03   
9.2158E-03   -3.5263E-03   
1.8820E-02   -2.7424E-03   
1.4863E-02   -3.5900E-03   
1.1705E-02   -4.6887E-03   
1.1220E-02   -3.5378E-03   
1.3750E-02   -5.4702E-03   
7.6541E-03   -8.5818E-03   
1.1655E-02   -2.9475E-03   
1.2291E-02   -4.2526E-03   
1.2983E-02   -3.3951E-03   
1.3349E-02   -3.5917E-03   
1.2809E-02   -4.3523E-03   
1.5255E-02   -4.0839E-03   
1.1755E-02   -3.9532E-03   
1.3402E-02   -5.2405E-03   
1.4062E-02   -5.6437E-03   
1.3187E-02   -3.9586E-03   
1.1966E-02   -4.1062E-03   
1.4893E-02   -5.6161E-03   
1.3351E-02   -4.4625E-03   
1.4967E-02   -3.0526E-03   
1.6298E-02   -3.8834E-03   
1.4290E-02   -4.2458E-03   
1.2455E-02   -3.7643E-03   
1.4086E-02   -3.6194E-03   
1.2963E-02   -4.8297E-03   
1.4472E-02   -4.4921E-03   
1.7100E-02   -3.4256E-03   
1.5776E-02   -5.1737E-03   
1.3736E-02   -4.5774E-03   
1.2649E-02   -3.9338E-03   
1.4434E-02   -4.8129E-03   
1.5253E-02   -4.8003E-03   
1.6307E-02   -4.4411E-03   
1.6686E-02   -4.0629E-03   
1.6014E-02   -4.8306E-03   
7.8592E-04   -1.0200E-02   
1.4346E-02   -5.1105E-03   
1.3526E-02   -6.0570E-03   
2.3580E-02   -8.5247E-04   
1.7730E-03   -8.5574E-03   
2.5725E-02   -1.2713E-04   
2.3120E-02   -1.7707E-03   
1.4278E-03   -1.0317E-02   
6.8335E-03   -8.6024E-03   
1.6114E-02   -5.3679E-03   
2.3977E-02   -4.5401E-04   
2.1822E-03   -1.0228E-02   
7.6751E-03   -7.9547E-03   
3.0990E-03   -1.0100E-02   
4.0354E-03   -9.9600E-03   
4.9702E-03   -9.7926E-03   
5.9347E-03   -9.6010E-03   
2.6548E-02   -1.1632E-04   
6.9195E-03   -9.3901E-03   
7.9527E-03   -9.1474E-03   
2.2521E-02   -1.4443E-03   
9.0178E-03   -8.8963E-03   
2.7396E-02   -1.1212E-04   
1.0099E-02   -8.6330E-03   
1.1212E-02   -8.3589E-03   
1.7243E-02   -3.7175E-03   
1.2468E-02   -8.0314E-03   
2.8288E-02   -1.0397E-04   
1.9629E-02   -1.7034E-03   
1.3472E-02   -7.8783E-03   
1.0065E-02   -6.2680E-03   
5.1978E-03   -9.0899E-03   
2.2684E-02   -1.2590E-03   
1.4641E-02   -7.4995E-03   
1.5953E-02   -7.2311E-03   
2.9209E-02   -9.2055E-05   
1.7177E-02   -6.9560E-03   
1.0650E-02   -7.2671E-03   
1.8536E-02   -6.6222E-03   
1.9595E-02   -6.4675E-03   
3.0162E-02   -7.9972E-05   
2.0822E-02   -6.0798E-03   
2.2208E-02   -5.7523E-03   
2.2948E-03   -9.7182E-03   
2.3506E-02   -5.4007E-03   
3.1262E-02   -7.2294E-05   
2.4308E-02   -2.8319E-04   
1.1380E-02   -6.8429E-03   
2.4913E-02   -4.9573E-03   
2.6256E-02   -4.5586E-03   
2.1569E-02   -2.1162E-03   
3.2485E-02   -3.9205E-05   
1.9671E-02   -2.6064E-03   
1.8114E-02   -3.0698E-03   
2.8899E-02   -3.5724E-03   
3.3800E-02   -5.6704E-04   
3.4042E-02   -5.6516E-04   
3.3911E-02   -1.6094E-04   
3.4012E-02   -6.7250E-05   
3.3832E-02   -3.6029E-04   
9.2837E-03   -8.2778E-03   
3.1855E-02   -2.0680E-03   
2.6584E-03   -9.9075E-03   
2.0337E-02   -2.6539E-03   
1.9155E-02   -2.9689E-03   
4.6757E-03   -9.4088E-03   
1.7947E-02   -3.7038E-03   
6.0376E-03   -8.9322E-03   
2.4215E-02   -7.1762E-04   
1.6928E-02   -4.4988E-03   
2.3757E-02   -1.4921E-03   
6.7020E-03   -8.9484E-03   
1.1926E-02   -6.9734E-03   
4.5995E-03   -9.6426E-03   
1.3184E-02   -6.4944E-03   
6.5402E-03   -9.2495E-03   
2.1357E-02   -2.3743E-03   
2.3123E-02   -5.1915E-03   
1.6821E-02   -6.7421E-03   
8.6500E-03   -8.7137E-03   
1.0962E-02   -7.4679E-03   
1.0830E-02   -8.1769E-03   
1.0571E-02   -7.9084E-03   
2.7811E-02   -2.1852E-04   
1.7282E-02   -5.1327E-03   
2.4700E-02   -4.0605E-04   
2.3407E-02   -1.9343E-03   
2.6172E-02   -2.2640E-04   
3.1126E-02   -1.5604E-04   
1.5354E-02   -5.7951E-03   
1.8960E-02   -6.2129E-03   
2.3059E-02   -9.6137E-04   
2.3384E-02   -1.3072E-03   
1.7321E-02   -3.8931E-03   
1.2596E-02   -6.1959E-03   
3.3222E-02   -1.5690E-05   
2.7629E-02   -4.0684E-03   
1.2811E-02   -7.6437E-03   
2.5224E-02   -4.5550E-03   
3.4082E-02   -3.8311E-04   
3.4237E-02   -3.5258E-05   
3.4186E-02   -9.8887E-05   
3.4120E-02   -2.3151E-04   
2.0962E-02   -5.6868E-03   
1.4730E-02   -7.0920E-03   
2.9626E-02   -1.7264E-04   
3.0085E-02   -2.5971E-03   
3.2627E-02   -1.1434E-04   
3.1701E-02   -1.8890E-03   
3.2414E-02   -8.2946E-04   
3.2779E-02   -1.5966E-04   
3.2615E-02   -3.5711E-04   
3.2211E-02   -1.2909E-03   
2.1177E-02   -2.6848E-03   
1.6559E-02   -6.5146E-03   
2.4475E-02   -5.5703E-04   
2.5314E-02   -4.6685E-04   
2.7312E-02   -3.4820E-04   
2.9674E-03   -9.6485E-03   
1.4994E-02   -6.2228E-03   
1.8962E-02   -3.3708E-03   
1.1523E-02   -7.7802E-03   
2.4372E-02   -8.8143E-04   
2.9109E-02   -2.8443E-04   
2.7186E-02   -3.9567E-03   
8.3529E-03   -8.5518E-03   
1.5662E-02   -6.7044E-03   
1.2460E-02   -7.5088E-03   
1.8690E-02   -6.0277E-03   
1.3893E-02   -6.4850E-03   
2.2193E-02   -5.2174E-03   
1.7992E-02   -4.2961E-03   
1.3661E-02   -7.1883E-03   
2.3110E-02   -2.2278E-03   
2.4063E-02   -1.6742E-03   
1.9926E-02   -5.7554E-03   
1.8150E-02   -4.6398E-03   
3.0143E-02   -2.4192E-04   
1.7639E-02   -5.3873E-03   
2.8209E-02   -3.1534E-04   
1.2974E-02   -6.8700E-03   
2.4087E-02   -1.0953E-03   
1.7610E-02   -6.2768E-03   
1.8677E-02   -3.8048E-03   
2.6272E-02   -3.7358E-04   
2.4367E-02   -1.2370E-03   
3.1077E-02   -1.2638E-03   
3.1592E-02   -2.7456E-04   
3.1401E-02   -5.7574E-04   
3.1776E-02   -1.5961E-04   
2.2062E-02   -2.4045E-03   
2.8391E-02   -3.2779E-03   
3.0351E-02   -2.1528E-03   
3.2555E-02   -2.9605E-04   
3.2280E-02   -1.1057E-03   
3.2313E-02   -5.7379E-04   
3.2180E-02   -6.9351E-04   
1.7289E-02   -6.0660E-03   
1.2990E-02   -7.1390E-03   
2.9442E-02   -3.6687E-04   
2.6200E-02   -4.1607E-03   
1.5028E-02   -6.6301E-03   
1.8430E-02   -4.9141E-03   
1.6918E-02   -5.8664E-03   
2.5050E-02   -1.5632E-03   
2.5911E-02   -5.4042E-04   
2.1255E-02   -5.2712E-03   
2.7753E-02   -4.3328E-04   
3.1290E-02   -7.7419E-04   
3.1689E-02   -3.9769E-04   
2.5313E-02   -1.1423E-03   
2.1006E-02   -3.0205E-03   
2.5259E-02   -8.2331E-04   
1.9875E-02   -3.3906E-03   
3.1014E-02   -1.0181E-03   
2.8790E-02   -2.7089E-03   
2.3955E-02   -2.1971E-03   
2.3459E-02   -4.7335E-03   
1.9024E-02   -4.2049E-03   
1.5909E-02   -6.1449E-03   
1.9447E-02   -5.5722E-03   
2.3312E-02   -2.4325E-03   
3.1058E-02   -2.4482E-04   
2.8154E-02   -3.1335E-03   
3.0528E-02   -1.7056E-03   
2.1486E-02   -4.8323E-03   
2.0187E-02   -4.0356E-03   
2.3151E-02   -2.7155E-03   
2.4919E-02   -2.0435E-03   
2.0207E-02   -5.1148E-03   
1.8009E-02   -5.6104E-03   
2.9761E-02   -4.3693E-04   
2.7485E-02   -3.1953E-03   
2.7833E-02   -5.7242E-04   
2.8889E-02   -5.0235E-04   
1.9103E-02   -5.3653E-03   
2.5907E-02   -8.9669E-04   
2.5982E-02   -6.9104E-04   
2.5676E-02   -1.2923E-03   
1.8855E-02   -4.0193E-03   
1.9482E-02   -4.7166E-03   
2.5444E-02   -1.7130E-03   
2.3769E-02   -4.3345E-03   
2.1912E-02   -3.0305E-03   
2.0826E-02   -3.3700E-03   
2.0090E-02   -4.3615E-03   
2.4174E-02   -2.5533E-03   
2.4820E-02   -2.2961E-03   
2.4401E-02   -4.6395E-03   
2.6047E-02   -1.4305E-03   
1.9835E-02   -4.9180E-03   
3.0620E-02   -3.6415E-04   
2.6816E-02   -7.1757E-04   
2.6261E-02   -1.0572E-03   
2.6109E-02   -3.6937E-03   
2.7525E-02   -7.6400E-04   
2.0768E-02   -3.6491E-03   
2.2599E-02   -3.0692E-03   
2.5043E-02   -2.4785E-03   
2.0495E-02   -4.4965E-03   
2.7267E-02   -9.5617E-04   
2.8099E-02   -2.7324E-03   
2.5876E-02   -1.8027E-03   
2.7034E-02   -1.2904E-03   
2.5618E-02   -4.1621E-03   
2.9320E-02   -5.7069E-04   
2.1426E-02   -3.7014E-03   
2.2549E-02   -3.3374E-03   
3.1002E-02   -4.1951E-04   
2.6737E-02   -1.6759E-03   
2.9883E-02   -6.1654E-04   
2.1584E-02   -4.2258E-03   
2.7462E-02   -1.0903E-03   
2.8818E-02   -7.3287E-04   
2.7400E-02   -1.3921E-03   
2.3525E-02   -3.2702E-03   
2.8037E-02   -8.0543E-04   
2.4668E-02   -2.8685E-03   
2.6335E-02   -2.1845E-03   
2.8199E-02   -1.1016E-03   
2.6772E-02   -2.3415E-03   
2.1964E-02   -4.3895E-03   
2.5577E-02   -2.8059E-03   
2.2327E-02   -3.7377E-03   
2.4427E-02   -3.2238E-03   
2.9062E-02   -8.3335E-04   
3.0871E-02   -5.6133E-04   
2.7509E-02   -2.3215E-03   
2.6527E-02   -2.6982E-03   
2.9345E-02   -9.2484E-04   
2.2730E-02   -3.9715E-03   
2.4009E-02   -3.6479E-03   
2.8848E-02   -1.1139E-03   
2.8601E-02   -2.0622E-03   
2.6439E-02   -3.0089E-03   
3.0340E-02   -7.6055E-04   
2.8810E-02   -1.2605E-03   
2.8538E-02   -2.3376E-03   
3.0790E-02   -7.9351E-04   
2.7469E-02   -2.7618E-03   
2.7767E-02   -1.4889E-03   
2.7104E-02   -1.8031E-03   
2.7591E-02   -1.9022E-03   
2.8810E-02   -1.5964E-03   
